0.011759349607514378,0.00960146874672722,0.029619915671859863,0.35973770340045624,0.8409254840196612,0.4927020770322372,0.6190330443242789,0.19074636575567971,0.42161867410951964,0.013643652542175852,0.4244368649309422,0.18942465921822416,0.42042506258432283,0.008315115867920867,0.4629489169313528,0.008315115867920867,0.41624360011948236,0.42300016945809227,0.186156876874703,0.41689025095991794,0.008315115867920867,0.4136000603902185,0.18722891022906538,0.41088326589120727,0.008315115867920867,0.4787373557503276,0.008315115867920867,0.4181855829934233,0.18981692464022376,0.4227390878150796,0.008315115867920867,0.41760870232874414,0.4634326796218058,0.012657856160065453,0.42058965886899424,0.008315115867920867,0.461263045678396,0.008315115867920867,0.41722941944480496,0.19220525191746773,0.4170041672737044,0.41466174266917044,0.18973795081852754,0.008315115867920867,0.42103726692431204,0.4138525885206752,0.19126136619742015,0.42980768200379954,0.03936333929061328,0.4633768588707065,0.008315115867920867,0.4168063992245919,0.41906288513140144,0.1907789574029857,0.4250516123708063,0.008315115867920867,0.018729727975908744,0.46547531516639135,0.4184586486082012,0.008315115867920867,0.4707614593124473,0.008315115867920867,0.4178311899284779,0.19250482627408602,0.4165519750876536,0.008315115867920867,0.4243632677248766,0.19440063785059405,0.41369340666949306,0.42046794555974215,0.19263225042621557,0.008315115867920867,0.435723604246249,0.4171915594215338,0.19216827810601708,0.43133503935375606,0.008315115867920867,0.4119053564418517,0.18972566307030042,0.008315115867920867,0.43806871238538464,0.011607609700162768,0.008315115867920867,0.008315115867920867,0.4613053672077975,0.008315115867920867,0.008315115867920867,0.008315115867920867,0.4246584195812076,0.015484765726203534,0.015520502596001193,0.18926694062137192,0.41619757902016286,0.008315115867920867,0.012463786935752674,0.41559976832471673,0.008315115867920867,0.008315115867920867,0.008315115867920867,0.45602742066144203,0.008315115867920867,0.008315115867920867,0.008315115867920867,0.4161931161498021,0.008315115867920867,0.19124627291102364,0.008315115867920867,0.3731533479914387,0.008315115867920867,0.012445994241895665,0.3678219982965046,0.008315115867920867,0.1924494485384455,0.008315115867920867,0.4245502617975843,0.01162668550231537,0.008315115867920867,0.008315115867920867,0.4266868887083063,0.19083714303905044,0.008315115867920867,0.43284442874340584,0.008315115867920867,0.008315115867920867,0.008315115867920867
0.00960146874672722,0.006789263715593733,0.02883132532393815,0.3596741700675005,0.8409061051773195,0.49265669704205267,0.6189986543350328,0.19062558178015965,0.42156487779173185,0.011834490026096734,0.42438344940647943,0.189303029725027,0.4203711035924904,0.00480073453798888,0.46290028779602277,0.00480073453798888,0.4161890645685526,0.4229465603814686,0.1860331055370193,0.41683580525967834,0.00480073453798888,0.4135451548629636,0.18710584976590455,0.41082797560784906,0.00480073453798888,0.4786904933111899,0.00480073453798888,0.4181313165157121,0.18969554731084554,0.4226854434376537,0.00480073453798888,0.41755435615859093,0.46338410614978714,0.010683034302915466,0.42053572235931264,0.00480073453798888,0.46121422177258453,0.00480073453798888,0.4171750207698739,0.1920853877547223,0.41694973737559277,0.41460698624657655,0.18961652280522046,0.00480073453798888,0.4209833914726143,0.41379771852224173,0.1911409085218917,0.42975497968431337,0.03877342430655759,0.46332827898089474,0.00480073453798888,0.41675194188766734,0.4190087394650337,0.19065819412932,0.42499827930392364,0.00480073453798888,0.017455904769707833,0.46542697562525687,0.4184044197831079,0.00480073453798888,0.47071371704692694,0.00480073453798888,0.4177768745173014,0.19238514926992684,0.41649748241642587,0.00480073453798888,0.424309842314172,0.19428213191890706,0.41363851427997644,0.42041399242681937,0.19251265285417832,0.00480073453798888,0.4356716692050591,0.4171371555008064,0.19204839080362163,0.4312825369346966,0.00480073453798888,0.4118502114528935,0.18960422716715775,0.00480073453798888,0.4380170763637971,0.00941501472577961,0.00480073453798888,0.00480073453798888,0.46125654820651174,0.00480073453798888,0.00480073453798888,0.00480073453798888,0.4246050337992743,0.013917035215735597,0.013956786905648867,0.18914520944661636,0.4161430370650115,0.00480073453798888,0.010452362615002982,0.41554514306178125,0.00480073453798888,0.00480073453798888,0.00480073453798888,0.4559779839234129,0.00480073453798888,0.00480073453798888,0.00480073453798888,0.41613857357353645,0.00480073453798888,0.19112580569743326,0.00480073453798888,0.3730921815158786,0.00480073453798888,0.010431139516641224,0.36775991080049536,0.00480073453798888,0.19232973698089478,0.00480073453798888,0.42449686149955107,0.009438522916633765,0.00480073453798888,0.00480073453798888,0.42663377394035684,0.19071641670672781,0.00480073453798888,0.4327921226288723,0.00480073453798888,0.00480073453798888,0.00480073453798888
0.029619915671859863,0.02883132532393815,0.040204427944202765,0.36075479529646665,0.8412360148812131,0.49342904307269003,0.6195840913355724,0.19267260809813613,0.4224802295121504,0.03041720462173349,0.42529233370688535,0.1913642415565366,0.421289218094494,0.028428828276089516,0.4637278565344269,0.028428828276089516,0.4171169706714182,0.4238587320200993,0.18813023834460468,0.417762185486972,0.028428828276089516,0.4144793438647866,0.18919106260807256,0.4117686982104155,0.028428828276089516,0.4794880373879555,0.028428828276089516,0.41905465307665457,0.19175252882315755,0.42359821462612035,0.028428828276089516,0.4184790461129875,0.46421072898396437,0.029987971177470183,0.42145345503781173,0.028428828276089516,0.4620451002642419,0.028428828276089516,0.4181006023907607,0.1941169787162323,0.4178758492440297,0.4155386432011953,0.19167435461630786,0.028428828276089516,0.4219000871736015,0.4147313041890703,0.1931824596082642,0.4306517501126568,0.0478385651505552,0.4641550108749373,0.028428828276089516,0.41767851973407044,0.4199300242986006,0.192704873088536,0.425905763102289,0.028428828276089516,0.03301302341081891,0.46624962313840007,0.41932711689633323,0.028428828276089516,0.47152621428021946,0.028428828276089516,0.4187010421024612,0.19441359909969877,0.41742466032329867,0.028428828276089516,0.4252188945267335,0.19629092406502738,0.4145724801827297,0.42133200742467686,0.19453976951009716,0.028428828276089516,0.43655540623984496,0.4180628262085462,0.19408037011400078,0.43217591185624066,0.028428828276089516,0.4127884668240794,0.19166219134100204,0.028428828276089516,0.4388957337941319,0.029560001786555917,0.028428828276089516,0.028428828276089516,0.46208734335592694,0.028428828276089516,0.028428828276089516,0.028428828276089516,0.42551341293874073,0.03128633933059253,0.03130404222339428,0.1912081270203287,0.4170710519259832,0.028428828276089516,0.029906572515123846,0.4164745726692149,0.028428828276089516,0.028428828276089516,0.028428828276089516,0.4568192758916571,0.028428828276089516,0.028428828276089516,0.028428828276089516,0.4170665989824256,0.028428828276089516,0.19316751683630903,0.028428828276089516,0.37413265090898,0.028428828276089516,0.02989916164767903,0.36881600760221545,0.028428828276089516,0.194358766740131,0.028428828276089516,0.42540548718742677,0.029567497662222976,0.028428828276089516,0.028428828276089516,0.4275375499740355,0.1927624758185015,0.028428828276089516,0.4336821630498778,0.028428828276089516,0.028428828276089516,0.028428828276089516
0.35973770340045624,0.3596741700675005,0.36075479529646665,0.5064704759659826,0.89029552588475,0.6050830862291838,0.7066769622873857,0.40653089904426476,0.550895534165259,0.35980366804548836,0.5529865850695627,0.4059205122706848,0.5500115017573116,0.35964239904899886,0.5820596821958968,0.35964239904899886,0.5469222070269657,0.5519199173812603,0.40442556948751684,0.5473991732303402,0.35964239904899886,0.5449753640246061,0.4049137683312121,0.5429796757968904,0.35964239904899886,0.5942216413335146,0.35964239904899886,0.5483554693569332,0.40610132408777283,0.5517262264509426,0.35964239904899886,0.5479294371396694,0.5824303702515079,0.35976793874846963,0.5501333505663372,0.35964239904899886,0.5807688638953559,0.35964239904899886,0.5476494574018135,0.4072084441544883,0.5474832271854703,0.545756658362617,0.4060648983832155,0.35964239904899886,0.5504648025370543,0.5451611285926143,0.4067696236780977,0.5569861773160522,0.3616772180222307,0.5823875905452837,0.35964239904899886,0.5473373083521654,0.549003802563248,0.40654599191484986,0.5534434204971883,0.35964239904899886,0.3600304787875529,0.5839969574694824,0.5485572106046744,0.35964239904899886,0.5880614788947388,0.35964239904899886,0.5480937194420479,0.40734806683970914,0.5471496267392602,0.35964239904899886,0.5529319097960347,0.4082355218948265,0.545044026146199,0.5500432457827779,0.40740750619154537,0.35964239904899886,0.5614132526620651,0.5476215152515304,0.40719122337507974,0.558127010028596,0.35964239904899886,0.5437298661570815,0.40605923186655446,0.35964239904899886,0.5631742820727204,0.3597328166329131,0.35964239904899886,0.35964239904899886,0.580801249109821,0.35964239904899886,0.35964239904899886,0.35964239904899886,0.5531511994432294,0.3598775580296696,0.3598790845168417,0.4058478948343174,0.5468882731225733,0.35964239904899886,0.3597612200093047,0.5464476074508189,0.35964239904899886,0.35964239904899886,0.35964239904899886,0.5767701246025059,0.35964239904899886,0.35964239904899886,0.35964239904899886,0.5468849824791028,0.35964239904899886,0.4067626202246704,0.35964239904899886,0.5158388755168727,0.35964239904899886,0.3597606092084025,0.5120969300638387,0.35964239904899886,0.40732224431034453,0.35964239904899886,0.5530708344988563,0.35973342748261006,0.35964239904899886,0.35964239904899886,0.5546598538068204,0.4065729420656476,0.35964239904899886,0.5592558910601589,0.35964239904899886,0.35964239904899886,0.35964239904899886
0.8409254840196612,0.8409061051773195,0.8412360148812131,0.89029552588475,1.0,0.9260528415164692,0.9612844255935439,0.8557563941738153,0.9063677630858417,0.840945606784174,0.9071284260469972,0.8555562658908976,0.9060462319904737,0.8408964152537145,0.9177074049033789,0.8408964152537145,0.9049229164943157,0.9067403823194651,0.8550668060847931,0.9050963170250523,0.8408964152537145,0.9042152765890025,0.8552265395509487,0.9034901216078483,0.8408964152537145,0.9221225122674819,0.8408964152537145,0.9054440135549667,0.855615531939278,0.9066699240278933,0.8408964152537145,0.9052891080786238,0.9178421371419149,0.8409347071327119,0.906090547531046,0.8408964152537145,0.9172381740438369,0.8408964152537145,0.9051873124224082,0.8559787317935372,0.9051268760113717,0.9044992356393265,0.8556035912635461,0.8408964152537145,0.9062110975834775,0.9042827888504292,0.8558347093033276,0.9085837706598937,0.8415181274295855,0.9178265886304623,0.8408964152537145,0.9050738254269454,0.9056797651763764,0.8557613447508593,0.9072946311512438,0.8408964152537145,0.8410148143393688,0.9184114421254381,0.9055173699463663,0.8408964152537145,0.9198877115962846,0.8408964152537145,0.9053488400904651,0.8560245740061987,0.9050055931448554,0.8408964152537145,0.9071085346734347,0.8563161488263195,0.9042402301631514,0.9060577770013247,0.8560440922504015,0.8408964152537145,0.9101950852249799,0.9051771533777526,0.8559730782937748,0.9089989655002537,0.8408964152537145,0.9037626814725115,0.8556017337801666,0.8408964152537145,0.9108361073061704,0.8409239933870452,0.8408964152537145,0.8408964152537145,0.9172499476945268,0.8408964152537145,0.8408964152537145,0.8408964152537145,0.9071883149311482,0.8409681500176177,0.8409686157677889,0.8555324675492152,0.9049105803316021,0.8408964152537145,0.8409326575782596,0.9047503887035693,0.8408964152537145,0.8408964152537145,0.8408964152537145,0.9157840200220237,0.8408964152537145,0.8408964152537145,0.8408964152537145,0.9049093840708081,0.8408964152537145,0.8558324114228603,0.8408964152537145,0.8936647221986866,0.8408964152537145,0.8409324712543845,0.8923173011537594,0.8408964152537145,0.8560160950769222,0.8408964152537145,0.9071590769825522,0.8409241797165556,0.8408964152537145,0.8408964152537145,0.9077372259438521,0.855770184853318,0.8408964152537145,0.9094098354500535,0.8408964152537145,0.8408964152537145,0.8408964152537145
0.4927020770322372,0.49265669704205267,0.49342904307269003,0.6050830862291838,0.9260528415164692,0.686196669202826,0.7719150625589888,0.5270271343898344,0.6412550475441027,0.4927491974298332,0.6429742746007618,0.5265686537553262,0.6405286207891592,0.49263400528317813,0.667009321703657,0.49263400528317813,0.6379920249883844,0.6420971086898354,0.5254468648309693,0.6383834599892666,0.49263400528317813,0.63639505533797,0.5258130302426411,0.6347592958304474,0.49263400528317813,0.6771296665904676,0.49263400528317813,0.6391684886693634,0.5267044398759881,0.6419378662742247,0.49263400528317813,0.6388187205199285,0.6673172484588292,0.49272367451047017,0.6406287317801144,0.49263400528317813,0.6659373232499337,0.49263400528317813,0.6385888914559238,0.5275363659057265,0.6384524486459621,0.6370357938288798,0.5266770830377132,0.49263400528317813,0.6409010763276678,0.636547382703745,0.5272065191125045,0.6462664118417883,0.49408913482801103,0.6672817100311528,0.49263400528317813,0.6383326848226077,0.6397008742743617,0.5270384744336493,0.6433500571013337,0.49263400528317813,0.4929112441755707,0.6686189768530296,0.6393341363237007,0.49263400528317813,0.6719991475707435,0.49263400528317813,0.6389535877913011,0.5276413439002956,0.6381786539399001,0.49263400528317813,0.6429293042633166,0.5283089120873186,0.6364513571285377,0.6405547012335905,0.5276860386521742,0.49263400528317813,0.6499160142037663,0.6385659557459245,0.5275234190765711,0.6472063380935074,0.49263400528317813,0.6353740342681535,0.5266728273911525,0.49263400528317813,0.6513693736460648,0.49269858643071995,0.49263400528317813,0.49263400528317813,0.6659642133437805,0.49263400528317813,0.49263400528317813,0.49263400528317813,0.6431096752601959,0.49280198370629874,0.4928030742647745,0.5265141259642323,0.6379641790038166,0.49263400528317813,0.4927188751629092,0.6376026046204193,0.49263400528317813,0.49263400528317813,0.49263400528317813,0.6626191613827838,0.49263400528317813,0.49263400528317813,0.49263400528317813,0.637961478738625,0.49263400528317813,0.527201255942317,0.49263400528317813,0.6126504704257996,0.49263400528317813,0.4927184388559773,0.6096237004356334,0.49263400528317813,0.5276219277091093,0.49263400528317813,0.6430435714447756,0.49269902275743116,0.49263400528317813,0.49263400528317813,0.6443509799512408,0.5270587238546557,0.49263400528317813,0.64813679922386,0.49263400528317813,0.49263400528317813,0.49263400528317813
0.6190330443242789,0.6189986543350328,0.6195840913355724,0.7066769622873857,0.9612844255935439,0.7719150625589888,0.8413099319988756,0.6453132887445387,0.7356461779565155,0.6190687542878482,0.7370289178469552,0.6449589565756617,0.7350620665856232,0.6189814583773753,0.7564029724194564,0.6189814583773753,0.7330230807175635,0.7363233734083101,0.6440923470535904,0.7333376591020181,0.6189814583773753,0.7317399303704218,0.6443751634791608,0.7304260536481647,0.6189814583773753,0.7645807854960993,0.6189814583773753,0.7339686257879743,0.6450638887961436,0.7361953002937198,0.6189814583773753,0.733687487353029,0.7566516434620748,0.6190494117345744,0.7351425597204742,0.6189814583773753,0.7555373428738127,0.6189814583773753,0.7335027649558703,0.6457069411709326,0.7333931047159076,0.7322547071895772,0.6450427475041098,0.6189814583773753,0.7353615433734059,0.7318623057795298,0.6454519471895199,0.7396779790771618,0.620084667567193,0.7566229433359216,0.6189814583773753,0.7332968520148552,0.7343965872722701,0.645322053843888,0.7373312131137213,0.6189814583773753,0.6191915688164329,0.7577029852304705,0.7341017778001051,0.6189814583773753,0.7604337928174382,0.6189814583773753,0.7337958893161154,0.6457881053432318,0.7331730627393868,0.6189814583773753,0.7369927432679774,0.6463043404831454,0.7317851611535939,0.7350830361253646,0.6458226626012201,0.6189814583773753,0.7426165447138868,0.7334843311202245,0.6456969315787323,0.7404345994060119,0.6189814583773753,0.7309197717271536,0.6450394587785362,0.6189814583773753,0.7437872780972836,0.6190303990316546,0.6189814583773753,0.6189814583773753,0.7555590548711558,0.6189814583773753,0.6189814583773753,0.6189814583773753,0.7371378373394971,0.6191087593850081,0.6191095858999728,0.6449168208894566,0.7330007031287552,0.6189814583773753,0.6190457745825491,0.7327101462781721,0.6189814583773753,0.6189814583773753,0.6189814583773753,0.752858760802307,0.6189814583773753,0.6189814583773753,0.6189814583773753,0.7329985331485184,0.6189814583773753,0.6454478787513712,0.6189814583773753,0.7127158885416014,0.6189814583773753,0.6190454439309409,0.7102989497746498,0.6189814583773753,0.6457730933053145,0.6189814583773753,0.7370846615148742,0.6190307296940634,0.6189814583773753,0.6189814583773753,0.7381365028581279,0.6453377054261554,0.6189814583773753,0.7411837272734865,0.6189814583773753,0.6189814583773753,0.6189814583773753
0.19074636575567971,0.19062558178015965,0.19267260809813613,0.40653089904426476,0.8557563941738153,0.5270271343898344,0.6453132887445387,0.2694109381480055,0.4618595133417988,0.19087171415762277,0.4644149757677796,0.2684786169313769,0.4607779930156533,0.1905651610084492,0.49958443752312737,0.1905651610084492,0.4569931062491036,0.46311188133661013,0.2661875755915831,0.4575780273342981,0.1905651610084492,0.45460346755007064,0.26693695583944643,0.45215023411483796,0.1905651610084492,0.5141206456843583,0.1905651610084492,0.4587501489354921,0.26875498014612825,0.46287515307053945,0.1905651610084492,0.45822806771390956,0.500028895672858,0.19080382735538662,0.46092710308835133,0.1905651610084492,0.4980360190044492,0.1905651610084492,0.4578848775434981,0.27044375822338207,0.45768108440862676,0.4555628795171399,0.2686993176507357,0.1905651610084492,0.46133264460592743,0.4548316333045225,0.2697750880758006,0.4692924343897244,0.19440780788356282,0.4999776071025343,0.1905651610084492,0.4575021718121344,0.4595443366767121,0.26943396881185455,0.46497276870165877,0.1905651610084492,0.19130226063631212,0.501906242904288,0.45899731591671705,0.1905651610084492,0.5067695897368482,0.1905651610084492,0.45842940680654654,0.27065632310508797,0.45727202508845227,0.1905651610084492,0.4643482056140944,0.27200527094149163,0.4546878056738044,0.46081684040309956,0.2707467871396863,0.1905651610084492,0.4746757344639196,0.4578506230717439,0.2704175345376667,0.47068121184175055,0.1905651610084492,0.4530728547402291,0.26869065801471237,0.1905651610084492,0.47681275266776785,0.19073707740327367,0.1905651610084492,0.1905651610084492,0.49807488080209095,0.1905651610084492,0.1905651610084492,0.1905651610084492,0.4646159894511294,0.19101205283123146,0.19101495130059673,0.2683675799198462,0.45695148399407015,0.1905651610084492,0.19079105961052267,0.4564108822156167,0.1905651610084492,0.1905651610084492,0.1905651610084492,0.4932320955696163,0.1905651610084492,0.1905651610084492,0.1905651610084492,0.4569474477390749,0.1905651610084492,0.26976440888672376,0.1905651610084492,0.4183835647579244,0.1905651610084492,0.19078989886396133,0.41366272150127603,0.1905651610084492,0.27061701719314385,0.1905651610084492,0.4645178572289309,0.1907382384721268,0.1905651610084492,0.1905651610084492,0.46645715525709064,0.269475090153511,0.1905651610084492,0.4720543870931022,0.1905651610084492,0.1905651610084492,0.1905651610084492
0.42161867410951964,0.42156487779173185,0.4224802295121504,0.550895534165259,0.9063677630858417,0.6412550475441027,0.7356461779565155,0.4618595133417988,0.5913820991350095,0.4216745317789264,0.5932977182622888,0.4613273815202797,0.5905724778866064,0.42153797689045347,0.6200099261148277,0.42153797689045347,0.5877443707176386,0.5923204392955969,0.46002483017786816,0.5881808932649273,0.42153797689045347,0.585963059579619,0.4604500857204375,0.5841378176172601,0.42153797689045347,0.6312234400100741,0.42153797689045347,0.5890562320013645,0.461484994275009,0.5921430025292779,0.42153797689045347,0.588666245058813,0.6203513885092901,0.4216442765197204,0.5906840617150911,0.42153797689045347,0.6188210391209766,0.42153797689045347,0.588409972291429,0.4624503950750403,0.5882578244804165,0.5866778361772083,0.4614532409515911,0.42153797689045347,0.5909876050227708,0.5861329978667921,0.4620676790434644,0.5969639835752961,0.42326214606866036,0.6203119805767856,0.42153797689045347,0.588124271681423,0.5896497775913988,0.4618726734075514,0.5937163339578748,0.42153797689045347,0.42186661166692024,0.6217946895222347,0.589240916529892,0.42153797689045347,0.6255410247640663,0.42153797689045347,0.5888166238670948,0.46257218520081156,0.5879525012942286,0.42153797689045347,0.593247619790175,0.46334650405997546,0.5860258712290036,0.5906015474140339,0.4626240357008418,0.42153797689045347,0.6010254327977597,0.5883843969287156,0.4624353743488289,0.5980102659603088,0.42153797689045347,0.5848238452292615,0.46144830134301723,0.42153797689045347,0.6026419709407282,0.42161453619080913,0.42153797689045347,0.42153797689045347,0.6188508639184387,0.42153797689045347,0.42153797689045347,0.42153797689045347,0.5934485562745846,0.42173710369693884,0.4217383964009037,0.46126408553349635,0.5877133158435042,0.42153797689045347,0.4216385872383331,0.5873100572543567,0.42153797689045347,0.42153797689045347,0.42153797689045347,0.6151396760743677,0.42153797689045347,0.42153797689045347,0.42153797689045347,0.5877103043974716,0.42153797689045347,0.4620615717213175,0.42153797689045347,0.5593969953622907,0.42153797689045347,0.42163807002687975,0.5559987948749768,0.42153797689045347,0.46254966003977227,0.42153797689045347,0.5933749163465384,0.42161505343301364,0.42153797689045347,0.42153797689045347,0.5948311839036339,0.4618961725627515,0.42153797689045347,0.5990458141847681,0.42153797689045347,0.42153797689045347,0.42153797689045347
0.013643652542175852,0.011834490026096734,0.03041720462173349,0.35980366804548836,0.840945606784174,0.4927491974298332,0.6190687542878482,0.19087171415762277,0.4216745317789264,0.015297588221654914,0.4244923273079675,0.18955088395104186,0.42048108912107107,0.010817028408449234,0.46299941049222104,0.010817028408449234,0.4163002251627435,0.4230558327572293,0.18628532139985587,0.416946782732548,0.010817028408449234,0.41365706949072073,0.1873566180261042,0.4109406743889933,0.010817028408449234,0.4787860151985667,0.010817028408449234,0.4182419287215002,0.18994288802211176,0.42279478775911766,0.010817028408449234,0.41766513078278134,0.4634831153959194,0.01442526511394618,0.4206456620676794,0.010817028408449234,0.4613137414395135,0.010817028408449234,0.4172859024021765,0.19232964695895313,0.41706068264272506,0.4147185969904952,0.18986396673108816,0.010817028408449234,0.42109320674045175,0.4139095607402568,0.19138637640166867,0.42986240401406706,0.039966728322804984,0.4634273013074416,0.010817028408449234,0.41686294307683486,0.41911910544923014,0.1909042843483421,0.42510698915031636,0.010817028408449234,0.019966713768382313,0.46552550808516263,0.4185149552503679,0.010817028408449234,0.47081103216616926,0.010817028408449234,0.4178875864526998,0.19262902732746187,0.4166085556191201,0.010817028408449234,0.4244187403645995,0.19452362507228504,0.41375040213228365,0.42052396601452857,0.19275636914859307,0.010817028408449234,0.4357775297486858,0.4172480478243769,0.19229269713145616,0.4313895538492075,0.010817028408449234,0.4119626141165971,0.18985168716016354,0.010817028408449234,0.43812232747470226,0.013513088273171015,0.010817028408449234,0.010817028408449234,0.46135605787730655,0.010817028408449234,0.010817028408449234,0.010817028408449234,0.42471385108313753,0.016960097877224908,0.01699273230348431,0.18939327073971596,0.41625421071140195,0.010817028408449234,0.014255277483437861,0.41565648649452286,0.010817028408449234,0.010817028408449234,0.010817028408449234,0.45607875262861713,0.010817028408449234,0.010817028408449234,0.010817028408449234,0.41624974848579593,0.010817028408449234,0.19137129300116745,0.010817028408449234,0.373216855994753,0.010817028408449234,0.014239723436638926,0.3678864622698026,0.010817028408449234,0.19257368540617115,0.010817028408449234,0.4246057083683753,0.013529477714311618,0.010817028408449234,0.010817028408449234,0.4267420388756979,0.1909624316962427,0.010817028408449234,0.4328987394563396,0.010817028408449234,0.010817028408449234,0.010817028408449234
0.4244368649309422,0.42438344940647943,0.42529233370688535,0.5529865850695627,0.9071284260469972,0.6429742746007618,0.7370289178469552,0.4644149757677796,0.5932977182622888,0.4244923273079675,0.595205435489567,0.46388605676989336,0.5924914464811425,0.4243567389539188,0.6218106058953428,0.4243567389539188,0.5896750857156421,0.5942321837321816,0.4625913966459761,0.5901097904518249,0.4243567389539188,0.5879012106236339,0.46301407166249375,0.5860836186130218,0.4243567389539188,0.6329807634176275,0.4243567389539188,0.5909814892440712,0.46404271725308677,0.594055479057737,0.4243567389539188,0.5905931231345335,0.6221507352848987,0.42446228614690257,0.5926025683305367,0.4243567389539188,0.6206263665659747,0.4243567389539188,0.5903379162198916,0.4650022973852105,0.5901864014828517,0.5886129998895228,0.4640111557334377,0.4243567389539188,0.5929048554724354,0.5880704382438261,0.46462188636313995,0.5988566668774115,0.42606874545665074,0.6221114811513663,0.4243567389539188,0.5900534045594273,0.5915725706292695,0.46442805645805496,0.5956223287038609,0.4243567389539188,0.4246830486043805,0.6235884110124612,0.5911654066822393,0.4243567389539188,0.6273202124213575,0.4243567389539188,0.5907428767868075,0.4651233546820108,0.5898823493568734,0.4243567389539188,0.5951555432609269,0.46589302205882654,0.587963759569049,0.5925203956442481,0.4651748932901898,0.4243567389539188,0.6029015954074409,0.5903124472593263,0.4649873670637781,0.599898680036626,0.4243567389539188,0.5867667672974729,0.4640062459642629,0.4243567389539188,0.6045115961629905,0.4244327562990992,0.4243567389539188,0.4243567389539188,0.6206560746471401,0.4243567389539188,0.4243567389539188,0.4243567389539188,0.595355652670606,0.42455445652968865,0.4245557400890135,0.46382314336444885,0.5896441602296876,0.4243567389539188,0.4244566371281866,0.5892425825941039,0.4243567389539188,0.4243567389539188,0.4243567389539188,0.6169594596280439,0.4243567389539188,0.4243567389539188,0.4243567389539188,0.5896411613311249,0.4243567389539188,0.46461581585046163,0.4243567389539188,0.5614497601950501,0.4243567389539188,0.4244561235770531,0.5580667630226097,0.4243567389539188,0.4651009650332712,0.4243567389539188,0.5952823158107952,0.42443326988040025,0.4243567389539188,0.4243567389539188,0.596732598829108,0.46445141388676675,0.4243567389539188,0.6009300119557314,0.4243567389539188,0.4243567389539188,0.4243567389539188
0.18942465921822416,0.189303029725027,0.1913642415565366,0.4059205122706848,0.8555562658908976,0.5265686537553262,0.6449589565756617,0.2684786169313769,0.4613273815202797,0.18955088395104186,0.46388605676989336,0.26754301277026776,0.4602444921693306,0.18924218558814931,0.49909687238395095,0.18924218558814931,0.4564547700430519,0.46258132787467865,0.2652438073857119,0.4570404429418109,0.18924218558814931,0.45406204233756614,0.2659958732932229,0.4516056079736001,0.18924218558814931,0.5136487946357459,0.18924218558814931,0.45821406606772047,0.2678203514820583,0.4623443018270917,0.18924218558814931,0.45769131687039655,0.49954182196377545,0.1894825226851011,0.4603937913219535,0.18924218558814931,0.4975467361994683,0.18924218558814931,0.45734768688315425,0.2695150476839338,0.4571436323042572,0.4550226979080872,0.2677644926708873,0.18924218558814931,0.4607998465520801,0.4542905042597404,0.26884404302738657,0.46876956357061395,0.1931112305784186,0.4994904767209792,0.18924218558814931,0.4569644900153069,0.4590092673962916,0.2685017284075978,0.46444454691915704,0.18924218558814931,0.18998443164603906,0.5014212371019647,0.45846154882463513,0.18924218558814931,0.5062898829155157,0.18924218558814931,0.4578929137229151,0.26972835229696174,0.45673404759299513,0.18924218558814931,0.46381920305962,0.2710819678516587,0.45414648996566415,0.4602833888276754,0.2698191308002139,0.18924218558814931,0.47415941505630027,0.457313388480893,0.2694887326593939,0.4701600434170649,0.18924218558814931,0.45252943598143996,0.2677558024860011,0.18924218558814931,0.4762989989594094,0.18941530588331879,0.18924218558814931,0.18924218558814931,0.4975856412136752,0.18924218558814931,0.18924218558814931,0.18924218558814931,0.4640873218777341,0.18969220238132897,0.18969512107071387,0.26743158326427974,0.4564130942259031,0.18924218558814931,0.18946966566796006,0.4558717959926934,0.18924218558814931,0.18924218558814931,0.18924218558814931,0.4927374274328472,0.18924218558814931,0.18924218558814931,0.18924218558814931,0.45640905277635013,0.18924218558814931,0.26883332646147273,0.18924218558814931,0.4177915093992684,0.18924218558814931,0.1894684968048454,0.4130634801713551,0.18924218558814931,0.26968890968604864,0.18924218558814931,0.4639890669369136,0.1894164750755043,0.18924218558814931,0.18924218558814931,0.4659307818751322,0.2685429940060787,0.18924218558814931,0.47153489349678884,0.18924218558814931,0.18924218558814931,0.18924218558814931
0.42042506258432283,0.4203711035924904,0.421289218094494,0.5500115017573116,0.9060462319904737,0.6405286207891592,0.7350620665856232,0.4607779930156533,0.5905724778866064,0.42048108912107107,0.5924914464811425,0.4602444921693306,0.5897614368063079,0.4203441213317157,0.6192490077874411,0.4203441213317157,0.5869283501000191,0.5915124604788911,0.4589385781054054,0.5873656432808707,0.4203441213317157,0.5851438864601505,0.4593649333266609,0.5833154011385175,0.4203441213317157,0.6304808833714253,0.4203441213317157,0.5882425250871649,0.4604025107032675,0.5913347133916027,0.4203441213317157,0.5878518510349339,0.6195910347939411,0.4204507424000705,0.589873216468695,0.4203441213317157,0.6180581521749395,0.4203441213317157,0.5875951264229629,0.461370391711646,0.5874427102327094,0.5858599295528643,0.46037067564926776,0.4203441213317157,0.5901772922644888,0.5853141260407755,0.46098669352291355,0.596164083887669,0.4220734860760504,0.6195515617180765,0.4203441213317157,0.5873089217802357,0.5888371152973375,0.4607911869037843,0.5929107922798886,0.4203441213317157,0.4206737493888299,0.6210367184179163,0.5884275348008311,0.4203441213317157,0.6247892091195287,0.4203441213317157,0.5880024948626454,0.4614924940890976,0.587136848201986,0.4203441213317157,0.5924412605886207,0.46226879485269856,0.5852068094853452,0.5897905573564839,0.46154447748273236,0.4203441213317157,0.6002325346080385,0.5875695059532378,0.4613553324646437,0.5972121756537339,0.4203441213317157,0.5840026493534685,0.4603657233256469,0.4203441213317157,0.6018518430893879,0.4204209121543513,0.4203441213317157,0.4203441213317157,0.6180880264108383,0.4203441213317157,0.4203441213317157,0.4203441213317157,0.5926425476443897,0.4205438501563802,0.420545146766873,0.46018103315707726,0.5868972403733455,0.4203441213317157,0.4204450359186231,0.5864932691599285,0.4203441213317157,0.4203441213317157,0.4203441213317157,0.6143706655495238,0.4203441213317157,0.4203441213317157,0.4203441213317157,0.5868942236079636,0.4203441213317157,0.46098057051619984,0.4203441213317157,0.5585292105729157,0.4203441213317157,0.42044451714349473,0.555124558754122,0.4203441213317157,0.4614699111876743,0.4203441213317157,0.5925687792553392,0.42042143096048296,0.4203441213317157,0.4203441213317157,0.594027583418608,0.46081474644945025,0.4203441213317157,0.5982495107785948,0.4203441213317157,0.4203441213317157,0.4203441213317157
0.008315115867920867,0.00480073453798888,0.028428828276089516,0.35964239904899886,0.8408964152537145,0.49263400528317813,0.6189814583773753,0.1905651610084492,0.42153797689045347,0.010817028408449234,0.4243567389539188,0.18924218558814931,0.4203441213317157,0.0,0.462875971128195,0.0,0.4161617939474248,0.42291975312646474,0.18597118890373288,0.4168085795766068,0.0,0.4135176992008725,0.18704428909846296,0.4108003275120025,0.0,0.47866706018053523,0.0,0.4181041804691279,0.18963482943759863,0.4226586185274196,0.0,0.4175271802545911,0.4633598173198013,0.00954359320515249,0.42050875134272736,0.0,0.46118980769774964,0.0,0.41714781860609174,0.19202542753939839,0.4169225195958163,0.4145796051581848,0.18955577955353906,0.0,0.4209564509934654,0.41377028062966426,0.1910806511319024,0.42972862592966293,0.038475075146915234,0.4633039869412999,0.0,0.41672471038460923,0.4189816638410251,0.19059778372327352,0.4249716100913227,0.0,0.01678277574347633,0.4654028037865483,0.4183773025681097,0.0,0.47068984391078766,0.0,0.41774971399711464,0.19232528276493044,0.41647023324122107,0.0,0.42428312691714853,0.19422285176078583,0.4136110651886424,0.42038701309631105,0.1924528261207404,0.0,0.43564569918922824,0.4171099507133865,0.1919884190022396,0.43125628315652403,0.0,0.4118226360253773,0.18954347996488527,0.0,0.43799125589578236,0.00809910186820965,0.0,0.0,0.46123213658448975,0.0,0.0,0.0,0.42457833822201124,0.013062802875139482,0.01310514594393586,0.18908431439547607,0.41611576324086547,0.0,0.009284655809503259,0.41551782757191635,0.0,0.0,0.0,0.45595326336276976,0.0,0.0,0.0,0.416111299438745,0.0,0.19106554353165883,0.0,0.37306159436880015,0.0,0.009260757037313154,0.36772886297501645,0.0,0.1922698531750467,0.0,0.4244701586622699,0.008126417687158348,0.0,0.0,0.42660721390662015,0.19065602479764365,0.0,0.43276596702855047,0.0,0.0,0.0
0.4629489169313528,0.46290028779602277,0.4637278565344269,0.5820596821958968,0.9177074049033789,0.667009321703657,0.7564029724194564,0.49958443752312737,0.6200099261148277,0.46299941049222104,0.6218106058953428,0.49909687238395095,0.6192490077874411,0.462875971128195,0.6469601881923213,0.462875971128195,0.6165916155542949,0.6208919131802221,0.4979037345358358,0.6170017276901644,0.462875971128195,0.6149183078161843,0.49829321826481193,0.6132041212887334,0.462875971128195,0.6575378113521392,0.462875971128195,0.6178241734173824,0.4992412769206746,0.6207251249623373,0.462875971128195,0.6174577407824736,0.64728212470973,0.4629720605627431,0.6193538748379628,0.462875971128195,0.645839367864931,0.462875971128195,0.6172169558722113,0.5001259214903807,0.6170740067214747,0.615589701798097,0.49921218404062945,0.462875971128195,0.6196391535611925,0.6150779264261758,0.4997751898498791,0.6252580294931094,0.46443501694099154,0.6472449697078183,0.462875971128195,0.6169485305657662,0.6183819038786438,0.4995964963843212,0.6222041589692296,0.462875971128195,0.46317305291911465,0.6486430090303774,0.6179977095521935,0.462875971128195,0.652176277510179,0.462875971128195,0.6175990349779767,0.5002375415993588,0.6167871510871045,0.462875971128195,0.6217635081414906,0.5009472942198528,0.6149773047668025,0.6192763273406918,0.5002850635585289,0.462875971128195,0.6290787521446728,0.6171929265752515,0.5001121553370229,0.6262421283491265,0.462875971128195,0.6138483616337866,0.49920765832024117,0.462875971128195,0.6305999628275178,0.46294517642743205,0.462875971128195,0.462875971128195,0.6458674835476317,0.462875971128195,0.462875971128195,0.462875971128195,0.6219524109462986,0.4630559748130515,0.46305714341751053,0.4990388825967901,0.6165624404015027,0.462875971128195,0.46296691764314224,0.6161836008734356,0.462875971128195,0.462875971128195,0.462875971128195,0.6423695959777087,0.462875971128195,0.462875971128195,0.462875971128195,0.616559611241346,0.462875971128195,0.49976959324850917,0.462875971128195,0.5900101921005666,0.462875971128195,0.46296645010189136,0.5868309483095986,0.462875971128195,0.5002168970897394,0.462875971128195,0.6218831806410688,0.46294564399223387,0.462875971128195,0.462875971128195,0.6232523576335433,0.4996180292992492,0.462875971128195,0.6272162472304057,0.462875971128195,0.462875971128195,0.462875971128195
0.008315115867920867,0.00480073453798888,0.028428828276089516,0.35964239904899886,0.8408964152537145,0.49263400528317813,0.6189814583773753,0.1905651610084492,0.42153797689045347,0.010817028408449234,0.4243567389539188,0.18924218558814931,0.4203441213317157,0.0,0.462875971128195,0.0,0.4161617939474248,0.42291975312646474,0.18597118890373288,0.4168085795766068,0.0,0.4135176992008725,0.18704428909846296,0.4108003275120025,0.0,0.47866706018053523,0.0,0.4181041804691279,0.18963482943759863,0.4226586185274196,0.0,0.4175271802545911,0.4633598173198013,0.00954359320515249,0.42050875134272736,0.0,0.46118980769774964,0.0,0.41714781860609174,0.19202542753939839,0.4169225195958163,0.4145796051581848,0.18955577955353906,0.0,0.4209564509934654,0.41377028062966426,0.1910806511319024,0.42972862592966293,0.038475075146915234,0.4633039869412999,0.0,0.41672471038460923,0.4189816638410251,0.19059778372327352,0.4249716100913227,0.0,0.01678277574347633,0.4654028037865483,0.4183773025681097,0.0,0.47068984391078766,0.0,0.41774971399711464,0.19232528276493044,0.41647023324122107,0.0,0.42428312691714853,0.19422285176078583,0.4136110651886424,0.42038701309631105,0.1924528261207404,0.0,0.43564569918922824,0.4171099507133865,0.1919884190022396,0.43125628315652403,0.0,0.4118226360253773,0.18954347996488527,0.0,0.43799125589578236,0.00809910186820965,0.0,0.0,0.46123213658448975,0.0,0.0,0.0,0.42457833822201124,0.013062802875139482,0.01310514594393586,0.18908431439547607,0.41611576324086547,0.0,0.009284655809503259,0.41551782757191635,0.0,0.0,0.0,0.45595326336276976,0.0,0.0,0.0,0.416111299438745,0.0,0.19106554353165883,0.0,0.37306159436880015,0.0,0.009260757037313154,0.36772886297501645,0.0,0.1922698531750467,0.0,0.4244701586622699,0.008126417687158348,0.0,0.0,0.42660721390662015,0.19065602479764365,0.0,0.43276596702855047,0.0,0.0,0.0
0.41624360011948236,0.4161890645685526,0.4171169706714182,0.5469222070269657,0.9049229164943157,0.6379920249883844,0.7330230807175635,0.4569931062491036,0.5877443707176386,0.4163002251627435,0.5896750857156421,0.4564547700430519,0.5869283501000191,0.4161617939474248,0.6165916155542949,0.4161617939474248,0.5840777982606887,0.5886901133389953,0.455136978100509,0.5845177944733856,0.4161617939474248,0.5822822765945703,0.4555672177615603,0.5804424137311808,0.4161617939474248,0.6278878078848176,0.4161617939474248,0.5854000885270472,0.45661422179898903,0.5885112779680902,0.4161617939474248,0.5850070044918156,0.6169356206258271,0.4162695542795335,0.5870408165869836,0.4161617939474248,0.6153938628915846,0.4161617939474248,0.5847486950505106,0.45759086258865694,0.584595337521759,0.5830027622640912,0.4565820980719798,0.4161617939474248,0.5873467598989185,0.582453573055507,0.45720369562240526,0.5933700673268858,0.4179095716670668,0.6168959193275187,0.4161617939474248,0.5844607225115458,0.5859983425894122,0.4570064195945054,0.5900969918321984,0.4161617939474248,0.4164949424109748,0.6183896512494861,0.5855862387890952,0.4161617939474248,0.6221637044817716,0.4161617939474248,0.5851585778586366,0.4577140677538336,0.5842875854802206,0.4161617939474248,0.5896245932554272,0.4584973678256329,0.5823455903058234,0.5869576495964013,0.4577665204883237,0.4161617939474248,0.5974630657216744,0.5847229163686193,0.457575667296026,0.5944245032501989,0.4161617939474248,0.5811339438573266,0.4565771008386578,0.4161617939474248,0.5990920861488276,0.416239405346459,0.4161617939474248,0.4161617939474248,0.6154239103383512,0.4161617939474248,0.4161617939474248,0.4161617939474248,0.589827109698522,0.4163636564713687,0.416364966927414,0.4563907352160274,0.5840464961344983,0.4161617939474248,0.41626378683690063,0.5836400253150273,0.4161617939474248,0.4161617939474248,0.4161617939474248,0.6116849205236154,0.4161617939474248,0.4161617939474248,0.4161617939474248,0.5840434607110756,0.4161617939474248,0.45719751722020224,0.4161617939474248,0.5554969847687357,0.4161617939474248,0.41626326251972656,0.5520696756455625,0.4161617939474248,0.4576912809298984,0.4161617939474248,0.5897528908221735,0.41623992969554136,0.4161617939474248,0.4161617939474248,0.5912205901253658,0.45703019243298026,0.4161617939474248,0.5954681034640479,0.4161617939474248,0.4161617939474248,0.4161617939474248
