0.0,0.0,0.11950785650567214,0.8408964152537145,0.4826581203494146,0.6658572817713561,0.7040775443418569,0.043382955666493236,0.5170486527289111,0.0,0.4724694394855435,0.5164928794836636,0.0,0.008972460624196278,0.5158707998207035,0.4629190787399093,0.0,0.470953362291599,0.20612531569832074,0.0,0.4638599697710354,0.5074848454758211,0.0,0.45728788136228765,0.0,0.5344627058790918,0.4650540811627863,0.008972460624196278,0.2099937637077569,0.0,0.6992892356132469,0.009002721940581347,0.5170977384347439,0.0,0.467861501200484,0.21131007650719058,0.46475575089400206,0.0,0.4638407231240888,0.21237633456693802,0.46391202761705036,0.46119330252867174,0.2099294556196044,0.0,0.4684434263386607,0.0,0.5106107400509606,0.4783762835670839,0.0,0.0,0.5169634866030466,0.4640325339821474,0.01300651364049288,0.5157511951644717,0.47305939983074763,0.0,0.21368836165710242,0.4680935773746696,0.465625488502003,0.21274148125890419,0.4751154897228415,0.0,0.4650997484492938,0.21303494643447762,0.46313705348361095,0.0,0.5236215150777901,0.0,0.0,0.6918610824127743,0.21320968242185728,0.4854576885078312,0.014022803807143077,0.5140530429716705,0.010572717253659297,0.47963820704408117,0.008601023981377279,0.5080933488827977,0.008972460624196278,0.0,0.48776285324886953,0.0,0.0,0.0,0.5137760244637206,0.0,0.0,0.47251057183885614,0.0,0.0,0.20897358184277054,0.4627847835986227,0.0,0.0,0.010285857583628558,0.46251864152047417,0.0,0.0,0.5089712562746787,0.0,0.0,0.0,0.0,0.46302617954509756,0.0,0.21205431164827857,0.41432672802158316,0.0,0.0,0.40834079499088427,0.0,0.0,0.21330627054779785,0.0,0.4728049729301924,0.009002721940581347,0.014022803807143077,0.0,0.524361149883732,0.00683958783586257,0.008601023981377279,0.48182996061119865,0.0,0.0,0.0
0.0,0.0,0.11950785650567214,0.8408964152537145,0.4826581203494146,0.6658572817713561,0.7040775443418569,0.043382955666493236,0.5170486527289111,0.0,0.4724694394855435,0.5164928794836636,0.0,0.008972460624196278,0.5158707998207035,0.4629190787399093,0.0,0.470953362291599,0.20612531569832074,0.0,0.4638599697710354,0.5074848454758211,0.0,0.45728788136228765,0.0,0.5344627058790918,0.4650540811627863,0.008972460624196278,0.2099937637077569,0.0,0.6992892356132469,0.009002721940581347,0.5170977384347439,0.0,0.467861501200484,0.21131007650719058,0.46475575089400206,0.0,0.4638407231240888,0.21237633456693802,0.46391202761705036,0.46119330252867174,0.2099294556196044,0.0,0.4684434263386607,0.0,0.5106107400509606,0.4783762835670839,0.0,0.0,0.5169634866030466,0.4640325339821474,0.01300651364049288,0.5157511951644717,0.47305939983074763,0.0,0.21368836165710242,0.4680935773746696,0.465625488502003,0.21274148125890419,0.4751154897228415,0.0,0.4650997484492938,0.21303494643447762,0.46313705348361095,0.0,0.5236215150777901,0.0,0.0,0.6918610824127743,0.21320968242185728,0.4854576885078312,0.014022803807143077,0.5140530429716705,0.010572717253659297,0.47963820704408117,0.008601023981377279,0.5080933488827977,0.008972460624196278,0.0,0.48776285324886953,0.0,0.0,0.0,0.5137760244637206,0.0,0.0,0.47251057183885614,0.0,0.0,0.20897358184277054,0.4627847835986227,0.0,0.0,0.010285857583628558,0.46251864152047417,0.0,0.0,0.5089712562746787,0.0,0.0,0.0,0.0,0.46302617954509756,0.0,0.21205431164827857,0.41432672802158316,0.0,0.0,0.40834079499088427,0.0,0.0,0.21330627054779785,0.0,0.4728049729301924,0.009002721940581347,0.014022803807143077,0.0,0.524361149883732,0.00683958783586257,0.008601023981377279,0.48182996061119865,0.0,0.0,0.0
0.11950785650567214,0.11950785650567214,0.16900101220988484,0.8468374397566865,0.4968141285114941,0.6753683077851221,0.7127961569651081,0.12713768658891006,0.5301644419131005,0.11950785650567214,0.48695620083514507,0.5296246338212794,0.11950785650567214,0.11984416781378904,0.5290204545442907,0.4777264478228968,0.11950785650567214,0.48549031703181095,0.2382279226876248,0.11950785650567214,0.4786352786703743,0.5208790215773874,0.11950785650567214,0.4722893727540563,0.11950785650567214,0.5470907568997497,0.47978885337718064,0.11984416781378904,0.2415804581077348,0.11950785650567214,0.7081056305212069,0.11984643697630623,0.5302121188149244,0.11950785650567214,0.48250163087102366,0.24272469384457754,0.4795006347271508,0.11950785650567214,0.47861668677990926,0.24365282704721272,0.47868556576867605,0.4760597526488429,0.24152460134180548,0.11950785650567214,0.4830640533041186,0.11950785650567214,0.5239130608024811,0.4926699226972119,0.11950785650567214,0.11950785650567214,0.5300817206061404,0.47880197434784677,0.120213475554251,0.5289042952254671,0.48752669904809093,0.11950785650567214,0.24479642323816383,0.4827259245206873,0.4803409227597548,0.24397092939378368,0.4895152641376061,0.11950785650567214,0.4798329737435549,0.2442266800271964,0.47793698581046207,0.11950785650567214,0.5365504094634338,0.11950785650567214,0.11950785650567214,0.7008299058124838,0.24437899981494063,0.499524752394789,0.1203276629087373,0.5272551897249192,0.11997457491481862,0.4938910812075896,0.11981693451028903,0.5214695766951795,0.11984416781378904,0.11950785650567214,0.5017572859510501,0.11950785650567214,0.11950785650567214,0.11950785650567214,0.5269861952619133,0.11950785650567214,0.11950785650567214,0.4869959750121049,0.11950785650567214,0.11950785650567214,0.24069484122649376,0.4775967373340585,0.11950785650567214,0.11950785650567214,0.11994963844069989,0.47733968738082677,0.11950785650567214,0.11950785650567214,0.5223216470012427,0.11950785650567214,0.11950785650567214,0.11950785650567214,0.11950785650567214,0.4778298939034592,0.11950785650567214,0.24337240121381998,0.430951551127179,0.11950785650567214,0.11950785650567214,0.42521451469471366,0.11950785650567214,0.11950785650567214,0.2444632097863689,0.11950785650567214,0.487280660622225,0.11984643697630623,0.1203276629087373,0.11950785650567214,0.5372692306759049,0.11970339569492262,0.11981693451028903,0.4960124366939512,0.11950785650567214,0.11950785650567214,0.11950785650567214
0.8408964152537145,0.8408964152537145,0.8468374397566865,1.0,0.9232435503803323,0.9733014126338341,0.9821600397258142,0.8416866168265794,0.9329561992209523,0.8408964152537145,0.9203855288419501,0.9327988283597899,0.8408964152537145,0.8409302614139669,0.9326226862597543,0.9177194071454691,0.8408964152537145,0.9199613992736466,0.8582025173214398,0.8408964152537145,0.917981449763259,0.9302489613728276,0.8408964152537145,0.9161541782610113,0.8408964152537145,0.9378857717044311,0.9183142192772049,0.8409302614139669,0.8588367080696052,0.8408964152537145,0.9811089050316097,0.8409304900903394,0.9329700983004073,0.8408964152537145,0.9190974516502876,0.8590548361370621,0.9182310608124162,0.8408964152537145,0.9179760880529771,0.859232391767191,0.9179959522793493,0.9172391461090484,0.8588260817498984,0.8408964152537145,0.9192599502153797,0.8408964152537145,0.9311335616903891,0.9220409093310975,0.8408964152537145,0.8408964152537145,0.9329320836815026,0.9180295251640347,0.8409675331998567,0.9325888206801523,0.9205506585347561,0.8408964152537145,0.8594519324495772,0.919162251280015,0.9184735359051146,0.8592933743098211,0.9211265217868957,0.8408964152537145,0.9183269500997081,0.8593424510041541,0.9177801014135593,0.8408964152537145,0.9348174108044451,0.8408964152537145,0.8408964152537145,0.9794424487383121,0.8593717001437111,0.9240309584990647,0.8409790795881964,0.9321080177760541,0.8409434100023587,0.92239512596905,0.8409275172829466,0.9304211365320166,0.8409302614139669,0.8408964152537145,0.9246799074044308,0.8408964152537145,0.8408964152537145,0.8408964152537145,0.9320295891914065,0.8408964152537145,0.8408964152537145,0.9203970402343296,0.8408964152537145,0.8408964152537145,0.8586684653667966,0.9176820170010268,0.8408964152537145,0.8408964152537145,0.8409408946679396,0.9176079270271231,0.8408964152537145,0.8408964152537145,0.9306695622696696,0.8408964152537145,0.8408964152537145,0.8408964152537145,0.8408964152537145,0.9177492280080448,0.8408964152537145,0.8591786863691064,0.9044315857333918,0.8408964152537145,0.8408964152537145,0.9028356450073227,0.8408964152537145,0.8408964152537145,0.8593878769565174,0.8408964152537145,0.9204794387270645,0.8409304900903394,0.8409790795881964,0.8408964152537145,0.935026835705569,0.8409160831145233,0.8409275172829466,0.9230107824366367,0.8408964152537145,0.8408964152537145,0.8408964152537145
0.4826581203494146,0.4826581203494146,0.4968141285114941,0.9232435503803323,0.6731260931411138,0.7999862009552733,0.8272883896566998,0.4845500458403091,0.6960342119761236,0.4826581203494146,0.6664578729099209,0.6956594683818262,0.4826581203494146,0.48273921579431267,0.6952401818218581,0.6602614262120993,0.4826581203494146,0.665470656753143,0.5235142436151284,0.4826581203494146,0.6608694995101678,0.6896053912623914,0.4826581203494146,0.6566333394832649,0.4826581203494146,0.7078442916837723,0.6616419850356642,0.48273921579431267,0.5249917703853241,0.4826581203494146,0.8238669525318963,0.4827397636848573,0.6960673159040925,0.4826581203494146,0.6634614731450719,0.5254996956072587,0.6614489117790263,0.4826581203494146,0.6608570555889911,0.5259130459867328,0.6609031586254437,0.6591474872131149,0.5249670228652843,0.4826581203494146,0.6638391994880966,0.4826581203494146,0.6917019475312726,0.6703166848298102,0.4826581203494146,0.4826581203494146,0.6959767776026069,0.6609810808167014,0.4828285128033895,0.6951595874651311,0.6668423912154412,0.4826581203494146,0.5264240153778601,0.6636120894946589,0.6620119359695652,0.5260549931864463,0.6681840402719939,0.4826581203494146,0.6616715446459311,0.5261692199347533,0.6604022503183169,0.4826581203494146,0.7004765627924537,0.4826581203494146,0.4826581203494146,0.8185586920835836,0.5262372945426357,0.6749683648181802,0.48285617470637154,0.6940160085909995,0.482770718374773,0.6711436099840835,0.48273264105370994,0.6900131558191055,0.48273921579431267,0.4826581203494146,0.6764884526767099,0.4826581203494146,0.4826581203494146,0.4826581203494146,0.6938295824658396,0.4826581203494146,0.4826581203494146,0.666484675266216,0.4826581203494146,0.4826581203494146,0.5245999139738238,0.6601746781160922,0.4826581203494146,0.4826581203494146,0.4827646919714128,0.6600027954068912,0.4826581203494146,0.4826581203494146,0.6906017604489633,0.4826581203494146,0.4826581203494146,0.4826581203494146,0.4826581203494146,0.6603306158681104,0.4826581203494146,0.5257880289229571,0.6296380806264676,0.4826581203494146,0.4826581203494146,0.6259809245650998,0.4826581203494146,0.4826581203494146,0.5262749435179911,0.4826581203494146,0.6666765390138002,0.4827397636848573,0.48285617470637154,0.4826581203494146,0.700977640455715,0.4827052452266952,0.48273264105370994,0.6725819333426184,0.4826581203494146,0.4826581203494146,0.4826581203494146
0.6658572817713561,0.6658572817713561,0.6753683077851221,0.9733014126338341,0.7999862009552733,0.8915233272057748,0.9107100806543897,0.6671222677340262,0.8166122669090946,0.6658572817713561,0.7951515467904133,0.8163401852377911,0.6658572817713561,0.6659114642385672,0.8160357640183981,0.7906621726409913,0.6658572817713561,0.794436075875106,0.6935769339026603,0.6658572817713561,0.7911025711953495,0.8119448264519058,0.6658572817713561,0.7880352878329838,0.6658572817713561,0.8251864373925313,0.7916620966034307,0.6659114642385672,0.6945940593800318,0.6658572817713561,0.9083253977344315,0.6659118303139883,0.816636301960981,0.6658572817713561,0.792980203908816,0.6949439311431921,0.7915222448253618,0.6658572817713561,0.7910935582991868,0.6952287390552063,0.7911269499285015,0.7898554931901588,0.6945770154946205,0.6658572817713561,0.7932538808899007,0.6658572817713561,0.8134669038761254,0.7979489049438563,0.6658572817713561,0.6658572817713561,0.8165705667868507,0.7911833880809062,0.6659711305758731,0.815977248937773,0.7954302426013476,0.6658572817713561,0.6955809097413611,0.7930893296188138,0.7919300786996474,0.695326560812288,0.7964027514339193,0.6658572817713561,0.79168350828784,0.6954052855016837,0.7907641616651983,0.6658572817713561,0.8198376224360756,0.6658572817713561,0.6658572817713561,0.9046134915591036,0.6954522049430074,0.8013224388787877,0.6659896145438262,0.8151469647316959,0.6659325130884786,0.7985485093334025,0.6659070713101389,0.8122408526999172,0.6659114642385672,0.6658572817713561,0.8024251432996674,0.6658572817713561,0.6658572817713561,0.6658572817713561,0.8150116128884712,0.6658572817713561,0.6658572817713561,0.7951709725363116,0.6658572817713561,0.6658572817713561,0.6943242145969116,0.7905993480368969,0.6658572817713561,0.6658572817713561,0.665928486428614,0.7904748695085551,0.6658572817713561,0.6658572817713561,0.8126681698330039,0.6658572817713561,0.6658572817713561,0.6658572817713561,0.6658572817713561,0.790712281616347,0.6658572817713561,0.6951425917040417,0.7685414698060078,0.6658572817713561,0.6658572817713561,0.765909169294754,0.6658572817713561,0.6658572817713561,0.695478154806088,0.6658572817713561,0.7953100327761354,0.6659118303139883,0.6659896145438262,0.6658572817713561,0.820201422009625,0.665888766977125,0.6659070713101389,0.7995915516362928,0.6658572817713561,0.6658572817713561,0.6658572817713561
0.7040775443418569,0.7040775443418569,0.7127961569651081,0.9821600397258142,0.8272883896566998,0.9107100806543897,0.927930098670539,0.705236739666617,0.8425323155895239,0.7040775443418569,0.8228515305022123,0.8422830550574985,0.7040775443418569,0.7041271929279441,0.8420041586689242,0.8187301677361275,0.7040775443418569,0.8221947943829853,0.7295047577436135,0.7040775443418569,0.8191345197039493,0.8382553557062374,0.7040775443418569,0.8163180605124939,0.7040775443418569,0.8503832883869904,0.819648231352316,0.7041271929279441,0.7304386586726529,0.7040775443418569,0.9257984117329,0.7041275283716995,0.8425543343168062,0.7040775443418569,0.8208583374076445,0.7307599150657335,0.8195198323515612,0.7040775443418569,0.819126244627786,0.7310214336547836,0.8191569027040194,0.8179894854367779,0.7304230089349981,0.7040775443418569,0.8211095767836789,0.7040775443418569,0.8396503259430846,0.8254189197739269,0.7040775443418569,0.7040775443418569,0.8424941135938547,0.8192087204852254,0.7041818667760645,0.8419505488435512,0.8231073384399685,0.7040775443418569,0.7313448122909494,0.8209585169277427,0.8198942644933644,0.7311112572742617,0.8239999397651312,0.7040775443418569,0.8196678894816639,0.7311835455978121,0.8188238099864277,0.7040775443418569,0.8454865607020972,0.7040775443418569,0.7040775443418569,0.9224750881600374,0.7312266291522374,0.8285143889999109,0.7041988041840292,0.8411898297683816,0.7041464805151973,0.8259691612467781,0.7041231675822948,0.8385266781066711,0.7041271929279441,0.7040775443418569,0.8295260205017891,0.7040775443418569,0.7040775443418569,0.7040775443418569,0.8410658118845618,0.7040775443418569,0.7040775443418569,0.8228693610753491,0.7040775443418569,0.7040775443418569,0.7301908882749222,0.8186724843881878,0.7040775443418569,0.7040775443418569,0.7041427907833873,0.8185581918851955,0.7040775443418569,0.7040775443418569,0.8389183205486853,0.7040775443418569,0.7040775443418569,0.7040775443418569,0.7040775443418569,0.8187761758733406,0.7040775443418569,0.7309423303145766,0.7984078791220468,0.7040775443418569,0.7040775443418569,0.7959883624787738,0.7040775443418569,0.7040775443418569,0.7312504575384761,0.7040775443418569,0.8229970014634856,0.7041275283716995,0.7041988041840292,0.7040775443418569,0.8458197120054242,0.7041063948996604,0.7041231675822948,0.8269262735371601,0.7040775443418569,0.7040775443418569,0.7040775443418569
0.043382955666493236,0.043382955666493236,0.12713768658891006,0.8416866168265794,0.4845500458403091,0.6671222677340262,0.705236739666617,0.061352709947705,0.5187990107184923,0.043382955666493236,0.474406539857344,0.5182454046082147,0.043382955666493236,0.044301080612457515,0.5176257549749244,0.46490004571010046,0.043382955666493236,0.4728973252113489,0.21063701438726226,0.043382955666493236,0.46583654668329333,0.5092730167871926,0.043382955666493236,0.45929544655373544,0.043382955666493236,0.536146938743307,0.46702510842773926,0.044301080612457515,0.21442376901597254,0.043382955666493236,0.7004614706206046,0.044307219450566815,0.5188479051992559,0.043382955666493236,0.46981957631234955,0.2157129412270043,0.4667281623670609,0.043382955666493236,0.46581738968553116,0.2167574521615714,0.4658883620803541,0.46318236161305804,0.21436079527320837,0.043382955666493236,0.4703988332748959,0.043382955666493236,0.5123864288354869,0.48028699721715135,0.043382955666493236,0.043382955666493236,0.5187141764451102,0.4660083073899149,0.04529072656523041,0.5175066180579827,0.4749938398010566,0.043382955666493236,0.2180430065474063,0.4700505877209861,0.4675938687541287,0.21711519970581555,0.4770407014745552,0.043382955666493236,0.4670705639587765,0.21740273596952933,0.4651170020562041,0.043382955666493236,0.5253465163089314,0.043382955666493236,0.043382955666493236,0.6930536524236653,0.2175739492163423,0.48733747942047795,0.04559297626216902,0.5158151253135862,0.044652692891402924,0.48154335438459805,0.04422734809434794,0.5098790806893629,0.044301080612457515,0.043382955666493236,0.4896327393853269,0.043382955666493236,0.043382955666493236,0.043382955666493236,0.5155391964464002,0.043382955666493236,0.043382955666493236,0.4744474865438616,0.043382955666493236,0.043382955666493236,0.21342484842232573,0.46476637841707713,0.043382955666493236,0.043382955666493236,0.044585642428534585,0.464501481513156,0.043382955666493236,0.043382955666493236,0.5107534767293178,0.043382955666493236,0.043382955666493236,0.043382955666493236,0.043382955666493236,0.46500664602802316,0.043382955666493236,0.2164419749278487,0.4165578891904166,0.043382955666493236,0.043382955666493236,0.41060643228573995,0.043382955666493236,0.043382955666493236,0.21766859247799983,0.043382955666493236,0.4747405595395504,0.044307219450566815,0.04559297626216902,0.043382955666493236,0.526083328684271,0.04391879687201985,0.04422734809434794,0.4837254981983508,0.043382955666493236,0.043382955666493236,0.043382955666493236
0.5170486527289111,0.5170486527289111,0.5301644419131005,0.9329561992209523,0.6960342119761236,0.8166122669090946,0.8425323155895239,0.5187990107184923,0.7177866188294969,0.5170486527289111,0.6897070538836586,0.7174306083011484,0.5170486527289111,0.5171236634366745,0.717032287488981,0.683829727400227,0.5170486527289111,0.6887705344209935,0.5550127022433374,0.5170486527289111,0.684406386786597,0.7116798960498034,0.5170486527289111,0.6803895317004403,0.5170486527289111,0.729008733638816,0.6851389958996381,0.5171236634366745,0.5563915851708393,0.5170486527289111,0.8392864636839321,0.5171241702230793,0.7178180681675113,0.5170486527289111,0.686864696956016,0.5568656870487599,0.6849558859970213,0.5170486527289111,0.6843945855177613,0.557251544680579,0.6844383076601618,0.6827733927972196,0.5563684867534381,0.5170486527289111,0.6872229768433443,0.5170486527289111,0.7136712366729479,0.6933682118934538,0.5170486527289111,0.5170486527289111,0.7177320552159251,0.6845122060075911,0.517206262055933,0.7169557238555536,0.6900718404882684,0.5170486527289111,0.5577285689765625,0.6870075581636628,0.6854898619350773,0.5573840574546461,0.6913447054721352,0.5170486527289111,0.6851670303070011,0.5574906947052239,0.6839632743994947,0.5170486527289111,0.7220072760143292,0.5170486527289111,0.5170486527289111,0.8342491073373998,0.5575542473360481,0.6977826615460385,0.5172318493377867,0.7158693638927335,0.5171528027241364,0.6941528836984531,0.5171175819551161,0.712067183343369,0.5171236634366745,0.5170486527289111,0.6992254618646081,0.5170486527289111,0.5170486527289111,0.5170486527289111,0.7156922701786237,0.5170486527289111,0.5170486527289111,0.6897324806037849,0.5170486527289111,0.5170486527289111,0.556025853348818,0.6837474626081005,0.5170486527289111,0.5170486527289111,0.5171472283982966,0.683584464433441,0.5170486527289111,0.5170486527289111,0.7126262408753964,0.5170486527289111,0.5170486527289111,0.5170486527289111,0.5170486527289111,0.6838953415240521,0.5170486527289111,0.557134839653689,0.6548198812141609,0.5170486527289111,0.5170486527289111,0.6513600369364427,0.5170486527289111,0.5170486527289111,0.5575893957517344,0.5170486527289111,0.6899144980596149,0.5171241702230793,0.5172318493377867,0.5170486527289111,0.7224833896270216,0.5170922415602796,0.5171175819551161,0.6955177975305091,0.5170486527289111,0.5170486527289111,0.5170486527289111
0.0,0.0,0.11950785650567214,0.8408964152537145,0.4826581203494146,0.6658572817713561,0.7040775443418569,0.043382955666493236,0.5170486527289111,0.0,0.4724694394855435,0.5164928794836636,0.0,0.008972460624196278,0.5158707998207035,0.4629190787399093,0.0,0.470953362291599,0.20612531569832074,0.0,0.4638599697710354,0.5074848454758211,0.0,0.45728788136228765,0.0,0.5344627058790918,0.4650540811627863,0.008972460624196278,0.2099937637077569,0.0,0.6992892356132469,0.009002721940581347,0.5170977384347439,0.0,0.467861501200484,0.21131007650719058,0.46475575089400206,0.0,0.4638407231240888,0.21237633456693802,0.46391202761705036,0.46119330252867174,0.2099294556196044,0.0,0.4684434263386607,0.0,0.5106107400509606,0.4783762835670839,0.0,0.0,0.5169634866030466,0.4640325339821474,0.01300651364049288,0.5157511951644717,0.47305939983074763,0.0,0.21368836165710242,0.4680935773746696,0.465625488502003,0.21274148125890419,0.4751154897228415,0.0,0.4650997484492938,0.21303494643447762,0.46313705348361095,0.0,0.5236215150777901,0.0,0.0,0.6918610824127743,0.21320968242185728,0.4854576885078312,0.014022803807143077,0.5140530429716705,0.010572717253659297,0.47963820704408117,0.008601023981377279,0.5080933488827977,0.008972460624196278,0.0,0.48776285324886953,0.0,0.0,0.0,0.5137760244637206,0.0,0.0,0.47251057183885614,0.0,0.0,0.20897358184277054,0.4627847835986227,0.0,0.0,0.010285857583628558,0.46251864152047417,0.0,0.0,0.5089712562746787,0.0,0.0,0.0,0.0,0.46302617954509756,0.0,0.21205431164827857,0.41432672802158316,0.0,0.0,0.40834079499088427,0.0,0.0,0.21330627054779785,0.0,0.4728049729301924,0.009002721940581347,0.014022803807143077,0.0,0.524361149883732,0.00683958783586257,0.008601023981377279,0.48182996061119865,0.0,0.0,0.0
0.4724694394855435,0.4724694394855435,0.48695620083514507,0.9203855288419501,0.6664578729099209,0.7951515467904133,0.8228515305022123,0.474406539857344,0.6897070538836586,0.4724694394855435,0.6596886261830543,0.689326797151384,0.4724694394855435,0.47255247765958797,0.688901339797179,0.6533974913892243,0.4724694394855435,0.6586863779885834,0.5142385874794657,0.4724694394855435,0.6540148926977656,0.6831833714664238,0.4724694394855435,0.6497135802841922,0.4724694394855435,0.701689927213614,0.6547992168666898,0.47255247765958797,0.5157469042760923,0.4724694394855435,0.8193796464394547,0.4725530386734995,0.6897406447337375,0.4724694394855435,0.6566465390690822,0.5162653817636589,0.6546031858876417,0.4724694394855435,0.6540022579635498,0.5166873074540314,0.6540490679196396,0.6522664434070644,0.515721642199313,0.4724694394855435,0.6570300350227375,0.4724694394855435,0.6853109310354936,0.6636060068836245,0.4724694394855435,0.4724694394855435,0.6896487746776184,0.6541281848244822,0.47264391321399785,0.68881955901802,0.6600789940565347,0.4724694394855435,0.5172088623415344,0.6567994563783165,0.6551748329153615,0.5168321969646165,0.6614410298722498,0.4724694394855435,0.6548292292352574,0.5169487904995504,0.6535404764879913,0.4724694394855435,0.6942146122771983,0.4724694394855435,0.4724694394855435,0.8139935043617351,0.5170182752246274,0.6683279050581932,0.4726722374424773,0.6876591356126422,0.47258473476430135,0.6644454448619602,0.4725457454352537,0.6835971711699254,0.47255247765958797,0.4724694394855435,0.6698708512258891,0.4724694394855435,0.4724694394855435,0.4724694394855435,0.6874699617089572,0.4724694394855435,0.4724694394855435,0.6597158363733311,0.4724694394855435,0.4724694394855435,0.5153468956798978,0.6533094119007385,0.4724694394855435,0.4724694394855435,0.47257856402808684,0.6531348906869574,0.4724694394855435,0.4724694394855435,0.6841944830004234,0.4724694394855435,0.4724694394855435,0.4724694394855435,0.4724694394855435,0.6534677428371748,0.4724694394855435,0.5165596979501826,0.6222929000483082,0.4724694394855435,0.4724694394855435,0.6185765956861854,0.4724694394855435,0.4724694394855435,0.5170567039455866,0.4724694394855435,0.6599106191602978,0.4725530386734995,0.4726722374424773,0.4724694394855435,0.6947230284824112,0.4725176933598424,0.4725457454352537,0.6659055011803954,0.4724694394855435,0.4724694394855435,0.4724694394855435
0.5164928794836636,0.5164928794836636,0.5296246338212794,0.9327988283597899,0.6956594683818262,0.8163401852377911,0.8422830550574985,0.5182454046082147,0.7174306083011484,0.5164928794836636,0.689326797151384,0.7170742935105471,0.5164928794836636,0.5165679833006938,0.7166756321964808,0.6834443186830881,0.5164928794836636,0.6883894588033361,0.5545015480533104,0.5164928794836636,0.6840214849456977,0.711318656790379,0.5164928794836636,0.6800010925754103,0.5164928794836636,0.7286622827953833,0.6847547375694989,0.5165679833006938,0.5558819654355006,0.5164928794836636,0.8390343002390519,0.5165684907160895,0.7174620845139482,0.5164928794836636,0.6864819525163085,0.5563565936387439,0.6845714668726864,0.5164928794836636,0.6840096733067881,0.556742879155369,0.684053433868297,0.6823870547699458,0.5558588413588288,0.5164928794836636,0.6868405463724226,0.5164928794836636,0.7133117047649901,0.6929911492977096,0.5164928794836636,0.5164928794836636,0.7173759980594374,0.6841273971469672,0.5166506844232137,0.7165990031034698,0.689691902517749,0.5164928794836636,0.5572204318440612,0.6866249389302117,0.6851059116249828,0.5568755387770556,0.6909658788815234,0.5164928794836636,0.6847827965919872,0.5569822941641518,0.6835779830959536,0.5164928794836636,0.721654867731662,0.5164928794836636,0.5164928794836636,0.8339924671668476,0.5570459171853851,0.6974094357865737,0.5166763034531255,0.7155117139958871,0.5165971587523961,0.6937765042364611,0.5165618942711123,0.7117062763219828,0.5165679833006938,0.5164928794836636,0.6988534868442972,0.5164928794836636,0.5164928794836636,0.5164928794836636,0.7153344687557998,0.5164928794836636,0.5164928794836636,0.6893522460938669,0.5164928794836636,0.5164928794836636,0.5555158271535661,0.6833619815560545,0.5164928794836636,0.5164928794836636,0.5165915775086112,0.6831988400394837,0.5164928794836636,0.5164928794836636,0.712265813290168,0.5164928794836636,0.5164928794836636,0.5164928794836636,0.5164928794836636,0.6835099904964722,0.5164928794836636,0.5566260447570494,0.6544085230833602,0.5164928794836636,0.5164928794836636,0.6509455172839084,0.5164928794836636,0.5164928794836636,0.5570811045262378,0.5164928794836636,0.6895344226124508,0.5165684907160895,0.5166763034531255,0.5164928794836636,0.7221313871514927,0.5165365224235645,0.5165618942711123,0.6951426051792352,0.5164928794836636,0.5164928794836636,0.5164928794836636
0.0,0.0,0.11950785650567214,0.8408964152537145,0.4826581203494146,0.6658572817713561,0.7040775443418569,0.043382955666493236,0.5170486527289111,0.0,0.4724694394855435,0.5164928794836636,0.0,0.008972460624196278,0.5158707998207035,0.4629190787399093,0.0,0.470953362291599,0.20612531569832074,0.0,0.4638599697710354,0.5074848454758211,0.0,0.45728788136228765,0.0,0.5344627058790918,0.4650540811627863,0.008972460624196278,0.2099937637077569,0.0,0.6992892356132469,0.009002721940581347,0.5170977384347439,0.0,0.467861501200484,0.21131007650719058,0.46475575089400206,0.0,0.4638407231240888,0.21237633456693802,0.46391202761705036,0.46119330252867174,0.2099294556196044,0.0,0.4684434263386607,0.0,0.5106107400509606,0.4783762835670839,0.0,0.0,0.5169634866030466,0.4640325339821474,0.01300651364049288,0.5157511951644717,0.47305939983074763,0.0,0.21368836165710242,0.4680935773746696,0.465625488502003,0.21274148125890419,0.4751154897228415,0.0,0.4650997484492938,0.21303494643447762,0.46313705348361095,0.0,0.5236215150777901,0.0,0.0,0.6918610824127743,0.21320968242185728,0.4854576885078312,0.014022803807143077,0.5140530429716705,0.010572717253659297,0.47963820704408117,0.008601023981377279,0.5080933488827977,0.008972460624196278,0.0,0.48776285324886953,0.0,0.0,0.0,0.5137760244637206,0.0,0.0,0.47251057183885614,0.0,0.0,0.20897358184277054,0.4627847835986227,0.0,0.0,0.010285857583628558,0.46251864152047417,0.0,0.0,0.5089712562746787,0.0,0.0,0.0,0.0,0.46302617954509756,0.0,0.21205431164827857,0.41432672802158316,0.0,0.0,0.40834079499088427,0.0,0.0,0.21330627054779785,0.0,0.4728049729301924,0.009002721940581347,0.014022803807143077,0.0,0.524361149883732,0.00683958783586257,0.008601023981377279,0.48182996061119865,0.0,0.0,0.0
0.008972460624196278,0.008972460624196278,0.11984416781378904,0.8409302614139669,0.48273921579431267,0.6659114642385672,0.7041271929279441,0.044301080612457515,0.5171236634366745,0.008972460624196278,0.47255247765958797,0.5165679833006938,0.008972460624196278,0.01268897548221893,0.5159460080433911,0.463004003891135,0.008972460624196278,0.4710366956333601,0.2063203285843256,0.008972460624196278,0.46394470605541427,0.5075614809643428,0.008972460624196278,0.45737395091913646,0.008972460624196278,0.5345348761007296,0.46513857870039826,0.01268897548221893,0.21018517405069867,0.008972460624196278,0.6993394429489084,0.012710391484128088,0.5171727409267245,0.008972460624196278,0.4679454415660774,0.2115002908819948,0.4648403079797143,0.008972460624196278,0.4639254632652579,0.2125655909561004,0.4639967534710628,0.4612785758282256,0.21012092477270491,0.008972460624196278,0.46852725193094935,0.008972460624196278,0.5106868391464551,0.47845818692585085,0.008972460624196278,0.008972460624196278,0.5170385115685213,0.4641172356991193,0.01580108999628397,0.5158264234836296,0.47314232358054237,0.008972460624196278,0.2138764522705224,0.4681774719384573,0.4657098721675593,0.21293041177097471,0.4751980165799314,0.008972460624196278,0.46518423687731186,0.21322361584565808,0.46322193482139373,0.008972460624196278,0.5236954364344668,0.008972460624196278,0.008972460624196278,0.6919121611531418,0.21339819670633622,0.48553826219897656,0.01664764470628067,0.5141285574204089,0.0138667731979271,0.47971987103526464,0.012429105457663988,0.5081698795391593,0.01268897548221893,0.008972460624196278,0.4878430010893868,0.008972460624196278,0.008972460624196278,0.008972460624196278,0.5138515857309238,0.008972460624196278,0.008972460624196278,0.47259360202728523,0.008972460624196278,0.008972460624196278,0.20916592938534753,0.46286973576123874,0.008972460624196278,0.008972460624196278,0.013649319217038403,0.4626036472534896,0.008972460624196278,0.008972460624196278,0.509047636041216,0.008972460624196278,0.008972460624196278,0.008972460624196278,0.008972460624196278,0.4631110831643545,0.008972460624196278,0.21224385635285128,0.4144224257408356,0.008972460624196278,0.008972460624196278,0.408437978565747,0.008972460624196278,0.008972460624196278,0.213494699191748,0.008972460624196278,0.4728879459968704,0.012710391484128088,0.01664764470628067,0.008972460624196278,0.5244349499953607,0.011282065896099933,0.012429105457663988,0.481911211373634,0.008972460624196278,0.008972460624196278,0.008972460624196278
0.5158707998207035,0.5158707998207035,0.5290204545442907,0.9326226862597543,0.6952401818218581,0.8160357640183981,0.8420041586689242,0.5176257549749244,0.717032287488981,0.5158707998207035,0.688901339797179,0.7166756321964808,0.5158707998207035,0.5159460080433911,0.7162765898235872,0.6830130945230749,0.5158707998207035,0.6879630848566771,0.5539294875246965,0.5158707998207035,0.6835908281615449,0.7109144843644154,0.5158707998207035,0.6795664762556946,0.5158707998207035,0.728274659908134,0.6843248011007482,0.5159460080433911,0.5553116246108517,0.5158707998207035,0.8387521571656752,0.5159465161640892,0.7170637937774946,0.5158707998207035,0.6860537106098205,0.5557868426739733,0.6841413504188982,0.5158707998207035,0.683579004914836,0.5561736077242948,0.6836228084809809,0.6819547903733112,0.5552884717774005,0.5158707998207035,0.6864126559020164,0.5158707998207035,0.7129094431069636,0.6925692671379964,0.5158707998207035,0.5158707998207035,0.7169776250654605,0.6836968444407548,0.5160288241051432,0.7161998874740412,0.6892668019574173,0.5158707998207035,0.5566517525834644,0.6861968371715083,0.6846763199379176,0.5563064319186742,0.6905420222950002,0.5158707998207035,0.6843528876761644,0.5564133197016249,0.6831468903639727,0.5158707998207035,0.7212605781590424,0.5158707998207035,0.5158707998207035,0.8337053171396774,0.5564770216094604,0.6969918480751645,0.5160544787348433,0.7151115585466024,0.515975224046893,0.6933553866960386,0.5159399105500345,0.7113024757193123,0.5159460080433911,0.5158707998207035,0.6984372990173633,0.5158707998207035,0.5158707998207035,0.5158707998207035,0.7149341437308436,0.5158707998207035,0.5158707998207035,0.6889268136134431,0.5158707998207035,0.5158707998207035,0.5549450308014301,0.6829306764272092,0.5158707998207035,0.5158707998207035,0.5159696350458576,0.6827673744592353,0.5158707998207035,0.5158707998207035,0.7118625492455386,0.5158707998207035,0.5158707998207035,0.5158707998207035,0.5158707998207035,0.6830788309118336,0.5158707998207035,0.556056628338691,0.6539482490227728,0.5158707998207035,0.5158707998207035,0.6504817035109669,0.5158707998207035,0.5158707998207035,0.5565122525737591,0.5158707998207035,0.6891091681729659,0.5159465161640892,0.5160544787348433,0.5158707998207035,0.7217375517072592,0.515914503433816,0.5159399105500345,0.6947228163406205,0.5158707998207035,0.5158707998207035,0.5158707998207035
0.4629190787399093,0.4629190787399093,0.4777264478228968,0.9177194071454691,0.6602614262120993,0.7906621726409913,0.8187301677361275,0.46490004571010046,0.683829727400227,0.4629190787399093,0.6533974913892243,0.6834443186830881,0.4629190787399093,0.463004003891135,0.6830130945230749,0.6470175399583898,0.4629190787399093,0.6523811477795455,0.505570160899062,0.4629190787399093,0.6476436938746511,0.6772173683287874,0.4629190787399093,0.643281234137204,0.4629190787399093,0.6959739712348575,0.6484391254621507,0.463004003891135,0.5071080546648997,0.4629190787399093,0.8152116504060604,0.463004577651646,0.6838637732652877,0.4629190787399093,0.6503125583744939,0.507636666305685,0.6482403195469056,0.4629190787399093,0.6476308801044217,0.5080668266355094,0.6476783533475164,0.6458704366452926,0.5070822983886722,0.4629190787399093,0.6507014659735244,0.4629190787399093,0.6793739165933134,0.6573697754685571,0.4629190787399093,0.4629190787399093,0.6837706587181771,0.6477585912169627,0.4630975165663217,0.68293020496413,0.6537933438962981,0.4629190787399093,0.508598545387737,0.6504676339145128,0.648820056338214,0.5082145413836523,0.6551744926156498,0.4629190787399093,0.6484695626028557,0.5083334074635414,0.6471625528067987,0.4629190787399093,0.6883982061098238,0.4629190787399093,0.4629190787399093,0.8097534941321007,0.5084042461282846,0.6621574639722089,0.4631264840853105,0.6817540383383638,0.4630369938545655,0.6582209398848143,0.46299711870420956,0.6776368115365802,0.463004003891135,0.4629190787399093,0.6637218192579643,0.4629190787399093,0.4629190787399093,0.4629190787399093,0.6815622961237757,0.4629190787399093,0.4629190787399093,0.653425083978423,0.4629190787399093,0.4629190787399093,0.5067002160679438,0.6469282111509791,0.4629190787399093,0.4629190787399093,0.4630306829304306,0.6467512140430571,0.4629190787399093,0.4629190787399093,0.6782422650796465,0.4629190787399093,0.4629190787399093,0.4629190787399093,0.4629190787399093,0.6470887877345457,0.4629190787399093,0.5079367277657574,0.6154604627792237,0.4629190787399093,0.4629190787399093,0.6116884153474204,0.4629190787399093,0.4629190787399093,0.5084434235213674,0.4629190787399093,0.6536226037190441,0.463004577651646,0.4631264840853105,0.4629190787399093,0.6889134765656917,0.46296842921713705,0.46299711870420956,0.659701360581896,0.4629190787399093,0.4629190787399093,0.4629190787399093
0.0,0.0,0.11950785650567214,0.8408964152537145,0.4826581203494146,0.6658572817713561,0.7040775443418569,0.043382955666493236,0.5170486527289111,0.0,0.4724694394855435,0.5164928794836636,0.0,0.008972460624196278,0.5158707998207035,0.4629190787399093,0.0,0.470953362291599,0.20612531569832074,0.0,0.4638599697710354,0.5074848454758211,0.0,0.45728788136228765,0.0,0.5344627058790918,0.4650540811627863,0.008972460624196278,0.2099937637077569,0.0,0.6992892356132469,0.009002721940581347,0.5170977384347439,0.0,0.467861501200484,0.21131007650719058,0.46475575089400206,0.0,0.4638407231240888,0.21237633456693802,0.46391202761705036,0.46119330252867174,0.2099294556196044,0.0,0.4684434263386607,0.0,0.5106107400509606,0.4783762835670839,0.0,0.0,0.5169634866030466,0.4640325339821474,0.01300651364049288,0.5157511951644717,0.47305939983074763,0.0,0.21368836165710242,0.4680935773746696,0.465625488502003,0.21274148125890419,0.4751154897228415,0.0,0.4650997484492938,0.21303494643447762,0.46313705348361095,0.0,0.5236215150777901,0.0,0.0,0.6918610824127743,0.21320968242185728,0.4854576885078312,0.014022803807143077,0.5140530429716705,0.010572717253659297,0.47963820704408117,0.008601023981377279,0.5080933488827977,0.008972460624196278,0.0,0.48776285324886953,0.0,0.0,0.0,0.5137760244637206,0.0,0.0,0.47251057183885614,0.0,0.0,0.20897358184277054,0.4627847835986227,0.0,0.0,0.010285857583628558,0.46251864152047417,0.0,0.0,0.5089712562746787,0.0,0.0,0.0,0.0,0.46302617954509756,0.0,0.21205431164827857,0.41432672802158316,0.0,0.0,0.40834079499088427,0.0,0.0,0.21330627054779785,0.0,0.4728049729301924,0.009002721940581347,0.014022803807143077,0.0,0.524361149883732,0.00683958783586257,0.008601023981377279,0.48182996061119865,0.0,0.0,0.0
0.470953362291599,0.470953362291599,0.48549031703181095,0.9199613992736466,0.665470656753143,0.794436075875106,0.8221947943829853,0.4728973252113489,0.6887705344209935,0.470953362291599,0.6586863779885834,0.6883894588033361,0.470953362291599,0.4710366956333601,0.6879630848566771,0.6523811477795455,0.470953362291599,0.6576818925241522,0.5128607846740292,0.470953362291599,0.652999937952039,0.6822327591338613,0.470953362291599,0.6486889235843808,0.470953362291599,0.7007790636337343,0.6537860247083345,0.4710366956333601,0.5143737494588534,0.470953362291599,0.8187154652481079,0.4710372586411503,0.6888041975943552,0.470953362291599,0.6556374905766778,0.5148938196728734,0.6535895533803827,0.470953362291599,0.6529872748079537,0.5153170396123821,0.6530341900161268,0.6512475522493599,0.5143484097136214,0.470953362291599,0.6560218453846284,0.470953362291599,0.6843649252648579,0.6626124741771191,0.470953362291599,0.470953362291599,0.6887121297303308,0.6531134847990704,0.4711284561019092,0.6878811278468586,0.6590776164306158,0.470953362291599,0.5158401920399184,0.6557907504056175,0.6541624841680636,0.5154623731813149,0.660442686141834,0.470953362291599,0.653816104483498,0.5155793239092777,0.6525244546378262,0.470953362291599,0.6932877768500055,0.470953362291599,0.470953362291599,0.8133178273100092,0.5156490214451529,0.6673448182320659,0.47115688095800845,0.6867182022646585,0.47106906737526577,0.6634537738516196,0.4710299394819579,0.6826474556064173,0.4710366956333601,0.470953362291599,0.6688911641453937,0.470953362291599,0.470953362291599,0.470953362291599,0.68652862017391,0.470953362291599,0.470953362291599,0.6587136488759895,0.470953362291599,0.470953362291599,0.5139725103208452,0.652292870052626,0.470953362291599,0.470953362291599,0.4710628747101652,0.6521179559734831,0.470953362291599,0.470953362291599,0.6832460612074824,0.470953362291599,0.470953362291599,0.470953362291599,0.470953362291599,0.6524515573226995,0.470953362291599,0.5151890388461027,0.6212048163358616,0.470953362291599,0.470953362291599,0.6174796825409219,0.470953362291599,0.470953362291599,0.5156875678422068,0.470953362291599,0.6589088660944465,0.4710372586411503,0.47115688095800845,0.470953362291599,0.6937972827398037,0.4710017877000818,0.4710299394819579,0.664917063409213,0.470953362291599,0.470953362291599,0.470953362291599
