0.9802574496955888,0.7852753364756546,0.8439244058018004,0.9950768464773285,0.8473095270177574,0.7754742259041332,0.8288825791639723,0.7754346078466174,0.8474147889613992,0.7754346078466174,0.8279574134274371,0.7962596257539019,0.8283940516025976,0.8268817064438612,0.7957441663838731,0.8281059342630133,0.7754346078466174,0.8280243653505479,0.7957614059892969,0.8239799200830092,0.7754346078466174,0.8267641031449637,0.7961747979438585,0.8280951685224182,0.7754346078466174,0.8459466169422504,0.8247833321368605,0.7754346078466174,0.7968738790634065,0.8265959751207966,0.8253716437347107,0.7754346078466174,0.8462970697206008,0.7754742259041332,0.8291793986228002,0.7969711892452481,0.8291002511813192,0.7754346078466174,0.8431451027344081,0.8333529905951154,0.7754346078466174,0.776181805485097,0.8481136971271085,0.7754346078466174,0.8289409783719826,0.8290034567604174,0.7961478263752989,0.8288774396546773,0.7754346078466174,0.8472843010126399,0.7754346078466174,0.828909093385534,0.8479255193159049,0.7754346078466174,0.7754346078466174,0.8289416791144173,0.8477591081497746,0.7754346078466174,0.8290005374112877,0.7754346078466174,0.8480172107832642,0.7754864049124847,0.8289827873429536,0.7975376279397127,0.8287664580174675,0.7754346078466174,0.8257679877399083,0.8470067256692873,0.7754346078466174,0.828928598401054,0.7970248888867006,0.8289706421381203,0.7754346078466174,0.8475558860275523,0.7754346078466174,0.7754346078466174,0.8296470993702343,0.7754346078466174,0.7754346078466174,0.7754346078466174,0.84719426118047,0.7754346078466174,0.7754346078466174,0.8288488208110721,0.7754346078466174,0.7754346078466174,0.7754346078466174,0.8472132124642542,0.7754346078466174,0.7754864049124847,0.7754346078466174,0.8292133645305626,0.7754346078466174,0.7754346078466174,0.8474483019386951,0.7754346078466174,0.7754346078466174,0.7754346078466174,0.8287381823339888,0.7754346078466174,0.7754346078466174,0.7968458188350377,0.8280670827110574,0.7754346078466174,0.7754346078466174,0.8289076917935266,0.7754346078466174,0.7754346078466174,0.7971216557019091,0.8291398267178066,0.7754346078466174,0.7754346078466174,0.8288712488007007,0.7754346078466174,0.7754346078466174,0.7967436724514219,0.8287644717697642,0.7754742259041332,0.7754346078466174,0.7754346078466174,0.7754346078466174,0.8478763635726752,0.7754346078466174,0.7754346078466174,0.8286836120249337
0.7852753364756546,0.1967691583233967,0.4075586086943235,0.8489203141496919,0.4173420561066297,0.13942584903136931,0.36231819679411775,0.13914985029908425,0.4176443087621033,0.13914985029908425,0.359423064404457,0.2468869846062963,0.3607913158298706,0.3560376457050135,0.24473334684091214,0.3598888488448396,0.13914985029908425,0.3596330845750133,0.24480563103497524,0.3467971794360376,0.13914985029908425,0.3556662517345043,0.24653364491477117,0.3598550989765153,0.13914985029908425,0.41341802644269976,0.34937186518290253,0.13914985029908425,0.24943314155304355,0.3551348561214435,0.351249186390926,0.13914985029908425,0.4144289194137611,0.13942584903136931,0.3632438748427863,0.24983452573182377,0.3629971896849929,0.13914985029908425,0.40528825125493834,0.37610539055110054,0.13914985029908425,0.14427112057295866,0.41964827810526567,0.13914985029908425,0.3625004441326062,0.3626953561002531,0.24642120976264653,0.36230215501710245,0.13914985029908425,0.4172696042094526,0.13914985029908425,0.36240094746789925,0.41910921152976094,0.13914985029908425,0.13914985029908425,0.36250263059219623,0.41863219739825425,0.13914985029908425,0.3626862501961666,0.13914985029908425,0.41937192208994395,0.13951059017610734,0.3626308818027663,0.25216045216387284,0.36195563996161495,0.13914985029908425,0.3525101718932098,0.416471938535539,0.13914985029908425,0.3624618146923619,0.25005579679508005,0.36259299371404957,0.13914985029908425,0.4180492793962971,0.13914985029908425,0.13914985029908425,0.3646994060712605,0.13914985029908425,0.13914985029908425,0.13914985029908425,0.41701094574231373,0.13914985029908425,0.13914985029908425,0.3622128196101366,0.13914985029908425,0.13914985029908425,0.13914985029908425,0.4170653943350273,0.13914985029908425,0.13951059017610734,0.13914985029908425,0.3633497060802575,0.13914985029908425,0.13914985029908425,0.41774051491141556,0.13914985029908425,0.13914985029908425,0.13914985029908425,0.36186732132463517,0.13914985029908425,0.13914985029908425,0.24931729943728861,0.35976704217957756,0.13914985029908425,0.13914985029908425,0.36239657341530807,0.13914985029908425,0.13914985029908425,0.2504541184992166,0.36312055139343413,0.13914985029908425,0.13914985029908425,0.3622828311054162,0.13914985029908425,0.13914985029908425,0.24889522685513674,0.3619494364034442,0.13942584903136931,0.13914985029908425,0.13914985029908425,0.13914985029908425,0.41896833715359255,0.13914985029908425,0.13914985029908425,0.3616968324982166
0.8439244058018004,0.4075586086943235,0.5392270866357497,0.8963020048113428,0.5464356955338152,0.3834778293866298,0.5068444507413392,0.3833786382004843,0.5466594621105907,0.3833786382004843,0.504830635204371,0.43360693651527926,0.5057814287833368,0.5024854623743981,0.43240383448647535,0.5051541166831459,0.3833786382004843,0.5049764671831949,0.4324441009179853,0.4961387729209672,0.3833786382004843,0.5022288294350876,0.43340906613222246,0.5051306711978278,0.3833786382004843,0.5435363399322392,0.4978990256081483,0.3833786382004843,0.4350383397218742,0.5018618576970312,0.4991864981462879,0.3833786382004843,0.5442822393334322,0.3834778293866298,0.5074899318141244,0.43526487662511226,0.5073178417620695,0.3833786382004843,0.5375639783913673,0.5165360637084327,0.3833786382004843,0.3852467086235775,0.548144637254721,0.3833786382004843,0.5069714722682795,0.5071073536547541,0.4333461419622761,0.5068332714779479,0.3833786382004843,0.5463820665551197,0.3833786382004843,0.5069021220583585,0.5477448572849883,0.3833786382004843,0.3833786382004843,0.5069729963530228,0.5473912610172191,0.3833786382004843,0.507101004785468,0.3833786382004843,0.547939662796343,0.3835083185908171,0.5070624021239647,0.43658232015236187,0.5065918469547586,0.3833786382004843,0.50005315892065,0.545791871794081,0.3833786382004843,0.5069445460925585,0.43538986235056054,0.5070359882560763,0.3833786382004843,0.5469593718578445,0.3833786382004843,0.3833786382004843,0.5085064295945129,0.3833786382004843,0.3833786382004843,0.3833786382004843,0.5461906366351702,0.3833786382004843,0.3833786382004843,0.5067710192549454,0.3833786382004843,0.3833786382004843,0.3833786382004843,0.5462309295466774,0.3833786382004843,0.3835083185908171,0.3833786382004843,0.5075637774192472,0.3833786382004843,0.3833786382004843,0.5467306994927891,0.3833786382004843,0.3833786382004843,0.3833786382004843,0.5065303307050698,0.3833786382004843,0.3833786382004843,0.4349730043993789,0.505069504440643,0.3833786382004843,0.3833786382004843,0.5068990735019396,0.3833786382004843,0.3833786382004843,0.4356150394878857,0.5074038933338614,0.3833786382004843,0.3833786382004843,0.5068198052528866,0.3833786382004843,0.3833786382004843,0.434735123790806,0.5065875257846335,0.3834778293866298,0.3833786382004843,0.3833786382004843,0.3833786382004843,0.5476404152293273,0.3833786382004843,0.3833786382004843,0.5064116006016788
0.9950768464773285,0.8489203141496919,0.8963020048113428,1.0,0.899003500597894,0.8409287462824939,0.8842443774951297,0.8408964152537145,0.8990874274611448,0.8408964152537145,0.8835001631488986,0.8578581062785688,0.8838514347961612,0.8826345041399843,0.8574391778679523,0.8836196538140292,0.8408964152537145,0.8835540294025883,0.8574531898204392,0.8802975162281818,0.8408964152537145,0.8825398422330447,0.8577891678882962,0.8836109926059029,0.8408964152537145,0.8979164069899259,0.880944815160532,0.8408964152537145,0.8583572592187232,0.8824045040569648,0.8814186843005165,0.8408964152537145,0.898196012614018,0.8409287462824939,0.8844830833836264,0.8584363283244437,0.8844194348587617,0.8408964152537145,0.8956794120553837,0.8878364095291628,0.8408964152537145,0.8415061443628878,0.8996445561557002,0.8408964152537145,0.884291345146581,0.8843415922470652,0.8577672481714232,0.8842402439835008,0.8408964152537145,0.8989833868358575,0.8408964152537145,0.8842657017364787,0.8994945725418566,0.8408964152537145,0.8408964152537145,0.8842919087129584,0.8993619248798687,0.8408964152537145,0.8843392444424732,0.8408964152537145,0.8995676554288123,0.8409386851399091,0.8843249693880681,0.8588965490101902,0.8841509835691015,0.8408964152537145,0.8817378680895365,0.8987620462963171,0.8408964152537145,0.8842813886295765,0.8584799610072331,0.8843152018472562,0.8408964152537145,0.8991999187294847,0.8408964152537145,0.8408964152537145,0.8848591552545856,0.8408964152537145,0.8408964152537145,0.8408964152537145,0.898911592044774,0.8408964152537145,0.8408964152537145,0.8842172267791061,0.8408964152537145,0.8408964152537145,0.8408964152537145,0.8989267034611982,0.8408964152537145,0.8409386851399091,0.8408964152537145,0.8845103973419083,0.8408964152537145,0.8408964152537145,0.899114146843678,0.8408964152537145,0.8408964152537145,0.8408964152537145,0.8841282413320317,0.8408964152537145,0.8408964152537145,0.8583344586127842,0.8835883969510033,0.8408964152537145,0.8408964152537145,0.8842645745024288,0.8408964152537145,0.8408964152537145,0.8585585857040671,0.8844512608388416,0.8408964152537145,0.8408964152537145,0.884235264903889,0.8408964152537145,0.8408964152537145,0.8582514572782861,0.8841493860312449,0.8409287462824939,0.8408964152537145,0.8408964152537145,0.8408964152537145,0.8994553913522232,0.8408964152537145,0.8408964152537145,0.8840843494913354
0.8473095270177574,0.4173420561066297,0.5464356955338152,0.899003500597894,0.5535323481348912,0.3938921045373585,0.5145848327977203,0.3937956573607966,0.5537526734759237,0.3937956573607966,0.5126058015160415,0.44277796737803476,0.5135401452463125,0.5103014112775794,0.441601735464808,0.5129236809482208,0.3937956573607966,0.5127491072839114,0.44164110049941796,0.5040666111152179,0.3937956573607966,0.5100492593333784,0.44258450740030036,0.5129006413026824,0.3937956573607966,0.5506777644158928,0.5057956052849919,0.3937956573607966,0.44417756847794493,0.509688701446095,0.5070603256222012,0.3937956573607966,0.5514121128797563,0.3938921045373585,0.515219210224176,0.4443990888202055,0.5150500783336965,0.3937956573607966,0.5447987255470587,0.5241119982724679,0.3937956573607966,0.3956122619754854,0.5552150594925163,0.3937956573607966,0.5147096675425428,0.5148432105627114,0.44252298649765137,0.5145738460356508,0.3937956573607966,0.5534795441990239,0.3937956573607966,0.514641511148718,0.554821405230372,0.3937956573607966,0.3937956573607966,0.514711165394077,0.5544732323296611,0.3937956573607966,0.5148369709285887,0.3937956573607966,0.5550132249996159,0.3939217505479897,0.5147990324892113,0.4456874468998137,0.5143365803388449,0.3937956573607966,0.5079117229738435,0.5528984368243145,0.3937956573607966,0.5146832048521421,0.4445213087140141,0.514773073160692,0.3937956573607966,0.5540479741648087,0.3937956573607966,0.3937956573607966,0.516218266610133,0.3937956573607966,0.3937956573607966,0.3937956573607966,0.5532910602350946,0.3937956573607966,0.3937956573607966,0.514512665885928,0.3937956573607966,0.3937956573607966,0.3937956573607966,0.5533307329475058,0.3937956573607966,0.3939217505479897,0.3937956573607966,0.5152917869310427,0.3937956573607966,0.3937956573607966,0.5538228157438015,0.3937956573607966,0.3937956573607966,0.3937956573607966,0.5142761242746372,0.3937956573607966,0.3937956573607966,0.4441136808130794,0.5128405334767392,0.3937956573607966,0.3937956573607966,0.5146385150769432,0.3937956573607966,0.3937956573607966,0.4447415063118088,0.5151346505167581,0.3937956573607966,0.3937956573607966,0.5145606117010416,0.3937956573607966,0.3937956573607966,0.44388107417233286,0.5143323336342184,0.3938921045373585,0.3937956573607966,0.3937956573607966,0.3937956573607966,0.554718564559508,0.3937956573607966,0.3937956573607966,0.5141594409620638
0.7754742259041332,0.13942584903136931,0.3834778293866298,0.8409287462824939,0.3938921045373585,0.012401694558975152,0.33485991717467406,0.00876932233114509,0.3942133705028963,0.00876932233114509,0.33171783662035825,0.20418597383812437,0.33320333086784565,0.3280381257910161,0.20157405748593868,0.33222364157229956,0.00876932233114509,0.33194591576336796,0.2016618976425614,0.317962432294156,0.00876932233114509,0.3276340761232916,0.20375817581218494,0.3321869956625921,0.00876932233114509,0.3897186882960097,0.3207747044631921,0.00876932233114509,0.2072604390537995,0.32705582697473484,0.3228228520234092,0.00876932233114509,0.390794283180174,0.012401694558975152,0.33586365657826467,0.20774381286128538,0.33559621071727,0.00876932233114509,0.38105665601174366,0.34976718976231397,0.00876932233114509,0.039098195555572535,0.39634270375889974,0.00876932233114509,0.33505756722483737,0.3352689337765982,0.2036219880224575,0.3348425188191649,0.00876932233114509,0.39381509090897965,0.00876932233114509,0.3349496636292441,0.39577003277496925,0.00876932233114509,0.00876932233114509,0.3350599383725344,0.3952632099957574,0.00876932233114509,0.3352590595715787,0.00876932233114509,0.3960491310563273,0.013320806792000485,0.33519901863299645,0.2105381188815634,0.33446666890907073,0.00876932233114509,0.32419746246433984,0.3929670967867997,0.00876932233114509,0.335015674396991,0.20801013437312013,0.3351579322768037,0.00876932233114509,0.39464377259971056,0.00876932233114509,0.00876932233114509,0.3374410674906866,0.00876932233114509,0.00876932233114509,0.00876932233114509,0.3935401337166109,0.00876932233114509,0.00876932233114509,0.33474562635980615,0.00876932233114509,0.00876932233114509,0.00876932233114509,0.3935980149444672,0.00876932233114509,0.013320806792000485,0.00876932233114509,0.33597838511945927,0.00876932233114509,0.00876932233114509,0.39431562272558784,0.00876932233114509,0.00876932233114509,0.00876932233114509,0.3343708637981684,0.00876932233114509,0.00876932233114509,0.20712086956185985,0.3320913800327738,0.00876932233114509,0.00876932233114509,0.33494491987850944,0.00876932233114509,0.00876932233114509,0.20848929026429783,0.33572995818908846,0.00876932233114509,0.00876932233114509,0.3348215606019326,0.00876932233114509,0.00876932233114509,0.20661209966432229,0.33445993962496057,0.012401694558975152,0.00876932233114509,0.00876932233114509,0.00876932233114509,0.39562036224307784,0.00876932233114509,0.00876932233114509,0.3341859120387439
0.8288825791639723,0.36231819679411775,0.5068444507413392,0.8842443774951297,0.5145848327977203,0.33485991717467406,0.4719089548618143,0.33474579574270513,0.5148249146312139,0.33474579574270513,0.4697265250701973,0.39154905696696013,0.4707570839451609,0.46718339685578303,0.3902081590104719,0.47007717607438465,0.33474579574270513,0.4698846096580703,0.3902530506402471,0.4602921212528244,0.33474579574270513,0.4669049960249172,0.3913285801778422,0.47005176247602787,0.33474579574270513,0.5114730465931853,0.46220473576996207,0.33474579574270513,0.39314333922106137,0.46650686086892096,0.46360300018442296,0.33474579574270513,0.5122737810513969,0.33485991717467406,0.4726082165825319,0.39339554853347786,0.4724218006900312,0.33474579574270513,0.5050569147772715,0.4823949458012913,0.33474579574270513,0.3368935358015396,0.5164180906295511,0.33474579574270513,0.4720465697558153,0.47219377792267625,0.39125846236773654,0.4718968430306465,0.33474579574270513,0.514527291941022,0.33474579574270513,0.4719714364772187,0.5159892877117723,0.33474579574270513,0.33474579574270513,0.4720482209164066,0.5156099914291624,0.33474579574270513,0.4721868999514287,0.33474579574270513,0.5161982400505082,0.33489499378993126,0.4721450799558783,0.39486172745510906,0.47163526963521607,0.33474579574270513,0.46454393543086897,0.5138940032618513,0.33474579574270513,0.47201739839927753,0.3935346860919479,0.4721164643640431,0.33474579574270513,0.5151466736213661,0.33474579574270513,0.33474579574270513,0.4737091496371681,0.33474579574270513,0.33474579574270513,0.33474579574270513,0.5143218931600397,0.33474579574270513,0.33474579574270513,0.47182939706021493,0.33474579574270513,0.33474579574270513,0.33474579574270513,0.5143651269824073,0.33474579574270513,0.33489499378993126,0.33474579574270513,0.47268820677563805,0.33474579574270513,0.33474579574270513,0.5149013436917337,0.33474579574270513,0.33474579574270513,0.33474579574270513,0.4715686164784174,0.33474579574270513,0.33474579574270513,0.3930705944219091,0.469985460316979,0.33474579574270513,0.33474579574270513,0.47196813366978374,0.33474579574270513,0.33474579574270513,0.39378533757048306,0.47251501685951036,0.33474579574270513,0.33474579574270513,0.47188225340977547,0.33474579574270513,0.33474579574270513,0.392805716362455,0.4716305876643482,0.33485991717467406,0.33474579574270513,0.33474579574270513,0.33474579574270513,0.5158772575414761,0.33474579574270513,0.33474579574270513,0.4714399685352681
0.7754346078466174,0.13914985029908425,0.3833786382004843,0.8408964152537145,0.3937956573607966,0.00876932233114509,0.33474579574270513,0.0,0.39411700582737946,0.0,0.3316026067031825,0.20399773929926088,0.3330886275245649,0.32792157169360814,0.2013833732558159,0.33210859146117877,0.0,0.3318307669903078,0.20147129682427609,0.3178421008274101,0.0,0.32751737487513494,0.20356954433059773,0.3320719325421417,0.0,0.38962115790211727,0.32065545042890203,0.0,0.2070750092139259,0.3269389145231129,0.3227043712208863,0.0,0.3906970340176144,0.00876932233114509,0.3357498850412352,0.20755881646069244,0.33548234614782696,0.0,0.3809568068252988,0.3496580662476893,0.0,0.038102073000849834,0.3962468827572727,0.0,0.334943514851565,0.3351549551677997,0.20343322982706882,0.33472839130447235,0.0,0.39371862393675766,0.0,0.3348355735643091,0.39567406608911254,0.0,0.0,0.33494588682726123,0.3951671140505755,0.0,0.33514507751879075,0.0,0.39595323542027483,0.01002710727899321,0.3350850156345372,0.21035558928288586,0.3343524098428676,0.0,0.3240794953094316,0.3928704113687415,0.0,0.3349016073929666,0.2078253759248602,0.33504391494093905,0.0,0.3945475182559092,0.0,0.0,0.3373278417769339,0.0,0.0,0.0,0.393443596010407,0.0,0.0,0.33463146495892737,0.0,0.0,0.0,0.3935014921360993,0.0,0.01002710727899321,0.0,0.33586465344764543,0.0,0.0,0.3942192842822359,0.0,0.0,0.0,0.3342565711535923,0.0,0.0,0.20693531419577396,0.33197628295565795,0.0,0.0,0.33483082815600346,0.0,0.0,0.20830495840690139,0.3356161401622223,0.0,0.0,0.33470742575912543,0.0,0.0,0.206426085290146,0.33434567820084105,0.00876932233114509,0.0,0.0,0.0,0.3955243574174344,0.0,0.0,0.33407155451866777
0.8474147889613992,0.4176443087621033,0.5466594621105907,0.8990874274611448,0.5537526734759237,0.3942133705028963,0.5148249146312139,0.39411700582737946,0.5539728930087596,0.39411700582737946,0.5128469487823043,0.4430616754027108,0.5137807886857709,0.5105438074192034,0.44188625886348126,0.5131646566403265,0.39411700582737946,0.5129901771805048,0.44192559654770014,0.5043124320245833,0.39411700582737946,0.5102917926766144,0.44286834926939467,0.5131416294246578,0.39411700582737946,0.5508994661813005,0.5060404696526132,0.39411700582737946,0.4444603112676023,0.5099314311657048,0.5073044936346007,0.39411700582737946,0.5516334595667527,0.3942133705028963,0.5154589519089031,0.4446816793310305,0.5152899106408722,0.39411700582737946,0.545023295233948,0.5243470401214595,0.39411700582737946,0.3959320627783762,0.5554345782739487,0.39411700582737946,0.5149496823880129,0.5150831537756833,0.44280687095141313,0.514813933766024,0.39411700582737946,0.5536998949074747,0.39411700582737946,0.5148815625646442,0.5550411123821182,0.39411700582737946,0.39411700582737946,0.514951179435936,0.5546931062488993,0.39411700582737946,0.5150769174878453,0.39411700582737946,0.555232840338243,0.3942429911618154,0.5150389993960494,0.44596915440964263,0.5145767954645917,0.39411700582737946,0.5081554237787504,0.5531190669330744,0.39411700582737946,0.5149232338957008,0.44480381526510354,0.5150130539917058,0.39411700582737946,0.5542680519790825,0.39411700582737946,0.39411700582737946,0.5164574739499549,0.39411700582737946,0.39411700582737946,0.39411700582737946,0.5535115015212925,0.39411700582737946,0.39411700582737946,0.5147527864569229,0.39411700582737946,0.39411700582737946,0.39411700582737946,0.5535511551648933,0.39411700582737946,0.3942429911618154,0.39411700582737946,0.5155314897429352,0.39411700582737946,0.39411700582737946,0.5540430016045702,0.39411700582737946,0.39411700582737946,0.39411700582737946,0.514516371876038,0.39411700582737946,0.39411700582737946,0.44439646754571016,0.5130815540310192,0.39411700582737946,0.39411700582737946,0.5148785681006381,0.39411700582737946,0.39411700582737946,0.44502386169961355,0.5153744375034769,0.39411700582737946,0.39411700582737946,0.5148007065348899,0.39411700582737946,0.39411700582737946,0.4441640209900174,0.5145725510410029,0.3942133705028963,0.39411700582737946,0.39411700582737946,0.39411700582737946,0.5549383209540462,0.39411700582737946,0.39411700582737946,0.514399751260276
0.7754346078466174,0.13914985029908425,0.3833786382004843,0.8408964152537145,0.3937956573607966,0.00876932233114509,0.33474579574270513,0.0,0.39411700582737946,0.0,0.3316026067031825,0.20399773929926088,0.3330886275245649,0.32792157169360814,0.2013833732558159,0.33210859146117877,0.0,0.3318307669903078,0.20147129682427609,0.3178421008274101,0.0,0.32751737487513494,0.20356954433059773,0.3320719325421417,0.0,0.38962115790211727,0.32065545042890203,0.0,0.2070750092139259,0.3269389145231129,0.3227043712208863,0.0,0.3906970340176144,0.00876932233114509,0.3357498850412352,0.20755881646069244,0.33548234614782696,0.0,0.3809568068252988,0.3496580662476893,0.0,0.038102073000849834,0.3962468827572727,0.0,0.334943514851565,0.3351549551677997,0.20343322982706882,0.33472839130447235,0.0,0.39371862393675766,0.0,0.3348355735643091,0.39567406608911254,0.0,0.0,0.33494588682726123,0.3951671140505755,0.0,0.33514507751879075,0.0,0.39595323542027483,0.01002710727899321,0.3350850156345372,0.21035558928288586,0.3343524098428676,0.0,0.3240794953094316,0.3928704113687415,0.0,0.3349016073929666,0.2078253759248602,0.33504391494093905,0.0,0.3945475182559092,0.0,0.0,0.3373278417769339,0.0,0.0,0.0,0.393443596010407,0.0,0.0,0.33463146495892737,0.0,0.0,0.0,0.3935014921360993,0.0,0.01002710727899321,0.0,0.33586465344764543,0.0,0.0,0.3942192842822359,0.0,0.0,0.0,0.3342565711535923,0.0,0.0,0.20693531419577396,0.33197628295565795,0.0,0.0,0.33483082815600346,0.0,0.0,0.20830495840690139,0.3356161401622223,0.0,0.0,0.33470742575912543,0.0,0.0,0.206426085290146,0.33434567820084105,0.00876932233114509,0.0,0.0,0.0,0.3955243574174344,0.0,0.0,0.33407155451866777
0.8279574134274371,0.359423064404457,0.504830635204371,0.8835001631488986,0.5126058015160415,0.33171783662035825,0.4697265250701973,0.3316026067031825,0.5128469487823043,0.3316026067031825,0.46753285985763626,0.38888012950109524,0.46856873537383337,0.46497652497588915,0.38752955919756316,0.46788532212472067,0.3316026067031825,0.4676917613092189,0.387574775658167,0.4580488262432532,0.3316026067031825,0.4646966708238217,0.38865806662501523,0.46785977733265527,0.3316026067031825,0.5094801333643426,0.4599716445771165,0.3316026067031825,0.3904858310544389,0.4642964546900475,0.4613773222117178,0.3316026067031825,0.5102844529073053,0.33171783662035825,0.4704293677576247,0.3907398388849231,0.47024199810851,0.3316026067031825,0.5030349438237649,0.48026528070231483,0.3316026067031825,0.3337710851966005,0.5144471748965865,0.3316026067031825,0.4698648454210582,0.4700128078310195,0.38858744404219087,0.4697143511330454,0.3316026067031825,0.5125480051869301,0.3316026067031825,0.4697893270297451,0.5140164778605594,0.3316026067031825,0.3316026067031825,0.46986650504386374,0.5136355040467351,0.3316026067031825,0.47000589462847064,0.3316026067031825,0.5142263535019688,0.33175325379376364,0.4699638603977019,0.39221643046884586,0.46945143579430176,0.3316026067031825,0.46232322414637433,0.5119119017794669,0.3316026067031825,0.46983552455262845,0.3908799677137676,0.46993509819526363,0.3316026067031825,0.5131701344256789,0.3316026067031825,0.3316026067031825,0.47153592033441644,0.3316026067031825,0.3316026067031825,0.3316026067031825,0.5123416940943389,0.3316026067031825,0.3316026067031825,0.4696465592688759,0.3316026067031825,0.3316026067031825,0.3316026067031825,0.5123851199951195,0.3316026067031825,0.33175325379376364,0.3316026067031825,0.47050976700484737,0.3316026067031825,0.3316026067031825,0.5129237168521695,0.3316026067031825,0.3316026067031825,0.3316026067031825,0.4693844404835278,0.3316026067031825,0.3316026067031825,0.390412567105305,0.46779313284146073,0.3316026067031825,0.3316026067031825,0.46978600729059683,0.3316026067031825,0.3316026067031825,0.39113240327106336,0.4703356912792925,0.3316026067031825,0.3316026067031825,0.4696996866971519,0.3316026067031825,0.3316026067031825,0.3901457971922922,0.4694467297919593,0.33171783662035825,0.3316026067031825,0.3316026067031825,0.3316026067031825,0.5139039524141443,0.3316026067031825,0.3316026067031825,0.46925513190979884
0.7962596257539019,0.2468869846062963,0.43360693651527926,0.8578581062785688,0.44277796737803476,0.20418597383812437,0.39154905696696013,0.20399773929926088,0.4430616754027108,0.20399773929926088,0.38888012950109524,0.2883713828484332,0.39014109792274015,0.3857631123660696,0.28653267089881385,0.38930931588332773,0.20399773929926088,0.3890736379706641,0.2865943149709655,0.37727743399393454,0.20399773929926088,0.3854214225931798,0.2880694173767192,0.38927821518401273,0.20399773929926088,0.4390967107051893,0.3796384648338825,0.20399773929926088,0.2905507088586252,0.384932618330893,0.38136165015697876,0.20399773929926088,0.4400447009420611,0.20418597383812437,0.3924030445944858,0.29089479945979446,0.39217543448414005,0.20399773929926088,0.43148216690586066,0.4042990635544638,0.20399773929926088,0.20752239423800936,0.4449432452850897,0.20399773929926088,0.3917171657507516,0.3918969697798947,0.2879733539847262,0.3915342602624028,0.20399773929926088,0.44270996401713414,0.20399773929926088,0.3916253864604468,0.4444370098960218,0.20399773929926088,0.20399773929926088,0.3917191826591626,0.4439891054065938,0.20399773929926088,0.39188856938721023,0.20399773929926088,0.4446837117670897,0.20424380825479557,0.3918374914880771,0.29289154576135995,0.391214662237409,0.20399773929926088,0.3825198734190943,0.44196135871816583,0.20399773929926088,0.3916815321503321,0.29108454798191286,0.3918025399758214,0.20399773929926088,0.4434418336023474,0.20399773929926088,0.20399773929926088,0.39374646478721065,0.20399773929926088,0.20399773929926088,0.20399773929926088,0.44246719747294705,0.20399773929926088,0.20399773929926088,0.3914518602505562,0.20399773929926088,0.20399773929926088,0.20399773929926088,0.44251829941343174,0.20399773929926088,0.20424380825479557,0.20399773929926088,0.39250069900755963,0.20399773929926088,0.20399773929926088,0.4431519834611372,0.20399773929926088,0.20399773929926088,0.20399773929926088,0.39113321100623566,0.20399773929926088,0.20399773929926088,0.29045142893403886,0.38919707228852746,0.20399773929926088,0.20399773929926088,0.39162135175869334,0.20399773929926088,0.20399773929926088,0.2914262344672563,0.3922892544859263,0.20399773929926088,0.20399773929926088,0.3915164362861951,0.20399773929926088,0.20399773929926088,0.29008980312823784,0.3912089409589222,0.20418597383812437,0.20399773929926088,0.20399773929926088,0.20399773929926088,0.44430472669125826,0.20399773929926088,0.20399773929926088,0.3909759868223463
0.8283940516025976,0.3607913158298706,0.5057814287833368,0.8838514347961612,0.5135401452463125,0.33320333086784565,0.4707570839451609,0.3330886275245649,0.5137807886857709,0.3330886275245649,0.46856873537383337,0.39014109792274015,0.4696020950113574,0.4660186501922346,0.3887951128847273,0.4689203405312411,0.3330886275245649,0.4687272502758065,0.38884017535334536,0.45910818918420043,0.3330886275245649,0.4657394838024407,0.38991978693348384,0.46889485782131635,0.3330886275245649,0.5104210418049856,0.4610261782107543,0.3330886275245649,0.3917413862835007,0.465340252465836,0.46242834739009625,0.3330886275245649,0.5112236659506506,0.33320333086784565,0.47145823214863014,0.3919945415691885,0.4712713138072997,0.3330886275245649,0.5039895944438558,0.48127087380670003,0.3330886275245649,0.33524725490666846,0.5153776809498082,0.3330886275245649,0.47089507047803264,0.4710426759855215,0.38984940363991505,0.4707449393962293,0.3330886275245649,0.5134824697264289,0.3330886275245649,0.47081973431966795,0.5149478795950561,0.3330886275245649,0.3330886275245649,0.4708967260965735,0.5145676990482274,0.3330886275245649,0.4710357794541535,0.3330886275245649,0.5151573186290139,0.3332385862633466,0.4709938465978872,0.3934661973994133,0.4704826590593969,0.3330886275245649,0.4633718987896916,0.512847697369731,0.3330886275245649,0.47086582035767455,0.39213420051249337,0.47096515377053105,0.3330886275245649,0.5141032996893063,0.3330886275245649,0.3330886275245649,0.4725621256548649,0.3330886275245649,0.3330886275245649,0.3330886275245649,0.5132765900536402,0.3330886275245649,0.3330886275245649,0.47067731120724243,0.3330886275245649,0.3330886275245649,0.3330886275245649,0.5133199251230408,0.3330886275245649,0.3332385862633466,0.3330886275245649,0.4715384378361105,0.3330886275245649,0.3330886275245649,0.5138573964436646,0.3330886275245649,0.3330886275245649,0.3330886275245649,0.47041582565489803,0.3330886275245649,0.3330886275245649,0.39166836842624525,0.46882837532515714,0.3330886275245649,0.3330886275245649,0.4708164225925067,0.3330886275245649,0.3330886275245649,0.39238579037911325,0.47136478126580894,0.3330886275245649,0.3330886275245649,0.4707303103624133,0.3330886275245649,0.3330886275245649,0.39140249531007837,0.4704779644286726,0.33320333086784565,0.3330886275245649,0.3330886275245649,0.3330886275245649,0.5148355883532184,0.3330886275245649,0.3330886275245649,0.47028682969018354
0.8268817064438612,0.3560376457050135,0.5024854623743981,0.8826345041399843,0.5103014112775794,0.3280381257910161,0.46718339685578303,0.32792157169360814,0.5105438074192034,0.32792157169360814,0.46497652497588915,0.3857631123660696,0.4660186501922346,0.4624046636716563,0.38440108705116355,0.4653311164307,0.32792157169360814,0.4651363866791733,0.3844466882411298,0.455434129070046,0.32792157169360814,0.4621231007461455,0.3855391712076086,0.4653054174187512,0.32792157169360814,0.5071594694899807,0.4573689499618634,0.32792157169360814,0.38738233544196965,0.461720437797418,0.458783346534483,0.32792157169360814,0.5079679920586034,0.3280381257910161,0.46789044835336946,0.38763847264921086,0.46770195774795476,0.32792157169360814,0.500680206593106,0.4777841472570635,0.32792157169360814,0.33011481918465113,0.5121522970907514,0.32792157169360814,0.4673225463663722,0.46747139526803594,0.3854679508501901,0.46717114992188324,0.32792157169360814,0.5102433154871808,0.32792157169360814,0.46724657533328595,0.5117193799997016,0.32792157169360814,0.32792157169360814,0.46732421593520396,0.5113364399435386,0.32792157169360814,0.46746444065695403,0.32792157169360814,0.5119303378308239,0.328073949784337,0.4674221546278959,0.3891273911613964,0.4669066573043064,0.32792157169360814,0.4597350894453735,0.509603912629378,0.32792157169360814,0.4672930497696068,0.38777977507676914,0.46739322010835566,0.32792157169360814,0.51086866532575,0.32792157169360814,0.32792157169360814,0.46900360528932844,0.32792157169360814,0.32792157169360814,0.32792157169360814,0.5100359349874299,0.32792157169360814,0.32792157169360814,0.4671029515076889,0.32792157169360814,0.32792157169360814,0.32792157169360814,0.5100795860426035,0.32792157169360814,0.328073949784337,0.32792157169360814,0.4679713283599805,0.32792157169360814,0.32792157169360814,0.510620972864361,0.32792157169360814,0.32792157169360814,0.32792157169360814,0.4668392598315742,0.32792157169360814,0.32792157169360814,0.3873084568270651,0.46523837051040606,0.32792157169360814,0.32792157169360814,0.4672432356934132,0.32792157169360814,0.32792157169360814,0.3880343228162468,0.46779621154330375,0.32792157169360814,0.32792157169360814,0.4671563975514937,0.32792157169360814,0.32792157169360814,0.38703944694235737,0.4669019230558406,0.3280381257910161,0.32792157169360814,0.32792157169360814,0.32792157169360814,0.5116062740421153,0.32792157169360814,0.32792157169360814,0.46670917475848145
0.7957441663838731,0.24473334684091214,0.43240383448647535,0.8574391778679523,0.441601735464808,0.20157405748593868,0.3902081590104719,0.2013833732558159,0.44188625886348126,0.2013833732558159,0.38752955919756316,0.28653267089881385,0.3887951128847273,0.38440108705116355,0.2846819210392324,0.38796030935648657,0.2013833732558159,0.38772377313179684,0.28474397116670724,0.3758833224828499,0.2013833732558159,0.38405813099282354,0.28622873891583295,0.38792909544776033,0.2013833732558159,0.4379098137816215,0.37825341668560525,0.2013833732558159,0.28872606962593433,0.3835675115729672,0.3799831499608851,0.2013833732558159,0.4388605656753096,0.20157405748593868,0.3910652155284913,0.28907236309350876,0.3908367886999072,0.2013833732558159,0.43027269345915603,0.40300272573524215,0.2013833732558159,0.20495315044926912,0.4437732129434869,0.2013833732558159,0.39037687289928424,0.39055732359289935,0.28613204906803474,0.3901933090221278,0.2013833732558159,0.4415335365247117,0.2013833732558159,0.39028476331104067,0.44326553292396653,0.2013833732558159,0.2013833732558159,0.39037889706457723,0.4428163478209386,0.2013833732558159,0.3905488930005939,0.2013833732558159,0.44351293916659973,0.20163264364201058,0.3904976314490776,0.29108179161015696,0.38987255918593533,0.2013833732558159,0.38114574310673494,0.44078277467747734,0.2013833732558159,0.39034111107683733,0.28926332418315004,0.390462554241624,0.2013833732558159,0.44226750817807253,0.2013833732558159,0.2013833732558159,0.39241343824945873,0.2013833732558159,0.2013833732558159,0.2013833732558159,0.44129007134182896,0.2013833732558159,0.2013833732558159,0.3901106122141634,0.2013833732558159,0.2013833732558159,0.2013833732558159,0.44134132040128277,0.2013833732558159,0.20163264364201058,0.2013833732558159,0.3911632200769438,0.2013833732558159,0.2013833732558159,0.44197682627136775,0.2013833732558159,0.2013833732558159,0.2013833732558159,0.38979081412804134,0.2013833732558159,0.2013833732558159,0.2886261531528847,0.38784765710483776,0.2013833732558159,0.2013833732558159,0.39028071408576437,0.2013833732558159,0.2013833732558159,0.28960719024473686,0.3909510172251972,0.2013833732558159,0.2013833732558159,0.39017542085575074,0.2013833732558159,0.2013833732558159,0.2882622050866611,0.3898668172722788,0.20157405748593868,0.2013833732558159,0.2013833732558159,0.2013833732558159,0.4431328717441765,0.2013833732558159,0.2013833732558159,0.389633022450517
0.8281059342630133,0.3598888488448396,0.5051541166831459,0.8836196538140292,0.5129236809482208,0.33222364157229956,0.47007717607438465,0.33210859146117877,0.5131646566403265,0.33210859146117877,0.46788532212472067,0.38930931588332773,0.4689203405312411,0.4653311164307,0.38796030935648657,0.46823749239061185,0.33210859146117877,0.46804409188596935,0.38800547329847274,0.45840929065073266,0.33210859146117877,0.46505149659332773,0.3890875094311305,0.46821196874873205,0.33210859146117877,0.5098002483861043,0.4603304635789574,0.33210859146117877,0.3909131713475685,0.4646516159726801,0.4617349458602655,0.33210859146117877,0.5106039905619217,0.33222364157229956,0.4707794414968799,0.39116688843491465,0.47059222559573943,0.33210859146117877,0.5033597388815898,0.4806074269561289,0.33210859146117877,0.3342737062475423,0.5147637474471284,0.33210859146117877,0.47021538270214414,0.4703632235248984,0.3890169684558473,0.47006501214904184,0.33210859146117877,0.5128659257597673,0.33210859146117877,0.47013992639283403,0.5143333554244737,0.33210859146117877,0.33210859146117877,0.4702170409608019,0.5139526517489565,0.33210859146117877,0.4703563160017744,0.33210859146117877,0.5145430823843913,0.332259003504479,0.4703143163065944,0.39264179680468175,0.4698023131393921,0.33210859146117877,0.46268004696256876,0.5122302756327195,0.33210859146117877,0.4701860859357279,0.3913068570193489,0.47028557773840396,0.33210859146117877,0.5134876125410612,0.33210859146117877,0.33210859146117877,0.47188508820842356,0.33210859146117877,0.33210859146117877,0.33210859146117877,0.5126597615840441,0.33210859146117877,0.33210859146117877,0.46999727604481295,0.33210859146117877,0.33210859146117877,0.33210859146117877,0.5127031565528403,0.33210859146117877,0.332259003504479,0.33210859146117877,0.47085977480378655,0.33210859146117877,0.33210859146117877,0.5132413701173116,0.33210859146117877,0.33210859146117877,0.33210859146117877,0.4697353729860846,0.33210859146117877,0.33210859146117877,0.3908399913233201,0.4681453794461412,0.33210859146117877,0.33210859146117877,0.47013660938316143,0.33210859146117877,0.33210859146117877,0.39155900417289613,0.47068584187260964,0.33210859146117877,0.33210859146117877,0.4700503597737263,0.33210859146117877,0.33210859146117877,0.39057352724645084,0.4697976110110777,0.33222364157229956,0.33210859146117877,0.33210859146117877,0.33210859146117877,0.5142209097337533,0.33210859146117877,0.33210859146117877,0.4696061709106273
0.7754346078466174,0.13914985029908425,0.3833786382004843,0.8408964152537145,0.3937956573607966,0.00876932233114509,0.33474579574270513,0.0,0.39411700582737946,0.0,0.3316026067031825,0.20399773929926088,0.3330886275245649,0.32792157169360814,0.2013833732558159,0.33210859146117877,0.0,0.3318307669903078,0.20147129682427609,0.3178421008274101,0.0,0.32751737487513494,0.20356954433059773,0.3320719325421417,0.0,0.38962115790211727,0.32065545042890203,0.0,0.2070750092139259,0.3269389145231129,0.3227043712208863,0.0,0.3906970340176144,0.00876932233114509,0.3357498850412352,0.20755881646069244,0.33548234614782696,0.0,0.3809568068252988,0.3496580662476893,0.0,0.038102073000849834,0.3962468827572727,0.0,0.334943514851565,0.3351549551677997,0.20343322982706882,0.33472839130447235,0.0,0.39371862393675766,0.0,0.3348355735643091,0.39567406608911254,0.0,0.0,0.33494588682726123,0.3951671140505755,0.0,0.33514507751879075,0.0,0.39595323542027483,0.01002710727899321,0.3350850156345372,0.21035558928288586,0.3343524098428676,0.0,0.3240794953094316,0.3928704113687415,0.0,0.3349016073929666,0.2078253759248602,0.33504391494093905,0.0,0.3945475182559092,0.0,0.0,0.3373278417769339,0.0,0.0,0.0,0.393443596010407,0.0,0.0,0.33463146495892737,0.0,0.0,0.0,0.3935014921360993,0.0,0.01002710727899321,0.0,0.33586465344764543,0.0,0.0,0.3942192842822359,0.0,0.0,0.0,0.3342565711535923,0.0,0.0,0.20693531419577396,0.33197628295565795,0.0,0.0,0.33483082815600346,0.0,0.0,0.20830495840690139,0.3356161401622223,0.0,0.0,0.33470742575912543,0.0,0.0,0.206426085290146,0.33434567820084105,0.00876932233114509,0.0,0.0,0.0,0.3955243574174344,0.0,0.0,0.33407155451866777
