0.0,0.11167613077385025,0.31663911468756123,0.751487517760524,0.8408964152537145,0.1771098497521966,0.020686451113751766,0.39047989808269346,0.0,0.43250001078477035,0.38981320271132097,0.0,0.0075248671621939685,0.4286442875310693,0.38581313649502097,0.0,0.39232754947137394,0.1727724447969847,0.38642118586207697,0.0075248671621939685,0.4220937225054353,0.38107554586042325,0.0,0.40543889173507364,0.17467508091792758,0.387785025983959,0.0075248671621939685,0.4312013513446401,0.0,0.3870854601810691,0.17751826249550692,0.38912668929369154,0.00886694245958152,0.3898358314110997,0.42728371270931725,0.0075248671621939685,0.0,0.4272106070007412,0.3868986919918686,0.0,0.3846256802454513,0.17612984254636474,0.3886997048970325,0.03692640483136567,0.3836003324487195,0.17772535295071434,0.39875482326830797,0.38997768019038603,0.17461530138344247,0.0,0.38641068271677104,0.42830781452864775,0.00886694245958152,0.39387204672859216,0.0,0.4307996586246424,0.0,0.3877040575108661,0.0,0.43565404657242884,0.38723328482909963,0.0,0.4269692885831625,0.0,0.3935268873748134,0.18043585191744096,0.3833465921497591,0.34883790265824094,0.24771999458563615,0.0,0.4038116205961853,0.00862636400153537,0.42730210550621434,0.39975372939113685,0.0,0.0,0.422069198312227,0.0,0.0,0.40587313082590937,0.0,0.0,0.0,0.4269789622474623,0.0,0.0,0.3937061803707441,0.0,0.0,0.0,0.4251840274298983,0.0,0.007550246156786355,0.0,0.38528773600974836,0.0,0.0,0.4230787554157089,0.0,0.0,0.0,0.0,0.3858467391216213,0.0,0.17753175225469922,0.34618456289568766,0.0,0.0,0.0037369255145221136,0.3415932594433482,0.0,0.1787615152751836,0.39351503293697015,0.00862636400153537,0.0,0.0,0.3956605563806195,0.17726392471901342,0.0075248671621939685,0.0,0.40123441316558794,0.0,0.0,0.0,0.43077458712478867
0.11167613077385025,0.15792775712517418,0.3356504854642402,0.7582756839471192,0.8460913135126523,0.2093582582966833,0.11357575894992245,0.405941406641639,0.11167613077385025,0.446422598731019,0.40530142793452095,0.11167613077385025,0.11192934104154058,0.44269727066075143,0.40146334662944066,0.11167613077385025,0.40771543013252,0.2057036624461641,0.40204658414837546,0.11192934104154058,0.4363728676809808,0.39692144342288704,0.11167613077385025,0.4203210889323397,0.20730355183417634,0.403355019001028,0.11192934104154058,0.4451676374070128,0.11167613077385025,0.4026838301193296,0.2097037121126515,0.4046425087175822,0.11202756223438047,0.40532314852279483,0.44138318476643923,0.11192934104154058,0.11167613077385025,0.4413125840983044,0.4025046530673534,0.11167613077385025,0.4003245427780484,0.2085302485050807,0.40423272968558166,0.11762227644578102,0.39934141713538196,0.20987896453224444,0.4138912105758881,0.4054593068665068,0.207253206867902,0.11167613077385025,0.40203650901203075,0.44237227111630617,0.11202756223438047,0.4091988416713868,0.11167613077385025,0.44477950626685875,0.11167613077385025,0.403277330329666,0.11167613077385025,0.44947142364057685,0.4028256510096995,0.11167613077385025,0.4410795398743669,0.11167613077385025,0.40886729736124455,0.21217801800514888,0.39909815591535797,0.3661383523422638,0.27167715621771765,0.11167613077385025,0.4187550308643166,0.11200877875773152,0.44140094743041025,0.41485166142555857,0.11167613077385025,0.11167613077385025,0.4363492014303877,0.11167613077385025,0.11167613077385025,0.42073906495421826,0.11167613077385025,0.11167613077385025,0.11167613077385025,0.4410888817003939,0.11167613077385025,0.11167613077385025,0.4090395154323974,0.11167613077385025,0.11167613077385025,0.11167613077385025,0.4393557388232465,0.11167613077385025,0.1119310499728746,0.11167613077385025,0.4009594405162573,0.11167613077385025,0.11167613077385025,0.43732351085940596,0.11167613077385025,0.11167613077385025,0.11167613077385025,0.11167613077385025,0.40149557629675914,0.11167613077385025,0.2097151262000407,0.3636153238389343,0.11167613077385025,0.11167613077385025,0.11173863122291583,0.3592537308611533,0.11167613077385025,0.2107566911238374,0.40885591089869044,0.11200877875773152,0.11167613077385025,0.11167613077385025,0.41091713328741064,0.2094885553176757,0.11192934104154058,0.11167613077385025,0.41627564820987617,0.11167613077385025,0.11167613077385025,0.11167613077385025,0.444755281918382
0.31663911468756123,0.3356504854642402,0.44666573873719595,0.8028886028815447,0.8800219300448906,0.36252011669036965,0.31731071963669116,0.5007936627812609,0.31663911468756123,0.5334832534181468,0.5002846477936429,0.31663911468756123,0.31672806490996486,0.5304371638762011,0.49723749697315406,0.31663911468756123,0.502206012720277,0.3604380113065774,0.4976999306764383,0.31672806490996486,0.5252824478078771,0.4936439801967131,0.31663911468756123,0.5122976720304854,0.36134650128721657,0.49873815700107665,0.31672806490996486,0.5324563144625706,0.31663911468756123,0.4982054388044092,0.3627181868644592,0.4997608412501238,0.3167626163994108,0.5003019192540896,0.5293643843047479,0.31672806490996486,0.31663911468756123,0.5293067735499141,0.4980632764198871,0.31663911468756123,0.4963352088605689,0.36204624718303985,0.49943522834324505,0.31877409629218595,0.4955569501836202,0.3628187524545109,0.5071380550748537,0.5004101945137448,0.3613178416162881,0.31663911468756123,0.4976919404882489,0.5301717605825831,0.3167626163994108,0.5033885201282298,0.31663911468756123,0.5321388682903248,0.31663911468756123,0.498676481127758,0.31663911468756123,0.5359814374413826,0.49831797685279566,0.31663911468756123,0.5291166259451747,0.31663911468756123,0.5031241086353219,0.3641431420230386,0.4953644787385857,0.46967005649698457,0.40140673576696445,0.31663911468756123,0.511038728525343,0.3167560068467022,0.5293788792019007,0.507907186444392,0.31663911468756123,0.31663911468756123,0.5252631984690632,0.31663911468756123,0.31663911468756123,0.5126339241319895,0.31663911468756123,0.31663911468756123,0.31663911468756123,0.5291242476680339,0.31663911468756123,0.31663911468756123,0.5032614465209749,0.31663911468756123,0.31663911468756123,0.31663911468756123,0.5277110111518226,0.31663911468756123,0.3167286658382909,0.31663911468756123,0.49683814150182665,0.31663911468756123,0.31663911468756123,0.5260559175944365,0.31663911468756123,0.31663911468756123,0.31663911468756123,0.31663911468756123,0.49726304525046494,0.31663911468756123,0.36272473495335983,0.46773669598638096,0.31663911468756123,0.31663911468756123,0.31666105410398054,0.4644065449580892,0.31663911468756123,0.3633232541209762,0.5031150289835554,0.3167560068467022,0.31663911468756123,0.31663911468756123,0.5047599799713725,0.3625947987306599,0.31672806490996486,0.31663911468756123,0.5090485451582265,0.31663911468756123,0.31663911468756123,0.31663911468756123,0.5321190581461841
0.751487517760524,0.7582756839471192,0.8028886028815447,0.9654630941320531,0.9914046878313547,0.7683376069712038,0.7517224196812079,0.8270208381934007,0.751487517760524,0.8421033409747352,0.8267886007806866,0.751487517760524,0.7515186081613686,0.8406852110761969,0.825400199516237,0.751487517760524,0.8276656799319025,0.7675392525325924,0.8256106958791944,0.7515186081613686,0.8382908599250231,0.823767020202189,0.751487517760524,0.8322922619289237,0.7678872261345859,0.8260835590655061,0.7515186081613686,0.8416249807398097,0.751487517760524,0.8258408844142953,0.7684137125173276,0.826549706841934,0.7515306865304503,0.8267964794177916,0.8401863332839732,0.7515186081613686,0.751487517760524,0.840159550810878,0.8257761402958594,0.751487517760524,0.8249896997141841,0.7681556409760171,0.826401250895942,0.7522355173386412,0.8246358572636144,0.7684523638594302,0.8299227145368259,0.8268458731233278,0.7678762399242666,0.751487517760524,0.825607058173544,0.8405617621854361,0.7515306865304503,0.8282060962411067,0.751487517760524,0.8414771639729045,0.751487517760524,0.826055458199554,0.751487517760524,0.8432681101414464,0.8258921418695515,0.751487517760524,0.8400711598431385,0.751487517760524,0.8280852174040297,0.7689620375308661,0.8245483813175097,0.8129959346578726,0.7837807356867884,0.751487517760524,0.8317133244458451,0.7515283759150074,0.8401930719044312,0.8302754032342929,0.751487517760524,0.751487517760524,0.8382819319238634,0.751487517760524,0.751487517760524,0.8324469734174806,0.751487517760524,0.751487517760524,0.751487517760524,0.8400747026542676,0.751487517760524,0.751487517760524,0.8281480001407447,0.751487517760524,0.751487517760524,0.751487517760524,0.8394180467580901,0.751487517760524,0.7515188182231732,0.751487517760524,0.8252184759044927,0.751487517760524,0.751487517760524,0.8386496844651318,0.751487517760524,0.751487517760524,0.751487517760524,0.751487517760524,0.8254118269568572,0.751487517760524,0.76841622899232,0.8121374119120246,0.751487517760524,0.751487517760524,0.7514951855569953,0.8106623986307154,0.751487517760524,0.768646370425597,0.828081066946763,0.7515283759150074,0.751487517760524,0.751487517760524,0.8288334465604559,0.7683662992235665,0.7515186081613686,0.751487517760524,0.8307991264871056,0.751487517760524,0.751487517760524,0.751487517760524,0.8414679403469425
0.8408964152537145,0.8460913135126523,0.8800219300448906,0.9914046878313547,1.0,0.8537794050346316,0.8410762796108296,0.8981395500084097,0.8408964152537145,0.9093374137719171,0.8979662877353969,0.8408964152537145,0.8409202215444053,0.9082894141214357,0.8969299705487928,0.8408964152537145,0.8986205137361141,0.85316999613234,0.8970871409972301,0.8409202215444053,0.9065175680454458,0.8957098874673093,0.8408964152537145,0.9020657915023294,0.853435628739479,0.8974401419533279,0.8409202215444053,0.9089840259064284,0.8408964152537145,0.89725899301766,0.8538374930338314,0.8977880346179593,0.8409294700647184,0.8979721660335812,0.9079204873367938,0.8409202215444053,0.8408964152537145,0.9079006776127203,0.8972106592711688,0.8408964152537145,0.8966234095413314,0.8536405143647388,0.8976772501364709,0.8414691354448178,0.8963591023135535,0.8538669935096033,0.9003024868422036,0.8980090183511982,0.8534272425135613,0.8408964152537145,0.8970844250088861,0.9081981343140774,0.8409294700647184,0.899023448152538,0.8408964152537145,0.9088748015192646,0.8408964152537145,0.897419166856182,0.8408964152537145,0.9101973642427391,0.8972972572112387,0.8408964152537145,0.9078352963215062,0.8408964152537145,0.8989333322041488,0.8542559754496396,0.8962937527847323,0.887636290448473,0.8655437019388683,0.8408964152537145,0.9016352159667717,0.8409277008061755,0.9079254715148102,0.9005651061500765,0.8408964152537145,0.8408964152537145,0.9065109556431401,0.8408964152537145,0.8408964152537145,0.9021808288739137,0.8408964152537145,0.8408964152537145,0.8408964152537145,0.9078379169578009,0.8408964152537145,0.8408964152537145,0.8989801379527863,0.8408964152537145,0.8408964152537145,0.8408964152537145,0.9073520722929831,0.8408964152537145,0.8409203823908441,0.8408964152537145,0.8967942683877839,0.8408964152537145,0.8408964152537145,0.9067832925294312,0.8408964152537145,0.8408964152537145,0.8408964152537145,0.8408964152537145,0.8969386528600044,0.8408964152537145,0.8538394137307809,0.8869908828278754,0.8408964152537145,0.8408964152537145,0.8409022865875649,0.8858814068353631,0.8408964152537145,0.8540150642855611,0.8989302378956172,0.8409277008061755,0.8408964152537145,0.8408964152537145,0.8994910365282464,0.853801304680603,0.8409202215444053,0.8408964152537145,0.9009549755143751,0.8408964152537145,0.8408964152537145,0.8408964152537145,0.9088679856313217
0.1771098497521966,0.2093582582966833,0.36252011669036965,0.7683376069712038,0.8537794050346316,0.25040951633831576,0.17831324876615637,0.42825301580982733,0.1771098497521966,0.46666737682057924,0.4276484501180956,0.1771098497521966,0.17726955347714488,0.46311919680375857,0.42402473122063383,0.1771098497521966,0.42992936117503633,0.24736521430018,0.4245751729635277,0.17726955347714488,0.45710117099620756,0.4197409881012531,0.1771098497521966,0.4418608431679277,0.24869592684379066,0.42581032341892106,0.17726955347714488,0.46547182238783735,0.1771098497521966,0.4251766773892498,0.25069811792628066,0.4270260900038013,0.1773315616617808,0.427668967269136,0.4618681793404916,0.17726955347714488,0.1771098497521966,0.46180097576254414,0.4250075403377027,0.1771098497521966,0.4229501941044531,0.24971835672543327,0.42663909728016985,0.18091643953242828,0.4220227972122038,0.2508445830586484,0.4357705714672128,0.427797584170183,0.2486540043393752,0.1771098497521966,0.4245656636799309,0.4628097668911764,0.1773315616617808,0.43133164006597385,0.1771098497521966,0.4651021196190359,0.1771098497521966,0.4257369748880483,0.1771098497521966,0.46957300052474893,0.4253105568055317,0.1771098497521966,0.4615791512204099,0.1771098497521966,0.43101818628184496,0.2527693524914985,0.4217933609159085,0.3908488022066864,0.3043744086172462,0.1771098497521966,0.44037670033689585,0.17731970090708837,0.46188508745854007,0.4366797379713394,0.1771098497521966,0.1771098497521966,0.45707866486056425,0.1771098497521966,0.1771098497521966,0.44225704188839077,0.1771098497521966,0.1771098497521966,0.1771098497521966,0.46158804310735685,0.1771098497521966,0.1771098497521966,0.431181004312422,0.1771098497521966,0.1771098497521966,0.1771098497521966,0.4599386425713571,0.1771098497521966,0.17727063206604693,0.1771098497521966,0.4235492245064123,0.1771098497521966,0.1771098497521966,0.45800529893776976,0.1771098497521966,0.1771098497521966,0.1771098497521966,0.1771098497521966,0.42405514650814896,0.1771098497521966,0.2507076559998935,0.3884927287837299,0.1771098497521966,0.1771098497521966,0.17714924954548392,0.38442444629403477,0.1771098497521966,0.2515786816065311,0.4310074215507486,0.17731970090708837,0.1771098497521966,0.1771098497521966,0.43295656511887204,0.2505183532900389,0.17726955347714488,0.1771098497521966,0.4380280523465756,0.1771098497521966,0.1771098497521966,0.1771098497521966,0.4650790463040347
0.020686451113751766,0.11357575894992245,0.31731071963669116,0.7517224196812079,0.8410762796108296,0.17831324876615637,0.029255058382777723,0.39102105122183284,0.020686451113751766,0.43298570203716663,0.3903553240735763,0.020686451113751766,0.022012561844959547,0.42913465537978235,0.3863611323424566,0.020686451113751766,0.39286603528580943,0.1740059008016245,0.3869682814356944,0.022012561844959547,0.42259221132378044,0.38163064787074275,0.020686451113751766,0.4059590964697046,0.17589517083784345,0.38833011182836685,0.022012561844959547,0.4316886093680764,0.020686451113751766,0.3876315752457132,0.17871890600284795,0.3896698108809703,0.0225067083318957,0.390377919859893,0.4277757488600418,0.022012561844959547,0.020686451113751766,0.42770273306215206,0.3874450824208258,0.020686451113751766,0.38517544187959496,0.17733990497581756,0.38924345024124374,0.042325974421831086,0.38415162700919686,0.17892460402198454,0.3992842089804417,0.39051956240085967,0.17583580688300068,0.020686451113751766,0.38695779381887374,0.42879859406560994,0.0225067083318957,0.39440832067381737,0.020686451113751766,0.4312874029834482,0.020686451113751766,0.38824926230141277,0.020686451113751766,0.43613596741058314,0.38777918212170237,0.020686451113751766,0.427461711631946,0.020686451113751766,0.3940636542255422,0.18161716901435493,0.38389826724065784,0.3494461621712447,0.24858059633571702,0.020686451113751766,0.40433403473880764,0.02241301871296007,0.4277941190405031,0.40028172508383425,0.020686451113751766,0.020686451113751766,0.42256771796103065,0.020686451113751766,0.020686451113751766,0.40639274872674824,0.020686451113751766,0.020686451113751766,0.020686451113751766,0.42747137338518715,0.020686451113751766,0.020686451113751766,0.39424269108183313,0.020686451113751766,0.020686451113751766,0.020686451113751766,0.4256786569970195,0.020686451113751766,0.02202125044027342,0.020686451113751766,0.3858365118936576,0.020686451113751766,0.020686451113751766,0.42357600857542094,0.020686451113751766,0.020686451113751766,0.020686451113751766,0.020686451113751766,0.3863946851482303,0.020686451113751766,0.17873230496189077,0.34679761488121424,0.020686451113751766,0.020686451113751766,0.021021271814217993,0.34221477207869755,0.020686451113751766,0.17995384721677574,0.3940518167306798,0.02241301871296007,0.020686451113751766,0.020686451113751766,0.3961942889961875,0.17846628273758655,0.022012561844959547,0.020686451113751766,0.4017603601655239,0.020686451113751766,0.020686451113751766,0.020686451113751766,0.4312623618649707
0.39047989808269346,0.405941406641639,0.5007936627812609,0.8270208381934007,0.8981395500084097,0.42825301580982733,0.39102105122183284,0.5489840187959504,0.39047989808269346,0.5784914331157943,0.548526693778867,0.39047989808269346,0.39055154859484054,0.575731138010644,0.5457904566728157,0.39047989808269346,0.5502533124461159,0.42650661761224834,0.5462055421658408,0.39055154859484054,0.5710648174764875,0.5425669064702121,0.39047989808269346,0.5593380838446071,0.4272682857481049,0.5471376799855419,0.39055154859484054,0.5775606150193541,0.39047989808269346,0.5466593592120622,0.42841929466095274,0.5480561527038887,0.3905793820730848,0.5485422101880398,0.5747595037122686,0.39055154859484054,0.39047989808269346,0.574707332031655,0.5465317266282302,0.39047989808269346,0.5449807235945642,0.4278553063676479,0.5477636887599326,0.39220151054620783,0.5442824791352721,0.42850372849093293,0.5546899562732135,0.548639484827544,0.4272442496840911,0.39047989808269346,0.5461983695851852,0.575490733733246,0.3905793820730848,0.5513164559127215,0.39047989808269346,0.5772729287859297,0.39047989808269346,0.5470822980309606,0.39047989808269346,0.5807567539910865,0.5467603991760447,0.39047989808269346,0.5745351417272728,0.39047989808269346,0.5510787020701188,0.4296162706771098,0.5441098221213123,0.5211587642393456,0.4613402986411716,0.39047989808269346,0.5582033168890347,0.39057405756840946,0.5747726302534365,0.5553824074913023,0.39047989808269346,0.39047989808269346,0.5710474033806625,0.39047989808269346,0.39047989808269346,0.5596412371963473,0.39047989808269346,0.39047989808269346,0.39047989808269346,0.5745420435069392,0.39047989808269346,0.39047989808269346,0.5512021913893691,0.39047989808269346,0.39047989808269346,0.39047989808269346,0.5732625257888778,0.39047989808269346,0.39055203267308686,0.39047989808269346,0.545432038483826,0.39047989808269346,0.39047989808269346,0.5717646151732322,0.39047989808269346,0.39047989808269346,0.39047989808269346,0.39047989808269346,0.5458133875404081,0.39047989808269346,0.42842479217292384,0.5194401766936942,0.39047989808269346,0.39047989808269346,0.39049756992764784,0.5164828830105718,0.39047989808269346,0.42892739983411265,0.5510705381489144,0.39057405756840946,0.39047989808269346,0.39047989808269346,0.5525499447877955,0.4283157080497196,0.39055154859484054,0.39047989808269346,0.5564102580296606,0.39047989808269346,0.39047989808269346,0.39047989808269346,0.5772549765435079
0.0,0.11167613077385025,0.31663911468756123,0.751487517760524,0.8408964152537145,0.1771098497521966,0.020686451113751766,0.39047989808269346,0.0,0.43250001078477035,0.38981320271132097,0.0,0.0075248671621939685,0.4286442875310693,0.38581313649502097,0.0,0.39232754947137394,0.1727724447969847,0.38642118586207697,0.0075248671621939685,0.4220937225054353,0.38107554586042325,0.0,0.40543889173507364,0.17467508091792758,0.387785025983959,0.0075248671621939685,0.4312013513446401,0.0,0.3870854601810691,0.17751826249550692,0.38912668929369154,0.00886694245958152,0.3898358314110997,0.42728371270931725,0.0075248671621939685,0.0,0.4272106070007412,0.3868986919918686,0.0,0.3846256802454513,0.17612984254636474,0.3886997048970325,0.03692640483136567,0.3836003324487195,0.17772535295071434,0.39875482326830797,0.38997768019038603,0.17461530138344247,0.0,0.38641068271677104,0.42830781452864775,0.00886694245958152,0.39387204672859216,0.0,0.4307996586246424,0.0,0.3877040575108661,0.0,0.43565404657242884,0.38723328482909963,0.0,0.4269692885831625,0.0,0.3935268873748134,0.18043585191744096,0.3833465921497591,0.34883790265824094,0.24771999458563615,0.0,0.4038116205961853,0.00862636400153537,0.42730210550621434,0.39975372939113685,0.0,0.0,0.422069198312227,0.0,0.0,0.40587313082590937,0.0,0.0,0.0,0.4269789622474623,0.0,0.0,0.3937061803707441,0.0,0.0,0.0,0.4251840274298983,0.0,0.007550246156786355,0.0,0.38528773600974836,0.0,0.0,0.4230787554157089,0.0,0.0,0.0,0.0,0.3858467391216213,0.0,0.17753175225469922,0.34618456289568766,0.0,0.0,0.0037369255145221136,0.3415932594433482,0.0,0.1787615152751836,0.39351503293697015,0.00862636400153537,0.0,0.0,0.3956605563806195,0.17726392471901342,0.0075248671621939685,0.0,0.40123441316558794,0.0,0.0,0.0,0.43077458712478867
0.43250001078477035,0.446422598731019,0.5334832534181468,0.8421033409747352,0.9093374137719171,0.46666737682057924,0.43298570203716663,0.5784914331157943,0.43250001078477035,0.606225316516443,0.5780625305860952,0.43250001078477035,0.4325643110590242,0.6036261972123648,0.5754969907892762,0.43250001078477035,0.5796820002331587,0.46507670236843973,0.5758861104042367,0.4325643110590242,0.5992344532440637,0.5724759698283355,0.43250001078477035,0.5882099731017582,0.4657703330945348,0.576760030974961,0.4325643110590242,0.6053487477056247,0.43250001078477035,0.5763115679636354,0.4668188798371674,0.5776212652693511,0.43258928981969047,0.5780770821590039,0.6027115158724937,0.4325643110590242,0.43250001078477035,0.6026624055151386,0.5761919081848728,0.43250001078477035,0.5747379848411547,0.46630504441357173,0.5773470139689278,0.43404559310743684,0.5740835618866457,0.46689581410692615,0.5838452812815675,0.57816830890019,0.4657484412394356,0.43250001078477035,0.5758793862905599,0.6033998737165122,0.43258928981969047,0.5806793825602772,0.43250001078477035,0.6050778491009245,0.43250001078477035,0.5767081043458188,0.43250001078477035,0.6083590396810021,0.5764062979893039,0.43250001078477035,0.6025003213269267,0.43250001078477035,0.5804563209600561,0.46790975036165156,0.5739217520400343,0.552454639848903,0.49697663982516266,0.43250001078477035,0.5871441283051456,0.43258451139382775,0.6027238722283714,0.5844953182702252,0.43250001078477035,0.43250001078477035,0.5992180688777431,0.43250001078477035,0.43250001078477035,0.5884947435191109,0.43250001078477035,0.43250001078477035,0.43250001078477035,0.6025068179608482,0.43250001078477035,0.43250001078477035,0.5805721781177865,0.43250001078477035,0.43250001078477035,0.43250001078477035,0.6013025096905458,0.43250001078477035,0.4325647454854709,0.43250001078477035,0.5751610142576946,0.43250001078477035,0.43250001078477035,0.5998929018768084,0.43250001078477035,0.43250001078477035,0.43250001078477035,0.43250001078477035,0.5755184865365218,0.43250001078477035,0.46682388898125926,0.550850719169085,0.43250001078477035,0.43250001078477035,0.43251586957511406,0.548091969387051,0.43250001078477035,0.46728188854453157,0.5804486616808283,0.43258451139382775,0.43250001078477035,0.43250001078477035,0.581836776544845,0.46672449707912506,0.4325643110590242,0.43250001078477035,0.5854603338170699,0.43250001078477035,0.43250001078477035,0.43250001078477035,0.6050609447709347
0.38981320271132097,0.40530142793452095,0.5002846477936429,0.8267886007806866,0.8979662877353969,0.4276484501180956,0.3903553240735763,0.548526693778867,0.38981320271132097,0.5780625305860952,0.5480689111094744,0.38981320271132097,0.38988498156332596,0.575299663176327,0.5453299240053912,0.38981320271132097,0.5497972547020926,0.4258994017874483,0.5457454279813608,0.38988498156332596,0.5706289556771614,0.5421031076946273,0.38981320271132097,0.5588909738669249,0.4266622281493066,0.546678503855407,0.38988498156332596,0.5771308469243775,0.38981320271132097,0.5461997020206115,0.42781498027762194,0.5475978985701274,0.38991286488483284,0.5480844430553601,0.5743271194307187,0.38988498156332596,0.38981320271132097,0.574274898858279,0.5460719409677272,0.38981320271132097,0.5445193732066935,0.4272501388759125,0.5473051412876979,0.3915378868075414,0.5438204221651431,0.42789954165075617,0.5542382947673793,0.5481818150820552,0.42663815559201873,0.38981320271132097,0.5457382481734172,0.5750590340758138,0.38991286488483284,0.5508614563275307,0.38981320271132097,0.5768428927910063,0.38981320271132097,0.5466230662333785,0.38981320271132097,0.5803299501692923,0.5463008436552905,0.38981320271132097,0.5741025471456148,0.38981320271132097,0.5506234661050601,0.4290137601856051,0.5436475902245371,0.5206725028333945,0.4607825411579792,0.38981320271132097,0.5577551007547809,0.38990753084572494,0.574340258272254,0.5549314275230465,0.38981320271132097,0.38981320271132097,0.5706115251176185,0.38981320271132097,0.38981320271132097,0.5591944221855639,0.38981320271132097,0.38981320271132097,0.38981320271132097,0.5741094553961628,0.38981320271132097,0.38981320271132097,0.5507470782185864,0.38981320271132097,0.38981320271132097,0.38981320271132097,0.5728287362249375,0.38981320271132097,0.3898854665084996,0.38981320271132097,0.5449711440848858,0.38981320271132097,0.38981320271132097,0.5713294144075264,0.38981320271132097,0.38981320271132097,0.38981320271132097,0.38981320271132097,0.5453528780038436,0.38981320271132097,0.4278204860953469,0.518952050162125,0.38981320271132097,0.38981320271132097,0.38983090621403566,0.5159915241529854,0.38981320271132097,0.42832385229495706,0.5506152940644665,0.38990753084572494,0.38981320271132097,0.38981320271132097,0.5520961691787729,0.42771123712965964,0.38988498156332596,0.38981320271132097,0.5559602874517682,0.38981320271132097,0.38981320271132097,0.38981320271132097,0.5768249238250629
0.0,0.11167613077385025,0.31663911468756123,0.751487517760524,0.8408964152537145,0.1771098497521966,0.020686451113751766,0.39047989808269346,0.0,0.43250001078477035,0.38981320271132097,0.0,0.0075248671621939685,0.4286442875310693,0.38581313649502097,0.0,0.39232754947137394,0.1727724447969847,0.38642118586207697,0.0075248671621939685,0.4220937225054353,0.38107554586042325,0.0,0.40543889173507364,0.17467508091792758,0.387785025983959,0.0075248671621939685,0.4312013513446401,0.0,0.3870854601810691,0.17751826249550692,0.38912668929369154,0.00886694245958152,0.3898358314110997,0.42728371270931725,0.0075248671621939685,0.0,0.4272106070007412,0.3868986919918686,0.0,0.3846256802454513,0.17612984254636474,0.3886997048970325,0.03692640483136567,0.3836003324487195,0.17772535295071434,0.39875482326830797,0.38997768019038603,0.17461530138344247,0.0,0.38641068271677104,0.42830781452864775,0.00886694245958152,0.39387204672859216,0.0,0.4307996586246424,0.0,0.3877040575108661,0.0,0.43565404657242884,0.38723328482909963,0.0,0.4269692885831625,0.0,0.3935268873748134,0.18043585191744096,0.3833465921497591,0.34883790265824094,0.24771999458563615,0.0,0.4038116205961853,0.00862636400153537,0.42730210550621434,0.39975372939113685,0.0,0.0,0.422069198312227,0.0,0.0,0.40587313082590937,0.0,0.0,0.0,0.4269789622474623,0.0,0.0,0.3937061803707441,0.0,0.0,0.0,0.4251840274298983,0.0,0.007550246156786355,0.0,0.38528773600974836,0.0,0.0,0.4230787554157089,0.0,0.0,0.0,0.0,0.3858467391216213,0.0,0.17753175225469922,0.34618456289568766,0.0,0.0,0.0037369255145221136,0.3415932594433482,0.0,0.1787615152751836,0.39351503293697015,0.00862636400153537,0.0,0.0,0.3956605563806195,0.17726392471901342,0.0075248671621939685,0.0,0.40123441316558794,0.0,0.0,0.0,0.43077458712478867
0.0075248671621939685,0.11192934104154058,0.31672806490996486,0.7515186081613686,0.8409202215444053,0.17726955347714488,0.022012561844959547,0.39055154859484054,0.0075248671621939685,0.4325643110590242,0.38988498156332596,0.0075248671621939685,0.010641769138253694,0.4287092074852911,0.38588569403936185,0.0075248671621939685,0.39239884642873946,0.17293616170657825,0.38649362406862775,0.010641769138253694,0.42215971858393553,0.38114904540354483,0.0075248671621939685,0.4055077656966105,0.17483701297796495,0.387857197789021,0.010641769138253694,0.4312658592244707,0.0075248671621939685,0.38715776841490745,0.1776775983965359,0.38919860072834267,0.011629544006896461,0.3899076059003475,0.4273488537288636,0.010641769138253694,0.0075248671621939685,0.4272757599343426,0.38697103672691446,0.0075248671621939685,0.38469847185967404,0.1762904358111248,0.3887716990128736,0.037685314701150226,0.3836733272674977,0.17788450298545921,0.39882491405113824,0.3900494273422795,0.17477728893284558,0.0075248671621939685,0.38648312298172816,0.4283727890351308,0.011629544006896461,0.3939430505067174,0.0075248671621939685,0.43086423094692156,0.0075248671621939685,0.38777624508284125,0.0075248671621939685,0.4357178472545859,0.3873055641959824,0.0075248671621939685,0.42703448087057355,0.0075248671621939685,0.3935979564862935,0.18059260841090974,0.38341963741193885,0.34891845029721674,0.24783404231520206,0.0075248671621939685,0.4038807873799077,0.011447173500803359,0.4273672435288601,0.3998236359399754,0.0075248671621939685,0.0075248671621939685,0.4221351984762292,0.0075248671621939685,0.0075248671621939685,0.4059419270125834,0.0075248671621939685,0.0075248671621939685,0.0075248671621939685,0.427044152956537,0.0075248671621939685,0.0075248671621939685,0.3937772155315477,0.0075248671621939685,0.0075248671621939685,0.0075248671621939685,0.42524951210539214,0.0075248671621939685,0.010659729924990449,0.0075248671621939685,0.38536039695413987,0.0075248671621939685,0.0075248671621939685,0.4231445877513957,0.0075248671621939685,0.0075248671621939685,0.0075248671621939685,0.0075248671621939685,0.3859192900618333,0.0075248671621939685,0.17769107603535542,0.34626574609764693,0.0075248671621939685,0.0075248671621939685,0.008401680509944937,0.34167556472684335,0.0075248671621939685,0.17891974178098097,0.39358610429420265,0.011447173500803359,0.0075248671621939685,0.0075248671621939685,0.3957312233154285,0.17742348948301337,0.010641769138253694,0.0075248671621939685,0.40130404818253385,0.0075248671621939685,0.0075248671621939685,0.0075248671621939685,0.4308391634727945
0.4286442875310693,0.44269727066075143,0.5304371638762011,0.8406852110761969,0.9082894141214357,0.46311919680375857,0.42913465537978235,0.575731138010644,0.4286442875310693,0.6036261972123648,0.575299663176327,0.4286442875310693,0.4287092074852911,0.6010123772190888,0.5727186820957603,0.4286442875310693,0.5769288318635827,0.46151509614230507,0.57311014978291,0.4287092074852911,0.5965956135527359,0.5696793565002614,0.4286442875310693,0.5855072836877331,0.4622145913590646,0.5739893359364663,0.4287092074852911,0.6027446792101313,0.4286442875310693,0.5735381721956319,0.4632719744264686,0.5748557486911672,0.4287344269281117,0.5753143020636438,0.6000925037577268,0.4287092074852911,0.4286442875310693,0.6000431143516751,0.5734177913156726,0.4286442875310693,0.571955089768573,0.4627538131370603,0.5745798495095993,0.4302047187934661,0.5712967056786941,0.46334955567373953,0.5811168794989019,0.575406076128127,0.4621925146465482,0.4286442875310693,0.5731033851123014,0.6007847699256766,0.4287344269281117,0.5779321692461242,0.4286442875310693,0.6024722493006179,0.4286442875310693,0.5739370967426904,0.4286442875310693,0.6057719310079843,0.5736334729435757,0.4286442875310693,0.5998801089878937,0.4286442875310693,0.5777077770186217,0.46437200127822437,0.5711339154566152,0.5495331657304672,0.4936700775678033,0.4286442875310693,0.5844351834052929,0.4287296024618171,0.6001049303188749,0.5817707620266122,0.4286442875310693,0.4286442875310693,0.5965791354140131,0.4286442875310693,0.4286442875310693,0.5857937229042993,0.4286442875310693,0.4286442875310693,0.4286442875310693,0.5998866425501787,0.4286442875310693,0.4286442875310693,0.5778243253843058,0.4286442875310693,0.4286442875310693,0.4286442875310693,0.5986754802018182,0.4286442875310693,0.4287096460978583,0.4286442875310693,0.5723806764165171,0.4286442875310693,0.4286442875310693,0.597257827998028,0.4286442875310693,0.4286442875310693,0.4286442875310693,0.4286442875310693,0.5727403076121887,0.4286442875310693,0.46327702570053775,0.5479189591588661,0.4286442875310693,0.4286442875310693,0.4286602991726588,0.5451424134797561,0.4286442875310693,0.4637388739929711,0.5777000720372804,0.4287296024618171,0.4286442875310693,0.4286442875310693,0.5790964563513659,0.46317679770404346,0.4287092074852911,0.4286442875310693,0.5827414759745453,0.4286442875310693,0.4286442875310693,0.4286442875310693,0.6024552493877261
0.38581313649502097,0.40146334662944066,0.49723749697315406,0.825400199516237,0.8969299705487928,0.42402473122063383,0.3863611323424566,0.5457904566728157,0.38581313649502097,0.5754969907892762,0.5453299240053912,0.38581313649502097,0.38588569403936185,0.5727186820957603,0.5425744113666977,0.38581313649502097,0.5470686322956105,0.42225965441922364,0.5429924302392659,0.38588569403936185,0.5680216368239328,0.5393279658167179,0.38581313649502097,0.5562161058644977,0.42302948619617486,0.543931143257801,0.38588569403936185,0.5745601113842481,0.38581313649502097,0.5434494505578793,0.4241927812277017,0.5448560784225736,0.385913879779608,0.5453455493109871,0.5717406786928199,0.38588569403936185,0.38581313649502097,0.5716881646045312,0.5433209174807381,0.38581313649502097,0.5417589463156566,0.42362278037201856,0.5445615584349617,0.3875564559895817,0.5410557488051636,0.4242781139412319,0.5515360853482423,0.5454435065335743,0.4230051929191188,0.38581313649502097,0.5429852069988717,0.5724767033378335,0.385913879779608,0.5481391918312406,0.38581313649502097,0.5742705490910528,0.38581313649502097,0.5438753711133815,0.38581313649502097,0.5777770076621679,0.5435512031716152,0.38581313649502097,0.5715148438941746,0.38581313649502097,0.5478997813506066,0.42540247004498644,0.5408818655601022,0.5177622934709177,0.45744158672064394,0.38581313649502097,0.5550735884004896,0.3859084878914029,0.5717538913779625,0.5522333124526855,0.38581313649502097,0.38581313649502097,0.5680041074142992,0.38581313649502097,0.38581313649502097,0.5565213259152401,0.38581313649502097,0.38581313649502097,0.38581313649502097,0.5715217909920903,0.38581313649502097,0.38581313649502097,0.5480241312593902,0.38581313649502097,0.38581313649502097,0.38581313649502097,0.5702338588489038,0.38581313649502097,0.38588618424453536,0.38581313649502097,0.5422134575681776,0.38581313649502097,0.38581313649502097,0.5687260644292026,0.38581313649502097,0.38581313649502097,0.38581313649502097,0.38581313649502097,0.5425975043723901,0.38581313649502097,0.42419833727612793,0.5160306204146385,0.38581313649502097,0.38581313649502097,0.3858310320792963,0.5130506470943528,0.38581313649502097,0.42470629080083644,0.5478915605254786,0.3859084878914029,0.38581313649502097,0.38581313649502097,0.5493812585847011,0.42408809138873493,0.38588569403936185,0.38581313649502097,0.5532682361204014,0.38581313649502097,0.38581313649502097,0.38581313649502097,0.5742524797360223
0.0,0.11167613077385025,0.31663911468756123,0.751487517760524,0.8408964152537145,0.1771098497521966,0.020686451113751766,0.39047989808269346,0.0,0.43250001078477035,0.38981320271132097,0.0,0.0075248671621939685,0.4286442875310693,0.38581313649502097,0.0,0.39232754947137394,0.1727724447969847,0.38642118586207697,0.0075248671621939685,0.4220937225054353,0.38107554586042325,0.0,0.40543889173507364,0.17467508091792758,0.387785025983959,0.0075248671621939685,0.4312013513446401,0.0,0.3870854601810691,0.17751826249550692,0.38912668929369154,0.00886694245958152,0.3898358314110997,0.42728371270931725,0.0075248671621939685,0.0,0.4272106070007412,0.3868986919918686,0.0,0.3846256802454513,0.17612984254636474,0.3886997048970325,0.03692640483136567,0.3836003324487195,0.17772535295071434,0.39875482326830797,0.38997768019038603,0.17461530138344247,0.0,0.38641068271677104,0.42830781452864775,0.00886694245958152,0.39387204672859216,0.0,0.4307996586246424,0.0,0.3877040575108661,0.0,0.43565404657242884,0.38723328482909963,0.0,0.4269692885831625,0.0,0.3935268873748134,0.18043585191744096,0.3833465921497591,0.34883790265824094,0.24771999458563615,0.0,0.4038116205961853,0.00862636400153537,0.42730210550621434,0.39975372939113685,0.0,0.0,0.422069198312227,0.0,0.0,0.40587313082590937,0.0,0.0,0.0,0.4269789622474623,0.0,0.0,0.3937061803707441,0.0,0.0,0.0,0.4251840274298983,0.0,0.007550246156786355,0.0,0.38528773600974836,0.0,0.0,0.4230787554157089,0.0,0.0,0.0,0.0,0.3858467391216213,0.0,0.17753175225469922,0.34618456289568766,0.0,0.0,0.0037369255145221136,0.3415932594433482,0.0,0.1787615152751836,0.39351503293697015,0.00862636400153537,0.0,0.0,0.3956605563806195,0.17726392471901342,0.0075248671621939685,0.0,0.40123441316558794,0.0,0.0,0.0,0.43077458712478867
0.39232754947137394,0.40771543013252,0.502206012720277,0.8276656799319025,0.8986205137361141,0.42992936117503633,0.39286603528580943,0.5502533124461159,0.39232754947137394,0.5796820002331587,0.5497972547020926,0.39232754947137394,0.39239884642873946,0.5769288318635827,0.5470686322956105,0.39232754947137394,0.5515190968622303,0.42819027594583337,0.5474825590437139,0.39239884642873946,0.5722746648894168,0.5438541253376731,0.39232754947137394,0.5605790882581276,0.4289487480524237,0.5484120994320253,0.39239884642873946,0.5787535802800113,0.39232754947137394,0.5479351107024556,0.4300949465210182,0.5493280191344851,0.39242654259679877,0.5498127280891527,0.5759597171636456,0.39239884642873946,0.39232754947137394,0.5759076809352442,0.5478078338432503,0.39232754947137394,0.5462611633895794,0.4295333124282116,0.5490363674524741,0.3940406997420678,0.5455648753433882,0.4301790283839539,0.5559435662730816,0.5499097330572291,0.42892481269009,0.39232754947137394,0.5474754064749096,0.576689050456492,0.39242654259679877,0.5525793100887793,0.39232754947137394,0.5784666362846996,0.39232754947137394,0.5483568716195517,0.39232754947137394,0.5819415062451593,0.5480358691445105,0.39232754947137394,0.5757359378030497,0.39232754947137394,0.5523422108317458,0.43128694442193055,0.5453927026689247,0.5225081612787044,0.4628873955528806,0.39232754947137394,0.5594473849395708,0.3924212443579681,0.5759728096272781,0.5566341300263329,0.39232754947137394,0.39232754947137394,0.5722572964024146,0.39232754947137394,0.39232754947137394,0.5608814246513248,0.39232754947137394,0.39232754947137394,0.39232754947137394,0.5757428216555438,0.39232754947137394,0.39232754947137394,0.5524653601082099,0.39232754947137394,0.39232754947137394,0.39232754947137394,0.5744666324500055,0.39232754947137394,0.3923993281187406,0.39232754947137394,0.5467112157035199,0.39232754947137394,0.39232754947137394,0.5729726313374548,0.39232754947137394,0.39232754947137394,0.39232754947137394,0.39232754947137394,0.5470914991160085,0.39232754947137394,0.43010042111253666,0.5207947352014383,0.39232754947137394,0.39232754947137394,0.39234513410463207,0.5178463860252774,0.39232754947137394,0.43060093549939427,0.5523340693947822,0.3924212443579681,0.39232754947137394,0.39232754947137394,0.5538094094665473,0.4299917918856465,0.39239884642873946,0.39232754947137394,0.557659185090071,0.39232754947137394,0.39232754947137394,0.39232754947137394,0.5784487303759989
