0.7839782220714023,0.5734983721115021,0.9478949457738439,0.5922844542986081,0.668981010972526,0.5700806240465608,0.6706838717010869,0.5919512116643085,0.6690293002351569,0.5701034177628828,0.668765409858804,0.5918156472415772,0.6672511908537332,0.6702034711397047,0.5912218319176303,0.6676420927130438,0.5700392033127304,0.6840917558439115,0.5700803460674579,0.665067494807621,0.6762227288801206,0.5917011652254267,0.6680746203889837,0.5700392033127304,0.6886206157076383,0.5700392033127304,0.6677503661543122,0.5700392033127304,0.6875535460714075,0.5700936888754143,0.669117512409418,0.5700392033127304,0.6865435580784394,0.6676210408143148,0.5700392033127304,0.5925229345102656,0.6676110380309859,0.6666490495233454,0.5920134711920018,0.6684489119425644,0.5700392033127304,0.666694472909494,0.592819614217717,0.5700392033127304,0.6730448925924033,0.6875025900395555,0.5700392033127304,0.667492156707889,0.6683120474963393,0.5922913530058771,0.6710023757757486,0.5700392033127304,0.6883082226428696,0.5700392033127304,0.668098215641395,0.5700392033127304,0.6907334096368163,0.5700392033127304,0.6679022229201661,0.5926522069160925,0.6673375339775237,0.5700392033127304,0.6708017499422004,0.6857540728757816,0.5700392033127304,0.6689610442467558,0.5926608238758249,0.6754933276797577,0.5700392033127304,0.6674073453490774,0.6923781649342028,0.5700963295937325,0.5700392033127304,0.6840977834573094,0.5700392033127304,0.6764077233850794,0.5700392033127304,0.5700806240465608,0.5700392033127304,0.6875751730969037,0.5700392033127304,0.5700392033127304,0.6707817189721462,0.5700392033127304,0.5700392033127304,0.5700392033127304,0.6855976704319746,0.5700392033127304,0.5700392033127304,0.667049254862345,0.5700392033127304,0.5700392033127304,0.5700929939470284,0.5917338391358549,0.6658873541743284,0.5700392033127304,0.5700392033127304,0.6673511477468643,0.5700806240465608,0.5700392033127304,0.5923913734443156,0.6498824085887089,0.5700392033127304,0.5700392033127304,0.5700392033127304,0.6477721714368587,0.5926877343380236,0.5700392033127304,0.6707782453359137,0.5700392033127304,0.5700392033127304,0.5700392033127304,0.6717347057748684,0.5700392033127304,0.5923117832280188,0.5701364944454309,0.6743603014975877,0.5701847154432911,0.5700392033127304,0.6689601155479802,0.5701348267703161,0.5928980627691977,0.5700392033127304,0.6584368162572456,0.5701177327527593
0.5734983721115021,0.09149473834766045,0.8426507638480171,0.17791387826869037,0.36987792637889805,0.06508159965191677,0.37327985802134517,0.17672625930280392,0.36997466522537464,0.06529238294902338,0.36944581554367745,0.17624108301790956,0.36640202752988826,0.3723220811500052,0.17410159202089262,0.3671893091586452,0.06469683330113855,0.3994408464160156,0.06507902491014858,0.36198420851436336,0.38421615519727176,0.17583042578387512,0.368059191805376,0.06469683330113855,0.4080521765912142,0.06469683330113855,0.367407185726194,0.06469683330113855,0.4060325620694227,0.06520249782340716,0.37015134171750536,0.06469683330113855,0.40411574311023074,0.367146937396955,0.06469683330113855,0.17875944840267524,0.3671268034306248,0.3651872177517476,0.17694868301157435,0.36881091326582777,0.06469683330113855,0.36527894748941886,0.1798064163492241,0.06469683330113855,0.37796521380734094,0.4059359772995374,0.06469683330113855,0.3668874616173321,0.36853614816076163,0.1779383891644122,0.37391402375468624,0.06469683330113855,0.40746150217011856,0.06469683330113855,0.3681066085452812,0.06469683330113855,0.4120345777022947,0.06469683330113855,0.36771262758184736,0.17921631516686284,0.3665760152478913,0.06469683330113855,0.37351464008528784,0.40261380567577393,0.06469683330113855,0.36983792202421584,0.17924673175903388,0.3827868581836723,0.06469683330113855,0.36671665229080913,0.41512002945795073,0.0652269074625939,0.06469683330113855,0.39945237777469156,0.06469683330113855,0.3845781526798738,0.06469683330113855,0.06508159965191677,0.06469683330113855,0.4060735511588439,0.06469683330113855,0.06469683330113855,0.3734747501632987,0.06469683330113855,0.06469683330113855,0.06469683330113855,0.4023158825658642,0.06469683330113855,0.06469683330113855,0.3659949084579302,0.06469683330113855,0.06469683330113855,0.06519607271530205,0.1759477175795857,0.36364684367592465,0.06469683330113855,0.06469683330113855,0.3666034432471974,0.06508159965191677,0.06469683330113855,0.17829342037232168,0.3302246879736446,0.06469683330113855,0.06469683330113855,0.06469683330113855,0.32564850797742984,0.17934169207303632,0.06469683330113855,0.3734678324531053,0.06469683330113855,0.06469683330113855,0.06469683330113855,0.3753696378158033,0.06469683330113855,0.17801095942503517,0.06559707106897629,0.38056022641287757,0.06603878227850579,0.06469683330113855,0.3698360612630809,0.06558174253098485,0.18008234952765523,0.06469683330113855,0.34835187851197325,0.06542441794402323
0.9478949457738439,0.8426507638480171,1.0,0.8522111301202261,0.8914388361301856,0.8409174094716252,0.8923061013350563,0.8520411248959661,0.8914634357223168,0.840928962665752,0.8913290001266038,0.8519719698062814,0.8905574073763022,0.8920614777949244,0.8516690740082734,0.8907566283201254,0.8408964152537145,0.8991176887360982,0.840917268576075,0.8894441140696926,0.895123873888556,0.8519135711030219,0.8909770385590264,0.8408964152537145,0.9014105682077939,0.8408964152537145,0.8908118054802167,0.8408964152537145,0.9008707331138558,0.8409240314826038,0.8915083720268868,0.8408964152537145,0.9003595434418883,0.8907458998835809,0.8408964152537145,0.8523327997764206,0.89074080225854,0.890250487879876,0.8520728858904383,0.891167750969466,0.8408964152537145,0.8902736425291242,0.852484171232917,0.8408964152537145,0.893507830623477,0.9008449478886095,0.8408964152537145,0.8906802168041418,0.8910980168881448,0.8522146496630314,0.8924682665930133,0.8408964152537145,0.9012525536357372,0.8408964152537145,0.8909890616162852,0.8408964152537145,0.9024786752865112,0.8408964152537145,0.8908891903219919,0.8523987556998759,0.8906014135043407,0.8408964152537145,0.892366120448581,0.8999598032988598,0.8408964152537145,0.8914286645498717,0.852403152217105,0.8947530985803288,0.8408964152537145,0.8906369932049253,0.9033094443825133,0.8409253699551787,0.8408964152537145,0.8991207433142073,0.8408964152537145,0.8952178971328432,0.8408964152537145,0.8409174094716252,0.8408964152537145,0.9008816768401671,0.8408964152537145,0.8408964152537145,0.8923559215908895,0.8408964152537145,0.8408964152537145,0.8408964152537145,0.8998805961427814,0.8408964152537145,0.8408964152537145,0.890454483481647,0.8408964152537145,0.8408964152537145,0.8409236792519166,0.8519302383148889,0.8898621705717453,0.8408964152537145,0.8408964152537145,0.8906083518806478,0.8409174094716252,0.8408964152537145,0.8522656781341984,0.881687350601806,0.8408964152537145,0.8408964152537145,0.8408964152537145,0.8806077625667688,0.8524168824406295,0.8408964152537145,0.892354152967272,0.8408964152537145,0.8408964152537145,0.8408964152537145,0.8928410704982659,0.8408964152537145,0.8522250726686269,0.8409457280396067,0.8941769686785128,0.8409701698763381,0.8408964152537145,0.8914281914446389,0.840944882750643,0.852524198814514,0.8408964152537145,0.8860599996859468,0.8409362183917984
0.5922844542986081,0.17791387826869037,0.8522111301202261,0.2343464194419304,0.3997984379099019,0.1658897341953624,0.4029368072072469,0.23344697399045708,0.39988762647318693,0.16597251097449744,0.3994000925471028,0.2330802629450142,0.39659601858877286,0.4020528293760378,0.2314683413330573,0.39732098162931256,0.1657392167600791,0.42719618251805014,0.16588872446714237,0.3925320664064326,0.41305212653918405,0.23277021252612573,0.3981222646224372,0.1657392167600791,0.43522583434580486,0.1657392167600791,0.3975216509745307,0.1657392167600791,0.4333408211423554,0.1659371844810716,0.4000505221506058,0.1657392167600791,0.4315527725663604,0.39728195822747286,0.1657392167600791,0.2349883643585413,0.39726341554000544,0.3954778063756138,0.2336152322072039,0.3988149210639004,0.1657392167600791,0.39556222346614756,0.2357849771456873,0.1657392167600791,0.4072656202037832,0.4332507009759983,0.1657392167600791,0.39704300109843277,0.3985617218981316,0.23436500968634288,0.4035222814842352,0.1657392167600791,0.4346744134029159,0.1657392167600791,0.39816594977247877,0.1657392167600791,0.4389459927294332,0.1657392167600791,0.39780299846083206,0.23533574357416462,0.3967562149000412,0.1657392167600791,0.4031535466451659,0.43015243714261636,0.1657392167600791,0.3997615567767251,0.23535888407221597,0.41172791620517996,0.1657392167600791,0.3968857120666784,0.44183110032933237,0.16594677384541462,0.1657392167600791,0.42720692119110426,0.1657392167600791,0.41338761135481156,0.1657392167600791,0.1658897341953624,0.1657392167600791,0.43337906751618266,0.1657392167600791,0.1657392167600791,0.4031167208734932,0.1657392167600791,0.1657392167600791,0.1657392167600791,0.42987474178431495,0.1657392167600791,0.1657392167600791,0.39622121295628115,0.1657392167600791,0.1657392167600791,0.16593466087189485,0.23285873744624933,0.3940606873204158,0.1657392167600791,0.1657392167600791,0.3967814697676478,0.1658897341953624,0.1657392167600791,0.23463440371542452,0.3635451306764525,0.1657392167600791,0.1657392167600791,0.1657392167600791,0.3594051226138723,0.23543113907553676,0.1657392167600791,0.4031103346034608,0.1657392167600791,0.1657392167600791,0.1657392167600791,0.4048666491227823,0.1657392167600791,0.2344200568143363,0.16609256476578374,0.409666294235481,0.16626744561693316,0.1657392167600791,0.39975984130264586,0.1660865137139784,0.23599525177569028,0.1657392167600791,0.3800384141419425,0.16602447769833353
0.668981010972526,0.36987792637889805,0.8914388361301856,0.3997984379099019,0.5128149747178248,0.3642961041610324,0.5152097749972636,0.39927785910125513,0.5128829365897615,0.3643334863633239,0.5125115032521433,0.3990659885520979,0.5103784626205654,0.5145345403603582,0.39813726388408466,0.5109293999619579,0.3642281677928508,0.5339437705517873,0.3642956482559937,0.5072970734262716,0.5229744450304827,0.39888702340471677,0.5115387737262964,0.3642281677928508,0.540226078524602,0.3642281677928508,0.511081965522203,0.3642281677928508,0.538747817001672,0.36431753103126757,0.5130070779116649,0.3642281677928508,0.5373475372227318,0.5108997344606901,0.3642281677928508,0.40017077496863307,0.5108856387333286,0.5095294143619497,0.39937514427397386,0.5120659055147774,0.3642281677928508,0.5095934800666482,0.40063373758865467,0.3642281677928508,0.5185241614062326,0.5386771955625863,0.3642281677928508,0.5107181035415754,0.5118731740395985,0.3998092112293356,0.5156572935957634,0.3642281677928508,0.5397934281741046,0.3642281677928508,0.5115720093274713,0.3642281677928508,0.5431495741458535,0.3642281677928508,0.5112959177259263,0.4003725346872486,0.5105001717799664,0.3642281677928508,0.515375416292134,0.5362522194220153,0.3642281677928508,0.512786872856922,0.400385981660772,0.5219540532829641,0.3642281677928508,0.5105985707059348,0.5454223160508106,0.3643218618358187,0.3642281677928508,0.5339521464464152,0.3642281677928508,0.5232331418190599,0.3642281677928508,0.3642961041610324,0.3642281677928508,0.5387777897016691,0.3642281677928508,0.3642281677928508,0.5153472702082349,0.3642281677928508,0.3642281677928508,0.3642281677928508,0.5360351507584926,0.3642281677928508,0.3642281677928508,0.5100937759569719,0.3642281677928508,0.3642281677928508,0.36431639133699684,0.39893810531402957,0.5084547056670912,0.3642281677928508,0.3642281677928508,0.5105193608462453,0.3642961041610324,0.3642281677928508,0.3999653912046881,0.48568511204619985,0.3642281677928508,0.3642281677928508,0.3642281677928508,0.4826543763300285,0.4004279746384455,0.3642281677928508,0.5153423892522796,0.3642281677928508,0.3642281677928508,0.3642281677928508,0.5166857832652484,0.3642281677928508,0.3998411150977946,0.36438772907958084,0.520367752837744,0.3644667990657464,0.3642281677928508,0.5127855657617109,0.3643849943529241,0.4007561104324155,0.3642281677928508,0.49790098158915463,0.36435696217891217
0.5700806240465608,0.06508159965191677,0.8409174094716252,0.1658897341953624,0.3642961041610324,0.009993479529155823,0.36775162747751156,0.1646152342989137,0.3643943801333863,0.011284969611114679,0.36385711781081603,0.1640941905544249,0.36076445347714187,0.3667788582181733,0.16179388002657707,0.3615644524019859,0.007066457152547327,0.39429539805168856,0.009976697876511892,0.35627427478401114,0.378854005429943,0.1636530029045869,0.36244832525185594,0.007066457152547327,0.40302250874369155,0.007066457152547327,0.3617858390796835,0.007066457152547327,0.40097615497004235,0.010752715184191769,0.36457386190803787,0.007066457152547327,0.39903372563368233,0.3615213975387206,0.007066457152547327,0.16679638285772833,0.3615009389265548,0.35952991592193234,0.16485402804231922,0.36321208500195634,0.007066457152547327,0.35962313974354837,0.1679180961690941,0.007066457152547327,0.372509267808342,0.40087828518208335,0.007066457152547327,0.3612577352491697,0.3629329252468977,0.16591602465462887,0.36839567918838195,0.007066457152547327,0.40242403965620555,0.007066457152547327,0.3624965027457744,0.007066457152547327,0.40705691602877503,0.007066457152547327,0.36209619497672446,0.1672859852017559,0.36094125625633,0.007066457152547327,0.36799007332573497,0.39751156072487576,0.007066457152547327,0.364255463932095,0.16731857465712874,0.3774035208336352,0.007066457152547327,0.3610841668631283,0.4101820195035219,0.010899754478111,0.007066457152547327,0.3943070875957921,0.007066457152547327,0.37922134514392336,0.007066457152547327,0.009993479529155823,0.007066457152547327,0.40101768922781217,0.007066457152547327,0.007066457152547327,0.36794956123345685,0.007066457152547327,0.007066457152547327,0.007066457152547327,0.3972096084037403,0.007066457152547327,0.007066457152547327,0.36035073720638583,0.007066457152547327,0.007066457152547327,0.010713685267164933,0.16377903094924767,0.35796434296420554,0.007066457152547327,0.007066457152547327,0.3609691277945313,0.009993479529155823,0.007066457152547327,0.16629677136931278,0.32393877480791045,0.007066457152547327,0.007066457152547327,0.007066457152547327,0.3192704479189948,0.16742031338189786,0.007066457152547327,0.36794253561343565,0.007066457152547327,0.007066457152547327,0.007066457152547327,0.3698738628133876,0.007066457152547327,0.16599386054571771,0.012931796708095132,0.37514357802353976,0.015012559497244322,0.007066457152547327,0.3642535735906856,0.012853815323614496,0.16821356879962227,0.007066457152547327,0.34240737606002514,0.0120253851605566
0.6706838717010869,0.37327985802134517,0.8923061013350563,0.4029368072072469,0.5152097749972636,0.36775162747751156,0.5175918243457557,0.40242050329938195,0.5152773737196477,0.3677886456810728,0.5149079260368847,0.40221037550544364,0.5127863326436075,0.5169201754956918,0.4012893100867498,0.5133343060700418,0.36768435279912903,0.5362291525813839,0.3677511760121512,0.5097216146916977,0.5253157814899294,0.40203288376331214,0.5139404074300916,0.36768435279912903,0.5424801914624531,0.36768435279912903,0.5134860517572866,0.36768435279912903,0.5410092386754575,0.3677728457010722,0.5154008518968062,0.36768435279912903,0.5396159096993564,0.5133048000333819,0.36768435279912903,0.4033060929205415,0.5132907800816483,0.5119418620072846,0.4025169888114492,0.514464713429577,0.36768435279912903,0.5120055818815008,0.4037652687179367,0.36768435279912903,0.5208887161180039,0.5409389671460406,0.36768435279912903,0.5131241457768767,0.5142730145945293,0.4029474921652986,0.5180369704893553,0.36768435279912903,0.542049677114902,0.36768435279912903,0.5139734647296951,0.36768435279912903,0.5453893198933827,0.36768435279912903,0.5136988548539352,0.4035062013558116,0.5129073866001285,0.36768435279912903,0.5177565871406482,0.5385260478160583,0.36768435279912903,0.5151818233188832,0.4035195383277586,0.524300686254811,0.36768435279912903,0.5130052559911815,0.5476509712566714,0.3677771343366851,0.36768435279912903,0.5362374864193867,0.36768435279912903,0.5255731380068914,0.36768435279912903,0.36775162747751156,0.36768435279912903,0.5410390628896942,0.36768435279912903,0.36768435279912903,0.5177285903018914,0.36768435279912903,0.36768435279912903,0.36768435279912903,0.5383100623819965,0.36768435279912903,0.36768435279912903,0.5125031795148444,0.36768435279912903,0.36768435279912903,0.3677717171041319,0.40208354499651533,0.5108729649659042,0.36768435279912903,0.36768435279912903,0.5129264723875464,0.36775162747751156,0.36768435279912903,0.4031023916599907,0.4882313417807408,0.36768435279912903,0.36768435279912903,0.36768435279912903,0.4852183818390597,0.4035611878295587,0.36768435279912903,0.5177237352285987,0.36768435279912903,0.36768435279912903,0.36768435279912903,0.5190600199803919,0.36768435279912903,0.4029791343877867,0.36784236034795265,0.5227226516793582,0.3679206608554866,0.36768435279912903,0.5151805232093923,0.367839652240175,0.4038866419398806,0.36768435279912903,0.5003773745523677,0.36781189294309546
0.5919512116643085,0.17672625930280392,0.8520411248959661,0.23344697399045708,0.39927785910125513,0.1646152342989137,0.40242050329938195,0.23254402883852704,0.3993671700088224,0.16469865259756597,0.3988789666910969,0.23217588321018365,0.3960710130881179,0.40153532760931965,0.2305576019718445,0.3967969840370241,0.16446354869702534,0.4267109712726972,0.16461421674130464,0.39200134681432053,0.4125491929865711,0.23186461635016417,0.3975993770820538,0.16446354869702534,0.43475021931290725,0.16446354869702534,0.39699793176777076,0.16446354869702534,0.43286298204614243,0.16466305240305623,0.3995302890077719,0.16446354869702534,0.43107280771127776,0.39675790646830755,0.16446354869702534,0.2340914003530823,0.3967393380389905,0.3949512395098121,0.23271294378290175,0.39829298975666527,0.16446354869702534,0.3950357747585021,0.2348910737322633,0.16446354869702534,0.4067551128565921,0.43277275511553326,0.16446354869702534,0.3965186174366117,0.39803944139908637,0.23346563628620026,0.40300676827072124,0.16446354869702534,0.43419814955582775,0.16446354869702534,0.3976431226318945,0.16446354869702534,0.4384747168015483,0.16446354869702534,0.3972796691243784,0.2344401167411108,0.39623143241287573,0.16446354869702534,0.4026375356953179,0.4296707963835653,0.16446354869702534,0.39924092736166317,0.23446334617450154,0.411223266667215,0.16446354869702534,0.39636110973375777,0.44136314461954007,0.1646727160750952,0.16446354869702534,0.42672172299628036,0.16446354869702534,0.4128851109436188,0.16446354869702534,0.1646152342989137,0.16446354869702534,0.4329012737179378,0.16446354869702534,0.16446354869702534,0.4026006601682404,0.16446354869702534,0.16446354869702534,0.16446354869702534,0.42939276751578315,0.16446354869702534,0.16446354869702534,0.3956956850247432,0.16446354869702534,0.16446354869702534,0.16466050923706796,0.23195348891535553,0.3935321298957028,0.16446354869702534,0.16446354869702534,0.39625672242319104,0.1646152342989137,0.16446354869702534,0.233736073144565,0.36297019315729095,0.16446354869702534,0.16446354869702534,0.16446354869702534,0.3588233204270113,0.2345358787616603,0.16446354869702534,0.4025942652688466,0.16446354869702534,0.16446354869702534,0.16446354869702534,0.40435294351480283,0.16446354869702534,0.2335208966968575,0.1648196356581186,0.40915895289964643,0.16499586774054242,0.16446354869702534,0.39923920953348774,0.1648135378009542,0.2351021528039735,0.16446354869702534,0.3794894147078171,0.16475102173326053
0.6690293002351569,0.36997466522537464,0.8914634357223168,0.39988762647318693,0.5128829365897615,0.3643943801333863,0.5152773737196477,0.3993671700088224,0.5129508881187513,0.3644317518931889,0.5125795113352899,0.39915534933703967,0.5104467967490479,0.5146022412041719,0.3982268438830511,0.5109976496688671,0.3643264627480087,0.5340086170019822,0.36439392435571466,0.507365882430416,0.5230408844134914,0.39897642635877556,0.5116069302265382,0.3643264627480087,0.5402900350040274,0.3643264627480087,0.511150191876814,0.3643264627480087,0.5388119814866418,0.3644158010179082,0.5130750105535297,0.3643264627480087,0.5374118995340502,0.5109679887096144,0.3643264627480087,0.40025987620715847,0.510953895140564,0.5095978788782313,0.39946443229559425,0.5121339815305177,0.3643264627480087,0.5096619347322662,0.4007227304569097,0.3643264627480087,0.5185912619194832,0.538741370006137,0.3643264627480087,0.5107863856087757,0.5119412794669844,0.3998983972638281,0.5157248247529402,0.3643264627480087,0.5398574454430205,0.3643264627480087,0.5116401607492658,0.3643264627480087,0.5432131217607147,0.3643264627480087,0.5113641113509055,0.40046158866942383,0.5105684872460984,0.3643264627480087,0.5154429899955886,0.5363167370190007,0.3643264627480087,0.5128548390062483,0.40047503249494765,0.5220206434745044,0.3643264627480087,0.5106668710892072,0.5454855480699184,0.36442013061270645,0.3643264627480087,0.5340169916995078,0.3643264627480087,0.5232995430409783,0.3643264627480087,0.3643943801333863,0.3643264627480087,0.5388419499606756,0.3643264627480087,0.3643264627480087,0.515414848162055,0.3643264627480087,0.3643264627480087,0.3643264627480087,0.5360996991867656,0.3643264627480087,0.3643264627480087,0.5101621537658828,0.3643264627480087,0.3643264627480087,0.36441466164200037,0.39902749622821765,0.5085233357258845,0.3643264627480087,0.3643264627480087,0.510587673370659,0.3643943801333863,0.3643264627480087,0.4000545405936028,0.4857573887016847,0.3643264627480087,0.3643264627480087,0.3643264627480087,0.4827271597352249,0.40051701564312425,0.3643264627480087,0.5154099679432148,0.3643264627480087,0.3643264627480087,0.3643264627480087,0.5167531594948298,0.3643264627480087,0.399930293644315,0.3644859794606842,0.5204345783936901,0.364565027372043,0.3643264627480087,0.5128535321099995,0.3644832454976722,0.40084507469426106,0.3643264627480087,0.4979712678648657,0.3644552211519893
0.5701034177628828,0.06529238294902338,0.840928962665752,0.16597251097449744,0.3643334863633239,0.011284969611114679,0.3677886456810728,0.16469865259756597,0.3644317518931889,0.012443128419613784,0.363894546723633,0.16417787398164327,0.360802214519317,0.36681597823520723,0.16187875429760978,0.3616021270134508,0.008798620494870958,0.3943298208683228,0.011270111185293656,0.35631252777827344,0.3788898965959503,0.1637369121423538,0.3624859047919857,0.008798620494870958,0.40305614803293205,0.008798620494870958,0.3618234898369385,0.008798620494870958,0.4010099751530857,0.011962516024619521,0.36461121461044776,0.008798620494870958,0.39906771910727734,0.36155907679252713,0.008798620494870958,0.16687870922508713,0.3615386203866554,0.35956781105817853,0.16493732539125522,0.36324958274384733,0.008798620494870958,0.35966102472341,0.1679998719940574,0.008798620494870958,0.3725457952995236,0.4009121140593109,0.008798620494870958,0.36129544295496324,0.3629704528487914,0.16599878830389775,0.36843263026292145,0.008798620494870958,0.40245773167346843,0.008798620494870958,0.36253407711646424,0.008798620494870958,0.4070902035931184,0.008798620494870958,0.3621338123400107,0.1673680703646892,0.36097899816569046,0.008798620494870958,0.3680270666503765,0.3975456910894626,0.008798620494870958,0.36429285045424653,0.1674006438146988,0.377439555697516,0.008798620494870958,0.36112189332033334,0.41021503898788014,0.01209485647920821,0.008798620494870958,0.3943415093414656,0.008798620494870958,0.3792572000817683,0.008798620494870958,0.011284969611114679,0.008798620494870958,0.4010515057223772,0.008798620494870958,0.008798620494870958,0.36798655878289244,0.008798620494870958,0.008798620494870958,0.008798620494870958,0.3972437660388012,0.008798620494870958,0.008798620494870958,0.36038854308875007,0.008798620494870958,0.008798620494870958,0.011927445558151022,0.1638628755590309,0.35800240941468764,0.008798620494870958,0.008798620494870958,0.36100686668938137,0.011284969611114679,0.008798620494870958,0.1663793453317823,0.3239809546358839,0.008798620494870958,0.008798620494870958,0.008798620494870958,0.3193132578510667,0.16750233261341074,0.008798620494870958,0.36797953389562593,0.008798620494870958,0.008798620494870958,0.008798620494870958,0.3699106606532826,0.008798620494870958,0.16607658534684985,0.01395393391837157,0.37517983885729767,0.01590150457555314,0.008798620494870958,0.364290960313793,0.01388169563699191,0.16829520082316762,0.008798620494870958,0.34244722588148585,0.013118338085845936
0.668765409858804,0.36944581554367745,0.8913290001266038,0.3994000925471028,0.5125115032521433,0.36385711781081603,0.5149079260368847,0.3988789666910969,0.5125795113352899,0.363894546723633,0.5122078253194009,0.3986668731206248,0.5100733279412409,0.51423223513651,0.3977371682552184,0.5106246424734696,0.3637890965301807,0.5336542177884502,0.36385666133605044,0.5069898170102008,0.5226777757243096,0.3984877194182118,0.5112344326787679,0.3637890965301807,0.5399405016195845,0.3637890965301807,0.5107773123702889,0.3637890965301807,0.5384613108615633,0.36387857145587776,0.5127037370428621,0.3637890965301807,0.5370601473162425,0.510594956678761,0.3637890965301807,0.39977282006603126,0.5105808513081972,0.5092236971152767,0.39897635419571037,0.5117619240654528,0.3637890965301807,0.5092878068324224,0.4002362672462935,0.3637890965301807,0.5182245383495789,0.5383906449337932,0.3637890965301807,0.5104132014692504,0.5115690611815414,0.3994108771736916,0.515355746505944,0.3637890965301807,0.5395075797013118,0.3637890965301807,0.5112676909700596,0.3637890965301807,0.5428658237680593,0.3637890965301807,0.5109914108077813,0.3999747910840842,0.5101951204830615,0.3637890965301807,0.5150736791124134,0.5359641357910344,0.3637890965301807,0.512483382280305,0.3999882521333853,0.5216567102105777,0.3637890965301807,0.5102935867984317,0.5451399755237581,0.3638829076717997,0.3637890965301807,0.5336625990310891,0.3637890965301807,0.5229366430044187,0.3637890965301807,0.36385711781081603,0.3637890965301807,0.538491302440507,0.3637890965301807,0.3637890965301807,0.5150455140385529,0.3637890965301807,0.3637890965301807,0.3637890965301807,0.5357469293911717,0.3637890965301807,0.3637890965301807,0.5097884461155527,0.3637890965301807,0.3637890965301807,0.36387743033753,0.39853885516264737,0.5081482487797435,0.3637890965301807,0.3637890965301807,0.5102143226927803,0.36385711781081603,0.3637890965301807,0.3995672210046678,0.4853623612224011,0.3637890965301807,0.3637890965301807,0.3637890965301807,0.4823293610609199,0.4000302890620733,0.3637890965301807,0.5150406297892842,0.3637890965301807,0.3637890965301807,0.3637890965301807,0.5163849283647529,0.3637890965301807,0.39944281452360053,0.3639488572021074,0.5200693582231248,0.36402802593143285,0.3637890965301807,0.5124820742961508,0.36394611905957713,0.40035876799865217,0.3637890965301807,0.4975871245391549,0.3639180518685204
0.5918156472415772,0.17624108301790956,0.8519719698062814,0.2330802629450142,0.3990659885520979,0.1640941905544249,0.40221037550544364,0.23217588321018365,0.39915534933703967,0.16417787398164327,0.3986668731206248,0.2318071494971115,0.39585733781939914,0.4013247114904066,0.2301862610443498,0.39658371969030237,0.1639420221589143,0.4265135167486321,0.16409316976105642,0.3917853418391775,0.4123445154016167,0.23149538396411298,0.3973865652959022,0.1639420221589143,0.43455667537295956,0.1639420221589143,0.3967847809174287,0.1639420221589143,0.4326685318036522,0.16414216067190068,0.3993185593796469,0.1639420221589143,0.4308774912067185,0.3965446200379835,0.1639420221589143,0.2337257064366917,0.39652604111382067,0.3947369276672419,0.23234506736461058,0.3980805678159331,0.1639420221589143,0.39482151108978486,0.23452663427042011,0.1639420221589143,0.40654734802998993,0.4325782613662715,0.1639420221589143,0.39630519569072487,0.3978268770972708,0.2330989547747844,0.4027969628117163,0.1639420221589143,0.43400434122708237,0.1639420221589143,0.397430335470174,0.1639420221589143,0.43828294098406045,0.1639420221589143,0.39706667722163286,0.23407497090433038,0.3960178480666417,0.1639420221589143,0.40242752732913367,0.42947479692329443,0.1639420221589143,0.3990290361812405,0.23409823679002753,0.4110178896308813,0.1639420221589143,0.39614759883615847,0.44117272169274635,0.16415185505391477,0.1639420221589143,0.42652427379073077,0.1639420221589143,0.4126806099091309,0.1639420221589143,0.1640941905544249,0.1639420221589143,0.4327068419344996,0.1639420221589143,0.1639420221589143,0.4023906315187104,0.1639420221589143,0.1639420221589143,0.1639420221589143,0.4291966321441094,0.1639420221589143,0.1639420221589143,0.3954817967603724,0.1639420221589143,0.1639420221589143,0.1641396094234393,0.23158439904551123,0.3933170064800549,0.1639420221589143,0.1639420221589143,0.3960431524046021,0.1640941905544249,0.1639420221589143,0.2333698190872936,0.36273615499990264,0.1639420221589143,0.1639420221589143,0.1639420221589143,0.3585864818678706,0.2341708831512806,0.1639420221589143,0.40238423310145993,0.1639420221589143,0.1639420221589143,0.1639420221589143,0.4041438749352878,0.1639420221589143,0.23315430261034126,0.1642992410848358,0.4089524786368504,0.1644760315793786,0.1639420221589143,0.399027317393344,0.16429312388446854,0.234738043049717,0.1639420221589143,0.3792659558384484,0.16423040942473172
0.6672511908537332,0.36640202752988826,0.8905574073763022,0.39659601858877286,0.5103784626205654,0.36076445347714187,0.5127863326436075,0.3960710130881179,0.5104467967490479,0.360802214519317,0.5100733279412409,0.39585733781939914,0.5079285519564766,0.5121074227620834,0.3949206810010369,0.5084825279638979,0.36069582843442705,0.5316193496915697,0.3607639929513943,0.504830069071924,0.5205927204844015,0.39567684684156024,0.5090952565399779,0.36069582843442705,0.5379336649931492,0.36069582843442705,0.5086359340558236,0.36069582843442705,0.5364479231815805,0.3607860975013912,0.5105716178417982,0.36069582843442705,0.5350405288838445,0.5084526989789793,0.36069582843442705,0.39697151516115364,0.5084385255660812,0.507074810416375,0.3961691263375627,0.5096252851735653,0.36069582843442705,0.5071392306982869,0.3974383986387654,0.36069582843442705,0.5161186479313552,0.5363769436043936,0.36069582843442705,0.5082700667753438,0.5094314951031313,0.3966068834040213,0.5132362827997577,0.36069582843442705,0.5374988285656846,0.36069582843442705,0.5091286749290805,0.36069582843442705,0.5408718632687194,0.36069582843442705,0.5088510643074244,0.397174984638415,0.5080509328524117,0.36069582843442705,0.5129528743315884,0.5339396262727274,0.36069582843442705,0.5103502068104264,0.39718854550735805,0.5195669026055013,0.36069582843442705,0.5081498746719826,0.5431559530781641,0.36079047219417987,0.36069582843442705,0.531627768643274,0.36069582843442705,0.520852790291853,0.36069582843442705,0.36076445347714187,0.36069582843442705,0.5364780478586892,0.36069582843442705,0.36069582843442705,0.5129245752838567,0.36069582843442705,0.36069582843442705,0.36069582843442705,0.5337214487484914,0.36069582843442705,0.36069582843442705,0.5076422930398192,0.36069582843442705,0.36069582843442705,0.36078494625732704,0.3957283643985778,0.5059941428619155,0.36069582843442705,0.36069582843442705,0.5080702278032561,0.36076445347714187,0.36069582843442705,0.3967643892684452,0.48309323112792174,0.36069582843442705,0.36069582843442705,0.36069582843442705,0.48004423821500297,0.3972308941180511,0.36069582843442705,0.5129196678003023,0.36069582843442705,0.36069582843442705,0.36069582843442705,0.5142703479187057,0.36069582843442705,0.3966390581990586,0.3608570068107313,0.5179721333400642,0.3609368776343384,0.36069582843442705,0.5103488925542807,0.36085424438020186,0.39756180644812966,0.36069582843442705,0.495380789773538,0.36082592820599235
0.6702034711397047,0.3723220811500052,0.8920614777949244,0.4020528293760378,0.5145345403603582,0.3667788582181733,0.5169201754956918,0.40153532760931965,0.5146022412041719,0.36681597823520723,0.51423223513651,0.4013247114904066,0.5121074227620834,0.5162475182398558,0.40040149998285524,0.5126562296311985,0.3667113984602133,0.5355846943900956,0.3667784055109995,0.5090380171075977,0.5246555830883444,0.4011468068995199,0.513263251192086,0.3667113984602133,0.5418445309288946,0.3667113984602133,0.5128082058657357,0.3667113984602133,0.5403715217085793,0.3668001348019172,0.5147259058649263,0.3667113984602133,0.5389762370645131,0.5126266787533764,0.3667113984602133,0.40242297011583267,0.5126126374936825,0.5112616649344951,0.40163203719011825,0.5137883518142231,0.3667113984602133,0.5113254820526498,0.4028832070495321,0.3667113984602133,0.5202219873771747,0.5403011517277948,0.3667113984602133,0.5124457498617481,0.5135963625957404,0.402063539093895,0.5173659888364527,0.3667113984602133,0.5414134155755904,0.3667113984602133,0.5132963586304945,0.3667113984602133,0.5447577019776491,0.3667113984602133,0.5130213320912308,0.40262354126794786,0.5122286609585068,0.3667113984602133,0.5170851853472829,0.5378848401497338,0.3667113984602133,0.5145065464491364,0.4026369090642981,0.5236389981074778,0.3667113984602133,0.5123266792526038,0.5470224741356331,0.3668044352325361,0.3667113984602133,0.5355930400601299,0.3667113984602133,0.5249133165875248,0.3667113984602133,0.3667788582181733,0.3667113984602133,0.5404013877011429,0.3667113984602133,0.3667113984602133,0.5170571465369054,0.3667113984602133,0.3667113984602133,0.3667113984602133,0.5376685499512014,0.3667113984602133,0.3667113984602133,0.5118238384126724,0.3667113984602133,0.3667113984602133,0.36679900310096103,0.4011975860060059,0.5101911337376932,0.3667113984602133,0.3667113984602133,0.5122477757874903,0.3667788582181733,0.3667113984602133,0.40221879739430455,0.48751353736170644,0.3667113984602133,0.3667113984602133,0.3667113984602133,0.48449558214157656,0.40267865481428133,0.3667113984602133,0.5170522841847365,0.3667113984602133,0.3667113984602133,0.3667113984602133,0.5183905682745417,0.3667113984602133,0.40209525463245493,0.3668698406022793,0.5220586386620463,0.3669483563407812,0.3667113984602133,0.5145052443751911,0.36686712504894886,0.40300486038723216,0.3667113984602133,0.499679199169686,0.3668392894256748
0.5912218319176303,0.17410159202089262,0.8516690740082734,0.2314683413330573,0.39813726388408466,0.16179388002657707,0.4012893100867498,0.2305576019718445,0.3982268438830511,0.16187875429760978,0.3977371682552184,0.2301862610443498,0.3949206810010369,0.40040149998285524,0.22855381246440284,0.3956488690185321,0.16163954304731176,0.4256481332277162,0.1617928446993161,0.3908384445641266,0.41144739968812033,0.22987228461021783,0.39645370375166666,0.16163954304731176,0.433708468081293,0.16163954304731176,0.3958504290967681,0.16163954304731176,0.4318163440377867,0.1618425329266263,0.39839045406680207,0.16163954304731176,0.4300214986975119,0.39560967230179284,0.16163954304731176,0.2321182934555009,0.39559104724943267,0.39379747282285393,0.23072797960590838,0.3971494197194435,0.16163954304731176,0.3938822679935324,0.2329247814718786,0.16163954304731176,0.4056366667748262,0.43172588251557614,0.16163954304731176,0.3953696531979057,0.39689510329881844,0.2314871640829291,0.401877313966215,0.16163954304731176,0.4331549727556888,0.16163954304731176,0.3964975821559938,0.16163954304731176,0.4374424988857812,0.16163954304731176,0.396133024020101,0.23246998726413629,0.39508159088717937,0.16163954304731176,0.40150698676465363,0.42861580469013644,0.16163954304731176,0.3981002208374569,0.23249341471992552,0.41011770062782515,0.16163954304731176,0.39521166449028805,0.4403382208401514,0.16185236524420163,0.16163954304731176,0.425658913631746,0.16163954304731176,0.4117842699197873,0.16163954304731176,0.16179388002657707,0.16163954304731176,0.43185473524200674,0.16163954304731176,0.16163954304731176,0.4014700018143315,0.16163954304731176,0.16163954304731176,0.16163954304731176,0.4283370429425176,0.16163954304731176,0.16163954304731176,0.39454420373926863,0.16163954304731176,0.16163954304731176,0.16183994537521174,0.22996193155500977,0.3923739843035252,0.16163954304731176,0.16163954304731176,0.3951069582004497,0.16179388002657707,0.16163954304731176,0.23175992320780786,0.36170995677962164,0.16163954304731176,0.16163954304731176,0.16163954304731176,0.35754796324257815,0.23256656536737852,0.16163954304731176,0.4014635879370312,0.16163954304731176,0.16163954304731176,0.16163954304731176,0.4032274644028537,0.16163954304731176,0.23154289945889078,0.1620018462992725,0.4080474684058338,0.16218114474068507,0.16163954304731176,0.398098497831524,0.1619956422219431,0.233137651550138,0.16163954304731176,0.3782862875232192,0.16193203670600856
0.6676420927130438,0.3671893091586452,0.8907566283201254,0.39732098162931256,0.5109293999619579,0.3615644524019859,0.5133343060700418,0.3967969840370241,0.5109976496688671,0.3616021270134508,0.5106246424734696,0.39658371969030237,0.5084825279638979,0.5126562296311985,0.3956488690185321,0.5090358148149344,0.361495984477977,0.5321448729256985,0.3615639929304348,0.505387922032243,0.5211312344385083,0.3964035761367556,0.5096477825451687,0.361495984477977,0.5384519335824781,0.361495984477977,0.5091890302795673,0.361495984477977,0.5369678871323121,0.3615860468834433,0.5111223166012975,0.361495984477977,0.5355621053467133,0.5090060229071628,0.361495984477977,0.3976957588316557,0.508991867112905,0.5076298508585332,0.3968949087406544,0.5101771542055672,0.361495984477977,0.5076941907216538,0.39816174961201795,0.361495984477977,0.5166625557864644,0.5368969887262791,0.361495984477977,0.5088236177896688,0.5099836042121075,0.3973318256122605,0.5137837048244932,0.361495984477977,0.5380175926103224,0.361495984477977,0.5096811594796887,0.361495984477977,0.541386799748964,0.361495984477977,0.509403893358549,0.3978988390301282,0.5086047565120585,0.361495984477977,0.5135006435761488,0.53446246857234,0.361495984477977,0.5109011790649783,0.3979123739674375,0.5201066468303829,0.361495984477977,0.5087035752053737,0.5436683178885672,0.36159041156332083,0.361495984477977,0.5321532821175997,0.361495984477977,0.5213909929450536,0.361495984477977,0.3615644524019859,0.361495984477977,0.5369979773642054,0.361495984477977,0.361495984477977,0.513472379215921,0.361495984477977,0.361495984477977,0.361495984477977,0.5342445423828281,0.361495984477977,0.361495984477977,0.5081966256312035,0.361495984477977,0.361495984477977,0.3615848982744151,0.3964549944985587,0.5065505348042612,0.361495984477977,0.361495984477977,0.5086240274486523,0.3615644524019859,0.361495984477977,0.39748902959178106,0.4836794161697411,0.361495984477977,0.361495984477977,0.361495984477977,0.48063456686398964,0.39795464160795113,0.361495984477977,0.5134674777480146,0.361495984477977,0.361495984477977,0.361495984477977,0.5148165056275013,0.361495984477977,0.39736393872122006,0.36165679392200184,0.5185137977658859,0.3617364820392857,0.361495984477977,0.5108998664328155,0.36165403781196404,0.398284921784774,0.361495984477977,0.4959507079199104,0.3616257864309558
