0.0,0.0,0.11524104438565319,0.724244129770339,0.459862284405991,0.8408964152537145,0.005785752654346454,0.04029471634142918,0.4998697757451956,0.45726552623848027,0.01135977951553289,0.49967433485555807,0.0,0.4522298568998422,0.2028577709693703,0.4482229321997777,0.0,0.4558354068155798,0.19958668927321474,0.44894303042562994,0.0,0.49112949100802133,0.44231363749040653,0.0,0.0,0.5167615760177715,0.450621603393487,0.0,0.5022272561686727,0.0,0.44946193660829203,0.20489415314877815,0.4522413252228573,0.008697011946883078,0.4525189153211277,0.4975607522260889,0.0,0.0,0.44938857024605344,0.49761065562988177,0.0,0.44667451929987045,0.20347313269974543,0.4512025887533038,0.04201768744162034,0.4938644053651259,0.0,0.4629197858587694,0.453085180400866,0.20198388902922004,0.0,0.4488201392753952,0.4988442912120375,0.011325987336921441,0.4577153976919625,0.2070833912214495,0.0,0.45288623164473096,0.4503053260498442,0.008726344329337566,0.5081073868561228,0.44970016546455105,0.0,0.20651466060442208,0.448432491581296,0.45718108431363824,0.20845794246656504,0.44504916508252573,0.0,0.5012886197121218,0.0,0.46930557135343853,0.4485357263506907,0.20589896022646775,0.46407533710873466,0.0,0.0,0.49138687940422837,0.0,0.0,0.4723680555527199,0.0,0.0,0.45040915545581456,0.20191031502524562,0.0,0.0,0.4570981288280857,0.009944425435404138,0.0,0.0,0.4947939761065049,0.0,0.0,0.44783794544304806,0.0,0.0,0.20214299720966156,0.44421098723198077,0.0,0.004822196671388494,0.008726344329337566,0.4482943119320831,0.0,0.0,0.20529079396866212,0.4013785900646058,0.0,0.0,0.0,0.3953955567057955,0.206648618839433,0.0,0.4570112686917715,0.0,0.0,0.45998573910158674,0.0,0.0,0.20478596020681938,0.46662000973932255,0.008726344329337566,0.0,0.0,0.0
0.0,0.0,0.11524104438565319,0.724244129770339,0.459862284405991,0.8408964152537145,0.005785752654346454,0.04029471634142918,0.4998697757451956,0.45726552623848027,0.01135977951553289,0.49967433485555807,0.0,0.4522298568998422,0.2028577709693703,0.4482229321997777,0.0,0.4558354068155798,0.19958668927321474,0.44894303042562994,0.0,0.49112949100802133,0.44231363749040653,0.0,0.0,0.5167615760177715,0.450621603393487,0.0,0.5022272561686727,0.0,0.44946193660829203,0.20489415314877815,0.4522413252228573,0.008697011946883078,0.4525189153211277,0.4975607522260889,0.0,0.0,0.44938857024605344,0.49761065562988177,0.0,0.44667451929987045,0.20347313269974543,0.4512025887533038,0.04201768744162034,0.4938644053651259,0.0,0.4629197858587694,0.453085180400866,0.20198388902922004,0.0,0.4488201392753952,0.4988442912120375,0.011325987336921441,0.4577153976919625,0.2070833912214495,0.0,0.45288623164473096,0.4503053260498442,0.008726344329337566,0.5081073868561228,0.44970016546455105,0.0,0.20651466060442208,0.448432491581296,0.45718108431363824,0.20845794246656504,0.44504916508252573,0.0,0.5012886197121218,0.0,0.46930557135343853,0.4485357263506907,0.20589896022646775,0.46407533710873466,0.0,0.0,0.49138687940422837,0.0,0.0,0.4723680555527199,0.0,0.0,0.45040915545581456,0.20191031502524562,0.0,0.0,0.4570981288280857,0.009944425435404138,0.0,0.0,0.4947939761065049,0.0,0.0,0.44783794544304806,0.0,0.0,0.20214299720966156,0.44421098723198077,0.0,0.004822196671388494,0.008726344329337566,0.4482943119320831,0.0,0.0,0.20529079396866212,0.4013785900646058,0.0,0.0,0.0,0.3953955567057955,0.206648618839433,0.0,0.4570112686917715,0.0,0.0,0.45998573910158674,0.0,0.0,0.20478596020681938,0.46662000973932255,0.008726344329337566,0.0,0.0,0.0
0.11524104438565319,0.11524104438565319,0.16296826137531664,0.7319769221528368,0.4737455164550864,0.8464249240543589,0.11538617891532295,0.12208194698668323,0.5125495003558566,0.47123271135459216,0.11579953113384495,0.5123595660908732,0.11524104438565319,0.46636210236333403,0.23327429110397396,0.4624887038790022,0.11524104438565319,0.46984916304417007,0.23043717320006393,0.4631846600574908,0.11524104438565319,0.5040588013087306,0.45677999063304275,0.11524104438565319,0.11524104438565319,0.5289774944965778,0.46480720570597694,0.11524104438565319,0.5148408190741541,0.11524104438565319,0.46368620916994985,0.23504616919219226,0.4663731913306583,0.11556872249757659,0.4666416039956761,0.5103057485817178,0.11524104438565319,0.11524104438565319,0.4636152948460449,0.510354236341497,0.11524104438565319,0.46099242202228624,0.2338092730100795,0.4653688794617602,0.12266135485172554,0.5067148772078928,0.11524104438565319,0.47670515963006205,0.46718917655259334,0.23251523595617477,0.11524104438565319,0.46306588441140395,0.5115529464883488,0.11579622134678844,0.4716679824767928,0.2369557560511103,0.11524104438565319,0.46699679073325434,0.4645014585766095,0.1155709333778294,0.520557989212902,0.46391648055614115,0.11524104438565319,0.2364592119468954,0.46269123092328684,0.47115101257879005,0.23815716458247638,0.4594221136334397,0.11524104438565319,0.5139284674615372,0.11524104438565319,0.4828899230071727,0.4627910033739394,0.23592202442156773,0.47782400096239425,0.11524104438565319,0.11524104438565319,0.5043087407355379,0.11524104438565319,0.11524104438565319,0.4858575684650307,0.11524104438565319,0.11524104438565319,0.46460182971051284,0.23245136602457686,0.11524104438565319,0.11524104438565319,0.4710707527658039,0.11566927475276785,0.11524104438565319,0.11524104438565319,0.5076178069447322,0.11524104438565319,0.11524104438565319,0.4621166506451995,0.11524104438565319,0.11524104438565319,0.2326533779676557,0.45861245339195383,0.11524104438565319,0.11534188240313469,0.1155709333778294,0.4625576876564792,0.11524104438565319,0.11524104438565319,0.2353917849717925,0.41736984084552725,0.11524104438565319,0.11524104438565319,0.11524104438565319,0.41163218510836946,0.23657613840045308,0.11524104438565319,0.4709867160477026,0.11524104438565319,0.11524104438565319,0.4738649992391596,0.11524104438565319,0.11524104438565319,0.23495192228501888,0.48028835655498214,0.1155709333778294,0.11524104438565319,0.11524104438565319,0.11524104438565319
0.724244129770339,0.724244129770339,0.7319769221528368,0.9450718438667775,0.8322940718693784,0.9863689130766033,0.7242638051919652,0.725197382211998,0.8488983410082135,0.8312367133784863,0.7243199725964924,0.8488159421902286,0.724244129770339,0.8291941543638218,0.7477440211923859,0.8275764900315307,0.724244129770339,0.8306555640097502,0.7470129233799473,0.8278666999291012,0.724244129770339,0.8452246760950093,0.8252035048981773,0.724244129770339,0.724244129770339,0.8560602018094163,0.828544052676883,0.724244129770339,0.8498931446119957,0.724244129770339,0.8280759648070641,0.7482044812758518,0.8291987941115915,0.7242885858737103,0.8293111158333545,0.8479255684348151,0.724244129770339,0.724244129770339,0.8280463705523379,0.8479465755230545,0.724244129770339,0.8269532170431517,0.7478827351971354,0.8287787770190725,0.7252805410091696,0.846371674736758,0.724244129770339,0.8335425037007074,0.8295403450015354,0.7475476723562235,0.724244129770339,0.8278171572331281,0.8484661173750007,0.7243195220862941,0.8314196980200579,0.7487040394451125,0.724244129770339,0.8294597934274904,0.8284163335722401,0.7242888862364621,0.8523813099371842,0.8281720765921543,0.724244129770339,0.748573811065595,0.8276609224089554,0.8312023759342877,0.749020088979962,0.8263000975352082,0.724244129770339,0.8494968677666379,0.724244129770339,0.8361617040301532,0.8277025231061893,0.7484331839969187,0.8340152972071344,0.724244129770339,0.724244129770339,0.845332522012892,0.724244129770339,0.724244129770339,0.8374233045051545,0.724244129770339,0.724244129770339,0.8284582572605063,0.7475311756602651,0.724244129770339,0.724244129770339,0.8311686457711341,0.7243022521571122,0.724244129770339,0.724244129770339,0.8467620598458125,0.724244129770339,0.724244129770339,0.8274214266415536,0.724244129770339,0.724244129770339,0.7475833656903214,0.8259637443396437,0.724244129770339,0.724257797529354,0.7242888862364621,0.8276052471049682,0.724244129770339,0.724244129770339,0.7482946419728951,0.8092225557582361,0.724244129770339,0.724244129770339,0.724244129770339,0.8069599924981159,0.7486044564691778,0.724244129770339,0.8311333309689328,0.724244129770339,0.724244129770339,0.8323444084116063,0.724244129770339,0.724244129770339,0.748179914636436,0.835058281090924,0.7242888862364621,0.724244129770339,0.724244129770339,0.724244129770339
0.459862284405991,0.459862284405991,0.4737455164550864,0.8322940718693784,0.6429472629203841,0.9168690805836806,0.4598978564388055,0.46158421211130063,0.670062646297409,0.6412190060999635,0.4599993966810537,0.6699281099913498,0.459862284405991,0.6378794526599874,0.501512488319258,0.6352335763877415,0.459862284405991,0.6402689723561868,0.5002393447013687,0.6357083190797322,0.459862284405991,0.6640648984738624,0.6313504503778814,0.459862284405991,0.459862284405991,0.6817599611013215,0.6368162508782328,0.459862284405991,0.6716869603329589,0.459862284405991,0.6360506273908441,0.5023136773046074,0.6378870401506881,0.4599426566263619,0.6380707202776724,0.6684743922688483,0.459862284405991,0.459862284405991,0.6360022191160513,0.6685086899540696,0.459862284405991,0.6342138796888276,0.5017539008629633,0.6372001455759029,0.4617342833966649,0.6659374633849219,0.459862284405991,0.6449874285853645,0.6384455661178755,0.5011706909730065,0.459862284405991,0.6356272764333941,0.6693569416873602,0.4599985822846483,0.6415181187877639,0.5031823216817113,0.459862284405991,0.6383138466116333,0.6366073562837239,0.4599431996296664,0.6757501817067658,0.6362078382892984,0.459862284405991,0.502955934646304,0.6353716992133767,0.641162875861987,0.5037315698333231,0.6331451880077827,0.459862284405991,0.671039907687683,0.459862284405991,0.649266449244241,0.6354397527462733,0.5027114253099539,0.6457599542865334,0.459862284405991,0.459862284405991,0.6642409644439857,0.459862284405991,0.459862284405991,0.6513270384147587,0.459862284405991,0.459862284405991,0.6366759264107115,0.5011419698461118,0.459862284405991,0.459862284405991,0.6411077379765547,0.45996736256703674,0.459862284405991,0.459862284405991,0.6665748057730969,0.459862284405991,0.459862284405991,0.6349799012653929,0.459862284405991,0.459862284405991,0.5012328316358495,0.632594749469377,0.459862284405991,0.4598869950685201,0.4599431996296664,0.6352806203552761,0.459862284405991,0.459862284405991,0.502470495087484,0.6051215580808739,0.459862284405991,0.459862284405991,0.459862284405991,0.6013940913507981,0.5030092117827326,0.459862284405991,0.6410500093484118,0.459862284405991,0.459862284405991,0.6430295301912105,0.459862284405991,0.459862284405991,0.502270944824593,0.647463959691681,0.4599431996296664,0.459862284405991,0.459862284405991,0.459862284405991
0.8408964152537145,0.8408964152537145,0.8464249240543589,0.9863689130766033,0.9168690805836806,1.0,0.8409104893760161,0.8415782512991783,0.9280956780439003,0.9161479754132057,0.8409506665697829,0.9280404541545039,0.8408964152537145,0.9147530524450789,0.8576748546280134,0.9136465406651965,0.8408964152537145,0.9157513477437808,0.8571540262630969,0.91384516243908,0.8408964152537145,0.9256285745203767,0.9120206318931886,0.8408964152537145,0.8408964152537145,0.9328749111845068,0.9143085560320597,0.8408964152537145,0.9287619828328364,0.8408964152537145,0.9139883543600283,0.8580028368628158,0.9147562238972593,0.8409282153184324,0.9148329963589964,0.9274433909842851,0.8408964152537145,0.8408964152537145,0.9139681057021282,0.9274574848122951,0.8408964152537145,0.913219802812747,0.857773663323937,0.9144690737873954,0.8416377286839546,0.9263999456096702,0.8408964152537145,0.9177196040276445,0.914989652349467,0.8575349859999346,0.8408964152537145,0.9138112585302246,0.9278059425217181,0.8409503443157372,0.9162728177138226,0.8583586277311915,0.8408964152537145,0.9149346066987714,0.9142212008625085,0.8409284301714648,0.9304251087147808,0.9140541113799815,0.8408964152537145,0.8582658817347641,0.913704331860076,0.916124546220692,0.858583699672812,0.9127723895511631,0.8408964152537145,0.9284966545818878,0.8408964152537145,0.9195007901003197,0.913732804648217,0.858165726751958,0.9180414506063768,0.8408964152537145,0.8408964152537145,0.9257011436460834,0.8408964152537145,0.8408964152537145,0.9203571562972511,0.8408964152537145,0.8408964152537145,0.9142498761812049,0.8575232343240394,0.8408964152537145,0.8408964152537145,0.9161015306892337,0.840937990964686,0.8408964152537145,0.8408964152537145,0.9266622614964352,0.8408964152537145,0.8408964152537145,0.9135403940650497,0.8408964152537145,0.8408964152537145,0.8575604125415967,0.9125418787537177,0.8408964152537145,0.840906192009037,0.8409284301714648,0.9136662244050394,0.8408964152537145,0.8408964152537145,0.8580670534511707,0.9009929750501331,0.8408964152537145,0.8408964152537145,0.8408964152537145,0.8994216880375345,0.8582877070271806,0.8408964152537145,0.9160774331476261,0.8408964152537145,0.8408964152537145,0.9169033922975747,0.8408964152537145,0.8408964152537145,0.8579853391353292,0.9187509435155975,0.8409284301714648,0.8408964152537145,0.8408964152537145,0.8408964152537145
0.005785752654346454,0.005785752654346454,0.11538617891532295,0.7242638051919652,0.4598978564388055,0.8409104893760161,0.008182289796312307,0.040707972845392,0.4999021960877141,0.45730131901524296,0.012748314533357613,0.49970676956595483,0.005785752654346454,0.4522660840335576,0.2029401926605015,0.44825951105264844,0.005785752654346454,0.455871322097038,0.199670465708093,0.44897954566337434,0.005785752654346454,0.4911625630428081,0.44235074527756835,0.005785752654346454,0.005785752654346454,0.5167927878571941,0.45065797103643,0.005785752654346454,0.5022595039186976,0.005785752654346454,0.4494984061158375,0.2049757531810712,0.452277551357759,0.010445714446253813,0.4525551172933239,0.4975933429057385,0.005785752654346454,0.005785752654346454,0.4494250462135991,0.4976432426144799,0.005785752654346454,0.44671123555457254,0.20355530437487243,0.4512389055356257,0.042414159639844885,0.49389727143998474,0.005785752654346454,0.46295510073656787,0.4531213331631553,0.2020666683737067,0.005785752654346454,0.4488566653569163,0.4988767870456497,0.012718212219332784,0.4577511520703795,0.2071641258389119,0.005785752654346454,0.4529224016839106,0.4503417214287481,0.010470148914870785,0.508139209785617,0.4497366140085209,0.005785752654346454,0.20659561828986198,0.4484690519026665,0.45721688430519036,0.2085381429516454,0.445086026473269,0.005785752654346454,0.5013209360219417,0.005785752654346454,0.4693403584838449,0.4485722775485322,0.20598016078315926,0.4641105555607479,0.005785752654346454,0.005785752654346454,0.4914199319749263,0.005785752654346454,0.005785752654346454,0.47240259393446404,0.005785752654346454,0.005785752654346454,0.450445541725622,0.20199312462183852,0.005785752654346454,0.005785752654346454,0.45713393590968376,0.011505065391796184,0.005785752654346454,0.005785752654346454,0.49482677260564273,0.005785752654346454,0.005785752654346454,0.4478745583803824,0.005785752654346454,0.005785752654346454,0.20222571120704216,0.4442479238343517,0.005785752654346454,0.007531833323617703,0.010470148914870785,0.44833088447107594,0.005785752654346454,0.005785752654346454,0.20537223584627592,0.40141974307756123,0.005785752654346454,0.005785752654346454,0.005785752654346454,0.39543736481198744,0.2067295238737949,0.005785752654346454,0.45704708319954024,0.005785752654346454,0.005785752654346454,0.4600213006937327,0.005785752654346454,0.005785752654346454,0.2048676034851771,0.4666550173017772,0.010470148914870785,0.005785752654346454,0.005785752654346454,0.005785752654346454
0.04029471634142918,0.04029471634142918,0.12208194698668323,0.725197382211998,0.46158421211130063,0.8415782512991783,0.040707972845392,0.05698529678446117,0.5014395516694623,0.45899810523112455,0.041865362438671026,0.5012448047243386,0.04029471634142918,0.4539833922517263,0.2068175761465981,0.4499934348045411,0.04029471634142918,0.4575738965626214,0.20361033729468042,0.45071046431821427,0.04029471634142918,0.4927307397245892,0.4441096528039376,0.04029471634142918,0.04029471634142918,0.5182729732833374,0.45238191726432203,0.04029471634142918,0.5037886959437698,0.04029471634142918,0.4512271644965089,0.20881520867155412,0.4539948123883748,0.041222591837335926,0.45427123678635495,0.4991387549673826,0.04029471634142918,0.04029471634142918,0.45115410976372694,0.4991884799145297,0.04029471634142918,0.4484516497818037,0.20742114933109976,0.4529604490142955,0.058216366816969956,0.495455708097456,0.04029471634142918,0.4646293044632944,0.4548351277667923,0.2059605545019214,0.04029471634142918,0.4505880962622261,0.5004177131984576,0.04185620589297799,0.4594461239485809,0.210963610402825,0.04029471634142918,0.45463701252693,0.4520669779378519,0.041228790241246906,0.5096483062468937,0.4514643820686007,0.04029471634142918,0.21040540795685575,0.4502021002566006,0.4589140114203834,0.21231294578078538,0.44683329620371015,0.04029471634142918,0.5028533709467868,0.04029471634142918,0.470989620275539,0.45030489491986836,0.20980116862592912,0.46578020240242163,0.04029471634142918,0.04029471634142918,0.49298718820821025,0.04029471634142918,0.04029471634142918,0.4740400981723346,0.04029471634142918,0.04029471634142918,0.4521703679110069,0.20588840643779105,0.04029471634142918,0.04029471634142918,0.4588313980293022,0.0415036820491154,0.04029471634142918,0.04029471634142918,0.4963819188338838,0.04029471634142918,0.04029471634142918,0.4496100922132267,0.04029471634142918,0.04029471634142918,0.20611658243161202,0.44599874605980666,0.04029471634142918,0.0405822339637904,0.041228790241246906,0.450064509966221,0.04029471634142918,0.04029471634142918,0.20920438841109606,0.40336957612726676,0.04029471634142918,0.04029471634142918,0.04029471634142918,0.39741809123691846,0.21053688135259346,0.04029471634142918,0.4587448962046431,0.04029471634142918,0.04029471634142918,0.46170716300810277,0.04029471634142918,0.04029471634142918,0.20870905576100224,0.4683146974572775,0.041228790241246906,0.04029471634142918,0.04029471634142918,0.04029471634142918
0.4998697757451956,0.4998697757451956,0.5125495003558566,0.8488983410082135,0.670062646297409,0.9280956780439003,0.4999021960877141,0.5014395516694623,0.6956202765867051,0.6684354359967115,0.49999474182030057,0.6954933537845067,0.4998697757451956,0.6652918019696918,0.5380558232134375,0.6628017869931385,0.4998697757451956,0.6675410473402602,0.5368824159775057,0.6632485216955349,0.4998697757451956,0.68996297491424,0.6591484573978386,0.4998697757451956,0.4998697757451956,0.7066593927503988,0.6642911618199511,0.4998697757451956,0.697152750589401,0.4998697757451956,0.6635706466517451,0.5387944295526963,0.6652989433209654,0.49994302748026676,0.6654718245943078,0.6941219693400914,0.4998697757451956,0.4998697757451956,0.663525092065569,0.6941543231208288,0.4998697757451956,0.6618423115750999,0.5382783637832133,0.6646524565524266,0.5015764021080937,0.691729018878041,0.4998697757451956,0.6719838240971646,0.6658246410616916,0.5377407669801644,0.4998697757451956,0.6631722589375363,0.6949545198401058,0.49999399955207224,0.6687170437770268,0.5395953795539824,0.4998697757451956,0.6657006613124915,0.6640945699380082,0.4999435223830582,0.7009868736781719,0.6637185912259883,0.4998697757451956,0.539386619374524,0.6629317591857325,0.6683825914350957,0.5401019083034504,0.6608368278735195,0.4998697757451956,0.6965422649725801,0.4998697757451956,0.676014291853858,0.662995797456585,0.5391611603674411,0.6727113762334296,0.4998697757451956,0.4998697757451956,0.6901290162694689,0.4998697757451956,0.4998697757451956,0.6779556636722169,0.4998697757451956,0.4998697757451956,0.6641591012791302,0.5377142940632146,0.4998697757451956,0.4998697757451956,0.6683306813768757,0.4999655449953126,0.4998697757451956,0.4998697757451956,0.6923301542668538,0.4998697757451956,0.4998697757451956,0.6625630853594686,0.4998697757451956,0.4998697757451956,0.537798044061812,0.660318982628769,0.4998697757451956,0.4998922969991729,0.4999435223830582,0.6628460547173776,0.4998697757451956,0.4998697757451956,0.5389390142743792,0.6345078887429595,0.4998697757451956,0.4998697757451956,0.4998697757451956,0.631011759763592,0.5394357472720716,0.4998697757451956,0.6682763324954911,0.4998697757451956,0.4998697757451956,0.6701401093765254,0.4998697757451956,0.4998697757451956,0.53875503147833,0.6743163380385279,0.4999435223830582,0.4998697757451956,0.4998697757451956,0.4998697757451956
0.45726552623848027,0.45726552623848027,0.47123271135459216,0.8312367133784863,0.6412190060999635,0.9161479754132057,0.45730131901524296,0.45899810523112455,0.6684354359967115,0.63948417083045,0.45740348920561974,0.6683004074603437,0.45726552623848027,0.6361318538621591,0.49915560107133156,0.6334758156005875,0.45726552623848027,0.6385305131361467,0.497875625759526,0.6339523849166159,0.45726552623848027,0.6624156622119246,0.6295776938607945,0.45726552623848027,0.45726552623848027,0.6801752465752127,0.6350645739972207,0.45726552623848027,0.6700656864717424,0.45726552623848027,0.6342960093999559,0.4999610746462413,0.636139470430311,0.4573463971699024,0.6363238543621905,0.6668413657062209,0.45726552623848027,0.45726552623848027,0.6342474150412855,0.666875789113949,0.45726552623848027,0.6324521905985249,0.49939830582078526,0.6354499420088466,0.45914910151324867,0.6642951221335321,0.45726552623848027,0.6432669144303215,0.6367001358384728,0.4988119724420122,0.45726552623848027,0.6338710305522618,0.6677271484926415,0.45740266975772936,0.6397844233574931,0.5008343517012679,0.45726552623848027,0.6365679119550118,0.6348548773129598,0.45734694354203237,0.6741437066901822,0.6344538245219363,0.45726552623848027,0.5006067585559515,0.6336144700180647,0.6394278266342834,0.5013865223624293,0.6313793746200379,0.45726552623848027,0.6694162704448905,0.45726552623848027,0.647562095455216,0.6336827854227812,0.5003609455608028,0.6440423655368345,0.45726552623848027,0.45726552623848027,0.6625923771991937,0.45726552623848027,0.45726552623848027,0.6496304295784571,0.45726552623848027,0.45726552623848027,0.6349237107582846,0.49878309733945897,0.45726552623848027,0.45726552623848027,0.6393724785546224,0.4573712563806681,0.45726552623848027,0.45726552623848027,0.6649348074648239,0.45726552623848027,0.45726552623848027,0.633221163841716,0.45726552623848027,0.45726552623848027,0.49887444619497934,0.6308268089123372,0.45726552623848027,0.457290390247381,0.45734694354203237,0.633523040639511,0.45726552623848027,0.45726552623848027,0.500118729745229,0.6032447074903045,0.45726552623848027,0.45726552623848027,0.45726552623848027,0.5995020125544765,0.5006603196141062,0.45726552623848027,0.6393145298360599,0.45726552623848027,0.45726552623848027,0.6413015860645342,0.45726552623848027,0.45726552623848027,0.49991811392518726,0.6457528113887117,0.45734694354203237,0.45726552623848027,0.45726552623848027,0.45726552623848027
0.01135977951553289,0.01135977951553289,0.11579953113384495,0.7243199725964924,0.4599993966810537,0.8409506665697829,0.012748314533357613,0.041865362438671026,0.49999474182030057,0.45740348920561974,0.016065154189493162,0.4997993563041065,0.01135977951553289,0.4523694937599497,0.20317531882738765,0.4483639244792624,0.01135977951553289,0.45597384188371903,0.1999094504231337,0.44908377755230966,0.01135977951553289,0.4912569686750701,0.4424566681056475,0.01135977951553289,0.01135977951553289,0.5168818845040766,0.450761781734802,0.01135977951553289,0.5023515570755616,0.01135977951553289,0.4496025075048984,0.20520853897404462,0.45238095823382524,0.014306732925127774,0.4526584552159922,0.49768637477536165,0.01135977951553289,0.01135977951553289,0.4495291660375162,0.4977362639385581,0.01135977951553289,0.4468160410820309,0.20378971841960608,0.45134257109292164,0.04352620397930202,0.49399108927516705,0.01135977951553289,0.46305590711817,0.453224530654801,0.20230281322926616,0.01135977951553289,0.4489609281906198,0.4989695482277783,0.01604127730923736,0.4578532126817146,0.2073944465083395,0.01135977951553289,0.45302564847888727,0.4504456112772183,0.014324582877173902,0.5082300505044047,0.44984065557395636,0.01135977951553289,0.20682657437711555,0.44857341244620336,0.45731907508471586,0.20876694209208693,0.44519124617100997,0.01135977951553289,0.5014131848474019,0.01135977951553289,0.4694396587822971,0.44867661205637677,0.20621180868962358,0.46421108676435263,0.01135977951553289,0.01135977951553289,0.4915142820579869,0.01135977951553289,0.01135977951553289,0.4725011843482762,0.01135977951553289,0.01135977951553289,0.4505494055794753,0.2022293556422167,0.01135977951553289,0.01135977951553289,0.45723614692236925,0.015097555637313353,0.01135977951553289,0.01135977951553289,0.49492039187531844,0.01135977951553289,0.01135977951553289,0.44797906907327456,0.01135977951553289,0.01135977951553289,0.20246166993880008,0.44435335816060006,0.01135977951553289,0.012340914470951652,0.014324582877173902,0.44843527987986953,0.01135977951553289,0.01135977951553289,0.20560457114650948,0.40153720891340766,0.01135977951553289,0.01135977951553289,0.01135977951553289,0.3955566998255188,0.20696032998311797,0.01135977951553289,0.4571493154045939,0.01135977951553289,0.01135977951553289,0.4601228111408318,0.01135977951553289,0.01135977951553289,0.2051005124608843,0.4667549466706248,0.014324582877173902,0.01135977951553289,0.01135977951553289,0.01135977951553289
0.49967433485555807,0.49967433485555807,0.5123595660908732,0.8488159421902286,0.6699281099913498,0.9280404541545039,0.49970676956595483,0.5012448047243386,0.6954933537845067,0.6683004074603437,0.4997993563041065,0.6953663936591262,0.49967433485555807,0.6651558196285441,0.537876339149936,0.6626650464162004,0.49967433485555807,0.6674057478257257,0.536702467994764,0.6631119173359751,0.49967433485555807,0.6898343842229773,0.6590105998038325,0.49967433485555807,0.49967433485555807,0.7065357006190407,0.6641548750693053,0.49967433485555807,0.6970262780932814,0.49967433485555807,0.6634341404641556,0.5386152367228031,0.6651629631509057,0.4997476190517861,0.6653358969768931,0.6939946056665303,0.49967433485555807,0.49967433485555807,0.6633885719971189,0.6940269689736625,0.49967433485555807,0.6617052781647187,0.538098967531216,0.6645162797585379,0.5013817154921036,0.6916009498130186,0.49967433485555807,0.6718498676799651,0.6656888206575478,0.5375611585059673,0.49967433485555807,0.6630356313297759,0.6948274012161105,0.49979861370704026,0.6685821004981416,0.5394165018610836,0.49967433485555807,0.6655648032391325,0.6639582233346862,0.49974811417386505,0.7008615251650496,0.6635821301126213,0.49967433485555807,0.5392076596119363,0.6627950582479101,0.6682475468965554,0.5399232295434964,0.6606994871857712,0.49967433485555807,0.6964156131638654,0.49967433485555807,0.675881547665207,0.6628591160467514,0.5389821119166929,0.6725776390685503,0.49967433485555807,0.49967433485555807,0.6900004746589924,0.49967433485555807,0.49967433485555807,0.6778235013542279,0.49967433485555807,0.49967433485555807,0.6640227743241577,0.537534675130272,0.49967433485555807,0.49967433485555807,0.6681956211181146,0.49977014654380075,0.49967433485555807,0.49967433485555807,0.6922022625537474,0.49967433485555807,0.49967433485555807,0.6624262719652118,0.49967433485555807,0.49967433485555807,0.5376184582136061,0.6601814835247558,0.49967433485555807,0.49969686609054864,0.49974811417386505,0.6627093276420406,0.49967433485555807,0.49967433485555807,0.5387598783840587,0.6343623405195282,0.49967433485555807,0.49967433485555807,0.49967433485555807,0.6308650958993086,0.5392568068273842,0.49967433485555807,0.6681412557768512,0.49967433485555807,0.49967433485555807,0.6700055964783059,0.49967433485555807,0.49967433485555807,0.5385758231289105,0.674183083865688,0.49974811417386505,0.49967433485555807,0.49967433485555807,0.49967433485555807
0.0,0.0,0.11524104438565319,0.724244129770339,0.459862284405991,0.8408964152537145,0.005785752654346454,0.04029471634142918,0.4998697757451956,0.45726552623848027,0.01135977951553289,0.49967433485555807,0.0,0.4522298568998422,0.2028577709693703,0.4482229321997777,0.0,0.4558354068155798,0.19958668927321474,0.44894303042562994,0.0,0.49112949100802133,0.44231363749040653,0.0,0.0,0.5167615760177715,0.450621603393487,0.0,0.5022272561686727,0.0,0.44946193660829203,0.20489415314877815,0.4522413252228573,0.008697011946883078,0.4525189153211277,0.4975607522260889,0.0,0.0,0.44938857024605344,0.49761065562988177,0.0,0.44667451929987045,0.20347313269974543,0.4512025887533038,0.04201768744162034,0.4938644053651259,0.0,0.4629197858587694,0.453085180400866,0.20198388902922004,0.0,0.4488201392753952,0.4988442912120375,0.011325987336921441,0.4577153976919625,0.2070833912214495,0.0,0.45288623164473096,0.4503053260498442,0.008726344329337566,0.5081073868561228,0.44970016546455105,0.0,0.20651466060442208,0.448432491581296,0.45718108431363824,0.20845794246656504,0.44504916508252573,0.0,0.5012886197121218,0.0,0.46930557135343853,0.4485357263506907,0.20589896022646775,0.46407533710873466,0.0,0.0,0.49138687940422837,0.0,0.0,0.4723680555527199,0.0,0.0,0.45040915545581456,0.20191031502524562,0.0,0.0,0.4570981288280857,0.009944425435404138,0.0,0.0,0.4947939761065049,0.0,0.0,0.44783794544304806,0.0,0.0,0.20214299720966156,0.44421098723198077,0.0,0.004822196671388494,0.008726344329337566,0.4482943119320831,0.0,0.0,0.20529079396866212,0.4013785900646058,0.0,0.0,0.0,0.3953955567057955,0.206648618839433,0.0,0.4570112686917715,0.0,0.0,0.45998573910158674,0.0,0.0,0.20478596020681938,0.46662000973932255,0.008726344329337566,0.0,0.0,0.0
0.4522298568998422,0.4522298568998422,0.46636210236333403,0.8291941543638218,0.6378794526599874,0.9147530524450789,0.4522660840335576,0.4539833922517263,0.6652918019696918,0.6361318538621591,0.4523694937599497,0.6651558196285441,0.4522298568998422,0.632754769984877,0.49459085382793844,0.6300790100374454,0.4522298568998422,0.6351711645084884,0.493297495035092,0.6305591245306084,0.4522298568998422,0.6592293425619543,0.6261517808573241,0.4522298568998422,0.4522298568998422,0.6771139367922056,0.6316795759700911,0.4522298568998422,0.6669335551689279,0.4522298568998422,0.6309053034358606,0.4954047202052116,0.6327624429808135,0.45231170914026886,0.6329481927120097,0.663686461033685,0.4522298568998422,0.4522298568998422,0.6308563479289767,0.6637211280723971,0.4522298568998422,0.6290477605590385,0.494836089862005,0.6320678032230008,0.4541362082553125,0.6611221660048374,0.4522298568998422,0.6399423819648106,0.6333272601361095,0.4942436378230528,0.4522298568998422,0.6304771651787554,0.6645785094769153,0.4523686643724168,0.6364343179858416,0.49628707119240184,0.4522298568998422,0.6331940574808046,0.6314683226577256,0.45231226214117176,0.6710402468343719,0.631064291217886,0.4522298568998422,0.4960571157358233,0.6302186961960262,0.6360750945255983,0.496844965730711,0.6279669392770734,0.4522298568998422,0.6662795598393192,0.4522298568998422,0.6442689097864774,0.6302875198525741,0.4958087493114211,0.640723508050598,0.4522298568998422,0.4522298568998422,0.6594073154848716,0.4522298568998422,0.4522298568998422,0.6463522647969925,0.4522298568998422,0.4522298568998422,0.6315376671308413,0.4942144610859379,0.4522298568998422,0.4522298568998422,0.6360193386076028,0.452336869937216,0.4522298568998422,0.4522298568998422,0.6617663920453734,0.4522298568998422,0.4522298568998422,0.6298224627530129,0.4522298568998422,0.4522298568998422,0.49430676408862695,0.6274102445434042,0.4522298568998422,0.4522550226479632,0.45231226214117176,0.6301265865099415,0.4522298568998422,0.4522298568998422,0.4955640153934335,0.5996165816703245,0.4522298568998422,0.4522298568998422,0.4522298568998422,0.5958442801583659,0.4961112328933542,0.4522298568998422,0.6359609628480216,0.4522298568998422,0.4522298568998422,0.6379626392873056,0.4522298568998422,0.4522298568998422,0.495361312413804,0.6424464469538133,0.45231226214117176,0.4522298568998422,0.4522298568998422,0.4522298568998422
0.2028577709693703,0.2028577709693703,0.23327429110397396,0.7477440211923859,0.501512488319258,0.8576748546280134,0.2029401926605015,0.2068175761465981,0.5380558232134375,0.49915560107133156,0.20317531882738765,0.537876339149936,0.2028577709693703,0.49459085382793844,0.2867626793338128,0.4909642123161832,0.2028577709693703,0.4978584430333809,0.28446390998157506,0.4916155984863495,0.2028577709693703,0.530037804335552,0.48562503995935796,0.2028577709693703,0.2028577709693703,0.5536001971519252,0.49313463302049854,0.2028577709693703,0.5402215082675295,0.2028577709693703,0.4920850915478568,0.2882031369021172,0.4946012408877807,0.2030439584700147,0.4948526714186008,0.5359358789260119,0.2028577709693703,0.2028577709693703,0.492018706409047,0.5359816829298579,0.2028577709693703,0.4895641052661672,0.2871972107632476,0.49366060381259586,0.2071598457057529,0.5325447864598383,0.2028577709693703,0.5042900919471225,0.49536564613172374,0.2861467231286589,0.2028577709693703,0.4915044221002865,0.5371141617723603,0.20317343387484105,0.4995637733522097,0.2897595982021419,0.2028577709693703,0.4951854089401227,0.49284834867085575,0.20304521591101796,0.5456286443628541,0.4923006632105461,0.2028577709693703,0.2893544754707362,0.49115375859685423,0.49907899290149144,0.2907409639898181,0.4880952491001529,0.2028577709693703,0.5393590852467599,0.2028577709693703,0.510099908730136,0.49124713945092047,0.288916508810227,0.5053405619315733,0.2028577709693703,0.2028577709693703,0.5302736653236262,0.2028577709693703,0.2028577709693703,0.5128901971766,0.2028577709693703,0.2028577709693703,0.4929423283638685,0.2860949250301542,0.2028577709693703,0.2028577709693703,0.4990037353444087,0.20310116412759638,0.2028577709693703,0.2028577709693703,0.5333972895788499,0.2028577709693703,0.2028577709693703,0.4906160282852331,0.2028577709693703,0.2028577709693703,0.28625877184431714,0.4873381077998834,0.2028577709693703,0.20291502929451122,0.20304521591101796,0.4910287736661031,0.2028577709693703,0.2028577709693703,0.28848453083516834,0.44897887923417673,0.2028577709693703,0.2028577709693703,0.2028577709693703,0.44367835482294554,0.2894498487290405,0.2028577709693703,0.49892493767397106,0.2028577709693703,0.2028577709693703,0.5016245886245584,0.2028577709693703,0.2028577709693703,0.2881264267148372,0.5076551729363444,0.20304521591101796,0.2028577709693703,0.2028577709693703,0.2028577709693703
0.4482229321997777,0.4482229321997777,0.4624887038790022,0.8275764900315307,0.6352335763877415,0.9136465406651965,0.44825951105264844,0.4499934348045411,0.6628017869931385,0.6334758156005875,0.4483639244792624,0.6626650464162004,0.4482229321997777,0.6300790100374454,0.4909642123161832,0.6273875431013874,0.4482229321997777,0.6325095273867102,0.48966007390930344,0.6278704812704096,0.4482229321997777,0.6567053890804125,0.623437127283627,0.4482229321997777,0.4482229321997777,0.6746893466242412,0.628997513234126,0.4482229321997777,0.6644526839740356,0.4482229321997777,0.6282186946815644,0.49178483780210674,0.6300867279707579,0.4483055790494215,0.630273565376964,0.6611874860181853,0.4482229321997777,0.4482229321997777,0.628169451535533,0.6612223467486347,0.4482229321997777,0.6263502205804313,0.49121148697507366,0.6293880176179651,0.45014772393879987,0.658608838741974,0.4482229321997777,0.6373084637004172,0.6306548513963355,0.49061410704417985,0.4482229321997777,0.6277880400615244,0.6620845156803733,0.44836308704327654,0.6337800406129971,0.4926744957469392,0.4482229321997777,0.6305208692996473,0.6287850201843761,0.44830613741790276,0.6685821639298186,0.6283786164315829,0.4482229321997777,0.492442638063531,0.6275280510332093,0.6334187257229222,0.49323699917559555,0.6252630225202641,0.4482229321997777,0.6637950485421192,0.4482229321997777,0.6416599418111633,0.6275972795056387,0.49219221546145775,0.6380941072007169,0.4482229321997777,0.4482229321997777,0.6568843623157791,0.4482229321997777,0.4482229321997777,0.643755250464323,0.4482229321997777,0.4482229321997777,0.6288547716544443,0.49058468736585836,0.4482229321997777,0.4482229321997777,0.6333626450767813,0.4483309840521273,0.4482229321997777,0.4482229321997777,0.6592566751622954,0.4482229321997777,0.4482229321997777,0.6271294860288809,0.4482229321997777,0.4482229321997777,0.49067775885090004,0.624703038571333,0.4482229321997777,0.4482483422804631,0.44830613741790276,0.6274353994885737,0.4482229321997777,0.4482229321997777,0.49194545375709764,0.5967406943221846,0.4482229321997777,0.4482229321997777,0.4482229321997777,0.5929447629205319,0.49249720301876493,0.4482229321997777,0.6333039292984181,0.4482229321997777,0.4482229321997777,0.6353172459988258,0.4482229321997777,0.4482229321997777,0.4917410699800524,0.6398269901592201,0.44830613741790276,0.4482229321997777,0.4482229321997777,0.4482229321997777
0.0,0.0,0.11524104438565319,0.724244129770339,0.459862284405991,0.8408964152537145,0.005785752654346454,0.04029471634142918,0.4998697757451956,0.45726552623848027,0.01135977951553289,0.49967433485555807,0.0,0.4522298568998422,0.2028577709693703,0.4482229321997777,0.0,0.4558354068155798,0.19958668927321474,0.44894303042562994,0.0,0.49112949100802133,0.44231363749040653,0.0,0.0,0.5167615760177715,0.450621603393487,0.0,0.5022272561686727,0.0,0.44946193660829203,0.20489415314877815,0.4522413252228573,0.008697011946883078,0.4525189153211277,0.4975607522260889,0.0,0.0,0.44938857024605344,0.49761065562988177,0.0,0.44667451929987045,0.20347313269974543,0.4512025887533038,0.04201768744162034,0.4938644053651259,0.0,0.4629197858587694,0.453085180400866,0.20198388902922004,0.0,0.4488201392753952,0.4988442912120375,0.011325987336921441,0.4577153976919625,0.2070833912214495,0.0,0.45288623164473096,0.4503053260498442,0.008726344329337566,0.5081073868561228,0.44970016546455105,0.0,0.20651466060442208,0.448432491581296,0.45718108431363824,0.20845794246656504,0.44504916508252573,0.0,0.5012886197121218,0.0,0.46930557135343853,0.4485357263506907,0.20589896022646775,0.46407533710873466,0.0,0.0,0.49138687940422837,0.0,0.0,0.4723680555527199,0.0,0.0,0.45040915545581456,0.20191031502524562,0.0,0.0,0.4570981288280857,0.009944425435404138,0.0,0.0,0.4947939761065049,0.0,0.0,0.44783794544304806,0.0,0.0,0.20214299720966156,0.44421098723198077,0.0,0.004822196671388494,0.008726344329337566,0.4482943119320831,0.0,0.0,0.20529079396866212,0.4013785900646058,0.0,0.0,0.0,0.3953955567057955,0.206648618839433,0.0,0.4570112686917715,0.0,0.0,0.45998573910158674,0.0,0.0,0.20478596020681938,0.46662000973932255,0.008726344329337566,0.0,0.0,0.0
