0.8100144346307918,0.5918169634319861,0.953928168936296,0.5925876786899027,0.592131541669047,0.7128679981108312,0.5918169634319861,0.6950862832685273,0.7124046402425184,0.5918169634319861,0.5918169634319861,0.6934019251101992,0.7105487883434833,0.5918169634319861,0.694556631301929,0.6135877739711061,0.6918620426385786,0.5918169634319861,0.7089256340649841,0.5918169634319861,0.6892904450656052,0.7007169127942453,0.6140514746144164,0.5918169634319861,0.6926835621153684,0.5918592433077287,0.713348858339432,0.6920722795149129,0.5918169634319861,0.7121854155381311,0.5918756685684116,0.6934417935123125,0.6146837771356973,0.6920625024157434,0.5918169634319861,0.7114711192144871,0.6919294252907052,0.5918169634319861,0.5918169634319861,0.7100390754542258,0.6929619183897495,0.5926435770169425,0.5920177584344961,0.7098494111276112,0.6974333750488245,0.5918169634319861,0.7123354052631593,0.5918169634319861,0.6918323445646065,0.692629593642442,0.6146715202965959,0.5918169634319861,0.6953017647443758,0.7131015560052713,0.5918169634319861,0.6926334061169913,0.6150838651563455,0.696211081047046,0.5918169634319861,0.6923066517556397,0.6150207219073073,0.6915745519347308,0.6951021942476624,0.5918169634319861,0.6155053861574674,0.6903719255729781,0.6934160875688186,0.6150861784422753,0.6999320709711192,0.5918169634319861,0.7111906989882507,0.5918886655352477,0.6978288482685671,0.68974730313379,0.6144046548496167,0.5918169634319861,0.5918169634319861,0.7011255243198609,0.5918169634319861,0.5918169634319861,0.5918169634319861,0.7112194315233564,0.5918169634319861,0.5918169634319861,0.695279210405465,0.5918169634319861,0.5918169634319861,0.5918722407360812,0.7103328068254254,0.5918169634319861,0.5918169634319861,0.5918169634319861,0.6912665348598022,0.5918169634319861,0.5918169634319861,0.7089010216452724,0.5918169634319861,0.5918169634319861,0.5918725263897455,0.5918169634319861,0.6916009199788697,0.5918169634319861,0.6147741960352952,0.6737028719172912,0.5918169634319861,0.5918169634319861,0.6715329513692441,0.5918169634319861,0.5918169634319861,0.6150430406949189,0.5918169634319861,0.6952756491310251,0.5918169634319861,0.5918169634319861,0.6961067413411005,0.5918592433077287,0.614720818190939,0.5918169634319861,0.6989298014252963,0.59185952896942,0.5918169634319861,0.6932230259491293,0.5918169634319861,0.6152872571758617,0.5918169634319861
0.5918169634319861,0.0,0.8408964152537145,0.031220960193010412,0.01994144101540152,0.41754109568905073,0.0,0.38194966062762725,0.41663608126496693,0.0,0.0,0.378476396098398,0.4130002599092366,0.0,0.38085958521223495,0.16782635082655864,0.37528369580118637,0.0,0.409805531159806,0.0,0.36991364498352164,0.393423643078694,0.16964663561835444,0.0,0.3769890774006067,0.007309625513950761,0.4184791481504547,0.37572058301501204,0.0,0.416207518870149,0.008613312101095979,0.3785588345744873,0.17210059590713753,0.3757002725352712,0.0,0.4148094333914453,0.3754237563055622,0.0,0.0,0.411998536663986,0.37756582534971356,0.03233431521368651,0.01593095973036975,0.41162544509090676,0.386757514701761,0.0,0.416500760267412,0.0,0.3752219554957718,0.37687719247766993,0.17205332868450174,0.0,0.3823925962626738,0.41799686110136103,0.0,0.37688509700013,0.17363710028065424,0.3842583063487236,0.0,0.37620725205267785,0.17339542206977546,0.3746857549344778,0.3819823774080003,0.0,0.17524274013060887,0.37217794671321147,0.3785056820040606,0.17364594851750098,0.3918364699923723,0.0,0.4142598505945071,0.009519214899550129,0.38756403769153264,0.37087123599920324,0.1710212589123611,0.0,0.0,0.3942484651922701,0.0,0.0,0.0,0.4143161809127592,0.0,0.0,0.38234624915177073,0.0,0.0,0.008358045975537264,0.4125759649754516,0.0,0.0,0.0,0.37404445910218515,0.0,0.0,0.4097569802260828,0.0,0.0,0.008379615151912411,0.0,0.3747406216518428,0.0,0.172448924695295,0.33620333419819165,0.0,0.0,0.3313304474946794,0.0,0.0,0.17348088107711104,0.0,0.38233893074262476,0.0,0.0,0.3840445063596379,0.007309625513950761,0.1722433695348337,0.0,0.3898039939544105,0.0073342785899509965,0.0,0.3781063377023759,0.0,0.17441351803999955,0.0
0.953928168936296,0.8408964152537145,1.0,0.8413059469867483,0.8410635612821614,0.9052928428253275,0.8408964152537145,0.8959343940613881,0.9050500594764879,0.8408964152537145,0.8408964152537145,0.8950439705579611,0.9040770280637626,0.8408964152537145,0.8956544630944122,0.8524918743156065,0.8942293996276778,0.8408964152537145,0.9032251919731585,0.8408964152537145,0.8928679974923672,0.8989063844079442,0.8527393484809079,0.8408964152537145,0.8946640303049951,0.8409188791641397,0.9055447293734672,0.8943406401440916,0.8408964152537145,0.9049351712975168,0.8409276062113428,0.895065053678989,0.8530768298614823,0.8943354670869511,0.8408964152537145,0.9045607352999978,0.894265054114923,0.8408964152537145,0.8408964152537145,0.9038096095361737,0.8948112649890695,0.8413356526834399,0.8410031027986028,0.9037100841603074,0.8971741320980876,0.8408964152537145,0.9050137773172496,0.8408964152537145,0.8942136850571493,0.8946354821785467,0.8530702876945769,0.8408964152537145,0.896048262603916,0.9054151948686905,0.8408964152537145,0.8946374989129511,0.8532903852946199,0.89652866731768,0.8408964152537145,0.8944646404758905,0.853256680498089,0.8940772679716964,0.8959428023693756,0.8408964152537145,0.8535153932098204,0.8934406925902435,0.8950514599566461,0.8532916200927864,0.8984925673596138,0.8408964152537145,0.9044136976809554,0.8409345117691771,0.8973828997398267,0.893109953370793,0.8529278492193674,0.8408964152537145,0.8408964152537145,0.8991217707492487,0.8408964152537145,0.8408964152537145,0.8408964152537145,0.9044287645585679,0.8408964152537145,0.8408964152537145,0.8960363445152261,0.8408964152537145,0.8408964152537145,0.8409257849369701,0.9039637233942424,0.8408964152537145,0.8408964152537145,0.8408964152537145,0.8939142557469085,0.8408964152537145,0.8408964152537145,0.9032122696022337,0.8408964152537145,0.8408964152537145,0.8409259367102864,0.8408964152537145,0.8940912218683184,0.8408964152537145,0.8531250918641499,0.8845910360075285,0.8408964152537145,0.8408964152537145,0.8834359411772564,0.8408964152537145,0.8408964152537145,0.8532685938566856,0.8408964152537145,0.8960344626682755,0.8408964152537145,0.8408964152537145,0.8964735524548754,0.8409188791641397,0.8530966008289125,0.8408964152537145,0.8979638956103305,0.8409190309411951,0.8408964152537145,0.8949493613774891,0.8408964152537145,0.853398954411217,0.8408964152537145
0.5925876786899027,0.031220960193010412,0.8413059469867483,0.044153094847476926,0.03704604107198964,0.4186887916516181,0.031220960193010412,0.38320985625860193,0.4177864193986121,0.031220960193010412,0.031220960193010412,0.3797486148332235,0.41416131851134286,0.031220960193010412,0.382123532247699,0.170704517494618,0.37656714958865695,0.031220960193010412,0.41097615223821965,0.031220960193010412,0.371216404970881,0.3946455253730752,0.17249438219863683,0.031220960193010412,0.37826650785532906,0.03206522967133456,0.4196241164091522,0.3770024888647722,0.031220960193010412,0.4173591118141146,0.03238730403733827,0.3798307655550499,0.1749083238364689,0.3769822502725789,0.031220960193010412,0.41596513620279724,0.3767067134768067,0.031220960193010412,0.031220960193010412,0.41316257910149123,0.3788412302668566,0.044947249818773224,0.03505058746084951,0.4127906022332067,0.3880013994645124,0.031220960193010412,0.4176514943617147,0.031220960193010412,0.3765056283076149,0.3781550165428589,0.1748618169428669,0.031220960193010412,0.38365127326064175,0.419143230388618,0.031220960193010412,0.3781628932500884,0.17642033186635722,0.3855106224233047,0.031220960193010412,0.37748743754175923,0.17618247869487777,0.3759713327634455,0.383242460755225,0.031220960193010412,0.1780008201693797,0.37347250250782615,0.3797777985020499,0.1764290402589485,0.3930635280983494,0.031220960193010412,0.4154171758715767,0.03263991055242342,0.3888052231317864,0.372170514901636,0.17384645075885827,0.031220960193010412,0.031220960193010412,0.3954676729284218,0.031220960193010412,0.031220960193010412,0.031220960193010412,0.4154733397130305,0.031220960193010412,0.031220960193010412,0.383605084900265,0.031220960193010412,0.031220960193010412,0.03232035352958462,0.4137382858172701,0.031220960193010412,0.031220960193010412,0.031220960193010412,0.3753323220435322,0.031220960193010412,0.031220960193010412,0.41092774767470347,0.031220960193010412,0.031220960193010412,0.032325938034073326,0.031220960193010412,0.37602600431566124,0.031220960193010412,0.17525106200457227,0.3376405332371573,0.031220960193010412,0.031220960193010412,0.33278922787185133,0.031220960193010412,0.031220960193010412,0.176266583957196,0.031220960193010412,0.3835977915617898,0.031220960193010412,0.031220960193010412,0.38529754844328923,0.03206522967133456,0.17504880330887848,0.031220960193010412,0.3910377369240311,0.032070858601164064,0.031220960193010412,0.379379849581625,0.031220960193010412,0.17718453111850554,0.031220960193010412
0.592131541669047,0.01994144101540152,0.8410635612821614,0.03704604107198964,0.028201455219806014,0.4180097174230915,0.01994144101540152,0.38246429689788763,0.41710578343721144,0.01994144101540152,0.01994144101540152,0.37899595143909326,0.4134743460272583,0.01994144101540152,0.38137575628304504,0.16900646469823807,0.37580784804405726,0.01994144101540152,0.4102835278539219,0.01994144101540152,0.37044569706847263,0.39392260585227584,0.17081415353498197,0.01994144101540152,0.377510765123512,0.021238919233932466,0.41894665448292545,0.37624410189361535,0.01994144101540152,0.4166777341644586,0.021722113343628672,0.3790782721816605,0.17325154941482837,0.3762238208277487,0.01994144101540152,0.4152813293284737,0.37594770534920086,0.01994144101540152,0.01994144101540152,0.41247384300459244,0.37808668431498027,0.037989060399423104,0.025523646188454995,0.41210120728775496,0.38726547806727823,0.01994144101540152,0.4169706243571786,0.01994144101540152,0.3757461973564553,0.3773990412489522,0.1732045968425155,0.01994144101540152,0.3829066112269167,0.418464940335114,0.01994144101540152,0.3774069343906128,0.17477791765293993,0.38476971896751494,0.01994144101540152,0.37673006702274947,0.17453782200778833,0.3752107762715464,0.38249696774036945,0.01994144101540152,0.17637315285413105,0.3727066416619285,0.3790251955149394,0.17478670803199783,0.39233754996407416,0.01994144101540152,0.4147324100124763,0.02209697973575363,0.38807089679134715,0.37140186361634103,0.17217944020376216,0.01994144101540152,0.01994144101540152,0.3947463339404899,0.01994144101540152,0.01994144101540152,0.01994144101540152,0.4147886722525392,0.01994144101540152,0.01994144101540152,0.38286032906412487,0.01994144101540152,0.01994144101540152,0.021622164451852038,0.4130505672773387,0.01994144101540152,0.01994144101540152,0.01994144101540152,0.37457041544860953,0.01994144101540152,0.01994144101540152,0.41023503677957407,0.01994144101540152,0.01994144101540152,0.02163051116680496,0.01994144101540152,0.3752655631328094,0.01994144101540152,0.17359756468642257,0.3367904178510739,0.01994144101540152,0.01994144101540152,0.3319263688432928,0.01994144101540152,0.01994144101540152,0.17462272091184783,0.01994144101540152,0.38285302091191126,0.01994144101540152,0.01994144101540152,0.3845562159953276,0.021238919233932466,0.17339337365678953,0.01994144101540152,0.39030780848501423,0.021247416497736968,0.01994144101540152,0.37862642212997755,0.01994144101540152,0.17554928055392713,0.01994144101540152
0.7128679981108312,0.41754109568905073,0.9052928428253275,0.4186887916516181,0.4180097174230915,0.5859532629693907,0.41754109568905073,0.5622514974543701,0.5853384462691514,0.41754109568905073,0.41754109568905073,0.5599940242219594,0.5828745534966104,0.41754109568905073,0.5615418740437201,0.4494504849876633,0.5579281645114307,0.41754109568905073,0.5807177126904196,0.41754109568905073,0.5544737899131249,0.5697817662000758,0.45011951425086305,0.41754109568905073,0.5590305325459239,0.4176040932483731,0.5865911555515682,0.5582103270068017,0.41754109568905073,0.5850475142435919,0.41762856592767267,0.5600474846692005,0.4510311485028408,0.5581972058060942,0.41754109568905073,0.5840993562034963,0.5580186039012754,0.41754109568905073,0.41754109568905073,0.5821974403702953,0.5594039230786502,0.41877197581115533,0.4178402442081394,0.5819454418189928,0.5653934314446407,0.41754109568905073,0.5852465682662185,0.41754109568905073,0.5578883032700197,0.5589581312151155,0.451013484120123,0.41754109568905073,0.5625401335369054,0.5862631115233503,0.41754109568905073,0.558963245913649,0.45160759506900133,0.5637577502379183,0.41754109568905073,0.5585248389194887,0.4515166382305322,0.5575422590387125,0.5622728113790076,0.41754109568905073,0.45221459866086644,0.5559271983318456,0.5600130151331051,0.4516109271787913,0.5687335991709288,0.41754109568905073,0.5837270339401416,0.4176479301852086,0.5659224062525442,0.5550878852655625,0.45062881143795847,0.41754109568905073,0.41754109568905073,0.570327289352176,0.41754109568905073,0.41754109568905073,0.41754109568905073,0.5837651853754695,0.41754109568905073,0.41754109568905073,0.5625099238782711,0.41754109568905073,0.41754109568905073,0.41762345871173895,0.5825876604511319,0.41754109568905073,0.41754109568905073,0.41754109568905073,0.5571287243000963,0.41754109568905073,0.41754109568905073,0.5806849940756015,0.41754109568905073,0.41754109568905073,0.41762388431560205,0.41754109568905073,0.5575776563372418,0.41754109568905073,0.45116145022811804,0.5334087535717473,0.41754109568905073,0.41754109568905073,0.5304577942970174,0.41754109568905073,0.41754109568905073,0.45154878893821093,0.41754109568905073,0.5625051538106527,0.41754109568905073,0.41754109568905073,0.5636180678090796,0.4176040932483731,0.4510845298327774,0.41754109568905073,0.5673943760750393,0.4176045188732089,0.41754109568905073,0.559754118319688,0.41754109568905073,0.4519005273823271,0.41754109568905073
0.5918169634319861,0.0,0.8408964152537145,0.031220960193010412,0.01994144101540152,0.41754109568905073,0.0,0.38194966062762725,0.41663608126496693,0.0,0.0,0.378476396098398,0.4130002599092366,0.0,0.38085958521223495,0.16782635082655864,0.37528369580118637,0.0,0.409805531159806,0.0,0.36991364498352164,0.393423643078694,0.16964663561835444,0.0,0.3769890774006067,0.007309625513950761,0.4184791481504547,0.37572058301501204,0.0,0.416207518870149,0.008613312101095979,0.3785588345744873,0.17210059590713753,0.3757002725352712,0.0,0.4148094333914453,0.3754237563055622,0.0,0.0,0.411998536663986,0.37756582534971356,0.03233431521368651,0.01593095973036975,0.41162544509090676,0.386757514701761,0.0,0.416500760267412,0.0,0.3752219554957718,0.37687719247766993,0.17205332868450174,0.0,0.3823925962626738,0.41799686110136103,0.0,0.37688509700013,0.17363710028065424,0.3842583063487236,0.0,0.37620725205267785,0.17339542206977546,0.3746857549344778,0.3819823774080003,0.0,0.17524274013060887,0.37217794671321147,0.3785056820040606,0.17364594851750098,0.3918364699923723,0.0,0.4142598505945071,0.009519214899550129,0.38756403769153264,0.37087123599920324,0.1710212589123611,0.0,0.0,0.3942484651922701,0.0,0.0,0.0,0.4143161809127592,0.0,0.0,0.38234624915177073,0.0,0.0,0.008358045975537264,0.4125759649754516,0.0,0.0,0.0,0.37404445910218515,0.0,0.0,0.4097569802260828,0.0,0.0,0.008379615151912411,0.0,0.3747406216518428,0.0,0.172448924695295,0.33620333419819165,0.0,0.0,0.3313304474946794,0.0,0.0,0.17348088107711104,0.0,0.38233893074262476,0.0,0.0,0.3840445063596379,0.007309625513950761,0.1722433695348337,0.0,0.3898039939544105,0.0073342785899509965,0.0,0.3781063377023759,0.0,0.17441351803999955,0.0
0.6950862832685273,0.38194966062762725,0.8959343940613881,0.38320985625860193,0.38246429689788763,0.5622514974543701,0.38194966062762725,0.5372611713302358,0.5616042529254214,0.38194966062762725,0.38194966062762725,0.5348765794163515,0.5590098997267566,0.38194966062762725,0.536511676327156,0.41676374435238467,0.5326936735128234,0.38194966062762725,0.556738183952224,0.38194966062762725,0.5290420214483537,0.5452097244907842,0.41748915051062124,0.38194966062762725,0.5338585848210469,0.382018850374846,0.5629229822718684,0.5329918634269266,0.38194966062762725,0.5612979585618048,0.3820457279999183,0.534933059642639,0.4184773337711255,0.5329779972023195,0.38194966062762725,0.5602996559361033,0.5327892514625037,0.38194966062762725,0.38194966062762725,0.5582967912088035,0.5342531151299074,0.3833011688844125,0.3822781955536822,0.558031380514285,0.5405786909552559,0.38194966062762725,0.5615075246212298,0.38194966062762725,0.5326515470227866,0.5337820818260762,0.4184581890894059,0.38194966062762725,0.5375660022159173,0.5625776697157217,0.38194966062762725,0.533787486309242,0.4191020233747078,0.5388517927691048,0.38194966062762725,0.5333242249918253,0.41900346255842597,0.5322858267587689,0.5372836815870169,0.38194966062762725,0.4197596936219896,0.5305786738414398,0.5348966431050339,0.41910563398986833,0.5441038530088563,0.38194966062762725,0.5599076100733791,0.3820669949832145,0.5411370765030437,0.5296913320611739,0.41804125133692455,0.38194966062762725,0.38194966062762725,0.5457852152174366,0.38194966062762725,0.38194966062762725,0.38194966062762725,0.559947783417878,0.38194966062762725,0.38194966062762725,0.5375340981685878,0.38194966062762725,0.38194966062762725,0.38204011891934425,0.5587077630024039,0.38194966062762725,0.38194966062762725,0.38194966062762725,0.5318487527724796,0.38194966062762725,0.38194966062762725,0.5567037178266531,0.38194966062762725,0.38194966062762725,0.3820405863460073,0.38194966062762725,0.5323232376424828,0.38194966062762725,0.4186185513508404,0.5067287254657077,0.38194966062762725,0.38194966062762725,0.5035962498904625,0.38194966062762725,0.38194966062762725,0.41903830141245135,0.38194966062762725,0.5375290605459423,0.38194966062762725,0.38194966062762725,0.5387043013791883,0.382018850374846,0.41853518781891336,0.38194966062762725,0.5426906613522252,0.382019317828663,0.38194966062762725,0.5346231164767882,0.38194966062762725,0.4194194238632342,0.38194966062762725
0.7124046402425184,0.41663608126496693,0.9050500594764879,0.4177864193986121,0.41710578343721144,0.5853384462691514,0.41663608126496693,0.5616042529254214,0.5847228109201118,0.41663608126496693,0.41663608126496693,0.5593435921921304,0.5822556259637648,0.41663608126496693,0.5608936295075997,0.44861436883225453,0.557274799417752,0.41663608126496693,0.5800958880353518,0.41663608126496693,0.5538154853146544,0.5691450249602237,0.44928474903177906,0.41663608126496693,0.5583787345024599,0.4166992241981011,0.5859771870335803,0.5575573634384746,0.41663608126496693,0.5844314911140485,0.41672375334000566,0.5593971283358505,0.45019821841324764,0.5575442235723805,0.41663608126496693,0.5834820675145138,0.5573653675371938,0.41663608126496693,0.41663608126496693,0.5815776048635735,0.5587526548179116,0.4178697945471284,0.41693591974600613,0.5813252680360935,0.5647505931851471,0.41663608126496693,0.5846308104813249,0.41663608126496693,0.5572348814291412,0.5583062303868638,0.45018051853401786,0.41663608126496693,0.5618932952439972,0.5856487069686902,0.41663608126496693,0.5583113523471219,0.45077582200523086,0.5631126224156581,0.41663608126496693,0.557872322567537,0.45068468277374296,0.5568883443179384,0.5616255968580995,0.41663608126496693,0.4513840411505877,0.555270977400474,0.5593626099943394,0.45077916079557295,0.5680954076064183,0.41663608126496693,0.5831092475487358,0.4167431622698725,0.5652803064377744,0.554430462023153,0.44979507224585374,0.41663608126496693,0.41663608126496693,0.5696913014760854,0.41663608126496693,0.41663608126496693,0.41663608126496693,0.5831474500023922,0.41663608126496693,0.41663608126496693,0.5618630430811317,0.41663608126496693,0.41663608126496693,0.416718634341361,0.5819683483808893,0.41663608126496693,0.41663608126496693,0.41663608126496693,0.5564742199936911,0.41663608126496693,0.41663608126496693,0.5800631253614581,0.41663608126496693,0.41663608126496693,0.41671906092713207,0.41663608126496693,0.5569237920539558,0.41663608126496693,0.45032878190376024,0.5327193153145606,0.41663608126496693,0.41663608126496693,0.5297638463933165,0.41663608126496693,0.41663608126496693,0.45071689795965786,0.41663608126496693,0.561858266301852,0.41663608126496693,0.41663608126496693,0.5629727440306426,0.4166992241981011,0.45025170699789596,0.41663608126496693,0.5667543260355336,0.416699650804977,0.41663608126496693,0.5591033464717563,0.41663608126496693,0.45106934128794673,0.41663608126496693
0.5918169634319861,0.0,0.8408964152537145,0.031220960193010412,0.01994144101540152,0.41754109568905073,0.0,0.38194966062762725,0.41663608126496693,0.0,0.0,0.378476396098398,0.4130002599092366,0.0,0.38085958521223495,0.16782635082655864,0.37528369580118637,0.0,0.409805531159806,0.0,0.36991364498352164,0.393423643078694,0.16964663561835444,0.0,0.3769890774006067,0.007309625513950761,0.4184791481504547,0.37572058301501204,0.0,0.416207518870149,0.008613312101095979,0.3785588345744873,0.17210059590713753,0.3757002725352712,0.0,0.4148094333914453,0.3754237563055622,0.0,0.0,0.411998536663986,0.37756582534971356,0.03233431521368651,0.01593095973036975,0.41162544509090676,0.386757514701761,0.0,0.416500760267412,0.0,0.3752219554957718,0.37687719247766993,0.17205332868450174,0.0,0.3823925962626738,0.41799686110136103,0.0,0.37688509700013,0.17363710028065424,0.3842583063487236,0.0,0.37620725205267785,0.17339542206977546,0.3746857549344778,0.3819823774080003,0.0,0.17524274013060887,0.37217794671321147,0.3785056820040606,0.17364594851750098,0.3918364699923723,0.0,0.4142598505945071,0.009519214899550129,0.38756403769153264,0.37087123599920324,0.1710212589123611,0.0,0.0,0.3942484651922701,0.0,0.0,0.0,0.4143161809127592,0.0,0.0,0.38234624915177073,0.0,0.0,0.008358045975537264,0.4125759649754516,0.0,0.0,0.0,0.37404445910218515,0.0,0.0,0.4097569802260828,0.0,0.0,0.008379615151912411,0.0,0.3747406216518428,0.0,0.172448924695295,0.33620333419819165,0.0,0.0,0.3313304474946794,0.0,0.0,0.17348088107711104,0.0,0.38233893074262476,0.0,0.0,0.3840445063596379,0.007309625513950761,0.1722433695348337,0.0,0.3898039939544105,0.0073342785899509965,0.0,0.3781063377023759,0.0,0.17441351803999955,0.0
0.5918169634319861,0.0,0.8408964152537145,0.031220960193010412,0.01994144101540152,0.41754109568905073,0.0,0.38194966062762725,0.41663608126496693,0.0,0.0,0.378476396098398,0.4130002599092366,0.0,0.38085958521223495,0.16782635082655864,0.37528369580118637,0.0,0.409805531159806,0.0,0.36991364498352164,0.393423643078694,0.16964663561835444,0.0,0.3769890774006067,0.007309625513950761,0.4184791481504547,0.37572058301501204,0.0,0.416207518870149,0.008613312101095979,0.3785588345744873,0.17210059590713753,0.3757002725352712,0.0,0.4148094333914453,0.3754237563055622,0.0,0.0,0.411998536663986,0.37756582534971356,0.03233431521368651,0.01593095973036975,0.41162544509090676,0.386757514701761,0.0,0.416500760267412,0.0,0.3752219554957718,0.37687719247766993,0.17205332868450174,0.0,0.3823925962626738,0.41799686110136103,0.0,0.37688509700013,0.17363710028065424,0.3842583063487236,0.0,0.37620725205267785,0.17339542206977546,0.3746857549344778,0.3819823774080003,0.0,0.17524274013060887,0.37217794671321147,0.3785056820040606,0.17364594851750098,0.3918364699923723,0.0,0.4142598505945071,0.009519214899550129,0.38756403769153264,0.37087123599920324,0.1710212589123611,0.0,0.0,0.3942484651922701,0.0,0.0,0.0,0.4143161809127592,0.0,0.0,0.38234624915177073,0.0,0.0,0.008358045975537264,0.4125759649754516,0.0,0.0,0.0,0.37404445910218515,0.0,0.0,0.4097569802260828,0.0,0.0,0.008379615151912411,0.0,0.3747406216518428,0.0,0.172448924695295,0.33620333419819165,0.0,0.0,0.3313304474946794,0.0,0.0,0.17348088107711104,0.0,0.38233893074262476,0.0,0.0,0.3840445063596379,0.007309625513950761,0.1722433695348337,0.0,0.3898039939544105,0.0073342785899509965,0.0,0.3781063377023759,0.0,0.17441351803999955,0.0
0.6934019251101992,0.378476396098398,0.8950439705579611,0.3797486148332235,0.37899595143909326,0.5599940242219594,0.378476396098398,0.5348765794163515,0.5593435921921304,0.378476396098398,0.378476396098398,0.5324793948042039,0.5567364094368634,0.378476396098398,0.5341231356634415,0.4135973573049825,0.5302848855113672,0.378476396098398,0.5544533889025749,0.378476396098398,0.5266136577558088,0.5428665017607689,0.41432864903661515,0.378476396098398,0.531455998071438,0.37854624791827435,0.5606688103802595,0.5305846647887885,0.378476396098398,0.5590357875798634,0.37857338267227203,0.5325361742886608,0.41532481963892054,0.5305707246870875,0.378476396098398,0.5580325543997099,0.5303809730444498,0.378476396098398,0.378476396098398,0.5560197594360529,0.5318526238905029,0.37984079572259516,0.3788080727278277,0.5557530289736681,0.5382114772991083,0.378476396098398,0.559246387076205,0.378476396098398,0.5302425343749497,0.5313790884623486,0.41530552054369513,0.378476396098398,0.53518301391294,0.5603218008048876,0.378476396098398,0.5313845216733352,0.415954540616069,0.5364755533497295,0.378476396098398,0.530918796238614,0.4158551868892286,0.5298748626950879,0.534899208139355,0.378476396098398,0.41661749297281997,0.5281585732364731,0.5324995648050744,0.4159581802716997,0.541754929265856,0.378476396098398,0.5576385687951617,0.378594853085047,0.538772771947955,0.5272664644677889,0.4148852167033036,0.378476396098398,0.378476396098398,0.5434449524250293,0.378476396098398,0.378476396098398,0.378476396098398,0.5576789409968156,0.378476396098398,0.378476396098398,0.5351509420943441,0.378476396098398,0.378476396098398,0.37856771993440835,0.5564327730194909,0.378476396098398,0.378476396098398,0.378476396098398,0.5294354538452201,0.378476396098398,0.378476396098398,0.5544187507485137,0.378476396098398,0.378476396098398,0.37856819183260115,0.378476396098398,0.5299124732913897,0.378476396098398,0.41546717582247306,0.5041759446106443,0.378476396098398,0.378476396098398,0.5010252952991077,0.378476396098398,0.378476396098398,0.4158903060571057,0.378476396098398,0.5351458779793664,0.378476396098398,0.378476396098398,0.5363272890491663,0.37854624791827435,0.4153831402357351,0.378476396098398,0.5403344269241851,0.37854671984435495,0.378476396098398,0.5322245883040869,0.378476396098398,0.41627449222453566,0.378476396098398
0.7105487883434833,0.4130002599092366,0.9040770280637626,0.41416131851134286,0.4134743460272583,0.5828745534966104,0.4130002599092366,0.5590098997267566,0.5822556259637648,0.4130002599092366,0.4130002599092366,0.5567364094368634,0.5797752008592794,0.4130002599092366,0.5582952514384207,0.4452577681087745,0.5546558102481671,0.4130002599092366,0.577603810693123,0.4130002599092366,0.5511766111533456,0.5665929394680792,0.4459336164888842,0.4130002599092366,0.5557660532689521,0.4130639927158329,0.5835167051422822,0.5549399905766709,0.4130002599092366,0.5819627466807662,0.4130887509613735,0.5567902502682427,0.4468545135172733,0.5549267755749575,0.4130002599092366,0.5810082334711791,0.5547468965600537,0.4130002599092366,0.4130002599092366,0.5790935279757725,0.556142106089516,0.4142454685473168,0.4133028979741831,0.5788398306128286,0.5621739732634097,0.4130002599092366,0.5821631331452544,0.4130002599092366,0.5546156638269082,0.5556931354159648,0.4468366699710525,0.4130002599092366,0.5593005770507891,0.5831864716079386,0.4130002599092366,0.5556982866067227,0.44743679990935753,0.5605267882768801,0.4130002599092366,0.5552567499187315,0.44734492249556485,0.5542671426410191,0.5590313644354081,0.4130002599092366,0.4480499385353008,0.5526404917890888,0.5567555354789873,0.44744016573719236,0.5655374863549074,0.4130002599092366,0.5806334118869164,0.4131083411541247,0.5627066582277158,0.5517951361341341,0.4464480925818134,0.4130002599092366,0.4130002599092366,0.5671422472529511,0.4130002599092366,0.4130002599092366,0.4130002599092366,0.5806718195230192,0.4130002599092366,0.4130002599092366,0.5592701538191096,0.4130002599092366,0.4130002599092366,0.4130835841530377,0.5794863767142739,0.4130002599092366,0.4130002599092366,0.4130002599092366,0.5538506449215779,0.4130002599092366,0.4130002599092366,0.5775708708068742,0.4130002599092366,0.4130002599092366,0.4130840147230147,0.4130002599092366,0.5543027934129758,0.4130002599092366,0.44698613645934193,0.52995504479793,0.4130002599092366,0.4130002599092366,0.5269814034982188,0.4130002599092366,0.4130002599092366,0.44737739863876946,0.4130002599092366,0.5592653500270683,0.4130002599092366,0.4130002599092366,0.5603861212515246,0.4130639927158329,0.44690843619878623,0.4130002599092366,0.5641889264042911,0.41306442330745474,0.4130002599092366,0.5564947958992138,0.4130002599092366,0.4477326947478649,0.4130002599092366
0.5918169634319861,0.0,0.8408964152537145,0.031220960193010412,0.01994144101540152,0.41754109568905073,0.0,0.38194966062762725,0.41663608126496693,0.0,0.0,0.378476396098398,0.4130002599092366,0.0,0.38085958521223495,0.16782635082655864,0.37528369580118637,0.0,0.409805531159806,0.0,0.36991364498352164,0.393423643078694,0.16964663561835444,0.0,0.3769890774006067,0.007309625513950761,0.4184791481504547,0.37572058301501204,0.0,0.416207518870149,0.008613312101095979,0.3785588345744873,0.17210059590713753,0.3757002725352712,0.0,0.4148094333914453,0.3754237563055622,0.0,0.0,0.411998536663986,0.37756582534971356,0.03233431521368651,0.01593095973036975,0.41162544509090676,0.386757514701761,0.0,0.416500760267412,0.0,0.3752219554957718,0.37687719247766993,0.17205332868450174,0.0,0.3823925962626738,0.41799686110136103,0.0,0.37688509700013,0.17363710028065424,0.3842583063487236,0.0,0.37620725205267785,0.17339542206977546,0.3746857549344778,0.3819823774080003,0.0,0.17524274013060887,0.37217794671321147,0.3785056820040606,0.17364594851750098,0.3918364699923723,0.0,0.4142598505945071,0.009519214899550129,0.38756403769153264,0.37087123599920324,0.1710212589123611,0.0,0.0,0.3942484651922701,0.0,0.0,0.0,0.4143161809127592,0.0,0.0,0.38234624915177073,0.0,0.0,0.008358045975537264,0.4125759649754516,0.0,0.0,0.0,0.37404445910218515,0.0,0.0,0.4097569802260828,0.0,0.0,0.008379615151912411,0.0,0.3747406216518428,0.0,0.172448924695295,0.33620333419819165,0.0,0.0,0.3313304474946794,0.0,0.0,0.17348088107711104,0.0,0.38233893074262476,0.0,0.0,0.3840445063596379,0.007309625513950761,0.1722433695348337,0.0,0.3898039939544105,0.0073342785899509965,0.0,0.3781063377023759,0.0,0.17441351803999955,0.0
0.694556631301929,0.38085958521223495,0.8956544630944122,0.382123532247699,0.38137575628304504,0.5615418740437201,0.38085958521223495,0.536511676327156,0.5608936295075997,0.38085958521223495,0.38085958521223495,0.5341231356634415,0.5582952514384207,0.38085958521223495,0.53576094307621,0.41576949439629185,0.5319365914002355,0.38085958521223495,0.5560199893053772,0.38085958521223495,0.528278801547978,0.5444732031354271,0.4164967398584395,0.38085958521223495,0.5331034471533844,0.3809289815305355,0.5622143945951972,0.5322352796656726,0.38085958521223495,0.5605868613412222,0.38095593938174727,0.53417970972728,0.4174874193338648,0.5322213902765349,0.38085958521223495,0.5595870118952636,0.5320323291315338,0.38085958521223495,0.38085958521223495,0.5575810319243029,0.5334986345342358,0.3822151157953924,0.38118910037730125,0.5573152072099571,0.5398346456416657,0.38085958521223495,0.5607967516153677,0.38085958521223495,0.5318943944716572,0.5330268166603613,0.41746822639368736,0.38085958521223495,0.5368170100780008,0.5618685496294501,0.38085958521223495,0.5330322301514252,0.4181136813999943,0.5381049170000616,0.38085958521223495,0.5325681961887633,0.4180148727716099,0.5315280623379465,0.5365342237328292,0.38085958521223495,0.41877300251488814,0.5298180447038969,0.5341432326881285,0.4181173010913298,0.5433655436585904,0.38085958521223495,0.5591943575016347,0.3809772698366355,0.5403939434963877,0.528929208298329,0.41705023665555874,0.38085958521223495,0.38085958521223495,0.5450496221951593,0.38085958521223495,0.38085958521223495,0.38085958521223495,0.5592345932309017,0.38085958521223495,0.38085958521223495,0.5367850534203062,0.38085958521223495,0.38085958521223495,0.3809503135596901,0.5579926442446568,0.38085958521223495,0.38085958521223495,0.38085958521223495,0.531090256257312,0.38085958521223495,0.38085958521223495,0.555985469214751,0.38085958521223495,0.38085958521223495,0.38095078238150454,0.38085958521223495,0.5315655358416649,0.38085958521223495,0.41762899275966786,0.5059265066572529,0.38085958521223495,0.38085958521223495,0.5027883361000586,0.38085958521223495,0.38085958521223495,0.41804979923334346,0.38085958521223495,0.5367800074900954,0.38085958521223495,0.38085958521223495,0.5379571832319018,0.3809289815305355,0.41754541919125177,0.38085958521223495,0.541950059225318,0.3809294503797309,0.38085958521223495,0.5338692514286579,0.38085958521223495,0.4184318792087616,0.38085958521223495
0.6135877739711061,0.16782635082655864,0.8524918743156065,0.170704517494618,0.16900646469823807,0.4494504849876633,0.16782635082655864,0.41676374435238467,0.44861436883225453,0.16782635082655864,0.16782635082655864,0.4135973573049825,0.4452577681087745,0.16782635082655864,0.41576949439629185,0.23729521619927887,0.41069079006173714,0.16782635082655864,0.4423116506162664,0.16782635082655864,0.4058109987757072,0.42725519858958155,0.23858453433842605,0.16782635082655864,0.4122428459552816,0.16798539644630472,0.45031737508674907,0.4110882908229507,0.16782635082655864,0.4482185160898577,0.16804714715344032,0.4136724592807761,0.24033350046457772,0.4110698097404428,0.16782635082655864,0.4469275133555763,0.410818215693724,0.16782635082655864,0.16782635082655864,0.44433366599819096,0.4127679938420949,0.17091156131842472,0.16858047904155746,0.4439895616371228,0.42115417037716907,0.16782635082655864,0.4484893702863478,0.16782635082655864,0.41063462177835974,0.41214098586012327,0.24029969677858873,0.16782635082655864,0.41716786896253866,0.44987164338512103,0.16782635082655864,0.41214818198368036,0.24143479623691527,0.4188708954866152,0.16782635082655864,0.4115311725928671,0.2412612589368796,0.4101468754203806,0.4167935919264643,0.16782635082655864,0.24259067094975115,0.4078671853276389,0.41362403665528935,0.2414411519331054,0.4258011655205735,0.16782635082655864,0.44642018249285387,0.16809599465392822,0.4218914894678229,0.40668032534984677,0.23956272960192176,0.16782635082655864,0.16782635082655864,0.42801117190682797,0.16782635082655864,0.16782635082655864,0.16782635082655864,0.44647217801491634,0.16782635082655864,0.16782635082655864,0.4171255794863503,0.16782635082655864,0.16782635082655864,0.16803426192605908,0.44486631395919707,0.16782635082655864,0.16782635082655864,0.16782635082655864,0.4095636783371468,0.16782635082655864,0.16782635082655864,0.4422669018092015,0.16782635082655864,0.16782635082655864,0.1680353357328056,0.16782635082655864,0.41019677891086104,0.16782635082655864,0.24058275079464833,0.3754637346982338,0.16782635082655864,0.16782635082655864,0.37112229901647015,0.16782635082655864,0.16782635082655864,0.2413226095517438,0.16782635082655864,0.41711890186793826,0.16782635082655864,0.16782635082655864,0.41867567332585265,0.16798539644630472,0.2404356340324953,0.16782635082655864,0.4239404592826468,0.1679864705659028,0.16782635082655864,0.4132602636173896,0.16782635082655864,0.24199309017408008,0.16782635082655864
0.6918620426385786,0.37528369580118637,0.8942293996276778,0.37656714958865695,0.37580784804405726,0.5579281645114307,0.37528369580118637,0.5326936735128234,0.557274799417752,0.37528369580118637,0.37528369580118637,0.5302848855113672,0.5546558102481671,0.37528369580118637,0.5319365914002355,0.41069079006173714,0.5280796830298377,0.37528369580118637,0.5523623852209093,0.37528369580118637,0.5243904121200588,0.5407217040726876,0.4114275570830915,0.37528369580118637,0.5292565105649425,0.37535416635237595,0.5586059883870529,0.5283809270755385,0.37528369580118637,0.5569656050770068,0.37538154140113533,0.5303419407617725,0.41243115750605686,0.5283669188887496,0.37528369580118637,0.5559578346605464,0.5281762402012549,0.37528369580118637,0.37528369580118637,0.5539359009231006,0.5296550674867717,0.3766601417511717,0.37561830841225796,0.5536679558119624,0.5360445818245214,0.37528369580118637,0.5571771555426944,0.37528369580118637,0.5280371248557326,0.5291792262384232,0.4124117147833598,0.37528369580118637,0.5330015855252797,0.5582574173179284,0.37528369580118637,0.5291846859237417,0.413065558237387,0.534300342891404,0.37528369580118637,0.5287166896341294,0.41296546703468956,0.5276676546988246,0.5327164113876839,0.37528369580118637,0.41373342320738726,0.5259429442556443,0.5303051534788585,0.4130692249030284,0.5396048809405585,0.37528369580118637,0.5555620639883893,0.37540320192424165,0.5366085563131298,0.525046441509827,0.41198827990458875,0.37528369580118637,0.37528369580118637,0.5413028807179994,0.37528369580118637,0.37528369580118637,0.37528369580118637,0.5556026191920244,0.37528369580118637,0.37528369580118637,0.5329693591287806,0.37528369580118637,0.37528369580118637,0.37537582851898993,0.5543507936363069,0.37528369580118637,0.37528369580118637,0.37528369580118637,0.527226093926509,0.37528369580118637,0.37528369580118637,0.5523275887287737,0.37528369580118637,0.37528369580118637,0.3753763045959572,0.37528369580118637,0.5277054493573272,0.37528369580118637,0.412574572750537,0.5018379311956886,0.37528369580118637,0.37528369580118637,0.4986705041927156,0.37528369580118637,0.37528369580118637,0.4130008469197888,0.37528369580118637,0.5329642706047756,0.37528369580118637,0.37528369580118637,0.5341513665099455,0.37535416635237595,0.41248991206080493,0.37528369580118637,0.5381776449924415,0.3753546424579292,0.37528369580118637,0.5300288409113405,0.37528369580118637,0.41338788255408293,0.37528369580118637
0.5918169634319861,0.0,0.8408964152537145,0.031220960193010412,0.01994144101540152,0.41754109568905073,0.0,0.38194966062762725,0.41663608126496693,0.0,0.0,0.378476396098398,0.4130002599092366,0.0,0.38085958521223495,0.16782635082655864,0.37528369580118637,0.0,0.409805531159806,0.0,0.36991364498352164,0.393423643078694,0.16964663561835444,0.0,0.3769890774006067,0.007309625513950761,0.4184791481504547,0.37572058301501204,0.0,0.416207518870149,0.008613312101095979,0.3785588345744873,0.17210059590713753,0.3757002725352712,0.0,0.4148094333914453,0.3754237563055622,0.0,0.0,0.411998536663986,0.37756582534971356,0.03233431521368651,0.01593095973036975,0.41162544509090676,0.386757514701761,0.0,0.416500760267412,0.0,0.3752219554957718,0.37687719247766993,0.17205332868450174,0.0,0.3823925962626738,0.41799686110136103,0.0,0.37688509700013,0.17363710028065424,0.3842583063487236,0.0,0.37620725205267785,0.17339542206977546,0.3746857549344778,0.3819823774080003,0.0,0.17524274013060887,0.37217794671321147,0.3785056820040606,0.17364594851750098,0.3918364699923723,0.0,0.4142598505945071,0.009519214899550129,0.38756403769153264,0.37087123599920324,0.1710212589123611,0.0,0.0,0.3942484651922701,0.0,0.0,0.0,0.4143161809127592,0.0,0.0,0.38234624915177073,0.0,0.0,0.008358045975537264,0.4125759649754516,0.0,0.0,0.0,0.37404445910218515,0.0,0.0,0.4097569802260828,0.0,0.0,0.008379615151912411,0.0,0.3747406216518428,0.0,0.172448924695295,0.33620333419819165,0.0,0.0,0.3313304474946794,0.0,0.0,0.17348088107711104,0.0,0.38233893074262476,0.0,0.0,0.3840445063596379,0.007309625513950761,0.1722433695348337,0.0,0.3898039939544105,0.0073342785899509965,0.0,0.3781063377023759,0.0,0.17441351803999955,0.0
