0.18535411220188405,0.8024445088759924,0.6717613877369459,0.8480276760056218,0.13121549883208264,0.1382887365455535,0.5425686280145167,0.4980427595706922,0.13185362351689614,0.54244450251288,0.1310748231777676,0.49307895696006154,0.24974667832862163,0.4889498726770591,0.1310748231777676,0.5435204567341717,0.1310748231777676,0.48963743334837334,0.1310748231777676,0.5330745582189117,0.4831277427952547,0.1310748231777676,0.5130662831034257,0.24919444749127978,0.4914018926379463,0.1310748231777676,0.5446113670008292,0.1310748231777676,0.4904256862486238,0.2519711337159437,0.4926852069117783,0.1310748231777676,0.4937276702199693,0.5398092469546057,0.1310748231777676,0.1310748231777676,0.5400656369625747,0.4905217211351345,0.1310748231777676,0.5366577001293923,0.1310748231777676,0.4919960497818357,0.13842716415141634,0.4861444054562333,0.5534888400446937,0.1310748231777676,0.1310748231777676,0.5423720171945058,0.4894634302703625,0.1310748231777676,0.5412475398123695,0.1315156747945895,0.49896607550898453,0.1310748231777676,0.5444897749839531,0.49143252411898364,0.1310748231777676,0.5504934915218587,0.1310748231777676,0.1310748231777676,0.5407918928645435,0.4892124356922302,0.1310748231777676,0.49803600945895415,0.2552584850567674,0.48598361311665683,0.1310748231777676,0.4938485886251832,0.25349002892774913,0.5108104968443625,0.489705038755722,0.25275600317065816,0.13187391560085387,0.5057922728773777,0.533167108853734,0.1310748231777676,0.1310748231777676,0.1310748231777676,0.5136462412715488,0.1310748231777676,0.1310748231777676,0.4913616676283566,0.2491553609413317,0.1310748231777676,0.1310748231777676,0.4985730814098084,0.1310748231777676,0.1310748231777676,0.24987099052864767,0.48870491779481695,0.1310748231777676,0.1310748231777676,0.488314191271846,0.1310748231777676,0.1310748231777676,0.24939261964057227,0.4849660072990321,0.1310748231777676,0.13149211436040267,0.1310748231777676,0.48903398967050626,0.1310748231777676,0.25212292456293633,0.44161994179105124,0.1310748231777676,0.1310748231777676,0.1310748231777676,0.1310748231777676,0.43571714196095024,0.2534872440344098,0.1310748231777676,0.49819707633557475,0.1310748231777676,0.1310748231777676,0.1310748231777676,0.5008401658962096,0.25184503967657973,0.1310748231777676,0.1310748231777676,0.5079643228500808,0.1310748231777676,0.1310748231777676,0.4935727933534008,0.2542830557887685,0.1310748231777676
0.8024445088759924,0.9893776834417912,0.9517710383333747,0.997347993997376,0.7941699981026716,0.795100238000874,0.9063711063379888,0.8905704297541361,0.7942520179330241,0.9063267747502939,0.7941519676184156,0.8888275152010905,0.8155505794577069,0.8873814832537256,0.7941519676184156,0.9067110825822192,0.7941519676184156,0.8876220232488925,0.7941519676184156,0.9029833125411515,0.8853487855515605,0.7941519676184156,0.8958725099085689,0.8154241684880004,0.8882397684882832,0.7941519676184156,0.9071007976544705,0.7941519676184156,0.8878979134007535,0.8160621168359918,0.8886894691946147,0.7941519676184156,0.8890550180116888,0.9053858120336907,0.7941519676184156,0.7941519676184156,0.9054773410072092,0.8879315347599287,0.7941519676184156,0.9042611115241821,0.7941519676184156,0.8884479317159175,0.7951189049066589,0.8864010622586261,0.910274107430336,0.7941519676184156,0.7941519676184156,0.9063008869395139,0.8875611395367793,0.7941519676184156,0.9058993251064846,0.7942085333571463,0.8908951527177233,0.7941519676184156,0.907057357183767,0.8882504984563426,0.7941519676184156,0.9092030797317027,0.7941519676184156,0.7941519676184156,0.905736631303494,0.8874733278361308,0.7941519676184156,0.8905680563833007,0.8168249043963024,0.8863449228244086,0.7941519676184156,0.8890974332981414,0.8164135480346288,0.8950740575506917,0.8876456801292715,0.8162434975432667,0.7942546323358721,0.8933006555600571,0.9030163039209942,0.7941519676184156,0.7941519676184156,0.7941519676184156,0.8960779120026751,0.7941519676184156,0.7941519676184156,0.8882256782778872,0.8154152299677209,0.7941519676184156,0.7941519676184156,0.8907569202308531,0.7941519676184156,0.7941519676184156,0.8155790676088527,0.8872958113124076,0.7941519676184156,0.7941519676184156,0.887159183053435,0.7941519676184156,0.7941519676184156,0.8154695053923148,0.8859897671966732,0.7941519676184156,0.7942055057442281,0.7941519676184156,0.887410905785535,0.7941519676184156,0.8160971589885552,0.871114339730992,0.7941519676184156,0.7941519676184156,0.7941519676184156,0.7941519676184156,0.8691332455434934,0.8164129020976781,0.7941519676184156,0.8906246905964568,0.7941519676184156,0.7941519676184156,0.7941519676184156,0.89155474177499,0.8160330202116727,0.7941519676184156,0.7941519676184156,0.8940677460905395,0.7941519676184156,0.7941519676184156,0.8890006952018733,0.8165977221226067,0.7941519676184156
0.6717613877369459,0.9517710383333747,0.8857581077622487,0.9719093080571093,0.6602258339404465,0.66152345023351,0.8178162881431839,0.7951546720523267,0.6603402542743129,0.8177522315108826,0.6602006805994982,0.7926732326953926,0.6900108789980742,0.7906168562420723,0.6602006805994982,0.8183076345174898,0.6602006805994982,0.7909587774283335,0.6602006805994982,0.8129295475259057,0.7877297041680912,0.6602006805994982,0.8027239809106252,0.6898349276375356,0.791837152456932,0.6602006805994982,0.8188710841449429,0.6602006805994982,0.791351019388629,0.6907228814368792,0.7924768279542856,0.6602006805994982,0.7929969548580432,0.8163932960574297,0.6602006805994982,0.6602006805994982,0.8165254234123964,0.7913988252051487,0.6602006805994982,0.8147707395735524,0.6602006805994982,0.7921332279523249,0.6615494870057391,0.7892238076295053,0.8234680131618657,0.6602006805994982,0.6602006805994982,0.8177148264777214,0.7908722273830286,0.6602006805994982,0.8171347443542527,0.6602795920870832,0.7956173459705624,0.6602006805994982,0.8188082663241085,0.7918524128657798,0.6602006805994982,0.821914679766743,0.6602006805994982,0.6602006805994982,0.8168997920671532,0.7907474040373886,0.6602006805994982,0.7951512908276407,0.6917845798380001,0.7891440694964462,0.6602006805994982,0.7930573150607468,0.6912120288904762,0.8015820258899423,0.7909924081818348,0.6909753407650112,0.6603439014234382,0.799048373580464,0.8129770557546638,0.6602006805994982,0.6602006805994982,0.6602006805994982,0.8030178731240586,0.6602006805994982,0.6602006805994982,0.7918171132115397,0.6898224860917866,0.6602006805994982,0.6602006805994982,0.7954203747709863,0.6602006805994982,0.6602006805994982,0.6900505315532844,0.7904950898177435,0.6602006805994982,0.6602006805994982,0.7903009137598369,0.6602006805994982,0.6602006805994982,0.6898980321233541,0.7886396921006493,0.6602006805994982,0.6602753684654383,0.6602006805994982,0.7906586764818008,0.6602006805994982,0.6907716558285761,0.767612292010972,0.6602006805994982,0.6602006805994982,0.6602006805994982,0.6602006805994982,0.7648244834323483,0.691211129832092,0.6602006805994982,0.7952319764535688,0.6602006805994982,0.6602006805994982,0.6602006805994982,0.7965574975378052,0.690682382462009,0.6602006805994982,0.6602006805994982,0.8001438642356736,0.6602006805994982,0.6602006805994982,0.7929196520594805,0.6914683742400577,0.6602006805994982
0.8480276760056218,0.997347993997376,0.9719093080571093,1.0,0.8409119307595391,0.8417123599941023,0.9358246907392003,0.9227791315430321,0.8409825095493161,0.9357883397411068,0.8408964152537145,0.9213302115830343,0.8592769162824252,0.9201267563015171,0.8408964152537145,0.9361034128043649,0.8408964152537145,0.9203270278036033,0.8408964152537145,0.93304240236586,0.9184330538702128,0.8408964152537145,0.9271754769410856,0.8591685568554082,0.9208412060277693,0.8408964152537145,0.9364227994783648,0.8408964152537145,0.9205566910165788,0.8597153754464424,0.9212153751719407,0.8408964152537145,0.9215194403438666,0.9350164068493181,0.8408964152537145,0.8408964152537145,0.9350915242620556,0.9205846759603838,0.8408964152537145,0.9340928447844273,0.8408964152537145,0.9210144207328108,0.8417284208812509,0.91931012865662,0.9390188598766228,0.8408964152537145,0.8408964152537145,0.93576711154901,0.9202763396610143,0.8408964152537145,0.9354377606184769,0.8409450907934674,0.9230488813864285,0.8408964152537145,0.9363872043069988,0.9208501351508409,0.8408964152537145,0.9381435887934467,0.8408964152537145,0.8408964152537145,0.9353042873716176,0.9202032291748398,0.8408964152537145,0.9227771597335738,0.860369099799555,0.919263351816627,0.8408964152537145,0.921554716543459,0.8600165727427691,0.926514555841325,0.9203467225407924,0.8598708323314443,0.8409847592520372,0.9250451563089263,0.9330695389647108,0.8408964152537145,0.8408964152537145,0.8408964152537145,0.927345431968004,0.8408964152537145,0.8408964152537145,0.9208294805221641,0.8591608946473168,0.8408964152537145,0.8408964152537145,0.9229340583235134,0.8408964152537145,0.8408964152537145,0.8593013359022711,0.920055418668236,0.8408964152537145,0.8408964152537145,0.9199416419494756,0.8408964152537145,0.8408964152537145,0.8592074199714685,0.9189673862794381,0.8408964152537145,0.8409424855042247,0.8408964152537145,0.9201512550067906,0.8408964152537145,0.8597454096843951,0.9065129609088638,0.8408964152537145,0.8408964152537145,0.8408964152537145,0.8408964152537145,0.9048464657942537,0.860016019158005,0.8408964152537145,0.922824210829562,0.8408964152537145,0.8408964152537145,0.8408964152537145,0.9235966117903355,0.859690436879165,0.8408964152537145,0.8408964152537145,0.92568099441659,0.8408964152537145,0.8408964152537145,0.921474259294006,0.8601744115075488,0.8408964152537145
0.13121549883208264,0.7941699981026716,0.6602258339404465,0.8409119307595391,0.008591079210567707,0.04450154980246697,0.5272128692236956,0.4810428239642309,0.015546789760386544,0.5270844718289984,0.0060748104603599124,0.47588004905249665,0.2127296549459729,0.4715827260654291,0.0060748104603599124,0.5281974043326592,0.0060748104603599124,0.47229847666720565,0.0060748104603599124,0.5173874477786994,0.46551900896914244,0.0060748104603599124,0.4966480154865416,0.21208045964325098,0.4741349565808265,0.0060748104603599124,0.5293256882190824,0.0060748104603599124,0.4731189610640358,0.21533926125197494,0.4754703639423477,0.0060748104603599124,0.47655496657156765,0.5243581513203531,0.0060748104603599124,0.0060748104603599124,0.5246234324862494,0.4732189164848845,0.0060748104603599124,0.521096756388423,0.0060748104603599124,0.47475326214019986,0.044929945451657086,0.46866149580081506,0.5385029706096095,0.0060748104603599124,0.0060748104603599124,0.5270094911408317,0.4721173461615775,0.0060748104603599124,0.5258462343349964,0.012356535530599441,0.48200276578531626,0.0060748104603599124,0.5291999364548028,0.4741668342911328,0.0060748104603599124,0.535407309935546,0.0060748104603599124,0.0060748104603599124,0.525374836972584,0.47185606249445566,0.0060748104603599124,0.4810358056515056,0.2191803753018952,0.4684940323231332,0.0060748104603599124,0.47668076263429887,0.2171162581745773,0.49430677749958624,0.47236885007417795,0.21625798837748328,0.01571798531335208,0.48909611307612216,0.5174832745815099,0.0060748104603599124,0.0060748104603599124,0.0060748104603599124,0.4972498395164734,0.0060748104603599124,0.0060748104603599124,0.47409309482323403,0.21203448935680363,0.0060748104603599124,0.0060748104603599124,0.4815941970453321,0.0060748104603599124,0.0060748104603599124,0.21287571987788056,0.4713277109348921,0.0060748104603599124,0.0060748104603599124,0.47092091867593566,0.0060748104603599124,0.0060748104603599124,0.2123134908279856,0.46743411471312024,0.0060748104603599124,0.01210315935294018,0.0060748104603599124,0.47167029564951957,0.0060748104603599124,0.21551702150553967,0.4221196502739211,0.0060748104603599124,0.0060748104603599124,0.0060748104603599124,0.0060748104603599124,0.4159201898017246,0.2171130036065506,0.0060748104603599124,0.4812032704278266,0.0060748104603599124,0.0060748104603599124,0.0060748104603599124,0.48395083299556724,0.21519156420403857,0.0060748104603599124,0.0060748104603599124,0.4913518595645919,0.0060748104603599124,0.0060748104603599124,0.4763938391243401,0.21804250500702393,0.0060748104603599124
0.1382887365455535,0.795100238000874,0.66152345023351,0.8417123599941023,0.04450154980246697,0.06234550527885253,0.5289464585684008,0.4829664700926086,0.04634958045915708,0.528818552914838,0.04408497118775782,0.477826807549672,0.21715996872147905,0.47354904669033043,0.04408497118775782,0.5299272291609993,0.04408497118775782,0.47426151820929974,0.04408497118775782,0.5191592102871229,0.4675134524108919,0.04408497118775782,0.49850423807032423,0.21652411304950125,0.47608962293143153,0.04408497118775782,0.5310512120729991,0.04408497118775782,0.475078254031743,0.21971673503122585,0.4774189745265489,0.04408497118775782,0.4784986797749283,0.526102717437884,0.04408497118775782,0.04408497118775782,0.5263669746857995,0.475177753533829,0.04408497118775782,0.5228539765005118,0.04408497118775782,0.47670512104676815,0.06265200616291206,0.47064128749677475,0.540194020641411,0.04408497118775782,0.04408497118775782,0.5287438594755417,0.47408121672523645,0.04408497118775782,0.5275850671306269,0.04537912628786573,0.4839221602317626,0.04408497118775782,0.5309259389754161,0.4761213557485863,0.04408497118775782,0.5371098888539328,0.04408497118775782,0.04408497118775782,0.5271154832709163,0.4738211298838169,0.04408497118775782,0.48295948291687074,0.22348228054365699,0.47047460058860996,0.04408497118775782,0.4786239090354529,0.22145845164407663,0.4961728920517181,0.4743315696672367,0.22061715207147112,0.046407283770217335,0.4909845211181237,0.5192546593512847,0.04408497118775782,0.04408497118775782,0.04408497118775782,0.4991035316041232,0.04408497118775782,0.04408497118775782,0.4760479514722615,0.21647909034101784,0.04408497118775782,0.04408497118775782,0.48351539935622584,0.04408497118775782,0.04408497118775782,0.2173030431202517,0.47329520190282115,0.04408497118775782,0.04408497118775782,0.47289027876140255,0.04408497118775782,0.04408497118775782,0.21675234688093442,0.4694196090568807,0.04408497118775782,0.04531078912644692,0.04408497118775782,0.4736362146378316,0.04408497118775782,0.21989094081270957,0.424335652178838,0.04408497118775782,0.04408497118775782,0.04408497118775782,0.04408497118775782,0.4181711695161848,0.22145526118302425,0.04408497118775782,0.4831262049367864,0.04408497118775782,0.04408497118775782,0.04408497118775782,0.4858616424864931,0.21957199561967755,0.04408497118775782,0.04408497118775782,0.4932305688814034,0.04408497118775782,0.04408497118775782,0.4783382786909545,0.22236652867911397,0.04408497118775782
0.5425686280145167,0.9063711063379888,0.8178162881431839,0.9358246907392003,0.5272128692236956,0.5289464585684008,0.7307110649789588,0.7018751384198392,0.5273657986359856,0.7306295262834827,0.527179248601782,0.6987172336107386,0.5666298692480821,0.6960999517524665,0.527179248601782,0.73133651993134,0.527179248601782,0.6965351590492768,0.527179248601782,0.7244915869780351,0.6924246991805648,0.527179248601782,0.7115062655378251,0.5663991055604913,0.6976531387801985,0.527179248601782,0.7320537858678547,0.527179248601782,0.6970344047521287,0.5675634479459076,0.6984672700961427,0.527179248601782,0.6991292277297472,0.7288997998033009,0.527179248601782,0.527179248601782,0.729067971846394,0.697095251199267,0.527179248601782,0.7268347155494813,0.527179248601782,0.6980299652650923,0.5289812264058557,0.6943267383419501,0.7379068941098532,0.527179248601782,0.527179248601782,0.7305819129982166,0.6964249964990974,0.527179248601782,0.7298435357601614,0.5272847217044653,0.7024639025587244,0.527179248601782,0.731973817882313,0.6976725614364397,0.527179248601782,0.7359288182128934,0.527179248601782,0.527179248601782,0.7295444770169103,0.6962661179125919,0.527179248601782,0.7018708356851968,0.5689548784449213,0.6942252344802705,0.527179248601782,0.6992060460604965,0.568204609338131,0.7100533441246982,0.6965779647547556,0.5678943861092307,0.5273706730510966,0.7068296708168601,0.7245520440311826,0.527179248601782,0.527179248601782,0.527179248601782,0.7118801857668714,0.527179248601782,0.527179248601782,0.6976276338428031,0.5663827873845297,0.527179248601782,0.527179248601782,0.7022132531462743,0.527179248601782,0.527179248601782,0.5666818712867164,0.6959449616093598,0.527179248601782,0.527179248601782,0.6956978025029846,0.527179248601782,0.527179248601782,0.5664818709008558,0.6935831663119066,0.527179248601782,0.5272790765661417,0.527179248601782,0.6961531822812492,0.527179248601782,0.5676273877509531,0.6667853877214948,0.527179248601782,0.527179248601782,0.527179248601782,0.527179248601782,0.6632265654809759,0.5682034310322996,0.527179248601782,0.7019735109892361,0.527179248601782,0.527179248601782,0.527179248601782,0.703660235992324,0.567510355343526,0.527179248601782,0.527179248601782,0.7082235278875466,0.527179248601782,0.527179248601782,0.6990308467912468,0.5685405521813565,0.527179248601782
0.4980427595706922,0.8905704297541361,0.7951546720523267,0.9227791315430321,0.4810428239642309,0.4829664700926086,0.7018751384198392,0.6709524095952663,0.4812125665979817,0.7017877681482608,0.48100550582327545,0.6675623874172841,0.5245186417825968,0.6647520908027521,0.48100550582327545,0.7025453147295948,0.48100550582327545,0.6652194338834163,0.48100550582327545,0.6952098822822144,0.6608047884881061,0.48100550582327545,0.6812866439289701,0.5242655650113383,0.6664198903476833,0.48100550582327545,0.7033138437999985,0.48100550582327545,0.6657555237483969,0.5255423340946425,0.6672940152767094,0.48100550582327545,0.668004711468069,0.6999342563888206,0.48100550582327545,0.48100550582327545,0.7001144699256747,0.6658208591712924,0.48100550582327545,0.6977211898452877,0.48100550582327545,0.6668244923082122,0.48300503762433616,0.6628477711614501,0.7095844117211269,0.48100550582327545,0.48100550582327545,0.7017367494537922,0.6651011384678812,0.48100550582327545,0.7009455476852282,0.48112257712705486,0.6715843600040668,0.48100550582327545,0.7032281616872414,0.6664407449231647,0.48100550582327545,0.7074654195174364,0.48100550582327545,0.48100550582327545,0.7006250862485935,0.6649305286466385,0.48100550582327545,0.6709477911493674,0.527067610224716,0.6627387539654044,0.48100550582327545,0.6680871833886698,0.5262452390415535,0.6797280930799173,0.6652653994807316,0.5259051560994069,0.48121797676039707,0.676269511122182,0.6952746824137176,0.48100550582327545,0.48100550582327545,0.48100550582327545,0.681687724727157,0.48100550582327545,0.48100550582327545,0.666392505030943,0.5242476684110051,0.48100550582327545,0.48100550582327545,0.6713153286801721,0.48100550582327545,0.48100550582327545,0.5245756699013578,0.6645856521744559,0.48100550582327545,0.48100550582327545,0.6643202320935575,0.48100550582327545,0.48100550582327545,0.5243563348934556,0.6620491384006546,0.48100550582327545,0.48111631133977817,0.48100550582327545,0.6648092527682989,0.48100550582327545,0.5256124365426065,0.6332299666137283,0.48100550582327545,0.48100550582327545,0.48100550582327545,0.48100550582327545,0.6293966005101523,0.5262439473728803,0.48100550582327545,0.6710579998015102,0.48100550582327545,0.48100550582327545,0.48100550582327545,0.6728683602105362,0.5254841234352932,0.48100550582327545,0.48100550582327545,0.6777650318195689,0.48100550582327545,0.48100550582327545,0.6678990892769445,0.5266134862854728,0.48100550582327545
0.13185362351689614,0.7942520179330241,0.6603402542743129,0.8409825095493161,0.015546789760386544,0.04634958045915708,0.5273657986359856,0.4812125665979817,0.02023854477683089,0.5272374447208468,0.014310812402199745,0.47605183750688235,0.21312350757264678,0.4717562462984319,0.014310812402199745,0.5283500008915251,0.014310812402199745,0.472471706598835,0.014310812402199745,0.5175437527761926,0.465695019178465,0.014310812402199745,0.4968117915623076,0.21247552057627642,0.4743074450710843,0.014310812402199745,0.5294779044994908,0.014310812402199745,0.4732918591363538,0.21572832963253374,0.47564231634827686,0.014310812402199745,0.47672648545244256,0.5245120513207835,0.014310812402199745,0.014310812402199745,0.5247772419474869,0.4733917741954457,0.014310812402199745,0.5212517753486333,0.014310812402199745,0.4749255021002596,0.04676104852100063,0.46883620870288595,0.5386521391248796,0.014310812402199745,0.014310812402199745,0.5271624894311633,0.47229064948702015,0.014310812402199745,0.5259996273768246,0.017904747903194986,0.48217213210537657,0.014310812402199745,0.529352195056982,0.4743393099545632,0.014310812402199745,0.5355574976386496,0.014310812402199745,0.014310812402199745,0.5255283903684818,0.47202947177627014,0.014310812402199745,0.4812055510412052,0.21956260706347944,0.4686688139820879,0.014310812402199745,0.4768522313415987,0.21750213397406284,0.49447142881207146,0.47254205150354645,0.21664539966799773,0.02037034817615105,0.48926273708160983,0.5176395461729553,0.014310812402199745,0.014310812402199745,0.014310812402199745,0.49741339170277044,0.014310812402199745,0.014310812402199745,0.4742656001598876,0.21242963612945326,0.014310812402199745,0.014310812402199745,0.48176372337722717,0.014310812402199745,0.014310812402199745,0.21326930164967925,0.4715013347811888,0.014310812402199745,0.014310812402199745,0.47109470800117886,0.014310812402199745,0.014310812402199745,0.2127081171921352,0.4676093325306229,0.014310812402199745,0.01773083453519487,0.014310812402199745,0.4718437803248278,0.014310812402199745,0.21590576817124238,0.4223152919652336,0.014310812402199745,0.014310812402199745,0.014310812402199745,0.014310812402199745,0.4161189332609983,0.21749888520591407,0.014310812402199745,0.48137295007595826,0.014310812402199745,0.014310812402199745,0.014310812402199745,0.48411943949423347,0.21558090029089153,0.014310812402199745,0.014310812402199745,0.4915176253250942,0.014310812402199745,0.014310812402199745,0.47656542230344096,0.2184267371369554,0.014310812402199745
0.54244450251288,0.9063267747502939,0.8177522315108826,0.9357883397411068,0.5270844718289984,0.528818552914838,0.7306295262834827,0.7017877681482608,0.5272374447208468,0.7305479712319063,0.5270508416457472,0.6986292174233046,0.5665120891512919,0.6960113988918815,0.5270508416457472,0.73125510667878,0.5270508416457472,0.6964466955141937,0.5270508416457472,0.7244087989299366,0.6923353905628925,0.5270508416457472,0.7114208552178973,0.5662812664456669,0.6975649045496897,0.5270508416457472,0.7319725164312622,0.5270508416457472,0.6969460436435341,0.5674459062707223,0.6983792027069898,0.5270508416457472,0.6990412959097044,0.7288178976419853,0.5270508416457472,0.5270508416457472,0.7289861034445174,0.6970069025709713,0.5270508416457472,0.7267523986201073,0.5270508416457472,0.6979418082730572,0.5288533305889267,0.6942378211684497,0.7378267967588192,0.5270508416457472,0.5270508416457472,0.7305003483954763,0.6963365103566462,0.5270508416457472,0.7297618230144609,0.5271563447406679,0.7023766525242384,0.5270508416457472,0.7318925324138055,0.6975843311876353,0.5270508416457472,0.735848325033276,0.5270508416457472,0.5270508416457472,0.7294627042563503,0.6961775991614231,0.5270508416457472,0.7017834645347023,0.5688376911079251,0.6941362964345448,0.5270508416457472,0.6991181299678566,0.5680872310893565,0.7099676390332957,0.6964895100035848,0.5677769288193445,0.5272423205214883,0.7067433105928824,0.7244692681458651,0.5270508416457472,0.5270508416457472,0.5270508416457472,0.7117948512600326,0.5270508416457472,0.5270508416457472,0.6975393943836004,0.5662649440950438,0.5270508416457472,0.5270508416457472,0.7021259519313983,0.5270508416457472,0.5270508416457472,0.5665641044848607,0.6958563769288959,0.5270508416457472,0.5270508416457472,0.6956091670709096,0.5270508416457472,0.5270508416457472,0.5663640529572109,0.6934940961923111,0.5270508416457472,0.5271506979973329,0.5270508416457472,0.6960646403480059,0.5270508416457472,0.567509862384998,0.6666907255690006,0.5270508416457472,0.5270508416457472,0.5270508416457472,0.5270508416457472,0.663131147362177,0.5680860524834208,0.5270508416457472,0.7018861608112956,0.5270508416457472,0.5270508416457472,0.5270508416457472,0.703573230095025,0.567392800123979,0.5270508416457472,0.5270508416457472,0.7081374511221643,0.5270508416457472,0.5270508416457472,0.6989428948276624,0.5684232594590981,0.5270508416457472
0.1310748231777676,0.7941519676184156,0.6602006805994982,0.8408964152537145,0.0060748104603599124,0.04408497118775782,0.527179248601782,0.48100550582327545,0.014310812402199745,0.5270508416457472,0.0,0.4758422809687053,0.21264298847651336,0.47154457710137293,0.0,0.5281638569065176,0.0,0.47226039155119587,0.0,0.5173530848428403,0.4654803123609427,0.0,0.4966120095470202,0.21199352668853186,0.47409703453463947,0.0,0.5292922244174587,0.0,0.47308094893602876,0.2152536498672052,0.47543255979994675,0.0,0.4765172577762073,0.5243243172613464,0.0,0.0,0.5245896183373159,0.47318091323389155,0.0,0.5210626762628906,0.0,0.47471539475459923,0.044517375831056694,0.46862308452305307,0.538470177014014,0.0,0.0,0.526975855372346,0.47207924490355796,0.0,0.5258125117588515,0.010760141708003807,0.48196553040727796,0.0,0.5291664633464895,0.47412891506602156,0.0,0.5353742922212589,0.0,0.0,0.5253410791337785,0.4718179379327005,0.0,0.4809984869044317,0.21909627146925262,0.46845560592301894,0.0,0.4766430648738093,0.2170313508118241,0.49427057907637645,0.4723307712268652,0.21617274241586215,0.014496611400695974,0.4890594808100184,0.5174489189919517,0.0,0.0,0.0,0.49721388281494144,0.0,0.0,0.4740551690719246,0.21194753747041967,0.0,0.0,0.48155692647581466,0.0,0.0,0.21278911314320295,0.4712895391823926,0.0,0.0,0.47088271052838054,0.0,0.0,0.21222665371566093,0.4673955923843383,0.0,0.010468196847837294,0.0,0.47163215450592816,0.0,0.21543148106645,0.4220766355396794,0.0,0.0,0.0,0.0,0.4158764927392213,0.21702809496484934,0.0,0.48116596613935614,0.0,0.0,0.0,0.48391376472482667,0.21510589378344244,0.0,0.0,0.49131541604809603,0.0,0.0,0.4763561161876127,0.2179579600884044,0.0
0.49307895696006154,0.8888275152010905,0.7926732326953926,0.9213302115830343,0.47588004905249665,0.477826807549672,0.6987172336107386,0.6675623874172841,0.47605183750688235,0.6986292174233046,0.4758422809687053,0.6641464204432831,0.51984321342947,0.6613145296996293,0.4758422809687053,0.6993923628468793,0.4758422809687053,0.6617854693397576,0.4758422809687053,0.6920025592761337,0.6573367597887108,0.4758422809687053,0.677975053666906,0.5195874919287182,0.6629951540795999,0.4758422809687053,0.7001665682827102,0.4758422809687053,0.6623256820899214,0.5208775830343954,0.6638759895668769,0.4758422809687053,0.6645921360931873,0.6967619914844162,0.4758422809687053,0.4758422809687053,0.6969435393932442,0.6623915197865105,0.4758422809687053,0.6945325211593376,0.4758422809687053,0.6634028630721152,0.47786583684969175,0.6593955316888687,0.7064833194142629,0.4758422809687053,0.4758422809687053,0.6985778215327428,0.6616662637615469,0.4758422809687053,0.6977807680708276,0.4759607635937454,0.6681991620707418,0.4758422809687053,0.700080253501204,0.6630161688422682,0.4758422809687053,0.7043487460926333,0.4758422809687053,0.4758422809687053,0.6974579353815485,0.6614943410207432,0.4758422809687053,0.6675577337006525,0.5224187071812907,0.6592856730587647,0.4758422809687053,0.6646752401684112,0.5215878003623412,0.6764047347285984,0.6618317885571249,0.521244181437593,0.4760573128547959,0.6729199629878103,0.6920678412974436,0.4758422809687053,0.4758422809687053,0.4758422809687053,0.6783791595592552,0.4758422809687053,0.4758422809687053,0.6629675584054224,0.5195694082267664,0.4758422809687053,0.4758422809687053,0.6679280774532603,0.4758422809687053,0.4758422809687053,0.5199008372300511,0.6611468096616834,0.4758422809687053,0.4758422809687053,0.6608793455270598,0.4758422809687053,0.4758422809687053,0.5196792106167057,0.6585907319125419,0.4758422809687053,0.4759544222859335,0.4758422809687053,0.6613721316893809,0.4758422809687053,0.5209484154584421,0.629544083180053,0.4758422809687053,0.4758422809687053,0.4758422809687053,0.4758422809687053,0.6256796546505159,0.5215864952704883,0.4758422809687053,0.6676687839527076,0.4758422809687053,0.4758422809687053,0.4758422809687053,0.6694929525815818,0.5208187661109351,0.4758422809687053,0.4758422809687053,0.6744268212801781,0.4758422809687053,0.4758422809687053,0.6644857042006068,0.5219598723557561,0.4758422809687053
0.24974667832862163,0.8155505794577069,0.6900108789980742,0.8592769162824252,0.2127296549459729,0.21715996872147905,0.5666298692480821,0.5245186417825968,0.21312350757264678,0.5665120891512919,0.21264298847651336,0.51984321342947,0.30056876734253923,0.5159572999411637,0.21264298847651336,0.567533104286688,0.21264298847651336,0.5166041574913751,0.21264298847651336,0.5576268935810388,0.5104832929042943,0.21264298847651336,0.5386943349411886,0.3001110519554953,0.5182645495186824,0.21264298847651336,0.5685684603157739,0.21264298847651336,0.5173458507785788,0.30241564101356655,0.5194725217956241,0.21264298847651336,0.5204539966899878,0.5640120130039007,0.21264298847651336,0.21264298847651336,0.5642552120602151,0.5174362207836966,0.21264298847651336,0.5610233058546037,0.21264298847651336,0.5188237881469747,0.2172480644224035,0.5133188023424964,0.576999274254771,0.21264298847651336,0.21264298847651336,0.5664433102480115,0.5164404472386049,0.21264298847651336,0.5653764165574231,0.21291477748816567,0.525388783245951,0.21264298847651336,0.568453052960512,0.5182933792628857,0.21264298847651336,0.574153570238543,0.21264298847651336,0.21264298847651336,0.5649441488350161,0.5162043093628009,0.21264298847651336,0.5245122809473406,0.30515404545024993,0.5131676232474291,0.21264298847651336,0.5205678531889433,0.30367957163711423,0.5365635474342948,0.5166677652946428,0.3030684740090614,0.21313605125787694,0.5318262651700228,0.5577145994917094,0.21264298847651336,0.21264298847651336,0.21264298847651336,0.5392422832416067,0.21264298847651336,0.21264298847651336,0.5182266907880748,0.3000786669861926,0.21264298847651336,0.21264298847651336,0.5250184043272218,0.21264298847651336,0.21264298847651336,0.3006718462378436,0.5157268668008217,0.21264298847651336,0.21264298847651336,0.5153593262915596,0.21264298847651336,0.21264298847651336,0.3002752706216118,0.5122109672048325,0.21264298847651336,0.21290023799625835,0.21264298847651336,0.5160364326961072,0.21264298847651336,0.30254184847608484,0.471656870166421,0.21264298847651336,0.21264298847651336,0.21264298847651336,0.21264298847651336,0.46616732999578153,0.30367725212352753,0.21264298847651336,0.5246640612671228,0.21264298847651336,0.21264298847651336,0.21264298847651336,0.5271553851641633,0.302310816879812,0.21264298847651336,0.21264298847651336,0.5338762230577024,0.21264298847651336,0.21264298847651336,0.5203081687137526,0.30434038837503785,0.21264298847651336
0.4889498726770591,0.8873814832537256,0.7906168562420723,0.9201267563015171,0.4715827260654291,0.47354904669033043,0.6960999517524665,0.6647520908027521,0.4717562462984319,0.6960113988918815,0.47154457710137293,0.6613145296996293,0.5159572999411637,0.6584646627521074,0.47154457710137293,0.6967791961572012,0.47154457710137293,0.6589385965783418,0.47154457710137293,0.6893442104638237,0.6544615248859273,0.47154457710137293,0.6752300118061788,0.5156993517104638,0.6601559636176294,0.47154457710137293,0.6975581176672584,0.47154457710137293,0.6594822415888033,0.5170006586609849,0.6610423851373333,0.47154457710137293,0.6617630684497565,0.6941327776796271,0.47154457710137293,0.47154457710137293,0.694315434380157,0.6595484974159288,0.47154457710137293,0.6918896758708425,0.47154457710137293,0.6605662590141673,0.4735884667739243,0.6565334439536716,0.7039132324143776,0.47154457710137293,0.47154457710137293,0.6959596895987146,0.6588186332845979,0.47154457710137293,0.6951577740123006,0.47166425441463417,0.6653928802693277,0.47154457710137293,0.6974712772567296,0.660177111727282,0.47154457710137293,0.7017657174301394,0.47154457710137293,0.47154457710137293,0.6948329710138867,0.6586456175217801,0.47154457710137293,0.66474740773273,0.5185551232451877,0.6564228847288331,0.47154457710137293,0.6618466987101432,0.5177170316321765,0.6736499042711406,0.6589852101849912,0.5173704361372993,0.47176177682491943,0.6701433451121452,0.6894098930065455,0.47154457710137293,0.47154457710137293,0.47154457710137293,0.675636633812794,0.47154457710137293,0.47154457710137293,0.6601281928322636,0.5156811104759523,0.47154457710137293,0.47154457710137293,0.6651200868857218,0.47154457710137293,0.47154457710137293,0.5160154252674641,0.6582958759031564,0.47154457710137293,0.47154457710137293,0.6580267100127746,0.47154457710137293,0.47154457710137293,0.5157918692526883,0.6557235092942322,0.47154457710137293,0.47165784917893094,0.47154457710137293,0.6585226310725092,0.47154457710137293,0.517072105608259,0.6264872829890062,0.47154457710137293,0.47154457710137293,0.47154457710137293,0.47154457710137293,0.622596940481267,0.5177157152409765,0.47154457710137293,0.6648591583880796,0.47154457710137293,0.47154457710137293,0.47154457710137293,0.6666948179889969,0.5169413313564202,0.47154457710137293,0.47154457710137293,0.6716596357157628,0.47154457710137293,0.47154457710137293,0.6616559625841283,0.5180923231534746,0.47154457710137293
0.1310748231777676,0.7941519676184156,0.6602006805994982,0.8408964152537145,0.0060748104603599124,0.04408497118775782,0.527179248601782,0.48100550582327545,0.014310812402199745,0.5270508416457472,0.0,0.4758422809687053,0.21264298847651336,0.47154457710137293,0.0,0.5281638569065176,0.0,0.47226039155119587,0.0,0.5173530848428403,0.4654803123609427,0.0,0.4966120095470202,0.21199352668853186,0.47409703453463947,0.0,0.5292922244174587,0.0,0.47308094893602876,0.2152536498672052,0.47543255979994675,0.0,0.4765172577762073,0.5243243172613464,0.0,0.0,0.5245896183373159,0.47318091323389155,0.0,0.5210626762628906,0.0,0.47471539475459923,0.044517375831056694,0.46862308452305307,0.538470177014014,0.0,0.0,0.526975855372346,0.47207924490355796,0.0,0.5258125117588515,0.010760141708003807,0.48196553040727796,0.0,0.5291664633464895,0.47412891506602156,0.0,0.5353742922212589,0.0,0.0,0.5253410791337785,0.4718179379327005,0.0,0.4809984869044317,0.21909627146925262,0.46845560592301894,0.0,0.4766430648738093,0.2170313508118241,0.49427057907637645,0.4723307712268652,0.21617274241586215,0.014496611400695974,0.4890594808100184,0.5174489189919517,0.0,0.0,0.0,0.49721388281494144,0.0,0.0,0.4740551690719246,0.21194753747041967,0.0,0.0,0.48155692647581466,0.0,0.0,0.21278911314320295,0.4712895391823926,0.0,0.0,0.47088271052838054,0.0,0.0,0.21222665371566093,0.4673955923843383,0.0,0.010468196847837294,0.0,0.47163215450592816,0.0,0.21543148106645,0.4220766355396794,0.0,0.0,0.0,0.0,0.4158764927392213,0.21702809496484934,0.0,0.48116596613935614,0.0,0.0,0.0,0.48391376472482667,0.21510589378344244,0.0,0.0,0.49131541604809603,0.0,0.0,0.4763561161876127,0.2179579600884044,0.0
0.5435204567341717,0.9067110825822192,0.8183076345174898,0.9361034128043649,0.5281974043326592,0.5299272291609993,0.73133651993134,0.7025453147295948,0.5283500008915251,0.73125510667878,0.5281638569065176,0.6993923628468793,0.567533104286688,0.6967791961572012,0.5281638569065176,0.7319610127988256,0.5281638569065176,0.6972137185178042,0.5281638569065176,0.7251266236552133,0.6931097385524987,0.5281638569065176,0.7121614121934954,0.5673027926293001,0.6983299399624322,0.5281638569065176,0.7326771757340248,0.5281638569065176,0.6977121788253984,0.5684648568565335,0.6991427919461807,0.5281638569065176,0.6998037100367923,0.7295280423387237,0.5281638569065176,0.5281638569065176,0.7296959554667181,0.6977729295747737,0.5281638569065176,0.7274661390921057,0.5281638569065176,0.6987061741869454,0.5299619216933431,0.6950087762298774,0.7385212944597462,0.5281638569065176,0.5281638569065176,0.7312075666460236,0.6971037293181376,0.5281638569065176,0.7304703255856437,0.5282691004067991,0.7031331568711855,0.5281638569065176,0.7325973307060092,0.6983493320872188,0.5281638569065176,0.7365462544728612,0.5281638569065176,0.5281638569065176,0.7301717271230578,0.6969451007710379,0.5281638569065176,0.7025410187346101,0.5698535733588509,0.6949074324115191,0.5281638569065176,0.6998804077696367,0.5691047665156287,0.7107107512582127,0.6972564568692944,0.5687951486880458,0.5283548646998328,0.7074921018118436,0.7251869874293891,0.5281638569065176,0.5281638569065176,0.5281638569065176,0.7125347510407133,0.5281638569065176,0.5281638569065176,0.6983044751183227,0.567286506427809,0.5281638569065176,0.5281638569065176,0.7028828999185948,0.5281638569065176,0.5281638569065176,0.5675850044967592,0.696624450004268,0.5281638569065176,0.5281638569065176,0.6963776800533039,0.5281638569065176,0.5281638569065176,0.5673853958157636,0.694266376952072,0.5281638569065176,0.5282634675554799,0.5281638569065176,0.6968323428966696,0.5281638569065176,0.5685286717445813,0.667511472577831,0.5281638569065176,0.5281638569065176,0.5281638569065176,0.5281638569065176,0.6639584457150963,0.569103590508398,0.5281638569065176,0.7026435332179999,0.5281638569065176,0.5281638569065176,0.5281638569065176,0.7043276182109925,0.5684118679941729,0.5281638569065176,0.5281638569065176,0.7088837852025671,0.5281638569065176,0.5281638569065176,0.6997054835591132,0.5694400542813315,0.5281638569065176
0.1310748231777676,0.7941519676184156,0.6602006805994982,0.8408964152537145,0.0060748104603599124,0.04408497118775782,0.527179248601782,0.48100550582327545,0.014310812402199745,0.5270508416457472,0.0,0.4758422809687053,0.21264298847651336,0.47154457710137293,0.0,0.5281638569065176,0.0,0.47226039155119587,0.0,0.5173530848428403,0.4654803123609427,0.0,0.4966120095470202,0.21199352668853186,0.47409703453463947,0.0,0.5292922244174587,0.0,0.47308094893602876,0.2152536498672052,0.47543255979994675,0.0,0.4765172577762073,0.5243243172613464,0.0,0.0,0.5245896183373159,0.47318091323389155,0.0,0.5210626762628906,0.0,0.47471539475459923,0.044517375831056694,0.46862308452305307,0.538470177014014,0.0,0.0,0.526975855372346,0.47207924490355796,0.0,0.5258125117588515,0.010760141708003807,0.48196553040727796,0.0,0.5291664633464895,0.47412891506602156,0.0,0.5353742922212589,0.0,0.0,0.5253410791337785,0.4718179379327005,0.0,0.4809984869044317,0.21909627146925262,0.46845560592301894,0.0,0.4766430648738093,0.2170313508118241,0.49427057907637645,0.4723307712268652,0.21617274241586215,0.014496611400695974,0.4890594808100184,0.5174489189919517,0.0,0.0,0.0,0.49721388281494144,0.0,0.0,0.4740551690719246,0.21194753747041967,0.0,0.0,0.48155692647581466,0.0,0.0,0.21278911314320295,0.4712895391823926,0.0,0.0,0.47088271052838054,0.0,0.0,0.21222665371566093,0.4673955923843383,0.0,0.010468196847837294,0.0,0.47163215450592816,0.0,0.21543148106645,0.4220766355396794,0.0,0.0,0.0,0.0,0.4158764927392213,0.21702809496484934,0.0,0.48116596613935614,0.0,0.0,0.0,0.48391376472482667,0.21510589378344244,0.0,0.0,0.49131541604809603,0.0,0.0,0.4763561161876127,0.2179579600884044,0.0
