0.0,0.038961426266810255,0.6655786110472094,0.34945109172052335,0.8408964152537145,0.005400992815630162,0.01328845673410022,0.46642227988355706,0.0,0.42553045431039577,0.46448580275232265,0.0,0.0,0.42121807287364815,0.46045378550916105,0.0,0.4242009344840076,0.18629609323991997,0.4180940372147405,0.0,0.4568124864180345,0.0,0.4118864174770348,0.008118649744257696,0.48012696264818827,0.0,0.4195664883297504,0.46692907251758087,0.0,0.4185716440301117,0.1913087558741751,0.42065033369058646,0.009566627443580214,0.421615460851525,0.19104907646609937,0.41872284623949363,0.008118649744257696,0.418025053720369,0.19216467972216353,0.418004943451116,0.41600567307799297,0.1900749321270231,0.0,0.4219044344713145,0.0,0.4591446352009989,0.4309458298736893,0.0,0.42160491948956036,0.460985589662215,0.0,0.0,0.4638079927132137,0.4261348513473015,0.0,0.4679934071546504,0.0,0.419333347573082,0.19275770556781874,0.4279969301946915,0.0,0.41880540314413284,0.46227685491161197,0.008118649744257696,0.0,0.42570088771944264,0.46001093680256916,0.0,0.42136352039552627,0.19297810667315804,0.43703289521611866,0.0,0.41773365819114916,0.4755579559056515,0.0,0.0,0.41302315601812656,0.19003208279136607,0.0,0.43942225367858506,0.0,0.0,0.0,0.4623338180668958,0.0,0.0,0.4257391521377076,0.0,0.0,0.0,0.18905805002330706,0.4172896855021246,0.0,0.0,0.41664009638926447,0.0,0.0,0.18880416203695743,0.41367846102796413,0.0,0.009307065075624099,0.41745328383228675,0.0,0.0,0.19152731567403836,0.37393240626753005,0.0,0.0,0.0,0.3686818258534936,0.0,0.19291507778890765,0.0,0.42548749331131724,0.0,0.0,0.42765936654301584,0.0,0.19120784342213226,0.009283108632347551,0.4339309776862391,0.0,0.0,0.421317447834573,0.0
0.038961426266810255,0.05509974569459164,0.666599800641858,0.35159999520011326,0.8415339264998579,0.03933399834272785,0.04116522308868688,0.46800761550536196,0.038961426266810255,0.4272807716609074,0.4660783789312772,0.038961426266810255,0.038961426266810255,0.4229874340262573,0.46206160492175935,0.038961426266810255,0.4259570860292911,0.19032412511962166,0.41987741486012103,0.038961426266810255,0.45843427081043886,0.038961426266810255,0.41369821587205413,0.039798305632958705,0.481662478829567,0.038961426266810255,0.4213432361510177,0.4685125217029502,0.038961426266810255,0.42035286660490206,0.19523312637643747,0.4224222281508388,0.04011873609176341,0.4233830524729194,0.19497868808161992,0.42050338747982113,0.039798305632958705,0.41980874300217647,0.19607187199040782,0.41978872359955705,0.41779852635398756,0.19402432815995915,0.038961426266810255,0.4236707412034148,0.038961426266810255,0.46075745340870655,0.43267271663604706,0.038961426266810255,0.42337255801190243,0.4625913854475632,0.038961426266810255,0.038961426266810255,0.4654031154735605,0.427882527274357,0.038961426266810255,0.4695729059180215,0.038961426266810255,0.42111114233103436,0.1966530823603318,0.4297365101888904,0.038961426266810255,0.42058557256087026,0.4638777538351472,0.039798305632958705,0.038961426266810255,0.42745045953701677,0.46162044442231637,0.038961426266810255,0.42313223353566026,0.19686911006898156,0.4387340637024099,0.038961426266810255,0.41951866489188955,0.47710981156445553,0.038961426266810255,0.038961426266810255,0.41482969216932203,0.19398235357177399,0.038961426266810255,0.44111349978289205,0.038961426266810255,0.038961426266810255,0.038961426266810255,0.4639345015107783,0.038961426266810255,0.038961426266810255,0.42748855664738383,0.038961426266810255,0.038961426266810255,0.038961426266810255,0.19302830844761443,0.41907670262635205,0.038961426266810255,0.038961426266810255,0.4184300619931153,0.038961426266810255,0.038961426266810255,0.19277966308209565,0.4154819755270726,0.038961426266810255,0.0400576346256209,0.41923955969161253,0.038961426266810255,0.038961426266810255,0.19544728562056615,0.3759366483719417,0.038961426266810255,0.038961426266810255,0.038961426266810255,0.37071557329299315,0.038961426266810255,0.1968073308746187,0.038961426266810255,0.4272379986721041,0.038961426266810255,0.038961426266810255,0.4294004095136777,0.038961426266810255,0.19513424900835774,0.04005207532470633,0.435645171896785,0.038961426266810255,0.038961426266810255,0.42308636619826995,0.038961426266810255
0.6655786110472094,0.666599800641858,0.8912413921629995,0.7410529248164698,0.9732332640783078,0.6655982568730515,0.6656975225825226,0.7921006356433895,0.6655786110472094,0.7733116624126698,0.7911918154533084,0.6655786110472094,0.6655786110472094,0.7713831706821341,0.7893052269170431,0.6655786110472094,0.7727159513617333,0.6883625390932894,0.7699929131334449,0.6655786110472094,0.7876081970404649,0.6655786110472094,0.7672477213560002,0.6656230003875477,0.7985813764639071,0.6655786110472094,0.7706474639749128,0.7923387715059454,0.6655786110472094,0.7702050833597675,0.6895723438169775,0.7711300871532172,0.6656402450578726,0.7715604286366562,0.6895089627939287,0.7702722811065961,0.6656230003875477,0.7699622793865492,0.6897817981883808,0.7699533494808625,0.7690667851307762,0.6892718868392844,0.6655786110472094,0.7716893856629458,0.6655786110472094,0.7886943526851247,0.7757485499210591,0.6655786110472094,0.771555725385684,0.7895536134742287,0.6655786110472094,0.6655786110472094,0.7908741254403115,0.7735828082853748,0.6655786110472094,0.7928392785647452,0.6655786110472094,0.7705437399125674,0.6899274088192401,0.7744194938383165,0.6655786110472094,0.7703089770269257,0.7901572828158714,0.6656230003875477,0.6655786110472094,0.7733881013431981,0.7890984924336601,0.6655786110472094,0.7714480379165093,0.6899816279826799,0.7785073256772255,0.6655786110472094,0.7698329096111769,0.7964114439100635,0.6655786110472094,0.6655786110472094,0.7677486761324853,0.6892614836080487,0.6655786110472094,0.7795957836792476,0.6655786110472094,0.6655786110472094,0.6655786110472094,0.7901839316128405,0.6655786110472094,0.6655786110472094,0.7734052651303407,0.6655786110472094,0.6655786110472094,0.6655786110472094,0.689025569383124,0.7696358980895592,0.6655786110472094,0.6655786110472094,0.7693478571798698,0.6655786110472094,0.6655786110472094,0.6889642555778,0.7680378233062881,0.6655786110472094,0.6656369461288921,0.7697084806576905,0.6655786110472094,0.6655786110472094,0.6896257483432999,0.7509992453269075,0.6655786110472094,0.6655786110472094,0.6655786110472094,0.7488288388891471,0.6655786110472094,0.6899661170833233,0.6655786110472094,0.7732923971572694,0.6655786110472094,0.6655786110472094,0.7742676698316528,0.6655786110472094,0.6895477045410286,0.6656366462250509,0.7770989146750766,0.6655786110472094,0.6655786110472094,0.7714274889585131,0.6655786110472094
0.34945109172052335,0.35159999520011326,0.7410529248164698,0.492345666632507,0.8877858804971147,0.3494925147368442,0.34970176594453223,0.578889329274879,0.34945109172052335,0.5475566967381188,0.5773842026033261,0.34945109172052335,0.34945109172052335,0.5443118656243625,0.5742567103974534,0.34945109172052335,0.5465550069133686,0.3955868860906211,0.5419688881838723,0.34945109172052335,0.5714398347022389,0.34945109172052335,0.5373328912427562,0.34954468156840535,0.5895962726408034,0.34945109172052335,0.5430723902827631,0.5792835589537992,0.34945109172052335,0.5423266624932356,0.3979439382767428,0.5438855859016974,0.34958103552635106,0.5446103665369044,0.39782065572168257,0.5424399597392722,0.34954468156840535,0.5419172254814115,0.39835119061902974,0.5419021652237022,0.540406309181434,0.3973593216058455,0.34945109172052335,0.5448274968548321,0.34945109172052335,0.5732431308205158,0.5516485278312846,0.34945109172052335,0.5446024469645958,0.5746687126573666,0.34945109172052335,0.34945109172052335,0.5768578427252633,0.5480124425492057,0.34945109172052335,0.5801119321775707,0.34945109172052335,0.5428975702190139,0.39863416604351454,0.5494180258632253,0.34945109172052335,0.542501826891074,0.5756697227276665,0.34954468156840535,0.34945109172052335,0.5476851881530199,0.5739137408894471,0.34945109172052335,0.544421107463569,0.39873950419304544,0.5562699505600437,0.34945109172052335,0.5416990307063552,0.5860161887425436,0.34945109172052335,0.34945109172052335,0.5381798548901958,0.3973390704668809,0.34945109172052335,0.5580902318891662,0.34945109172052335,0.34945109172052335,0.34945109172052335,0.5757139021145793,0.34945109172052335,0.34945109172052335,0.5477140386611962,0.34945109172052335,0.34945109172052335,0.34945109172052335,0.3968796735327791,0.5413666975338918,0.34945109172052335,0.34945109172052335,0.5408806917850527,0.34945109172052335,0.34945109172052335,0.3967602261042654,0.5386685172747712,0.34945109172052335,0.34957408115742333,0.5414891426103033,0.34945109172052335,0.34945109172052335,0.3980477982942252,0.5096031637452898,0.34945109172052335,0.34945109172052335,0.34945109172052335,0.505857384455252,0.34945109172052335,0.39870937093493614,0.34945109172052335,0.5475243109937423,0.34945109172052335,0.34945109172052335,0.5491630517294869,0.34945109172052335,0.39789601501044997,0.3495734489349979,0.5539120358844092,0.34945109172052335,0.34945109172052335,0.5443865020473613,0.34945109172052335
0.8408964152537145,0.8415339264998579,0.9732332640783078,0.8877858804971147,1.0,0.8409086797636387,0.8409706494623552,0.9186957774581718,0.8408964152537145,0.9074457769068802,0.9181558258574177,0.8408964152537145,0.8408964152537145,0.906281568353838,0.9170334997967589,0.8408964152537145,0.9070863263878862,0.8551150819895249,0.9054412896300422,0.8408964152537145,0.9160222901967144,0.8408964152537145,0.9037796965139031,0.8409241266652331,0.9225323680778951,0.8408964152537145,0.9058370062103848,0.9188371830893444,0.8408964152537145,0.9055695796083415,0.8558694239047596,0.9061286649102797,0.8409348921841869,0.9063886444469972,0.8558299069506219,0.9056102071452107,0.8409241266652331,0.9054227651808483,0.8560000129210252,0.9054173651273786,0.9048810787461979,0.8556820916574045,0.8408964152537145,0.9064665349086577,0.8408964152537145,0.9166696763223222,0.9089145424132185,0.8408964152537145,0.9063858035323977,0.9171813756340659,0.8408964152537145,0.8408964152537145,0.9179669701864466,0.9076093337723583,0.8408964152537145,0.9191342810597536,0.8408964152537145,0.9057743107238024,0.8560907952124339,0.9081138216204518,0.8408964152537145,0.9056323925692336,0.9175406273023526,0.8409241266652331,0.8408964152537145,0.9074918886354313,0.9169103958038228,0.8408964152537145,0.9063207542321253,0.856124598246163,0.9105740419592163,0.8408964152537145,0.9053445299665335,0.9212505188320597,0.8408964152537145,0.8408964152537145,0.9040831437727714,0.8556756052178158,0.8408964152537145,0.9112278040277693,0.8408964152537145,0.8408964152537145,0.8408964152537145,0.91755648176118,0.8408964152537145,0.8408964152537145,0.9075022423221512,0.8408964152537145,0.8408964152537145,0.8408964152537145,0.8555285100379053,0.9052253754527593,0.8408964152537145,0.8408964152537145,0.9050511360868478,0.8408964152537145,0.8408964152537145,0.8554902795347462,0.9042582443514025,0.8408964152537145,0.8409328327255866,0.905269276008918,0.8408964152537145,0.8408964152537145,0.8559027204594536,0.8938857888022178,0.8408964152537145,0.8408964152537145,0.8408964152537145,0.8925572757422261,0.8408964152537145,0.8561149279708671,0.8408964152537145,0.9074341547482704,0.8408964152537145,0.8408964152537145,0.9080223010418687,0.8408964152537145,0.8558540617841802,0.8409326455013272,0.9097272755237782,0.8408964152537145,0.8408964152537145,0.9063083409352322,0.8408964152537145
0.005400992815630162,0.03933399834272785,0.6655982568730515,0.3494925147368442,0.8409086797636387,0.007638157290143824,0.014344120914348576,0.4664528005502802,0.005400992815630162,0.42556416199282093,0.4645164632156752,0.005400992815630162,0.005400992815630162,0.4212521486610659,0.46048474030135617,0.005400992815630162,0.4242347549326461,0.1863743209004798,0.4181283839636877,0.005400992815630162,0.4568437108826868,0.005400992815630162,0.41192131372762214,0.009751061318131608,0.4801565216007474,0.005400992815630162,0.41960070691012097,0.46695955676309414,0.005400992815630162,0.4186059491163123,0.19138492949598132,0.42068445844897295,0.010985949377665427,0.4216495024329298,0.1911253538612291,0.41875713815397614,0.009751061318131608,0.4180594064940574,0.19224051327545286,0.418039297981495,0.4160402030214122,0.19015160132596742,0.005400992815630162,0.42193845121536777,0.005400992815630162,0.4591756865202618,0.4309790847238587,0.005400992815630162,0.421638961977581,0.46101650537891076,0.005400992815630162,0.005400992815630162,0.4638387023460602,0.42616850797648304,0.005400992815630162,0.4680238151312267,0.005400992815630162,0.4193675863925639,0.1928333052678971,0.42803043035207133,0.005400992815630162,0.4188396878704616,0.4623076760737929,0.009751061318131608,0.005400992815630162,0.42573458099216593,0.46004192419381207,0.005400992815630162,0.4213975836564566,0.19305361982510982,0.4370656531044908,0.005400992815630162,0.41776803643411203,0.4755878302426042,0.005400992815630162,0.005400992815630162,0.4130579505173507,0.19010876931625537,0.005400992815630162,0.43945481985697954,0.005400992815630162,0.005400992815630162,0.005400992815630162,0.462364635068404,0.005400992815630162,0.005400992815630162,0.4257728421767044,0.005400992815630162,0.005400992815630162,0.005400992815630162,0.18913513250298675,0.4173241026124731,0.005400992815630162,0.005400992815630162,0.4166745705033755,0.005400992815630162,0.005400992815630162,0.18888134839306278,0.413713197101899,0.005400992815630162,0.010760677656848376,0.4174876866117452,0.005400992815630162,0.005400992815630162,0.19160340217186092,0.3739710263541665,0.005400992815630162,0.005400992815630162,0.005400992815630162,0.36872101736285895,0.005400992815630162,0.19299061567123738,0.005400992815630162,0.42552120462762744,0.005400992815630162,0.005400992815630162,0.42769289497500257,0.005400992815630162,0.19128405733733242,0.010739964118575477,0.4339639872636483,0.005400992815630162,0.005400992815630162,0.42135151506259727,0.005400992815630162
0.01328845673410022,0.04116522308868688,0.6656975225825226,0.34970176594453223,0.8409706494623552,0.014344120914348576,0.018792715587912446,0.46660700119309495,0.01328845673410022,0.4257344579936128,0.46467136991557895,0.01328845673410022,0.01328845673410022,0.42142430356157295,0.4606411335263486,0.01328845673410022,0.4244056203966021,0.18676913694841987,0.41830190717857646,0.01328845673410022,0.4570014660890743,0.01328845673410022,0.4120976117922103,0.015572268767379903,0.48030586490499544,0.01328845673410022,0.41977358289526084,0.467113573456254,0.01328845673410022,0.4187792619417346,0.1917694039219583,0.42085686064659167,0.016373864566946308,0.4218214845971513,0.19151035081113563,0.4189303844644863,0.015572268767379903,0.4182329601327867,0.19262327533782275,0.41821286049118794,0.41621465133128493,0.19053857105704003,0.01328845673410022,0.42211030795376253,0.01328845673410022,0.459332567257118,0.4311470939191166,0.01328845673410022,0.42181094872010677,0.4611727012517928,0.01328845673410022,0.01328845673410022,0.46399385738057314,0.42633854616030414,0.01328845673410022,0.46817744661819677,0.01328845673410022,0.41954056458205025,0.193214889765915,0.4281996783556422,0.01328845673410022,0.41901289788201074,0.46246339439469303,0.015572268767379903,0.01328845673410022,0.42590480422455945,0.46019848206114494,0.01328845673410022,0.42156967529972705,0.19343476850477284,0.43723115258941075,0.01328845673410022,0.4179417186879289,0.4757387664814436,0.01328845673410022,0.01328845673410022,0.4132337347673499,0.1904958262839315,0.01328845673410022,0.43961935117202977,0.01328845673410022,0.01328845673410022,0.01328845673410022,0.4625203323755888,0.01328845673410022,0.01328845673410022,0.4259430490789089,0.01328845673410022,0.01328845673410022,0.01328845673410022,0.18952418307443575,0.41749798113906383,0.01328845673410022,0.01328845673410022,0.41684873688733187,0.01328845673410022,0.01328845673410022,0.18927092196231068,0.41388868632025017,0.01328845673410022,0.016223579782218348,0.4176614927701538,0.01328845673410022,0.01328845673410022,0.19198743790341563,0.37416612705713415,0.01328845673410022,0.01328845673410022,0.01328845673410022,0.3689190030371268,0.01328845673410022,0.1933718888825924,0.01328845673410022,0.42569151897938023,0.01328845673410022,0.01328845673410022,0.4278622857653063,0.01328845673410022,0.19166873465097403,0.016209848437926222,0.4341307578117244,0.01328845673410022,0.01328845673410022,0.4215236267392128,0.01328845673410022
0.46642227988355706,0.46800761550536196,0.7921006356433895,0.578889329274879,0.9186957774581718,0.4664528005502802,0.46660700119309495,0.6516736305983293,0.46642227988355706,0.6250541572615634,0.6503891488415062,0.46642227988355706,0.46642227988355706,0.6223129367392556,0.6477218791929993,0.46642227988355706,0.6242076006041456,0.5012920061063302,0.6203355583001064,0.46642227988355706,0.6453215713772276,0.46642227988355706,0.6164279130129886,0.4664912394876942,0.6608261724539605,0.46642227988355706,0.6212666628650259,0.6520101571117446,0.46642227988355706,0.620637397884073,0.5031167425075016,0.6219530505952254,0.46651802820329563,0.6225649782302953,0.503021206546342,0.6207329902568715,0.4664912394876942,0.6202919758042086,0.503432411135636,0.6202792711704175,0.6190177321030984,0.5026637958413983,0.46642227988355706,0.622748330608839,0.46642227988355706,0.6468579643871929,0.6285153214672302,0.46642227988355706,0.6225582909351545,0.6480731175492432,0.46642227988355706,0.46642227988355706,0.6499400790606662,0.6254394187268631,0.46642227988355706,0.652717401647238,0.46642227988355706,0.6211191299206751,0.5036518177830638,0.6266280009009078,0.46642227988355706,0.6207851911214527,0.6489266671192155,0.4664912394876942,0.46642227988355706,0.6251627703927382,0.6474295241110031,0.46642227988355706,0.6224051728100876,0.5037335064060228,0.6324302054757844,0.46642227988355706,0.6201079163364291,0.6577629322031907,0.46642227988355706,0.46642227988355706,0.6171413147322147,0.5026481099931096,0.46642227988355706,0.6339738331831588,0.46642227988355706,0.46642227988355706,0.46642227988355706,0.6489643439892597,0.46642227988355706,0.46642227988355706,0.6251871582450241,0.46642227988355706,0.46642227988355706,0.46642227988355706,0.5022923530203306,0.6198276026663821,0.46642227988355706,0.46642227988355706,0.6194177312993043,0.46642227988355706,0.46642227988355706,0.5021998769263496,0.6175530193376992,0.46642227988355706,0.46651290353633557,0.6199308777161308,0.46642227988355706,0.46642227988355706,0.5031972354099755,0.593202401631104,0.46642227988355706,0.46642227988355706,0.46642227988355706,0.5900859292732362,0.46642227988355706,0.5037101376032479,0.46642227988355706,0.6250267825237534,0.46642227988355706,0.46642227988355706,0.6264123482495592,0.46642227988355706,0.5030796038461708,0.46651243765445216,0.6304320247383892,0.46642227988355706,0.46642227988355706,0.6223759540607428,0.46642227988355706
0.0,0.038961426266810255,0.6655786110472094,0.34945109172052335,0.8408964152537145,0.005400992815630162,0.01328845673410022,0.46642227988355706,0.0,0.42553045431039577,0.46448580275232265,0.0,0.0,0.42121807287364815,0.46045378550916105,0.0,0.4242009344840076,0.18629609323991997,0.4180940372147405,0.0,0.4568124864180345,0.0,0.4118864174770348,0.008118649744257696,0.48012696264818827,0.0,0.4195664883297504,0.46692907251758087,0.0,0.4185716440301117,0.1913087558741751,0.42065033369058646,0.009566627443580214,0.421615460851525,0.19104907646609937,0.41872284623949363,0.008118649744257696,0.418025053720369,0.19216467972216353,0.418004943451116,0.41600567307799297,0.1900749321270231,0.0,0.4219044344713145,0.0,0.4591446352009989,0.4309458298736893,0.0,0.42160491948956036,0.460985589662215,0.0,0.0,0.4638079927132137,0.4261348513473015,0.0,0.4679934071546504,0.0,0.419333347573082,0.19275770556781874,0.4279969301946915,0.0,0.41880540314413284,0.46227685491161197,0.008118649744257696,0.0,0.42570088771944264,0.46001093680256916,0.0,0.42136352039552627,0.19297810667315804,0.43703289521611866,0.0,0.41773365819114916,0.4755579559056515,0.0,0.0,0.41302315601812656,0.19003208279136607,0.0,0.43942225367858506,0.0,0.0,0.0,0.4623338180668958,0.0,0.0,0.4257391521377076,0.0,0.0,0.0,0.18905805002330706,0.4172896855021246,0.0,0.0,0.41664009638926447,0.0,0.0,0.18880416203695743,0.41367846102796413,0.0,0.009307065075624099,0.41745328383228675,0.0,0.0,0.19152731567403836,0.37393240626753005,0.0,0.0,0.0,0.3686818258534936,0.0,0.19291507778890765,0.0,0.42548749331131724,0.0,0.0,0.42765936654301584,0.0,0.19120784342213226,0.009283108632347551,0.4339309776862391,0.0,0.0,0.421317447834573,0.0
0.42553045431039577,0.4272807716609074,0.7733116624126698,0.5475566967381188,0.9074457769068802,0.42556416199282093,0.4257344579936128,0.6250541572615634,0.42553045431039577,0.5967961310308076,0.623692437638204,0.42553045431039577,0.42553045431039577,0.593881262482503,0.6208642291209706,0.42553045431039577,0.5958960533724592,0.4637883005305188,0.5917780008985302,0.42553045431039577,0.618318440948433,0.42553045431039577,0.587620017637291,0.42560661417773865,0.6347522571793193,0.42553045431039577,0.5927684467569276,0.625410891454982,0.42553045431039577,0.5920990902278447,0.4657777111045775,0.593498504553791,0.4256361993906406,0.5941493116149482,0.4656735816375887,0.5922007764045557,0.42560661417773865,0.5917316379175738,0.46612175226036284,0.5917181227023377,0.590375985231342,0.46528399415148447,0.42553045431039577,0.594344303732284,0.42553045431039577,0.6199480249209322,0.6004751504885344,0.42553045431039577,0.5941421997062835,0.6212367037189784,0.42553045431039577,0.42553045431039577,0.6232163241254294,0.5972057184646796,0.42553045431039577,0.6261605666245159,0.42553045431039577,0.5926115190380523,0.4663608594575302,0.5984692279649153,0.42553045431039577,0.592256304437165,0.6221418051030412,0.42560661417773865,0.42553045431039577,0.5969116041122383,0.6205541878881985,0.42553045431039577,0.5939793576282247,0.4664498787535817,0.6046346195501879,0.42553045431039577,0.5915358329370374,0.6315073404398169,0.42553045431039577,0.42553045431039577,0.588379280371391,0.46526689515003744,0.42553045431039577,0.6062741663926189,0.42553045431039577,0.42553045431039577,0.42553045431039577,0.6221817557631121,0.42553045431039577,0.42553045431039577,0.5969375320772377,0.42553045431039577,0.42553045431039577,0.42553045431039577,0.4648790651582681,0.5912376225557935,0.42553045431039577,0.42553045431039577,0.590801563518715,0.42553045431039577,0.42553045431039577,0.46477824487099606,0.5888174190544062,0.42553045431039577,0.4256305397806302,0.5913474924785537,0.42553045431039577,0.42553045431039577,0.4658654419775936,0.5628599349317667,0.42553045431039577,0.42553045431039577,0.42553045431039577,0.5595309576578487,0.42553045431039577,0.4664244130829807,0.42553045431039577,0.5967670270754153,0.42553045431039577,0.42553045431039577,0.5982399943056513,0.42553045431039577,0.4657372321709509,0.4256300252666446,0.6025118399157786,0.42553045431039577,0.42553045431039577,0.5939482829509917,0.42553045431039577
0.46448580275232265,0.4660783789312772,0.7911918154533084,0.5773842026033261,0.9181558258574177,0.4645164632156752,0.46467136991557895,0.6503891488415062,0.46448580275232265,0.623692437638204,0.649101014264654,0.46448580275232265,0.46448580275232265,0.6209430637060842,0.6464261370571222,0.46448580275232265,0.6228433673070879,0.4995057190906923,0.6189597785158965,0.46448580275232265,0.6440189567793044,0.46448580275232265,0.6150403966080336,0.4645550781959449,0.6595675246674868,0.46448580275232265,0.619893667110301,0.6507266312308545,0.46448580275232265,0.6192625211316574,0.5013378337555352,0.6205821041152021,0.4645819895837839,0.6211958565523173,0.501241912584368,0.6193583993892429,0.4645550781959449,0.6189160655900576,0.5016547743398637,0.6189033229329571,0.6176380037872697,0.5008830597043645,0.46448580275232265,0.6213797553020565,0.46448580275232265,0.645559751631507,0.6271638397646284,0.46448580275232265,0.6211891493262829,0.646778378957172,0.46448580275232265,0.46448580275232265,0.6486506657761151,0.6240788417958383,0.46448580275232265,0.6514358831040551,0.46448580275232265,0.6197456933559274,0.5018750642979832,0.6252709443876356,0.46448580275232265,0.6194107563478979,0.6476343650371935,0.4645550781959449,0.46448580275232265,0.6238013729974987,0.6461329462626562,0.46448580275232265,0.6210355747797838,0.501957081631223,0.631090229446107,0.46448580275232265,0.6187314551691551,0.6564956750889402,0.46448580275232265,0.46448580275232265,0.6157559474483225,0.5008673105242626,0.46448580275232265,0.6326383726727492,0.46448580275232265,0.46448580275232265,0.46448580275232265,0.647672149386098,0.46448580275232265,0.46448580275232265,0.6238258331938669,0.46448580275232265,0.46448580275232265,0.46448580275232265,0.500510116309333,0.6184503020638885,0.46448580275232265,0.46448580275232265,0.6180392024996607,0.46448580275232265,0.46448580275232265,0.5004172663432662,0.6161688909985357,0.46448580275232265,0.4645768414506353,0.6185538864346644,0.46448580275232265,0.46448580275232265,0.5014186511202053,0.5917432327118496,0.46448580275232265,0.46448580275232265,0.46448580275232265,0.5886168785906295,0.46448580275232265,0.5019336188026282,0.46448580275232265,0.623664981676483,0.46448580275232265,0.46448580275232265,0.6250546535543754,0.46448580275232265,0.5013005453618237,0.4645763734354258,0.6290861858487872,0.46448580275232265,0.46448580275232265,0.6210062689194135,0.46448580275232265
0.0,0.038961426266810255,0.6655786110472094,0.34945109172052335,0.8408964152537145,0.005400992815630162,0.01328845673410022,0.46642227988355706,0.0,0.42553045431039577,0.46448580275232265,0.0,0.0,0.42121807287364815,0.46045378550916105,0.0,0.4242009344840076,0.18629609323991997,0.4180940372147405,0.0,0.4568124864180345,0.0,0.4118864174770348,0.008118649744257696,0.48012696264818827,0.0,0.4195664883297504,0.46692907251758087,0.0,0.4185716440301117,0.1913087558741751,0.42065033369058646,0.009566627443580214,0.421615460851525,0.19104907646609937,0.41872284623949363,0.008118649744257696,0.418025053720369,0.19216467972216353,0.418004943451116,0.41600567307799297,0.1900749321270231,0.0,0.4219044344713145,0.0,0.4591446352009989,0.4309458298736893,0.0,0.42160491948956036,0.460985589662215,0.0,0.0,0.4638079927132137,0.4261348513473015,0.0,0.4679934071546504,0.0,0.419333347573082,0.19275770556781874,0.4279969301946915,0.0,0.41880540314413284,0.46227685491161197,0.008118649744257696,0.0,0.42570088771944264,0.46001093680256916,0.0,0.42136352039552627,0.19297810667315804,0.43703289521611866,0.0,0.41773365819114916,0.4755579559056515,0.0,0.0,0.41302315601812656,0.19003208279136607,0.0,0.43942225367858506,0.0,0.0,0.0,0.4623338180668958,0.0,0.0,0.4257391521377076,0.0,0.0,0.0,0.18905805002330706,0.4172896855021246,0.0,0.0,0.41664009638926447,0.0,0.0,0.18880416203695743,0.41367846102796413,0.0,0.009307065075624099,0.41745328383228675,0.0,0.0,0.19152731567403836,0.37393240626753005,0.0,0.0,0.0,0.3686818258534936,0.0,0.19291507778890765,0.0,0.42548749331131724,0.0,0.0,0.42765936654301584,0.0,0.19120784342213226,0.009283108632347551,0.4339309776862391,0.0,0.0,0.421317447834573,0.0
0.0,0.038961426266810255,0.6655786110472094,0.34945109172052335,0.8408964152537145,0.005400992815630162,0.01328845673410022,0.46642227988355706,0.0,0.42553045431039577,0.46448580275232265,0.0,0.0,0.42121807287364815,0.46045378550916105,0.0,0.4242009344840076,0.18629609323991997,0.4180940372147405,0.0,0.4568124864180345,0.0,0.4118864174770348,0.008118649744257696,0.48012696264818827,0.0,0.4195664883297504,0.46692907251758087,0.0,0.4185716440301117,0.1913087558741751,0.42065033369058646,0.009566627443580214,0.421615460851525,0.19104907646609937,0.41872284623949363,0.008118649744257696,0.418025053720369,0.19216467972216353,0.418004943451116,0.41600567307799297,0.1900749321270231,0.0,0.4219044344713145,0.0,0.4591446352009989,0.4309458298736893,0.0,0.42160491948956036,0.460985589662215,0.0,0.0,0.4638079927132137,0.4261348513473015,0.0,0.4679934071546504,0.0,0.419333347573082,0.19275770556781874,0.4279969301946915,0.0,0.41880540314413284,0.46227685491161197,0.008118649744257696,0.0,0.42570088771944264,0.46001093680256916,0.0,0.42136352039552627,0.19297810667315804,0.43703289521611866,0.0,0.41773365819114916,0.4755579559056515,0.0,0.0,0.41302315601812656,0.19003208279136607,0.0,0.43942225367858506,0.0,0.0,0.0,0.4623338180668958,0.0,0.0,0.4257391521377076,0.0,0.0,0.0,0.18905805002330706,0.4172896855021246,0.0,0.0,0.41664009638926447,0.0,0.0,0.18880416203695743,0.41367846102796413,0.0,0.009307065075624099,0.41745328383228675,0.0,0.0,0.19152731567403836,0.37393240626753005,0.0,0.0,0.0,0.3686818258534936,0.0,0.19291507778890765,0.0,0.42548749331131724,0.0,0.0,0.42765936654301584,0.0,0.19120784342213226,0.009283108632347551,0.4339309776862391,0.0,0.0,0.421317447834573,0.0
0.42121807287364815,0.4229874340262573,0.7713831706821341,0.5443118656243625,0.906281568353838,0.4212521486610659,0.42142430356157295,0.6223129367392556,0.42121807287364815,0.593881262482503,0.6209430637060842,0.42121807287364815,0.42121807287364815,0.5909479055535193,0.6180978561667947,0.42121807287364815,0.5929754882184248,0.45986234387418257,0.5888312305500599,0.42121807287364815,0.6155366901323484,0.42121807287364815,0.5846465459827754,0.42129506436913366,0.6320685400843997,0.42121807287364815,0.5898280006047972,0.622671803594241,0.42121807287364815,0.5891543716056976,0.4618702952587705,0.5905627111959519,0.42132497256418755,0.5912176597334775,0.461765198771673,0.5892567072444264,0.42129506436913366,0.5887845711949246,0.4622175287378785,0.5887709695783261,0.5874202391192692,0.46137198994103723,0.42121807287364815,0.5914138915625713,0.42121807287364815,0.6171761260422237,0.5975834533225408,0.42121807287364815,0.5912105025991317,0.6184725745955498,0.42121807287364815,0.42121807287364815,0.620464094664123,0.5942934385672348,0.42121807287364815,0.6234259560886577,0.42121807287364815,0.5896700717863453,0.46245885216094434,0.5955649193985615,0.42121807287364815,0.589312589869238,0.6193831219894129,0.42129506436913366,0.42121807287364815,0.5939974655997475,0.6177859460278206,0.42121807287364815,0.5910466247929573,0.4625486960476625,0.6017689055780382,0.42121807287364815,0.5885875142023469,0.6288044909018756,0.42121807287364815,0.42121807287364815,0.5854107029674721,0.46135473187713627,0.42121807287364815,0.6034186333380318,0.42121807287364815,0.42121807287364815,0.42121807287364815,0.6194233128241684,0.42121807287364815,0.42121807287364815,0.5940235574599154,0.42121807287364815,0.42121807287364815,0.42121807287364815,0.46096329136867803,0.588287395972527,0.42121807287364815,0.42121807287364815,0.5878485449165481,0.42121807287364815,0.42121807287364815,0.46086153162737675,0.5858516621289186,0.42121807287364815,0.4213192511713331,0.5883979689516339,0.42121807287364815,0.42121807287364815,0.4619588405694135,0.5597219870320745,0.42121807287364815,0.42121807287364815,0.42121807287364815,0.5563701221905875,0.42121807287364815,0.4625229945152346,0.42121807287364815,0.5938519744996584,0.42121807287364815,0.42121807287364815,0.59533424112131,0.42121807287364815,0.4618294404539881,0.421318731040607,0.5996328934357962,0.42121807287364815,0.42121807287364815,0.5910153524291054,0.42121807287364815
0.46045378550916105,0.46206160492175935,0.7893052269170431,0.5742567103974534,0.9170334997967589,0.46048474030135617,0.4606411335263486,0.6477218791929993,0.46045378550916105,0.6208642291209706,0.6464261370571222,0.46045378550916105,0.46045378550916105,0.6180978561667947,0.6437354147704848,0.46045378550916105,0.6200099182455273,0.4957894481843813,0.6161022547896942,0.46045378550916105,0.6413139191137023,0.46045378550916105,0.6121583977551552,0.46052372592235935,0.65695404796591,0.46045378550916105,0.6170419485014325,0.6480613522810119,0.46045378550916105,0.616406880386654,0.4976370509433324,0.617734658404458,0.46055089558362505,0.6183522155928244,0.497540321210398,0.6165033547596361,0.46052372592235935,0.6160582698923447,0.49795666134243,0.6160454479492371,0.6147722463907281,0.49717844113137355,0.46045378550916105,0.6185372535191773,0.46045378550916105,0.6428638831789103,0.6243569735192507,0.46045378550916105,0.6183454668109787,0.6440897469495427,0.46045378550916105,0.46045378550916105,0.6459731253774702,0.6212530155196938,0.46045378550916105,0.6487747845371195,0.46045378550916105,0.6168930556075246,0.4981788053179284,0.6224524571044459,0.46045378550916105,0.616556037198325,0.6449508079157034,0.46052372592235935,0.46045378550916105,0.6209738362529231,0.6434404832514117,0.46045378550916105,0.6181909406249382,0.49826151258704854,0.6283073446552576,0.46045378550916105,0.6158725106226873,0.6538642735454444,0.46045378550916105,0.46045378550916105,0.6128784306008461,0.49716255901270984,0.46045378550916105,0.629864898613394,0.46045378550916105,0.46045378550916105,0.46045378550916105,0.6449888161232619,0.46045378550916105,0.46045378550916105,0.6209984472699036,0.46045378550916105,0.46045378550916105,0.46045378550916105,0.4968023478691117,0.6155896071078953,0.46045378550916105,0.46045378550916105,0.6151759464413731,0.46045378550916105,0.46045378550916105,0.49670871309140896,0.6132939579156165,0.46045378550916105,0.4605456980449459,0.6156938364843743,0.46045378550916105,0.46045378550916105,0.49771854935469784,0.5887117218312972,0.46045378550916105,0.46045378550916105,0.46045378550916105,0.5855647356581235,0.46045378550916105,0.49823785240640933,0.46045378550916105,0.6208366038253117,0.46045378550916105,0.46045378550916105,0.6222348358840518,0.46045378550916105,0.4975994482597223,0.4605452255382473,0.6262910814823296,0.46045378550916105,0.46045378550916105,0.6181614531372221,0.46045378550916105
0.0,0.038961426266810255,0.6655786110472094,0.34945109172052335,0.8408964152537145,0.005400992815630162,0.01328845673410022,0.46642227988355706,0.0,0.42553045431039577,0.46448580275232265,0.0,0.0,0.42121807287364815,0.46045378550916105,0.0,0.4242009344840076,0.18629609323991997,0.4180940372147405,0.0,0.4568124864180345,0.0,0.4118864174770348,0.008118649744257696,0.48012696264818827,0.0,0.4195664883297504,0.46692907251758087,0.0,0.4185716440301117,0.1913087558741751,0.42065033369058646,0.009566627443580214,0.421615460851525,0.19104907646609937,0.41872284623949363,0.008118649744257696,0.418025053720369,0.19216467972216353,0.418004943451116,0.41600567307799297,0.1900749321270231,0.0,0.4219044344713145,0.0,0.4591446352009989,0.4309458298736893,0.0,0.42160491948956036,0.460985589662215,0.0,0.0,0.4638079927132137,0.4261348513473015,0.0,0.4679934071546504,0.0,0.419333347573082,0.19275770556781874,0.4279969301946915,0.0,0.41880540314413284,0.46227685491161197,0.008118649744257696,0.0,0.42570088771944264,0.46001093680256916,0.0,0.42136352039552627,0.19297810667315804,0.43703289521611866,0.0,0.41773365819114916,0.4755579559056515,0.0,0.0,0.41302315601812656,0.19003208279136607,0.0,0.43942225367858506,0.0,0.0,0.0,0.4623338180668958,0.0,0.0,0.4257391521377076,0.0,0.0,0.0,0.18905805002330706,0.4172896855021246,0.0,0.0,0.41664009638926447,0.0,0.0,0.18880416203695743,0.41367846102796413,0.0,0.009307065075624099,0.41745328383228675,0.0,0.0,0.19152731567403836,0.37393240626753005,0.0,0.0,0.0,0.3686818258534936,0.0,0.19291507778890765,0.0,0.42548749331131724,0.0,0.0,0.42765936654301584,0.0,0.19120784342213226,0.009283108632347551,0.4339309776862391,0.0,0.0,0.421317447834573,0.0
0.4242009344840076,0.4259570860292911,0.7727159513617333,0.5465550069133686,0.9070863263878862,0.4242347549326461,0.4244056203966021,0.6242076006041456,0.4242009344840076,0.5958960533724592,0.6228433673070879,0.4242009344840076,0.4242009344840076,0.5929754882184248,0.6200099182455273,0.4242009344840076,0.5949942204487351,0.4625772686021713,0.5908680939386871,0.4242009344840076,0.6174593895506761,0.4242009344840076,0.5867018845231912,0.42427734911470827,0.6339234304779293,0.4242009344840076,0.5918604882686198,0.6245649923018166,0.4242009344840076,0.5911898153959743,0.4645723696193674,0.5925919796081993,0.4243070332711744,0.5932440626921246,0.464467943348181,0.5912917016700291,0.42427734911470827,0.5908216396464963,0.4649173905932551,0.5908080978114988,0.5894633129294452,0.46407724438655373,0.4242009344840076,0.593439436778267,0.4242009344840076,0.6190920105461434,0.5995822128518148,0.4242009344840076,0.5932369368489611,0.6203830845669123,0.4242009344840076,0.4242009344840076,0.6223663734577635,0.5963064384448798,0.4242009344840076,0.6253160478547172,0.4242009344840076,0.5917032521102997,0.46515717802371404,0.5975724041872366,0.4242009344840076,0.5913473389516423,0.6212898648556904,0.42427734911470827,0.4242009344840076,0.5960117513984367,0.6196993008740662,0.4242009344840076,0.5930737756529689,0.465246450415738,0.6037496890192038,0.4242009344840076,0.5906254489290337,0.6306726143081388,0.4242009344840076,0.4242009344840076,0.5874626550248532,0.464060096565526,0.4242009344840076,0.6053923734490414,0.4242009344840076,0.4242009344840076,0.4242009344840076,0.6213298895578657,0.4242009344840076,0.4242009344840076,0.5960377298642181,0.4242009344840076,0.4242009344840076,0.4242009344840076,0.46367115844035617,0.5903266507549599,0.4242009344840076,0.4242009344840076,0.5898897315261369,0.4242009344840076,0.4242009344840076,0.46357004982046507,0.5879016626216852,0.4242009344840076,0.4243013547343633,0.5904367372832936,0.4242009344840076,0.4242009344840076,0.46466035046595755,0.5618911467293167,0.4242009344840076,0.4242009344840076,0.4242009344840076,0.5585551229393385,0.4242009344840076,0.4652209123507244,0.4242009344840076,0.5958668927131249,0.4242009344840076,0.4242009344840076,0.5973427253864768,0.4242009344840076,0.46453177532073037,0.42430083849972333,0.6016228315057237,0.4242009344840076,0.4242009344840076,0.5930426400666873,0.4242009344840076
