0.0,0.0,0.09246264939345,0.596452271071287,0.24261985245526627,0.8408964152537145,0.004890207995644336,0.03534911760878152,0.41893658505249787,0.38422506535990747,0.010430732610205155,0.4186615387840388,0.0,0.0,0.38009892939432766,0.41515574827107626,0.0073508496429206096,0.3830425978062188,0.16866093946067168,0.37767800712742955,0.0,0.41186529840645386,0.0,0.37220775402196027,0.432551719571779,0.0,0.0,0.3788245007033333,0.4208938622770397,0.0,0.37793600805761735,0.17345713923127606,0.37988463257126837,0.0,0.380396389947802,0.0,0.4168923348409472,0.3776458397209244,0.0,0.17391706814444208,0.37800602819440127,0.37574796831913065,0.17202539401966768,0.3795086152900452,0.03606233310349566,0.37463193269645234,0.1734634622563316,0.0,0.3890032097079168,0.4188309734280333,0.0,0.3775251283026075,0.41819845712216525,0.00866188859293732,0.38458530596553686,0.0,0.4203965067467419,0.0,0.3786162948456175,0.17437945975593208,0.3864247070158017,0.0,0.37818364424965134,0.17445596992695359,0.3768558660501665,0.384261913139523,0.0,0.41545567293384517,0.008405182821173508,0.380403328283278,0.17468059123748475,0.39420179865978044,0.0,0.41694166921621556,0.3900406614952437,0.0,0.0,0.4121426144939305,0.0,0.0,0.3962464490710755,0.0,0.0,0.0,0.41676289580912557,0.0,0.0,0.38435991340731196,0.0,0.0,0.17113264707892586,0.37657722121624565,0.0,0.0,0.37613877202207274,0.0,0.0073508496429206096,0.0,0.4133169181470854,0.0,0.0,0.0,0.376833131375793,0.0,0.0,0.1734497620789574,0.33793844443930227,0.0,0.0,0.0,0.3334110911777351,0.1745418730862067,0.0,0.3843014597001134,0.004075795623735816,0.007375641744125907,0.0,0.3863144428942803,0.0,0.17302346496967852,0.3916418656259212,0.0,0.0,0.0,0.38040654961598447
0.0,0.0,0.09246264939345,0.596452271071287,0.24261985245526627,0.8408964152537145,0.004890207995644336,0.03534911760878152,0.41893658505249787,0.38422506535990747,0.010430732610205155,0.4186615387840388,0.0,0.0,0.38009892939432766,0.41515574827107626,0.0073508496429206096,0.3830425978062188,0.16866093946067168,0.37767800712742955,0.0,0.41186529840645386,0.0,0.37220775402196027,0.432551719571779,0.0,0.0,0.3788245007033333,0.4208938622770397,0.0,0.37793600805761735,0.17345713923127606,0.37988463257126837,0.0,0.380396389947802,0.0,0.4168923348409472,0.3776458397209244,0.0,0.17391706814444208,0.37800602819440127,0.37574796831913065,0.17202539401966768,0.3795086152900452,0.03606233310349566,0.37463193269645234,0.1734634622563316,0.0,0.3890032097079168,0.4188309734280333,0.0,0.3775251283026075,0.41819845712216525,0.00866188859293732,0.38458530596553686,0.0,0.4203965067467419,0.0,0.3786162948456175,0.17437945975593208,0.3864247070158017,0.0,0.37818364424965134,0.17445596992695359,0.3768558660501665,0.384261913139523,0.0,0.41545567293384517,0.008405182821173508,0.380403328283278,0.17468059123748475,0.39420179865978044,0.0,0.41694166921621556,0.3900406614952437,0.0,0.0,0.4121426144939305,0.0,0.0,0.3962464490710755,0.0,0.0,0.0,0.41676289580912557,0.0,0.0,0.38435991340731196,0.0,0.0,0.17113264707892586,0.37657722121624565,0.0,0.0,0.37613877202207274,0.0,0.0073508496429206096,0.0,0.4133169181470854,0.0,0.0,0.0,0.376833131375793,0.0,0.0,0.1734497620789574,0.33793844443930227,0.0,0.0,0.0,0.3334110911777351,0.1745418730862067,0.0,0.3843014597001134,0.004075795623735816,0.007375641744125907,0.0,0.3863144428942803,0.0,0.17302346496967852,0.3916418656259212,0.0,0.0,0.0,0.38040654961598447
0.09246264939345,0.09246264939345,0.13075954333169343,0.6031022685568053,0.2596088565599799,0.8444680197798737,0.09259187216198785,0.09898913731986606,0.42885672087429033,0.3950685642457053,0.09304911439081126,0.42858846007525725,0.09246264939345,0.09246264939345,0.3910620942331591,0.4251698451768879,0.09275437744666483,0.3939201551543777,0.1923313667530979,0.38871247040893186,0.09246264939345,0.42196239531468066,0.09246264939345,0.383406376573446,0.4421453587534391,0.09246264939345,0.09246264939345,0.38982509704515905,0.43076593472589453,0.09246264939345,0.3889628340659095,0.1965496135270368,0.3908540758556274,0.09246264939345,0.3913508503024302,0.09246264939345,0.4268630894840992,0.38868125586812025,0.09246264939345,0.1969555050156233,0.3890307830956655,0.3868398618617348,0.19528761337655795,0.39048909041049307,0.09924605102435098,0.3857572768152613,0.1965551920468926,0.09246264939345,0.39971096642323967,0.42875371379975497,0.09246264939345,0.3885641214700484,0.4281368203471697,0.0928674705190289,0.3954184660335958,0.09246264939345,0.4302807554419749,0.09246264939345,0.3896230278610929,0.19736380794525094,0.3972053448018779,0.09246264939345,0.3892031485718296,0.19743139118416259,0.3879147285634275,0.3951043537090321,0.09246264939345,0.4254622616117293,0.09284387986300226,0.3913575857490726,0.1976298419503144,0.4047651992902868,0.09246264939345,0.42691119716433656,0.4007193368401362,0.09246264939345,0.09246264939345,0.42223267146743854,0.09246264939345,0.09246264939345,0.406753995292547,0.09246264939345,0.09246264939345,0.09246264939345,0.42673687014807155,0.09246264939345,0.09246264939345,0.39519954016234854,0.09246264939345,0.09246264939345,0.19450189454642103,0.387644374901567,0.09246264939345,0.09246264939345,0.3872189941871166,0.09246264939345,0.09275437744666483,0.09246264939345,0.4233772560469041,0.09246264939345,0.09246264939345,0.09246264939345,0.38789266995561467,0.09246264939345,0.09246264939345,0.19654310505501574,0.3502736445444181,0.09246264939345,0.09246264939345,0.09246264939345,0.34591219620645175,0.19750727920340608,0.09246264939345,0.39514276464226866,0.09255243396546312,0.0927563454610634,0.09246264939345,0.397098216598855,0.09246264939345,0.19616710968110643,0.4022759257655516,0.09246264939345,0.09246264939345,0.09246264939345,0.39136071288673235
0.596452271071287,0.596452271071287,0.6031022685568053,0.8154526242406375,0.6404309963115563,0.9551985326219959,0.5964710061813953,0.5974302023993397,0.7171187308683422,0.6998772238337926,0.5965375025438207,0.7169787784097038,0.596452271071287,0.596452271071287,0.6978870831833103,0.7151993916266374,0.5964946027591845,0.6993055410822946,0.6182207212935532,0.6967255915655673,0.596452271071287,0.7135369234935467,0.596452271071287,0.6941181968292567,0.7241088299167511,0.596452271071287,0.596452271071287,0.6972750739468371,0.7181161196902498,0.596452271071287,0.6968491539912152,0.6194459525660632,0.6977840841027325,0.596452271071287,0.6980301133497374,0.596452271071287,0.7160797676538884,0.696710189552855,0.596452271071287,0.6195650797427534,0.696882697252226,0.6958029210465339,0.6190769407017883,0.6976034429385332,0.5974700188211682,0.6952707396368069,0.619447588372605,0.596452271071287,0.7021982063584147,0.7170649862419435,0.596452271071287,0.6966523992330605,0.7167432623091734,0.5965110481469312,0.7000516019956441,0.596452271071287,0.7178624349010122,0.596452271071287,0.6971752098632896,0.6196851321761221,0.7009435352160232,0.596452271071287,0.696967801831822,0.6197050245619312,0.6963322001320812,0.6998950557956277,0.596452271071287,0.7153512942841167,0.5965076161142929,0.6980334503858309,0.6197634708786753,0.7047430165634738,0.596452271071287,0.7161048079873892,0.7027044399571678,0.596452271071287,0.596452271071287,0.7136767474483859,0.596452271071287,0.596452271071287,0.7057494237482123,0.596452271071287,0.596452271071287,0.596452271071287,0.7160140769444845,0.596452271071287,0.596452271071287,0.6999424867243546,0.596452271071287,0.596452271071287,0.6188482504054453,0.6961989908307202,0.596452271071287,0.596452271071287,0.6959895097322413,0.596452271071287,0.5964946027591845,0.596452271071287,0.7142694240049037,0.596452271071287,0.596452271071287,0.596452271071287,0.69632132926345,0.596452271071287,0.596452271071287,0.6194440441182993,0.6783501728956841,0.596452271071287,0.596452271071287,0.596452271071287,0.6763438382588611,0.6197273684859813,0.596452271071287,0.699914194956939,0.5964652856175829,0.5964948887709244,0.596452271071287,0.7008899947269304,0.596452271071287,0.6193338870107975,0.7034873512476086,0.596452271071287,0.596452271071287,0.596452271071287,0.6980349997188352
0.24261985245526627,0.24261985245526627,0.2596088565599799,0.6404309963115563,0.34281867293232343,0.8645831718403171,0.24266904511127785,0.24517695693873526,0.4828604674486177,0.45342288858253266,0.24284357924210528,0.4826247695974655,0.24261985245526627,0.24261985245526627,0.4499683176491052,0.4796237269750122,0.2427309910417224,0.4524318363512238,0.29536038536746667,0.447946217400627,0.24261985245526627,0.4768125073396579,0.24261985245526627,0.4433905163421631,0.4945719792702286,0.24261985245526627,0.24261985245526627,0.44890339101530324,0.4845387790468416,0.24261985245526627,0.44816154432520483,0.29811566638905107,0.449789179684117,0.24261985245526627,0.4502170211987642,0.24261985245526627,0.48110954153130286,0.44791937343909066,0.24261985245526627,0.2983825683732076,0.44821999002300167,0.4463367175280916,0.29728779748999423,0.4494749216166149,0.24528061445622046,0.44540709014279195,0.29811933255598755,0.24261985245526627,0.45743592796568705,0.4827699604418214,0.24261985245526627,0.4478186444700826,0.4822280190624801,0.2427741560660247,0.45372497901630726,0.24261985245526627,0.4841121373195476,0.24261985245526627,0.448729506157068,0.29865136798507746,0.4552686549175795,0.24261985245526627,0.4483682593867119,0.298695890433311,0.44726033447000385,0.45345378485486193,0.24261985245526627,0.4798802356596446,0.2427651483512543,0.4502228229063969,0.2988266750841354,0.46181699109536284,0.24261985245526627,0.481151773240299,0.45830900507318545,0.24261985245526627,0.24261985245526627,0.47704922664992255,0.24261985245526627,0.24261985245526627,0.46354425448600484,0.24261985245526627,0.24261985245526627,0.24261985245526627,0.48099874344787125,0.24261985245526627,0.24261985245526627,0.45353596041898103,0.24261985245526627,0.24261985245526627,0.29677389303629725,0.44702796591982136,0.24261985245526627,0.24261985245526627,0.4466624302769333,0.24261985245526627,0.2427309910417224,0.24261985245526627,0.4780520472538774,0.24261985245526627,0.24261985245526627,0.24261985245526627,0.44724137368186395,0.24261985245526627,0.24261985245526627,0.298111389137625,0.41531149361535247,0.24261985245526627,0.24261985245526627,0.24261985245526627,0.41166705049228874,0.2987458940836125,0.24261985245526627,0.45348694490598507,0.24265402551795495,0.24273174180383686,0.24261985245526627,0.4551760623205301,0.24261985245526627,0.29786442713913,0.4596577191298365,0.24261985245526627,0.24261985245526627,0.24261985245526627,0.45022551653506704
0.8408964152537145,0.8408964152537145,0.8444680197798737,0.9551985326219959,0.8645831718403171,1.0,0.840906469728169,0.8414212985058274,0.9056676487890495,0.8965200971529732,0.840942156363023,0.9055937332748312,0.8408964152537145,0.8408964152537145,0.8954593828358705,0.9046534339642837,0.8409191332476904,0.896215490945961,0.8526050365387763,0.8948399175897693,0.8408964152537145,0.9037740624270114,0.8408964152537145,0.8934482447163721,0.9093514930889787,0.8408964152537145,0.8408964152537145,0.8951330131717957,0.9061942413491344,0.8408964152537145,0.8949058318965519,0.8532652836041524,0.8954044617146364,0.8408964152537145,0.89553564541055,0.8408964152537145,0.9051187800343401,0.8948317011624822,0.8408964152537145,0.8533294833874322,0.8949237249579314,0.8943476153964187,0.853066422080099,0.8953081346503559,0.8414426717538193,0.8940635808152124,0.8532661651638285,0.8408964152537145,0.8977559903899875,0.9056392644229183,0.8408964152537145,0.8948008716190382,0.9054693324833433,0.8409279589987407,0.8966129950526,0.8408964152537145,0.9060603324380017,0.8408964152537145,0.8950797502644036,0.8533941826952957,0.897088051534337,0.8408964152537145,0.8949691213973827,0.8534049032932595,0.894630041138691,0.8965295972412143,0.8408964152537145,0.9047337427851281,0.8409261171258147,0.8955374246380319,0.8534364018908674,0.8991095786253812,0.8408964152537145,0.9051320123416948,0.8980253831092466,0.8408964152537145,0.8408964152537145,0.903848054393411,0.8408964152537145,0.8408964152537145,0.8996444425605208,0.8408964152537145,0.8408964152537145,0.8408964152537145,0.905084065548852,0.8408964152537145,0.8408964152537145,0.8965548660059502,0.8408964152537145,0.8408964152537145,0.8529431845590774,0.8945589656978309,0.8408964152537145,0.8408964152537145,0.8944471868134497,0.8408964152537145,0.8409191332476904,0.8408964152537145,0.9041616230944689,0.8408964152537145,0.8408964152537145,0.8408964152537145,0.894624240997637,0.8408964152537145,0.8408964152537145,0.8532642551144103,0.8850049854971933,0.8408964152537145,0.8408964152537145,0.8408964152537145,0.8839277963094437,0.8534169451269924,0.8408964152537145,0.8965397936665684,0.8409033996978824,0.8409192867413875,0.8408964152537145,0.8970595403406126,0.8408964152537145,0.8532048902611831,0.8984418875134607,0.8408964152537145,0.8408964152537145,0.8408964152537145,0.8955382507043294
0.004890207995644336,0.004890207995644336,0.09259187216198785,0.5964710061813953,0.24266904511127785,0.840906469728169,0.006915798428309648,0.03568577070417208,0.41896468250295743,0.384255843041147,0.01152017001555514,0.41868965586451395,0.004890207995644336,0.004890207995644336,0.38013005579989684,0.41518411763071966,0.008828880128825543,0.38307347470581293,0.16873178997445348,0.3777093414623634,0.004890207995644336,0.41189390810811216,0.004890207995644336,0.3722395675439149,0.4325788735916038,0.004890207995644336,0.004890207995644336,0.37885573625677965,0.4209218207097106,0.004890207995644336,0.3779673201142153,0.17352602816042315,0.37991577728215004,0.004890207995644336,0.38042749097623685,0.004890207995644336,0.4169205787519416,0.3776771768355125,0.004890207995644336,0.1739857746352663,0.37803733420969987,0.37577947022421726,0.1720948570984387,0.37953979216731076,0.03639238907133958,0.37466353223880117,0.17353234867080955,0.004890207995644336,0.3890335922072519,0.41885907841321046,0.004890207995644336,0.37755647585209445,0.4182266073057168,0.009946981853018575,0.3846160535331443,0.004890207995644336,0.4204245003933239,0.004890207995644336,0.3786475482962712,0.17444798379844795,0.3864553016401487,0.004890207995644336,0.3782149349497554,0.17452446387338635,0.37688727156795304,0.38429268773811837,0.004890207995644336,0.4154840205590901,0.009724259975956386,0.3804344287202296,0.17474899697856747,0.394231761349852,0.004890207995644336,0.4169699095772638,0.3900709593844536,0.004890207995644336,0.004890207995644336,0.4121712038045565,0.004890207995644336,0.004890207995644336,0.39627624945121936,0.004890207995644336,0.004890207995644336,0.004890207995644336,0.4167911490377805,0.004890207995644336,0.004890207995644336,0.38439067981000424,0.004890207995644336,0.004890207995644336,0.1712024730084515,0.37660865092599854,0.004890207995644336,0.004890207995644336,0.3761702398662302,0.004890207995644336,0.008828880128825543,0.004890207995644336,0.4133454213884284,0.004890207995644336,0.004890207995644336,0.004890207995644336,0.37686453886614607,0.004890207995644336,0.004890207995644336,0.17351865394222823,0.33797359345563777,0.004890207995644336,0.004890207995644336,0.004890207995644336,0.33344672978957657,0.1746103332730601,0.004890207995644336,0.38433223099090247,0.006366022570512835,0.008849532456953383,0.004890207995644336,0.386345046648585,0.004890207995644336,0.1730925268083023,0.39167203374693266,0.004890207995644336,0.004890207995644336,0.004890207995644336,0.3804376497783292
0.03534911760878152,0.03534911760878152,0.09898913731986606,0.5974302023993397,0.24517695693873526,0.8414212985058274,0.03568577070417208,0.04999118202655047,0.42040205726977165,0.3858298252629505,0.036855938548865416,0.42012803165657453,0.03534911760878152,0.03534911760878152,0.38172180130754335,0.41663535764861126,0.0361053328702633,0.38465251116006105,0.17232395286318522,0.3793116772458842,0.03534911760878152,0.4133574025149775,0.03534911760878152,0.3738663058444244,0.4339681299052787,0.03534911760878152,0.03534911760878152,0.38045304100647986,0.4223521061070681,0.03534911760878152,0.37956852125912843,0.177020761681654,0.38150845515389536,0.03534911760878152,0.38201794391146404,0.03534911760878152,0.4183654220413271,0.37927965418646786,0.03534911760878152,0.17747143814704053,0.3796382276686259,0.37739034004249755,0.17561812532249796,0.3811341083870346,0.050498018898241535,0.37627937426655256,0.177026957183893,0.03534911760878152,0.39058744164829456,0.4202968374109709,0.03534911760878152,0.3791594846496475,0.41966667116005013,0.03639489479936128,0.38618850171117086,0.03534911760878152,0.4218565815986559,0.03534911760878152,0.38024576458278675,0.17792457536574774,0.3880199583178934,0.03534911760878152,0.37981504839578584,0.17799955882417373,0.3784932326335984,0.3858665129252424,0.03534911760878152,0.41693415234398246,0.03633465502605855,0.38202485152836785,0.17821970543293883,0.39576421985356086,0.03534911760878152,0.41841457184763664,0.3916204978947674,0.03534911760878152,0.03534911760878152,0.41363365857115536,0.03534911760878152,0.03534911760878152,0.39780043666694004,0.03534911760878152,0.03534911760878152,0.03534911760878152,0.4182364674526004,0.03534911760878152,0.03534911760878152,0.3859640874840973,0.03534911760878152,0.03534911760878152,0.174743767168189,0.378215844043575,0.03534911760878152,0.03534911760878152,0.37777937507305814,0.03534911760878152,0.0361053328702633,0.03534911760878152,0.4148034878093853,0.03534911760878152,0.03534911760878152,0.03534911760878152,0.378470600391401,0.03534911760878152,0.03534911760878152,0.17701353332317882,0.3397700515741669,0.03534911760878152,0.03534911760878152,0.03534911760878152,0.3352680785844122,0.1780837493828193,0.03534911760878152,0.38590588767301953,0.0355833136591591,0.03611038856934426,0.03534911760878152,0.38791016845400006,0.03534911760878152,0.17659585527716665,0.3932149602148932,0.03534911760878152,0.03534911760878152,0.03534911760878152,0.3820280585993995
0.41893658505249787,0.41893658505249787,0.42885672087429033,0.7171187308683422,0.4828604674486177,0.9056676487890495,0.41896468250295743,0.42040205726977165,0.5878496991715163,0.5647319728306307,0.4190644015498337,0.5876628879296839,0.41893658505249787,0.41893658505249787,0.5620490764027957,0.5852866034797841,0.4190000695699516,0.5639616190618697,0.4510452345975525,0.5604817803350807,0.41893658505249787,0.5830645458302531,0.41893658505249787,0.5569593034189285,0.5971644057774687,0.41893658505249787,0.41893658505249787,0.5612233808740673,0.5891806639720658,0.41893658505249787,0.560648566292797,0.452823109793992,0.561910136198803,0.41893658505249787,0.562242001955387,0.41893658505249787,0.586462564572738,0.5604609896355156,0.41893658505249787,0.4529958167699278,0.5606938411782978,0.5592359469922035,0.45228795619079276,0.5616664399720563,0.4204616742953735,0.5585170459548727,0.4528254815194144,0.41893658505249787,0.5678568689461001,0.5877779613212502,0.41893658505249787,0.5603829785161988,0.587348487561691,0.41902473140375757,0.5649668986077471,0.41893658505249787,0.5888421956382995,0.41893658505249787,0.561088619416772,0.4531698378981188,0.5661681495692764,0.41893658505249787,0.5608087065653167,0.45319867012066267,0.5599506915604533,0.564755997527537,0.41893658505249787,0.5854895440932998,0.41901958471373135,0.5622465029004259,0.4532833784565425,0.5712782899486741,0.41893658505249787,0.5864960046393023,0.568537882973368,0.41893658505249787,0.41893658505249787,0.5832515068834394,0.41893658505249787,0.41893658505249787,0.5726300115455728,0.41893658505249787,0.41893658505249787,0.41893658505249787,0.5863748360660345,0.41893658505249787,0.41893658505249787,0.5648198991653205,0.41893658505249787,0.41893658505249787,0.4519561713329792,0.5597708262583669,0.41893658505249787,0.41893658505249787,0.559487945271028,0.41893658505249787,0.4190000695699516,0.41893658505249787,0.584043837432636,0.41893658505249787,0.41893658505249787,0.41893658505249787,0.5599360137708207,0.41893658505249787,0.41893658505249787,0.4528203427647131,0.5355271692246647,0.41893658505249787,0.41893658505249787,0.41893658505249787,0.532782869362904,0.45323105473275094,0.41893658505249787,0.5647817831083229,0.4189561033413176,0.4190004984845997,0.41893658505249787,0.5660960593612061,0.41893658505249787,0.45266061591758444,0.5695907081974736,0.41893658505249787,0.41893658505249787,0.41893658505249787,0.5622485926148199
0.38422506535990747,0.38422506535990747,0.3950685642457053,0.6998772238337926,0.45342288858253266,0.8965200971529732,0.384255843041147,0.3858298252629505,0.5647319728306307,0.5403911638732058,0.3843650712762463,0.5645355669121317,0.38422506535990747,0.38422506535990747,0.5375613422943224,0.5620368464247619,0.3842946051590266,0.539578735254049,0.41917058205819996,0.5359077022040826,0.38422506535990747,0.5596996377660473,0.38422506535990747,0.532189759798319,0.5745195967622116,0.38422506535990747,0.38422506535990747,0.5366902059044075,0.5661311684781959,0.38422506535990747,0.5360836947600329,0.42109354257992226,0.5374147631231344,0.38422506535990747,0.5377648699964075,0.38422506535990747,0.563273488484838,0.5358857635514852,0.38422506535990747,0.42128028269351403,0.5361314680730168,0.5345929608126618,0.4205148374659846,0.5371576612035002,0.3858950869867169,0.5338341854706301,0.42109610709013473,0.38422506535990747,0.5436858180759522,0.5646565510291097,0.38422506535990747,0.5358034444659354,0.5642050088330762,0.38432161876568843,0.5406389028209517,0.38422506535990747,0.5657753700351337,0.38422506535990747,0.5365480180168365,0.42146843291502756,0.5419055415708965,0.38422506535990747,0.5362526707008394,0.42149960503023665,0.5353472682866413,0.5404164992930399,0.38422506535990747,0.5622502717523677,0.38431598130719324,0.5377696182205658,0.4215911861889445,0.5472914506480525,0.38422506535990747,0.5633086514951655,0.5444036349330643,0.38422506535990747,0.38422506535990747,0.5598963123835636,0.38422506535990747,0.38422506535990747,0.5487154824782092,0.38422506535990747,0.38422506535990747,0.38422506535990747,0.563181239230662,0.38422506535990747,0.38422506535990747,0.5404838868072583,0.38422506535990747,0.38422506535990747,0.4201559996395923,0.5351574545564065,0.38422506535990747,0.38422506535990747,0.5348589170080419,0.38422506535990747,0.3842946051590266,0.38422506535990747,0.5607297575227593,0.38422506535990747,0.38422506535990747,0.38422506535990747,0.5353317788524632,0.38422506535990747,0.38422506535990747,0.4210905506311766,0.5095234008098133,0.38422506535990747,0.38422506535990747,0.38422506535990747,0.5066150895378,0.4215346174757918,0.38422506535990747,0.5404436915686247,0.3842464455489823,0.3842950749778289,0.38422506535990747,0.5418295333869309,0.38422506535990747,0.4209178356361374,0.5455132219538911,0.38422506535990747,0.38422506535990747,0.38422506535990747,0.5377718227415056
0.010430732610205155,0.010430732610205155,0.09304911439081126,0.5965375025438207,0.24284357924210528,0.840942156363023,0.01152017001555514,0.036855938548865416,0.4190644015498337,0.3843650712762463,0.01475128349257527,0.41878944455982503,0.010430732610205155,0.010430732610205155,0.3802405212085206,0.4152848014231729,0.012760688559279466,0.3831830549406441,0.1689830420030575,0.3778205445371193,0.010430732610205155,0.4119954446372552,0.010430732610205155,0.3723524705979994,0.4326752452396557,0.010430732610205155,0.010430732610205155,0.3789665888874599,0.42102104651212374,0.010430732610205155,0.37807844415290703,0.17377033664658204,0.3800263076323221,0.010430732610205155,0.38053786635461667,0.010430732610205155,0.4170208174482187,0.3777883897715448,0.010430732610205155,0.17422943727841297,0.3781484368158761,0.37589126777963267,0.17234119804952358,0.37965043663369785,0.037540537450590834,0.37477567617561436,0.17377664825495626,0.010430732610205155,0.38914141843214956,0.41895882419370734,0.010430732610205155,0.3776677258076241,0.418326513452564,0.013558336779116371,0.38472517493302394,0.010430732610205155,0.4205238511372744,0.010430732610205155,0.3787584644204244,0.17469100055400452,0.38656388043593054,0.010430732610205155,0.37832598322270977,0.17476737408454687,0.37699872717517285,0.38440190503681626,0.010430732610205155,0.41558462723727346,0.013395793401365087,0.38054480200020857,0.17499159492880154,0.39433809817124005,0.010430732610205155,0.41707013567818246,0.3901784854304631,0.010430732610205155,0.010430732610205155,0.4122726679863067,0.010430732610205155,0.010430732610205155,0.3963820104219816,0.010430732610205155,0.010430732610205155,0.010430732610205155,0.41689142079350416,0.010430732610205155,0.010430732610205155,0.38449986803180974,0.010430732610205155,0.010430732610205155,0.17145009838801517,0.37672019235790966,0.010430732610205155,0.010430732610205155,0.3762819165855995,0.010430732610205155,0.012760688559279466,0.010430732610205155,0.413446580195784,0.010430732610205155,0.010430732610205155,0.010430732610205155,0.376976001471349,0.010430732610205155,0.010430732610205155,0.17376297281530512,0.3380983287630036,0.010430732610205155,0.010430732610205155,0.010430732610205155,0.33357320174538374,0.1748531239702249,0.010430732610205155,0.3844414365543825,0.011198762937951304,0.012774986259221178,0.010430732610205155,0.38645365783523705,0.010430732610205155,0.17333744739623577,0.3917790994009985,0.010430732610205155,0.010430732610205155,0.010430732610205155,0.3805480220840854
0.4186615387840388,0.4186615387840388,0.42858846007525725,0.7169787784097038,0.4826247695974655,0.9055937332748312,0.41868965586451395,0.42012803165657453,0.5876628879296839,0.5645355669121317,0.41878944455982503,0.5874760011888979,0.4186615387840388,0.4186615387840388,0.5618515219842571,0.5850987536271046,0.4187250676509382,0.5637648841574407,0.4507911780102577,0.5602835513889498,0.4186615387840388,0.582875790710471,0.4186615387840388,0.5567595486201609,0.596981320289475,0.4186615387840388,0.4186615387840388,0.5610254714288354,0.5889943897316845,0.4186615387840388,0.5604504092547853,0.4525701378751618,0.5617125220915122,0.4186615387840388,0.5620445303830706,0.4186615387840388,0.5862751919777734,0.5602627517235458,0.4186615387840388,0.45274294982040486,0.5604957036548548,0.5590371799514198,0.4520346585656645,0.5614687211222577,0.42018769006669676,0.5583179676304522,0.45257251104256685,0.4186615387840388,0.5676617911141684,0.5875911210905764,0.4186615387840388,0.5601847069582767,0.5871614736866573,0.4187497467098789,0.5647705928906908,0.4186615387840388,0.5886557849864278,0.4186615387840388,0.5608906519574048,0.45291707664572456,0.5659723553021048,0.4186615387840388,0.5606106185415762,0.45294592637354625,0.5597522334375682,0.5645596018588321,0.4186615387840388,0.5853017766928669,0.4187445964252832,0.5620490332604279,0.4530306861282027,0.5710846546092495,0.4186615387840388,0.5863086455974593,0.5683430932203377,0.4186615387840388,0.4186615387840388,0.5830628281072336,0.4186615387840388,0.4186615387840388,0.5724369428172804,0.4186615387840388,0.4186615387840388,0.4186615387840388,0.5861874279102544,0.4186615387840388,0.4186615387840388,0.5646235307563555,0.4186615387840388,0.4186615387840388,0.4517026714366604,0.559572290449346,0.4186615387840388,0.4186615387840388,0.5592892872100287,0.4186615387840388,0.4187250676509382,0.4186615387840388,0.5838554818371066,0.4186615387840388,0.4186615387840388,0.4186615387840388,0.5597375493097426,0.4186615387840388,0.4186615387840388,0.4525673691635435,0.5353178169862145,0.4186615387840388,0.4186615387840388,0.4186615387840388,0.5325722466820233,0.4529783306453939,0.4186615387840388,0.5645853984399865,0.41868107070937854,0.4187254968651784,0.4186615387840388,0.565900234443494,0.4186615387840388,0.4524075451727651,0.5693963628629467,0.4186615387840388,0.4186615387840388,0.4186615387840388,0.5620511238719578
0.0,0.0,0.09246264939345,0.596452271071287,0.24261985245526627,0.8408964152537145,0.004890207995644336,0.03534911760878152,0.41893658505249787,0.38422506535990747,0.010430732610205155,0.4186615387840388,0.0,0.0,0.38009892939432766,0.41515574827107626,0.0073508496429206096,0.3830425978062188,0.16866093946067168,0.37767800712742955,0.0,0.41186529840645386,0.0,0.37220775402196027,0.432551719571779,0.0,0.0,0.3788245007033333,0.4208938622770397,0.0,0.37793600805761735,0.17345713923127606,0.37988463257126837,0.0,0.380396389947802,0.0,0.4168923348409472,0.3776458397209244,0.0,0.17391706814444208,0.37800602819440127,0.37574796831913065,0.17202539401966768,0.3795086152900452,0.03606233310349566,0.37463193269645234,0.1734634622563316,0.0,0.3890032097079168,0.4188309734280333,0.0,0.3775251283026075,0.41819845712216525,0.00866188859293732,0.38458530596553686,0.0,0.4203965067467419,0.0,0.3786162948456175,0.17437945975593208,0.3864247070158017,0.0,0.37818364424965134,0.17445596992695359,0.3768558660501665,0.384261913139523,0.0,0.41545567293384517,0.008405182821173508,0.380403328283278,0.17468059123748475,0.39420179865978044,0.0,0.41694166921621556,0.3900406614952437,0.0,0.0,0.4121426144939305,0.0,0.0,0.3962464490710755,0.0,0.0,0.0,0.41676289580912557,0.0,0.0,0.38435991340731196,0.0,0.0,0.17113264707892586,0.37657722121624565,0.0,0.0,0.37613877202207274,0.0,0.0073508496429206096,0.0,0.4133169181470854,0.0,0.0,0.0,0.376833131375793,0.0,0.0,0.1734497620789574,0.33793844443930227,0.0,0.0,0.0,0.3334110911777351,0.1745418730862067,0.0,0.3843014597001134,0.004075795623735816,0.007375641744125907,0.0,0.3863144428942803,0.0,0.17302346496967852,0.3916418656259212,0.0,0.0,0.0,0.38040654961598447
0.0,0.0,0.09246264939345,0.596452271071287,0.24261985245526627,0.8408964152537145,0.004890207995644336,0.03534911760878152,0.41893658505249787,0.38422506535990747,0.010430732610205155,0.4186615387840388,0.0,0.0,0.38009892939432766,0.41515574827107626,0.0073508496429206096,0.3830425978062188,0.16866093946067168,0.37767800712742955,0.0,0.41186529840645386,0.0,0.37220775402196027,0.432551719571779,0.0,0.0,0.3788245007033333,0.4208938622770397,0.0,0.37793600805761735,0.17345713923127606,0.37988463257126837,0.0,0.380396389947802,0.0,0.4168923348409472,0.3776458397209244,0.0,0.17391706814444208,0.37800602819440127,0.37574796831913065,0.17202539401966768,0.3795086152900452,0.03606233310349566,0.37463193269645234,0.1734634622563316,0.0,0.3890032097079168,0.4188309734280333,0.0,0.3775251283026075,0.41819845712216525,0.00866188859293732,0.38458530596553686,0.0,0.4203965067467419,0.0,0.3786162948456175,0.17437945975593208,0.3864247070158017,0.0,0.37818364424965134,0.17445596992695359,0.3768558660501665,0.384261913139523,0.0,0.41545567293384517,0.008405182821173508,0.380403328283278,0.17468059123748475,0.39420179865978044,0.0,0.41694166921621556,0.3900406614952437,0.0,0.0,0.4121426144939305,0.0,0.0,0.3962464490710755,0.0,0.0,0.0,0.41676289580912557,0.0,0.0,0.38435991340731196,0.0,0.0,0.17113264707892586,0.37657722121624565,0.0,0.0,0.37613877202207274,0.0,0.0073508496429206096,0.0,0.4133169181470854,0.0,0.0,0.0,0.376833131375793,0.0,0.0,0.1734497620789574,0.33793844443930227,0.0,0.0,0.0,0.3334110911777351,0.1745418730862067,0.0,0.3843014597001134,0.004075795623735816,0.007375641744125907,0.0,0.3863144428942803,0.0,0.17302346496967852,0.3916418656259212,0.0,0.0,0.0,0.38040654961598447
0.38009892939432766,0.38009892939432766,0.3910620942331591,0.6978870831833103,0.4499683176491052,0.8954593828358705,0.38013005579989684,0.38172180130754335,0.5620490764027957,0.5375613422943224,0.3802405212085206,0.5618515219842571,0.38009892939432766,0.38009892939432766,0.5347137989123489,0.5593381401242983,0.38016925703352683,0.5367438403090498,0.4154091874766114,0.533049736796076,0.38009892939432766,0.5569871330067453,0.38009892939432766,0.5293081806669253,0.5718932317385388,0.38009892939432766,0.38009892939432766,0.5338371783354825,0.5634564375856501,0.38009892939432766,0.5332268408822454,0.4173505759909599,0.5345662979122405,0.38009892939432766,0.5349186059530046,0.38009892939432766,0.560582049850456,0.5330276595445288,0.38009892939432766,0.4175390974007459,0.5332749158243759,0.5317266740167312,0.4167663414092272,0.534307578162985,0.38178779657037115,0.5309630818190451,0.41735316497364466,0.38009892939432766,0.5408764527604197,0.5619732136331602,0.38009892939432766,0.5329448203248511,0.5615190296553259,0.38019657661333356,0.5378106259916582,0.38009892939432766,0.5630985654615301,0.38009892939432766,0.5336940940191286,0.417729040899305,0.5390851459991577,0.38009892939432766,0.5333968835114119,0.41776050997647374,0.5324857595659674,0.5375868357397696,0.38009892939432766,0.5595528213715328,0.38019087530480966,0.5349233840148171,0.4178529633515933,0.54450425969492,0.38009892939432766,0.5606174191780507,0.5415987016924382,0.38009892939432766,0.38009892939432766,0.5571849719484427,0.38009892939432766,0.38009892939432766,0.5459369891666684,0.38009892939432766,0.38009892939432766,0.38009892939432766,0.5604892592408223,0.38009892939432766,0.38009892939432766,0.5376546435180709,0.38009892939432766,0.38009892939432766,0.4164040678750228,0.5322947444571029,0.38009892939432766,0.38009892939432766,0.5319943160641188,0.38009892939432766,0.38016925703352683,0.38009892939432766,0.5580233445956487,0.38009892939432766,0.38009892939432766,0.38009892939432766,0.5324701721198077,0.38009892939432766,0.38009892939432766,0.4173475554904567,0.5064920500711224,0.38009892939432766,0.38009892939432766,0.38009892939432766,0.5035637472660959,0.4177958559207819,0.38009892939432766,0.5376141976102982,0.3801205518357562,0.3801697321741429,0.38009892939432766,0.5390086656651237,0.38009892939432766,0.417173191666197,0.5427151224808078,0.38009892939432766,0.38009892939432766,0.38009892939432766,0.5349256023887432
0.41515574827107626,0.41515574827107626,0.4251698451768879,0.7151993916266374,0.4796237269750122,0.9046534339642837,0.41518411763071966,0.41663535764861126,0.5852866034797841,0.5620368464247619,0.4152848014231729,0.5850987536271046,0.41515574827107626,0.41515574827107626,0.5593381401242983,0.582709219572757,0.41521984710325716,0.5612619640679015,0.4475548652510935,0.5577615581667111,0.41515574827107626,0.5804747073563487,0.41515574827107626,0.5542180740337764,0.5946525577903826,0.41515574827107626,0.41515574827107626,0.5585075571698666,0.586624955465823,0.41515574827107626,0.5579293340681567,0.4493477361487973,0.5591983782315002,0.41515574827107626,0.5595322061512004,0.41515574827107626,0.5838917464376879,0.557740644036019,0.41515574827107626,0.44952189426700245,0.5579748776057375,0.5565083168378215,0.4488080797543399,0.5589532400878765,0.4166955478656588,0.5557851302148514,0.4493501278089133,0.41515574827107626,0.5651800230374485,0.5852144668414615,0.41515574827107626,0.5576621697181384,0.584782604309679,0.41524474753359997,0.5622731514845264,0.41515574827107626,0.5862846106300819,0.41515574827107626,0.5583719970579855,0.4496973765860467,0.563481442460761,0.41515574827107626,0.5580904244409295,0.4497264508058668,0.55722731433273,0.5620610122115086,0.41515574827107626,0.5829132945197841,0.4152395510528874,0.5595367336967664,0.4498118699655003,0.5686212974671039,0.41515574827107626,0.5839253729555599,0.5658650021256487,0.41515574827107626,0.41515574827107626,0.5806627187638955,0.41515574827107626,0.41515574827107626,0.5699808169773468,0.41515574827107626,0.41515574827107626,0.41515574827107626,0.583803528717433,0.41515574827107626,0.41515574827107626,0.5621252890829291,0.41515574827107626,0.41515574827107626,0.4484734984952281,0.55704637952036,0.41515574827107626,0.41515574827107626,0.556761815470458,0.41515574827107626,0.41521984710325716,0.41515574827107626,0.5814594956585588,0.41515574827107626,0.41515574827107626,0.41515574827107626,0.557212549284975,0.41515574827107626,0.41515574827107626,0.4493449458620047,0.5326537564210413,0.41515574827107626,0.41515574827107626,0.41515574827107626,0.5298919523785977,0.4497591071988861,0.41515574827107626,0.5620869492137862,0.4151754554490017,0.41522028016775975,0.41515574827107626,0.5634089303602996,0.41515574827107626,0.4491838760461706,0.5669239440903976,0.41515574827107626,0.41515574827107626,0.41515574827107626,0.5595388357612419
0.0073508496429206096,0.0073508496429206096,0.09275437744666483,0.5964946027591845,0.2427309910417224,0.8409191332476904,0.008828880128825543,0.0361053328702633,0.4190000695699516,0.3842946051590266,0.012760688559279466,0.4187250676509382,0.0073508496429206096,0.0073508496429206096,0.38016925703352683,0.41521984710325716,0.010395671222925586,0.38311236176031266,0.16882098679091775,0.37774880452058157,0.0073508496429206096,0.41192994023351326,0.0073508496429206096,0.3722796339905329,0.4326130726183864,0.0073508496429206096,0.0073508496429206096,0.37889507492950253,0.4209570327159731,0.0073508496429206096,0.37800675511960724,0.17361275769125972,0.37995500156586137,0.0073508496429206096,0.3804666602549205,0.0073508496429206096,0.41695615025165655,0.37771664339386385,0.0073508496429206096,0.17407227468507522,0.37807676160790027,0.3758191442860055,0.17218230881577423,0.3795790569549743,0.036803896685148024,0.3747033292446888,0.17361907503857046,0.0073508496429206096,0.38907185670645184,0.41889447496842613,0.0073508496429206096,0.3775959555500409,0.41826206077773315,0.01136060312720259,0.3846547777316321,0.0073508496429206096,0.42045975674339525,0.0073508496429206096,0.3786869095051474,0.17453425435303677,0.38649383325061365,0.0073508496429206096,0.37825434306309186,0.17461069657104195,0.37692682425937246,0.3843314459743023,0.0073508496429206096,0.41551972266233084,0.011166113369101697,0.3804735972541154,0.17483511872514065,0.39426949721548277,0.0073508496429206096,0.4170054766066586,0.3901091173409308,0.0073508496429206096,0.0073508496429206096,0.4122072102524113,0.0073508496429206096,0.0073508496429206096,0.396313780931392,0.0073508496429206096,0.0073508496429206096,0.0073508496429206096,0.4168267322708896,0.0073508496429206096,0.0073508496429206096,0.3844294277258254,0.0073508496429206096,0.0073508496429206096,0.17129038112440442,0.3766482340798322,0.0073508496429206096,0.0073508496429206096,0.37620987103870335,0.0073508496429206096,0.010395671222925586,0.0073508496429206096,0.4133813194528594,0.0073508496429206096,0.0073508496429206096,0.0073508496429206096,0.3769040940414126,0.0073508496429206096,0.0073508496429206096,0.1736053871637597,0.3380178597790194,0.0073508496429206096,0.0073508496429206096,0.0073508496429206096,0.333491612562426,0.17469652350552498,0.0073508496429206096,0.3843709850618649,0.008405182821173508,0.010413216646042741,0.0073508496429206096,0.38638358975561937,0.0073508496429206096,0.1731794738327454,0.3917100282964528,0.0073508496429206096,0.0073508496429206096,0.0073508496429206096,0.38047681796642924
