0.0,0.419162188543458,0.6717657456597134,0.6010206549976631,0.8408964152537145,0.21645848080360666,0.04264778442685595,0.48063963159417594,0.48515523764388657,0.21546280126229606,0.4806104308733706,0.0,0.4798342515290479,0.21437280085876867,0.475535253771807,0.4837324655291589,0.21147319478283655,0.0,0.4765355259541632,0.47235159579787017,0.2116713858934437,0.469662735668865,0.0,0.54993338136758,0.0,0.47784974037816985,0.21547879987425375,0.48356053650499187,0.0,0.47720335587420887,0.2169178794104792,0.4793397546645925,0.48055040363156376,0.009206333998600262,0.5288687530476073,0.0,0.4767648346978659,0.21799268478489495,0.4768894077729646,0.47402866417557055,0.0,0.21541279804108826,0.48089784676020764,0.473099665480597,0.0,0.5431744819781118,0.0,0.48112582050293795,0.21376562078986616,0.47626763660661114,0.010553965553033114,0.5304717650320284,0.4858896626505289,0.0,0.5334212524445947,0.0,0.47830519405870603,0.0,0.5399855147015631,0.0,0.47746829847448524,0.010526799568169676,0.5283867679003035,0.0,0.4853493885975832,0.22089562715314232,0.4723670176802037,0.48093060395632403,0.2188477297016402,0.0,0.4985005486779711,0.47634073670424065,0.2180849254087389,0.4931642876703497,0.0,0.4707021477863851,0.21539879508603685,0.0,0.5013363446704141,0.0,0.0,0.0,0.0,0.5285988152890777,0.0,0.0,0.4855786313167183,0.0,0.010526799568169676,0.21443175101814993,0.47565644311508376,0.0,0.009237384114774481,0.4748374511585455,0.0,0.0,0.0,0.21400399913924553,0.47211530395844514,0.0,0.0,0.4755323136184497,0.0,0.21730361542260845,0.0,0.4254156334657397,0.0,0.0,0.4196557960112963,0.0,0.2186053637412362,0.0,0.4856695360811284,0.010553965553033114,0.0,0.0,0.48815730469563573,0.0,0.21680328544733574,0.495207721716884,0.0,0.0,0.0,0.4807080866475461,0.21981586549125182
0.419162188543458,0.5881561899512959,0.7752671967680947,0.7207220710910482,0.9057282926354611,0.47077531964643177,0.4212922856887486,0.6311618322357583,0.6344090296918854,0.470329208197937,0.6311408692192431,0.419162188543458,0.630583823101466,0.4698426732309341,0.6275044546573141,0.6333847394651118,0.4685577937544136,0.419162188543458,0.628220046591758,0.6252305637833927,0.46864518007198436,0.623314501603257,0.419162188543458,0.6820496912587187,0.419162188543458,0.6291610664460704,0.4703363636835325,0.6332610356730937,0.419162188543458,0.6286981162312011,0.47098169052128586,0.6302291035146393,0.6310977774738965,0.4192617056342828,0.6663598972304527,0.419162188543458,0.6283841709285234,0.471465839302821,0.6284733443509158,0.6264276876740039,0.419162188543458,0.4703068465908618,0.6313472232382226,0.6257643563019831,0.419162188543458,0.6769969292713618,0.419162188543458,0.6315109315211008,0.4695724859024176,0.6280283453238384,0.4192929676415985,0.6675477703300561,0.6349381774018484,0.419162188543458,0.6697361385981885,0.419162188543458,0.6294874060268982,0.419162188543458,0.6746188617710418,0.419162188543458,0.6288878444677133,0.4192922953664508,0.666002939660424,0.419162188543458,0.6345488865159947,0.47278271272429545,0.6252415650551476,0.6313707445140724,0.4718523191037585,0.419162188543458,0.6440673078856013,0.6280806517466246,0.4715074756810548,0.6401945460441086,0.419162188543458,0.6240546947000133,0.47030058514684137,0.419162188543458,0.6461310581042193,0.419162188543458,0.419162188543458,0.419162188543458,0.419162188543458,0.66615996991212,0.419162188543458,0.419162188543458,0.6347140471700523,0.419162188543458,0.4192922953664508,0.4698689371437034,0.6275911238370632,0.419162188543458,0.4192623779616021,0.6270055753883457,0.419162188543458,0.419162188543458,0.419162188543458,0.46967848986847793,0.6250620205848104,0.419162188543458,0.419162188543458,0.6275023520922575,0.419162188543458,0.47115523287357886,0.419162188543458,0.5924178274313384,0.419162188543458,0.419162188543458,0.5884915553153617,0.419162188543458,0.47174265101808505,0.419162188543458,0.6347795482150929,0.4192929676415985,0.419162188543458,0.419162188543458,0.6365737712691153,0.419162188543458,0.4709301808709676,0.6416758873236121,0.419162188543458,0.419162188543458,0.419162188543458,0.6312109774906249,0.47229132640233934
0.6717657456597134,0.7752671967680947,0.8974487964798964,0.8620628314295815,0.9747353646972481,0.7018445620640342,0.6729721952334929,0.803254022035689,0.8053799770784612,0.7015775612456914,0.803240301948228,0.6717657456597134,0.802875742452254,0.7012864951962057,0.8008612192184373,0.8047092225180493,0.7005184723378919,0.6717657456597134,0.8013292405152205,0.7993745127476526,0.7005706767348865,0.7981223628971306,0.6717657456597134,0.8366716243204193,0.6717657456597134,0.8019448100058651,0.7015818429648775,0.804628224353888,0.6717657456597134,0.8016419548584388,0.7019681145421053,0.8026436177225391,0.8032120990114047,0.6718220383174704,0.8263537003632804,0.6717657456597134,0.8014365936811263,0.7022580646127444,0.8014949233132181,0.8001571167156865,0.6717657456597134,0.7015641806325853,0.8033753611814359,0.7997234462218178,0.6717657456597134,0.8333486197345565,0.6717657456597134,0.8034825127218523,0.7011249155948531,0.8012038542257847,0.6718397233903023,0.8271347212334887,0.8057265401418667,0.6717657456597134,0.8285736721450799,0.6717657456597134,0.802158314512641,0.6717657456597134,0.8317846513975875,0.6717657456597134,0.801766068612149,0.6718393430735577,0.8261190116467286,0.6717657456597134,0.8054715723233962,0.7030473890606339,0.7993817037098987,0.8033907562784985,0.7024896168453072,0.6717657456597134,0.811710732280331,0.8012380658338255,0.7022830062388772,0.8091709925028602,0.6717657456597134,0.7986060136509494,0.701560433995572,0.6717657456597134,0.8130647432026371,0.6717657456597134,0.6717657456597134,0.6717657456597134,0.6717657456597134,0.8262222537045473,0.6717657456597134,0.6717657456597134,0.8055797427358075,0.6717657456597134,0.6718393430735577,0.7013022039641992,0.8009178998791634,0.6717657456597134,0.6718224186490199,0.8005349789517551,0.6717657456597134,0.6717657456597134,0.6717657456597134,0.7011883039951998,0.7992643470555069,0.6717657456597134,0.6717657456597134,0.8008598441781845,0.6717657456597134,0.7020720314781667,0.6717657456597134,0.7780234040187463,0.6717657456597134,0.6717657456597134,0.7754839321890779,0.6717657456597134,0.7024239026980081,0.6717657456597134,0.8056226429678786,0.6718397233903023,0.6717657456597134,0.6717657456597134,0.8067979827912118,0.6717657456597134,0.7019372739020481,0.81014226486966,0.6717657456597134,0.6717657456597134,0.6717657456597134,0.803286187351201,0.702752741809862
0.6010206549976631,0.7207220710910482,0.8620628314295815,0.8207743530067517,0.956444984095622,0.6360186341102122,0.6024294590585789,0.7529082053727371,0.7553539967788672,0.6357090049247845,0.7528924219940789,0.6010206549976631,0.7524730419421821,0.63537144954212,0.7501557047262809,0.754582303833668,0.6344806627150329,0.6010206549976631,0.7506940595384065,0.7484456425197208,0.6345412160470543,0.7470054456581179,0.6010206549976631,0.7914018903275759,0.6010206549976631,0.7514021514932769,0.6357139703775164,0.754489118443961,0.6010206549976631,0.7510537737925351,0.6361619069527766,0.7522060150904246,0.7528599777983352,0.6010863998784293,0.7795026410348135,0.6010206549976631,0.7508175470031078,0.6364981225163651,0.7508846433268139,0.7493458093619976,0.6010206549976631,0.6356934875785683,0.7530477925029173,0.7488469896665356,0.6010206549976631,0.7875677906072601,0.6010206549976631,0.7531710590294831,0.6351840538101514,0.7505498294013574,0.6011070542792802,0.7804028115753073,0.7557527227778078,0.6010206549976631,0.7820615022284604,0.6010206549976631,0.7516477508191268,0.6010206549976631,0.7857638995045442,0.6010206549976631,0.7511965427127087,0.601106610108324,0.7792321650147317,0.6010206549976631,0.7554593777790943,0.6374132969101484,0.7484539135937972,0.7530655028979054,0.6367666082098701,0.6010206549976631,0.7626388929918922,0.7505891824745355,0.6365270430173137,0.7597160355336359,0.6010206549976631,0.7475617235949579,0.6356891426384224,0.6010206549976631,0.7641973642055699,0.6010206549976631,0.6010206549976631,0.6010206549976631,0.6010206549976631,0.7793511493875063,0.6010206549976631,0.6010206549976631,0.755583829278706,0.6010206549976631,0.601106610108324,0.635389667830532,0.7502209027349418,0.6010206549976631,0.6010868440688003,0.7497804434599762,0.6010206549976631,0.6010206549976631,0.6010206549976631,0.6352575707177148,0.7483189297535219,0.6010206549976631,0.6010206549976631,0.7501541230618709,0.6010206549976631,0.6362824074776268,0.6010206549976631,0.7238918612735921,0.6010206549976631,0.6010206549976631,0.7209713362981053,0.6010206549976631,0.6366904136547895,0.6010206549976631,0.7556331867619939,0.6011070542792802,0.6010206549976631,0.6010206549976631,0.7569854803603367,0.6010206549976631,0.6361261441293508,0.760833765695256,0.6010206549976631,0.6010206549976631,0.6010206549976631,0.7529452078984743,0.6370716877158948
0.8408964152537145,0.9057282926354611,0.9747353646972481,0.956444984095622,1.0,0.8599192785732597,0.8416600983113144,0.9226763547685544,0.923945851762581,0.8597507016191208,0.9226681527286802,0.8408964152537145,0.9224501717287185,0.859566921999671,0.9212441561554098,0.9235456237918038,0.8590819488711882,0.8408964152537145,0.9215245626014374,0.9203525501270596,0.8591149155973964,0.9196005955962167,0.8408964152537145,0.9422541179760886,0.8408964152537145,0.9218931673806724,0.8597534050378984,0.9234972742434056,0.8408964152537145,0.9217118456903736,0.8599972836438663,0.9223113345746133,0.9226512922930921,0.840932048743075,0.9363029391604106,0.8408964152537145,0.9215888625866983,0.8601803377201227,0.9216237966228802,0.9208220572605549,0.8408964152537145,0.8597422532710678,0.9227488877339348,0.9205619305989926,0.8408964152537145,0.9403477622689256,0.8408964152537145,0.9228129321498977,0.8594648965381484,0.9214494526887985,0.8409432434650786,0.9367566311437087,0.9241525278312944,0.8408964152537145,0.9375911791809988,0.8408964152537145,0.9220209604712434,0.8408964152537145,0.9394470794656703,0.8408964152537145,0.9217861603109452,0.8409430027230728,0.9361665109254397,0.8408964152537145,0.9240004828899294,0.8606786155469551,0.9203568658533433,0.9227580898145931,0.8603265170154092,0.8408964152537145,0.9277088377700511,0.9214699473493385,0.8601960836867618,0.9262024230576035,0.8408964152537145,0.9198911519118672,0.8597398876889816,0.8408964152537145,0.9285101440292963,0.8408964152537145,0.8408964152537145,0.8408964152537145,0.8408964152537145,0.936226532739531,0.8408964152537145,0.8408964152537145,0.9240649932215779,0.8408964152537145,0.8409430027230728,0.8595768407696941,0.9212781223898331,0.8408964152537145,0.8409322894944888,0.9210486170313162,0.8408964152537145,0.8408964152537145,0.8408964152537145,0.8595049219062733,0.9202864292831876,0.8408964152537145,0.8408964152537145,0.9212433321300003,0.8408964152537145,0.8600628905215022,0.8408964152537145,0.9074147157055497,0.8408964152537145,0.8408964152537145,0.9058610264872281,0.8408964152537145,0.8602850321580318,0.8408964152537145,0.9240905758562364,0.8409432434650786,0.8408964152537145,0.8408964152537145,0.9247910044720106,0.8408964152537145,0.8599778125045863,0.9267790373546031,0.8408964152537145,0.8408964152537145,0.8408964152537145,0.922695583137887,0.8604926211657957
0.21645848080360666,0.47077531964643177,0.7018445620640342,0.6360186341102122,0.8599192785732597,0.30595037349915966,0.22061512270742017,0.5256877601466091,0.5297687974971991,0.305249060564793,0.525661388204183,0.21645848080360666,0.5249604886560255,0.30448316474153975,0.5210815633123067,0.5284823365204592,0.30245527577394693,0.21645848080360666,0.5219836185727679,0.5182124622583619,0.30259343873856415,0.5157916196864386,0.21645848080360666,0.5888588890549361,0.21645848080360666,0.5231692309032142,0.30526031654512,0.5283269173703768,0.21645848080360666,0.5225860358270918,0.306274495183022,0.5245140410933773,0.5256071767735743,0.21665395736992069,0.5695429236161426,0.21645848080360666,0.5221904524055122,0.30703413556747633,0.5223028222635069,0.5197234578400409,0.21645848080360666,0.3052138829971849,0.525920971571376,0.5188863509083885,0.21645848080360666,0.5826517487214435,0.21645848080360666,0.5261268855840333,0.30405737081230505,0.521742004801579,0.21671533743267615,0.5710097690575965,0.5304330776878816,0.21645848080360666,0.5737100944083627,0.21645848080360666,0.5235802324407509,0.21645848080360666,0.5797260959248224,0.21645848080360666,0.5228250635295236,0.21671401761504194,0.5691019846937062,0.21645848080360666,0.5299443907366258,0.30909505086499284,0.5182263531770281,0.525950558136795,0.3076397771411013,0.21645848080360666,0.541861961910756,0.5218079329045228,0.3070994148438659,0.5370207669138988,0.21645848080360666,0.5167271687480289,0.30520403256428197,0.21645848080360666,0.5444376142413866,0.21645848080360666,0.21645848080360666,0.21645848080360666,0.21645848080360666,0.5692959679942161,0.21645848080360666,0.21645848080360666,0.5301517348535515,0.21645848080360666,0.21671401761504194,0.3045245366858879,0.521190837537961,0.21645848080360666,0.21665527755503236,0.5204524509010218,0.21645848080360666,0.21645848080360666,0.21645848080360666,0.30422446478428855,0.5179996364806093,0.21645848080360666,0.21645848080360666,0.5210789122827753,0.21645848080360666,0.3065469082816778,0.21645848080360666,0.4762985104387032,0.21645848080360666,0.21645848080360666,0.4712107035187716,0.21645848080360666,0.30746798713771295,0.21645848080360666,0.5302339598545084,0.21671533743267615,0.21645848080360666,0.21645848080360666,0.5324850658883625,0.21645848080360666,0.3061936132528383,0.5388737575858691,0.21645848080360666,0.21645848080360666,0.21645848080360666,0.5257495846588047,0.30832692654874577
0.04264778442685595,0.4212922856887486,0.6729721952334929,0.6024294590585789,0.8416600983113144,0.22061512270742017,0.06031302526021248,0.48247663983986067,0.48697325155762233,0.21963837191039812,0.4824475629164631,0.04264778442685595,0.4816746788279624,0.2185692879020875,0.4773940955376043,0.4855564322873267,0.21572633577947115,0.04264778442685595,0.47839005820966884,0.47422425620181663,0.2159206068670031,0.47154719039103904,0.04264778442685595,0.5515069229343887,0.04264778442685595,0.47969863362675774,0.21965406504016968,0.48538522458204647,0.04264778442685595,0.4790550193559782,0.22106584429196702,0.48118228599759033,0.48238779020160705,0.04363014961565365,0.5305166664568445,0.04264778442685595,0.47861838115808525,0.22212048690397393,0.4787424190293432,0.4758940257469311,0.04264778442685595,0.21958932374765244,0.48273376084118236,0.4749690647786701,0.04264778442685595,0.5447714187182289,0.04264778442685595,0.48296076938044297,0.21797384847202325,0.47812332152607295,0.04393426350700196,0.5321138631451802,0.48770461508019936,0.04264778442685595,0.5350527201931908,0.04264778442685595,0.48015213912890187,0.04264778442685595,0.5415936392768131,0.04264778442685595,0.4793188257204124,0.04392774557545303,0.5300364350910626,0.04264778442685595,0.4871665924367694,0.22496991875376227,0.47423961076639615,0.4827663793016638,0.22295962821226312,0.04264778442685595,0.5002640950952547,0.47819610698321435,0.2222110060835425,0.4949493231417799,0.04264778442685595,0.4725820297223864,0.2195755883248813,0.04264778442685595,0.503088622934009,0.04264778442685595,0.04264778442685595,0.04264778442685595,0.04264778442685595,0.5302477106094154,0.04264778442685595,0.04264778442685595,0.4873948793567731,0.04264778442685595,0.04392774557545303,0.21862710159809903,0.47751476194396036,0.04264778442685595,0.04363671199879811,0.47669930834595875,0.04264778442685595,0.04264778442685595,0.04264778442685595,0.2182076097928066,0.4739889962606128,0.04264778442685595,0.04264778442685595,0.47739116807391724,0.04264778442685595,0.221444321957436,0.04264778442685595,0.42751252738557405,0.04264778442685595,0.04264778442685595,0.42178324000472456,0.04264778442685595,0.22272175799654753,0.04264778442685595,0.48748540531230783,0.04393426350700196,0.04264778442685595,0.04264778442685595,0.4899628525472883,0.04264778442685595,0.2209534114323808,0.49698448366653103,0.04264778442685595,0.04264778442685595,0.04264778442685595,0.48254480472508593,0.22390990115209042
0.48063963159417594,0.6311618322357583,0.803254022035689,0.7529082053727371,0.9226763547685544,0.5256877601466091,0.48247663983986067,0.6704708612759331,0.6734484051103263,0.5252940485562007,0.6704516428675202,0.48063963159417594,0.6699409739393677,0.524864739270723,0.6671186152429933,0.6725090485861968,0.5237313773966804,0.48063963159417594,0.6677743857606894,0.6650352103758077,0.5238084407416839,0.663280132247723,0.48063963159417594,0.7172467044364429,0.48063963159417594,0.6686368286695594,0.5253003630273727,0.6723956100269346,0.48063963159417594,0.6682125230027959,0.5258699138877932,0.6696158049265297,0.6704121375072126,0.48072540870669794,0.7028017057159727,0.48063963159417594,0.6679247980947918,0.5262973059469523,0.6680065226933549,0.6661319746967576,0.48063963159417594,0.5252743153162233,0.6706408255976342,0.6655242321759792,0.48063963159417594,0.7125929763279762,0.48063963159417594,0.6707909146481592,0.5246263661653137,0.6675987043729027,0.480752355432434,0.7038947190525082,0.6739337208483883,0.48063963159417594,0.7059086102017091,0.48063963159417594,0.6689359419038481,0.48063963159417594,0.7104032950437513,0.48063963159417594,0.6683864108027827,0.48075177595063767,0.7024732747961249,0.48063963159417594,0.6735766739370407,0.5274602050701642,0.6650452886000003,0.6706623899054441,0.5266385359872044,0.48063963159417594,0.6823112776703277,0.6676466392904936,0.5263340650223274,0.6787562975926519,0.48063963159417594,0.6639580837915313,0.5252687898684917,0.48063963159417594,0.6842062951836969,0.48063963159417594,0.48063963159417594,0.48063963159417594,0.48063963159417594,0.7026177545940113,0.48063963159417594,0.48063963159417594,0.6737281527489789,0.48063963159417594,0.48075177595063767,0.5248879119782592,0.6671980359824119,0.48063963159417594,0.48072598822385915,0.6666614758851097,0.48063963159417594,0.48063963159417594,0.48063963159417594,0.524719885303843,0.6648808103658229,0.48063963159417594,0.48063963159417594,0.6671166885334542,0.48063963159417594,0.5260231027022997,0.48063963159417594,0.6350454935872121,0.48063963159417594,0.48063963159417594,0.6314673495870918,0.48063963159417594,0.5265417028854321,0.48063963159417594,0.6737882285325405,0.480752355432434,0.48063963159417594,0.48063963159417594,0.6754340209690006,0.48063963159417594,0.5258244474117061,0.680115907652248,0.48063963159417594,0.48063963159417594,0.48063963159417594,0.670515916701175,0.5270262049890064
0.48515523764388657,0.6344090296918854,0.8053799770784612,0.7553539967788672,0.923945851762581,0.5297687974971991,0.48697325155762233,0.6734484051103263,0.6764060990182268,0.529378628599311,0.6734293150500548,0.48515523764388657,0.6729220576559596,0.5289531869406386,0.6701185919782722,0.6754729972436633,0.5278300587294865,0.48515523764388657,0.6707699669061141,0.668049175885316,0.5279064251601684,0.6663059106305246,0.48515523764388657,0.7199190751102628,0.48515523764388657,0.6716266343092868,0.5293848862197094,0.6753603144854405,0.48515523764388657,0.67120516931947,0.5299493135522301,0.6725990620343482,0.6733900735314693,0.48524012516844767,0.705567004020953,0.48515523764388657,0.6709193715366059,0.5303728664558925,0.6710005486905698,0.6691385715650126,0.48515523764388657,0.5293590730293806,0.6736172344715382,0.6685349109227366,0.48515523764388657,0.7152951856154804,0.48515523764388657,0.6737663214732713,0.5287169634130531,0.6705954627510023,0.48526679248589627,0.7066529519495669,0.6768881859348405,0.48515523764388657,0.7086538405452408,0.48515523764388657,0.6719237458996726,0.48515523764388657,0.71311957518238,0.48515523764388657,0.6713778927825936,0.48526621901242467,0.7052406973135849,0.48515523764388657,0.6765335142917291,0.5315253435155003,0.6680591863523045,0.673638654797171,0.5307110347179358,0.48515523764388657,0.6852102829317749,0.6706430764336899,0.530409295555422,0.681678774564453,0.48515523764388657,0.6669792959608699,0.5293535973323522,0.48515523764388657,0.687092824622822,0.48515523764388657,0.48515523764388657,0.48515523764388657,0.48515523764388657,0.7053842425828574,0.48515523764388657,0.48515523764388657,0.6766839852651881,0.48515523764388657,0.48526621901242467,0.5289761507630918,0.6701974801756345,0.48515523764388657,0.48524069867637276,0.6696645189100275,0.48515523764388657,0.48515523764388657,0.48515523764388657,0.5288096390460044,0.6678958140345922,0.48515523764388657,0.48515523764388657,0.6701166781886022,0.48515523764388657,0.5301011257639121,0.48515523764388657,0.6382653359939151,0.48515523764388657,0.48515523764388657,0.6347123887154832,0.48515523764388657,0.5306150701703762,0.48515523764388657,0.6767436613937142,0.48526679248589627,0.48515523764388657,0.48515523764388657,0.678378515907636,0.48515523764388657,0.5299042557697579,0.6830293972261305,0.48515523764388657,0.48515523764388657,0.48515523764388657,0.6734931596491811,0.5310952289146755
0.21546280126229606,0.470329208197937,0.7015775612456914,0.6357090049247845,0.8597507016191208,0.305249060564793,0.21963837191039812,0.5252940485562007,0.529378628599311,0.3045461042874889,0.5252676535822034,0.21546280126229606,0.5245661412542205,0.30377840533470285,0.5206838014454975,0.5280910554282369,0.3017456990346817,0.21546280126229606,0.5215866542887683,0.517812149090978,0.3018841922161839,0.5153891364271903,0.21546280126229606,0.5885158850040576,0.21546280126229606,0.5227733116427788,0.304557386701534,0.5279355016296221,0.21546280126229606,0.522189602989631,0.30557393925746706,0.5241193027091353,0.5252133948011535,0.21565918427796243,0.5691852666317435,0.21546280126229606,0.5217936706964271,0.30633534771545684,0.5219061396973119,0.5193244910626899,0.21546280126229606,0.30451084409605567,0.5255274635748636,0.518486638980503,0.21546280126229606,0.5823041069947343,0.21546280126229606,0.525733557234248,0.3033516051279274,0.5213448270984525,0.21572084863029584,0.5706532483242756,0.5300434814583065,0.21546280126229606,0.5733556549242603,0.21546280126229606,0.5231846745822674,0.21546280126229606,0.5793762455600675,0.21546280126229606,0.522428841294467,0.21571952270145137,0.5687439853557503,0.21546280126229606,0.5295543733230283,0.30840101706247414,0.5178260524154881,0.5255570759593741,0.3069423928164038,0.21546280126229606,0.5414820501811796,0.5214108134515034,0.3064007785315172,0.536636791054764,0.21546280126229606,0.5163255260408351,0.30450097052346775,0.21546280126229606,0.5440598426306662,0.21546280126229606,0.21546280126229606,0.21546280126229606,0.21546280126229606,0.5689381193139852,0.21546280126229606,0.21546280126229606,0.5297618962163049,0.21546280126229606,0.21571952270145137,0.3038198749065668,0.5207931724048588,0.21546280126229606,0.21566051057937558,0.52005413150007,0.21546280126229606,0.21546280126229606,0.21546280126229606,0.3035190943209884,0.5175991331749513,0.21546280126229606,0.21546280126229606,0.5206811480687784,0.21546280126229606,0.30584698738602467,0.21546280126229606,0.4758581209337497,0.21546280126229606,0.21546280126229606,0.4707650472777675,0.21546280126229606,0.3067702052517336,0.21546280126229606,0.5298441920835627,0.21572084863029584,0.21546280126229606,0.21546280126229606,0.5320972317209162,0.21546280126229606,0.30549286856854163,0.5384913437856452,0.21546280126229606,0.21546280126229606,0.21546280126229606,0.5253559270549436,0.30763112811796917
0.4806104308733706,0.6311408692192431,0.803240301948228,0.7528924219940789,0.9226681527286802,0.525661388204183,0.4824475629164631,0.6704516428675202,0.6734293150500548,0.5252676535822034,0.6704324236291848,0.4806104308733706,0.6699217326412702,0.5248383191521787,0.6670992517728175,0.672489918084279,0.5237048907434984,0.4806104308733706,0.6677550507155136,0.6650157564409303,0.5237819586196459,0.6632606019155739,0.4806104308733706,0.7172294581796028,0.4806104308733706,0.6686175309721302,0.5252739684229744,0.6723764746381281,0.4806104308733706,0.668193206936022,0.5258435525920517,0.6695965495746281,0.6703929165628267,0.48069621378419713,0.702783859159739,0.4806104308733706,0.6679054695660707,0.5262709696093764,0.6679871977047489,0.666112568415154,0.4806104308733706,0.5252479191871543,0.6706216145280655,0.6655047994968938,0.4806104308733706,0.712575537339447,0.4806104308733706,0.6707717100579779,0.5245999320715105,0.6675793617149554,0.4807231623311004,0.703876918144824,0.6739146516644748,0.4806104308733706,0.7058908932985362,0.4806104308733706,0.6689166571499984,0.4806104308733706,0.7103857651626564,0.4806104308733706,0.6683671022652625,0.48072258281014224,0.7024554145154412,0.4806104308733706,0.6735575893955527,0.5274339364831839,0.6650258351033177,0.6706431797668859,0.5266122195537121,0.4806104308733706,0.6822925670275476,0.6676272987098689,0.5263077308298832,0.6787374352175862,0.4806104308733706,0.6639385829908436,0.5252423934159823,0.4806104308733706,0.6841876651849336,0.4806104308733706,0.4806104308733706,0.4806104308733706,0.4806104308733706,0.7025999003512919,0.4806104308733706,0.4806104308733706,0.6737090747238061,0.4806104308733706,0.48072258281014224,0.5248614932177507,0.6671786759560574,0.4806104308733706,0.48069679334052623,0.666642092585832,0.4806104308733706,0.4806104308733706,0.4806104308733706,0.5246934566940249,0.6648613497170165,0.4806104308733706,0.4806104308733706,0.6670973249797285,0.4806104308733706,0.5259967503558495,0.4806104308733706,0.6350247076448342,0.4806104308733706,0.4806104308733706,0.6314464005426007,0.4806104308733706,0.5265153808056562,0.4806104308733706,0.6737691530913837,0.4807231623311004,0.4806104308733706,0.4806104308733706,0.6754150162466656,0.4806104308733706,0.5257980834590349,0.6800971033776313,0.4806104308733706,0.4806104308733706,0.4806104308733706,0.6704967002383472,0.5269999111441941
0.0,0.419162188543458,0.6717657456597134,0.6010206549976631,0.8408964152537145,0.21645848080360666,0.04264778442685595,0.48063963159417594,0.48515523764388657,0.21546280126229606,0.4806104308733706,0.0,0.4798342515290479,0.21437280085876867,0.475535253771807,0.4837324655291589,0.21147319478283655,0.0,0.4765355259541632,0.47235159579787017,0.2116713858934437,0.469662735668865,0.0,0.54993338136758,0.0,0.47784974037816985,0.21547879987425375,0.48356053650499187,0.0,0.47720335587420887,0.2169178794104792,0.4793397546645925,0.48055040363156376,0.009206333998600262,0.5288687530476073,0.0,0.4767648346978659,0.21799268478489495,0.4768894077729646,0.47402866417557055,0.0,0.21541279804108826,0.48089784676020764,0.473099665480597,0.0,0.5431744819781118,0.0,0.48112582050293795,0.21376562078986616,0.47626763660661114,0.010553965553033114,0.5304717650320284,0.4858896626505289,0.0,0.5334212524445947,0.0,0.47830519405870603,0.0,0.5399855147015631,0.0,0.47746829847448524,0.010526799568169676,0.5283867679003035,0.0,0.4853493885975832,0.22089562715314232,0.4723670176802037,0.48093060395632403,0.2188477297016402,0.0,0.4985005486779711,0.47634073670424065,0.2180849254087389,0.4931642876703497,0.0,0.4707021477863851,0.21539879508603685,0.0,0.5013363446704141,0.0,0.0,0.0,0.0,0.5285988152890777,0.0,0.0,0.4855786313167183,0.0,0.010526799568169676,0.21443175101814993,0.47565644311508376,0.0,0.009237384114774481,0.4748374511585455,0.0,0.0,0.0,0.21400399913924553,0.47211530395844514,0.0,0.0,0.4755323136184497,0.0,0.21730361542260845,0.0,0.4254156334657397,0.0,0.0,0.4196557960112963,0.0,0.2186053637412362,0.0,0.4856695360811284,0.010553965553033114,0.0,0.0,0.48815730469563573,0.0,0.21680328544733574,0.495207721716884,0.0,0.0,0.0,0.4807080866475461,0.21981586549125182
0.4798342515290479,0.630583823101466,0.802875742452254,0.7524730419421821,0.9224501717287185,0.5249604886560255,0.4816746788279624,0.6699409739393677,0.6729220576559596,0.5245661412542205,0.6699217326412702,0.4798342515290479,0.6694104552930212,0.5241361378238429,0.6665847269991372,0.6719815857436656,0.5230009391698683,0.4798342515290479,0.6672412815035716,0.6644988270192211,0.5230781276039088,0.6627416417541296,0.4798342515290479,0.7167712045849594,0.4798342515290479,0.6681047544928295,0.5245724659285895,0.6718680124027766,0.4798342515290479,0.6676799421855284,0.5251429363096919,0.6690848986679697,0.6698821802272278,0.47992018878148207,0.7023096520790522,0.4798342515290479,0.667391873566945,0.5255710173623733,0.6674736958047898,0.6655969056712002,0.4798342515290479,0.5245463761271854,0.6701111406700044,0.6649884350789369,0.4798342515290479,0.7121121618318178,0.4798342515290479,0.670261408425087,0.523897378913776,0.6670653901490228,0.4799471858049158,0.7034039242477083,0.6734079491660209,0.4798342515290479,0.7054201319419182,0.4798342515290479,0.6684042247203162,0.4798342515290479,0.7099199741197622,0.4798342515290479,0.6678540376481961,0.4799466052415318,0.7019808426843543,0.4798342515290479,0.6730504786913866,0.5267357867911504,0.6645089173293522,0.6701327306555293,0.5259127968716248,0.4798342515290479,0.6817953943916643,0.6671133823609707,0.5256078356559974,0.6782362296505297,0.4798342515290479,0.6634204078164612,0.5245408417505162,0.4798342515290479,0.6836926359803988,0.4798342515290479,0.4798342515290479,0.4798342515290479,0.4798342515290479,0.7021254889893475,0.4798342515290479,0.4798342515290479,0.6732021372239686,0.4798342515290479,0.4799466052415318,0.5241593480216263,0.6666642427223338,0.4798342515290479,0.4799207693803973,0.666127040735601,0.4798342515290479,0.4798342515290479,0.4798342515290479,0.5239910494447301,0.6643442418309627,0.4798342515290479,0.4798342515290479,0.6665827979852175,0.4798342515290479,0.5252963721780626,0.4798342515290479,0.634472369152311,0.4798342515290479,0.4798342515290479,0.6308897258834077,0.4798342515290479,0.5258158078996027,0.4798342515290479,0.6732622842749273,0.4799471858049158,0.4798342515290479,0.4798342515290479,0.6749100271353066,0.4798342515290479,0.5250973964864232,0.6795974420849901,0.4798342515290479,0.4798342515290479,0.4798342515290479,0.6699860830248149,0.5263010894509862
0.21437280085876867,0.4698426732309341,0.7012864951962057,0.63537144954212,0.859566921999671,0.30448316474153975,0.2185692879020875,0.524864739270723,0.5289531869406386,0.30377840533470285,0.5248383191521787,0.21437280085876867,0.5241361378238429,0.3030087278586946,0.5202500701949014,0.5276643995826296,0.30097073527175144,0.21437280085876867,0.5211537938310292,0.5173756323002618,0.3011095908328249,0.5149502502371698,0.21437280085876867,0.5881419193725594,0.21437280085876867,0.522341592118657,0.30378971675316974,0.5275086987866033,0.21437280085876867,0.5217573227552483,0.3048088740284003,0.5236888724224293,0.524784008676614,0.21457018577036652,0.568795311535662,0.21437280085876867,0.5213610095709681,0.30557222237575676,0.5214735868142429,0.5188894442871587,0.21437280085876867,0.30374305448409034,0.5250983765612139,0.5180507786378676,0.21437280085876867,0.5819250809393769,0.21437280085876867,0.5253046663478721,0.3025808234597433,0.5209117336326797,0.21463216434169022,0.5702645332083749,0.5296186649776966,0.21437280085876867,0.5729692110170324,0.21437280085876867,0.5227533496254959,0.21437280085876867,0.5789948094519921,0.21437280085876867,0.5219967909908182,0.21463083165828978,0.5683536566494626,0.21437280085876867,0.5291290970391241,0.3076431074061624,0.5173895491698256,0.52512801713345,0.30618080734411385,0.21437280085876867,0.5410678055715847,0.5209777835824463,0.3056378194543476,0.536218110072042,0.21437280085876867,0.5158875576089429,0.30373315552140295,0.21437280085876867,0.5436479340756011,0.21437280085876867,0.21437280085876867,0.21437280085876867,0.21437280085876867,0.5685479550205409,0.21437280085876867,0.21437280085876867,0.5293368151014185,0.21437280085876867,0.21463083165828978,0.30305030455637594,0.5203595467675897,0.21437280085876867,0.21457151883201855,0.5196197915343909,0.21437280085876867,0.21437280085876867,0.21437280085876867,0.3027487463331508,0.5171624087855992,0.21437280085876867,0.21437280085876867,0.5202474142555344,0.21437280085876867,0.3050826189052076,0.21437280085876867,0.4753778367478507,0.21437280085876867,0.21437280085876867,0.4702790096071974,0.21437280085876867,0.3060081836031624,0.21437280085876867,0.5294191883328582,0.21463216434169022,0.21437280085876867,0.21437280085876867,0.5316743388451124,0.21437280085876867,0.3047275962335721,0.5380743679591762,0.21437280085876867,0.21437280085876867,0.21437280085876867,0.524926676708852,0.30687128254153606
0.475535253771807,0.6275044546573141,0.8008612192184373,0.7501557047262809,0.9212441561554098,0.5210815633123067,0.4773940955376043,0.6671186152429933,0.6701185919782722,0.5206838014454975,0.6670992517728175,0.475535253771807,0.6665847269991372,0.5202500701949014,0.6637410126591758,0.6691721672115832,0.5191050068861477,0.475535253771807,0.6644017520218294,0.6616417934068777,0.519182867147287,0.6598733592719762,0.475535253771807,0.7142389435464136,0.475535253771807,0.6652707233697246,0.5206901809141874,0.6690578745264448,0.475535253771807,0.664843206736859,0.521265589322383,0.6662571014783982,0.6670594482125604,0.4756220535680784,0.6996891339606939,0.475535253771807,0.6645533034537641,0.5216973703132156,0.6646356468739634,0.662746888254454,0.475535253771807,0.5206638650749768,0.6672898623139603,0.6621345310816866,0.475535253771807,0.7095515691553888,0.475535253771807,0.6674410838846709,0.520009239327573,0.664224739889819,0.4756493215032786,0.7007901187995043,0.6706075563323236,0.475535253771807,0.7028186788674915,0.475535253771807,0.6655720991201771,0.475535253771807,0.7073460188591468,0.475535253771807,0.665018410657302,0.4756487351142885,0.6993583063264907,0.475535253771807,0.6702478253424039,0.5228721829350415,0.6616519482355586,0.667311589351688,0.5220421004391748,0.475535253771807,0.679047768195648,0.6642730379327898,0.5217345066082254,0.675466274776947,0.475535253771807,0.6605564736828271,0.5206582827470816,0.475535253771807,0.6809568761505496,0.475535253771807,0.475535253771807,0.475535253771807,0.475535253771807,0.69950384054264,0.475535253771807,0.475535253771807,0.6704004430291959,0.475535253771807,0.4756487351142885,0.5202734817318644,0.6638210354026272,0.475535253771807,0.4756226399935067,0.6632804070073685,0.475535253771807,0.475535253771807,0.475535253771807,0.5201037229123916,0.6614862196760987,0.475535253771807,0.475535253771807,0.6637390713445337,0.475535253771807,0.5214203518960053,0.475535253771807,0.6314191043638265,0.475535253771807,0.475535253771807,0.6278124172969416,0.475535253771807,0.5219442744588899,0.475535253771807,0.6704609704271555,0.4756493215032786,0.475535253771807,0.475535253771807,0.6721191222413024,0.475535253771807,0.5212196556147483,0.6768360374933087,0.475535253771807,0.475535253771807,0.475535253771807,0.6671640107357233,0.5224337415229703
0.4837324655291589,0.6333847394651118,0.8047092225180493,0.754582303833668,0.9235456237918038,0.5284823365204592,0.4855564322873267,0.6725090485861968,0.6754729972436633,0.5280910554282369,0.672489918084279,0.4837324655291589,0.6719815857436656,0.5276643995826296,0.6691721672115832,0.6745379245493098,0.5265380587449613,0.4837324655291589,0.6698249270841495,0.6670983437036098,0.5266146439520534,0.6653513567233044,0.4837324655291589,0.7190759148349152,0.4837324655291589,0.6706834142357598,0.5280973308962699,0.6744250036346136,0.4837324655291589,0.6702610542008163,0.5286633667164962,0.671657905309445,0.6724505934309652,0.4838176318408154,0.704694543403245,0.4837324655291589,0.6699746492201865,0.5290881249110155,0.6700559988624345,0.6681900609851232,0.4837324655291589,0.5280714440809005,0.6726782355665291,0.6675851142794833,0.4837324655291589,0.7144426164276254,0.4837324655291589,0.6728276383086367,0.5274275012332362,0.6696500520096748,0.48384438672197033,0.7057827188424703,0.6759561015998311,0.4837324655291589,0.7077877068533284,0.4837324655291589,0.6709811565115532,0.4837324655291589,0.7122625693114424,0.4837324655291589,0.6704341445242559,0.4838438113655499,0.7043675670031656,0.4837324655291589,0.6756006814809439,0.5302438740348846,0.6671083755183144,0.6726997012601457,0.5294272544215499,0.4837324655291589,0.684295676011268,0.6696977669060886,0.529124657606263,0.6807567705366215,0.4837324655291589,0.666026180655585,0.5280659527652354,0.4837324655291589,0.6861821496427915,0.4837324655291589,0.4837324655291589,0.4837324655291589,0.4837324655291589,0.7045114068974284,0.4837324655291589,0.4837324655291589,0.6757514700359226,0.4837324655291589,0.4838438113655499,0.5276874289811467,0.6692512231992586,0.4837324655291589,0.4838182072319726,0.6687171280390746,0.4837324655291589,0.4837324655291589,0.4837324655291589,0.5275204416691239,0.6669446547689165,0.4837324655291589,0.4837324655291589,0.6691702493511977,0.4837324655291589,0.5288156111062732,0.4837324655291589,0.637249658832481,0.4837324655291589,0.4837324655291589,0.6336887780382422,0.4837324655291589,0.5293310171893276,0.4837324655291589,0.6758112721005954,0.48384438672197033,0.4837324655291589,0.4837324655291589,0.6774495733391368,0.4837324655291589,0.5286181806269947,0.6821102255216375,0.4837324655291589,0.4837324655291589,0.4837324655291589,0.6725538979324074,0.5298125395507464
0.21147319478283655,0.4685577937544136,0.7005184723378919,0.6344806627150329,0.8590819488711882,0.30245527577394693,0.21572633577947115,0.5237313773966804,0.5278300587294865,0.3017456990346817,0.5237048907434984,0.21147319478283655,0.5230009391698683,0.30097073527175144,0.5191050068861477,0.5265380587449613,0.2989186167252337,0.21147319478283655,0.5200110349055254,0.5162231973214929,0.2990584407205179,0.5137915445261447,0.21147319478283655,0.5871549213407675,0.21147319478283655,0.5212018523878452,0.3017570879453384,0.5263819690019184,0.21147319478283655,0.5206160992543135,0.30278320401226055,0.522552544248894,0.5236504434796847,0.2116732948187165,0.5677660431209841,0.21147319478283655,0.5202187781335288,0.3035517345583832,0.520331641815035,0.5177408996189982,0.21147319478283655,0.3017101059660628,0.5239656028360745,0.5169000809260129,0.21147319478283655,0.5809247063094938,0.21147319478283655,0.5241724115888249,0.30053988048799424,0.5197683581010205,0.21173612489003407,0.5692385433013337,0.5284971908987643,0.21147319478283655,0.5719492259887236,0.21147319478283655,0.5216146540015407,0.21147319478283655,0.5779880637164292,0.21147319478283655,0.520856175942326,0.21173477390265358,0.5673234003944381,0.21147319478283655,0.5280064063881448,0.3056365509062724,0.5162371500378102,0.5239953179950771,0.3041644328523513,0.21147319478283655,0.5399742999782721,0.5198345763462531,0.3036177757719066,0.5351128685290552,0.21147319478283655,0.5147312808273022,0.3017001391674176,0.21147319478283655,0.5425606078456808,0.21147319478283655,0.21147319478283655,0.21147319478283655,0.21147319478283655,0.5675181334805126,0.21147319478283655,0.21147319478283655,0.528214640840422,0.21147319478283655,0.21173477390265358,0.3010125982016677,0.5192147629461149,0.21147319478283655,0.21167464620004706,0.5184731173551397,0.21147319478283655,0.21147319478283655,0.21147319478283655,0.30070896216291915,0.5160094243993016,0.21147319478283655,0.21147319478283655,0.5191023441651711,0.21147319478283655,0.30305881021646897,0.21147319478283655,0.47410951703218307,0.21147319478283655,0.21147319478283655,0.4689954476717468,0.21147319478283655,0.30399064401154835,0.21147319478283655,0.528297218766118,0.21173612489003407,0.21147319478283655,0.21147319478283655,0.5305579542181936,0.21147319478283655,0.3027013729355134,0.5369736373480254,0.21147319478283655,0.21147319478283655,0.21147319478283655,0.523793470793367,0.30485955542033694
