0.0,0.0,0.11243827601297936,0.6945436781655581,0.5130984156638333,0.8408964152537145,0.03443513148178002,0.03950481258503709,0.4856179715580776,0.44433653529754075,0.01392258298134651,0.4856018976040249,0.008854744983909155,0.43945132379311186,0.19706031716132624,0.4353303755168498,0.0,0.4866854750465369,0.0,0.43625639832727736,0.4326282938146577,0.19446669397573157,0.0,0.43021141810717156,0.008463488514791105,0.5016418858146773,0.43769768155613337,0.0,0.48781050233386275,0.0,0.4369566758939923,0.19944670204528728,0.4393357081416713,0.44025007977561365,0.009838605542867328,0.199414469573731,0.4369021395281047,0.4364169481185699,0.20055104449629993,0.4365290421141732,0.0,0.4345056175892152,0.19822372496768106,0.43867047132997483,0.041657551615759354,0.4332445331598886,0.19994291749313609,0.45023879701121317,0.4406423478906775,0.19642358291471124,0.4362596273776299,0.0,0.43843247193283363,0.19934268817176737,0.4448467455481781,0.0,0.48740096733512817,0.4378484615259038,0.0,0.20083207907230446,0.4467451584865748,0.43708038973469954,0.008463488514791105,0.4831102561316773,0.0,0.4443000543819198,0.2030682843904945,0.43258072639679873,0.0,0.4870010127467979,0.0,0.4562395303067477,0.0,0.4361830059027851,0.49719774965258245,0.0,0.43125074827561655,0.19798803252166433,0.01322734572259171,0.010955807502092877,0.45872605451780896,0.0,0.0,0.4829429689485523,0.0,0.0,0.0,0.4446413245947033,0.0,0.009677407677740656,0.0,0.48062946237249793,0.0,0.0,0.435095398845072,0.0,0.0,0.0,0.47743946279199,0.0,0.004692715725770473,0.008492033229895874,0.4355981717818543,0.0,0.1997061983128449,0.0,0.3901592713484127,0.0,0.0,0.38464302218466956,0.0,0.0,0.20102766673739772,0.44436172320259226,0.0,0.0,0.0,0.4468316622939247,0.19930983051534373,0.0,0.4532007929926484,0.015718692951973628,0.0,0.0,0.43978169449884963
0.0,0.0,0.11243827601297936,0.6945436781655581,0.5130984156638333,0.8408964152537145,0.03443513148178002,0.03950481258503709,0.4856179715580776,0.44433653529754075,0.01392258298134651,0.4856018976040249,0.008854744983909155,0.43945132379311186,0.19706031716132624,0.4353303755168498,0.0,0.4866854750465369,0.0,0.43625639832727736,0.4326282938146577,0.19446669397573157,0.0,0.43021141810717156,0.008463488514791105,0.5016418858146773,0.43769768155613337,0.0,0.48781050233386275,0.0,0.4369566758939923,0.19944670204528728,0.4393357081416713,0.44025007977561365,0.009838605542867328,0.199414469573731,0.4369021395281047,0.4364169481185699,0.20055104449629993,0.4365290421141732,0.0,0.4345056175892152,0.19822372496768106,0.43867047132997483,0.041657551615759354,0.4332445331598886,0.19994291749313609,0.45023879701121317,0.4406423478906775,0.19642358291471124,0.4362596273776299,0.0,0.43843247193283363,0.19934268817176737,0.4448467455481781,0.0,0.48740096733512817,0.4378484615259038,0.0,0.20083207907230446,0.4467451584865748,0.43708038973469954,0.008463488514791105,0.4831102561316773,0.0,0.4443000543819198,0.2030682843904945,0.43258072639679873,0.0,0.4870010127467979,0.0,0.4562395303067477,0.0,0.4361830059027851,0.49719774965258245,0.0,0.43125074827561655,0.19798803252166433,0.01322734572259171,0.010955807502092877,0.45872605451780896,0.0,0.0,0.4829429689485523,0.0,0.0,0.0,0.4446413245947033,0.0,0.009677407677740656,0.0,0.48062946237249793,0.0,0.0,0.435095398845072,0.0,0.0,0.0,0.47743946279199,0.0,0.004692715725770473,0.008492033229895874,0.4355981717818543,0.0,0.1997061983128449,0.0,0.3901592713484127,0.0,0.0,0.38464302218466956,0.0,0.0,0.20102766673739772,0.44436172320259226,0.0,0.0,0.0,0.4468316622939247,0.19930983051534373,0.0,0.4532007929926484,0.015718692951973628,0.0,0.0,0.43978169449884963
0.11243827601297936,0.11243827601297936,0.15900538079836893,0.7024432547204845,0.5248288436986152,0.8461617891181983,0.11759268914342845,0.11917573583647814,0.498088107708347,0.4580531535242176,0.11329690419843172,0.4980724855250583,0.11278637380806066,0.4533281526187878,0.2268534664503842,0.4493446952747716,0.11243827601297936,0.4991256612207293,0.11243827601297936,0.45023963188553373,0.446733962688249,0.22460542121528987,0.11243827601297936,0.44439961522879706,0.11275633371803107,0.5136730494160058,0.4516327523934838,0.11243827601297936,0.5002192371461536,0.11243827601297936,0.45091647517338507,0.22892830191994393,0.4532163647615009,0.45410050958799664,0.1128678708800142,0.22890023729898348,0.4508637615552846,0.4503948033981236,0.22989050230141367,0.4505031443180803,0.11243827601297936,0.44854771817449257,0.2278642309519148,0.452573185496697,0.11990646270248781,0.44732928417366224,0.2293604911186367,0.4637657341480014,0.4544798426026811,0.22630089104103068,0.4502427527326359,0.11243827601297936,0.45234309121282107,0.2288377415800681,0.4585468014515298,0.11243827601297936,0.4998211378331447,0.45177850924145635,0.11243827601297936,0.23013556675124133,0.46038386619883015,0.4510360555943388,0.11275633371803107,0.495651162314975,0.11243827601297936,0.4580178580612576,0.23208844207349658,0.4466880120107664,0.11243827601297936,0.4994323661077142,0.11243827601297936,0.46957781115010416,0.11243827601297936,0.45016869915457414,0.5093484382299671,0.11243827601297936,0.4454033597970502,0.22765934521001485,0.11321357874169158,0.11297073048836283,0.47198735882455006,0.11243827601297936,0.11243827601297936,0.4954886169370355,0.11243827601297936,0.11243827601297936,0.11243827601297936,0.45834804500369847,0.11243827601297936,0.11285393476519275,0.11243827601297936,0.49324095731142725,0.11243827601297936,0.11243827601297936,0.4491176244154233,0.11243827601297936,0.11243827601297936,0.11243827601297936,0.49014258782113906,0.11243827601297936,0.11253615299510547,0.11275847970423916,0.44960349027972313,0.11243827601297936,0.2291542834663376,0.11243827601297936,0.40584125357047746,0.11243827601297936,0.11243827601297936,0.40055170058126555,0.11243827601297936,0.11243827601297936,0.23030616896132997,0.45807752303959254,0.11243827601297936,0.11243827601297936,0.11243827601297936,0.4604675849558744,0.22880913621495888,0.11243827601297936,0.46663409123377675,0.11353159511391575,0.11243827601297936,0.11243827601297936,0.4536475947546072
0.6945436781655581,0.6945436781655581,0.7024432547204845,0.9192967366822091,0.8342578519926748,0.98004915870288,0.695290781902756,0.69552669029349,0.8218013988726137,0.8036416347323726,0.6946658949907931,0.8217941906340152,0.6945931183453765,0.8015439070333152,0.7183612345662702,0.7997836145514732,0.6945436781655581,0.8222803299764526,0.6945436781655581,0.8001784234152792,0.7986340937100332,0.7177549307841341,0.6945436781655581,0.797609103958129,0.6945888459604106,0.8290337978152766,0.8007937787019895,0.6945436781655581,0.8227855303365404,0.6945436781655581,0.8004772753460933,0.7189254162206935,0.8014944044628733,0.8018860885639203,0.6946047146060612,0.7189177556616543,0.800453992369246,0.8002469180101538,0.7191885453368553,0.8002947478942525,0.6945436781655581,0.799432348229027,0.7186355283898619,0.8012097033213739,0.6956366050380924,0.7988959239039086,0.7190434885982212,0.8061915558495384,0.8020542497986974,0.7182117229058053,0.8001798008807277,0.6945436781655581,0.8011079006847438,0.7189006996268962,0.8038613961367023,0.6945436781655581,0.8226015715696645,0.8008582147915589,0.6945436781655581,0.7192557127692204,0.8046802012066919,0.8005300975448123,0.6945888459604106,0.820678018703053,0.6945436781655581,0.8036259262617483,0.7197931388289718,0.7986138912383435,0.6945436781655581,0.8224219764807558,0.6945436781655581,0.8088008472342199,0.6945436781655581,0.8001471167132624,0.8270188752843266,0.6945436781655581,0.7980495080831124,0.7185798435678639,0.6946539952448748,0.6946193620697875,0.8098868982522247,0.6945436781655581,0.6945436781655581,0.8206031645501878,0.6945436781655581,0.6945436781655581,0.6945436781655581,0.8037729005396252,0.6945436781655581,0.6946027310572032,0.6945436781655581,0.8195690735663371,0.6945436781655581,0.6945436781655581,0.799683502016165,0.6945436781655581,0.6945436781655581,0.6945436781655581,0.8181466426979502,0.6945436781655581,0.6945575647129556,0.6945891511321652,0.7998977443271345,0.6945436781655581,0.7189871297347732,0.6945436781655581,0.7810959518547275,0.6945436781655581,0.6945436781655581,0.7788966777284578,0.6945436781655581,0.6945436781655581,0.7193025076105249,0.8036524808762284,0.6945436781655581,0.6945436781655581,0.6945436781655581,0.8047175525752052,0.7188928941154782,0.6945436781655581,0.8074774312788012,0.6946994566127267,0.6945436781655581,0.6945436781655581,0.8016853969808819
0.5130984156638333,0.5130984156638333,0.5248288436986152,0.8342578519926748,0.7127164895732444,0.9318377529528058,0.5142117712528901,0.5145631527433397,0.6952338029096204,0.6697444734667377,0.5132806048717038,0.6952236887746062,0.513172119124756,0.6667974220952473,0.548210032391139,0.6643237423155505,0.5130984156638333,0.6959058097850725,0.5130984156638333,0.6648786114119021,0.6627079938048774,0.5473251713989392,0.5130984156638333,0.6612670255989774,0.5131657501699548,0.7053828711607177,0.6657433719995536,0.5130984156638333,0.6966146805550063,0.5130984156638333,0.6652985990016835,0.5490330394153945,0.6667278666382117,0.6672782036803105,0.5131894058300404,0.5490218669173527,0.6652658792681151,0.6649748710795399,0.5494167579464119,0.6650420887571121,0.5130984156638333,0.6638300395300345,0.5486102074512696,0.6663278268446676,0.5147268401372067,0.6630760446876478,0.549205232926128,0.6733257393642315,0.667514469776998,0.5479918691927848,0.6648805472588336,0.5130984156638333,0.6661847776962141,0.5489969914015277,0.6700531637238785,0.5130984156638333,0.696356558597855,0.6658339195784921,0.5130984156638333,0.5495146949085286,0.6712032321849191,0.6653728299856231,0.5131657501699548,0.6936575536961042,0.5130984156638333,0.669722408058809,0.5502981326257584,0.6626795948251745,0.5130984156638333,0.6961045602420813,0.5130984156638333,0.6769893515028665,0.5130984156638333,0.6648346138395257,0.702555064045989,0.5130984156638333,0.6618861925206277,0.5485289742602529,0.5132628668655744,0.5132112407121353,0.6785139711609942,0.5130984156638333,0.5130984156638333,0.6935525237195352,0.5130984156638333,0.5130984156638333,0.5130984156638333,0.6699288584598542,0.5130984156638333,0.5131864489410389,0.5130984156638333,0.6921015591159477,0.5130984156638333,0.5130984156638333,0.6641830375197654,0.5130984156638333,0.5130984156638333,0.5130984156638333,0.6901056797624452,0.5130984156638333,0.5131191175555928,0.5131662050983092,0.6644841451730615,0.5130984156638333,0.549123042691236,0.5130984156638333,0.6380093650802005,0.5130984156638333,0.5130984156638333,0.6349043556268994,0.5130984156638333,0.5130984156638333,0.5495829235262794,0.6697597088251197,0.5130984156638333,0.5130984156638333,0.5130984156638333,0.6712556920085537,0.5489856072777058,0.5130984156638333,0.6751313105190845,0.5133306313518307,0.5130984156638333,0.5130984156638333,0.6669962251601615
0.8408964152537145,0.8408964152537145,0.8461617891181983,0.98004915870288,0.9318377529528058,1.0,0.8413945304840017,0.8415518120073101,0.924076064343738,0.9125763968276297,0.8409779023795283,0.924071540796275,0.84092937919139,0.9112357659536607,0.8567568740434107,0.9101090068976987,0.8408964152537145,0.9243765397798157,0.8408964152537145,0.910361862220578,0.9093723439793228,0.8563538009816745,0.8408964152537145,0.9087149243540477,0.8409265306090601,0.9285965081422759,0.9107558066206288,0.8408964152537145,0.9246933269696803,0.8408964152537145,0.9105532086860892,0.8571319032801088,0.9112041014514456,0.9114546085399631,0.8409371109117958,0.8571268113331246,0.9105383029051133,0.9104057214391069,0.8573067997951872,0.9104363469701571,0.8408964152537145,0.9098839713870619,0.8569392107121305,0.9110219664715123,0.841625091931004,0.9095401950424232,0.8572103846441809,0.9142028281656824,0.9115621337224641,0.8566574823209147,0.9103627442782908,0.8408964152537145,0.9109568289017885,0.857115474219546,0.9127167077797469,0.8408964152537145,0.9245779953350479,0.9107970466531566,0.8408964152537145,0.8573514432030515,0.9132392601194643,0.9105870244642027,0.8409265306090601,0.9233706621953011,0.8408964152537145,0.9125663664536886,0.8577086272972204,0.9093593913766773,0.8408964152537145,0.924465377162093,0.8408964152537145,0.9158633896183923,0.8408964152537145,0.9103418147630435,0.9273408760158608,0.8408964152537145,0.9089974601665636,0.8569021950145985,0.8409699683445664,0.84094687699065,0.9165534115071554,0.8408964152537145,0.8408964152537145,0.9233236291062542,0.8408964152537145,0.8408964152537145,0.8408964152537145,0.9126602091666801,0.8408964152537145,0.8409357883957932,0.8408964152537145,0.9226734983772431,0.8408964152537145,0.8408964152537145,0.9100448771457711,0.8408964152537145,0.8408964152537145,0.8408964152537145,0.9217780716752432,0.8408964152537145,0.8409056740351196,0.8409267340801866,0.9101821095154343,0.8408964152537145,0.8571729237690119,0.8408964152537145,0.8980562058126245,0.8408964152537145,0.8408964152537145,0.8966278830479594,0.8408964152537145,0.8408964152537145,0.8573825454555316,0.9125833223689972,0.8408964152537145,0.8408964152537145,0.8408964152537145,0.9132630886713992,0.857110285898879,0.8408964152537145,0.9150216437672302,0.8410002792170529,0.8408964152537145,0.8408964152537145,0.9113262634517799
0.03443513148178002,0.03443513148178002,0.11759268914342845,0.695290781902756,0.5142117712528901,0.8413945304840017,0.048698612845113426,0.052406163343015955,0.48680281696308564,0.44564251951950806,0.03714318831852612,0.4867867867584881,0.03555537554765956,0.4407729426618276,0.20004405808338976,0.4366654240688085,0.03443513148178002,0.4878674203408969,0.03443513148178002,0.4375884094838678,0.4339722713553371,0.19748974286436083,0.03443513148178002,0.4315634667873008,0.03545996142886266,0.5027842721169445,0.43902498793819406,0.03443513148178002,0.48898940265087976,0.03443513148178002,0.43828639769951616,0.20239515490928828,0.4406577007441358,0.4415691213658755,0.03581307534843799,0.20236339358990693,0.43823203939041133,0.43774843382899603,0.20348344390476017,0.43786016116755144,0.03443513148178002,0.4358433810654323,0.2011901589886622,0.4399946177322312,0.05404745027586322,0.43458646562266207,0.20288413568212219,0.4515262901699573,0.44196012680667995,0.19941688038928537,0.4375916279628258,0.03443513148178002,0.4397573902972949,0.20229266197220871,0.44615111435087595,0.03443513148178002,0.48858097474207063,0.4391752773045399,0.03443513148178002,0.20376042061251828,0.4480435450509075,0.4384097077707289,0.03545996142886266,0.4843019562362759,0.03443513148178002,0.4456061542341483,0.20596472706936195,0.43392486201250025,0.03443513148178002,0.4881821028352363,0.03443513148178002,0.4575086530502275,0.03443513148178002,0.43751525737189556,0.4983516868668474,0.03443513148178002,0.43259931622871073,0.20095795672338548,0.036888220530332194,0.03613596415111397,0.4599876875423943,0.03443513148178002,0.03443513148178002,0.4841351284348032,0.03443513148178002,0.03443513148178002,0.03443513148178002,0.4459463434057811,0.03443513148178002,0.03576912674732225,0.03443513148178002,0.48182800230268663,0.03443513148178002,0.03443513148178002,0.4364312199573603,0.03443513148178002,0.03443513148178002,0.03443513148178002,0.47864688541002004,0.03443513148178002,0.03475341487550815,0.03546678523592572,0.43693234077160736,0.03443513148178002,0.20265086343218064,0.03443513148178002,0.39165815349114924,0.03443513148178002,0.03443513148178002,0.38616431613858915,0.03443513148178002,0.03443513148178002,0.203953190699394,0.44566762759848,0.03443513148178002,0.03443513148178002,0.03443513148178002,0.4481297773324305,0.20226028509601263,0.03443513148178002,0.4544791654920541,0.03785307620774703,0.03443513148178002,0.03443513148178002,0.44110224638457207
0.03950481258503709,0.03950481258503709,0.11917573583647814,0.69552669029349,0.5145631527433397,0.8415518120073101,0.052406163343015955,0.05586820771867614,0.4871767037429718,0.4460545111550498,0.04188637330716765,0.48716068730696827,0.04048501730317256,0.4411898493468203,0.20097804452370874,0.4370865520800483,0.03950481258503709,0.4882403944026292,0.03950481258503709,0.4380085828013418,0.43439620571399934,0.19843579028160352,0.03950481258503709,0.4319899376778547,0.04040124705885739,0.5031447941201377,0.4394436824306641,0.03950481258503709,0.4893614183792134,0.03950481258503709,0.4387058514261495,0.20331830585940158,0.44107472491104416,0.44198521788153816,0.04071152480007235,0.20328668926038532,0.43865154908454373,0.438168441989087,0.20440166304132815,0.43828005408013043,0.03950481258503709,0.4362653623912209,0.2021188321366263,0.44041231893098653,0.05741060320892477,0.4350097572412038,0.2038050642436895,0.4519324679064077,0.4423758263929474,0.20035379995720098,0.4380117979575239,0.03950481258503709,0.44017533415375704,0.2032162800924606,0.4465625981095096,0.03950481258503709,0.4889533389030629,0.43959381758481014,0.03950481258503709,0.2046773928805363,0.44845314797086916,0.43882903458263495,0.04040124705885739,0.48467800023081875,0.03950481258503709,0.4460181822227836,0.2068718943210625,0.4343488460514887,0.03950481258503709,0.4885548077438494,0.03950481258503709,0.4579090538880727,0.03950481258503709,0.4379355062237475,0.4987158451766163,0.03950481258503709,0.4330246932477369,0.20188770151688626,0.04166044473231446,0.04099585073909066,0.46038573284296364,0.03950481258503709,0.03950481258503709,0.48451131699517835,0.03950481258503709,0.03950481258503709,0.03950481258503709,0.4463580315235353,0.03950481258503709,0.04067286952781604,0.03950481258503709,0.4822061987108483,0.03950481258503709,0.03950481258503709,0.4368525907903946,0.03950481258503709,0.03950481258503709,0.03950481258503709,0.47902787691667753,0.03950481258503709,0.039782556118313724,0.040407236406666894,0.43735319232744974,0.03950481258503709,0.20357285088034338,0.03950481258503709,0.39213073616328875,0.03950481258503709,0.03950481258503709,0.3866439311817886,0.03950481258503709,0.03950481258503709,0.20486929714750962,0.44607959413741244,0.03950481258503709,0.03950481258503709,0.03950481258503709,0.44853929488126937,0.20318405088961464,0.03950481258503709,0.45488247519303804,0.042517139802366835,0.03950481258503709,0.03950481258503709,0.441518817664969
0.4856179715580776,0.4856179715580776,0.498088107708347,0.8218013988726137,0.6952338029096204,0.924076064343738,0.48680281696308564,0.4871767037429718,0.6770133131922599,0.6504223665858048,0.4858118782925387,0.6770027685100433,0.48569641616389825,0.647345552746381,0.5228617888501645,0.6447625249114032,0.4856179715580776,0.6777139162156667,0.4856179715580776,0.6453419564060621,0.6430751363586344,0.5219260504476213,0.4856179715580776,0.6415701305387272,0.4856896375594583,0.6875921742966454,0.6462449572927221,0.4856179715580776,0.6784529297096824,0.4856179715580776,0.6457805222081808,0.5237319958654876,0.6472729280207122,0.6478475412839346,0.48571481470009575,0.5237201833946405,0.6457463555253039,0.6454424751505532,0.5241376812642837,0.6455126665629243,0.4856179715580776,0.6442469503682924,0.5232849287266423,0.6468552296722391,0.48735086564102503,0.6434595213462402,0.523914050108255,0.654160596193426,0.6480942235162886,0.5226310943345457,0.6453439779118701,0.4856179715580776,0.6467058635506945,0.523693882905598,0.6507446173826553,0.4856179715580776,0.6781838344604098,0.64633950613828,0.4856179715580776,0.5242412208324144,0.6519451557764602,0.6458580356155852,0.4856896375594583,0.6753699081528478,0.4856179715580776,0.650399331634172,0.525069417345894,0.6430454766559386,0.4856179715580776,0.6779211202540169,0.4856179715580776,0.6579839891495238,0.4856179715580776,0.6452960119284782,0.6846450494091973,0.4856179715580776,0.6422168307955247,0.5231990360378526,0.48579299979051216,0.4857380538430132,0.6595748734871455,0.4856179715580776,0.4856179715580776,0.6752603993058804,0.4856179715580776,0.4856179715580776,0.4856179715580776,0.6506148521884428,0.4856179715580776,0.4857116676372872,0.4856179715580776,0.6737475071640433,0.4856179715580776,0.4856179715580776,0.6446155883226142,0.4856179715580776,0.4856179715580776,0.4856179715580776,0.6716662791301111,0.4856179715580776,0.4856400052696625,0.48569012174899645,0.6449300303987893,0.4856179715580776,0.5238271538480206,0.4856179715580776,0.6172579427311836,0.4856179715580776,0.4856179715580776,0.6140088924109193,0.4856179715580776,0.4856179715580776,0.5243133515872165,0.6504382713610689,0.4856179715580776,0.4856179715580776,0.4856179715580776,0.6519999158269068,0.5236818466164114,0.4856179715580776,0.6560450116997797,0.4858651209326444,0.4856179715580776,0.4856179715580776,0.6475531266719226
0.44433653529754075,0.44433653529754075,0.4580531535242176,0.8036416347323726,0.6697444734667377,0.9125763968276297,0.44564251951950806,0.4460545111550498,0.6504223665858048,0.6221714308850539,0.4445503072682782,0.6504111767490606,0.44442301824691594,0.6188978189550604,0.485133404348707,0.6161487391808992,0.44433653529754075,0.651165813439195,0.44433653529754075,0.6167654874060831,0.6143524534861884,0.4841142680280369,0.44433653529754075,0.6127500343619683,0.4444155451300073,0.6616439001903729,0.6177265655140595,0.44433653529754075,0.6519499748293925,0.44433653529754075,0.6172322717679126,0.4860809236432713,0.6188205360351449,0.6194319888224483,0.44444330173662394,0.4860680632848853,0.6171959075094938,0.6168724757917712,0.486522571295809,0.6169471842019234,0.44433653529754075,0.6155999272917585,0.48559416687721635,0.6183760344928948,0.4462464030598987,0.6147616747905696,0.48627912250322103,0.6261473469191168,0.6196944747336914,0.4848821745705,0.616767639032758,0.44433653529754075,0.6182170788535971,0.4860394295169298,0.6225142318018393,0.44433653529754075,0.6516644452889667,0.6178271898657665,0.44433653529754075,0.4866352810503728,0.6237912279281261,0.6173147702761914,0.4444155451300073,0.6486782984977962,0.44433653529754075,0.622146926538373,0.48753670958845735,0.6143208766456583,0.44433653529754075,0.6513856806387573,0.44433653529754075,0.6302122865174666,0.44433653529754075,0.6167165854323982,0.6585186268684224,0.44433653529754075,0.6134386264095951,0.48550064171722107,0.44452949540601505,0.4444689215564746,0.6319032268398647,0.44433653529754075,0.44433653529754075,0.6485620736753278,0.44433653529754075,0.44433653529754075,0.44433653529754075,0.6223761927958249,0.44433653529754075,0.4444398322632808,0.44433653529754075,0.646956291762035,0.44433653529754075,0.44433653529754075,0.615992333275206,0.44433653529754075,0.44433653529754075,0.44433653529754075,0.6447469486333058,0.44433653529754075,0.44436082709939034,0.4444160789285776,0.6163270364529794,0.44433653529754075,0.4861845215401821,0.44433653529754075,0.5868235839218611,0.44433653529754075,0.44433653529754075,0.5833525059860364,0.44433653529754075,0.44433653529754075,0.48671379825278965,0.6221883501882977,0.44433653529754075,0.44433653529754075,0.44433653529754075,0.6238494716483606,0.4860263253426522,0.44433653529754075,0.6281510052043164,0.4446090017188473,0.44433653529754075,0.44433653529754075,0.6191187034645645
0.01392258298134651,0.01392258298134651,0.11329690419843172,0.6946658949907931,0.5132806048717038,0.8409779023795283,0.03714318831852612,0.04188637330716765,0.4858118782925387,0.4445503072682782,0.01968950549003971,0.485795811510531,0.016499843146600267,0.4396676606151951,0.1975511578790415,0.43554891565083503,0.01392258298134651,0.48687890635641473,0.01392258298134651,0.4364744401226717,0.43284829895832827,0.1949640839075593,0.01392258298134651,0.4304327475756747,0.016293217998901228,0.5018288327917062,0.4379149514670211,0.01392258298134651,0.4880034344783252,0.01392258298134651,0.4371743420864991,0.19993166608567214,0.4395521062772757,0.4404659937814973,0.017048063626609253,0.19989951206007844,0.43711983493335926,0.4366349037060853,0.20103333594101763,0.4367469375458685,0.01392258298134651,0.43472460316208394,0.19871168316501603,0.4388872228133959,0.04392254089843234,0.43346420275394487,0.20042667703137232,0.4504495358303286,0.4408580547504236,0.19691601557677513,0.43647766743861455,0.01392258298134651,0.4386493500637947,0.19982790544690765,0.44506025252364445,0.01392258298134651,0.487594080964767,0.4380656509475937,0.01392258298134651,0.20131369504335778,0.4469576841496846,0.43729798968318906,0.016293217998901228,0.4833052866076707,0.01392258298134651,0.4445138453208739,0.2035445916486379,0.43280075747706154,0.01392258298134651,0.48719430386133955,0.01392258298134651,0.4564472560744938,0.01392258298134651,0.43640108712539305,0.4973865898694007,0.01392258298134651,0.43147150661349454,0.19847657196938995,0.019204191875920915,0.01771632103631396,0.4589325519357017,0.01392258298134651,0.01392258298134651,0.4831380747357993,0.01392258298134651,0.01392258298134651,0.01392258298134651,0.4448549381980156,0.01392258298134651,0.016955545801483927,0.01392258298134651,0.4808256141914471,0.01392258298134651,0.01392258298134651,0.43531406573267734,0.01392258298134651,0.01392258298134651,0.01392258298134651,0.47763707092702956,0.01392258298134651,0.014692171304267192,0.016308063759073104,0.43581656760715837,0.01392258298134651,0.2001905317175032,0.01392258298134651,0.3904047047366322,0.01392258298134651,0.01392258298134651,0.38489213660975197,0.01392258298134651,0.01392258298134651,0.20150881371372015,0.4445754820785095,0.01392258298134651,0.01392258298134651,0.01392258298134651,0.447044143417359,0.19979512784102826,0.01392258298134651,0.45341003583471123,0.02099799072238052,0.01392258298134651,0.01392258298134651,0.43999785627595855
0.4856018976040249,0.4856018976040249,0.4980724855250583,0.8217941906340152,0.6952236887746062,0.924071540796275,0.4867867867584881,0.48716068730696827,0.6770027685100433,0.6504111767490606,0.485795811510531,0.6769922235762282,0.48568034511185937,0.6473342867247125,0.5228470118303129,0.6447511946581936,0.4856018976040249,0.6777033882432132,0.4856018976040249,0.645330640583488,0.6430637640076937,0.5219112426660877,0.4856018976040249,0.641558720546647,0.4856735662566796,0.6875818805660081,0.6462336639337074,0.4856018976040249,0.6784424193487228,0.4856018976040249,0.6457692172994867,0.52371724737603,0.6472616601965436,0.6478362877159146,0.48569874432858684,0.5237054345183968,0.6457350497666215,0.6454311618300742,0.5241229460503001,0.6455013549894092,0.4856018976040249,0.6442356072639657,0.5232701655889895,0.6468439514772187,0.4873348556126185,0.6434481585948073,0.5238993075782414,0.6541494984569233,0.6480829760646736,0.522616309738778,0.6453326621396189,0.4856018976040249,0.6466945816455357,0.5236791331681256,0.6507334355050731,0.4856018976040249,0.6781733176883191,0.6463282151295269,0.4856018976040249,0.5242264890040534,0.65193400351754,0.6458467326350812,0.4856735662566796,0.675359324221806,0.4856018976040249,0.6503881412283511,0.5250547125612176,0.6430341035640468,0.4856018976040249,0.6779105972209444,0.4856018976040249,0.6579729851052116,0.4856018976040249,0.6452846949621339,0.6846346860510877,0.4856018976040249,0.6422054369887195,0.5231842700836842,0.485776932310454,0.48572198433101843,0.6595639082811806,0.4856018976040249,0.4856018976040249,0.6752498127568268,0.4856018976040249,0.4856018976040249,0.4856018976040249,0.6506036671062877,0.4856018976040249,0.48569559714937693,0.4856018976040249,0.6737368844121306,0.4856018976040249,0.4856018976040249,0.6446042544079312,0.4856018976040249,0.4856018976040249,0.4856018976040249,0.6716556064690261,0.4856018976040249,0.4856239321308136,0.48567405046412815,0.6449187043185938,0.4856018976040249,0.5238124084739088,0.4856018976040249,0.6172459113845756,0.4856018976040249,0.4856018976040249,0.6139967759653796,0.4856018976040249,0.4856018976040249,0.524298622116832,0.6504270819172397,0.4856018976040249,0.4856018976040249,0.4856018976040249,0.6519887649177447,0.5236670964847793,0.4856018976040249,0.6560339602036379,0.48584905611908974,0.4856018976040249,0.4856018976040249,0.6475418658010205
0.008854744983909155,0.008854744983909155,0.11278637380806066,0.6945931183453765,0.513172119124756,0.84092937919139,0.03555537554765956,0.04048501730317256,0.48569641616389825,0.44442301824691594,0.016499843146600267,0.48568034511185937,0.012522500454666656,0.43953884463927195,0.19725900701647875,0.4354187879673379,0.008854744983909155,0.4867637272821957,0.008854744983909155,0.43634460911662143,0.43271729910850437,0.19466803890739287,0.008854744983909155,0.4303009593167372,0.012248965112929392,0.5017175143399946,0.43778557999016526,0.008854744983909155,0.4878885525935118,0.008854744983909155,0.4370447346895451,0.19964300960687767,0.4394232537991897,0.44033742952356036,0.01323649000748933,0.19961080893499825,0.43699021014506073,0.43650512402247904,0.20074626867976714,0.43661719367504864,0.008854744983909155,0.43459421029443485,0.19842124628799668,0.43875815997466106,0.0425882377209702,0.4333334026670398,0.2001387367878945,0.45032405257451913,0.4407296138142854,0.196622918135655,0.43634783746511674,0.008854744983909155,0.4385202118272797,0.19953909838733414,0.4449331212647633,0.008854744983909155,0.48747909102861153,0.4379363273887615,0.008854744983909155,0.20102702944612413,0.44683113710702527,0.4371684217235621,0.012248965112929392,0.48318915543627555,0.008854744983909155,0.4443865450069638,0.20326108288420747,0.4326697421864014,0.008854744983909155,0.4870792082555434,0.008854744983909155,0.45632356663235685,0.008854744983909155,0.4362712326470037,0.4972741442199685,0.008854744983909155,0.43134005836487765,0.1981857894705963,0.01591757462729845,0.014086739370261125,0.4588095937931643,0.008854744983909155,0.008854744983909155,0.48302189872635964,0.008854744983909155,0.008854744983909155,0.008854744983909155,0.44472774345921995,0.008854744983909155,0.013117115821254166,0.008854744983909155,0.48070881540722216,0.008854744983909155,0.008854744983909155,0.43518386258862307,0.008854744983909155,0.008854744983909155,0.008854744983909155,0.47751940510018076,0.008854744983909155,0.010021381652247592,0.012268705597746206,0.43568652583535006,0.008854744983909155,0.1999022502341308,0.008854744983909155,0.39025856724628155,0.008854744983909155,0.008854744983909155,0.3847438078650946,0.008854744983909155,0.008854744983909155,0.20122242700072157,0.44444820085302433,0.008854744983909155,0.008854744983909155,0.008854744983909155,0.4469176228910651,0.19950627318111547,0.008854744983909155,0.4532854432038183,0.018041169970471185,0.008854744983909155,0.008854744983909155,0.43986914451069065
0.43945132379311186,0.43945132379311186,0.4533281526187878,0.8015439070333152,0.6667974220952473,0.9112357659536607,0.4407729426618276,0.4411898493468203,0.647345552746381,0.6188978189550604,0.4396676606151951,0.6473342867247125,0.43953884463927195,0.6156007700603208,0.48070112208094357,0.6128318969114547,0.43945132379311186,0.6480940584281283,0.43945132379311186,0.6134530947306814,0.611022621671411,0.4796714835741899,0.43945132379311186,0.609408576737986,0.43953128185058926,0.6586428665655091,0.6144210962176933,0.43945132379311186,0.6488835496195499,0.43945132379311186,0.6139232432770354,0.481658371884448,0.615522932109575,0.6161387740269719,0.4395593715018629,0.48164537967329596,0.6138866170433572,0.6135608544619345,0.4821045439988232,0.6136361013980294,0.43945132379311186,0.61227912114151,0.4811666204279729,0.6150752366742259,0.4413840277265585,0.6114348061499187,0.4818586020580144,0.6229020108185903,0.6164031425696529,0.4804473068785622,0.6134552618713172,0.43945132379311186,0.6149151382347084,0.48161645231199357,0.6192430658875311,0.43945132379311186,0.6485960801059086,0.6145224447127501,0.43945132379311186,0.48221840729086385,0.6205291603415222,0.6140063360536001,0.43953128185058926,0.6455895948199228,0.43945132379311186,0.6188731397013553,0.48312904527128686,0.6109908160852485,0.43945132379311186,0.6483154206516366,0.43945132379311186,0.6269956515495773,0.43945132379311186,0.6134038401399496,0.655496609170919,0.43945132379311186,0.6101021690755382,0.4810721346149775,0.43964659914853604,0.4395852986942807,0.6286984708336217,0.43945132379311186,0.43945132379311186,0.6454725765409258,0.43945132379311186,0.43945132379311186,0.43945132379311186,0.6191040421059905,0.43945132379311186,0.4395558604012201,0.43945132379311186,0.6438558176550029,0.43945132379311186,0.43945132379311186,0.6126743617643592,0.43945132379311186,0.43945132379311186,0.43945132379311186,0.6416313270910026,0.43945132379311186,0.43947590716188667,0.43953182205443053,0.6130114810668589,0.43945132379311186,0.4817630317180445,0.43945132379311186,0.5832886116861996,0.43945132379311186,0.43945132379311186,0.5797907869699491,0.43945132379311186,0.43945132379311186,0.4822977278158936,0.6189148590202278,0.43945132379311186,0.43945132379311186,0.43945132379311186,0.6205878185297209,0.4816032137656202,0.43945132379311186,0.6249198420565387,0.43972705889653435,0.43945132379311186,0.43945132379311186,0.6158232404743373
0.19706031716132624,0.19706031716132624,0.2268534664503842,0.7183612345662702,0.548210032391139,0.8567568740434107,0.20004405808338976,0.20097804452370874,0.5228617888501645,0.485133404348707,0.1975511578790415,0.5228470118303129,0.19725900701647875,0.48070112208094357,0.278580250404975,0.47696817910725436,0.19706031716132624,0.5238432979936178,0.19706031716132624,0.47780653154421826,0.47452353276196485,0.27675577814517066,0.19706031716132624,0.47233898882550174,0.1972418442130514,0.5376224429314069,0.4791119196948743,0.19706031716132624,0.5248779891844725,0.19706031716132624,0.4784406972145843,0.2802695402274045,0.48059631731350594,0.4814253055006369,0.19730558422045782,0.28024665647795893,0.478391303785138,0.47795190999142084,0.28105467401052,0.4780534165221844,0.19706031716132624,0.47622174178251325,0.2794025544915844,0.4799933682111595,0.2014118983578603,0.47508084760783525,0.28062206229545705,0.4904983032684438,0.481781025619607,0.27813122281026936,0.47780945537859637,0.19706031716132624,0.47977768783230396,0.2801957011255043,0.4855967420574497,0.19706031716132624,0.5245013039622672,0.47924852197439183,0.19706031716132624,0.28125481446585465,0.4873214548441942,0.47855274807158693,0.1972418442130514,0.5205571588168774,0.19706031716132624,0.48510027799317795,0.28285219081684876,0.47448051899367727,0.19706031716132624,0.524133468859833,0.19706031716132624,0.49596338264812045,0.19706031716132624,0.47774007723048195,0.5335228755759682,0.19706031716132624,0.47327816774132586,0.27923577171529207,0.19750341442622438,0.19736440282457463,0.49823100633700135,0.19706031716132624,0.19706031716132624,0.5204034732207767,0.19706031716132624,0.19706031716132624,0.19706031716132624,0.4854101832356702,0.19706031716132624,0.19729761784905087,0.19706031716132624,0.5182787699739144,0.19706031716132624,0.19706031716132624,0.47675549343300894,0.19706031716132624,0.19706031716132624,0.19706031716132624,0.5153512692556494,0.19706031716132624,0.19711614231488117,0.19724307017725762,0.4772105930913288,0.19706031716132624,0.28045383827589393,0.19706031716132624,0.436451198390628,0.19706031716132624,0.19706031716132624,0.43156003695130424,0.19706031716132624,0.19706031716132624,0.28139418412168854,0.48515627637038367,0.19706031716132624,0.19706031716132624,0.19706031716132624,0.4874000701074154,0.2801723795227395,0.19706031716132624,0.49319457764200375,0.19768575658845286,0.19706031716132624,0.19706031716132624,0.48100062436551555
0.4353303755168498,0.4353303755168498,0.4493446952747716,0.7997836145514732,0.6643237423155505,0.9101090068976987,0.4366654240688085,0.4370865520800483,0.6447625249114032,0.6161487391808992,0.43554891565083503,0.6447511946581936,0.4354187879673379,0.6128318969114547,0.47696817910725436,0.6100463044585158,0.4353303755168498,0.6455152956075765,0.4353303755168498,0.6106712610604073,0.6082260555139742,0.4759295676202762,0.4353303755168498,0.6066021879341948,0.4354111481466602,0.656123710245873,0.6116451107688375,0.4353303755168498,0.6463092800834412,0.4353303755168498,0.611144251397619,0.4779337416031653,0.6127535901691162,0.6133731391845918,0.4354395238974866,0.477920636757545,0.6111074038713756,0.6107796723692016,0.4783837786092075,0.6108553742109307,0.4353303755168498,0.6094901800901481,0.4774377233412384,0.6123031970563543,0.43728269412584503,0.6086407434209823,0.47813570699305363,0.6201768058082245,0.6136390977720301,0.4767121550413018,0.6106734413061692,0.4353303755168498,0.6121421333486811,0.4778914585951962,0.6164960516369111,0.4353303755168498,0.6460201750986877,0.6117470709323141,0.4353303755168498,0.47849862724525,0.6177898287463691,0.6112278461554489,0.4354111481466602,0.6429965421920011,0.4353303755168498,0.6161239122263535,0.4794171313999566,0.6081940566701174,0.4353303755168498,0.6457379182286688,0.4353303755168498,0.6242946746392467,0.4353303755168498,0.6106217086025927,0.65295977011611,0.4353303755168498,0.6073000051375008,0.47734241684464257,0.4355276397669794,0.4354657151349619,0.6260075198784675,0.4353303755168498,0.4353303755168498,0.6428788548850402,0.4353303755168498,0.4353303755168498,0.4353303755168498,0.6163561962726036,0.4353303755168498,0.435435977037286,0.4353303755168498,0.6412528399874765,0.4353303755168498,0.4353303755168498,0.6098878153649704,0.4353303755168498,0.4353303755168498,0.4353303755168498,0.6390155754691652,0.4353303755168498,0.43535520935712685,0.4354116938529135,0.6102269757198887,0.4353303755168498,0.47803930858382465,0.4353303755168498,0.5803185744226602,0.4353303755168498,0.4353303755168498,0.5767981083765467,0.4353303755168498,0.4353303755168498,0.47857863395534267,0.6161658812237625,0.4353303755168498,0.4353303755168498,0.4353303755168498,0.6178488368985611,0.47787810526166585,0.4353303755168498,0.6222066018861515,0.43560891853893363,0.4353303755168498,0.4353303755168498,0.6130557068040879
0.0,0.0,0.11243827601297936,0.6945436781655581,0.5130984156638333,0.8408964152537145,0.03443513148178002,0.03950481258503709,0.4856179715580776,0.44433653529754075,0.01392258298134651,0.4856018976040249,0.008854744983909155,0.43945132379311186,0.19706031716132624,0.4353303755168498,0.0,0.4866854750465369,0.0,0.43625639832727736,0.4326282938146577,0.19446669397573157,0.0,0.43021141810717156,0.008463488514791105,0.5016418858146773,0.43769768155613337,0.0,0.48781050233386275,0.0,0.4369566758939923,0.19944670204528728,0.4393357081416713,0.44025007977561365,0.009838605542867328,0.199414469573731,0.4369021395281047,0.4364169481185699,0.20055104449629993,0.4365290421141732,0.0,0.4345056175892152,0.19822372496768106,0.43867047132997483,0.041657551615759354,0.4332445331598886,0.19994291749313609,0.45023879701121317,0.4406423478906775,0.19642358291471124,0.4362596273776299,0.0,0.43843247193283363,0.19934268817176737,0.4448467455481781,0.0,0.48740096733512817,0.4378484615259038,0.0,0.20083207907230446,0.4467451584865748,0.43708038973469954,0.008463488514791105,0.4831102561316773,0.0,0.4443000543819198,0.2030682843904945,0.43258072639679873,0.0,0.4870010127467979,0.0,0.4562395303067477,0.0,0.4361830059027851,0.49719774965258245,0.0,0.43125074827561655,0.19798803252166433,0.01322734572259171,0.010955807502092877,0.45872605451780896,0.0,0.0,0.4829429689485523,0.0,0.0,0.0,0.4446413245947033,0.0,0.009677407677740656,0.0,0.48062946237249793,0.0,0.0,0.435095398845072,0.0,0.0,0.0,0.47743946279199,0.0,0.004692715725770473,0.008492033229895874,0.4355981717818543,0.0,0.1997061983128449,0.0,0.3901592713484127,0.0,0.0,0.38464302218466956,0.0,0.0,0.20102766673739772,0.44436172320259226,0.0,0.0,0.0,0.4468316622939247,0.19930983051534373,0.0,0.4532007929926484,0.015718692951973628,0.0,0.0,0.43978169449884963
