0.0,0.605999884390695,0.07136296097686759,0.8408964152537145,0.03741664578664092,0.007817468666030255,0.4331083506890564,0.0,0.394941726675378,0.17682551816593567,0.3914076863550896,0.0,0.3910344680634446,0.1756940309748212,0.3877217030125473,0.3938103964334846,0.17352199427029405,0.0,0.3881848257053957,0.4236275836238262,0.0,0.3825073222883397,0.0,0.4449214945567715,0.0,0.38928721276591965,0.0,0.43282891336812307,0.3886379705361319,0.0,0.4307489845369282,0.009837582267524266,0.391533046277506,0.17774901551904054,0.38903086121804,0.0,0.38860251663488593,0.4292542468217577,0.0,0.0,0.4262758547329678,0.39005950141302603,0.03350503295090708,0.38550785491893713,0.17832053897157607,0.40014078759141186,0.0,0.3916938450548688,0.4275298301587244,0.0,0.0,0.4301939837204735,0.3955199062628224,0.007554093847826101,0.4326823178395709,0.0,0.3893392865880782,0.007579571440512627,0.4375096046535427,0.0,0.3888264977140952,0.0,0.4286818602619569,0.0,0.39509425516388863,0.4271494004543945,0.0,0.3911683608263556,0.17948720663529028,0.40556459243094245,0.0,0.3879600130510477,0.17907687495306218,0.4008605837191442,0.3835005686806539,0.17674634092245342,0.0,0.0,0.4077741515158206,0.0,0.0,0.007554093847826101,0.4285860884477499,0.0,0.0,0.395142638356174,0.0,0.0,0.0,0.17584011731542232,0.38696914713917485,0.0,0.0,0.3872748551003449,0.0,0.0,0.17554672400120722,0.3844415553531326,0.0,0.008659868957774463,0.38756799595995034,0.0,0.0,0.17850343174162478,0.3475344854153308,0.0,0.0,0.0,0.34256079796161737,0.008637578342361424,0.17942856805302573,0.0,0.3955168690775898,0.0,0.0,0.39717175209081573,0.0,0.1779531079813197,0.0,0.4028747363334053,0.008659868957774463,0.0,0.0,0.3910728001323131,0.18028045335883225
0.605999884390695,0.826530461572476,0.6098917395098412,0.9577967838505107,0.6070730466655254,0.6060467819635624,0.7315688654246332,0.605999884390695,0.7126158947363245,0.629395627920459,0.7109122886917567,0.605999884390695,0.7107329132697745,0.6291044492752936,0.7091452748693293,0.7120695329610214,0.6285502315333519,0.605999884390695,0.7093667335744934,0.7267701935519593,0.605999884390695,0.7066629929292857,0.605999884390695,0.7376260877239768,0.605999884390695,0.7098945245629878,0.605999884390695,0.7314266168753777,0.7095835763422836,0.605999884390695,0.7303693551647966,0.6060741490100326,0.7109725620308112,0.6296345321506212,0.709771709928127,0.605999884390695,0.70956660510195,0.7296112347264567,0.605999884390695,0.605999884390695,0.7281048423554153,0.7102648136076897,0.6068605920133845,0.7080888700001275,0.629782944416405,0.7151386529986136,0.605999884390695,0.7110498914494419,0.728738380821757,0.605999884390695,0.605999884390695,0.7300876981260094,0.7128954799544691,0.6060436753315176,0.7313520113658553,0.605999884390695,0.7099194784273942,0.606043971202136,0.7338157118270406,0.605999884390695,0.7096738371867707,0.605999884390695,0.7293212983869924,0.605999884390695,0.7126896279472372,0.7285460723475912,0.605999884390695,0.710797252687443,0.6300872344431894,0.7177910441445963,0.605999884390695,0.7092592112902498,0.6299800081680664,0.7154894532741607,0.707134233441239,0.6293751974164408,0.605999884390695,0.605999884390695,0.7188775029915518,0.605999884390695,0.605999884390695,0.6060436753315176,0.7292728064866625,0.605999884390695,0.605999884390695,0.7127130202229711,0.605999884390695,0.605999884390695,0.605999884390695,0.6291419484370931,0.7087857563071792,0.605999884390695,0.605999884390695,0.7089317509176014,0.605999884390695,0.605999884390695,0.6290666653054444,0.7075813725977688,0.605999884390695,0.606057433114854,0.70907180985445,0.605999884390695,0.605999884390695,0.6298305283680149,0.6905711199790753,0.605999884390695,0.605999884390695,0.605999884390695,0.6883655490321817,0.6060571372528559,0.6300718977136625,0.605999884390695,0.712894010653579,0.605999884390695,0.605999884390695,0.7136955867141721,0.605999884390695,0.6296874812556669,0.605999884390695,0.7164730304426938,0.606057433114854,0.605999884390695,0.605999884390695,0.7107513316029155,0.6302951483662464
0.07136296097686759,0.6098917395098412,0.10092181289434521,0.8430294625081642,0.08057700934857463,0.07178986149646896,0.438842434131668,0.07136296097686759,0.40125713026020443,0.19067522281354898,0.3977820314425651,0.07136296097686759,0.39741509399173924,0.18962657396103308,0.3941585587779269,0.4001445645452911,0.1876162444812641,0.07136296097686759,0.3946137682799556,0.42949737618789285,0.07136296097686759,0.38903447374321215,0.07136296097686759,0.4504935771035902,0.07136296097686759,0.3956973879906555,0.07136296097686759,0.4385669220562515,0.3950591869624318,0.07136296097686759,0.43651634991569804,0.07203782996017671,0.39790528413082416,0.19153180558903482,0.3954453920410407,0.07136296097686759,0.39502433696337524,0.43504286323545943,0.07136296097686759,0.07136296097686759,0.4321072055961375,0.3964565862523963,0.07883680400758959,0.3919827760667899,0.19206222728219444,0.40637118986201165,0.07136296097686759,0.3980633817523861,0.43334312498520106,0.07136296097686759,0.07136296097686759,0.43596922455634335,0.4018257574467851,0.07176165957033431,0.4384223875229975,0.07136296097686759,0.395748577676066,0.07176434594559311,0.44318244197807866,0.07136296097686759,0.39524450454940874,0.07136296097686759,0.4344786488556856,0.07136296097686759,0.40140713629702496,0.4329681632464416,0.07136296097686759,0.39754673224355147,0.19314571800467234,0.4117084108434425,0.07136296097686759,0.39439279476889294,0.1927645304115052,0.40707937433392716,0.39001034840988513,0.19060181156212125,0.07136296097686759,0.07136296097686759,0.4138832897554076,0.07136296097686759,0.07136296097686759,0.07176165957033431,0.43438424628382305,0.07136296097686759,0.07136296097686759,0.4014547197157776,0.07136296097686759,0.07136296097686759,0.07136296097686759,0.18976191172086895,0.39341889816124204,0.07136296097686759,0.07136296097686759,0.3937193622467227,0.07136296097686759,0.07136296097686759,0.1894901214873111,0.39093495269125994,0.07136296097686759,0.0718864698146994,0.39400748184672574,0.07136296097686759,0.07136296097686759,0.1922320166943578,0.35473094373402503,0.07136296097686759,0.07136296097686759,0.07136296097686759,0.34986263706406723,0.07188378800368206,0.19309123697849587,0.07136296097686759,0.4018227703745852,0.07136296097686759,0.07136296097686759,0.403450450573683,0.07136296097686759,0.1917211934891684,0.07136296097686759,0.4090612331491844,0.0718864698146994,0.07136296097686759,0.07136296097686759,0.3974527804753959,0.19388295991909382
0.8408964152537145,0.9577967838505107,0.8430294625081642,1.0,0.8414844273755182,0.8409221088501171,0.909503093865592,0.8408964152537145,0.8993029779481762,0.8537390364802977,0.8983809184029484,0.8408964152537145,0.8982837886833523,0.8535789738022002,0.8974237377755648,0.899007349259944,0.8532743271173258,0.8408964152537145,0.8975437445541726,0.9069314570094007,0.8408964152537145,0.896077767554586,0.8408964152537145,0.9127372688127414,0.8408964152537145,0.8978296999799115,0.8408964152537145,0.9094269786536775,0.8976612378824367,0.8408964152537145,0.9088610255220684,0.8409371024474984,0.8984135538310621,0.8538703662744187,0.8977631657852149,0.8408964152537145,0.8976520426780601,0.9084549587436547,0.8408964152537145,0.8408964152537145,0.9076475044508334,0.8980302786467809,0.8413680078792265,0.8968511095555111,0.8539519522641082,0.9006669524737101,0.8408964152537145,0.8984554230007175,0.9079871886682214,0.8408964152537145,0.8408964152537145,0.9087101871843491,0.8994542265260593,0.8409204068235111,0.9093870553761834,0.8408964152537145,0.8978432181333069,0.8409205689217284,0.9107043727224868,0.8408964152537145,0.8977101409607551,0.8408964152537145,0.9082996087731021,0.8408964152537145,0.8993428678111831,0.907884093293792,0.8408964152537145,0.8983186287019689,0.8541192310311262,0.9020990858252886,0.8408964152537145,0.897485480608568,0.8540602846058694,0.9008564790181011,0.896333405911962,0.8537278055896986,0.8408964152537145,0.8408964152537145,0.9026851183202146,0.8408964152537145,0.8408964152537145,0.8409204068235111,0.9082736235970056,0.8408964152537145,0.8408964152537145,0.8993555227881692,0.8408964152537145,0.8408964152537145,0.8408964152537145,0.8535995871163856,0.8972288909277374,0.8408964152537145,0.8408964152537145,0.8973080189904337,0.8408964152537145,0.8408964152537145,0.853558203990305,0.8965759194878156,0.8408964152537145,0.8409279442914513,0.8973839248935804,0.8408964152537145,0.8408964152537145,0.8539781105620361,0.8873188586798963,0.8408964152537145,0.8408964152537145,0.8408964152537145,0.8861144296946716,0.8409277821974991,0.8541107998101691,0.8408964152537145,0.8994534317264139,0.8408964152537145,0.8408964152537145,0.8998869469245281,0.8408964152537145,0.8538994736370951,0.8408964152537145,0.9013876893066791,0.8409279442914513,0.8408964152537145,0.8408964152537145,0.8982937623852524,0.8542335306548159
0.03741664578664092,0.6070730466655254,0.08057700934857463,0.8414844273755182,0.05291510200178777,0.03822457502369047,0.4346927802370042,0.03741664578664092,0.39668839717351145,0.18073891140315276,0.3931708348908884,0.03741664578664092,0.3927993728230682,0.17963212543685697,0.389502333252084,0.3955623122770863,0.17750837613953765,0.03741664578664092,0.38996324261148235,0.4252498445904143,0.03741664578664092,0.3843132153130014,0.03741664578664092,0.4464607968347764,0.03741664578664092,0.3910603807996224,0.03741664578664092,0.43441443678832464,0.39041422651870966,0.03741664578664092,0.4323426896466123,0.03868828382542715,0.39329560561044946,0.18164247301114295,0.39080524738145417,0.03741664578664092,0.3903789415193042,0.4308538753314407,0.03741664578664092,0.03741664578664092,0.4278873967347316,0.39182900863673165,0.050225398283151645,0.3872991334756074,0.1822017586860929,0.4018637039383401,0.03741664578664092,0.3934556491287732,0.42913633819242275,0.03741664578664092,0.03741664578664092,0.43178988391928647,0.39726390673531614,0.038171581797895836,0.4342684156185569,0.03741664578664092,0.3911122073589356,0.038176631940848534,0.4390769691347522,0.03741664578664092,0.39060185603459624,0.03741664578664092,0.4302837668099618,0.03741664578664092,0.3968402205890317,0.4287574328917179,0.03741664578664092,0.3929326351815261,0.18334367856756145,0.4072633235606053,0.03741664578664092,0.38973950376014344,0.18294201550283246,0.4025802559638591,0.3853016004786404,0.18066145273124395,0.03741664578664092,0.03741664578664092,0.40946319866609654,0.03741664578664092,0.03741664578664092,0.038171581797895836,0.4301883766884567,0.03741664578664092,0.03741664578664092,0.3968883802315037,0.03741664578664092,0.03741664578664092,0.03741664578664092,0.17977500536426977,0.38875338441339785,0.03741664578664092,0.03741664578664092,0.3890576255372241,0.03741664578664092,0.03741664578664092,0.179488056879094,0.38623800321001045,0.03741664578664092,0.038405710960285416,0.38934936187063446,0.03741664578664092,0.03741664578664092,0.1823807512295874,0.3495280482477653,0.03741664578664092,0.03741664578664092,0.03741664578664092,0.34458397794572476,0.03840069094394032,0.1832862764326505,0.03741664578664092,0.39726088355699324,0.03741664578664092,0.03741664578664092,0.3989081637735678,0.03741664578664092,0.18184218662415752,0.03741664578664092,0.4045853872959484,0.038405710960285416,0.03741664578664092,0.03741664578664092,0.3928375243731556,0.18412027529120417
0.007817468666030255,0.6060467819635624,0.07178986149646896,0.8409221088501171,0.03822457502369047,0.011055570190386393,0.4331776437858971,0.007817468666030255,0.3950181413511335,0.17699815465715424,0.3914848247939029,0.007817468666030255,0.39111168364583965,0.17586778032371544,0.3877996093941516,0.39388704149051906,0.173697920386917,0.007817468666030255,0.3882626348533777,0.4236985366206189,0.007817468666030255,0.3825863385991425,0.007817468666030255,0.44498880818366965,0.007817468666030255,0.3893647913328419,0.007817468666030255,0.4328982544540541,0.3887156847544441,0.007817468666030255,0.43081868457148903,0.012565462220965242,0.3916101588353202,0.17792075417296607,0.3891084932961613,0.007817468666030255,0.3886802382730251,0.4293242067410761,0.007817468666030255,0.007817468666030255,0.4263463373791364,0.3901369191671863,0.03440494163316164,0.38558622911251866,0.17849172662010887,0.4002161590687866,0.007817468666030255,0.39177092443775513,0.4276000919249764,0.007817468666030255,0.007817468666030255,0.43026378006173205,0.3955962036715277,0.010870931386752263,0.432751684123241,0.007817468666030255,0.3894168542930539,0.010888650941461223,0.43757814913663345,0.007817468666030255,0.3889041724984339,0.007817468666030255,0.4287519201312521,0.007817468666030255,0.39517063887274273,0.42721972910747685,0.007817468666030255,0.39124554871759953,0.17965728034433723,0.4056389019620035,0.007817468666030255,0.3880378693719113,0.1792473388013577,0.4009358127408889,0.3835793713954916,0.17691905482567621,0.007817468666030255,0.007817468666030255,0.4078480358851923,0.007817468666030255,0.007817468666030255,0.010870931386752263,0.42865616506413634,0.007817468666030255,0.007817468666030255,0.3952190122467231,0.007817468666030255,0.007817468666030255,0.007817468666030255,0.1760137221815709,0.387047211984303,0.007817468666030255,0.007817468666030255,0.3873528555041578,0.007817468666030255,0.007817468666030255,0.17572061928252491,0.3845201566627034,0.007817468666030255,0.0116664538801515,0.3876459346605674,0.007817468666030255,0.007817468666030255,0.17867444380524675,0.34762175385525623,0.007817468666030255,0.007817468666030255,0.007817468666030255,0.34264936985305566,0.011649917432351692,0.1795986974062631,0.007817468666030255,0.3955931671014703,0.007817468666030255,0.007817468666030255,0.39724771621365035,0.007817468666030255,0.17812464946536463,0.007817468666030255,0.40294956922831315,0.0116664538801515,0.007817468666030255,0.007817468666030255,0.391150007785226,0.18044977786927627
0.4331083506890564,0.7315688654246332,0.438842434131668,0.909503093865592,0.4346927802370042,0.4331776437858971,0.6070469836320515,0.4331083506890564,0.5818049943643743,0.4671224235375595,0.5795247691829956,0.4331083506890564,0.5792845622863756,0.46670536029690024,0.577157512569635,0.5810739259438453,0.4659111373400659,0.4331083506890564,0.5774543215625052,0.6006764240005442,0.4331083506890564,0.57382820798515,0.4331083506890564,0.6150707065564832,0.4331083506890564,0.5781615491559453,0.4331083506890564,0.6068583220481698,0.5777449099423284,0.4331083506890564,0.6054557512137526,0.43321807748004193,0.5796054778884429,0.46746450457807254,0.5779969982059768,0.4331083506890564,0.5777221682035535,0.6044496460823751,0.4331083506890564,0.4331083506890564,0.602449556444943,0.5786576091024405,0.43437931026562615,0.5757411833108296,0.46767696346817617,0.5851779608992228,0.4331083506890564,0.5797090217023926,0.6032908825906363,0.4331083506890564,0.4331083506890564,0.6050819998678987,0.5821790181798815,0.43317305375929643,0.6067593697855559,0.4331083506890564,0.5781949818202268,0.43317349090693513,0.6100254992300536,0.4331083506890564,0.5778658574806176,0.4331083506890564,0.6040647861307017,0.4331083506890564,0.5819036384919569,0.6030355247710417,0.4331083506890564,0.5793707237021944,0.4681124514250408,0.588719655771187,0.4331083506890564,0.5773102197286345,0.467959011311477,0.585646645775052,0.5744605959577327,0.4670931650870773,0.4331083506890564,0.4331083506890564,0.5901690623133811,0.4331083506890564,0.4331083506890564,0.43317305375929643,0.6040004136759031,0.4331083506890564,0.4331083506890564,0.5819349331121791,0.4331083506890564,0.4331083506890564,0.4331083506890564,0.466759079520343,0.5766755942669152,0.4331083506890564,0.4331083506890564,0.5768713046585154,0.4331083506890564,0.4331083506890564,0.4666512306377995,0.5750604893617383,0.4331083506890564,0.43319338062381485,0.5770590436322267,0.4331083506890564,0.4331083506890564,0.46774507412342115,0.552128448486171,0.4331083506890564,0.4331083506890564,0.4331083506890564,0.5491371788579202,0.43319294349771004,0.46809050585766865,0.4331083506890564,0.5821770527177159,0.4331083506890564,0.4331083506890564,0.583249089244097,0.4331083506890564,0.46754030792360995,0.4331083506890564,0.5869603125940143,0.43319338062381485,0.4331083506890564,0.4331083506890564,0.5793092278635988,0.4684099194296045
0.0,0.605999884390695,0.07136296097686759,0.8408964152537145,0.03741664578664092,0.007817468666030255,0.4331083506890564,0.0,0.394941726675378,0.17682551816593567,0.3914076863550896,0.0,0.3910344680634446,0.1756940309748212,0.3877217030125473,0.3938103964334846,0.17352199427029405,0.0,0.3881848257053957,0.4236275836238262,0.0,0.3825073222883397,0.0,0.4449214945567715,0.0,0.38928721276591965,0.0,0.43282891336812307,0.3886379705361319,0.0,0.4307489845369282,0.009837582267524266,0.391533046277506,0.17774901551904054,0.38903086121804,0.0,0.38860251663488593,0.4292542468217577,0.0,0.0,0.4262758547329678,0.39005950141302603,0.03350503295090708,0.38550785491893713,0.17832053897157607,0.40014078759141186,0.0,0.3916938450548688,0.4275298301587244,0.0,0.0,0.4301939837204735,0.3955199062628224,0.007554093847826101,0.4326823178395709,0.0,0.3893392865880782,0.007579571440512627,0.4375096046535427,0.0,0.3888264977140952,0.0,0.4286818602619569,0.0,0.39509425516388863,0.4271494004543945,0.0,0.3911683608263556,0.17948720663529028,0.40556459243094245,0.0,0.3879600130510477,0.17907687495306218,0.4008605837191442,0.3835005686806539,0.17674634092245342,0.0,0.0,0.4077741515158206,0.0,0.0,0.007554093847826101,0.4285860884477499,0.0,0.0,0.395142638356174,0.0,0.0,0.0,0.17584011731542232,0.38696914713917485,0.0,0.0,0.3872748551003449,0.0,0.0,0.17554672400120722,0.3844415553531326,0.0,0.008659868957774463,0.38756799595995034,0.0,0.0,0.17850343174162478,0.3475344854153308,0.0,0.0,0.0,0.34256079796161737,0.008637578342361424,0.17942856805302573,0.0,0.3955168690775898,0.0,0.0,0.39717175209081573,0.0,0.1779531079813197,0.0,0.4028747363334053,0.008659868957774463,0.0,0.0,0.3910728001323131,0.18028045335883225
0.394941726675378,0.7126158947363245,0.40125713026020443,0.8993029779481762,0.39668839717351145,0.3950181413511335,0.5818049943643743,0.394941726675378,0.555103312292676,0.43218892557367655,0.5526866516982113,0.394941726675378,0.5524320248580015,0.43173511775683654,0.5501768868792959,0.5543285891781667,0.4308707400762655,0.394941726675378,0.5504916125683511,0.5750743296226193,0.394941726675378,0.5466456365876119,0.394941726675378,0.5902749803133357,0.394941726675378,0.5512414748578209,0.394941726675378,0.5816057436449057,0.5507997285034043,0.394941726675378,0.5801243076389496,0.395062729496385,0.552772203418438,0.43256109631973383,0.5510670111863177,0.394941726675378,0.5507756155264983,0.5790614747999103,0.394941726675378,0.394941726675378,0.5769482230002763,0.5517673919570873,0.396342927746868,0.5486748669069212,0.4327922212158451,0.558676628250863,0.394941726675378,0.5528819589938103,0.5778372137796323,0.394941726675378,0.394941726675378,0.5797294981204428,0.5554996384329915,0.39501307966017146,0.5815012356159226,0.394941726675378,0.551276921014663,0.3950135617289111,0.5849500936383207,0.394941726675378,0.550927967321397,0.394941726675378,0.5786548805182083,0.394941726675378,0.5552078404773494,0.5775673986770005,0.394941726675378,0.5525233597044398,0.43326591721103547,0.56242685181176,0.394941726675378,0.5503388138741023,0.43309902291436775,0.5591730157727453,0.5473165220195758,0.4321570914923727,0.394941726675378,0.394941726675378,0.5639610640705734,0.394941726675378,0.394941726675378,0.39501307966017146,0.5785868708597295,0.394941726675378,0.394941726675378,0.5552410014869904,0.394941726675378,0.394941726675378,0.394941726675378,0.43179357347965946,0.5496658478029883,0.394941726675378,0.394941726675378,0.5498733888384794,0.394941726675378,0.394941726675378,0.4316762143112619,0.5479528742984002,0.394941726675378,0.3950354952032277,0.5500724708085722,0.394941726675378,0.394941726675378,0.43286631230221495,0.523582851307646,0.394941726675378,0.394941726675378,0.394941726675378,0.5203968622627098,0.3950350131625872,0.43324204791407095,0.394941726675378,0.5554975558304717,0.394941726675378,0.394941726675378,0.5566333969425407,0.394941726675378,0.4326435614571239,0.394941726675378,0.5605641544951342,0.3950354952032277,0.394941726675378,0.394941726675378,0.5524581715615998,0.43358944334651567
0.17682551816593567,0.629395627920459,0.19067522281354898,0.8537390364802977,0.18073891140315276,0.17699815465715424,0.4671224235375595,0.17682551816593567,0.43218892557367655,0.2500079040563255,0.42897929037610666,0.17682551816593567,0.42864060328369746,0.24921007887654067,0.425636658641665,0.4311609415750358,0.24768578418682238,0.17682551816593567,0.42605635645785717,0.4584018222427938,0.17682551816593567,0.4209169698983223,0.17682551816593567,0.47802391842181374,0.17682551816593567,0.42705570856942515,0.17682551816593567,0.4668650186187224,0.42646709169284586,0.17682551816593567,0.4649497833984352,0.17709882674473673,0.42909306339042125,0.2506609635907817,0.4268232755514979,0.17682551816593567,0.4264349530673109,0.46357417160474623,0.17682551816593567,0.17682551816593567,0.4608350937113751,0.42775609104748685,0.1799702267818075,0.4236315386958314,0.25106596640017514,0.43691903298836554,0.17682551816593567,0.4292390083089479,0.46198799400088025,0.17682551816593567,0.17682551816593567,0.46443893890099164,0.43271447024078713,0.17698672338870958,0.466729990377666,0.17682551816593567,0.4271029267761559,0.17698781211281756,0.47117955481152474,0.17682551816593567,0.42663799787095974,0.17682551816593567,0.4630475743393451,0.17682551816593567,0.4323275566612037,0.46163817925538564,0.17682551816593567,0.42876210188892816,0.25189470047704987,0.4418638019620155,0.17682551816593567,0.42585261314781314,0.25160292089946223,0.4375746652056356,0.421815161251706,0.2499519919971055,0.17682551816593567,0.17682551816593567,0.44388110808432646,0.17682551816593567,0.17682551816593567,0.17698672338870958,0.4629594733375148,0.17682551816593567,0.17682551816593567,0.43237153327284295,0.17682551816593567,0.17682551816593567,0.17682551816593567,0.24931294192473358,0.4249548427493375,0.17682551816593567,0.17682551816593567,0.4252317878941105,0.17682551816593567,0.17682551816593567,0.2491063997951809,0.42266645507935874,0.17682551816593567,0.1770373419629631,0.4254973822344225,0.17682551816593567,0.17682551816593567,0.25119570680253306,0.38956325415698295,0.17682551816593567,0.17682551816593567,0.17682551816593567,0.38515160438514773,0.17703625354404373,0.25185298352523927,0.17682551816593567,0.43271170922817753,0.17682551816593567,0.17682551816593567,0.434216610181986,0.17682551816593567,0.25080551720544636,0.17682551816593567,0.43941023931299994,0.1770373419629631,0.17682551816593567,0.17682551816593567,0.428675386348241,0.2524596922655918
0.3914076863550896,0.7109122886917567,0.3977820314425651,0.8983809184029484,0.3931708348908884,0.3914848247939029,0.5795247691829956,0.3914076863550896,0.5526866516982113,0.42897929037610666,0.550257181537767,0.3914076863550896,0.5500012002616291,0.42852184097447027,0.5477340262845101,0.5519078310454274,0.42765050779889874,0.3914076863550896,0.548050436075773,0.5727605478502057,0.3914076863550896,0.5441837817837677,0.3914076863550896,0.5880362505503126,0.3914076863550896,0.5488043051675949,0.3914076863550896,0.579324532640082,0.5483601993669491,0.3914076863550896,0.5778357527066904,0.39152983513479617,0.5503431881273717,0.4293544424279152,0.5486289099877757,0.3914076863550896,0.5483359575179694,0.576767635450754,0.3914076863550896,0.3914076863550896,0.5746438372896621,0.5493330276522873,0.3928221171592338,0.5462239492972057,0.42958741642581366,0.5562787598942898,0.3914076863550896,0.5504535271101079,0.5755372710529646,0.3914076863550896,0.3914076863550896,0.577438981722535,0.5530850707962951,0.39147971516919483,0.5792195073599715,0.3914076863550896,0.5488399405278449,0.3914802018031308,0.5826853696421621,0.3914076863550896,0.5484891234188731,0.3914076863550896,0.5763590160985673,0.3914076863550896,0.5527917320970467,0.5752661084587993,0.3914076863550896,0.5500930210507585,0.4300648966019284,0.5600485202675185,0.3914076863550896,0.5478968199310142,0.42989666990612474,0.5567777441694112,0.5448582898486596,0.4289472010686018,0.3914076863550896,0.3914076863550896,0.5615906713263851,0.3914076863550896,0.3914076863550896,0.39147971516919483,0.5762906675246844,0.3914076863550896,0.3914076863550896,0.5528250682620048,0.3914076863550896,0.3914076863550896,0.3914076863550896,0.42858076616606716,0.5472202495933398,0.3914076863550896,0.3914076863550896,0.5474289028713515,0.3914076863550896,0.3914076863550896,0.4284624643474733,0.5454980721821147,0.3914076863550896,0.391502342976592,0.547629051167102,0.3914076863550896,0.3914076863550896,0.42966209989426607,0.5209922022276011,0.3914076863550896,0.3914076863550896,0.3914076863550896,0.5177877273159451,0.39150185637149904,0.43004083680173444,0.3914076863550896,0.5530829772014544,0.3914076863550896,0.3914076863550896,0.5542248045791291,0.3914076863550896,0.42943756752886986,0.3914076863550896,0.5581761426910621,0.391502342976592,0.3914076863550896,0.3914076863550896,0.5500274860895756,0.4303910029544278
0.0,0.605999884390695,0.07136296097686759,0.8408964152537145,0.03741664578664092,0.007817468666030255,0.4331083506890564,0.0,0.394941726675378,0.17682551816593567,0.3914076863550896,0.0,0.3910344680634446,0.1756940309748212,0.3877217030125473,0.3938103964334846,0.17352199427029405,0.0,0.3881848257053957,0.4236275836238262,0.0,0.3825073222883397,0.0,0.4449214945567715,0.0,0.38928721276591965,0.0,0.43282891336812307,0.3886379705361319,0.0,0.4307489845369282,0.009837582267524266,0.391533046277506,0.17774901551904054,0.38903086121804,0.0,0.38860251663488593,0.4292542468217577,0.0,0.0,0.4262758547329678,0.39005950141302603,0.03350503295090708,0.38550785491893713,0.17832053897157607,0.40014078759141186,0.0,0.3916938450548688,0.4275298301587244,0.0,0.0,0.4301939837204735,0.3955199062628224,0.007554093847826101,0.4326823178395709,0.0,0.3893392865880782,0.007579571440512627,0.4375096046535427,0.0,0.3888264977140952,0.0,0.4286818602619569,0.0,0.39509425516388863,0.4271494004543945,0.0,0.3911683608263556,0.17948720663529028,0.40556459243094245,0.0,0.3879600130510477,0.17907687495306218,0.4008605837191442,0.3835005686806539,0.17674634092245342,0.0,0.0,0.4077741515158206,0.0,0.0,0.007554093847826101,0.4285860884477499,0.0,0.0,0.395142638356174,0.0,0.0,0.0,0.17584011731542232,0.38696914713917485,0.0,0.0,0.3872748551003449,0.0,0.0,0.17554672400120722,0.3844415553531326,0.0,0.008659868957774463,0.38756799595995034,0.0,0.0,0.17850343174162478,0.3475344854153308,0.0,0.0,0.0,0.34256079796161737,0.008637578342361424,0.17942856805302573,0.0,0.3955168690775898,0.0,0.0,0.39717175209081573,0.0,0.1779531079813197,0.0,0.4028747363334053,0.008659868957774463,0.0,0.0,0.3910728001323131,0.18028045335883225
0.3910344680634446,0.7107329132697745,0.39741509399173924,0.8982837886833523,0.3927993728230682,0.39111168364583965,0.5792845622863756,0.3910344680634446,0.5524320248580015,0.42864060328369746,0.5500012002616291,0.3910344680634446,0.5497450757664685,0.42818276675192385,0.5474766290437019,0.5516527709578856,0.42731069412014966,0.3910344680634446,0.5477932169256922,0.5725167953750173,0.3910344680634446,0.5439243758161049,0.3910344680634446,0.5878004271345993,0.3910344680634446,0.5485475097223586,0.3910344680634446,0.5790842215911364,0.5481031544200373,0.3910344680634446,0.5775946657532709,0.3911567389869925,0.5500872549491889,0.4290160722644664,0.5483720160398076,0.3910344680634446,0.5480788989432681,0.5765259901657204,0.3910344680634446,0.3910344680634446,0.5744010776664591,0.5490765288603988,0.3924503089075376,0.5459657000170692,0.429249242828231,0.5560261198906956,0.3910344680634446,0.5501976556213161,0.5752949808875157,0.3910344680634446,0.3910344680634446,0.5771976875299522,0.5528306652479359,0.39110656891204204,0.578979141663175,0.3910344680634446,0.5485831650899343,0.3911070560325666,0.5824468003722654,0.3910344680634446,0.5482321509329747,0.3910344680634446,0.5761171568478389,0.3910344680634446,0.552537163643609,0.5750236759149692,0.3910344680634446,0.5498369479396573,0.42972712526699797,0.5597979455904057,0.3910344680634446,0.5476395143372607,0.42955875693702306,0.5565253786941196,0.5445992670090719,0.42860848684392394,0.3910344680634446,0.3910344680634446,0.5613409358294777,0.3910344680634446,0.3910344680634446,0.39110656891204204,0.5760487724644622,0.3910344680634446,0.3910344680634446,0.5525705183280698,0.3910344680634446,0.3910344680634446,0.3910344680634446,0.4282417418524912,0.5469625628509555,0.3910344680634446,0.3910344680634446,0.5471713337486976,0.3910344680634446,0.3910344680634446,0.42812333982108336,0.5452394120959375,0.3910344680634446,0.39112921934393347,0.5473715948077349,0.3910344680634446,0.3910344680634446,0.4293239892683367,0.5207191695269975,0.3910344680634446,0.3910344680634446,0.3910344680634446,0.5175127378709673,0.3911287322523322,0.4297030452163798,0.3910344680634446,0.5528285704908663,0.3910344680634446,0.3910344680634446,0.5539710307912005,0.3910344680634446,0.4290992675221358,0.3910344680634446,0.5579245446984203,0.39112921934393347,0.3910344680634446,0.3910344680634446,0.549771376305576,0.43005350589269603
0.1756940309748212,0.6291044492752936,0.18962657396103308,0.8535789738022002,0.17963212543685697,0.17586778032371544,0.46670536029690024,0.1756940309748212,0.43173511775683654,0.24921007887654067,0.42852184097447027,0.1756940309748212,0.42818276675192385,0.24840967140232528,0.42517536418667107,0.4307059727378397,0.24688039713196658,0.1756940309748212,0.425595547774873,0.4579760472249976,0.1756940309748212,0.4204501523645988,0.1756940309748212,0.4776173601531732,0.1756940309748212,0.4265960530953597,0.1756940309748212,0.46644770226499815,0.4260067575714823,0.1756940309748212,0.4645305761643168,0.1759691003603164,0.4286357439113762,0.24986523999593477,0.4263633522951908,0.1756940309748212,0.42597458184291637,0.4631535979355507,0.1756940309748212,0.1756940309748212,0.4604117782289943,0.42729724088371984,0.17885867421695995,0.4231679114347972,0.2502715406744889,0.43647050422404104,0.1756940309748212,0.4287818554001929,0.4615658360031754,0.1756940309748212,0.1756940309748212,0.4640192250465015,0.4322612540673416,0.17585627543404925,0.46631254115100057,0.1756940309748212,0.42664332566924174,0.17585737117031988,0.4707664496463888,0.1756940309748212,0.42617786097055704,0.1756940309748212,0.46262647572867166,0.1756940309748212,0.43187390503675105,0.46121567058180546,0.1756940309748212,0.42830440429733735,0.2511029175917825,0.44142068373675986,0.1756940309748212,0.42539156875375667,0.2508102094979974,0.43712686009874285,0.42134940343378113,0.24915398638211608,0.1756940309748212,0.1756940309748212,0.44344016636413136,0.1756940309748212,0.1756940309748212,0.17585627543404925,0.46253828680196907,0.1756940309748212,0.1756940309748212,0.4319179311770128,0.1756940309748212,0.1756940309748212,0.1756940309748212,0.24851286830574468,0.4244927572886677,0.1756940309748212,0.1756940309748212,0.42477002400683966,0.1756940309748212,0.1756940309748212,0.24830565554005715,0.42220169787159123,0.1756940309748212,0.17590721993634104,0.4250359263848815,0.1756940309748212,0.1756940309748212,0.2504016959632108,0.38905664767826686,0.1756940309748212,0.1756940309748212,0.1756940309748212,0.38463891865817157,0.17590612451117574,0.2510610680169648,0.1756940309748212,0.4322584899498334,0.1756940309748212,0.1756940309748212,0.4337650779875456,0.1756940309748212,0.2500102573237591,0.1756940309748212,0.43896444997541645,0.17590721993634104,0.1756940309748212,0.1756940309748212,0.4282175896000236,0.25166970126947796
0.3877217030125473,0.7091452748693293,0.3941585587779269,0.8974237377755648,0.389502333252084,0.3877996093941516,0.577157512569635,0.3877217030125473,0.5501768868792959,0.425636658641665,0.5477340262845101,0.3877217030125473,0.5474766290437019,0.42517536418667107,0.5451968713753409,0.5493937830835809,0.42429668632475614,0.3877217030125473,0.5455150420035425,0.5703582600335556,0.3877217030125473,0.5416267649380683,0.3877217030125473,0.5857122961577033,0.3877217030125473,0.546273100332932,0.3877217030125473,0.5769562470552878,0.5458265276796226,0.3877217030125473,0.5754598014335287,0.38784506769815774,0.5478205084023839,0.42601495842511045,0.5460967312484445,0.3877217030125473,0.5458021510902223,0.5743861678744464,0.3877217030125473,0.3877217030125473,0.5722513596639092,0.5468047558260791,0.38915016972404776,0.5436783698085677,0.4262498846794734,0.5537886360893733,0.3877217030125473,0.5479314572857354,0.573149431900897,0.3877217030125473,0.3877217030125473,0.5750609829474923,0.5505774936651311,0.38779444891001225,0.5768506818805872,0.3877217030125473,0.5463089335067086,0.3877949403877875,0.5803342913103687,0.3877217030125473,0.5459561681652239,0.3877217030125473,0.5739754345095415,0.3877217030125473,0.5502825444910749,0.5728768625486342,0.3877217030125473,0.5475689578531432,0.4267313599800494,0.5575788114440453,0.3877217030125473,0.5453605711659006,0.4265617266373435,0.5542903340884793,0.5423050614543887,0.4256042998541346,0.3877217030125473,0.3877217030125473,0.5591292569220416,0.3877217030125473,0.3877217030125473,0.38779444891001225,0.5739067321305735,0.3877217030125473,0.3877217030125473,0.5503160637399193,0.3877217030125473,0.3877217030125473,0.3877217030125473,0.42523478508932416,0.5446802322622811,0.3877217030125473,0.3877217030125473,0.5448900485000486,0.3877217030125473,0.3877217030125473,0.42511548792503673,0.5429484307055921,0.3877217030125473,0.38781730193722724,0.5450913117315115,0.3877217030125473,0.3877217030125473,0.4263251935658464,0.5183003948582722,0.3877217030125473,0.3877217030125473,0.3877217030125473,0.5150765569858621,0.38781681048909983,0.4267070990625123,0.3877217030125473,0.5505753885805734,0.3877217030125473,0.3877217030125473,0.5517234728952275,0.3877217030125473,0.42609878031257564,0.3877217030125473,0.5556963190228847,0.38781730193722724,0.3877217030125473,0.3877217030125473,0.5475030603170489,0.4270601902551044
0.3938103964334846,0.7120695329610214,0.4001445645452911,0.899007349259944,0.3955623122770863,0.39388704149051906,0.5810739259438453,0.3938103964334846,0.5543285891781667,0.4311609415750358,0.5519078310454274,0.3938103964334846,0.5516527709578856,0.4307059727378397,0.5493937830835809,0.5535525553178261,0.42983937754273155,0.3938103964334846,0.5497090474479424,0.574332522302799,0.3938103964334846,0.5458564575528818,0.3938103964334846,0.5895571930997547,0.3938103964334846,0.550460191362673,0.3938103964334846,0.580874359720061,0.5500176903079437,0.3938103964334846,0.5793905733866873,0.3939317640254195,0.5519935282665146,0.431534062844409,0.550285429735047,0.3938103964334846,0.5499935361097753,0.5783260493760143,0.3938103964334846,0.3938103964334846,0.5762094225166091,0.5509870058103032,0.3952158088032375,0.5478891860481514,0.43176577729245125,0.5579079167618568,0.3938103964334846,0.552103470459052,0.5770998351303233,0.3938103964334846,0.3938103964334846,0.5789951361368711,0.5547255848342316,0.3938819645417225,0.5807696861497269,0.3938103964334846,0.5504956980390274,0.393882448063614,0.5842239863778528,0.3938103964334846,0.550146148306469,0.3938103964334846,0.5779188070192397,0.3938103964334846,0.5544332940100013,0.5768295888039942,0.3938103964334846,0.5517442612439702,0.432240679819951,0.5616643905671516,0.3938103964334846,0.5495559872843483,0.43207336070427893,0.5584051350154939,0.5465285016400473,0.4311290261211368,0.3938103964334846,0.3938103964334846,0.5632011427424417,0.3938103964334846,0.3938103964334846,0.3938819645417225,0.5778506888994819,0.3938103964334846,0.3938103964334846,0.5544665110499516,0.3938103964334846,0.3938103964334846,0.3938103964334846,0.43076457813689256,0.54888186836351,0.3938103964334846,0.3938103964334846,0.5490897651558835,0.3938103964334846,0.3938103964334846,0.43064691843270597,0.5471659509944844,0.3938103964334846,0.3939044476508658,0.5492891881974581,0.3938103964334846,0.3938103964334846,0.43184005724999697,0.5227524892107585,0.3938103964334846,0.3938103964334846,0.3938103964334846,0.5195605908176537,0.3939039641573086,0.43221674978322056,0.3938103964334846,0.5547234987153676,0.3938103964334846,0.3938103964334846,0.5558612548003575,0.3938103964334846,0.4316167383983896,0.3938103964334846,0.5597985962736598,0.3939044476508658,0.3938103964334846,0.3938103964334846,0.5516789621634925,0.4325650286333964
0.17352199427029405,0.6285502315333519,0.1876162444812641,0.8532743271173258,0.17750837613953765,0.173697920386917,0.4659111373400659,0.17352199427029405,0.4308707400762655,0.24768578418682238,0.42765050779889874,0.17352199427029405,0.42731069412014966,0.24688039713196658,0.42429668632475614,0.42983937754273155,0.24534151917369962,0.17352199427029405,0.42471779784969793,0.4571651957930879,0.17352199427029405,0.4195609234905949,0.17352199427029405,0.4768431848007974,0.17352199427029405,0.42572050602840167,0.17352199427029405,0.46565299622091144,0.425129914159644,0.17352199427029405,0.46373226114573257,0.1738005077659138,0.42776465889927257,0.24834499757291226,0.42548729371559324,0.17352199427029405,0.42509766755674067,0.4623526748299961,0.17352199427029405,0.17352199427029405,0.45960562167686375,0.4264232320885049,0.1767256115262565,0.42228477724484254,0.24875380064707353,0.43561620872029166,0.17352199427029405,0.427911088550891,0.4607618888375843,0.17352199427029405,0.17352199427029405,0.4632199430597083,0.43139800638803866,0.17368627149672325,0.4655175815069806,0.17352199427029405,0.4257678824530583,0.17368738094855604,0.46997978070738367,0.17352199427029405,0.425301394289976,0.17352199427029405,0.4618245506600583,0.17352199427029405,0.4310098256750283,0.46041105405735094,0.17352199427029405,0.4274325970554961,0.24959027281924534,0.4405767204200194,0.17352199427029405,0.4245133685671509,0.2492957746498004,0.4362739465856137,0.42046219908141297,0.2476293437640275,0.17352199427029405,0.17352199427029405,0.44260035907690687,0.17352199427029405,0.17352199427029405,0.17368627149672325,0.46173619390896437,0.17352199427029405,0.17352199427029405,0.43105394641203015,0.17352199427029405,0.17352199427029405,0.17352199427029405,0.24698423785243706,0.42361256840331263,0.17352199427029405,0.17352199427029405,0.42389044941201764,0.17352199427029405,0.17352199427029405,0.24677573180295004,0.42131640508218543,0.17352199427029405,0.17373785349873946,0.42415694022004796,0.17352199427029405,0.17352199427029405,0.24888475584579545,0.38809137123084997,0.17352199427029405,0.17352199427029405,0.17352199427029405,0.38366201721773446,0.1737367443697968,0.2495481675656297,0.17352199427029405,0.4313952363404068,0.17352199427029405,0.17352199427029405,0.4329050465269176,0.17352199427029405,0.24849090898994095,0.17352199427029405,0.43811538593266053,0.17373785349873946,0.17352199427029405,0.17352199427029405,0.4273455929589797,0.25016051089469804
