0.0,0.0,0.045312511433763095,0.3874129473168338,0.8408964152537145,0.5174367758175074,0.33744276869626344,0.03398085000920927,0.3916711834360869,0.0,0.33120082565375114,0.38982302530602864,0.0,0.00867760462516316,0.3281130891824789,0.3877401721881519,0.0,0.32441088145491354,0.1992071815913199,0.32859293811344065,0.00867760462516316,0.38562072739255204,0.0,0.31446932051593934,0.32409413569860734,0.2015355778758074,0.0,0.32871427582547524,0.20304782679308092,0.3256384406773027,0.31724530860871364,0.008706871507167598,0.38423847175507286,0.010483248409394713,0.3193854765541585,0.20412585608934894,0.3265376639839632,0.0,0.33223430194080106,0.20535174184100072,0.3318885791028374,0.3315690942555371,0.20311627202973326,0.0,0.3338643941732095,0.3321094743058767,0.2049128024099565,0.3314573245023096,0.3315647960636142,0.20153241431326938,0.0,0.3311836148822941,0.33007765059277594,0.2040808684551425,0.3316737979148831,0.011988869374967267,0.011589667189319185,0.3916422210189191,0.3311953495890051,0.0,0.3910187503190969,0.0,0.33169723484278546,0.3917429080923085,0.0,0.0,0.3315972266022535,0.392439369970028,0.0,0.009922234471563197,0.38259463115130954,0.3276839461676842,0.0,0.3315944916099136,0.2053418044853384,0.3312293780621043,0.0,0.39021338909425207,0.0,0.0,0.0,0.3339358267223168,0.0,0.0,0.389087017173094,0.0,0.0,0.0,0.3310877670322501,0.0,0.0,0.2021269332525324,0.3310059826389386,0.0,0.009947840274066125,0.3321098644598233,0.00867760462516316,0.0,0.20165828616356796,0.33221870085857375,0.0,0.0,0.0,0.33081886471062744,0.0,0.20483187641499903,0.32833909750963963,0.0,0.0,0.0,0.33128491183792824,0.0,0.20618664401491654,0.0,0.33229435978343236,0.0,0.0,0.3309089127637464,0.0,0.20439308034024772,0.0,0.3307847971383822,0.0,0.0,0.28535664102342645
0.0,0.0,0.045312511433763095,0.3874129473168338,0.8408964152537145,0.5174367758175074,0.33744276869626344,0.03398085000920927,0.3916711834360869,0.0,0.33120082565375114,0.38982302530602864,0.0,0.00867760462516316,0.3281130891824789,0.3877401721881519,0.0,0.32441088145491354,0.1992071815913199,0.32859293811344065,0.00867760462516316,0.38562072739255204,0.0,0.31446932051593934,0.32409413569860734,0.2015355778758074,0.0,0.32871427582547524,0.20304782679308092,0.3256384406773027,0.31724530860871364,0.008706871507167598,0.38423847175507286,0.010483248409394713,0.3193854765541585,0.20412585608934894,0.3265376639839632,0.0,0.33223430194080106,0.20535174184100072,0.3318885791028374,0.3315690942555371,0.20311627202973326,0.0,0.3338643941732095,0.3321094743058767,0.2049128024099565,0.3314573245023096,0.3315647960636142,0.20153241431326938,0.0,0.3311836148822941,0.33007765059277594,0.2040808684551425,0.3316737979148831,0.011988869374967267,0.011589667189319185,0.3916422210189191,0.3311953495890051,0.0,0.3910187503190969,0.0,0.33169723484278546,0.3917429080923085,0.0,0.0,0.3315972266022535,0.392439369970028,0.0,0.009922234471563197,0.38259463115130954,0.3276839461676842,0.0,0.3315944916099136,0.2053418044853384,0.3312293780621043,0.0,0.39021338909425207,0.0,0.0,0.0,0.3339358267223168,0.0,0.0,0.389087017173094,0.0,0.0,0.0,0.3310877670322501,0.0,0.0,0.2021269332525324,0.3310059826389386,0.0,0.009947840274066125,0.3321098644598233,0.00867760462516316,0.0,0.20165828616356796,0.33221870085857375,0.0,0.0,0.0,0.33081886471062744,0.0,0.20483187641499903,0.32833909750963963,0.0,0.0,0.0,0.33128491183792824,0.0,0.20618664401491654,0.0,0.33229435978343236,0.0,0.0,0.3309089127637464,0.0,0.20439308034024772,0.0,0.3307847971383822,0.0,0.0,0.28535664102342645
0.045312511433763095,0.045312511433763095,0.0640815006771203,0.3900236418817235,0.8417583614651137,0.5193443126671768,0.34045154062111505,0.05663848565264699,0.39425234642372187,0.045312511433763095,0.33426724191208124,0.39241693259826815,0.045312511433763095,0.046135933390425994,0.3312087901169647,0.3903485762005635,0.045312511433763095,0.3275423934118619,0.20429151699822373,0.33168405373887216,0.046135933390425994,0.3882440309822699,0.045312511433763095,0.3177009670332976,0.32722874765702564,0.20656241894331293,0.045312511433763095,0.33180423399641157,0.2080380037270027,0.3287579927263101,0.32044839213327025,0.04614144707285985,0.38687157426531243,0.0465093748137418,0.32256686286988434,0.20909021459921656,0.32964850937088874,0.045312511433763095,0.3352910320727561,0.21028705688724936,0.33494854310136746,0.3346320523860018,0.2081048019097145,0.045312511433763095,0.33690596222769925,0.3351673713290493,0.20985847841045738,0.33452133140528545,0.33462779451301705,0.20655933263357182,0.045312511433763095,0.3342501929324545,0.3331546589946184,0.20904629917120213,0.33473577418538564,0.04687170102630389,0.04677118532427217,0.3942235828684913,0.3342618173239767,0.045312511433763095,0.3936043996162797,0.045312511433763095,0.33475899141382576,0.39432357872004203,0.045312511433763095,0.045312511433763095,0.33465992086340185,0.39501526828209643,0.045312511433763095,0.046386142455658676,0.3852394721569577,0.33078375869635546,0.045312511433763095,0.3346572115222481,0.21027735362783914,0.3342955259454747,0.045312511433763095,0.3928045953088273,0.045312511433763095,0.045312511433763095,0.045312511433763095,0.3369767335705159,0.045312511433763095,0.045312511433763095,0.3916860307644547,0.045312511433763095,0.045312511433763095,0.045312511433763095,0.33415524640338956,0.045312511433763095,0.045312511433763095,0.20713937440950805,0.3340742314751035,0.045312511433763095,0.04639162640059076,0.3351677578345304,0.046135933390425994,0.045312511433763095,0.20668213254223666,0.33527557678422426,0.045312511433763095,0.045312511433763095,0.045312511433763095,0.3338888753974006,0.045312511433763095,0.20977946728641525,0.3314326371808034,0.045312511433763095,0.045312511433763095,0.045312511433763095,0.33435053786404706,0.045312511433763095,0.2111023684509202,0.045312511433763095,0.3353505287901043,0.045312511433763095,0.045312511433763095,0.33397807534669083,0.045312511433763095,0.20935107933323066,0.045312511433763095,0.33385512879975743,0.045312511433763095,0.045312511433763095,0.2889197921027318
0.3874129473168338,0.3874129473168338,0.3900236418817235,0.544772730913725,0.8973437728582612,0.6397790123044983,0.5115568325835094,0.3888834144553731,0.5477050568838047,0.3874129473168338,0.5075770852991739,0.5464305592842118,0.3874129473168338,0.38750901818752376,0.505623549651841,0.5449975414512136,0.3874129473168338,0.5032947216638861,0.4349764981459972,0.5059264719214519,0.38750901818752376,0.5435430007088412,0.3874129473168338,0.497115546260243,0.503096165706686,0.43602917902884714,0.3874129473168338,0.5060031097993587,0.43671796878366453,0.5040652619580408,0.4988298745847588,0.387509667230288,0.5425963830414808,0.38755315050541256,0.5001574542557143,0.4372114183191887,0.5046307406479948,0.3874129473168338,0.5082331970348619,0.437774999341749,0.5080135864911096,0.5078107548013445,0.4367492382634584,0.3874129473168338,0.5092703570260099,0.5081538893405374,0.43757290474289123,0.5077398208301008,0.5078080267372078,0.43602774230248525,0.3874129473168338,0.5075661684236461,0.5068653071584884,0.4371907855793464,0.5078772162739471,0.387596304232701,0.38758429956504825,0.5476850630027705,0.5075736117708908,0.3874129473168338,0.5472548209318182,0.3874129473168338,0.5078920946318618,0.5477545741063244,0.3874129473168338,0.3874129473168338,0.5078286108942217,0.5482356121556803,0.3874129473168338,0.38753854848218555,0.5414726966155788,0.5053528461589245,0.3874129473168338,0.5078268749100822,0.43777042033801833,0.5075951969199928,0.3874129473168338,0.5466995254786334,0.3874129473168338,0.3874129473168338,0.3874129473168338,0.5093158701985442,0.3874129473168338,0.3874129473168338,0.5459237760878065,0.3874129473168338,0.3874129473168338,0.3874129473168338,0.5075053773941374,0.3874129473168338,0.3874129473168338,0.4362980498764883,0.507453513720514,0.3874129473168338,0.3875391974732162,0.5081541371944833,0.38750901818752376,0.3874129473168338,0.4360849203134011,0.5082232841839068,0.3874129473168338,0.3874129473168338,0.3874129473168338,0.5073348792606589,0.3874129473168338,0.4375356815743473,0.5057661950331542,0.3874129473168338,0.3874129473168338,0.3874129473168338,0.5076304260710113,0.3874129473168338,0.43816032089535395,0.3874129473168338,0.508271359882142,0.3874129473168338,0.3874129473168338,0.507391965918291,0.3874129473168338,0.4373340481875178,0.3874129473168338,0.5073132840975318,0.3874129473168338,0.3874129473168338,0.4796836559697312
0.8408964152537145,0.8408964152537145,0.8417583614651137,0.8973437728582612,1.0,0.9330661004740427,0.8848865902283461,0.841381485824447,0.8984495217833656,0.8408964152537145,0.8834053662805608,0.8979688393469568,0.8408964152537145,0.8409280735613626,0.8826793842841124,0.8974285221768986,0.8408964152537145,0.881814924275976,0.8570940821821653,0.8827919086555831,0.8409280735613626,0.8968802631833429,0.8408964152537145,0.8795266925466436,0.8817412712502556,0.8574634373768064,0.8408964152537145,0.8828203796533982,0.857705343938913,0.8821008273615807,0.8801607098972294,0.840928287456686,0.8965235535315256,0.8409426180715597,0.8806521336514601,0.8578787574083481,0.8823107204919678,0.8408964152537145,0.883649359541836,0.8580769305901308,0.8835676821148204,0.8834922532690396,0.8577163302481388,0.8408964152537145,0.8840352233241916,0.8836198624068214,0.858005853768889,0.8834658762776453,0.8834912388130548,0.8574629329808822,0.8408964152537145,0.8834013072382024,0.8831407657360597,0.8578715045653782,0.883516968026117,0.8409568410171339,0.8409528843302935,0.8984419800549867,0.8834040747731522,0.8408964152537145,0.8982796991949422,0.8408964152537145,0.883522500896548,0.8984681998976264,0.8408964152537145,0.8408964152537145,0.8834988932582839,0.8986496589593487,0.8408964152537145,0.8409378056333443,0.8961002246040155,0.8825788433746278,0.8408964152537145,0.883498247710344,0.8580753199795791,0.8834121004774206,0.8408964152537145,0.8980702707923419,0.8408964152537145,0.8408964152537145,0.8408964152537145,0.8840521606424058,0.8408964152537145,0.8408964152537145,0.8977777387191879,0.8408964152537145,0.8408964152537145,0.8408964152537145,0.8833787047291306,0.8408964152537145,0.8408964152537145,0.8575578446179377,0.8833594220336872,0.8408964152537145,0.8409380195212416,0.8836199545899698,0.8409280735613626,0.8408964152537145,0.857483007251427,0.8836456725615005,0.8408964152537145,0.8408964152537145,0.8408964152537145,0.8833153161935514,0.8408964152537145,0.8579927640430306,0.8827323694844043,0.8408964152537145,0.8408964152537145,0.8408964152537145,0.8834251994329253,0.8408964152537145,0.858212491356554,0.8408964152537145,0.883663553985266,0.8408964152537145,0.8408964152537145,0.8833365394936031,0.8408964152537145,0.8579218677340001,0.8408964152537145,0.8833072878508323,0.8408964152537145,0.8408964152537145,0.8731192351015056
0.5174367758175074,0.5174367758175074,0.5193443126671768,0.6397790123044983,0.9330661004740427,0.7182838717882637,0.6129517421697204,0.5185105396574975,0.6421660392999137,0.5174367758175074,0.6097657551388956,0.6411282026618472,0.5174367758175074,0.5175068771248424,0.6082042432194786,0.6399619167606716,0.5174367758175074,0.6063448406554904,0.5529598652762044,0.6084462726059123,0.5175068771248424,0.6387788080254093,0.5174367758175074,0.6014224525917232,0.6061864140129033,0.5537631224767304,0.5174367758175074,0.6085075109616608,0.5542890762606341,0.6069598085990825,0.6027864444415837,0.5175073507450408,0.6380092173928563,0.5175390821585906,0.6038436026636433,0.5546660476967331,0.6074112766643547,0.5174367758175074,0.6102905578300052,0.5550967771115927,0.610114878602619,0.6099526394553262,0.5543129602245079,0.5174367758175074,0.6111205108483511,0.6102271127026084,0.5549422996340778,0.6098959054579004,0.6099504574724033,0.5537620257078715,0.5174367758175074,0.6097570245872416,0.6091966283443422,0.5546502823214141,0.6100057981734675,0.5175705745500098,0.5175618137308682,0.642149753990607,0.6097629772491526,0.5174367758175074,0.6417993470013,0.5174367758175074,0.6100176987684195,0.642206372362697,0.5174367758175074,0.5174367758175074,0.6099669213398987,0.6425982317289627,0.5174367758175074,0.5175284263373384,0.6370960620335101,0.6079879885711533,0.5174367758175074,0.6099655328374637,0.5550932767294529,0.6097802396522868,0.5174367758175074,0.6413471804971977,0.5174367758175074,0.5174367758175074,0.5174367758175074,0.6111569413862611,0.5174367758175074,0.5174367758175074,0.6407156713855874,0.5174367758175074,0.5174367758175074,0.5174367758175074,0.6097084090869089,0.5174367758175074,0.5174367758175074,0.5539683954355952,0.609666934137828,0.5174367758175074,0.517528899934772,0.6102273109785081,0.5175068771248424,0.5174367758175074,0.5538056752592574,0.6102826275357884,0.5174367758175074,0.5174367758175074,0.5174367758175074,0.6095720673381136,0.5174367758175074,0.5549138496134476,0.6083182095014992,0.5174367758175074,0.5174367758175074,0.5174367758175074,0.6098084140582374,0.5174367758175074,0.5553913785102161,0.5174367758175074,0.610321088538137,0.5174367758175074,0.5174367758175074,0.6096177163182185,0.5174367758175074,0.5547597539132808,0.5174367758175074,0.6095547992566148,0.5174367758175074,0.5174367758175074,0.5876284896334742
0.33744276869626344,0.33744276869626344,0.34045154062111505,0.5115568325835094,0.8848865902283461,0.6129517421697204,0.47566168493515704,0.339138222800904,0.5147119039674296,0.33744276869626344,0.4713395877350818,0.5133408437267183,0.33744276869626344,0.3375536000144703,0.469216157646782,0.511798792691337,0.33744276869626344,0.4666831744437816,0.3914119639704888,0.46954550514441673,0.3375536000144703,0.5102330776230883,0.33744276869626344,0.45995351336699447,0.46646712959925846,0.39258893934691974,0.33744276869626344,0.4696288237588178,0.39335870824902264,0.467521460808982,0.46182186964086647,0.3375543487477113,0.5092138323405657,0.3376045099928886,0.463268035647681,0.39391000262621223,0.46813653214008116,0.33744276869626344,0.4720524850066623,0.3945394783298215,0.47181388278168757,0.47159349676161944,0.39339364747736744,0.33744276869626344,0.47317913036311504,0.4719663206422052,0.39431377550777386,0.4715164206170605,0.4715905325041116,0.392587333420764,0.33744276869626344,0.4713277248560496,0.4705660503593869,0.3938869540152647,0.471665711675017,0.3376542893385757,0.33764044170534685,0.5146903981997659,0.4713358132118165,0.33744276869626344,0.5142275995403435,0.33744276869626344,0.47168187783026216,0.5147651651527305,0.33744276869626344,0.33744276869626344,0.4716128987604494,0.5152825442308551,0.33744276869626344,0.3375876656516286,0.5080036488291048,0.468921814274956,0.33744276869626344,0.47161101248652293,0.39453436467652747,0.4713592687370053,0.33744276869626344,0.5136302201567822,0.33744276869626344,0.33744276869626344,0.33744276869626344,0.4732285625744633,0.33744276869626344,0.33744276869626344,0.5127955571421282,0.33744276869626344,0.33744276869626344,0.33744276869626344,0.47126166527282914,0.33744276869626344,0.33744276869626344,0.3928894533485056,0.4712053058137368,0.33744276869626344,0.3375884143073328,0.4719665899278709,0.3375536000144703,0.33744276869626344,0.39265124422130504,0.4720417152343085,0.33744276869626344,0.33744276869626344,0.33744276869626344,0.4710763843238104,0.33744276869626344,0.3942722014615171,0.4693712503169672,0.33744276869626344,0.33744276869626344,0.33744276869626344,0.47139755021108115,0.33744276869626344,0.3949697474997189,0.33744276869626344,0.47209394656840575,0.33744276869626344,0.33744276869626344,0.47113842164226455,0.33744276869626344,0.39404698607543337,0.33744276869626344,0.47105291611564987,0.33744276869626344,0.33744276869626344,0.4408948698857071
0.03398085000920927,0.03398085000920927,0.05663848565264699,0.3888834144553731,0.841381485824447,0.5185105396574975,0.339138222800904,0.04805616292523825,0.39312497236294086,0.03398085000920927,0.3329288870283152,0.3912840114856719,0.03398085000920927,0.03507134066107436,0.3298577186357202,0.3892093456583279,0.03398085000920927,0.32617577394305225,0.20208231825955505,0.33033497325880745,0.03507134066107436,0.38709831609106354,0.03398085000920927,0.31629088790946625,0.32586078240412125,0.20437785444930476,0.03398085000920927,0.3304556561056749,0.20586915471217454,0.32739656554091073,0.3190507073484337,0.035078593540227,0.38572159508048676,0.03556116680145263,0.3211785944187546,0.20693243511396311,0.32829086230557186,0.03398085000920927,0.3339568837191668,0.20814173248554585,0.3336129903079733,0.33329519928811546,0.20593665899058514,0.03398085000920927,0.3355783989394579,0.33383271620219684,0.20770871044377232,0.33318402284666737,0.33329092390538556,0.2043747350315165,0.03398085000920927,0.33291176778684534,0.3318117043504853,0.20688805993524245,0.33339934749167505,0.036033748742842736,0.03590290313104539,0.39309612224924273,0.33292344008528213,0.03398085000920927,0.39247507282146843,0.03398085000920927,0.3334226601319444,0.39319641896865937,0.03398085000920927,0.03398085000920927,0.333323182359018,0.39389018579927754,0.03398085000920927,0.03539984227435748,0.3840843848572228,0.3294309019472056,0.03398085000920927,0.33332046187802844,0.20813192882366796,0.33295728760986765,0.03398085000920927,0.3916728498344158,0.03398085000920927,0.03398085000920927,0.03398085000920927,0.3356494574633513,0.03398085000920927,0.03398085000920927,0.3905508871840053,0.03398085000920927,0.03398085000920927,0.03398085000920927,0.3328164298393702,0.03398085000920927,0.03398085000920927,0.20496098162551235,0.332735080755443,0.03398085000920927,0.03540702786170165,0.3338331042921787,0.03507134066107436,0.03398085000920927,0.2044988514913775,0.3339413651132172,0.03398085000920927,0.03398085000920927,0.03398085000920927,0.3325489595636866,0.03398085000920927,0.20762887811911113,0.33008250414249984,0.03398085000920927,0.03398085000920927,0.03398085000920927,0.3330125261577252,0.03398085000920927,0.20896544702940287,0.03398085000920927,0.334016624130648,0.03398085000920927,0.03398085000920927,0.33263852781585024,0.03398085000920927,0.20719602682576252,0.03398085000920927,0.33251507357802285,0.03398085000920927,0.03398085000920927,0.28736600691152336
0.3916711834360869,0.3916711834360869,0.39425234642372187,0.5477050568838047,0.8984495217833656,0.6421660392999137,0.5147119039674296,0.39312497236294086,0.550618698308792,0.3916711834360869,0.510760346814639,0.5493523037365561,0.3916711834360869,0.39176616112185014,0.5088207774308098,0.5479284297527838,0.3916711834360869,0.5065087115408414,0.4387473681976793,0.5091215284211873,0.39176616112185014,0.5464832062442354,0.3916711834360869,0.5003746209307164,0.5063115904553322,0.4397903415195567,0.3916711834360869,0.509197617304043,0.44047280169643926,0.5072736920622597,0.5020763509822507,0.39176680278088216,0.5455426719348575,0.3918097914269949,0.5033942224111028,0.4409617274886841,0.507835099219084,0.3916711834360869,0.5114117870034517,0.4415201527836159,0.5111937390314694,0.5109923514807956,0.44050378424407427,0.3916711834360869,0.5124415818346288,0.5113330434752645,0.44131990563756246,0.51092192276758,0.5109896428464099,0.43978891801423914,0.3916711834360869,0.5107495077488308,0.510053647422175,0.4409412837217389,0.5110583396543028,0.3918524543744075,0.39184058622371604,0.550598831333418,0.5107568980435416,0.3916711834360869,0.5501713217386228,0.3916711834360869,0.5110731120708607,0.5506679012633445,0.3916711834360869,0.3916711834360869,0.5110100804035387,0.5511458884836985,0.3916711834360869,0.3917953554927161,0.5444262270996475,0.5085520160345534,0.3916711834360869,0.5110083567826736,0.44151561562239167,0.5107783293512561,0.3916711834360869,0.5496195576024849,0.3916711834360869,0.3916711834360869,0.3916711834360869,0.5124867723495928,0.3916711834360869,0.3916711834360869,0.548848750233185,0.3916711834360869,0.3916711834360869,0.3916711834360869,0.5106891500542527,0.3916711834360869,0.3916711834360869,0.4400567395108767,0.5106376561441041,0.3916711834360869,0.3917959971016334,0.5113332895658499,0.39176616112185014,0.3916711834360869,0.43984556992072665,0.5114019446612843,0.3916711834360869,0.3916711834360869,0.3916711834360869,0.51051986771755,0.3916711834360869,0.4412830229088441,0.5089624001037979,0.3916711834360869,0.3916711834360869,0.3916711834360869,0.5108133074398445,0.3916711834360869,0.44190195605363836,0.3916711834360869,0.5114496784238408,0.3916711834360869,0.3916711834360869,0.5105765472264875,0.3916711834360869,0.44108323452708637,0.3916711834360869,0.5104984265926126,0.3916711834360869,0.3916711834360869,0.4830749875382415
0.0,0.0,0.045312511433763095,0.3874129473168338,0.8408964152537145,0.5174367758175074,0.33744276869626344,0.03398085000920927,0.3916711834360869,0.0,0.33120082565375114,0.38982302530602864,0.0,0.00867760462516316,0.3281130891824789,0.3877401721881519,0.0,0.32441088145491354,0.1992071815913199,0.32859293811344065,0.00867760462516316,0.38562072739255204,0.0,0.31446932051593934,0.32409413569860734,0.2015355778758074,0.0,0.32871427582547524,0.20304782679308092,0.3256384406773027,0.31724530860871364,0.008706871507167598,0.38423847175507286,0.010483248409394713,0.3193854765541585,0.20412585608934894,0.3265376639839632,0.0,0.33223430194080106,0.20535174184100072,0.3318885791028374,0.3315690942555371,0.20311627202973326,0.0,0.3338643941732095,0.3321094743058767,0.2049128024099565,0.3314573245023096,0.3315647960636142,0.20153241431326938,0.0,0.3311836148822941,0.33007765059277594,0.2040808684551425,0.3316737979148831,0.011988869374967267,0.011589667189319185,0.3916422210189191,0.3311953495890051,0.0,0.3910187503190969,0.0,0.33169723484278546,0.3917429080923085,0.0,0.0,0.3315972266022535,0.392439369970028,0.0,0.009922234471563197,0.38259463115130954,0.3276839461676842,0.0,0.3315944916099136,0.2053418044853384,0.3312293780621043,0.0,0.39021338909425207,0.0,0.0,0.0,0.3339358267223168,0.0,0.0,0.389087017173094,0.0,0.0,0.0,0.3310877670322501,0.0,0.0,0.2021269332525324,0.3310059826389386,0.0,0.009947840274066125,0.3321098644598233,0.00867760462516316,0.0,0.20165828616356796,0.33221870085857375,0.0,0.0,0.0,0.33081886471062744,0.0,0.20483187641499903,0.32833909750963963,0.0,0.0,0.0,0.33128491183792824,0.0,0.20618664401491654,0.0,0.33229435978343236,0.0,0.0,0.3309089127637464,0.0,0.20439308034024772,0.0,0.3307847971383822,0.0,0.0,0.28535664102342645
0.33120082565375114,0.33120082565375114,0.33426724191208124,0.5075770852991739,0.8834053662805608,0.6097657551388956,0.4713395877350818,0.3329288870283152,0.510760346814639,0.33120082565375114,0.46697329321640446,0.5093770707857366,0.33120082565375114,0.33131379840686825,0.4648278902692179,0.5078212172505334,0.33120082565375114,0.4622684682160349,0.38607202477930835,0.46516065713661353,0.33131379840686825,0.5062414186535947,0.33120082565375114,0.45546732497957915,0.46205015671356947,0.38726599724582805,0.33120082565375114,0.4652448401233258,0.38804683029999815,0.4631155321922852,0.4573557106845184,0.3313145616020722,0.5052129674635915,0.33136569157915563,0.458817282265957,0.3886060233595001,0.46373702638441394,0.33120082565375114,0.4676935288347214,0.3892444922479741,0.4674524726570499,0.46722981811575903,0.3880822707452683,0.33120082565375114,0.4688317323683233,0.4676064785441446,0.3890155679937149,0.4671519481606876,0.467226823333407,0.38726436819402255,0.33120082565375114,0.4669613080613095,0.4661917714160356,0.3885826449398645,0.4673027765690145,0.33141643199954285,0.3314023170424465,0.5107386498419308,0.4669694797880006,0.33120082565375114,0.5102717333718395,0.33120082565375114,0.4673191091472688,0.5108140814828825,0.33120082565375114,0.33120082565375114,0.46724941990107266,0.5113360558661002,0.33120082565375114,0.33134852196575054,0.5039918143684246,0.46453048740440145,0.33120082565375114,0.4672475142044121,0.38923930564680137,0.46699317706751703,0.33120082565375114,0.5096690298707857,0.33120082565375114,0.33120082565375114,0.33120082565375114,0.4688816706077039,0.33120082565375114,0.33120082565375114,0.5088269111669457,0.33120082565375114,0.33120082565375114,0.33120082565375114,0.4668945674741661,0.33120082565375114,0.33120082565375114,0.3875708355429485,0.4668376268778296,0.33120082565375114,0.33134928507903116,0.46760675059899404,0.33131379840686825,0.33120082565375114,0.3873291991836501,0.4676826483449163,0.33120082565375114,0.33120082565375114,0.33120082565375114,0.4667073755896889,0.33120082565375114,0.388973400183583,0.4649845936723865,0.33120082565375114,0.33120082565375114,0.33120082565375114,0.46703185306092493,0.33120082565375114,0.389680892920106,0.33120082565375114,0.46773541659649304,0.33120082565375114,0.33120082565375114,0.4667700528891274,0.33120082565375114,0.3887449661850265,0.33120082565375114,0.4666836652437502,0.33120082565375114,0.33120082565375114,0.43619575829007984
0.38982302530602864,0.38982302530602864,0.39241693259826815,0.5464305592842118,0.8979688393469568,0.6411282026618472,0.5133408437267183,0.3912840114856719,0.5493523037365561,0.38982302530602864,0.5093770707857366,0.5480823950239836,0.38982302530602864,0.38991847472457053,0.5074314497459096,0.5466545556181989,0.38982302530602864,0.5051121211227269,0.43710973561850036,0.5077331415445915,0.38991847472457053,0.5452052916100372,0.38982302530602864,0.49895849806785375,0.5049143783505649,0.43815690651885586,0.38982302530602864,0.5078094683063159,0.43884210370988025,0.5058795105543463,0.5006656858698555,0.38991911956984965,0.544262119261888,0.3899623216597576,0.5019877632058318,0.43933298568486795,0.5064426818329103,0.38982302530602864,0.5100305352433442,0.43989364049078605,0.5098118101762383,0.5096097968529297,0.4388732103333244,0.38982302530602864,0.5110635216000917,0.5099515472497307,0.4396925944385233,0.5095391492026149,0.5096070797992879,0.4381554772966111,0.38982302530602864,0.5093661980037849,0.5086681707121753,0.4393124602005005,0.5096759901155077,0.39000519639043324,0.38999326932935957,0.549332381723762,0.5093736112869703,0.38982302530602864,0.548903687092909,0.38982302530602864,0.5096908084384186,0.5494016429853429,0.38982302530602864,0.38982302530602864,0.5096275808807635,0.5498809533202854,0.38982302530602864,0.3899478140542257,0.5431425341865317,0.5071618468511987,0.38982302530602864,0.5096258519026698,0.4398890852352671,0.5093951092565349,0.38982302530602864,0.548350391489401,0.38982302530602864,0.38982302530602864,0.38982302530602864,0.5111088519332011,0.38982302530602864,0.38982302530602864,0.5475774408838172,0.38982302530602864,0.38982302530602864,0.38982302530602864,0.5093056525387031,0.38982302530602864,0.38982302530602864,0.4384243738060913,0.5092539984047267,0.38982302530602864,0.3899484588486958,0.5099517941044177,0.38991847472457053,0.38982302530602864,0.4382123566967652,0.5100206623481641,0.38982302530602864,0.38982302530602864,0.38982302530602864,0.5091358433805259,0.38982302530602864,0.43965556449179016,0.5075735155542742,0.38982302530602864,0.38982302530602864,0.38982302530602864,0.5094301961344262,0.38982302530602864,0.44027696521125964,0.38982302530602864,0.5100685442790565,0.38982302530602864,0.38982302530602864,0.5091926993123587,0.38982302530602864,0.43945497826909585,0.38982302530602864,0.509114335508873,0.38982302530602864,0.38982302530602864,0.4816015833918206
0.0,0.0,0.045312511433763095,0.3874129473168338,0.8408964152537145,0.5174367758175074,0.33744276869626344,0.03398085000920927,0.3916711834360869,0.0,0.33120082565375114,0.38982302530602864,0.0,0.00867760462516316,0.3281130891824789,0.3877401721881519,0.0,0.32441088145491354,0.1992071815913199,0.32859293811344065,0.00867760462516316,0.38562072739255204,0.0,0.31446932051593934,0.32409413569860734,0.2015355778758074,0.0,0.32871427582547524,0.20304782679308092,0.3256384406773027,0.31724530860871364,0.008706871507167598,0.38423847175507286,0.010483248409394713,0.3193854765541585,0.20412585608934894,0.3265376639839632,0.0,0.33223430194080106,0.20535174184100072,0.3318885791028374,0.3315690942555371,0.20311627202973326,0.0,0.3338643941732095,0.3321094743058767,0.2049128024099565,0.3314573245023096,0.3315647960636142,0.20153241431326938,0.0,0.3311836148822941,0.33007765059277594,0.2040808684551425,0.3316737979148831,0.011988869374967267,0.011589667189319185,0.3916422210189191,0.3311953495890051,0.0,0.3910187503190969,0.0,0.33169723484278546,0.3917429080923085,0.0,0.0,0.3315972266022535,0.392439369970028,0.0,0.009922234471563197,0.38259463115130954,0.3276839461676842,0.0,0.3315944916099136,0.2053418044853384,0.3312293780621043,0.0,0.39021338909425207,0.0,0.0,0.0,0.3339358267223168,0.0,0.0,0.389087017173094,0.0,0.0,0.0,0.3310877670322501,0.0,0.0,0.2021269332525324,0.3310059826389386,0.0,0.009947840274066125,0.3321098644598233,0.00867760462516316,0.0,0.20165828616356796,0.33221870085857375,0.0,0.0,0.0,0.33081886471062744,0.0,0.20483187641499903,0.32833909750963963,0.0,0.0,0.0,0.33128491183792824,0.0,0.20618664401491654,0.0,0.33229435978343236,0.0,0.0,0.3309089127637464,0.0,0.20439308034024772,0.0,0.3307847971383822,0.0,0.0,0.28535664102342645
0.00867760462516316,0.00867760462516316,0.046135933390425994,0.38750901818752376,0.8409280735613626,0.5175068771248424,0.3375536000144703,0.03507134066107436,0.39176616112185014,0.00867760462516316,0.33131379840686825,0.38991847472457053,0.00867760462516316,0.01227198612729057,0.32822715024603405,0.3878361582597389,0.00867760462516316,0.32452627374995535,0.19939594427288185,0.3287068287540697,0.01227198612729057,0.385717265091045,0.00867760462516316,0.31458843745991016,0.32420964325234486,0.20172215475424546,0.00867760462516316,0.32882812344789153,0.20323301071844388,0.32575338833026385,0.3173633627666931,0.012292698367963708,0.38433537227250897,0.013608795631521448,0.3195027235763205,0.2043100595470081,0.3266522879727664,0.00867760462516316,0.33234691478836104,0.2055348427827673,0.33200131210718953,0.33168193851216987,0.2033013933967452,0.00867760462516316,0.33397644370715107,0.33222213050978555,0.2050962966114447,0.33157020772863166,0.3316776418183886,0.20171899412747948,0.00867760462516316,0.3312965936473378,0.3301910169509592,0.2042651126232927,0.3317866056884492,0.014799790869322673,0.014478301236678636,0.3917372060652517,0.33130832425491064,0.00867760462516316,0.39111389406135455,0.00867760462516316,0.33181003445299895,0.39183786755417177,0.00867760462516316,0.00867760462516316,0.33171006105423717,0.39253415279583614,0.00867760462516316,0.013181485432930481,0.38269196633846614,0.3277981600533768,0.00867760462516316,0.33170732701502337,0.20552491431182315,0.3313423408428554,0.00867760462516316,0.39030873852818593,0.00867760462516316,0.00867760462516316,0.00867760462516316,0.3340478516922781,0.00867760462516316,0.00867760462516316,0.3891826556147513,0.00867760462516316,0.00867760462516316,0.00867760462516316,0.3312007792890971,0.00867760462516316,0.00867760462516316,0.20231296295967846,0.33111902348821914,0.00867760462516316,0.013200770724810611,0.3322225205281707,0.01227198612729057,0.00867760462516316,0.20184474923988252,0.33233131912313857,0.00867760462516316,0.00867760462516316,0.00867760462516316,0.3309319710289689,0.00867760462516316,0.20501544330343707,0.32845307824431336,0.00867760462516316,0.00867760462516316,0.00867760462516316,0.3313978552273992,0.00867760462516316,0.20636900153194573,0.00867760462516316,0.3324069517822975,0.00867760462516316,0.00867760462516316,0.3310219875670532,0.00867760462516316,0.2045770423466235,0.00867760462516316,0.33089791538400887,0.00867760462516316,0.00867760462516316,0.285488113776602
0.3281130891824789,0.3281130891824789,0.3312087901169647,0.505623549651841,0.8826793842841124,0.6082042432194786,0.469216157646782,0.3298577186357202,0.5088207774308098,0.3281130891824789,0.4648278902692179,0.5074314497459096,0.3281130891824789,0.32822715024603405,0.46267155996254916,0.5058687577244695,0.3281130891824789,0.460098986481752,0.3834400295177268,0.4630060274747198,0.32822715024603405,0.5042819805497097,0.3281130891824789,0.4532622690191049,0.4598795473227817,0.38464254125006425,0.3281130891824789,0.4630906403534689,0.38542893197754985,0.4609504170625756,0.45516062520311,0.32822792079092533,0.5032489672405067,0.32827954308203494,0.4566298642110356,0.38599209221425573,0.46157510620433573,0.3281130891824789,0.46555177481798693,0.3866350775594813,0.4653094984618704,0.4650857159185943,0.3854646241739117,0.3281130891824789,0.4666957250353725,0.4654642840218483,0.3864045355277556,0.46500745124249965,0.465082705957867,0.38464090058118194,0.3281130891824789,0.4648158443112102,0.4640423979889575,0.3859685481528214,0.4651590440931356,0.3283307719185883,0.3283165211087005,0.5087989857408122,0.4648240574948784,0.3281130891824789,0.5083300293914537,0.3281130891824789,0.46517545942399435,0.5088747466477338,0.3281130891824789,0.3281130891824789,0.46510541704694636,0.5093989973514033,0.3281130891824789,0.32826220816455093,0.5020223775263675,0.4623726353922456,0.3281130891824789,0.46510350169241593,0.38662985432513697,0.4648478749888235,0.3281130891824789,0.507724688322531,0.3281130891824789,0.3281130891824789,0.3281130891824789,0.46674591485550443,0.3281130891824789,0.3281130891824789,0.5068788758635663,0.3281130891824789,0.3281130891824789,0.3281130891824789,0.4647487650872063,0.3281130891824789,0.3281130891824789,0.38494955178462587,0.464691535512084,0.3281130891824789,0.3282629786252215,0.4654645574536136,0.32822715024603405,0.3281130891824789,0.38470619382168236,0.46554083927678336,0.3281130891824789,0.3281130891824789,0.3281130891824789,0.46456062295672795,0.3281130891824789,0.3863620695275583,0.46282906448076666,0.3281130891824789,0.3281130891824789,0.3281130891824789,0.4648867471597777,0.3281130891824789,0.38707455725594125,0.3281130891824789,0.46559387449618783,0.3281130891824789,0.3281130891824789,0.46462361849982475,0.3281130891824789,0.3861320190960276,0.3281130891824789,0.4645367922023065,0.3281130891824789,0.3281130891824789,0.4338845872733179
0.3877401721881519,0.3877401721881519,0.3903485762005635,0.5449975414512136,0.8974285221768986,0.6399619167606716,0.511798792691337,0.3892093456583279,0.5479284297527838,0.3877401721881519,0.5078212172505334,0.5466545556181989,0.3877401721881519,0.3878361582597389,0.5058687577244695,0.5452222413636016,0.3877401721881519,0.503541221389028,0.43526598091432356,0.5061715126884402,0.3878361582597389,0.5437684175738821,0.3877401721881519,0.49736552071560486,0.5033427760055612,0.4363179112706814,0.3877401721881519,0.5062481082644232,0.4370062116879701,0.504311333245524,0.49907887799163536,0.387836806729744,0.5428222680334442,0.3878802516363771,0.5004057094177491,0.4374993115064705,0.5048764981902384,0.3877401721881519,0.5084769690548225,0.4380624939674117,0.5082574789024357,0.5080547584800672,0.437037458985602,0.3877401721881519,0.5095135615966728,0.5083977048276521,0.437860542183715,0.5079838634379286,0.5080520319129515,0.4363164755664541,0.3877401721881519,0.5078103063701336,0.5071098304254688,0.43747869337535533,0.5081211834860323,0.38792336729388643,0.3879113732158366,0.5479084456359608,0.5078177456297559,0.3877401721881519,0.5474784138051455,0.3877401721881519,0.5081360536814151,0.5479779227953311,0.3877401721881519,0.3877401721881519,0.5080726047747606,0.5484587261139704,0.3877401721881519,0.3878656624966947,0.5416991388815152,0.5055982038794464,0.3877401721881519,0.5080708697431843,0.4380579181982481,0.5078393189256041,0.3877401721881519,0.5469233900601492,0.3877401721881519,0.3877401721881519,0.3877401721881519,0.5095590499105472,0.3877401721881519,0.3877401721881519,0.5461480209285955,0.3877401721881519,0.3877401721881519,0.3877401721881519,0.5077495487285102,0.3877401721881519,0.3877401721881519,0.43658659094029684,0.507697713544737,0.3877401721881519,0.3878663109150933,0.5083979525457366,0.3878361582597389,0.3877401721881519,0.4363736129036624,0.5084670616363312,0.3877401721881519,0.3877401721881519,0.3877401721881519,0.5075791442709896,0.3877401721881519,0.4378233453326525,0.5060113243018207,0.3877401721881519,0.3877401721881519,0.3877401721881519,0.5078745287326509,0.3877401721881519,0.4384475435488682,0.3877401721881519,0.5085151109895963,0.3877401721881519,0.3877401721881519,0.5076361995581423,0.3877401721881519,0.43762185457373914,0.3877401721881519,0.507557560976399,0.3877401721881519,0.3877401721881519,0.47994382865277024
0.0,0.0,0.045312511433763095,0.3874129473168338,0.8408964152537145,0.5174367758175074,0.33744276869626344,0.03398085000920927,0.3916711834360869,0.0,0.33120082565375114,0.38982302530602864,0.0,0.00867760462516316,0.3281130891824789,0.3877401721881519,0.0,0.32441088145491354,0.1992071815913199,0.32859293811344065,0.00867760462516316,0.38562072739255204,0.0,0.31446932051593934,0.32409413569860734,0.2015355778758074,0.0,0.32871427582547524,0.20304782679308092,0.3256384406773027,0.31724530860871364,0.008706871507167598,0.38423847175507286,0.010483248409394713,0.3193854765541585,0.20412585608934894,0.3265376639839632,0.0,0.33223430194080106,0.20535174184100072,0.3318885791028374,0.3315690942555371,0.20311627202973326,0.0,0.3338643941732095,0.3321094743058767,0.2049128024099565,0.3314573245023096,0.3315647960636142,0.20153241431326938,0.0,0.3311836148822941,0.33007765059277594,0.2040808684551425,0.3316737979148831,0.011988869374967267,0.011589667189319185,0.3916422210189191,0.3311953495890051,0.0,0.3910187503190969,0.0,0.33169723484278546,0.3917429080923085,0.0,0.0,0.3315972266022535,0.392439369970028,0.0,0.009922234471563197,0.38259463115130954,0.3276839461676842,0.0,0.3315944916099136,0.2053418044853384,0.3312293780621043,0.0,0.39021338909425207,0.0,0.0,0.0,0.3339358267223168,0.0,0.0,0.389087017173094,0.0,0.0,0.0,0.3310877670322501,0.0,0.0,0.2021269332525324,0.3310059826389386,0.0,0.009947840274066125,0.3321098644598233,0.00867760462516316,0.0,0.20165828616356796,0.33221870085857375,0.0,0.0,0.0,0.33081886471062744,0.0,0.20483187641499903,0.32833909750963963,0.0,0.0,0.0,0.33128491183792824,0.0,0.20618664401491654,0.0,0.33229435978343236,0.0,0.0,0.3309089127637464,0.0,0.20439308034024772,0.0,0.3307847971383822,0.0,0.0,0.28535664102342645
