0.7982086814221047,0.6008722030856407,0.9511823075964712,0.5831195567181314,0.5821053680879391,0.7030901572174199,0.5818614774528325,0.6851155754815575,0.7024150145667811,0.5818614774528325,0.5819037781967146,0.6833166160141289,0.6042190005823221,0.681628658322798,0.6847296955724083,0.6036211276422926,0.5818614774528325,0.6820027262668994,0.6989628360329317,0.5818614774528325,0.6793399997314891,0.6907475212316093,0.6041063319411157,0.5818614774528325,0.6826011138483927,0.7034010794823967,0.5818614774528325,0.6821466472472539,0.5819040639993853,0.7024131564793562,0.5819127808959607,0.6835674925814399,0.5818614774528325,0.7015857813430829,0.5818614774528325,0.6820450589770076,0.6049573968877281,0.6819727937375838,0.6810458133782956,0.604469616954785,0.6828256781744644,0.5826810798942548,0.6806981225860267,0.5818614774528325,0.7067786521755128,0.5818614774528325,0.6837874733609769,0.700778760252718,0.5818614774528325,0.5819040639993853,0.7020149661385298,0.6855919133107493,0.5818614774528325,0.7032684874515919,0.5818614774528325,0.6826148160729646,0.5818614774528325,0.7056610146347184,0.5818614774528325,0.6822837446738064,0.6050830793027513,0.6817233866830691,0.6852134085381196,0.6055679457391253,0.6805706369905672,0.5818614774528325,0.5818614774528325,0.7030616115992698,0.6901152671141646,0.5818614774528325,0.6818971816795334,0.6050253483140575,0.6879458028693809,0.5819037781967146,0.6988719862830541,0.5818614774528325,0.5818614774528325,0.6911516147980006,0.5818614774528325,0.5818614774528325,0.5818614774528325,0.7014597614600294,0.5818614774528325,0.5818614774528325,0.5818614774528325,0.6853101601370767,0.5818614774528325,0.5818614774528325,0.700361740902901,0.5818614774528325,0.5818614774528325,0.5819170678339775,0.6813781759100864,0.5818614774528325,0.5818614774528325,0.6041398896862085,0.6801681956147159,0.5818614774528325,0.5818614774528325,0.5818614774528325,0.6817435476432463,0.5819167820393464,0.6048435335948826,0.663706232015055,0.5818614774528325,0.5818614774528325,0.5818614774528325,0.6616444391407991,0.5818614774528325,0.6051620400853874,0.6852572154509816,0.5818614774528325,0.5819170678339775,0.5818614774528325,0.6862686751080918,0.5818614774528325,0.6047405438396662,0.5818614774528325,0.6888069927647342,0.5818614774528325,0.5818614774528325,0.5818614774528325,0.6833468496002524,0.6053426497841741,0.5818614774528325
0.6008722030856407,0.21905499467655978,0.8508074363273211,0.15986570193217498,0.1558880495395913,0.44094987502242716,0.154917584132627,0.4079546307862469,0.4397342595049512,0.154917584132627,0.1550863020764948,0.40457297206069714,0.22870987119935196,0.4013853732513411,0.4072305903101106,0.22701033883191107,0.154917584132627,0.40209301511506085,0.4334914976838964,0.154917584132627,0.397040130034022,0.4184423636773679,0.2283904003310128,0.154917584132627,0.40322354086128315,0.44150913144090775,0.154917584132627,0.40236508814291166,0.15508744143761716,0.4397309116151956,0.15512218792686125,0.405045520086803,0.154917584132627,0.4382388642685266,0.154917584132627,0.4021730531654467,0.2307944912450426,0.40203641648989813,0.40028135579897406,0.2294191658005196,0.40364734264081337,0.15815721619296733,0.3996219336285283,0.154917584132627,0.4475617342827188,0.154917584132627,0.405459617081522,0.43678102630615906,0.154917584132627,0.15508744143761716,0.4390131563757332,0.40884740970547834,0.154917584132627,0.4412706816196455,0.154917584132627,0.4032494071837458,0.154917584132627,0.44556346524148266,0.154917584132627,0.4026241643339978,0.2311477614061308,0.4015646425766284,0.40813808408964314,0.23250646816452883,0.39937999105255556,0.154917584132627,0.154917584132627,0.4408985120445897,0.4172722221872849,0.154917584132627,0.4018934234301184,0.2309855457523862,0.41324338509655106,0.1550863020764948,0.43332658659994305,0.154917584132627,0.154917584132627,0.4191893084018405,0.154917584132627,0.154917584132627,0.154917584132627,0.43801137962457826,0.154917584132627,0.154917584132627,0.154917584132627,0.40831946409852926,0.154917584132627,0.154917584132627,0.436026728919389,0.154917584132627,0.154917584132627,0.15513927350613063,0.40091112566181175,0.154917584132627,0.154917584132627,0.228485591817325,0.39861568338685976,0.154917584132627,0.154917584132627,0.154917584132627,0.4016027904276716,0.1551381345261248,0.23047405542855326,0.36656138804335153,0.154917584132627,0.154917584132627,0.154917584132627,0.3624260616353406,0.154917584132627,0.23136947725204257,0.4082202143991918,0.154917584132627,0.15513927350613063,0.154917584132627,0.4101139660463992,0.154917584132627,0.2301839018390896,0.154917584132627,0.414845237284885,0.154917584132627,0.154917584132627,0.154917584132627,0.4046299362040505,0.2318759559653855,0.154917584132627
0.9511823075964712,0.8508074363273211,1.0,0.8415507350117432,0.8410232417094727,0.9041643656142614,0.8408964152537145,0.8948648088928537,0.903816481192212,0.8408964152537145,0.8409184115345871,0.8939302503099494,0.8525566970666452,0.8930528120222846,0.894664396113559,0.8522441291678532,0.8408964152537145,0.8932473054116896,0.9020357869694955,0.8408964152537145,0.8918623086404318,0.8977864645362419,0.8524977913646256,0.8408964152537145,0.8935583794760732,0.90432453493135,0.8408964152537145,0.8933221291920872,0.8409185601522359,0.9038155235969411,0.8409230929526695,0.8940606170458589,0.8408964152537145,0.903389031389739,0.8408964152537145,0.8932693143577971,0.8529427761610444,0.8932317431750149,0.892749717221363,0.8526877291555972,0.8936751033123118,0.8413226572950024,0.8925688803061075,0.8408964152537145,0.9060627477789364,0.8408964152537145,0.8941749193071838,0.9029728576672131,0.8408964152537145,0.8409185601522359,0.903610288588666,0.8951121628692528,0.8408964152537145,0.9042562343217219,0.8408964152537145,0.893565501869205,0.8408964152537145,0.905487927224069,0.8408964152537145,0.8933934019687073,0.85300849560961,0.8931020675793551,0.894915615480428,0.8532620459573489,0.892502568679119,0.8408964152537145,0.8408964152537145,0.90414965923941,0.897458800717257,0.8408964152537145,0.8931924309547199,0.8529783078466946,0.8963338407659223,0.8409184115345871,0.9019888838080858,0.8408964152537145,0.8408964152537145,0.8979958396823101,0.8408964152537145,0.8408964152537145,0.8408964152537145,0.9033240552678368,0.8408964152537145,0.8408964152537145,0.8408964152537145,0.8949658586311237,0.8408964152537145,0.8408964152537145,0.9027577380540338,0.8408964152537145,0.8408964152537145,0.840925322171896,0.8929225619078153,0.8408964152537145,0.8408964152537145,0.8525153359860711,0.8922932203066962,0.8408964152537145,0.8408964152537145,0.8408964152537145,0.8931125503929488,0.8409251735578324,0.8528832381731506,0.8837087833825484,0.8408964152537145,0.8408964152537145,0.8408964152537145,0.8826311961231369,0.8408964152537145,0.8530497850009194,0.8949383646546591,0.8408964152537145,0.840925322171896,0.8408964152537145,0.8954635175810606,0.8408964152537145,0.8528293868622899,0.8408964152537145,0.8967805219283989,0.8408964152537145,0.8408964152537145,0.8408964152537145,0.8939459616581849,0.8531442297365726,0.8408964152537145
0.5831195567181314,0.15986570193217498,0.8415507350117432,0.05582223188133389,0.04312512435314429,0.41517985213942943,0.039472302659361115,0.3798107816942475,0.413883144398656,0.039472302659361115,0.04012955185258342,0.3761634107606678,0.17286971876798823,0.3727210726245223,0.37903023611445824,0.17061277736391867,0.039472302659361115,0.373485630854544,0.4072168111859414,0.039472302659361115,0.3680216695995433,0.3910943454703268,0.17244644039688045,0.039472302659361115,0.3747066524101742,0.41577626732804646,0.039472302659361115,0.3737795312430761,0.040133956117110306,0.4138795725615725,0.040268054777905335,0.37667336661094614,0.039472302659361115,0.4122873810058616,0.039472302659361115,0.3735720932536334,0.17562097474019608,0.3734244876585134,0.3715278369076277,0.1738079096250488,0.3751642419881551,0.05072092640771372,0.37081487866334384,0.039472302659361115,0.42222516236875096,0.039472302659361115,0.37712016963906914,0.4107310380115438,0.039472302659361115,0.040133956117110306,0.41311372692684295,0.3807729483823036,0.039472302659361115,0.41552198554351744,0.039472302659361115,0.3747345830628895,0.039472302659361115,0.42009722912812386,0.039472302659361115,0.37405936343370655,0.17608541034567252,0.3729147806272625,0.38000851889759174,0.17786692816009686,0.37055324712438586,0.039472302659361115,0.039472302659361115,0.41512507176406094,0.3898374499417793,0.039472302659361115,0.3732700070443587,0.17587221329038424,0.38550605985032194,0.04012955185258342,0.4070405457431904,0.039472302659361115,0.039472302659361115,0.3918964094327744,0.039472302659361115,0.039472302659361115,0.039472302659361115,0.41204456835015507,0.039472302659361115,0.039472302659361115,0.039472302659361115,0.3802040082847571,0.039472302659361115,0.039472302659361115,0.40992551579525977,0.039472302659361115,0.039472302659361115,0.040333841387562845,0.37220856305551553,0.039472302659361115,0.039472302659361115,0.17257260952637385,0.36972657619488564,0.039472302659361115,0.039472302659361115,0.039472302659361115,0.3729559992339991,0.04032945895233727,0.17519925895601393,0.33480607426996706,0.039472302659361115,0.039472302659361115,0.039472302659361115,0.33026080110148825,0.039472302659361115,0.1763766327062736,0.380097039657242,0.039472302659361115,0.040333841387562845,0.039472302659361115,0.3821374057851688,0.039472302659361115,0.17481702744152633,0.039472302659361115,0.387228929297925,0.039472302659361115,0.039472302659361115,0.039472302659361115,0.3762248891248091,0.17704113735756674,0.039472302659361115
0.5821053680879391,0.1558880495395913,0.8410232417094727,0.04312512435314429,0.024564775456904008,0.413686633036351,0.01736991970044777,0.3781704749549677,0.4123849454114592,0.01736991970044777,0.018815749463608145,0.3745064644657827,0.16919848798534234,0.37104813933950376,0.37738639394877443,0.16689182227084803,0.01736991970044777,0.37181627249685867,0.4056925505804205,0.01736991970044777,0.3663264529042744,0.38950365942453885,0.1687659862466083,0.01736991970044777,0.37304297460217867,0.41428532912966626,0.01736991970044777,0.3721115434133928,0.018825140902817478,0.4123813598175048,0.01910936276795122,0.3750187651048793,0.01736991970044777,0.4107830141540058,0.01736991970044777,0.37190313830330657,0.1720085790688572,0.37175484391818747,0.36984929636638225,0.17015695737915731,0.37350268398639863,0.03628037542028993,0.3691329714241697,0.01736991970044777,0.4207585100715732,0.01736991970044777,0.3754676176078996,0.40922061320533826,0.01736991970044777,0.018825140902817478,0.41161255949410974,0.37913698086306247,0.01736991970044777,0.41403007561516403,0.01736991970044777,0.37307103478567133,0.01736991970044777,0.4186226385719492,0.01736991970044777,0.37239267862948744,0.17248275989666295,0.37124275439982324,0.37836910561624687,0.17430117379403548,0.3688701013321771,0.01736991970044777,0.01736991970044777,0.41363164285982285,0.3882413702325398,0.01736991970044777,0.3715996418786234,0.1722650959160974,0.38389114030549776,0.018815749463608145,0.40551558535838705,0.01736991970044777,0.01736991970044777,0.390309148306316,0.01736991970044777,0.01736991970044777,0.01736991970044777,0.4105392591407329,0.01736991970044777,0.01736991970044777,0.01736991970044777,0.37856547744176633,0.01736991970044777,0.01736991970044777,0.4084119389155021,0.01736991970044777,0.01736991970044777,0.01924760446116465,0.3705332255682309,0.01736991970044777,0.01736991970044777,0.16889490951739528,0.3680395060218381,0.01736991970044777,0.01736991970044777,0.01736991970044777,0.37128416590147884,0.019238419253880052,0.1715779683943142,0.3329363125287939,0.01736991970044777,0.01736991970044777,0.01736991970044777,0.3283645190820172,0.01736991970044777,0.17278006602553211,0.3784580260644935,0.01736991970044777,0.01924760446116465,0.01736991970044777,0.3805075563784966,0.01736991970044777,0.17118763663945294,0.01736991970044777,0.38562155097341827,0.01736991970044777,0.01736991970044777,0.01736991970044777,0.3745682258280118,0.17345837541119202,0.01736991970044777
0.7030901572174199,0.44094987502242716,0.9041643656142614,0.41517985213942943,0.413686633036351,0.5802203585716332,0.4133271822045525,0.5565131324867149,0.5793339969821029,0.4133271822045525,0.41338953602931167,0.5541270103555083,0.4457363692560987,0.5518857222549423,0.5560015248438439,0.44488285558522456,0.4133271822045525,0.5523826160774384,0.5747970533920695,0.4133271822045525,0.5488430325730178,0.5639667893449153,0.4455755762003934,0.4133271822045525,0.5531772449914565,0.5806284526904679,0.4133271822045525,0.5525737629337777,0.413389957305027,0.5793315571768283,0.4134028059957288,0.5544599276794041,0.4133271822045525,0.578244925923763,0.4133271822045525,0.552438841514915,0.4467895766066496,0.5523428594118832,0.551111267535155,0.4460939475258722,0.5534753792438388,0.41453456831235397,0.5506491387212199,0.4133271822045525,0.5850575980510293,0.4133271822045525,0.5547518036842665,0.5771845875987294,0.4133271822045525,0.413389957305027,0.5788086514100893,0.5571445070184883,0.4133271822045525,0.5804544296832739,0.4133271822045525,0.5531954374121514,0.4133271822045525,0.5835928009234055,0.4133271822045525,0.5527558312737375,0.4469687428022648,0.5520115658032106,0.5566428226612667,0.44765967090881326,0.5504796674895756,0.4133271822045525,0.4133271822045525,0.5801828884875246,0.5631312420756512,0.4133271822045525,0.5522424274690065,0.4468864481707378,0.5602619005485443,0.41338953602931167,0.5746775472590162,0.4133271822045525,0.4133271822045525,0.5645006564058612,0.4133271822045525,0.4133271822045525,0.4133271822045525,0.5780793781120709,0.4133271822045525,0.4133271822045525,0.4133271822045525,0.5567710717088503,0.4133271822045525,0.4133271822045525,0.5766364980923139,0.4133271822045525,0.4133271822045525,0.41340912486864967,0.5515529286103783,0.4133271822045525,0.4133271822045525,0.44562347000725333,0.5499445979725412,0.4133271822045525,0.4133271822045525,0.4133271822045525,0.5520383480232509,0.41340870361364057,0.44662723401682897,0.5279335584011139,0.4133271822045525,0.4133271822045525,0.4133271822045525,0.5251585623315427,0.4133271822045525,0.44708129025458876,0.5567008918246503,0.4133271822045525,0.41340912486864967,0.4133271822045525,0.5580412286796295,0.4133271822045525,0.44648037397923845,0.4133271822045525,0.5614013455032436,0.4133271822045525,0.4133271822045525,0.4133271822045525,0.5541671335364178,0.44733868084387374,0.4133271822045525
0.5818614774528325,0.154917584132627,0.8408964152537145,0.039472302659361115,0.01736991970044777,0.4133271822045525,0.0,0.3777754476942709,0.4120242908815032,0.0,0.007233140373617236,0.37410740938289794,0.16830489174810803,0.37064521376653403,0.37699051094747954,0.1659857886019284,0.0,0.3714142124765829,0.4053255957523093,0.0,0.36591813142124596,0.3891206395955925,0.16787008402458262,0.0,0.3726422898788089,0.4139264296019985,0.0,0.3717098152137668,0.007257535565694468,0.41202070196227186,0.007965779188957318,0.37462027764914524,0.0,0.4104208687013097,0.0,0.3715011759530826,0.1711296815387837,0.37135271480290516,0.3694450131154033,0.1692684294430832,0.37310251246142395,0.03185202869125749,0.36872787296184983,0.0,0.42040547984693066,0.0,0.37506962627877416,0.4088570033164488,0.0,0.007257535565694468,0.4112511874291708,0.37874300385822635,0.0,0.4136709412177174,0.0,0.3726703814216061,0.0,0.4182676900062388,0.0,0.37199126590313214,0.1716062951854718,0.37084004844437146,0.37797429460994303,0.1734339152699275,0.36846470295996653,0.0,0.0,0.4132721413176433,0.38785704550138467,0.0,0.37119733809558486,0.17138751613552558,0.38350225707364616,0.007233140373617236,0.4051484613405225,0.0,0.0,0.3899269570414208,0.0,0.0,0.0,0.41017688588995743,0.0,0.0,0.0,0.3781708800207788,0.0,0.0,0.4080475670194477,0.0,0.0,0.008291934078641303,0.37012971787814625,0.0,0.0,0.16799969592254527,0.36763315735409063,0.0,0.0,0.0,0.3708815066496441,0.008270590587534422,0.17069684987521297,0.3324856814196924,0.0,0.0,0.0,0.32790745240614927,0.0,0.17190511981966353,0.3780633117990194,0.0,0.008291934078641303,0.0,0.38011506011270496,0.0,0.17030449517589255,0.0,0.3852344925207019,0.0,0.0,0.0,0.3741692392540897,0.17258687412046023,0.0
0.6851155754815575,0.4079546307862469,0.8948648088928537,0.3798107816942475,0.3781704749549677,0.5565131324867149,0.3777754476942709,0.5315137910567732,0.5555799256340551,0.3777754476942709,0.3778439776831733,0.528992815301969,0.4131508260169108,0.5266240008175788,0.5309733480324342,0.412224912393347,0.3777754476942709,0.5271492397186158,0.5508015001194068,0.3777754476942709,0.5234068299306637,0.539382808997833,0.4129764150749817,0.3777754476942709,0.5279891118683566,0.5569427589253522,0.3777754476942709,0.5273512794211681,0.37784444067960743,0.5555773567341543,0.37785856178699323,0.5293446039134673,0.3777754476942709,0.5544331486187398,0.3777754476942709,0.5272086698992191,0.4142929860328779,0.5271072166786446,0.5258052847477943,0.41353865263635614,0.5283041935908199,0.37910207350791336,0.5253166961722513,0.3777754476942709,0.5616041633111732,0.3777754476942709,0.529653009736464,0.5533164695717037,0.3777754476942709,0.37784444067960743,0.5550267642341006,0.5321806926526017,0.3777754476942709,0.5567595566843331,0.3777754476942709,0.528008338863171,0.3777754476942709,0.5600628426303254,0.3777754476942709,0.5275437175612754,0.4144872421535527,0.5267570269773747,0.5316507840989604,0.41523624794183706,0.5251375125664198,0.3777754476942709,0.3777754476942709,0.5564736842306035,0.5385011342089051,0.3777754476942709,0.5270010583161484,0.414398017936699,0.535472560258018,0.3778439776831733,0.5506755942198388,0.3777754476942709,0.3777754476942709,0.5399460926740764,0.3777754476942709,0.3777754476942709,0.3777754476942709,0.5542588147299347,0.3777754476942709,0.3777754476942709,0.3777754476942709,0.5317862521772578,0.3777754476942709,0.3777754476942709,0.5527391962856169,0.3777754476942709,0.3777754476942709,0.3778655063922755,0.5262721998803918,0.3777754476942709,0.3777754476942709,0.4130283661463015,0.5245717461864204,0.3777754476942709,0.3777754476942709,0.3777754476942709,0.5267853374681466,0.3778650434227259,0.41411695987306935,0.501253176228734,0.3777754476942709,0.3777754476942709,0.3777754476942709,0.4983067259631191,0.3777754476942709,0.4146092624389523,0.5317121222574239,0.3777754476942709,0.3778655063922755,0.3777754476942709,0.5331277614947408,0.3777754476942709,0.41395771258461156,0.3777754476942709,0.5366753922866344,0.3777754476942709,0.3777754476942709,0.3777754476942709,0.5290352138211017,0.41488829881952827,0.3777754476942709
0.7024150145667811,0.4397342595049512,0.903816481192212,0.413883144398656,0.4123849454114592,0.5793339969821029,0.4120242908815032,0.5555799256340551,0.5784459317148308,0.4120242908815032,0.41208685364919095,0.5531889322594766,0.4445348844984679,0.5509430407518991,0.5550672760987392,0.4436788708875853,0.4120242908815032,0.5514409574999768,0.5739002121287585,0.4120242908815032,0.5478940577016954,0.5630486077565128,0.44437362113019574,0.4120242908815032,0.5522372194805871,0.5797428743245566,0.4120242908815032,0.551632497501068,0.41208727633637215,0.5784434872151615,0.4121001680747877,0.5535225310542696,0.4120242908815032,0.5773547625365919,0.4120242908815032,0.5514972986007517,0.4455911650074998,0.5514011190392304,0.5501669890201811,0.44489350759038904,0.5525359655561125,0.41323571258867503,0.5497039056783894,0.4120242908815032,0.5841804732138239,0.4120242908815032,0.5538150040312135,0.5762923763080806,0.4120242908815032,0.41208727633637215,0.5779195747177064,0.5562125840598776,0.4120242908815032,0.5795685174187629,0.4120242908815032,0.5522554492490398,0.4120242908815032,0.5827128897977901,0.4120242908815032,0.5518149401288723,0.44577085271491573,0.5510691434939711,0.5557098797037758,0.44646378849182483,0.5495340841091834,0.4120242908815032,0.4120242908815032,0.5792964549474876,0.5622113902854797,0.4120242908815032,0.5513004804298132,0.44568831858855934,0.5593362862505766,0.41208685364919095,0.5737804735571087,0.4120242908815032,0.4120242908815032,0.5635835401506168,0.4120242908815032,0.4120242908815032,0.4120242908815032,0.5771888953261246,0.4120242908815032,0.4120242908815032,0.4120242908815032,0.5558383896268597,0.4120242908815032,0.4120242908815032,0.5757432262386,0.4120242908815032,0.4120242908815032,0.4121065081172937,0.550609561251865,0.4120242908815032,0.4120242908815032,0.44442165505581643,0.5489979074356286,0.4120242908815032,0.4120242908815032,0.4120242908815032,0.5510959808648944,0.41210608545100785,0.4454283495553409,0.5269398775211447,0.4120242908815032,0.4120242908815032,0.4120242908815032,0.5241587445653553,0.4120242908815032,0.44588372757771355,0.55576806699825,0.4120242908815032,0.4121065081172937,0.4120242908815032,0.5571111255972311,0.4120242908815032,0.4452810614895362,0.4120242908815032,0.560478024573071,0.4120242908815032,0.4120242908815032,0.4120242908815032,0.5532291376027462,0.4461418663903638,0.4120242908815032
0.5818614774528325,0.154917584132627,0.8408964152537145,0.039472302659361115,0.01736991970044777,0.4133271822045525,0.0,0.3777754476942709,0.4120242908815032,0.0,0.007233140373617236,0.37410740938289794,0.16830489174810803,0.37064521376653403,0.37699051094747954,0.1659857886019284,0.0,0.3714142124765829,0.4053255957523093,0.0,0.36591813142124596,0.3891206395955925,0.16787008402458262,0.0,0.3726422898788089,0.4139264296019985,0.0,0.3717098152137668,0.007257535565694468,0.41202070196227186,0.007965779188957318,0.37462027764914524,0.0,0.4104208687013097,0.0,0.3715011759530826,0.1711296815387837,0.37135271480290516,0.3694450131154033,0.1692684294430832,0.37310251246142395,0.03185202869125749,0.36872787296184983,0.0,0.42040547984693066,0.0,0.37506962627877416,0.4088570033164488,0.0,0.007257535565694468,0.4112511874291708,0.37874300385822635,0.0,0.4136709412177174,0.0,0.3726703814216061,0.0,0.4182676900062388,0.0,0.37199126590313214,0.1716062951854718,0.37084004844437146,0.37797429460994303,0.1734339152699275,0.36846470295996653,0.0,0.0,0.4132721413176433,0.38785704550138467,0.0,0.37119733809558486,0.17138751613552558,0.38350225707364616,0.007233140373617236,0.4051484613405225,0.0,0.0,0.3899269570414208,0.0,0.0,0.0,0.41017688588995743,0.0,0.0,0.0,0.3781708800207788,0.0,0.0,0.4080475670194477,0.0,0.0,0.008291934078641303,0.37012971787814625,0.0,0.0,0.16799969592254527,0.36763315735409063,0.0,0.0,0.0,0.3708815066496441,0.008270590587534422,0.17069684987521297,0.3324856814196924,0.0,0.0,0.0,0.32790745240614927,0.0,0.17190511981966353,0.3780633117990194,0.0,0.008291934078641303,0.0,0.38011506011270496,0.0,0.17030449517589255,0.0,0.3852344925207019,0.0,0.0,0.0,0.3741692392540897,0.17258687412046023,0.0
0.5819037781967146,0.1550863020764948,0.8409184115345871,0.04012955185258342,0.018815749463608145,0.41338953602931167,0.007233140373617236,0.3778439776831733,0.41208685364919095,0.007233140373617236,0.010229205266780523,0.3741766387014978,0.16846018483228878,0.3707151151157286,0.3770591895125875,0.1661432527666995,0.007233140373617236,0.3714839635389348,0.40538925217682925,0.007233140373617236,0.3659889696878523,0.3891870849063096,0.16802577961182566,0.007233140373617236,0.3727118021486746,0.41398868772960196,0.007233140373617236,0.37177950866197434,0.010246469755838003,0.4120832653071764,0.010759737855582,0.3746894084124823,0.007233140373617236,0.41048369027166887,0.007233140373617236,0.37157091005693366,0.17128240932449884,0.37142247786226495,0.36951515020144693,0.169422837917635,0.37317193562533235,0.0326629763441273,0.368798151596005,0.007233140373617236,0.42046671918148487,0.007233140373617236,0.3751386709015604,0.4089200790940749,0.007233140373617236,0.010246469755838003,0.4113138747502845,0.3788113514997542,0.007233140373617236,0.41373324011473844,0.007233140373617236,0.3727398882465888,0.007233140373617236,0.4183292623223279,0.007233140373617236,0.37206090457571567,0.17175859843516192,0.37090991166105813,0.3780427870522527,0.1735846121397569,0.36853503366876345,0.007233140373617236,0.007233140373617236,0.41333450394489035,0.3879237173557207,0.007233140373617236,0.37126713148263846,0.17154001396716015,0.3835697203426311,0.010229205266780523,0.40521214713495135,0.007233140373617236,0.007233140373617236,0.38999325850640204,0.007233140373617236,0.007233140373617236,0.007233140373617236,0.41023974700298116,0.007233140373617236,0.007233140373617236,0.007233140373617236,0.3782393353799596,0.007233140373617236,0.007233140373617236,0.4081107750726022,0.007233140373617236,0.007233140373617236,0.011003385434698719,0.37019972030145154,0.007233140373617236,0.007233140373617236,0.16815527131045047,0.367703653067477,0.007233140373617236,0.007233140373617236,0.007233140373617236,0.3709513617571212,0.010987310364152424,0.17084996524487608,0.33256386733278587,0.007233140373617236,0.007233140373617236,0.007233140373617236,0.3279867561420227,0.007233140373617236,0.17205715809201996,0.3781317874449774,0.007233140373617236,0.011003385434698719,0.007233140373617236,0.3801831506677043,0.007233140373617236,0.17045796357967063,0.007233140373617236,0.38530163898164504,0.007233140373617236,0.007233140373617236,0.007233140373617236,0.3742384566776807,0.17273831128074943,0.007233140373617236
0.6833166160141289,0.40457297206069714,0.8939302503099494,0.3761634107606678,0.3745064644657827,0.5541270103555083,0.37410740938289794,0.528992815301969,0.5531889322594766,0.37410740938289794,0.3741766387014978,0.5264577051803846,0.4098145069229801,0.5240755135966209,0.5284493509405092,0.40888059189743575,0.37410740938289794,0.5246037267073967,0.5483853751091546,0.37410740938289794,0.5208400232063014,0.5369052958960281,0.40963859132818037,0.37410740938289794,0.5254483450955945,0.554558875409714,0.37410740938289794,0.5248069092435566,0.37417710642185964,0.5531863499337483,0.3741913716008351,0.5268114724413338,0.37410740938289794,0.5520361528337603,0.37410740938289794,0.524663493124687,0.4109664914133084,0.5245614658789393,0.5232521522087241,0.41020567513019457,0.5257652043525006,0.37544753016661275,0.522760786023504,0.37410740938289794,0.5592444091442405,0.37410740938289794,0.5271216112239931,0.5509136114526274,0.37410740938289794,0.37417710642185964,0.5526328777853639,0.5296634386535182,0.37410740938289794,0.5543747188801561,0.37410740938289794,0.5254676806069439,0.37410740938289794,0.5576951419820403,0.37410740938289794,0.5250004352704412,0.41116241347204346,0.52420929346684,0.5291305734459204,0.4119178292254383,0.522580582749004,0.37410740938289794,0.37410740938289794,0.5540873564241116,0.5360187997608341,0.37410740938289794,0.5244547066845419,0.4110724242488727,0.5329735722496546,0.3741766387014978,0.548258802690268,0.37410740938289794,0.37410740938289794,0.5374716535654096,0.37410740938289794,0.37410740938289794,0.37410740938289794,0.5518609048665886,0.37410740938289794,0.37410740938289794,0.37410740938289794,0.5292667978092461,0.37410740938289794,0.37410740938289794,0.550333300799712,0.37410740938289794,0.37410740938289794,0.37419838705517044,0.5237217179605413,0.37410740938289794,0.37410740938289794,0.4096909907073878,0.5220115932097817,0.37410740938289794,0.37410740938289794,0.37410740938289794,0.524237764323067,0.3741979193624701,0.4107889544063329,0.4985551549532458,0.37410740938289794,0.37410740938289794,0.37410740938289794,0.4955905405584109,0.37410740938289794,0.41128547946330013,0.5291922540771896,0.37410740938289794,0.37419838705517044,0.37410740938289794,0.5306157804080186,0.37410740938289794,0.4106283392606057,0.37410740938289794,0.5341830356183837,0.37410740938289794,0.37410740938289794,0.37410740938289794,0.5265003422802161,0.41156690502897814,0.37410740938289794
0.6042190005823221,0.22870987119935196,0.8525566970666452,0.17286971876798823,0.16919848798534234,0.4457363692560987,0.16830489174810803,0.4131508260169108,0.4445348844984679,0.16830489174810803,0.16846018483228878,0.4098145069229801,0.23797129996281854,0.40667027488310603,0.4124364361835974,0.23633876092380235,0.16830489174810803,0.4073682358820982,0.4383657795488174,0.16830489174810803,0.40238515920688694,0.42350212871940524,0.23766435116847054,0.16830489174810803,0.40848335910316314,0.44628914743243525,0.16830489174810803,0.40763659500026744,0.16846123362221013,0.444531575619785,0.168493218573733,0.41028067834958715,0.16830489174810803,0.44305696598067473,0.16830489174810803,0.4074471809095268,0.23997500590932025,0.4073124104211336,0.4055814225588951,0.23865290928385172,0.4089014069548929,0.1712911749724902,0.40493109449746745,0.16830489174810803,0.4522725392831389,0.16830489174810803,0.4106891984825876,0.44161626632559764,0.16830489174810803,0.16846123362221013,0.44382219595274613,0.4140317474491105,0.16830489174810803,0.44605345798794743,0.16830489174810803,0.4085088739281464,0.16830489174810803,0.4502969400299886,0.16830489174810803,0.40789213890022336,0.24031469911141878,0.4068470888113086,0.4133318389763238,0.2416215472127875,0.4046924953596609,0.16830489174810803,0.16830489174810803,0.44568560196716084,0.42234690539664693,0.16830489174810803,0.4071713715894953,0.2401587129476368,0.4183700076582843,0.16846018483228878,0.438202839384573,0.16830489174810803,0.16830489174810803,0.42423958938975026,0.16830489174810803,0.16830489174810803,0.16830489174810803,0.4428321490783196,0.16830489174810803,0.16830489174810803,0.16830489174810803,0.4135108081556947,0.16830489174810803,0.16830489174810803,0.44087087575324346,0.16830489174810803,0.16830489174810803,0.16850894664708868,0.4062025324703434,0.16830489174810803,0.16830489174810803,0.2377558080816058,0.40393877385824434,0.16830489174810803,0.16830489174810803,0.16830489174810803,0.4068847144180938,0.16850789815460906,0.23966691879057042,0.37236445816002184,0.16830489174810803,0.16830489174810803,0.16830489174810803,0.36829670928365765,0.16830489174810803,0.24052791371499194,0.4134128774049156,0.16830489174810803,0.16850894664708868,0.16830489174810803,0.41528156142312056,0.16830489174810803,0.2393879746179788,0.16830489174810803,0.4199511011299446,0.16830489174810803,0.16830489174810803,0.16830489174810803,0.40987070167734924,0.24101502954253828,0.16830489174810803
0.681628658322798,0.4013853732513411,0.8930528120222846,0.3727210726245223,0.37104813933950376,0.5518857222549423,0.37064521376653403,0.5266240008175788,0.5509430407518991,0.37064521376653403,0.3707151151157286,0.5240755135966209,0.40667027488310603,0.521680659693672,0.5260776771653248,0.4057287086853754,0.37064521376653403,0.5222116882544553,0.5461157300777354,0.37064521376653403,0.51842782562711,0.5345776025902684,0.4064929205629418,0.37064521376653403,0.5230607993411127,0.5523197027607177,0.37064521376653403,0.5224159525965397,0.37071558737558985,0.5509404457382164,0.37072999100123105,0.5244311536231921,0.37064521376653403,0.5497845886274763,0.37064521376653403,0.5222717729547027,0.40783165261651766,0.5221692023337776,0.5208529007638528,0.4070646381525844,0.5233793411175642,0.3719983014213918,0.5203589050155337,0.37064521376653403,0.5570280351998792,0.37064521376653403,0.5247429325958703,0.54865650658792,0.37064521376653403,0.37071558737558985,0.5503842521639769,0.5272981461824041,0.37064521376653403,0.5521346444515913,0.37064521376653403,0.5230802375693863,0.37064521376653403,0.5554712603995947,0.37064521376653403,0.5226105084040171,0.4080291673580362,0.5218151530509152,0.5267624830128446,0.40879071086062807,0.5201777364003783,0.37064521376653403,0.37064521376653403,0.551845873961632,0.53368654580391,0.37064521376653403,0.5220618743851257,0.40793844677242697,0.5306255633825601,0.3707151151157286,0.5459885276037432,0.37064521376653403,0.37064521376653403,0.5351468679154299,0.37064521376653403,0.37064521376653403,0.37064521376653403,0.5496084767611232,0.37064521376653403,0.37064521376653403,0.37064521376653403,0.5268994230778448,0.37064521376653403,0.37064521376653403,0.5480733251003003,0.37064521376653403,0.37064521376653403,0.37073707453837396,0.5213249757814551,0.37064521376653403,0.37064521376653403,0.4065457486103423,0.5196056953602278,0.37064521376653403,0.37064521376653403,0.37064521376653403,0.5218437757135784,0.3707366023069369,0.407652671165041,0.49601862725232926,0.37064521376653403,0.37064521376653403,0.37064521376653403,0.4930367869097214,0.37064521376653403,0.40815323305353984,0.526824487740064,0.37064521376653403,0.37073707453837396,0.37064521376653403,0.5282554776129302,0.37064521376653403,0.4074907482532167,0.37064521376653403,0.5318413005945447,0.37064521376653403,0.37064521376653403,0.37064521376653403,0.524118376512099,0.40843694264557084,0.37064521376653403
0.6847296955724083,0.4072305903101106,0.894664396113559,0.37903023611445824,0.37738639394877443,0.5560015248438439,0.37699051094747954,0.5309733480324342,0.5550672760987392,0.37699051094747954,0.3770591895125875,0.5284493509405092,0.4124364361835974,0.5260776771653248,0.5304322591565999,0.411508819259551,0.37699051094747954,0.5266035517747297,0.5502834756081936,0.37699051094747954,0.5228565908489203,0.5388516576470218,0.4122617049323087,0.37699051094747954,0.5274444384041309,0.5564316300988839,0.37699051094747954,0.5268058357490729,0.37705965351264664,0.5550647043272665,0.37707380522886774,0.5288015624932355,0.37699051094747954,0.5539192152789605,0.37699051094747954,0.5266630538231797,0.4135806876943688,0.5265614779094758,0.5252579682208757,0.41282497416763186,0.5277599000692952,0.3783200039527,0.52476878597821,0.37699051094747954,0.5610981957819696,0.37699051094747954,0.5291103387437012,0.5528012824183417,0.37699051094747954,0.37705965351264664,0.5545134959197571,0.5316410452154795,0.37699051094747954,0.556248223745004,0.37699051094747954,0.5274636885939462,0.37699051094747954,0.5595551752820656,0.37699051094747954,0.5269985064176665,0.41377529848194167,0.5262108644225879,0.5311105046267907,0.41452566893987286,0.5245893844372818,0.37699051094747954,0.37699051094747954,0.5559620325961693,0.5379689520386663,0.37699051094747954,0.5264551911244697,0.4136859114000174,0.5349368176688213,0.3770591895125875,0.5501574271659404,0.37699051094747954,0.37699051094747954,0.5394155985641773,0.37699051094747954,0.37699051094747954,0.37699051094747954,0.5537446858885445,0.37699051094747954,0.37699051094747954,0.37699051094747954,0.5312461343730872,0.37699051094747954,0.37699051094747954,0.5522233595239932,0.37699051094747954,0.37699051094747954,0.37708076488644815,0.5257254498853897,0.37699051094747954,0.37699051094747954,0.41231375143878013,0.5240229291738424,0.37699051094747954,0.37699051094747954,0.37699051094747954,0.5262392091898145,0.3770803009134373,0.41340433988839476,0.500674902179514,0.37699051094747954,0.37699051094747954,0.37699051094747954,0.4977245723576075,0.37699051094747954,0.4138975413927474,0.5311719159942174,0.37699051094747954,0.37708076488644815,0.37699051094747954,0.5325892412526714,0.37699051094747954,0.4132448013974792,0.37699051094747954,0.5361410674023356,0.37699051094747954,0.37699051094747954,0.37699051094747954,0.5284918004566617,0.4141770864235743,0.37699051094747954
0.6036211276422926,0.22701033883191107,0.8522441291678532,0.17061277736391867,0.16689182227084803,0.44488285558522456,0.1659857886019284,0.412224912393347,0.4436788708875853,0.1659857886019284,0.1661432527666995,0.40888059189743575,0.23633876092380235,0.4057287086853754,0.411508819259551,0.2346947946317059,0.1659857886019284,0.406428377497451,0.4374967381640556,0.1659857886019284,0.40143298811395456,0.4226003050221425,0.23602967558147328,0.1659857886019284,0.40754621810522396,0.445436779924187,0.1659857886019284,0.4066973918178046,0.16614431620540027,0.4436755551075412,0.166176747811739,0.40934788851418646,0.1659857886019284,0.4421978607538645,0.1659857886019284,0.40650751535274743,0.23835627948056826,0.40637241563793125,0.40463718126641113,0.23702509498655894,0.4079652811578485,0.16901311912821199,0.4039852491440675,0.1659857886019284,0.4514324194988109,0.1659857886019284,0.4097573927544372,0.44075412964225186,0.1659857886019284,0.16614431620540027,0.4429646937717325,0.4131079267611569,0.1659857886019284,0.4452006020951296,0.1659857886019284,0.40757179494604806,0.1659857886019284,0.4494528080353407,0.1659857886019284,0.4069535588928946,0.2386982915227059,0.4059059557635645,0.4124063560795913,0.24001399972875073,0.40374606029779037,0.1659857886019284,0.1659857886019284,0.44483198290614184,0.4214424465988756,0.1659857886019284,0.40623103205201005,0.2385412413688564,0.41745637626211957,0.1661432527666995,0.43733344947553104,0.1659857886019284,0.1659857886019284,0.4233394410477921,0.1659857886019284,0.1659857886019284,0.1659857886019284,0.44197257195707657,0.1659857886019284,0.1659857886019284,0.1659857886019284,0.41258575078264215,0.1659857886019284,0.1659857886019284,0.44000716373111637,0.1659857886019284,0.1659857886019284,0.16619269545690182,0.40525981874344064,0.1659857886019284,0.1659857886019284,0.23612176966715923,0.4029904717115522,0.1659857886019284,0.1659857886019284,0.1659857886019284,0.4059436734988936,0.16619163232824002,0.23804608358739754,0.3713316335504346,0.1659857886019284,0.1659857886019284,0.1659857886019284,0.36725200588661044,0.1659857886019284,0.23891295824168826,0.4124875872299633,0.1659857886019284,0.16619269545690182,0.1659857886019284,0.4143606961432094,0.1659857886019284,0.23776522543210246,0.1659857886019284,0.419041135427618,0.1659857886019284,0.1659857886019284,0.1659857886019284,0.40893692241290136,0.2394033819694566,0.1659857886019284
0.5818614774528325,0.154917584132627,0.8408964152537145,0.039472302659361115,0.01736991970044777,0.4133271822045525,0.0,0.3777754476942709,0.4120242908815032,0.0,0.007233140373617236,0.37410740938289794,0.16830489174810803,0.37064521376653403,0.37699051094747954,0.1659857886019284,0.0,0.3714142124765829,0.4053255957523093,0.0,0.36591813142124596,0.3891206395955925,0.16787008402458262,0.0,0.3726422898788089,0.4139264296019985,0.0,0.3717098152137668,0.007257535565694468,0.41202070196227186,0.007965779188957318,0.37462027764914524,0.0,0.4104208687013097,0.0,0.3715011759530826,0.1711296815387837,0.37135271480290516,0.3694450131154033,0.1692684294430832,0.37310251246142395,0.03185202869125749,0.36872787296184983,0.0,0.42040547984693066,0.0,0.37506962627877416,0.4088570033164488,0.0,0.007257535565694468,0.4112511874291708,0.37874300385822635,0.0,0.4136709412177174,0.0,0.3726703814216061,0.0,0.4182676900062388,0.0,0.37199126590313214,0.1716062951854718,0.37084004844437146,0.37797429460994303,0.1734339152699275,0.36846470295996653,0.0,0.0,0.4132721413176433,0.38785704550138467,0.0,0.37119733809558486,0.17138751613552558,0.38350225707364616,0.007233140373617236,0.4051484613405225,0.0,0.0,0.3899269570414208,0.0,0.0,0.0,0.41017688588995743,0.0,0.0,0.0,0.3781708800207788,0.0,0.0,0.4080475670194477,0.0,0.0,0.008291934078641303,0.37012971787814625,0.0,0.0,0.16799969592254527,0.36763315735409063,0.0,0.0,0.0,0.3708815066496441,0.008270590587534422,0.17069684987521297,0.3324856814196924,0.0,0.0,0.0,0.32790745240614927,0.0,0.17190511981966353,0.3780633117990194,0.0,0.008291934078641303,0.0,0.38011506011270496,0.0,0.17030449517589255,0.0,0.3852344925207019,0.0,0.0,0.0,0.3741692392540897,0.17258687412046023,0.0
