0.7684836921975604,0.5573632260639296,0.9443446095850201,0.5573812446543843,0.5609349816597154,0.5573632260639296,0.5575880639559471,0.6741878257614816,0.6569759694192325,0.6736495399460638,0.5574449230165492,0.5573632260639296,0.6551318018516492,0.671982586913394,0.5573632260639296,0.6564901555870178,0.5782998743829535,0.6539051260139224,0.5573632260639296,0.65242705146901,0.5783656726390651,0.6513943772069195,0.5573632260639296,0.680259775128075,0.6545067760313558,0.5573632260639296,0.6747214893670389,0.5573632260639296,0.557404213893599,0.6727262169197168,0.654951573328831,0.5573632260639296,0.6553799983145604,0.5794228922654715,0.6540944935677443,0.5573632260639296,0.6539819154348422,0.5796219096938742,0.6541276418659686,0.6529212928404082,0.5791176457214314,0.5581664987271375,0.6548567274232603,0.5573632260639296,0.6712824056337907,0.6593619313805484,0.5573632260639296,0.6556614089485425,0.5787805245816668,0.6538213039847992,0.5574197553021158,0.6731926122526176,0.6572511167257825,0.5573632260639296,0.6744539195364693,0.5573632260639296,0.6545618739158804,0.5797034100844137,0.6580038061978354,0.5573632260639296,0.6543944960244904,0.6726083119748936,0.5573632260639296,0.5573632260639296,0.656998892976411,0.5801967177883902,0.6525224676394379,0.6552935993585471,0.5797993296459379,0.6617021524034831,0.5574168671155357,0.6538777237940195,0.5796129845154118,0.6597020234071787,0.5573632260639296,0.65181142527406,0.5573632260639296,0.5791148866048494,0.5573632260639296,0.6626781178002046,0.5573632260639296,0.5573632260639296,0.6544218774821083,0.5787857836090634,0.5573632260639296,0.5573632260639296,0.5573632260639296,0.657050582818409,0.5574164545159705,0.5573632260639296,0.671865466494849,0.557404213893599,0.5573632260639296,0.5573632260639296,0.6533380896005885,0.5573632260639296,0.5573632260639296,0.5788203603106049,0.6521038976765385,0.5573632260639296,0.5573632260639296,0.5573632260639296,0.6535171321018802,0.5573632260639296,0.5794848641092197,0.6363002234921926,0.5573632260639296,0.5573632260639296,0.5573632260639296,0.6343157496491031,0.5573632260639296,0.5797986736248673,0.6570680029176742,0.5573632260639296,0.5573632260639296,0.5573632260639296,0.6579980836485927,0.5573632260639296,0.5794060849954089,0.5573632260639296,0.6604799191085381,0.5573632260639296,0.5573632260639296,0.6553641440013158,0.5573632260639296
0.5573632260639296,0.0,0.8408964152537145,0.0045969255918932835,0.06484665845683096,0.0,0.01624017526410207,0.39412098322181266,0.36060368764120454,0.39309900559228883,0.009788700677680385,0.0,0.3568985230217383,0.3899242738401269,0.0,0.35962998810732694,0.1584857628575458,0.3544202876118886,0.0,0.3514192261039387,0.1587402568155166,0.3493125955414827,0.0,0.4055455968687327,0.35563717917940396,0.0,0.3951326680001947,0.0,0.006933299499610307,0.3913423877608642,0.35653510360908286,0.0,0.3573986078285099,0.16277958929207162,0.35480359031851677,0.0,0.3545757508156785,0.16352982072076985,0.35487065902886405,0.3524245668369536,0.1616227658726409,0.030706066069577983,0.3563437574304947,0.0,0.3885862415351106,0.3653618671089374,0.0,0.35796507398275307,0.16033632992130828,0.3542505364199673,0.008142405707903555,0.3922302769159136,0.36115441572218865,0.0,0.3946256145442583,0.0,0.3557484857361253,0.16383615085928785,0.36265827044997656,0.0,0.3554102862348369,0.3911177423582637,0.0,0.0,0.3606495912422361,0.16567934729611183,0.35161345819465145,0.3572245756059729,0.1641960132279414,0.36999136366043933,0.007931660749859145,0.3543648000980078,0.1634962426095089,0.3660369154952197,0.0,0.35016435674565,0.0,0.1616122750553902,0.0,0.3719114386481569,0.0,0.0,0.35546562666023296,0.1603564701966543,0.0,0.0,0.0,0.3607530846912802,0.007901095464562337,0.0,0.3897006474438167,0.006933299499610307,0.0,0.0,0.3532709349353785,0.0,0.0,0.16048882981614548,0.35076088556736523,0.0,0.0,0.0,0.3536341050646329,0.0,0.16301353915891192,0.3174794065872505,0.0,0.0,0.0,0.3131307532449318,0.0,0.16419355445628495,0.3607879589852645,0.0,0.0,0.0,0.3626468518239887,0.0,0.16271608752767158,0.0,0.367578040128755,0.0,0.0,0.35736667676807155,0.0
0.9443446095850201,0.8408964152537145,1.0,0.8409052999087415,0.8426588730805369,0.8408964152537145,0.8410072837163015,0.8990884664566741,0.8905344831465226,0.8988216740539031,0.8409366991430446,0.8408964152537145,0.8896155465725223,0.8979951425691537,0.8408964152537145,0.8902924432479541,0.8512606011605988,0.8890040915976465,0.8408964152537145,0.8882671111436508,0.8512932871059951,0.887752079540562,0.8408964152537145,0.9020940541628903,0.889304013505515,0.8408964152537145,0.8993529149053988,0.8408964152537145,0.8409166257400377,0.898363921084624,0.8895257192601782,0.8408964152537145,0.8897392437359547,0.8518185565857439,0.889098495317377,0.8408964152537145,0.8890423732048678,0.8519174542280616,0.8891150200489883,0.888513569186404,0.8516668814154434,0.8412925599005453,0.8894784458751976,0.8408964152537145,0.8976478217687298,0.8917227937723693,0.8408964152537145,0.8898794859712575,0.8514993833198379,0.8889623033286401,0.8409242890669051,0.8985951637647308,0.890671553435946,0.8408964152537145,0.8992203316025391,0.8408964152537145,0.8893314777905865,0.8519579557871231,0.8910464749282154,0.8408964152537145,0.8892480449988017,0.8983054566350315,0.8408964152537145,0.8408964152537145,0.890545903329948,0.8522031244981235,0.8883146932350745,0.8896961846518044,0.8520056241349596,0.8928876215339767,0.8409228649246643,0.8889904306965122,0.8519130189238201,0.8918921164213225,0.8408964152537145,0.8879600890216951,0.8408964152537145,0.8516655104871934,0.8408964152537145,0.893373183934913,0.8408964152537145,0.8408964152537145,0.88926169403109,0.8515019961347094,0.8408964152537145,0.8408964152537145,0.8408964152537145,0.8905716542312732,0.8409226614751821,0.8408964152537145,0.8979370516634227,0.8409166257400377,0.8408964152537145,0.8408964152537145,0.8887213892728901,0.8408964152537145,0.8408964152537145,0.8515191747935543,0.8881059541576068,0.8408964152537145,0.8408964152537145,0.8408964152537145,0.8888106565614267,0.8408964152537145,0.8518493516289338,0.8802143524782927,0.8408964152537145,0.8408964152537145,0.8408964152537145,0.8792223572518382,0.8408964152537145,0.8520052981132435,0.89058033252402,0.8408964152537145,0.8408964152537145,0.8408964152537145,0.8910436247325252,0.8408964152537145,0.8518102048118812,0.8408964152537145,0.892279353690968,0.8408964152537145,0.8408964152537145,0.8897313424042816,0.8408964152537145
0.5573812446543843,0.0045969255918932835,0.8409052999087415,0.006501034517275449,0.06500938893810701,0.0045969255918932835,0.016878240927461867,0.39414746557350544,0.3606327381357228,0.3931255601792436,0.010814360172948635,0.0045969255918932835,0.3569278852956114,0.389951055066378,0.0045969255918932835,0.359659119944553,0.15855239537995816,0.3544498618818447,0.0045969255918932835,0.3514490609068182,0.1588067824215536,0.3493426157793575,0.0045969255918932835,0.4055712946788614,0.35566664900108974,0.0045969255918932835,0.3951590791857614,0.0045969255918932835,0.008318795964047061,0.39136906732752175,0.35656449679544455,0.0045969255918932835,0.3574279276629109,0.1628444625691139,0.3548331316152021,0.0045969255918932835,0.3546053117038653,0.16359439607298376,0.3549001945629989,0.3524543138912888,0.16168810394228125,0.03104825612985288,0.3563731669168911,0.0045969255918932835,0.388613119313433,0.3653905260250102,0.0045969255918932835,0.35799434588050716,0.16040219271488595,0.35428012531433634,0.009350427517934863,0.3922568931810664,0.3611834203933771,0.0045969255918932835,0.39465206135576664,0.0045969255918932835,0.35577794603811463,0.16390060534691775,0.36268715066573803,0.0045969255918932835,0.35543977547953864,0.39114443798323467,0.0045969255918932835,0.0045969255918932835,0.36067863791226956,0.16574308394769446,0.35164327600717654,0.3572539101967159,0.16426032630398477,0.3700196507462596,0.009167495091129685,0.35439437914685773,0.1635608312376502,0.36606551963915424,0.0045969255918932835,0.3501943017511462,0.0045969255918932835,0.16167761737042832,0.0045969255918932835,0.371939574084358,0.0045969255918932835,0.0045969255918932835,0.3554951111653778,0.16042232471052278,0.0045969255918932835,0.0045969255918932835,0.0045969255918932835,0.36078212274208893,0.00914106308649565,0.0045969255918932835,0.38972744476390897,0.008318795964047061,0.0045969255918932835,0.0045969255918932835,0.3533006084860664,0.0045969255918932835,0.0045969255918932835,0.16055462996825012,0.35079077809183756,0.0045969255918932835,0.0045969255918932835,0.0045969255918932835,0.353663747178326,0.0045969255918932835,0.1630783192385569,0.3175125158067582,0.0045969255918932835,0.0045969255918932835,0.0045969255918932835,0.3131643314706476,0.0045969255918932835,0.16425786849642718,0.36081699413270246,0.0045969255918932835,0.0045969255918932835,0.0045969255918932835,0.3626757329810392,0.0045969255918932835,0.16278098614770564,0.0045969255918932835,0.3676065199422245,0.0045969255918932835,0.0045969255918932835,0.35739599930891097,0.0045969255918932835
0.5609349816597154,0.06484665845683096,0.8426588730805369,0.06500938893810701,0.0917066184529448,0.06484665845683096,0.06684930760671208,0.3993545111752878,0.3663376246524674,0.39834663552635463,0.06558129998528964,0.06484665845683096,0.36269307384587385,0.3952161391507992,0.06484665845683096,0.3653797421003787,0.17123456823548078,0.3602560356380936,0.06484665845683096,0.3573055839554118,0.17147011461710343,0.3552349618595307,0.06484665845683096,0.4106258680675145,0.3614526315485222,0.06484665845683096,0.40035230122050186,0.06484665845683096,0.06521625046311261,0.39661441303315464,0.3623356625423247,0.06484665845683096,0.36318490968386136,0.17521579001790735,0.3606329315829988,0.06484665845683096,0.36040889878331694,0.17591290762503034,0.36069888058482813,0.3582938815098369,0.17414172871688488,0.07174915610015696,0.3621474842949397,0.06484665845683096,0.39389694730428954,0.3710196333623409,0.06484665845683096,0.36374205769996754,0.17294857830237384,0.36008912588369735,0.06535585121534666,0.397489946654809,0.3668794415367784,0.06484665845683096,0.3998522036854478,0.06484665845683096,0.3615620881325612,0.176197675761367,0.3683590902935516,0.06484665845683096,0.3612295130100532,0.39639290179497055,0.06484665845683096,0.06484665845683096,0.3663827845366621,0.17791264151037403,0.3574965162444168,0.36301374571893386,0.1765323000842589,0.37557675677036534,0.06532993028091504,0.3602014766427721,0.17588169740952977,0.3716840235552493,0.06484665845683096,0.35607211548562184,0.06484665845683096,0.1741319932790372,0.06484665845683096,0.37746730248285393,0.06484665845683096,0.06484665845683096,0.3612839324251969,0.1729672478316695,0.06484665845683096,0.06484665845683096,0.06484665845683096,0.36648460185734255,0.06532622645072274,0.06484665845683096,0.39499565337682224,0.06521625046311261,0.06484665845683096,0.06484665845683096,0.35912597128991275,0.06484665845683096,0.06484665845683096,0.1730899500592986,0.3566584531965095,0.06484665845683096,0.06484665845683096,0.06484665845683096,0.35948303415735156,0.06484665845683096,0.17543313013492945,0.3239999332270287,0.06484665845683096,0.06484665845683096,0.06484665845683096,0.31974181491677367,0.06484665845683096,0.17653001341638308,0.36651891154504534,0.06484665845683096,0.06484665845683096,0.06484665845683096,0.3683478547617795,0.06484665845683096,0.17515680405722253,0.06484665845683096,0.3732009511037274,0.06484665845683096,0.06484665845683096,0.3631535046912871,0.06484665845683096
0.5573632260639296,0.0,0.8408964152537145,0.0045969255918932835,0.06484665845683096,0.0,0.01624017526410207,0.39412098322181266,0.36060368764120454,0.39309900559228883,0.009788700677680385,0.0,0.3568985230217383,0.3899242738401269,0.0,0.35962998810732694,0.1584857628575458,0.3544202876118886,0.0,0.3514192261039387,0.1587402568155166,0.3493125955414827,0.0,0.4055455968687327,0.35563717917940396,0.0,0.3951326680001947,0.0,0.006933299499610307,0.3913423877608642,0.35653510360908286,0.0,0.3573986078285099,0.16277958929207162,0.35480359031851677,0.0,0.3545757508156785,0.16352982072076985,0.35487065902886405,0.3524245668369536,0.1616227658726409,0.030706066069577983,0.3563437574304947,0.0,0.3885862415351106,0.3653618671089374,0.0,0.35796507398275307,0.16033632992130828,0.3542505364199673,0.008142405707903555,0.3922302769159136,0.36115441572218865,0.0,0.3946256145442583,0.0,0.3557484857361253,0.16383615085928785,0.36265827044997656,0.0,0.3554102862348369,0.3911177423582637,0.0,0.0,0.3606495912422361,0.16567934729611183,0.35161345819465145,0.3572245756059729,0.1641960132279414,0.36999136366043933,0.007931660749859145,0.3543648000980078,0.1634962426095089,0.3660369154952197,0.0,0.35016435674565,0.0,0.1616122750553902,0.0,0.3719114386481569,0.0,0.0,0.35546562666023296,0.1603564701966543,0.0,0.0,0.0,0.3607530846912802,0.007901095464562337,0.0,0.3897006474438167,0.006933299499610307,0.0,0.0,0.3532709349353785,0.0,0.0,0.16048882981614548,0.35076088556736523,0.0,0.0,0.0,0.3536341050646329,0.0,0.16301353915891192,0.3174794065872505,0.0,0.0,0.0,0.3131307532449318,0.0,0.16419355445628495,0.3607879589852645,0.0,0.0,0.0,0.3626468518239887,0.0,0.16271608752767158,0.0,0.367578040128755,0.0,0.0,0.35736667676807155,0.0
0.5575880639559471,0.01624017526410207,0.8410072837163015,0.016878240927461867,0.06684930760671208,0.01624017526410207,0.022967075714022313,0.3944513735582816,0.3609660911665075,0.39343029647912536,0.018962118799232833,0.01624017526410207,0.35726481251084913,0.3902583901810252,0.01624017526410207,0.359993405485262,0.1593153986169748,0.3547892193165855,0.01624017526410207,0.35179140488896854,0.15956856771666122,0.3496870853939602,0.01624017526410207,0.40586620603373513,0.35600480909869237,0.01624017526410207,0.39546217110955356,0.01624017526410207,0.017658253934940898,0.3916752367446304,0.3569017783797233,0.01624017526410207,0.3577643683662621,0.16358742145284683,0.3551721110640585,0.01624017526410207,0.35494451573815644,0.16433395968152775,0.35523910795328767,0.35279565200141316,0.16243635933436934,0.03473622944520493,0.35671063535812875,0.01624017526410207,0.38892156154876245,0.3657193899043031,0.01624017526410207,0.35833023705159117,0.1611564268787727,0.35461965039419274,0.01816705975561764,0.39256233673464036,0.3615162481036513,0.01624017526410207,0.3949555618024321,0.01624017526410207,0.3561159970065256,0.16463879146686838,0.36301855160135776,0.01624017526410207,0.35577815823284137,0.39145079153656803,0.01624017526410207,0.01624017526410207,0.36101194709910833,0.16647308814512576,0.35198542522760345,0.3575905200620759,0.1649969007141647,0.37034425170504215,0.01807358657958868,0.3547337913638805,0.16430054614915673,0.36639375558275566,0.01624017526410207,0.3505379089856793,0.01624017526410207,0.1624259211380627,0.01624017526410207,0.37226243638021755,0.01624017526410207,0.01624017526410207,0.3558334395868285,0.1611764645399293,0.01624017526410207,0.01624017526410207,0.01624017526410207,0.36111533311793864,0.018060193779847362,0.01624017526410207,0.39003496442036567,0.017658253934940898,0.01624017526410207,0.01624017526410207,0.35364110400788556,0.01624017526410207,0.01624017526410207,0.1613081504252003,0.35113378373835685,0.01624017526410207,0.01624017526410207,0.01624017526410207,0.3540038823290241,0.01624017526410207,0.16382021603072056,0.3178923878533249,0.01624017526410207,0.01624017526410207,0.01624017526410207,0.3135495776392609,0.01624017526410207,0.1649944538949434,0.3611501712242149,0.01624017526410207,0.01624017526410207,0.01624017526410207,0.3630071447077992,0.01624017526410207,0.16352423384004003,0.01624017526410207,0.36793333048495636,0.01624017526410207,0.01624017526410207,0.35773247103802625,0.01624017526410207
0.6741878257614816,0.39412098322181266,0.8990884664566741,0.39414746557350544,0.3993545111752878,0.39412098322181266,0.3944513735582816,0.5539783454318138,0.5314783185998082,0.5532782741424542,0.3942410485448431,0.39412098322181266,0.5290525499057934,0.5511089083123268,0.39412098322181266,0.530839590722969,0.4243762610957096,0.5274372937750594,0.39412098322181266,0.5254891492673888,0.4244698429885768,0.5241268383618932,0.39412098322181266,0.5618604186239582,0.5282297045802329,0.39412098322181266,0.5546721896598256,0.39412098322181266,0.3941812228107625,0.5520769279137456,0.5288153161596012,0.39412098322181266,0.5293792008245709,0.4259722921572709,0.5276867387772819,0.39412098322181266,0.5275384488793725,0.4262548736225793,0.5277304000658382,0.5261408005468322,0.4255387250995622,0.3953007700492295,0.5286904590990582,0.39412098322181266,0.5501970583003396,0.534612225060029,0.39412098322181266,0.5297494968587514,0.4250596684402438,0.5273268683450135,0.3942040628133601,0.5526838414109794,0.5318399767813327,0.39412098322181266,0.5543243347578385,0.39412098322181266,0.5283022552634847,0.4263705720142013,0.5328289784153766,0.39412098322181266,0.5280818501210882,0.5519234735859091,0.39412098322181266,0.39412098322181266,0.5315084522971347,0.42707059441628364,0.5256149721846141,0.5292654976993969,0.4265067231176949,0.5376812020046272,0.3941998183161685,0.5274011953661195,0.4262422025931096,0.5350585189042856,0.39412098322181266,0.524677132329755,0.39412098322181266,0.42553480525227527,0.39412098322181266,0.5389596954348167,0.39412098322181266,0.39412098322181266,0.5281179081062901,0.42506714337599594,0.39412098322181266,0.39412098322181266,0.39412098322181266,0.5315763983996724,0.3941992119555119,0.39412098322181266,0.5509564081388442,0.3941812228107625,0.39412098322181266,0.39412098322181266,0.5266901644237117,0.39412098322181266,0.39412098322181266,0.4251162877084388,0.525062950828928,0.39412098322181266,0.39412098322181266,0.39412098322181266,0.5269261037801389,0.39412098322181266,0.42606029333804857,0.5040933426173301,0.39412098322181266,0.39412098322181266,0.39412098322181266,0.5014415612345174,0.39412098322181266,0.42650579200343447,0.5315992965142577,0.39412098322181266,0.39412098322181266,0.39412098322181266,0.532821461136069,0.39412098322181266,0.4259484242058706,0.39412098322181266,0.5360789516137657,0.39412098322181266,0.39412098322181266,0.5293583366736578,0.39412098322181266
0.6569759694192325,0.36060368764120454,0.8905344831465226,0.3606327381357228,0.3663376246524674,0.36060368764120454,0.3609660911665075,0.5314783185998082,0.507801032741742,0.5307427992323676,0.36073539339374516,0.36060368764120454,0.5052433700064753,0.5284631290608373,0.36060368764120454,0.5071276752378484,0.3935714241264495,0.503539716253185,0.36060368764120454,0.5014843378770529,0.393672768091666,0.5000466331068645,0.36060368764120454,0.5397546477605697,0.5043755507637971,0.36060368764120454,0.532207224975151,0.36060368764120454,0.36066976846279186,0.5294804550102233,0.5049931821219551,0.36060368764120454,0.5055878414912829,0.39529935529872556,0.5038028427365342,0.36060368764120454,0.5036464208147545,0.3956051840089566,0.5038488976082915,0.502171934521161,0.39483005800431076,0.3618975252296122,0.5048615032657304,0.36060368764120454,0.5275047058547577,0.511103834140028,0.36060368764120454,0.5059783165317572,0.3943114349957277,0.5034232307082784,0.36069482268102415,0.5301182109578642,0.5081822675205009,0.36060368764120454,0.5318418006283805,0.36060368764120454,0.5044520716251524,0.3957303914581619,0.509224689058788,0.36060368764120454,0.5042196024076866,0.5293191937272017,0.36060368764120454,0.36060368764120454,0.5078327984412766,0.39648783451449204,0.5016171072037007,0.5054679373747998,0.39587772579575453,0.5143366005480924,0.36069016672355275,0.5035016370131493,0.3955914712460304,0.5115740443038064,0.36060368764120454,0.5006274223614794,0.36060368764120454,0.3948258147806066,0.36060368764120454,0.5156828660714833,0.36060368764120454,0.36060368764120454,0.5042576346477484,0.3943195280088279,0.36060368764120454,0.36060368764120454,0.36060368764120454,0.5079044238418551,0.36068950158169705,0.36060368764120454,0.5283028485266513,0.36066976846279186,0.36060368764120454,0.36060368764120454,0.5027515422363303,0.36060368764120454,0.36060368764120454,0.39437273536330425,0.5010345886879677,0.36060368764120454,0.36060368764120454,0.36060368764120454,0.5030004540413548,0.36060368764120454,0.3953945995115145,0.47886342788248687,0.36060368764120454,0.36060368764120454,0.36060368764120454,0.4760533493480937,0.36060368764120454,0.3958767182261984,0.5079285617154149,0.36060368764120454,0.36060368764120454,0.36060368764120454,0.5092167663736956,0.36060368764120454,0.395273522338771,0.36060368764120454,0.5126490350425306,0.36060368764120454,0.36060368764120454,0.5055658396487516,0.36060368764120454
0.6736495399460638,0.39309900559228883,0.8988216740539031,0.3931255601792436,0.39834663552635463,0.39309900559228883,0.39343029647912536,0.5532782741424542,0.5307427992323676,0.5525771322272105,0.39321939834209024,0.39309900559228883,0.5283130732460471,0.5504044361916989,0.39309900559228883,0.5301030320633959,0.42343135526690034,0.526695166491171,0.39309900559228883,0.5247438083021359,0.4235251599003655,0.5233792390789043,0.39309900559228883,0.561172268281716,0.52748887920385,0.39309900559228883,0.5539731775362806,0.39309900559228883,0.393159409482173,0.5513739441648269,0.5280754509854227,0.39309900559228883,0.5286402586765221,0.42503117299827997,0.5269450216506624,0.39309900559228883,0.5267964879589548,0.42531442222538474,0.5269887546996868,0.5253965366102883,0.4245965798264653,0.39428200174406225,0.5279503893400227,0.39309900559228883,0.5494911806676823,0.5338817773514878,0.39309900559228883,0.5290111600254658,0.42411638718808964,0.5265845593948664,0.3931823117676738,0.5519817888755295,0.5311050450277555,0.39309900559228883,0.5536247918679057,0.39309900559228883,0.5275615489346632,0.4254303937899492,0.5320956504438222,0.39309900559228883,0.527340782053736,0.5512202541488028,0.39309900559228883,0.39309900559228883,0.5307729819136731,0.42613206614159627,0.5248698393373156,0.5285263695522479,0.4255668661849684,0.5369556771334125,0.3931780556965787,0.5266590087014649,0.4253017212704661,0.5343287897470065,0.39309900559228883,0.5239304463754942,0.39309900559228883,0.4245926506935171,0.39309900559228883,0.5382362088002247,0.39309900559228883,0.39309900559228883,0.5273768992348571,0.42412387986685685,0.39309900559228883,0.39309900559228883,0.39309900559228883,0.530841038450682,0.39317744768247803,0.39309900559228883,0.5502517011940289,0.393159409482173,0.39309900559228883,0.39309900559228883,0.5259468068489879,0.39309900559228883,0.39309900559228883,0.42417314083753954,0.5243169043314359,0.39309900559228883,0.39309900559228883,0.39309900559228883,0.5261831350168542,0.39309900559228883,0.4251193822186455,0.5033114252070198,0.39309900559228883,0.39309900559228883,0.39309900559228883,0.5006549366338273,0.39309900559228883,0.4255659328740803,0.5308639737772529,0.39309900559228883,0.39309900559228883,0.39309900559228883,0.5320881209915714,0.39309900559228883,0.4250072486083189,0.39309900559228883,0.5353508619714495,0.39309900559228883,0.39309900559228883,0.5286193604000026,0.39309900559228883
0.5574449230165492,0.009788700677680385,0.8409366991430446,0.010814360172948635,0.06558129998528964,0.009788700677680385,0.018962118799232833,0.3942410485448431,0.36073539339374516,0.39321939834209024,0.01384331324069275,0.009788700677680385,0.35703164189478753,0.39004569389251076,0.009788700677680385,0.35976206254188403,0.15878767377740088,0.35455436733649,0.009788700677680385,0.3515544866602111,0.15904168401369076,0.34944869655214705,0.009788700677680385,0.40566210599431524,0.35577078550317787,0.009788700677680385,0.39525241074199513,0.009788700677680385,0.011995386706443846,0.3914633470150213,0.3566683625903459,0.009788700677680385,0.3575315343480641,0.1630735404244015,0.35493752059539013,0.009788700677680385,0.35470976988889924,0.16382242378764736,0.3550045631875968,0.35255942968537146,0.16191882007005348,0.03222857594965593,0.3564770902902245,0.009788700677680385,0.38870809923338295,0.36549179803817106,0.009788700677680385,0.3580977832330159,0.16063475828069929,0.3543846824280674,0.012732534348848941,0.39235094923909547,0.3612859137822411,0.009788700677680385,0.39474551877111175,0.009788700677680385,0.3558820489127976,0.1641282070245194,0.36278920441916246,0.009788700677680385,0.3555439805915045,0.39123877440093885,0.009788700677680385,0.009788700677680385,0.36078127966045875,0.165968155228616,0.3517486417446307,0.3573575690074891,0.16448742951274953,0.37011960925601384,0.012598805604229707,0.3544989014824102,0.16378890574855226,0.36616659816895725,0.009788700677680385,0.3503001167781837,0.009788700677680385,0.16190834846184685,0.009788700677680385,0.37203899688133146,0.009788700677680385,0.009788700677680385,0.3555992995353359,0.16065486109435198,0.009788700677680385,0.009788700677680385,0.009788700677680385,0.3608847340432143,0.012579585454703656,0.009788700677680385,0.38982214044555596,0.011995386706443846,0.009788700677680385,0.009788700677680385,0.3534054646381097,0.009788700677680385,0.009788700677680385,0.1607869747526946,0.350896407738011,0.009788700677680385,0.009788700677680385,0.009788700677680385,0.3537684922830639,0.009788700677680385,0.16330706858969066,0.31762950719266925,0.009788700677680385,0.009788700677680385,0.009788700677680385,0.3132829793133144,0.009788700677680385,0.1644849751036259,0.36091959517778205,0.009788700677680385,0.009788700677680385,0.009788700677680385,0.3627777900595499,0.009788700677680385,0.1630101533320531,0.009788700677680385,0.36770715927142067,0.009788700677680385,0.009788700677680385,0.35749961555434595,0.009788700677680385
0.5573632260639296,0.0,0.8408964152537145,0.0045969255918932835,0.06484665845683096,0.0,0.01624017526410207,0.39412098322181266,0.36060368764120454,0.39309900559228883,0.009788700677680385,0.0,0.3568985230217383,0.3899242738401269,0.0,0.35962998810732694,0.1584857628575458,0.3544202876118886,0.0,0.3514192261039387,0.1587402568155166,0.3493125955414827,0.0,0.4055455968687327,0.35563717917940396,0.0,0.3951326680001947,0.0,0.006933299499610307,0.3913423877608642,0.35653510360908286,0.0,0.3573986078285099,0.16277958929207162,0.35480359031851677,0.0,0.3545757508156785,0.16352982072076985,0.35487065902886405,0.3524245668369536,0.1616227658726409,0.030706066069577983,0.3563437574304947,0.0,0.3885862415351106,0.3653618671089374,0.0,0.35796507398275307,0.16033632992130828,0.3542505364199673,0.008142405707903555,0.3922302769159136,0.36115441572218865,0.0,0.3946256145442583,0.0,0.3557484857361253,0.16383615085928785,0.36265827044997656,0.0,0.3554102862348369,0.3911177423582637,0.0,0.0,0.3606495912422361,0.16567934729611183,0.35161345819465145,0.3572245756059729,0.1641960132279414,0.36999136366043933,0.007931660749859145,0.3543648000980078,0.1634962426095089,0.3660369154952197,0.0,0.35016435674565,0.0,0.1616122750553902,0.0,0.3719114386481569,0.0,0.0,0.35546562666023296,0.1603564701966543,0.0,0.0,0.0,0.3607530846912802,0.007901095464562337,0.0,0.3897006474438167,0.006933299499610307,0.0,0.0,0.3532709349353785,0.0,0.0,0.16048882981614548,0.35076088556736523,0.0,0.0,0.0,0.3536341050646329,0.0,0.16301353915891192,0.3174794065872505,0.0,0.0,0.0,0.3131307532449318,0.0,0.16419355445628495,0.3607879589852645,0.0,0.0,0.0,0.3626468518239887,0.0,0.16271608752767158,0.0,0.367578040128755,0.0,0.0,0.35736667676807155,0.0
0.6551318018516492,0.3568985230217383,0.8896155465725223,0.3569278852956114,0.36269307384587385,0.3568985230217383,0.35726481251084913,0.5290525499057934,0.5052433700064753,0.5283130732460471,0.35703164189478753,0.3568985230217383,0.5026708689785754,0.5260210835914881,0.3568985230217383,0.5045661178385402,0.39019162881026503,0.5009572632468273,0.3568985230217383,0.498889804577856,0.39029389298045425,0.49744360133817733,0.3568985230217383,0.5373728347730157,0.5017979871981268,0.3568985230217383,0.529785369644214,0.3568985230217383,0.35696531297387396,0.5270439174174103,0.5024192230489695,0.3568985230217383,0.50301734604608,0.3919351888154065,0.5012219303923885,0.3568985230217383,0.501064592745513,0.39224377030529545,0.5012682547898111,0.499581451542635,0.3914616595496868,0.35820619963811856,0.5022867763204505,0.3568985230217383,0.5250574562837163,0.5085651539439076,0.3568985230217383,0.5034100918159118,0.39093834873782946,0.5008400952326882,0.35699063598985836,0.5276851178406488,0.5056268061066008,0.3568985230217383,0.5294179844382141,0.3568985230217383,0.5018749550263927,0.39237010359827335,0.5066752331181505,0.3568985230217383,0.501641127586689,0.5268817841523339,0.3568985230217383,0.3568985230217383,0.5052753192296913,0.3931343431923633,0.49902335669951037,0.5028967440767689,0.39251876188293366,0.511816309471645,0.356985930083012,0.5009189609353886,0.3922299341988425,0.5090380504620754,0.3568985230217383,0.49802782855657207,0.3568985230217383,0.3914573780187721,0.3568985230217383,0.5131701783566844,0.3568985230217383,0.3568985230217383,0.5016793821036154,0.3909465149923785,0.3568985230217383,0.3568985230217383,0.3568985230217383,0.5053473583715945,0.3569852578053749,0.3568985230217383,0.5258599337817018,0.35696531297387396,0.3568985230217383,0.3568985230217383,0.5001644663945263,0.3568985230217383,0.3568985230217383,0.39100020380082945,0.49843740117595475,0.3568985230217383,0.3568985230217383,0.3568985230217383,0.5004148394121091,0.3568985230217383,0.39203129075572146,0.4761302698668368,0.3568985230217383,0.3568985230217383,0.3568985230217383,0.473302195368959,0.3568985230217383,0.3925177452625006,0.5053716356552752,0.3568985230217383,0.3568985230217383,0.3568985230217383,0.506667264865056,0.3568985230217383,0.39190912314811904,0.3568985230217383,0.5101191677885842,0.3568985230217383,0.3568985230217383,0.5029952161710703,0.3568985230217383
0.671982586913394,0.3899242738401269,0.8979951425691537,0.389951055066378,0.3952161391507992,0.3899242738401269,0.3902583901810252,0.5511089083123268,0.5284631290608373,0.5504044361916989,0.39004569389251076,0.3899242738401269,0.5260210835914881,0.5482213809777624,0.3899242738401269,0.5278201265710603,0.4204981492865755,0.524394924522651,0.3899242738401269,0.522433560344236,0.42059265112472927,0.5210619592642274,0.3899242738401269,0.5590399775658095,0.5251926905892373,0.3899242738401269,0.5518071061877925,0.3899242738401269,0.3899851932260747,0.5491955188817833,0.5257822517821954,0.3899242738401269,0.5263499330811154,0.42210981912634,0.5246460566774678,0.3899242738401269,0.5244967639526725,0.4223951582816199,0.5246900131463266,0.5230896421293089,0.42167201439310087,0.3911173387973539,0.5256565532053904,0.3899242738401269,0.5473037531377727,0.5316178941654435,0.3899242738401269,0.5267227188907353,0.4211882662220209,0.524283751817548,0.39000829092419415,0.5498062602741856,0.5288272040663544,0.3899242738401269,0.5514570696070002,0.3899242738401269,0.5252657309561604,0.42251198479769975,0.5298228018430315,0.3899242738401269,0.525043837855276,0.5490410957122417,0.3899242738401269,0.3899242738401269,0.5284934642275632,0.42321882086418916,0.5225602393898461,0.5262354649007485,0.4226494627325893,0.5347071159298933,0.3900039985400048,0.5243585818541662,0.42238236366837184,0.5320671431082419,0.3899242738401269,0.5216160104909557,0.3899242738401269,0.42166805619717956,0.3899242738401269,0.5359939909610515,0.3899242738401269,0.3899242738401269,0.5250801393348726,0.4211958144360606,0.3899242738401269,0.3899242738401269,0.3899242738401269,0.5285618645426015,0.39000338533822493,0.3899242738401269,0.5480679154902448,0.3899851932260747,0.3899242738401269,0.3899242738401269,0.5236427343848189,0.3899242738401269,0.3899242738401269,0.4212454404813133,0.5220044595562009,0.3899242738401269,0.3899242738401269,0.3899242738401269,0.5238802731242617,0.3899242738401269,0.4221986794632075,0.5008872405669706,0.3899242738401269,0.3899242738401269,0.3899242738401269,0.4982160816443335,0.3899242738401269,0.4226485225469913,0.5285849157083771,0.3899242738401269,0.3899242738401269,0.3899242738401269,0.5298152344987179,0.3899242738401269,0.4220857180958616,0.3899242738401269,0.5330943183143038,0.3899242738401269,0.3899242738401269,0.5263289285642668,0.3899242738401269
0.5573632260639296,0.0,0.8408964152537145,0.0045969255918932835,0.06484665845683096,0.0,0.01624017526410207,0.39412098322181266,0.36060368764120454,0.39309900559228883,0.009788700677680385,0.0,0.3568985230217383,0.3899242738401269,0.0,0.35962998810732694,0.1584857628575458,0.3544202876118886,0.0,0.3514192261039387,0.1587402568155166,0.3493125955414827,0.0,0.4055455968687327,0.35563717917940396,0.0,0.3951326680001947,0.0,0.006933299499610307,0.3913423877608642,0.35653510360908286,0.0,0.3573986078285099,0.16277958929207162,0.35480359031851677,0.0,0.3545757508156785,0.16352982072076985,0.35487065902886405,0.3524245668369536,0.1616227658726409,0.030706066069577983,0.3563437574304947,0.0,0.3885862415351106,0.3653618671089374,0.0,0.35796507398275307,0.16033632992130828,0.3542505364199673,0.008142405707903555,0.3922302769159136,0.36115441572218865,0.0,0.3946256145442583,0.0,0.3557484857361253,0.16383615085928785,0.36265827044997656,0.0,0.3554102862348369,0.3911177423582637,0.0,0.0,0.3606495912422361,0.16567934729611183,0.35161345819465145,0.3572245756059729,0.1641960132279414,0.36999136366043933,0.007931660749859145,0.3543648000980078,0.1634962426095089,0.3660369154952197,0.0,0.35016435674565,0.0,0.1616122750553902,0.0,0.3719114386481569,0.0,0.0,0.35546562666023296,0.1603564701966543,0.0,0.0,0.0,0.3607530846912802,0.007901095464562337,0.0,0.3897006474438167,0.006933299499610307,0.0,0.0,0.3532709349353785,0.0,0.0,0.16048882981614548,0.35076088556736523,0.0,0.0,0.0,0.3536341050646329,0.0,0.16301353915891192,0.3174794065872505,0.0,0.0,0.0,0.3131307532449318,0.0,0.16419355445628495,0.3607879589852645,0.0,0.0,0.0,0.3626468518239887,0.0,0.16271608752767158,0.0,0.367578040128755,0.0,0.0,0.35736667676807155,0.0
0.6564901555870178,0.35962998810732694,0.8902924432479541,0.359659119944553,0.3653797421003787,0.35962998810732694,0.359993405485262,0.530839590722969,0.5071276752378484,0.5301030320633959,0.35976206254188403,0.35962998810732694,0.5045661178385402,0.5278201265710603,0.35962998810732694,0.5064532954620318,0.3926826960508143,0.5028598520925451,0.35962998810732694,0.5008013032804918,0.3927842805604936,0.49936136821415417,0.35962998810732694,0.5391274649790633,0.5036969698697724,0.35962998810732694,0.531569524870149,0.35962998810732694,0.35969625394010674,0.5288388989687854,0.504315547268908,0.35962998810732694,0.5049111157216473,0.39441471281918583,0.5031233829300901,0.35962998810732694,0.5029667206715318,0.39472126118203416,0.5031695085404335,0.5014899629000878,0.3939443091924403,0.36092743642598807,0.5041836668744276,0.35962998810732694,0.5268603367227651,0.510435459422961,0.35962998810732694,0.5053021867581113,0.39342446071772874,0.5027431874311854,0.3597213782875179,0.5294775595025294,0.5075094878273886,0.35962998810732694,0.5312035855381919,0.35962998810732694,0.5037736080419742,0.394846762961113,0.5085534857320886,0.35962998810732694,0.5035407823464815,0.5286774086884128,0.35962998810732694,0.35962998810732694,0.5071594891091301,0.39560598287924154,0.5009342780441846,0.5047910284416411,0.3949944434212105,0.5136730532389259,0.35971670929827465,0.5028217143065751,0.3947075161734647,0.5109063747694799,0.35962998810732694,0.4999430597008314,0.35962998810732694,0.3939400559544923,0.35962998810732694,0.5150213148653131,0.35962998810732694,0.35962998810732694,0.5035788729250232,0.3934325728770553,0.35962998810732694,0.35962998810732694,0.35962998810732694,0.5072312231096902,0.35971604229469656,0.35962998810732694,0.5276596177555072,0.35969625394010674,0.35962998810732694,0.35962998810732694,0.5020704648067543,0.35962998810732694,0.35962998810732694,0.393485906089791,0.5003508575239787,0.35962998810732694,0.35962998810732694,0.35962998810732694,0.5023197601061746,0.35962998810732694,0.3945101812644354,0.4781440239318121,0.35962998810732694,0.35962998810732694,0.35962998810732694,0.47532922569582425,0.35962998810732694,0.39499343348545407,0.5072553975760529,0.35962998810732694,0.35962998810732694,0.35962998810732694,0.5085455510857744,0.35962998810732694,0.39438881902362166,0.35962998810732694,0.5119829738016186,0.35962998810732694,0.35962998810732694,0.5048890802747396,0.35962998810732694
0.5782998743829535,0.1584857628575458,0.8512606011605988,0.15855239537995816,0.17123456823548078,0.1584857628575458,0.1593153986169748,0.4243762610957096,0.3935714241264495,0.42343135526690034,0.15878767377740088,0.1584857628575458,0.39019162881026503,0.4204981492865755,0.1584857628575458,0.3926826960508143,0.2240973555369141,0.387934136419562,0.1584857628575458,0.38520380812946253,0.2242772399531792,0.3832895025897051,0.1584857628575458,0.43496096278091106,0.389042320227184,0.1584857628575458,0.42531197146623273,0.1584857628575458,0.15863729849735134,0.4218079803794838,0.3898604222565826,0.1584857628575458,0.3906474750332789,0.22715138719331765,0.38828313168404704,0.1584857628575458,0.38807567756750766,0.22768908471781357,0.388344203683456,0.3861180325809692,0.2263246406026189,0.16143200080546505,0.38968605836970255,0.1584857628575458,0.41926287783410077,0.3979197378131022,0.1584857628575458,0.3911639531333142,0.2254086589978583,0.38777959827201536,0.1586947221130456,0.4226283993629532,0.39407425886209363,0.1584857628575458,0.424842956362168,0.1584857628575458,0.3891437140308603,0.22790897791487114,0.3954479422941524,0.1584857628575458,0.3888356497458658,0.4216004453687704,0.1584857628575458,0.1584857628575458,0.39361333118767405,0.2292362495421177,0.38538040316511113,0.39048882652626027,0.228167551613396,0.40215878922735565,0.1586840520416779,0.38788362036000223,0.22766499340822094,0.3985373483029729,0.1584857628575458,0.38406327323893913,0.1584857628575458,0.22631715630846727,0.1584857628575458,0.4039192746654989,0.1584857628575458,0.1584857628575458,0.3888860558457075,0.22542297172701142,0.1584857628575458,0.1584857628575458,0.1584857628575458,0.39370781717634046,0.1586825276871383,0.1584857628575458,0.4202916571776213,0.15863729849735134,0.1584857628575458,0.1584857628575458,0.38688802300792174,0.1584857628575458,0.1584857628575458,0.22551705542002892,0.3846053669248104,0.1584857628575458,0.1584857628575458,0.1584857628575458,0.387218512203999,0.1584857628575458,0.22731893255321683,0.35461415060430984,0.1584857628575458,0.1584857628575458,0.1584857628575458,0.3507372782743783,0.1584857628575458,0.22816578397298742,0.3937396571741357,0.1584857628575458,0.1584857628575458,0.1584857628575458,0.39543750870172073,0.1584857628575458,0.22710592997846454,0.1584857628575458,0.3999479933887489,0.1584857628575458,0.1584857628575458,0.3906183656214735,0.1584857628575458
