0.0,0.0,0.05442213731642704,0.5988995878180696,0.24181793863830264,0.8408964152537145,0.17237980140711284,0.37911378349782526,0.010394373684897101,0.42054497579220174,0.3791095879061152,0.0,0.009151582168521813,0.416606132311601,0.37548551823476506,0.007337589656967254,0.38197099899493475,0.16810063187026403,0.37604960186491365,0.0,0.41051591110658614,0.0,0.3710288068822672,0.0,0.43069910961160246,0.3769990138474358,0.0,0.41949598846269115,0.0,0.3765133966355702,0.0,0.41721294641183104,0.008631695442028714,0.37918288155180585,0.41558298504525326,0.0,0.0,0.37618553778491753,0.4156944589878919,0.0,0.3741776633283907,0.1713977026687297,0.37783571393429227,0.0,0.37500043057879684,0.17298633703190353,0.3876653597617001,0.3794922078908373,0.16992304658611243,0.0,0.37597478150762864,0.41665241469352166,0.012042598058089401,0.3833160556274432,0.0,0.4190597850347714,0.0,0.3775004353058844,0.17374389576443552,0.38486927478793065,0.37663106692313997,0.0,0.415094773526294,0.0,0.3828794949000644,0.17564398915766738,0.37318343949414146,0.0,0.4187022491480052,0.0,0.39289274457718776,0.0,0.3757733730043645,0.42695794901242606,0.008631695442028714,0.37149558458711446,0.17138658249731295,0.3949412815255825,0.0,0.0,0.0,0.0,0.41540658757747473,0.0,0.010120440585044277,0.3832167972106293,0.004342020639995889,0.0,0.0,0.4135076183347193,0.0,0.0,0.0,0.37504054334593745,0.008397499661334884,0.17016801667699208,0.37232706459362586,0.0,0.0,0.0,0.3755658981469136,0.0,0.0,0.17273536004003914,0.3368304733101675,0.0,0.0,0.3321475875437321,0.0,0.0,0.17396003662243506,0.38295705557205234,0.0,0.0,0.008397499661334884,0.3847974068788512,0.0,0.17247454800369794,0.39047843384634984,0.0074722355432853054,0.004342020639995889,0.0,0.0,0.4187876259676446,0.0
0.0,0.0,0.05442213731642704,0.5988995878180696,0.24181793863830264,0.8408964152537145,0.17237980140711284,0.37911378349782526,0.010394373684897101,0.42054497579220174,0.3791095879061152,0.0,0.009151582168521813,0.416606132311601,0.37548551823476506,0.007337589656967254,0.38197099899493475,0.16810063187026403,0.37604960186491365,0.0,0.41051591110658614,0.0,0.3710288068822672,0.0,0.43069910961160246,0.3769990138474358,0.0,0.41949598846269115,0.0,0.3765133966355702,0.0,0.41721294641183104,0.008631695442028714,0.37918288155180585,0.41558298504525326,0.0,0.0,0.37618553778491753,0.4156944589878919,0.0,0.3741776633283907,0.1713977026687297,0.37783571393429227,0.0,0.37500043057879684,0.17298633703190353,0.3876653597617001,0.3794922078908373,0.16992304658611243,0.0,0.37597478150762864,0.41665241469352166,0.012042598058089401,0.3833160556274432,0.0,0.4190597850347714,0.0,0.3775004353058844,0.17374389576443552,0.38486927478793065,0.37663106692313997,0.0,0.415094773526294,0.0,0.3828794949000644,0.17564398915766738,0.37318343949414146,0.0,0.4187022491480052,0.0,0.39289274457718776,0.0,0.3757733730043645,0.42695794901242606,0.008631695442028714,0.37149558458711446,0.17138658249731295,0.3949412815255825,0.0,0.0,0.0,0.0,0.41540658757747473,0.0,0.010120440585044277,0.3832167972106293,0.004342020639995889,0.0,0.0,0.4135076183347193,0.0,0.0,0.0,0.37504054334593745,0.008397499661334884,0.17016801667699208,0.37232706459362586,0.0,0.0,0.0,0.3755658981469136,0.0,0.0,0.17273536004003914,0.3368304733101675,0.0,0.0,0.3321475875437321,0.0,0.0,0.17396003662243506,0.38295705557205234,0.0,0.0,0.008397499661334884,0.3847974068788512,0.0,0.17247454800369794,0.39047843384634984,0.0074722355432853054,0.004342020639995889,0.0,0.0,0.4187876259676446,0.0
0.05442213731642704,0.05442213731642704,0.07696435590089643,0.6012019934468911,0.24785552218593868,0.8421389236628882,0.18076262547524316,0.3829590688637606,0.0554058800450549,0.423995733160208,0.38295491720520497,0.05442213731642704,0.05518623115222827,0.4200913317674254,0.3793691345649371,0.054914561015545815,0.3857865724604296,0.17668696838184836,0.37992721405059054,0.05442213731642704,0.41405553123559774,0.05442213731642704,0.3749604544471747,0.05442213731642704,0.43406367480686275,0.3808665579346921,0.05442213731642704,0.42295586181290384,0.05442213731642704,0.3803860846182574,0.05442213731642704,0.42069280179477175,0.055102403403261765,0.3830274435027177,0.4190772268298294,0.05442213731642704,0.05442213731642704,0.38006170554876717,0.4191877136531319,0.05442213731642704,0.37807526495302696,0.17982640060426514,0.3816944239431525,0.05442213731642704,0.378889223572002,0.18134107148562767,0.39142292170617377,0.3833335343608342,0.17842154937160376,0.05442213731642704,0.37985318912808197,0.42013720605913185,0.05573860897832726,0.38711778331656044,0.05442213731642704,0.42252346112852135,0.05442213731642704,0.38136268092313286,0.18206380249361645,0.38865512474384434,0.38050250735929736,0.05442213731642704,0.4185933441097197,0.05442213731642704,0.38668570665158875,0.183877771477238,0.37709173333717927,0.05442213731642704,0.42216904746489176,0.05442213731642704,0.39659841246004884,0.05442213731642704,0.37965392330637443,0.4303538462804617,0.055102403403261765,0.37542215152302405,0.17981580265030964,0.39862695591322544,0.05442213731642704,0.05442213731642704,0.05442213731642704,0.05442213731642704,0.4189023923614948,0.05442213731642704,0.05535514324254076,0.38701954359048546,0.054595073848377626,0.05442213731642704,0.05442213731642704,0.41702032511768433,0.05442213731642704,0.05442213731642704,0.05442213731642704,0.3789289078018644,0.05506620301534821,0.1786548457655298,0.3762446105602757,0.05442213731642704,0.05442213731642704,0.05442213731642704,0.37944865788900967,0.05442213731642704,0.05442213731642704,0.18110169540624055,0.34116992174132005,0.05442213731642704,0.05442213731642704,0.33654899512129843,0.05442213731642704,0.05442213731642704,0.18227005827743242,0.386762469984394,0.05442213731642704,0.05442213731642704,0.05506620301534821,0.3885839889008828,0.05442213731642704,0.18085297211519186,0.3942079112691934,0.05493271415772131,0.054595073848377626,0.05442213731642704,0.05442213731642704,0.42225367828782345,0.05442213731642704
0.5988995878180696,0.5988995878180696,0.6012019934468911,0.8183082687510183,0.6423798680120846,0.9558669779026999,0.6214981189373483,0.6993713951703661,0.5989837794559978,0.7198031665483204,0.6993693906505983,0.5988995878180696,0.5989648517992433,0.717808525309132,0.6976430881304196,0.5989415442919303,0.7007396659932363,0.6204152151522558,0.697911105604396,0.5988995878180696,0.7147451079162727,0.5988995878180696,0.6955344395935992,0.5988995878180696,0.7249923634780343,0.6983627748308845,0.5988995878180696,0.7192709424903109,0.5988995878180696,0.6981316604921064,0.5988995878180696,0.7181151391785213,0.5989576477860515,0.699404409993841,0.71729210815406,0.5988995878180696,0.5988995878180696,0.6979757315328616,0.7173483384259912,0.5988995878180696,0.6970226472710723,0.6212474010435082,0.6987614116986606,0.5988995878180696,0.6974128061790934,0.6216536082786593,0.7034853655248856,0.6995522508321048,0.6208733803780021,0.5988995878180696,0.6978755411421577,0.7178319023351247,0.5990125932074076,0.7013859805226778,0.5988995878180696,0.7190498421755321,0.5988995878180696,0.6986016056465384,0.62184850757741,0.7021340515344702,0.69818764491736,0.5988995878180696,0.7170459412737517,0.5988995878180696,0.7011760553043881,0.6223407361328104,0.6965519020825818,0.5988995878180696,0.7188687112598282,0.5988995878180696,0.7060275309152617,0.5988995878180696,0.6977798273628634,0.7230726872325753,0.5989576477860515,0.6957545457002718,0.6212445696347102,0.707029324636857,0.5988995878180696,0.5988995878180696,0.5988995878180696,0.5988995878180696,0.7172031460388375,0.5988995878180696,0.5989794007386092,0.7013382380839149,0.5989142800804514,0.5988995878180696,0.5988995878180696,0.7162467840900897,0.5988995878180696,0.5988995878180696,0.5988995878180696,0.6974318415290389,0.5989545401378708,0.6209353095201761,0.6961470583964703,0.5988995878180696,0.5988995878180696,0.5988995878180696,0.6976812642812277,0.5988995878180696,0.5988995878180696,0.6215892087174312,0.67990462231897,0.5988995878180696,0.5988995878180696,0.6778440221624076,0.5988995878180696,0.5988995878180696,0.621904256007685,0.7012133405136208,0.5988995878180696,0.5988995878180696,0.5989545401378708,0.7020993972479173,0.5988995878180696,0.6215223752439059,0.7048508650236757,0.598943098162299,0.5989142800804514,0.5988995878180696,0.5988995878180696,0.7189119561560422,0.5988995878180696
0.24181793863830264,0.24181793863830264,0.24785552218593868,0.6423798680120846,0.34168948654045134,0.8644336355450389,0.29684009515103127,0.44872051135615487,0.2420408503322294,0.48384869846226675,0.44871700277175297,0.24181793863830264,0.24199075061822084,0.48047072003471714,0.4456903881177567,0.2419290463215795,0.45111234578949627,0.29438415777022064,0.44616094579054005,0.24181793863830264,0.475262572663646,0.24181793863830264,0.44197962516085626,0.24181793863830264,0.492590397789174,0.4469533890088468,0.24181793863830264,0.48294835535695024,0.24181793863830264,0.44654799051794586,0.24181793863830264,0.480990642338549,0.2419716800727117,0.44877829648802925,0.479594485215484,0.24181793863830264,0.24181793863830264,0.4462743728544169,0.47968992802907223,0.24181793863830264,0.44460014060248126,0.29627281337867484,0.44765221613164313,0.24181793863830264,0.44528588710473016,0.29719151244719627,0.4558936940513031,0.44903701466667406,0.29542506346763375,0.24181793863830264,0.44609851940013984,0.48051036880484327,0.24211710149805457,0.45224001631643823,0.24181793863830264,0.48257411717001136,0.24181793863830264,0.44737213363678024,0.29763157133760704,0.45354354119798584,0.4466462095726153,0.24181793863830264,0.479176555106577,0.24181793863830264,0.4518738938282516,0.2987408585402604,0.44377205814298504,0.24181793863830264,0.4822674390891886,0.24181793863830264,0.46029944843220627,0.24181793863830264,0.44593049141206953,0.48936413918093613,0.2419716800727117,0.44236768565655654,0.2962664024161038,0.4620301979477024,0.24181793863830264,0.24181793863830264,0.24181793863830264,0.24181793863830264,0.4794434679481754,0.24181793863830264,0.24202926102825487,0.45215676311360886,0.241856850879612,0.24181793863830264,0.24181793863830264,0.47781868917592624,0.24181793863830264,0.24181793863830264,0.24181793863830264,0.4453193304532877,0.24196345309567013,0.2955655541048745,0.4430592891624699,0.24181793863830264,0.24181793863830264,0.24181793863830264,0.44575742883091657,0.24181793863830264,0.24181793863830264,0.29704600154519617,0.4139552779411901,0.24181793863830264,0.24181793863830264,0.4101855816635176,0.24181793863830264,0.24181793863830264,0.2977573572493817,0.4519389319612874,0.24181793863830264,0.24181793863830264,0.24196345309567013,0.453483195331903,0.24181793863830264,0.29689493617134166,0.4582626843871422,0.24193316043432064,0.241856850879612,0.24181793863830264,0.24181793863830264,0.4823406659009956,0.24181793863830264
0.8408964152537145,0.8408964152537145,0.8421389236628882,0.9558669779026999,0.8644336355450389,1.0,0.8531155075564274,0.8952070435595285,0.840941838060553,0.9061002995092314,0.8952059696452153,0.8408964152537145,0.8409316261916836,0.90504202914444,0.8942807788773286,0.8409190513644391,0.8959398780401707,0.8525290075350608,0.8944244624424733,0.8408964152537145,0.9034143473017993,0.8408964152537145,0.8931498010005864,0.8408964152537145,0.9088474673966385,0.8946665658760111,0.8408964152537145,0.9058180460387892,0.8408964152537145,0.894542689696729,0.8408964152537145,0.9052047855813647,0.8409277394871331,0.8952247310039466,0.9047678399982924,0.8408964152537145,0.8408964152537145,0.8944591059206328,0.9047976991356989,0.8408964152537145,0.8939481023790518,0.852979712634606,0.8948802057338632,0.8408964152537145,0.8941573128133457,0.8531997262286397,0.8974091429081037,0.8953039326283503,0.8527771408867052,0.8408964152537145,0.8944053973122846,0.905054439129582,0.8409573837735361,0.8962858898118437,0.8408964152537145,0.9057007641030851,0.8408964152537145,0.8947945657253086,0.8533052927489132,0.8966862566923695,0.8945726981544275,0.8408964152537145,0.9046371102845179,0.8408964152537145,0.8961735145750769,0.8535719162934946,0.893695636762192,0.8408964152537145,0.905604672404199,0.8408964152537145,0.8987678710373227,0.8408964152537145,0.8943540864211591,0.9078322244145267,0.8409277394871331,0.8932678991926172,0.8529781790958373,0.8993028615420986,0.8408964152537145,0.8408964152537145,0.8408964152537145,0.8408964152537145,0.9047205977835394,0.8408964152537145,0.8409394756463542,0.8962603336676459,0.8409043419112445,0.8408964152537145,0.8408964152537145,0.9042125824640316,0.8408964152537145,0.8408964152537145,0.8408964152537145,0.8941675190830765,0.8409260628528457,0.8528106814855491,0.8934784772362122,0.8408964152537145,0.8408964152537145,0.8408964152537145,0.8943012459778971,0.8408964152537145,0.8408964152537145,0.853164844917027,0.8847404948415819,0.8408964152537145,0.8408964152537145,0.8836288679024009,0.8408964152537145,0.8408964152537145,0.8533354890932944,0.8961934744970291,0.8408964152537145,0.8408964152537145,0.8409260628528457,0.8966677126527074,0.8408964152537145,0.853128645559626,0.8981391693126721,0.8409198897038059,0.8409043419112445,0.8408964152537145,0.8408964152537145,0.9056276151702819,0.8408964152537145
0.17237980140711284,0.17237980140711284,0.18076262547524316,0.6214981189373483,0.29684009515103127,0.8531155075564274,0.24372802224106346,0.4160169115468976,0.17269276491653524,0.4539012690293935,0.41601310632095173,0.17237980140711284,0.17262245016865457,0.4502753024539994,0.4127288384745289,0.17253582914018412,0.4186098857530811,0.24072447767619656,0.4132396869370462,0.17237980140711284,0.44467819989444374,0.17237980140711284,0.4086972889291094,0.17237980140711284,0.46326976256896596,0.41409978739381126,0.17237980140711284,0.4529351518930252,0.17237980140711284,0.4136598072008667,0.17237980140711284,0.4508336101973852,0.17259568104626116,0.4160795815848391,0.44933419586360596,0.17237980140711284,0.17237980140711284,0.4133628131237524,0.4494367157626885,0.17237980140711284,0.41154490725097737,0.24303532872386335,0.4148580775718296,0.17237980140711284,0.4122896335583352,0.24415680923280542,0.423786959877071,0.41636015511041313,0.24199896352558203,0.17237980140711284,0.4131719203448301,0.45031788125658184,0.17279975621683102,0.4198316437494351,0.17237980140711284,0.45253350526738434,0.17237980140711284,0.4145541855070686,0.2446934108766327,0.42124334297050176,0.41376641047581,0.17237980140711284,0.44888524443569205,0.17237980140711284,0.41943502549929246,0.2460443851554326,0.4106453557442305,0.17237980140711284,0.45220433651506586,0.17237980140711284,0.42855008637178515,0.17237980140711284,0.41298951103541237,0.4598146308230594,0.17259568104626116,0.40911915319951303,0.24302749679786273,0.43041937476147807,0.17237980140711284,0.17237980140711284,0.17237980140711284,0.17237980140711284,0.4491719751523537,0.17237980140711284,0.1726765006221094,0.41974146042343474,0.1724344534723562,0.17237980140711284,0.17237980140711284,0.4474262302874843,0.17237980140711284,0.17237980140711284,0.17237980140711284,0.4123259485862046,0.17258413229757708,0.24217081179147512,0.4098708521117891,0.17237980140711284,0.17237980140711284,0.17237980140711284,0.412801624722672,0.17237980140711284,0.17237980140711284,0.24397929152850953,0.37805766820051784,0.17237980140711284,0.17237980140711284,0.3739073647494155,0.17237980140711284,0.17237980140711284,0.2448467227461936,0.41950548453739955,0.17237980140711284,0.17237980140711284,0.17258413229757708,0.4211780030124925,0.17237980140711284,0.24379495338244503,0.4263489599484532,0.17254160523070425,0.1724344534723562,0.17237980140711284,0.17237980140711284,0.4522829359948032,0.17237980140711284
0.37911378349782526,0.37911378349782526,0.3829590688637606,0.6993713951703661,0.44872051135615487,0.8952070435595285,0.4160169115468976,0.5333572708476187,0.3792547708727403,0.5625685874434632,0.5333543818175233,0.37911378349782526,0.3792230771291164,0.5597361749471051,0.5308644970443286,0.37918404745814427,0.5353281611120875,0.41428769827626205,0.5312513067176604,0.37911378349782526,0.5553784461247795,0.37911378349782526,0.5278180914543059,0.37911378349782526,0.5699196811338813,0.5319029651902316,0.37911378349782526,0.5618132002023666,0.37911378349782526,0.5315695501147432,0.37911378349782526,0.5601718217601511,0.3792110138596415,0.5334048530179393,0.5590022240185404,0.37911378349782526,0.37911378349782526,0.5313445631245279,0.5590821532927542,0.37911378349782526,0.529968716422007,0.41561687530224817,0.5324778998914111,0.37911378349782526,0.530532076635284,0.4162649089700066,0.5392763674421741,0.5336179102940166,0.41501974667699704,0.37911378349782526,0.5311999843258709,0.5597693930217289,0.3793030157507121,0.5362583419326539,0.37911378349782526,0.5614993116321341,0.37911378349782526,0.5322474429059828,0.41657566007385083,0.5373343483383018,0.5316503216332727,0.37911378349782526,0.5586522699900374,0.37911378349782526,0.535956270879662,0.4173599694416964,0.5292887408289567,0.37911378349782526,0.5612421310303142,0.37911378349782526,0.5429240542375308,0.37911378349782526,0.531061853787956,0.5672031412728346,0.3792110138596415,0.5281363464861886,0.4156123565215417,0.5443594803024816,0.37911378349782526,0.37911378349782526,0.37911378349782526,0.37911378349782526,0.5588757612428021,0.37911378349782526,0.3792474389834389,0.5361896477733346,0.3791383892569153,0.37911378349782526,0.37911378349782526,0.557515762763638,0.37911378349782526,0.37911378349782526,0.37911378349782526,0.5305595573722555,0.37920580997286896,0.4151186467543441,0.5287037337574826,0.37911378349782526,0.37911378349782526,0.37911378349782526,0.5309195993114519,0.37911378349782526,0.37911378349782526,0.4161622038854411,0.5050505345428079,0.37911378349782526,0.37911378349782526,0.502022428064743,0.37911378349782526,0.37911378349782526,0.4166645253476819,0.5360099261348057,0.37911378349782526,0.37911378349782526,0.37920580997286896,0.5372845171808707,0.37911378349782526,0.41605560391089974,0.5412366097906359,0.3791866495664605,0.3791383892569153,0.37911378349782526,0.37911378349782526,0.5613035356300359,0.37911378349782526
0.010394373684897101,0.010394373684897101,0.0554058800450549,0.5989837794559978,0.2420408503322294,0.840941838060553,0.17269276491653524,0.3792547708727403,0.014699864211341592,0.4206713865785054,0.3792505769065875,0.010394373684897101,0.01384898770020423,0.4167338139891339,0.3756279240897764,0.012723333922492473,0.3821108871332206,0.1684215607630725,0.3761917855023135,0.010394373684897101,0.41064560149329926,0.010394373684897101,0.37117299077808585,0.010394373684897101,0.43082234127443014,0.37714082488044026,0.010394373684897101,0.4196227355935468,0.010394373684897101,0.3766553980324099,0.010394373684897101,0.4173404308766077,0.013511075820024204,0.3793238421599386,0.41571100042925446,0.010394373684897101,0.010394373684897101,0.37632766796478123,0.4158224379413069,0.010394373684897101,0.37432058682883607,0.1717124593082713,0.37797719805572105,0.010394373684897101,0.37514302803399224,0.17329820323552636,0.38780310238683136,0.3796330487860775,0.17024053439230344,0.010394373684897101,0.37611699458404013,0.4167800813110102,0.015908085067838758,0.3834554316048639,0.010394373684897101,0.4191866724784307,0.010394373684897101,0.3776420502624511,0.17405440214331602,0.3850080635074008,0.3767730221504386,0.010394373684897101,0.41522294867172543,0.010394373684897101,0.3830190367389013,0.17595113618098213,0.373326758789286,0.010394373684897101,0.4188292517975284,0.010394373684897101,0.39302856872579217,0.010394373684897101,0.3759156653822349,0.42708233611631136,0.013511075820024204,0.3716395803747094,0.17170135955725951,0.3950763667288169,0.010394373684897101,0.010394373684897101,0.010394373684897101,0.010394373684897101,0.4155346606459818,0.010394373684897101,0.014507457443621821,0.3833562108680071,0.01126481895540787,0.010394373684897101,0.010394373684897101,0.4136363152334121,0.010394373684897101,0.010394373684897101,0.010394373684897101,0.37518312493969375,0.013362672077557276,0.1704850475202431,0.37247072640181406,0.010394373684897101,0.010394373684897101,0.010394373684897101,0.3757082722983698,0.010394373684897101,0.010394373684897101,0.17304767936572696,0.3369897809677246,0.010394373684897101,0.010394373684897101,0.3323091975346336,0.010394373684897101,0.010394373684897101,0.17427015718641428,0.3830965679176231,0.010394373684897101,0.010394373684897101,0.013362672077557276,0.3849362226731663,0.010394373684897101,0.17278733959768589,0.3906151381205463,0.012801457277461596,0.01126481895540787,0.010394373684897101,0.010394373684897101,0.4189146010906599,0.010394373684897101
0.42054497579220174,0.42054497579220174,0.423995733160208,0.7198031665483204,0.48384869846226675,0.9061002995092314,0.4539012690293935,0.5625685874434632,0.4206713865785054,0.5900341521720271,0.5625658772454767,0.42054497579220174,0.4206429688854552,0.5873658618002823,0.56023060422284,0.4206079741421461,0.5644177809852953,0.4523271249774569,0.5605933304705926,0.42054497579220174,0.5832626911586384,0.42054497579220174,0.5573747074348179,0.42054497579220174,0.5969640345251817,0.5612044690879231,0.42054497579220174,0.5893224340348427,0.42054497579220174,0.560891777248117,0.42054497579220174,0.5877761977169897,0.4206321526593632,0.5626132244459046,0.586674609188925,0.42054497579220174,0.42054497579220174,0.5606807841196123,0.5867498850754926,0.42054497579220174,0.5593906876473443,0.45353701695702786,0.5617437101454968,0.42054497579220174,0.5599188998322522,0.4541271094529439,0.5681239887383849,0.5628130985601906,0.4529934029886519,0.42054497579220174,0.5605452021344126,0.587397149047034,0.42071464541189235,0.565290734120799,0.42054497579220174,0.5890267130085052,0.42054497579220174,0.5615275543694171,0.45441012596465125,0.5663007063254113,0.5609675268466147,0.42054497579220174,0.5863450389461129,0.42054497579220174,0.5650072328815076,0.4551245788567209,0.5587532031838979,0.42054497579220174,0.5887844272226583,0.42054497579220174,0.5715501763154969,0.42054497579220174,0.5604156702395455,0.5944023662200209,0.4206321526593632,0.5576729904506224,0.45353290269872515,0.5728989753963276,0.42054497579220174,0.42054497579220174,0.42054497579220174,0.42054497579220174,0.5865555106388787,0.42054497579220174,0.4206648125177812,0.5652262617061278,0.4205670369634534,0.42054497579220174,0.42054497579220174,0.5852748412114548,0.42054497579220174,0.42054497579220174,0.42054497579220174,0.5599446673389527,0.42062748674493455,0.4530834313415779,0.55820481203185,0.42054497579220174,0.42054497579220174,0.42054497579220174,0.5602822742811879,0.42054497579220174,0.42054497579220174,0.4540335779183831,0.536080629116136,0.42054497579220174,0.42054497579220174,0.5332555300517581,0.42054497579220174,0.42054497579220174,0.4544910659299976,0.5650575886593744,0.42054497579220174,0.42054497579220174,0.42062748674493455,0.5662539293967566,0.42054497579220174,0.45393650311908035,0.5699649538942091,0.42061030722146076,0.4205670369634534,0.42054497579220174,0.42054497579220174,0.5888422747508143,0.42054497579220174
0.3791095879061152,0.3791095879061152,0.38295491720520497,0.6993693906505983,0.44871700277175297,0.8952059696452153,0.41601310632095173,0.5333543818175233,0.3792505769065875,0.5625658772454767,0.5333514927690232,0.3791095879061152,0.3792188827976393,0.5597334480063048,0.5308615920769245,0.3791798526767059,0.5353252846024948,0.4142838761927387,0.5312484042307836,0.3791095879061152,0.5553756931873445,0.3791095879061152,0.5278151668534441,0.3791095879061152,0.5699170138414069,0.5319000668760512,0.3791095879061152,0.5618104855508809,0.3791095879061152,0.5315666496666193,0.3791095879061152,0.5601690974023464,0.3792068193890995,0.5334019642909491,0.5589994927195818,0.3791095879061152,0.3791095879061152,0.5313416612352703,0.559079422468807,0.3791095879061152,0.5299658056994965,0.4156130661878398,0.5324750052521622,0.3791095879061152,0.5305291695339244,0.4162611061512453,0.5392735158055392,0.5336150229237264,0.41501593174562573,0.3791095879061152,0.5311970815100339,0.5597666662779828,0.37929882234055295,0.5362554713079452,0.3791095879061152,0.5614965951275771,0.3791095879061152,0.5322445467944019,0.41657186026770704,0.5373314845018082,0.5316474217022955,0.3791095879061152,0.5586495366101956,0.3791095879061152,0.5359533983455673,0.41735617722097856,0.5292858257278333,0.3791095879061152,0.5612394130063721,0.3791095879061152,0.5429212253385012,0.3791095879061152,0.5310589500865042,0.5672004582154591,0.3792068193890995,0.5281334239445694,0.4156085473631708,0.5443566602886615,0.3791095879061152,0.3791095879061152,0.3791095879061152,0.3791095879061152,0.5588730291920903,0.3791095879061152,0.3792432449327786,0.5361867767145544,0.3791341939489858,0.3791095879061152,0.3791095879061152,0.5575130226130613,0.3791095879061152,0.3791095879061152,0.3791095879061152,0.5305566504473848,0.3792016154423344,0.41511483278746747,0.5287008148823521,0.3791095879061152,0.3791095879061152,0.3791095879061152,0.530916694697576,0.3791095879061152,0.3791095879061152,0.4161584000700911,0.5050474573787144,0.3791095879061152,0.3791095879061152,0.502019329780491,0.3791095879061152,0.3791095879061152,0.4166607264023012,0.536007053939984,0.3791095879061152,0.3791095879061152,0.3792016154423344,0.5372816530304605,0.3791095879061152,0.41605179906069323,0.5412337704015437,0.3791824548150238,0.3791341939489858,0.3791095879061152,0.3791095879061152,0.5613008179689529,0.3791095879061152
0.0,0.0,0.05442213731642704,0.5988995878180696,0.24181793863830264,0.8408964152537145,0.17237980140711284,0.37911378349782526,0.010394373684897101,0.42054497579220174,0.3791095879061152,0.0,0.009151582168521813,0.416606132311601,0.37548551823476506,0.007337589656967254,0.38197099899493475,0.16810063187026403,0.37604960186491365,0.0,0.41051591110658614,0.0,0.3710288068822672,0.0,0.43069910961160246,0.3769990138474358,0.0,0.41949598846269115,0.0,0.3765133966355702,0.0,0.41721294641183104,0.008631695442028714,0.37918288155180585,0.41558298504525326,0.0,0.0,0.37618553778491753,0.4156944589878919,0.0,0.3741776633283907,0.1713977026687297,0.37783571393429227,0.0,0.37500043057879684,0.17298633703190353,0.3876653597617001,0.3794922078908373,0.16992304658611243,0.0,0.37597478150762864,0.41665241469352166,0.012042598058089401,0.3833160556274432,0.0,0.4190597850347714,0.0,0.3775004353058844,0.17374389576443552,0.38486927478793065,0.37663106692313997,0.0,0.415094773526294,0.0,0.3828794949000644,0.17564398915766738,0.37318343949414146,0.0,0.4187022491480052,0.0,0.39289274457718776,0.0,0.3757733730043645,0.42695794901242606,0.008631695442028714,0.37149558458711446,0.17138658249731295,0.3949412815255825,0.0,0.0,0.0,0.0,0.41540658757747473,0.0,0.010120440585044277,0.3832167972106293,0.004342020639995889,0.0,0.0,0.4135076183347193,0.0,0.0,0.0,0.37504054334593745,0.008397499661334884,0.17016801667699208,0.37232706459362586,0.0,0.0,0.0,0.3755658981469136,0.0,0.0,0.17273536004003914,0.3368304733101675,0.0,0.0,0.3321475875437321,0.0,0.0,0.17396003662243506,0.38295705557205234,0.0,0.0,0.008397499661334884,0.3847974068788512,0.0,0.17247454800369794,0.39047843384634984,0.0074722355432853054,0.004342020639995889,0.0,0.0,0.4187876259676446,0.0
0.009151582168521813,0.009151582168521813,0.05518623115222827,0.5989648517992433,0.24199075061822084,0.8409316261916836,0.17262245016865457,0.3792230771291164,0.01384898770020423,0.4206429688854552,0.3792188827976393,0.009151582168521813,0.012942291613493756,0.4167051106556006,0.3755959115616568,0.011729947916935629,0.38207944043029457,0.16834945900675574,0.37615982291445516,0.009151582168521813,0.4106164466943973,0.009151582168521813,0.3711405786629664,0.009151582168521813,0.43079463811737545,0.3771089460302973,0.009151582168521813,0.4195942423048294,0.009151582168521813,0.37662347640058835,0.009151582168521813,0.4173117718677001,0.012580048554510032,0.37929215443181896,0.41568222209351274,0.009151582168521813,0.009151582168521813,0.37629571739075707,0.4157936677935159,0.009151582168521813,0.3742884579675035,0.17164174226043669,0.3779453926746205,0.009151582168521813,0.3751109724464998,0.17322813467986364,0.3877721378679019,0.3796013879619675,0.1701692046089656,0.009151582168521813,0.37608502538017674,0.41675138136230117,0.015125330510689374,0.3834241000047265,0.009151582168521813,0.41915814765352244,0.009151582168521813,0.3776102154778702,0.1739846386838343,0.3849768638877781,0.37674111089458734,0.009151582168521813,0.4151941344288478,0.009151582168521813,0.38298766786310895,0.17588212646482895,0.37329454097915793,0.009151582168521813,0.4188007010793917,0.009151582168521813,0.3929980353717829,0.009151582168521813,0.37588367835648684,0.42705437326226475,0.012580048554510032,0.37160721053377577,0.17163063792802943,0.3950459994492101,0.009151582168521813,0.009151582168521813,0.009151582168521813,0.009151582168521813,0.41550586934537076,0.009151582168521813,0.0136445877021652,0.38332487079968225,0.0101293927916066,0.009151582168521813,0.009151582168521813,0.41360738372425,0.009151582168521813,0.009151582168521813,0.009151582168521813,0.37515107291682864,0.012420525635870311,0.17041382025465457,0.3724384316173032,0.009151582168521813,0.009151582168521813,0.009151582168521813,0.37567626689517103,0.009151582168521813,0.009151582168521813,0.17297750914687982,0.3369539702085841,0.009151582168521813,0.009151582168521813,0.33227286942063944,0.009151582168521813,0.009151582168521813,0.1742004802910528,0.38306520567013796,0.009151582168521813,0.009151582168521813,0.012420525635870311,0.38490501696872426,0.009151582168521813,0.17271706342062315,0.3905844069635125,0.011814641760816084,0.0101293927916066,0.009151582168521813,0.009151582168521813,0.4188860565592742,0.009151582168521813
0.416606132311601,0.416606132311601,0.4200913317674254,0.717808525309132,0.48047072003471714,0.90504202914444,0.4502753024539994,0.5597361749471051,0.4167338139891339,0.5873658618002823,0.5597334480063048,0.416606132311601,0.4167051106556006,0.5846820850280166,0.5573837051941765,0.4166697641136757,0.5615967654734034,0.4486873295232288,0.5577486846437958,0.416606132311601,0.5805549175576004,0.416606132311601,0.5545099940819572,0.416606132311601,0.5943355420045892,0.5583636148219937,0.416606132311601,0.5866500219581038,0.416606132311601,0.55804898375526,0.416606132311601,0.5850948084989767,0.41669418570084554,0.5597810876873375,0.5839868053494441,0.416606132311601,0.416606132311601,0.5578366812278923,0.5840625200793416,0.416606132311601,0.556538563097753,0.4499078580042875,0.5589061964567994,0.416606132311601,0.5570700628618398,0.4505031199050522,0.5653256564417418,0.559982196107491,0.4493594712180053,0.416606132311601,0.5577002574623279,0.5847135543982963,0.4167775075704376,0.5624750803389854,0.416606132311601,0.5863525864309784,0.416606132311601,0.5586887021573032,0.45078861150739363,0.5634912412037485,0.5581252032741284,0.416606132311601,0.5836553128994943,0.416606132311601,0.5621898391095355,0.45150930042692744,0.5558971049698296,0.416606132311601,0.5861088951029495,0.416606132311601,0.5687726288188536,0.416606132311601,0.5575699210760957,0.5917592319867133,0.41669418570084554,0.5548101438855797,0.44990370766181165,0.5701295626658431,0.416606132311601,0.416606132311601,0.416606132311601,0.416606132311601,0.58386701232635,0.416606132311601,0.416727173852393,0.5624102123334797,0.41662841532914524,0.416606132311601,0.416606132311601,0.5825788633713301,0.416606132311601,0.416606132311601,0.416606132311601,0.5570959906303518,0.41668947288134534,0.449450290704052,0.5553452902505712,0.416606132311601,0.416606132311601,0.416606132311601,0.5574356963476329,0.416606132311601,0.416606132311601,0.45040876979868755,0.5330787010273169,0.416606132311601,0.416606132311601,0.5302347776764149,0.416606132311601,0.416606132311601,0.4508702588217733,0.5622405040368005,0.416606132311601,0.416606132311601,0.41668947288134534,0.5634441779924253,0.416606132311601,0.4503108451010177,0.5671778114724377,0.41667212064888004,0.41662841532914524,0.416606132311601,0.416606132311601,0.5861670782837841,0.416606132311601
0.37548551823476506,0.37548551823476506,0.3793691345649371,0.6976430881304196,0.4456903881177567,0.8942807788773286,0.4127288384745289,0.5308644970443286,0.3756279240897764,0.56023060422284,0.5308615920769245,0.37548551823476506,0.3755959115616568,0.5573837051941765,0.5283579221261075,0.37555648924957064,0.5328462288526734,0.4109849522399548,0.5287468799134745,0.37548551823476506,0.5530034808852208,0.37548551823476506,0.5252945132264566,0.37548551823476506,0.5676188164403353,0.5294021518449322,0.37548551823476506,0.5594713637487856,0.37548551823476506,0.5290668888326208,0.37548551823476506,0.5578215869871813,0.37558372694310854,0.5309123416821326,0.5566459832372689,0.37548551823476506,0.37548551823476506,0.5288406538493751,0.5567263235331318,0.37548551823476506,0.5274571575343877,0.4123254178212189,0.5299802688915736,0.37548551823476506,0.528023653710287,0.41297893100159977,0.5368159708260225,0.5311265737589169,0.41172322611925205,0.37548551823476506,0.5286952726466303,0.5574170937742087,0.37567665413064333,0.5337815051878666,0.37548551823476506,0.5591558718511535,0.37548551823476506,0.5297485369316609,0.4132923041060483,0.5348633890924639,0.5291481081878765,0.37548551823476506,0.5562942286351226,0.37548551823476506,0.5334777808802712,0.41408321515096924,0.5267733899332521,0.37548551823476506,0.5588973766261585,0.37548551823476506,0.5404833421901064,0.37548551823476506,0.5285563751761498,0.5648886388366265,0.37558372694310854,0.5256145517159037,0.41232086077609303,0.5419264598492534,0.37548551823476506,0.37548551823476506,0.37548551823476506,0.37548551823476506,0.5565188699766151,0.37548551823476506,0.37562051845880906,0.5337124351861856,0.3755103716259298,0.37548551823476506,0.37548551823476506,0.5551518626211557,0.37548551823476506,0.37548551823476506,0.37548551823476506,0.5280512872874972,0.37557847070616274,0.4118229657045518,0.5261851143952848,0.37548551823476506,0.37548551823476506,0.37548551823476506,0.5284133305469849,0.37548551823476506,0.37548551823476506,0.41287535853526086,0.5023947744368868,0.37548551823476506,0.37548551823476506,0.4993483612546489,0.37548551823476506,0.37548551823476506,0.4133819185275573,0.5335317298983165,0.37548551823476506,0.37548551823476506,0.37557847070616274,0.5348132861381593,0.37548551823476506,0.4127678578668955,0.5387868164718961,0.37555911753766924,0.3755103716259298,0.37548551823476506,0.37548551823476506,0.5589590951845766,0.37548551823476506
0.007337589656967254,0.007337589656967254,0.054914561015545815,0.5989415442919303,0.2419290463215795,0.8409190513644391,0.17253582914018412,0.37918404745814427,0.012723333922492473,0.4206079741421461,0.3791798526767059,0.007337589656967254,0.011729947916935629,0.4166697641136757,0.37555648924957064,0.010376918808011637,0.3820407150333679,0.16826063448109532,0.3761204621130355,0.007337589656967254,0.4105805441184103,0.007337589656967254,0.37110066418361287,0.007337589656967254,0.43076052339909693,0.37706968836723664,0.007337589656967254,0.41955915445704817,0.007337589656967254,0.37658416604406025,0.007337589656967254,0.4172764799166792,0.011329006465561906,0.37925313217001366,0.4156467831776021,0.007337589656967254,0.007337589656967254,0.37625637138658774,0.41575823896202907,0.007337589656967254,0.374248892369339,0.17155462518351447,0.3779062255020357,0.007337589656967254,0.37507149709878934,0.1731418172102938,0.3877340063615275,0.37956239883723997,0.17008133199499711,0.007337589656967254,0.3760456564299265,0.41671603898917997,0.014101928554430744,0.38338551637666585,0.007337589656967254,0.419123020965382,0.007337589656967254,0.37757101208957056,0.1738986973986523,0.3849384428160489,0.3767018133179702,0.007337589656967254,0.4151586512890634,0.007337589656967254,0.38294903832370464,0.17579711452825084,0.37325486582373835,0.007337589656967254,0.41876554250081777,0.007337589656967254,0.39296043491319343,0.007337589656967254,0.37584428745529386,0.4270199387014099,0.011329006465561906,0.371567348123276,0.17154351520207003,0.39500860353646466,0.007337589656967254,0.007337589656967254,0.007337589656967254,0.007337589656967254,0.41547041446169786,0.007337589656967254,0.012500541568113928,0.3832862767416025,0.008526040314397475,0.007337589656967254,0.007337589656967254,0.4135717561570229,0.007337589656967254,0.007337589656967254,0.007337589656967254,0.3751116019596207,0.011151601805367568,0.1703260740520678,0.37239866165324137,0.007337589656967254,0.007337589656967254,0.007337589656967254,0.3756368533587452,0.007337589656967254,0.007337589656967254,0.17289106632532986,0.3369098695055166,0.007337589656967254,0.007337589656967254,0.33222813145003566,0.007337589656967254,0.007337589656967254,0.17411464573884336,0.38302658429462855,0.007337589656967254,0.007337589656967254,0.011151601805367568,0.384866588402521,0.007337589656967254,0.17263048995076602,0.3905465628797065,0.010472560607721787,0.008526040314397475,0.007337589656967254,0.007337589656967254,0.41885090560038324,0.007337589656967254
0.38197099899493475,0.38197099899493475,0.3857865724604296,0.7007396659932363,0.45111234578949627,0.8959398780401707,0.4186098857530811,0.5353281611120875,0.3821108871332206,0.5644177809852953,0.5353252846024948,0.38197099899493475,0.38207944043029457,0.5615967654734034,0.5328462288526734,0.3820407150333679,0.5372905336963738,0.41689209429081925,0.533231351160982,0.38197099899493475,0.5572567314408633,0.38197099899493475,0.5298131782509634,0.38197099899493475,0.5717396654198692,0.5338801711438417,0.38197099899493475,0.5636654253476258,0.38197099899493475,0.533548207695742,0.38197099899493475,0.5620306540623624,0.38206747119947826,0.5353755370851477,0.5608657810706963,0.38197099899493475,0.38197099899493475,0.5333242010382122,0.5609453870147778,0.38197099899493475,0.5319543630484378,0.41821248421017104,0.5344526059242056,0.38197099899493475,0.5325152600424038,0.41885625211755556,0.5412218177972069,0.5355876714186371,0.4176192968850175,0.38197099899493475,0.5331802525434758,0.5616298494153652,0.3821587560341245,0.538216710899729,0.38197099899493475,0.5633527981931872,0.38197099899493475,0.5342231505162605,0.4191649619066478,0.5392880990217377,0.5336286274232864,0.38197099899493475,0.5605172434485044,0.38197099899493475,0.537915938854151,0.4199441313441878,0.5312773658784449,0.38197099899493475,0.5630966518553641,0.38197099899493475,0.5448540337651655,0.38197099899493475,0.5330427244411917,0.5690338585164783,0.38206747119947826,0.530130032600529,0.4182079952169755,0.5462834139155612,0.38197099899493475,0.38197099899493475,0.38197099899493475,0.38197099899493475,0.5607398299962865,0.38197099899493475,0.3821036123898104,0.5381483120519098,0.3819954128556679,0.38197099899493475,0.38197099899493475,0.5593853448224714,0.38197099899493475,0.38197099899493475,0.38197099899493475,0.5325426207252579,0.3820623078810764,0.4177175434738319,0.5306949259247055,0.38197099899493475,0.38197099899493475,0.38197099899493475,0.5329010906351798,0.38197099899493475,0.38197099899493475,0.418754222303404,0.507149362521804,0.38197099899493475,0.38197099899493475,0.504135612549783,0.38197099899493475,0.38197099899493475,0.41925324393141833,0.53796936329329,0.38197099899493475,0.38197099899493475,0.3820623078810764,0.5392384814364033,0.38197099899493475,0.418648323525248,0.5431737269938488,0.3820432968539262,0.3819954128556679,0.38197099899493475,0.38197099899493475,0.563157809453008,0.38197099899493475
