0.0,0.0,0.11496233873448393,0.7294209629477604,0.4615683628293602,0.8408964121211313,0.005765331445692561,0.041836038656112635,0.49781765979464204,0.455280436537911,0.20296189696095543,0.4510610372306279,0.0,0.4504990418031701,0.20192148831495627,0.44660357157437525,0.0,0.4993444246659401,0.0,0.4472262457346682,0.0,0.4891693136838027,0.0,0.44087894897711954,0.008666315268049169,0.5147875587126706,0.4489133329497782,0.0,0.5002144745083673,0.0,0.4478685035789113,0.0,0.4978899943536829,0.4513488968194898,0.0,0.2039247118510526,0.44787514304995146,0.447449467106832,0.2053977207667135,0.4472869676402503,0.0,0.44492005122448,0.2028189659025564,0.449350938631872,0.04212916285893777,0.4437744159529855,0.20467806489350407,0.46126554805827613,0.45181867175523716,0.20123693234006454,0.0,0.44683669579583013,0.49684323102797023,0.011286011498091558,0.4561313193019627,0.20628701463653218,0.4516831152976895,0.0,0.4490371470227097,0.20562983517508393,0.4579007019963041,0.0,0.4480899815092888,0.2057522870890441,0.44685060180155534,0.4553203982423222,0.20806227282232975,0.4436081861864603,0.015111580482158934,0.4507640330171361,0.2058888781344309,0.4679110815648898,0.0,0.49510201041836804,0.46230842205934153,0.0,0.44169486810198993,0.20270793748579496,0.0,0.0,0.4704468774856677,0.0,0.0,0.44888983257031656,0.2011636083163037,0.0,0.0,0.4560047271455784,0.0,0.0,0.0,0.49269431080619974,0.008666315268049169,0.0,0.445779509468143,0.0,0.0,0.17001598776444507,0.45710628495665007,0.0,0.0,0.0,0.4468004177587654,0.0,0.20469422253597286,0.0,0.39982049958116067,0.009934898395625192,0.0,0.39398183420054705,0.0,0.0,0.20588578883035655,0.45544593328770233,0.0,0.0,0.0,0.4579211959286714,0.0,0.20409430038402537,0.4646039721586488,0.0,0.0,0.0,0.45060481150914145
0.0,0.0,0.11496233873448393,0.7294209629477604,0.4615683628293602,0.8408964121211313,0.005765331445692561,0.041836038656112635,0.49781765979464204,0.455280436537911,0.20296189696095543,0.4510610372306279,0.0,0.4504990418031701,0.20192148831495627,0.44660357157437525,0.0,0.4993444246659401,0.0,0.4472262457346682,0.0,0.4891693136838027,0.0,0.44087894897711954,0.008666315268049169,0.5147875587126706,0.4489133329497782,0.0,0.5002144745083673,0.0,0.4478685035789113,0.0,0.4978899943536829,0.4513488968194898,0.0,0.2039247118510526,0.44787514304995146,0.447449467106832,0.2053977207667135,0.4472869676402503,0.0,0.44492005122448,0.2028189659025564,0.449350938631872,0.04212916285893777,0.4437744159529855,0.20467806489350407,0.46126554805827613,0.45181867175523716,0.20123693234006454,0.0,0.44683669579583013,0.49684323102797023,0.011286011498091558,0.4561313193019627,0.20628701463653218,0.4516831152976895,0.0,0.4490371470227097,0.20562983517508393,0.4579007019963041,0.0,0.4480899815092888,0.2057522870890441,0.44685060180155534,0.4553203982423222,0.20806227282232975,0.4436081861864603,0.015111580482158934,0.4507640330171361,0.2058888781344309,0.4679110815648898,0.0,0.49510201041836804,0.46230842205934153,0.0,0.44169486810198993,0.20270793748579496,0.0,0.0,0.4704468774856677,0.0,0.0,0.44888983257031656,0.2011636083163037,0.0,0.0,0.4560047271455784,0.0,0.0,0.0,0.49269431080619974,0.008666315268049169,0.0,0.445779509468143,0.0,0.0,0.17001598776444507,0.45710628495665007,0.0,0.0,0.0,0.4468004177587654,0.0,0.20469422253597286,0.0,0.39982049958116067,0.009934898395625192,0.0,0.39398183420054705,0.0,0.0,0.20588578883035655,0.45544593328770233,0.0,0.0,0.0,0.4579211959286714,0.0,0.20409430038402537,0.4646039721586488,0.0,0.0,0.0,0.45060481150914145
0.11496233873448393,0.11496233873448393,0.1625741985504313,0.7370202684857359,0.47533111509930415,0.8463984763140598,0.11510680024663421,0.1223373219740338,0.5104947008299922,0.4692456432234412,0.23322747459692436,0.46516469872189764,0.11496233873448393,0.4646213062912361,0.23232321425066624,0.4608558492194376,0.11496233873448393,0.5119784905736581,0.11496233873448393,0.4614576150441344,0.11496233873448393,0.502093725699901,0.11496233873448393,0.4553257526673874,0.11528849791178317,0.526998004396208,0.4630882951306094,0.11496233873448393,0.5128241414156479,0.11496233873448393,0.46207835762147,0.11496233873448393,0.5105649947115033,0.4654430445335892,0.11496233873448393,0.23406529579475818,0.4620847749419014,0.46167335280847066,0.23534891449903736,0.46151630060268617,0.11496233873448393,0.4592291023634539,0.23310318072661945,0.4635113270943861,0.12243786120970844,0.45812230657908054,0.23472151158445334,0.47503794629417423,0.4658973149331847,0.23172885839869206,0.11496233873448393,0.4610811398513901,0.5095478073200606,0.11551494340899,0.4700688615632901,0.23612493110405647,0.46576622966550274,0.11496233873448393,0.4632079833938403,0.23555138576941276,0.47178098812751096,0.11496233873448393,0.4622924280556145,0.235658221315078,0.461094578793493,0.46928430376188707,0.23767641479562437,0.4579617262559764,0.11595119189721172,0.4648775210615174,0.23577741060528798,0.4814741369091783,0.11496233873448393,0.5078559998353214,0.4760476437426331,0.11496233873448393,0.4561136892333229,0.23300664426782158,0.11496233873448393,0.11496233873448393,0.4839313217879508,0.11496233873448393,0.11496233873448393,0.46306557805872617,0.2316652251935017,0.11496233873448393,0.11496233873448393,0.46994637986346316,0.11496233873448393,0.11496233873448393,0.11496233873448393,0.5055170757753964,0.11528849791178317,0.11496233873448393,0.46005953241116515,0.11496233873448393,0.11496233873448393,0.20521629660711518,0.4710122328284826,0.11496233873448393,0.11496233873448393,0.11496233873448393,0.4610460804053969,0.11496233873448393,0.2347355922054933,0.11496233873448393,0.4157990511212122,0.11539078320360752,0.11496233873448393,0.4102002943866017,0.11496233873448393,0.11496233873448393,0.2357747146727099,0.46940575256993106,0.11496233873448393,0.11496233873448393,0.11496233873448393,0.47180082102098286,0.11496233873448393,0.23421296698288716,0.478270595460635,0.11496233873448393,0.11496233873448393,0.11496233873448393,0.46472357190512725
0.7294209629477604,0.7294209629477604,0.7370202684857359,0.9492061418393625,0.8367961429122406,0.9873874209774502,0.7294402543874741,0.730435543783253,0.8516404295600112,0.8342696244448409,0.752650180272278,0.8325831894564578,0.7294209629477604,0.8323591224951331,0.7524193081651431,0.8308096528824341,0.7294209629477604,0.8522749538363203,0.7294209629477604,0.8310568971693988,0.7294209629477604,0.8480592739729896,0.7294209629477604,0.828544434831626,0.7294645514664989,0.8587290620722201,0.8317276146143021,0.7294209629477604,0.8526368469530397,0.7294209629477604,0.8313120905686749,0.7294209629477604,0.8516704765959626,0.832698009682795,0.7294209629477604,0.7528647710518109,0.8313147295976578,0.8311455715963141,0.7531948128640843,0.8310810167741389,0.7294209629477604,0.8301420119415384,0.7526184007564666,0.8319017854084956,0.7304497929088322,0.8296883817435993,0.753033304436277,0.8366741131281272,0.8328854654238845,0.7522679762780031,0.7294209629477604,0.8309021997801802,0.8512358107849374,0.7294948839688292,0.8346105905344063,0.7533950843036327,0.8328313645200854,0.7294209629477604,0.8317768854898265,0.7532470119298925,0.8353205503210949,0.7294209629477604,0.8314001327749267,0.7532745705330639,0.8309077209943615,0.8342856313644097,0.7537971607052434,0.8296226080919669,0.7295534811494784,0.8324647577991579,0.7533053283453504,0.8393602412290568,0.7294209629477604,0.8505134883652717,0.8370945254310231,0.7294209629477604,0.8288664171721173,0.7525937282268582,0.7294209629477604,0.7294209629477604,0.8403895823987203,0.7294209629477604,0.7294209629477604,0.8317182635454485,0.7522517939192287,0.7294209629477604,0.7294209629477604,0.8345598439655246,0.7294209629477604,0.7294209629477604,0.7294209629477604,0.8495161809297214,0.7294645514664989,0.7294209629477604,0.8304826988084505,0.7294209629477604,0.7294209629477604,0.7458599997855898,0.8350016376497186,0.7294209629477604,0.7294209629477604,0.7294209629477604,0.8308877964057833,0.7294209629477604,0.7530369251041658,0.7294209629477604,0.8127514215174357,0.7294782455455741,0.7294209629477604,0.810576327883177,0.7294209629477604,0.7294209629477604,0.7533046324910659,0.8343359194461308,0.7294209629477604,0.7294209629477604,0.7294209629477604,0.8353287807852225,0.7294209629477604,0.752902661886187,0.8380214046453178,0.7294209629477604,0.7294209629477604,0.7294209629477604,0.8324012827008497
0.4615683628293602,0.4615683628293602,0.47533111509930415,0.8367961429122406,0.6452198455991708,0.9173434764239106,0.4616035413660773,0.4634167666200355,0.6697256879361574,0.6410459803659097,0.503102714227436,0.6382589536689105,0.4615683628293602,0.6378885900179092,0.5026971740011972,0.635326979848198,0.4615683628293602,0.6707732383776007,0.4615683628293602,0.6357357851685463,0.4615683628293602,0.663814219227662,0.4615683628293602,0.6315804765783588,0.46164784603285447,0.6814327398974416,0.6368446708994393,0.4615683628293602,0.6713707203680703,0.4615683628293602,0.6361577108144623,0.4615683628293602,0.6697752921048847,0.6384487353923721,0.4615683628293602,0.5034795391309153,0.6361620739486424,0.6358823982445463,0.5040588802093889,0.6357756644708076,0.4615683628293602,0.6342229581530338,0.5030468993698006,0.6371325988240101,0.46344270145869115,0.633472731473209,0.5037754082286511,0.6450182863032224,0.6387585642875859,0.5024312802443188,0.4615683628293602,0.635480003839716,0.6690577197919063,0.4617031532037329,0.6416093629467133,0.5044102998393134,0.6386691468804673,0.4615683628293602,0.63692612339065,0.5041504840891198,0.6427823352109301,0.4615683628293602,0.6363032705824788,0.5041988438950624,0.6354891329311804,0.6410724295419424,0.5051155390765667,0.6333639464762205,0.46180998826334596,0.6380631982555863,0.5042528155090045,0.6494542976670344,0.4615683628293602,0.6678653127264477,0.6457126762990955,0.4615683628293602,0.6321131360691923,0.5030035649284263,0.4615683628293602,0.4615683628293602,0.6511538549372761,0.4615683628293602,0.4615683628293602,0.6368292120202391,0.5024028441394597,0.4615683628293602,0.4615683628293602,0.641525515830432,0.4615683628293602,0.4615683628293602,0.4615683628293602,0.6662190407177494,0.46164784603285447,0.4615683628293602,0.6347863441945013,0.4615683628293602,0.4615683628293602,0.4911192999354218,0.6422554550723539,0.4615683628293602,0.4615683628293602,0.4615683628293602,0.6354561884240456,0.4615683628293602,0.5037817637447954,0.4615683628293602,0.6053859482884835,0.461672815702519,0.4615683628293602,0.6017651755754352,0.4615683628293602,0.4615683628293602,0.5042515944987566,0.6411555230233477,0.4615683628293602,0.4615683628293602,0.4615683628293602,0.6427959325194363,0.4615683628293602,0.5035460644489661,0.6472434550574954,0.4615683628293602,0.4615683628293602,0.4615683628293602,0.6379582785175013
0.8408964121211313,0.8408964121211313,0.8463984763140598,0.9873874209774502,0.9173434764239106,1.0,0.8409103870702564,0.8416313381874925,0.9275159470932488,0.9155975301923593,0.8576915527845049,0.914429956901552,0.8408964121211313,0.914274700210424,0.8575250158021903,0.9132002592994394,0.8408964121211313,0.9279472377483178,0.8408964121211313,0.9133717987606534,0.8408964121211313,0.9250761003112391,0.8408964121211313,0.9116270029393077,0.8409279881140139,0.9323159759847703,0.9138369668121636,0.8408964121211313,0.9281930798433773,0.8408964121211313,0.9135488160601876,0.8408964121211313,0.9275363772588276,0.9145095046459326,0.8408964121211313,0.8578463371267896,0.9135506464490548,0.9134333129121424,0.8580843806356517,0.9133885311744477,0.8408964121211313,0.9127368695300337,0.8576686295379997,0.913957717784558,0.8416416590339257,0.9124218719561416,0.8579678946445496,0.917259239010465,0.9146393576066539,0.8574158492633769,0.8408964121211313,0.913264473009052,0.9272407635291371,0.8409499611993261,0.9158333833734429,0.8582288176213877,0.9146018833750457,0.8408964121211313,0.913871127654462,0.858122027599926,0.9163242490709237,0.8408964121211313,0.9136098785498097,0.8581419031984749,0.9132683037490494,0.9156086040860351,0.8585187762181745,0.9123761894261774,0.8409924091756052,0.9143478989479432,0.8581640859478177,0.9191112924907558,0.8408964121211313,0.9267491980610476,0.9175494110764792,0.8408964121211313,0.9118508066087392,0.8576508325923986,0.8408964121211313,0.8408964121211313,0.9198197774259903,0.8408964121211313,0.8408964121211313,0.9138304833000721,0.8574041755345057,0.8408964121211313,0.8408964121211313,0.9157982854232865,0.8408964121211313,0.8408964121211313,0.8408964121211313,0.9260698492354642,0.8409279881140139,0.8408964121211313,0.9129733623310707,0.8408964121211313,0.8408964121211313,0.852789857932595,0.9161037912956627,0.8408964121211313,0.8408964121211313,0.8408964121211313,0.9132544795473704,0.8408964121211313,0.8579705060572991,0.8408964121211313,0.9005826694968726,0.8409379082153168,0.8408964121211313,0.8990521179276604,0.8408964121211313,0.8408964121211313,0.8581635840946795,0.9156433933320165,0.8408964121211313,0.8408964121211313,0.8408964121211313,0.9163299377937647,0.8408964121211313,0.8578736669556107,0.9181887562496894,0.8408964121211313,0.8408964121211313,0.8408964121211313,0.914303915420132
0.005765331445692561,0.005765331445692561,0.11510680024663421,0.7294402543874741,0.4616035413660773,0.8409103870702564,0.008153409870867141,0.042231423427259975,0.497850001944699,0.4553161461301607,0.2030436958577567,0.4510971104052733,0.005765331445692561,0.4505351638544908,0.20200370993490047,0.4466400353842128,0.005765331445692561,0.49937665493093053,0.005765331445692561,0.44726265456402664,0.005765331445692561,0.48920230041925006,0.005765331445692561,0.4409159246799256,0.010408845596390881,0.5148186875973533,0.4489495934892117,0.005765331445692561,0.5002466412636283,0.005765331445692561,0.44790485583977574,0.005765331445692561,0.4979223311902225,0.45138494500038007,0.005765331445692561,0.2040061233725287,0.4479114947267738,0.44748585625917975,0.2054785466310055,0.44732337111524667,0.005765331445692561,0.44495666436427955,0.20290082261742323,0.44938716086714453,0.04252182211524835,0.4438111312839534,0.20475917584053452,0.46130075188143677,0.4518546792073314,0.20131943446918418,0.005765331445692561,0.4468731390055959,0.49687564488065233,0.012673322434342658,0.45616695628686743,0.20636749094951234,0.45171913449470624,0.005765331445692561,0.44907339671788676,0.2057105695132149,0.4579361887497291,0.005765331445692561,0.44812631429604155,0.20583297322527797,0.4468870437831128,0.4553561044192714,0.20814206022407108,0.44364491638397646,0.01617401959184336,0.4508001320088782,0.20596951057029758,0.46794573695631253,0.005765331445692561,0.4951345529738023,0.4623435389183176,0.005765331445692561,0.44173177012791215,0.20278983916951157,0.005765331445692561,0.005765331445692561,0.47048132712225604,0.005765331445692561,0.005765331445692561,0.44892609516862475,0.20124614060383483,0.005765331445692561,0.005765331445692561,0.45604037491785515,0.005765331445692561,0.005765331445692561,0.005765331445692561,0.49272703255962147,0.010408845596390881,0.005765331445692561,0.4458160462487165,0.005765331445692561,0.005765331445692561,0.1701136715162542,0.4571418390357148,0.005765331445692561,0.005765331445692561,0.005765331445692561,0.4468368641730023,0.005765331445692561,0.2047753270604871,0.005765331445692561,0.39986153028030896,0.011486568330069795,0.005765331445692561,0.39402350408565573,0.005765331445692561,0.005765331445692561,0.2059664224799894,0.4554816287392836,0.005765331445692561,0.005765331445692561,0.005765331445692561,0.4579566809479558,0.005765331445692561,0.20417564405029187,0.46463889878335796,0.005765331445692561,0.005765331445692561,0.005765331445692561,0.4506409243535108
0.041836038656112635,0.041836038656112635,0.1223373219740338,0.730435543783253,0.4634167666200355,0.8416313381874925,0.042231423427259975,0.05916504795196044,0.49951746575843264,0.4571566469093789,0.2072250877974465,0.4529562822463519,0.041836038656112635,0.4523968454814789,0.20620626499861774,0.44851926489197125,0.041836038656112635,0.5010383662501979,0.041836038656112635,0.44913906119456976,0.041836038656112635,0.4909029011850231,0.041836038656112635,0.44282143380909544,0.042724220657782454,0.5164237615226129,0.45081838615912423,0.041836038656112635,0.5019050871835234,0.041836038656112635,0.4497783580022506,0.041836038656112635,0.4995895218176569,0.45324283341163357,0.041836038656112635,0.20816811594044746,0.4497849669017376,0.4493612525945118,0.20961119941878192,0.44919950283244253,0.041836038656112635,0.4468435606834749,0.2070851095456837,0.45125398674183587,0.05937267905628256,0.44570327400903686,0.2089061120704789,0.4631152759840098,0.4537104761701514,0.20553602916777203,0.041836038656112635,0.4487513108448379,0.4985467951295097,0.04333160482397282,0.4580037281764453,0.21048262611744104,0.4535755345694736,0.041836038656112635,0.45094163257285763,0.20983863594345123,0.4597652449169392,0.041836038656112635,0.44999881656109947,0.2099586241430809,0.4487651525622776,0.4571964298012647,0.21222265765944337,0.44553782232893124,0.04448160967833443,0.4526606295466171,0.21009247033243716,0.4697320881368766,0.041836038656112635,0.49681231998651887,0.4641535960227327,0.041836038656112635,0.4436334971188325,0.20697637763071763,0.041836038656112635,0.041836038656112635,0.47225710733994997,0.041836038656112635,0.041836038656112635,0.45079499355438324,0.20546424457000145,0.041836038656112635,0.041836038656112635,0.4578777008195547,0.041836038656112635,0.041836038656112635,0.041836038656112635,0.49441401190785167,0.042724220657782454,0.041836038656112635,0.44769902222771896,0.041836038656112635,0.041836038656112635,0.17508544944954096,0.4589743530225208,0.041836038656112635,0.041836038656112635,0.041836038656112635,0.4487152005397594,0.041836038656112635,0.20892194153765822,0.041836038656112635,0.4019750407380158,0.042999490424480806,0.041836038656112635,0.39616977217841554,0.041836038656112635,0.041836038656112635,0.21008944307042618,0.45732140330465043,0.041836038656112635,0.041836038656112635,0.041836038656112635,0.4597856480492985,0.041836038656112635,0.20833423791826805,0.466439183863281,0.041836038656112635,0.041836038656112635,0.041836038656112635,0.45250213321271654
0.49781765979464204,0.49781765979464204,0.5104947008299922,0.8516404295600112,0.6697256879361574,0.9275159470932488,0.497850001944699,0.49951746575843264,0.6929526960313246,0.6657735213155449,0.5362094611766238,0.6631352290388102,0.49781765979464204,0.6627846735965063,0.5358327766665544,0.6603603483194102,0.49781765979464204,0.6939463604556925,0.49781765979464204,0.6607472111556254,0.49781765979464204,0.6873464281247846,0.49781765979464204,0.6568155378320613,0.4978907348599109,0.7040606790746781,0.661796641707984,0.49781765979464204,0.6945131337818461,0.49781765979464204,0.661146503420761,0.49781765979464204,0.6929997472514261,0.6633148645931285,0.49781765979464204,0.5365595030402212,0.6611506325736586,0.660885957925546,0.5370977223450785,0.6607849506315425,0.49781765979464204,0.6593156485145405,0.536157615803325,0.6620691469682096,0.49954132192732204,0.6586057870181704,0.5368343629279915,0.6695348064183734,0.6636081350594096,0.5355858201411121,0.49781765979464204,0.6605051573092221,0.6923191185769162,0.49794158399886984,0.6663069068202034,0.5374242306340992,0.6635234957272054,0.49781765979464204,0.6618737306191732,0.5371828302711839,0.6674174978198446,0.49781765979464204,0.6612842580506438,0.5372277613851423,0.6605137963673234,0.6657985617030004,0.5380795508707347,0.6585028587093031,0.4980398098832508,0.6629499419661712,0.5372779069802307,0.6737364604037015,0.49781765979464204,0.6911881627570108,0.6701924223846044,0.49781765979464204,0.6573194548669539,0.5361173636840119,0.49781765979464204,0.49781765979464204,0.6753465795295339,0.49781765979464204,0.49781765979464204,0.6617820110496136,0.5355594101252479,0.49781765979464204,0.49781765979464204,0.6662275226592579,0.49781765979464204,0.49781765979464204,0.49781765979464204,0.6896268593601617,0.4978907348599109,0.49781765979464204,0.6598487507043043,0.49781765979464204,0.49781765979464204,0.5250929581263439,0.6669186261531268,0.49781765979464204,0.49781765979464204,0.49781765979464204,0.660482620292545,0.49781765979464204,0.5368402673399986,0.49781765979464204,0.6320643007954199,0.49791369175167277,0.49781765979464204,0.6286480334048847,0.49781765979464204,0.49781765979464204,0.5372767725203547,0.665877229623522,0.49781765979464204,0.49781765979464204,0.49781765979464204,0.667430372569704,0.49781765979464204,0.5366213029773896,0.6716422504814132,0.49781765979464204,0.49781765979464204,0.49781765979464204,0.6628506341565551
0.455280436537911,0.455280436537911,0.4692456432234412,0.8342696244448409,0.6410459803659097,0.9155975301923593,0.4553161461301607,0.4571566469093789,0.6657735213155449,0.636833541473592,0.4973964289459887,0.6340206123471952,0.455280436537911,0.6336467975932076,0.4969856069949566,0.6310612593589958,0.455280436537911,0.6668303841071219,0.455280436537911,0.6314738902589706,0.455280436537911,0.6598092652224914,0.455280436537911,0.627279571804488,0.4553611195183181,0.6775839733852241,0.6325931396148755,0.455280436537911,0.6674331720049069,0.455280436537911,0.6318997614940954,0.455280436537911,0.665823566726053,0.6342121616629078,0.455280436537911,0.49777815525223146,0.6319041654149623,0.6316218746887503,0.49836502001724514,0.6315141426081813,0.455280436537911,0.6299468930103925,0.4973398875798644,0.6328837553536945,0.45718297050079504,0.6291896255969517,0.49807786848534585,0.6408425641996073,0.6345248750542941,0.49671624641178835,0.455280436537911,0.6312157156512478,0.6650996087106947,0.45541726131908805,0.6374021457764486,0.4987209964180063,0.634434625326012,0.455280436537911,0.6326753525985437,0.49845781220910595,0.6385859745207899,0.455280436537911,0.6320466817967053,0.4985067992081119,0.63122493017905,0.6368602359011,0.49943536446533887,0.6290798189216393,0.4555257081032611,0.6338230331206608,0.49856147067860784,0.6453193079988171,0.455280436537911,0.6638965773910682,0.6415433488036363,0.455280436537911,0.6278172474828771,0.49729598898772065,0.455280436537911,0.455280436537911,0.647034397735774,0.455280436537911,0.455280436537911,0.6325775363899899,0.4966874393653038,0.455280436537911,0.455280436537911,0.6373175218235201,0.455280436537911,0.455280436537911,0.455280436537911,0.6622356102418429,0.4553611195183181,0.455280436537911,0.6305155603913458,0.455280436537911,0.455280436537911,0.485253871905433,0.6380542203642382,0.455280436537911,0.455280436537911,0.455280436537911,0.6311916773482673,0.455280436537911,0.49808430653563207,0.455280436537911,0.6008321847451814,0.4553864660224663,0.455280436537911,0.5971754247765749,0.455280436537911,0.455280436537911,0.49856023383674286,0.6369440998029534,0.455280436537911,0.455280436537911,0.455280436537911,0.6385996975595498,0.455280436537911,0.4978455452398011,0.6430881999291271,0.455280436537911,0.455280436537911,0.455280436537911,0.6337171356227063
0.20296189696095543,0.20296189696095543,0.23322747459692436,0.752650180272278,0.503102714227436,0.8576915527845049,0.2030436958577567,0.2072250877974465,0.5362094611766238,0.4973964289459887,0.28690962333558157,0.4935740004602358,0.20296189696095543,0.4930652927378898,0.286176444001139,0.48954191010362164,0.20296189696095543,0.5376110406735377,0.20296189696095543,0.49010478536577307,0.20296189696095543,0.5282805362990675,0.20296189696095543,0.4843729202009383,0.20314667797433156,0.5518170136715089,0.4916304704657119,0.20296189696095543,0.5384099903876348,0.20296189696095543,0.4906854927812988,0.20296189696095543,0.5362758526459662,0.49383460355582204,0.20296189696095543,0.2875897901726654,0.4906914966455947,0.4903065995909899,0.2886334526124111,0.49015968241313784,0.20296189696095543,0.48802068899121864,0.2868087881097353,0.4920263574901187,0.20728440985091823,0.48698602081115056,0.28812309616979853,0.5028276433159158,0.49425995214442275,0.2856950633087258,0.20296189696095543,0.4897526316223308,0.5353152105103582,0.20327517610979692,0.49816791532190297,0.2892653251454849,0.4941372081762364,0.20296189696095543,0.491742474753924,0.28879824837491896,0.4997728913422232,0.20296189696095543,0.4908857758227533,0.2888852231599268,0.48976520184075606,0.4974326569116014,0.2905306853750309,0.48683592756200317,0.20352320893073322,0.49330514557743804,0.2889822706075259,0.5088703573411985,0.20296189696095543,0.5337178112127761,0.5037750812752134,0.20296189696095543,0.4851089920134718,0.2867304840145918,0.20296189696095543,0.20296189696095543,0.5111794063443651,0.20296189696095543,0.20296189696095543,0.4916092121726742,0.2856435503564787,0.20296189696095543,0.20296189696095543,0.49805312174680055,0.20296189696095543,0.20296189696095543,0.20296189696095543,0.5315101571944805,0.20314667797433156,0.20296189696095543,0.48879717775150006,0.20296189696095543,0.20296189696095543,0.2646832440640491,0.4990521738313994,0.20296189696095543,0.20296189696095543,0.20296189696095543,0.48971983868218716,0.20296189696095543,0.2881345449565694,0.20296189696095543,0.4476433152041497,0.2032046993639007,0.20296189696095543,0.4424750654028789,0.20296189696095543,0.20296189696095543,0.28898007531905034,0.4975464659891084,0.20296189696095543,0.20296189696095543,0.20296189696095543,0.4997914865010803,0.20296189696095543,0.28770975876232063,0.5058616645068007,0.20296189696095543,0.20296189696095543,0.20296189696095543,0.4931610259862969
0.4510610372306279,0.4510610372306279,0.46516469872189764,0.8325831894564578,0.6382589536689105,0.914429956901552,0.4510971104052733,0.4529562822463519,0.6631352290388102,0.6340206123471952,0.4935740004602358,0.6311902855003327,0.4510610372306279,0.6308141525159751,0.49315958456325326,0.6282125393131519,0.4510610372306279,0.6641983343693628,0.4510610372306279,0.628627740443814,0.4510610372306279,0.6571355794362321,0.4510610372306279,0.6244072096286489,0.451142541624459,0.6750149736720455,0.6297539522760606,0.4510610372306279,0.6648046789098407,0.4510610372306279,0.6290562624622152,0.4510610372306279,0.6631855702448395,0.6313830221487142,0.4510610372306279,0.4939590617510178,0.6290606937845843,0.6287766462052694,0.4945510454189935,0.6286682434221816,0.4510610372306279,0.6270912225030438,0.4935169647532961,0.6300463736514385,0.45298287191199177,0.626329224190517,0.4942613904733683,0.6380542907697813,0.6316976730898546,0.49288786487622105,0.4510610372306279,0.628367957910811,0.6624573313562895,0.4511992548384969,0.6345927234913716,0.4949101219286051,0.6316068642859489,0.4510610372306279,0.629836676151714,0.4946446460692141,0.6357838428805769,0.4510610372306279,0.6292040968010613,0.4946940597699455,0.6283772298395386,0.6340474714854304,0.49563070015325483,0.6262187309955239,0.45130880504382853,0.6309914811600147,0.49474920737453737,0.6425583791578334,0.4510610372306279,0.6612471772956703,0.6387593687468996,0.4510610372306279,0.6249482563207962,0.49347268229148755,0.4510610372306279,0.4510610372306279,0.6442838940835763,0.4510610372306279,0.4510610372306279,0.6297382520807191,0.492858805406703,0.4510610372306279,0.4510610372306279,0.6345075778334153,0.4510610372306279,0.4510610372306279,0.4510610372306279,0.6595763573434854,0.451142541624459,0.4510610372306279,0.6276634384259868,0.4510610372306279,0.4510610372306279,0.48132306984250023,0.6352488156595184,0.4510610372306279,0.4510610372306279,0.4510610372306279,0.6283437698594596,0.4510610372306279,0.4942678846774742,0.4510610372306279,0.5977897267710869,0.4511681461217292,0.4510610372306279,0.5941087310386776,0.4510610372306279,0.4510610372306279,0.4947479597619699,0.6341318527992238,0.4510610372306279,0.4510610372306279,0.4510610372306279,0.6357976503498305,0.4510610372306279,0.49402704005496945,0.6403136674353175,0.4510610372306279,0.4510610372306279,0.4510610372306279,0.6308849268626446
0.0,0.0,0.11496233873448393,0.7294209629477604,0.4615683628293602,0.8408964121211313,0.005765331445692561,0.041836038656112635,0.49781765979464204,0.455280436537911,0.20296189696095543,0.4510610372306279,0.0,0.4504990418031701,0.20192148831495627,0.44660357157437525,0.0,0.4993444246659401,0.0,0.4472262457346682,0.0,0.4891693136838027,0.0,0.44087894897711954,0.008666315268049169,0.5147875587126706,0.4489133329497782,0.0,0.5002144745083673,0.0,0.4478685035789113,0.0,0.4978899943536829,0.4513488968194898,0.0,0.2039247118510526,0.44787514304995146,0.447449467106832,0.2053977207667135,0.4472869676402503,0.0,0.44492005122448,0.2028189659025564,0.449350938631872,0.04212916285893777,0.4437744159529855,0.20467806489350407,0.46126554805827613,0.45181867175523716,0.20123693234006454,0.0,0.44683669579583013,0.49684323102797023,0.011286011498091558,0.4561313193019627,0.20628701463653218,0.4516831152976895,0.0,0.4490371470227097,0.20562983517508393,0.4579007019963041,0.0,0.4480899815092888,0.2057522870890441,0.44685060180155534,0.4553203982423222,0.20806227282232975,0.4436081861864603,0.015111580482158934,0.4507640330171361,0.2058888781344309,0.4679110815648898,0.0,0.49510201041836804,0.46230842205934153,0.0,0.44169486810198993,0.20270793748579496,0.0,0.0,0.4704468774856677,0.0,0.0,0.44888983257031656,0.2011636083163037,0.0,0.0,0.4560047271455784,0.0,0.0,0.0,0.49269431080619974,0.008666315268049169,0.0,0.445779509468143,0.0,0.0,0.17001598776444507,0.45710628495665007,0.0,0.0,0.0,0.4468004177587654,0.0,0.20469422253597286,0.0,0.39982049958116067,0.009934898395625192,0.0,0.39398183420054705,0.0,0.0,0.20588578883035655,0.45544593328770233,0.0,0.0,0.0,0.4579211959286714,0.0,0.20409430038402537,0.4646039721586488,0.0,0.0,0.0,0.45060481150914145
0.4504990418031701,0.4504990418031701,0.4646213062912361,0.8323591224951331,0.6378885900179092,0.914274700210424,0.4505351638544908,0.4523968454814789,0.6627846735965063,0.6336467975932076,0.4930652927378898,0.6308141525159751,0.4504990418031701,0.630437710614276,0.49265039507773783,0.627833955231526,0.4504990418031701,0.6638486099945399,0.4504990418031701,0.6282494988875366,0.4504990418031701,0.6567803116112867,0.4504990418031701,0.6240254746363123,0.4505806566200806,0.6746736418044214,0.6293766385614852,0.4504990418031701,0.6644554280191992,0.4504990418031701,0.6286783741615772,0.4504990418031701,0.6628350541822506,0.631007047381774,0.4504990418031701,0.4934508010678086,0.6286828091355726,0.6283985274304488,0.49404347088097506,0.6282900352661074,0.4504990418031701,0.626711712136225,0.49300819076599617,0.6296693005564029,0.4524234709105776,0.6259490833200106,0.4937534803771457,0.637683761020815,0.6313219565081075,0.49237835914983263,0.4504990418031701,0.6279895020726679,0.6621062453691926,0.45063744664912964,0.6342193759963913,0.49440296292197716,0.6312310732057027,0.4504990418031701,0.6294594305189433,0.49413717989592715,0.6354114667805534,0.4504990418031701,0.6288263303080232,0.49418665079097385,0.6279987816510206,0.6336736786780338,0.4951243735178464,0.6258384986288476,0.4507471451862856,0.6306151849227473,0.4942418622155076,0.6421914922016416,0.4504990418031701,0.6608951430133349,0.6383894109850998,0.4504990418031701,0.6245669706243285,0.49296385684741634,0.4504990418031701,0.4504990418031701,0.6439183958224896,0.4504990418031701,0.4504990418031701,0.6293609254437768,0.49234926584238214,0.4504990418031701,0.4504990418031701,0.6341341608258626,0.4504990418031701,0.4504990418031701,0.4504990418031701,0.6592230112439703,0.4505806566200806,0.4504990418031701,0.6272844009759992,0.4504990418031701,0.4504990418031701,0.4807998295245431,0.6348760034654773,0.4504990418031701,0.4504990418031701,0.4504990418031701,0.6279652940648526,0.4504990418031701,0.4937599821081867,0.4504990418031701,0.5973853107802983,0.4506062957993735,0.4504990418031701,0.5937010817094509,0.4504990418031701,0.4504990418031701,0.49424061315926177,0.633758128933353,0.4504990418031701,0.4504990418031701,0.4504990418031701,0.6354252854989976,0.4504990418031701,0.49351885823176816,0.639944968288113,0.4504990418031701,0.4504990418031701,0.4504990418031701,0.6305085431029576
0.20192148831495627,0.20192148831495627,0.23232321425066624,0.7524193081651431,0.5026971740011972,0.8575250158021903,0.20200370993490047,0.20620626499861774,0.5358327766665544,0.4969856069949566,0.286176444001139,0.49315958456325326,0.20192148831495627,0.49265039507773783,0.2854413559435958,0.48912365293581256,0.20192148831495627,0.5372355165483449,0.20192148831495627,0.48968706758358327,0.20192148831495627,0.5278971991828277,0.20192148831495627,0.48394966093000275,0.2021072237606094,0.5514530008413688,0.49121420953807937,0.20192148831495627,0.5380351256773228,0.20192148831495627,0.4902683303946496,0.20192148831495627,0.5358992232058583,0.49342043414089315,0.20192148831495627,0.28685837299123423,0.4902743399954104,0.4898890749502566,0.28790472343498497,0.4897420171819343,0.20192148831495627,0.48760096890589755,0.28607534683516156,0.49161047336426866,0.20626588114081637,0.4865653013610384,0.28739305493646683,0.502421850728637,0.49384618456899415,0.2849587168069905,0.20192148831495627,0.48933457650304124,0.5349377832332058,0.20223638459000007,0.4977578132382933,0.2885382141188673,0.49372332469954666,0.20192148831495627,0.49132632048198976,0.2880699418908807,0.4993642810107876,0.20192148831495627,0.4904688047360848,0.28815713957099703,0.48934715876974244,0.4970218688055696,0.28980679398768144,0.48641506284536473,0.20248569419951687,0.492890475168256,0.28825443557179187,0.5084700576240568,0.20192148831495627,0.5333390524240903,0.5033701569628044,0.20192148831495627,0.48468645049025305,0.28599683920410196,0.20192148831495627,0.20192148831495627,0.5107811779019166,0.20192148831495627,0.20192148831495627,0.4911929309973566,0.284907068940373,0.20192148831495627,0.20192148831495627,0.4976429126661145,0.20192148831495627,0.20192148831495627,0.20192148831495627,0.5311295481715488,0.2021072237606094,0.20192148831495627,0.4883782053422013,0.20192148831495627,0.20192148831495627,0.2638875725908028,0.4986428945973972,0.20192148831495627,0.20192148831495627,0.20192148831495627,0.4893017521291702,0.20192148831495627,0.2874045332065936,0.20192148831495627,0.44718169976957556,0.20216554448365384,0.20192148831495627,0.44200760957402424,0.20192148831495627,0.20192148831495627,0.28825223466266353,0.49713578417982324,0.20192148831495627,0.20192148831495627,0.20192148831495627,0.49938289340705316,0.20192148831495627,0.28697865154130753,0.5054586431267152,0.20192148831495627,0.20192148831495627,0.20192148831495627,0.4927462190514844
0.44660357157437525,0.44660357157437525,0.4608558492194376,0.8308096528824341,0.635326979848198,0.9132002592994394,0.4466400353842128,0.44851926489197125,0.6603603483194102,0.6310612593589958,0.48954191010362164,0.6282125393131519,0.44660357157437525,0.627833955231526,0.48912365293581256,0.6252153443080989,0.44660357157437525,0.6614300426317616,0.44660357157437525,0.6256332633770166,0.44660357157437525,0.6543233344174502,0.44660357157437525,0.6213850107877474,0.4466859584971125,0.6723132119553918,0.6267668374868551,0.44660357157437525,0.6620401410444531,0.44660357157437525,0.62606458844821,0.44660357157437525,0.6604110017445315,0.6284065313247985,0.44660357157437525,0.4899305357277429,0.6260690487457551,0.6257831434021464,0.4905279900384179,0.6256740313844101,0.44660357157437525,0.6240866772808431,0.48948434604706204,0.6270611681057403,0.4485461403544657,0.6233196757019499,0.49023565970364896,0.6351209992843478,0.6287232308022486,0.4888494117039249,0.44660357157437525,0.6253717805210416,0.6596782442186422,0.44674328563326476,0.6316370776499486,0.49089037950675585,0.6286318309015172,0.44660357157437525,0.626850101572547,0.49062245466721377,0.6328359037379608,0.44660357157437525,0.6262133893126424,0.49067232436953323,0.6253811131496099,0.6310882926186232,0.4916175939055284,0.6232084564447878,0.4468540213322461,0.6280124396494338,0.49072798079952457,0.6396539846396255,0.44660357157437525,0.6584605714522536,0.6358306148406843,0.44660357157437525,0.6219296229872134,0.4894396533045248,0.44660357157437525,0.44660357157437525,0.6413905147522344,0.44660357157437525,0.44660357157437525,0.6267510347560243,0.48882008242583064,0.44660357157437525,0.44660357157437525,0.6315513804954238,0.44660357157437525,0.44660357157437525,0.44660357157437525,0.6567793502191939,0.4466859584971125,0.44660357157437525,0.624662645898942,0.44660357157437525,0.44660357157437525,0.47717507096594336,0.6322974167318471,0.44660357157437525,0.44660357157437525,0.44660357157437525,0.6253474341149102,0.44660357157437525,0.49024221392005796,0.44660357157437525,0.5945874699367124,0.4467118401808522,0.44660357157437525,0.5908807946935228,0.44660357157437525,0.44660357157437525,0.49072672167677317,0.6311732209047357,0.44660357157437525,0.44660357157437525,0.44660357157437525,0.6328498004529137,0.44660357157437525,0.48999914279144924,0.6373948978532312,0.44660357157437525,0.44660357157437525,0.44660357157437525,0.6279051909063879
0.0,0.0,0.11496233873448393,0.7294209629477604,0.4615683628293602,0.8408964121211313,0.005765331445692561,0.041836038656112635,0.49781765979464204,0.455280436537911,0.20296189696095543,0.4510610372306279,0.0,0.4504990418031701,0.20192148831495627,0.44660357157437525,0.0,0.4993444246659401,0.0,0.4472262457346682,0.0,0.4891693136838027,0.0,0.44087894897711954,0.008666315268049169,0.5147875587126706,0.4489133329497782,0.0,0.5002144745083673,0.0,0.4478685035789113,0.0,0.4978899943536829,0.4513488968194898,0.0,0.2039247118510526,0.44787514304995146,0.447449467106832,0.2053977207667135,0.4472869676402503,0.0,0.44492005122448,0.2028189659025564,0.449350938631872,0.04212916285893777,0.4437744159529855,0.20467806489350407,0.46126554805827613,0.45181867175523716,0.20123693234006454,0.0,0.44683669579583013,0.49684323102797023,0.011286011498091558,0.4561313193019627,0.20628701463653218,0.4516831152976895,0.0,0.4490371470227097,0.20562983517508393,0.4579007019963041,0.0,0.4480899815092888,0.2057522870890441,0.44685060180155534,0.4553203982423222,0.20806227282232975,0.4436081861864603,0.015111580482158934,0.4507640330171361,0.2058888781344309,0.4679110815648898,0.0,0.49510201041836804,0.46230842205934153,0.0,0.44169486810198993,0.20270793748579496,0.0,0.0,0.4704468774856677,0.0,0.0,0.44888983257031656,0.2011636083163037,0.0,0.0,0.4560047271455784,0.0,0.0,0.0,0.49269431080619974,0.008666315268049169,0.0,0.445779509468143,0.0,0.0,0.17001598776444507,0.45710628495665007,0.0,0.0,0.0,0.4468004177587654,0.0,0.20469422253597286,0.0,0.39982049958116067,0.009934898395625192,0.0,0.39398183420054705,0.0,0.0,0.20588578883035655,0.45544593328770233,0.0,0.0,0.0,0.4579211959286714,0.0,0.20409430038402537,0.4646039721586488,0.0,0.0,0.0,0.45060481150914145
