0.0,0.0,0.5703939830875941,0.0627349518319411,0.8408964152537145,0.008770616375134193,0.019672886150618896,0.4069533715773707,0.0,0.37207520936498645,0.4061942360996801,0.0,0.0,0.40540742997748147,0.3651774799187208,0.0,0.3712372227267962,0.16375280143809887,0.36583794078663384,0.0,0.3991259825337627,0.0,0.360537072614528,0.0,0.4189046375524786,0.366796813567263,0.0,0.40781902610823617,0.0,0.0,0.36643496818683857,0.4057959158508734,0.008400633126485176,0.3688161836283976,0.1677676907649362,0.3663058501657169,0.0,0.36599493401979233,0.40441074719485187,0.0,0.0,0.3636936073913062,0.4049021585577947,0.03248534664522124,0.3634925526272946,0.16838648954000335,0.37720590282348326,0.0,0.405702133506132,0.3658782197151989,0.0,0.40547057987244967,0.008400633126485176,0.0,0.37285177125278046,0.1697607065909761,0.3689335106680311,0.36692072638691614,0.0,0.4119289965824324,0.0,0.3664397852423318,0.16913674679153978,0.36555756752287144,0.37239113388437495,0.0,0.1710425440743392,0.362715292309638,0.3688851471906455,0.169381022902258,0.38191305353632315,0.008151670004737183,0.40405105315864687,0.008400633126485176,0.3780142399161488,0.0,0.3991400759370742,0.0,0.0,0.38409337690541967,0.0,0.0,0.0,0.40408581672341787,0.0,0.0,0.0,0.3724858652929001,0.0,0.0,0.40188749969560905,0.0,0.0,0.008172706577334859,0.364996972208838,0.0,0.0,0.1655552204180897,0.3622213579965874,0.0,0.0,0.3652468105263959,0.0,0.0,0.1681607117006991,0.3277165850822779,0.0,0.0,0.0,0.323082604836064,0.0,0.16929929801437435,0.0,0.37257749006336277,0.008172706577334859,0.0,0.3744488580257392,0.0,0.16785374235225264,0.0,0.37964532669384116,0.0,0.0,0.0,0.40710963575107095
0.0,0.0,0.5703939830875941,0.0627349518319411,0.8408964152537145,0.008770616375134193,0.019672886150618896,0.4069533715773707,0.0,0.37207520936498645,0.4061942360996801,0.0,0.0,0.40540742997748147,0.3651774799187208,0.0,0.3712372227267962,0.16375280143809887,0.36583794078663384,0.0,0.3991259825337627,0.0,0.360537072614528,0.0,0.4189046375524786,0.366796813567263,0.0,0.40781902610823617,0.0,0.0,0.36643496818683857,0.4057959158508734,0.008400633126485176,0.3688161836283976,0.1677676907649362,0.3663058501657169,0.0,0.36599493401979233,0.40441074719485187,0.0,0.0,0.3636936073913062,0.4049021585577947,0.03248534664522124,0.3634925526272946,0.16838648954000335,0.37720590282348326,0.0,0.405702133506132,0.3658782197151989,0.0,0.40547057987244967,0.008400633126485176,0.0,0.37285177125278046,0.1697607065909761,0.3689335106680311,0.36692072638691614,0.0,0.4119289965824324,0.0,0.3664397852423318,0.16913674679153978,0.36555756752287144,0.37239113388437495,0.0,0.1710425440743392,0.362715292309638,0.3688851471906455,0.169381022902258,0.38191305353632315,0.008151670004737183,0.40405105315864687,0.008400633126485176,0.3780142399161488,0.0,0.3991400759370742,0.0,0.0,0.38409337690541967,0.0,0.0,0.0,0.40408581672341787,0.0,0.0,0.0,0.3724858652929001,0.0,0.0,0.40188749969560905,0.0,0.0,0.008172706577334859,0.364996972208838,0.0,0.0,0.1655552204180897,0.3622213579965874,0.0,0.0,0.3652468105263959,0.0,0.0,0.1681607117006991,0.3277165850822779,0.0,0.0,0.0,0.323082604836064,0.0,0.16929929801437435,0.0,0.37257749006336277,0.008172706577334859,0.0,0.3744488580257392,0.0,0.16785374235225264,0.0,0.37964532669384116,0.0,0.0,0.0,0.40710963575107095
0.5703939830875941,0.5703939830875941,0.7844084543933847,0.5736447730972476,0.947993964541913,0.5704577403913844,0.5707146727095174,0.6909829175324258,0.5703939830875941,0.6731451816239649,0.690584787659278,0.5703939830875941,0.5703939830875941,0.6901725901932957,0.669733299308888,0.5703939830875941,0.6727285499166461,0.5921050468306528,0.6700582485369976,0.5703939830875941,0.6868982100498341,0.5703939830875941,0.6674607344496813,0.5703939830875941,0.6973052707172762,0.6705306775511749,0.5703939830875941,0.6914374236303066,0.5703939830875941,0.5703939830875941,0.6703523075120978,0.6903760562627286,0.5704524750550631,0.6715281505726111,0.5931568799774037,0.670288686259805,0.5703939830875941,0.6701355443989349,0.6896510926177957,0.5703939830875941,0.5703939830875941,0.6690045859076234,0.6899081242193631,0.5712678862826873,0.6689059950550332,0.5933210482747299,0.6757087378858283,0.5703939830875941,0.6903269284639455,0.670078077931479,0.5703939830875941,0.6902056568732827,0.5704524750550631,0.5703939830875941,0.6735317954811904,0.5936875849395206,0.6715862102776715,0.6705917853279726,0.5703939830875941,0.6936027249127449,0.5703939830875941,0.670354681328331,0.5935208260491158,0.6699202584747241,0.673302405235275,0.5703939830875941,0.5940319070191189,0.668525177587744,0.6715622760350051,0.5935860449422303,0.6780795816503709,0.570449059669637,0.6894630680708416,0.5704524750550631,0.67611459416467,0.5703939830875941,0.6869055237223375,0.5703939830875941,0.5703939830875941,0.6791837846749277,0.5703939830875941,0.5703939830875941,0.5703939830875941,0.6894812360323965,0.5703939830875941,0.5703939830875941,0.5703939830875941,0.6733495656153582,0.5703939830875941,0.5703939830875941,0.6883341197076263,0.5703939830875941,0.5703939830875941,0.570449344286055,0.6696445534990929,0.5703939830875941,0.5703939830875941,0.5925743895946617,0.66828344509605,0.5703939830875941,0.5703939830875941,0.6697673927760771,0.5703939830875941,0.5703939830875941,0.5932610856667613,0.6519375360643281,0.5703939830875941,0.5703939830875941,0.5703939830875941,0.6498271487541443,0.5703939830875941,0.593564215872791,0.5703939830875941,0.6733951864997734,0.570449344286055,0.5703939830875941,0.6743284807704258,0.5703939830875941,0.5931796768455133,0.5703939830875941,0.6769351607136437,0.5703939830875941,0.5703939830875941,0.5703939830875941,0.691064922673992
0.0627349518319411,0.0627349518319411,0.5736447730972476,0.08872027615329456,0.8425462875659826,0.06334506519917793,0.06574719262967814,0.41169295725724336,0.0627349518319411,0.37727531874318143,0.4109430785814821,0.0627349518319411,0.0627349518319411,0.4101658996196237,0.37047817926103804,0.0627349518319411,0.3764493683974765,0.17535401697540492,0.37112885699859594,0.0627349518319411,0.4039625374766942,0.0627349518319411,0.3659074428741719,0.0627349518319411,0.42350246733525243,0.37207358437032134,0.0627349518319411,0.4125480939683247,0.0627349518319411,0.0627349518319411,0.37171706893969103,0.41054962787455246,0.0632948991762798,0.37406338673696354,0.17910861240330006,0.3715898551708833,0.0627349518319411,0.3712835295587792,0.4091814604570037,0.0627349518319411,0.0627349518319411,0.3690164065399747,0.4096668283492052,0.07064673781183695,0.3688183589915724,0.17968829145067527,0.3823333926530491,0.0627349518319411,0.4104569932898561,0.37116854034872765,0.0627349518319411,0.4102282755859772,0.0632948991762798,0.0627349518319411,0.37804077111322726,0.18097655601327484,0.37417900505708956,0.37219567419812255,0.0627349518319411,0.4166086702482047,0.0627349518319411,0.3717218149765104,0.18039146593664898,0.37085263279426145,0.37758671848694947,0.0627349518319411,0.18217934811378125,0.36805275332879067,0.37413134581087154,0.1806204939066361,0.386975497058637,0.0632623377821049,0.4088261984098665,0.0632948991762798,0.38313045394330436,0.0627349518319411,0.4039764531974923,0.0627349518319411,0.0627349518319411,0.3891261869037882,0.0627349518319411,0.0627349518319411,0.0627349518319411,0.40886053332283034,0.0627349518319411,0.0627349518319411,0.0627349518319411,0.37768009449890855,0.0627349518319411,0.0627349518319411,0.4066894543015672,0.0627349518319411,0.0627349518319411,0.06326505187164011,0.3703003510321517,0.0627349518319411,0.0627349518319411,0.17703817199786454,0.36756624939029836,0.0627349518319411,0.0627349518319411,0.3705464813667385,0.0627349518319411,0.0627349518319411,0.17947675683604256,0.33363189140192034,0.0627349518319411,0.0627349518319411,0.0627349518319411,0.3290831743857131,0.0627349518319411,0.18054386599182246,0.0627349518319411,0.3777704089259366,0.06326505187164011,0.0627349518319411,0.379615143319783,0.0627349518319411,0.1791892082919219,0.0627349518319411,0.38473892233485735,0.0627349518319411,0.0627349518319411,0.0627349518319411,0.4118473198230052
0.8408964152537145,0.8408964152537145,0.947993964541913,0.8425462875659826,1.0,0.8409287558243328,0.8410590909249939,0.9024672529873771,0.8408964152537145,0.893414665160457,0.9022659322724843,0.8408964152537145,0.8408964152537145,0.9020574589904184,0.8916765753835246,0.8408964152537145,0.8932025213703624,0.8519469288092972,0.8918421886982248,0.8408964152537145,0.9004000297048674,0.8408964152537145,0.8905179117769286,0.8408964152537145,0.9056590621994745,0.8920829382043722,0.8408964152537145,0.902697035562148,0.8408964152537145,0.8408964152537145,0.8919920449030064,0.9021603690821658,0.8409260849810595,0.8925911382406109,0.8524839398958152,0.8919596238030059,0.8408964152537145,0.8918815809128982,0.9017936495262261,0.8408964152537145,0.8408964152537145,0.891305123256289,0.9019236817010386,0.8413397623097105,0.8912548618912746,0.8525677670874,0.8947193679161257,0.8408964152537145,0.9021355218591232,0.8918522944184953,0.8408964152537145,0.9020741842770922,0.8409260849810595,0.8408964152537145,0.8936114991132907,0.8527549380724321,0.8926207142110807,0.8921140762257663,0.8408964152537145,0.9037910560445966,0.8408964152537145,0.8919932545771291,0.8526697812086886,0.8917718627363603,0.89349471422545,0.8408964152537145,0.8529307789452406,0.8910607089053596,0.8926085220243231,0.8527030854265136,0.8959249863906001,0.8409243525285722,0.9016985183665516,0.8409260849810595,0.8949258235137889,0.8408964152537145,0.9004037344095038,0.8408964152537145,0.8408964152537145,0.896486149211226,0.8408964152537145,0.8408964152537145,0.8408964152537145,0.9017077108141909,0.8408964152537145,0.8408964152537145,0.8408964152537145,0.8935187247500324,0.8408964152537145,0.8408964152537145,0.9011271567889466,0.8408964152537145,0.8408964152537145,0.8409244969000218,0.8916313425497346,0.8408964152537145,0.8408964152537145,0.8521865349611997,0.8909374550895908,0.8408964152537145,0.8408964152537145,0.8916939521654205,0.8408964152537145,0.8408964152537145,0.8525371487814428,0.8825864870298115,0.8408964152537145,0.8408964152537145,0.8408964152537145,0.8815063854554875,0.8408964152537145,0.8526919382953696,0.8408964152537145,0.8935419511349131,0.8409244969000218,0.8408964152537145,0.8940170325706699,0.8408964152537145,0.852495580190911,0.8408964152537145,0.895343151004652,0.8408964152537145,0.8408964152537145,0.8408964152537145,0.9025087155637954
0.008770616375134193,0.008770616375134193,0.5704577403913844,0.06334506519917793,0.8409287558243328,0.01240352456990617,0.021539409318289363,0.4070465669075659,0.008770616375134193,0.37217757054113687,0.40628761535913555,0.008770616375134193,0.008770616375134193,0.4055010005381615,0.36528184748733245,0.008770616375134193,0.37133982389732245,0.16398742619457174,0.36594211314770114,0.008770616375134193,0.3992211052228625,0.008770616375134193,0.3606428308066351,0.008770616375134193,0.418995017767971,0.3669007037052291,0.008770616375134193,0.4079120124681417,0.008770616375134193,0.008770616375134193,0.36653896466190683,0.40588939187128725,0.012144725086705792,0.3689194839476141,0.16799670001833733,0.3664098846333657,0.008770616375134193,0.36609906007759657,0.40450456106771193,0.008770616375134193,0.008770616375134193,0.36379841598465823,0.404995852328662,0.033648497913331285,0.3635974212388553,0.16861465701187803,0.37730681650399134,0.008770616375134193,0.4057956323337804,0.365982380192896,0.008770616375134193,0.4055641350539073,0.012144725086705792,0.008770616375134193,0.3729539109339717,0.1699870264998807,0.36903677690582615,0.3670245801556617,0.008770616375134193,0.41202100177938783,0.008770616375134193,0.3665437803004866,0.16936390187727426,0.3656618226702589,0.37249340484589594,0.008770616375134193,0.17126716726198188,0.36282039353935663,0.3689884274746917,0.16960785029217146,0.38201267137091954,0.01197386462820479,0.40414495511185156,0.012144725086705792,0.3781149289144393,0.008770616375134193,0.39923519509330924,0.008770616375134193,0.008770616375134193,0.3841924045994992,0.008770616375134193,0.008770616375134193,0.008770616375134193,0.40417971015757015,0.008770616375134193,0.008770616375134193,0.008770616375134193,0.3725881092312551,0.008770616375134193,0.008770616375134193,0.4019819345125249,0.008770616375134193,0.008770616375134193,0.011988196020093302,0.365101393245112,0.008770616375134193,0.008770616375134193,0.16578729064283945,0.36232660754245777,0.008770616375134193,0.008770616375134193,0.3653511575720874,0.008770616375134193,0.008770616375134193,0.16838918559429833,0.32783324817903287,0.008770616375134193,0.008770616375134193,0.008770616375134193,0.32320097885705834,0.008770616375134193,0.16952623493323665,0.008770616375134193,0.3726797078770719,0.011988196020093302,0.008770616375134193,0.3745505448977164,0.008770616375134193,0.16808263417568137,0.008770616375134193,0.37974556505634177,0.008770616375134193,0.008770616375134193,0.008770616375134193,0.40720279329853837
0.019672886150618896,0.019672886150618896,0.5707146727095174,0.06574719262967814,0.8410590909249939,0.021539409318289363,0.027821661364483916,0.40742203223314777,0.019672886150618896,0.37258991773742156,0.40666382091358166,0.019672886150618896,0.019672886150618896,0.40587797598478753,0.36570226628802305,0.019672886150618896,0.37175313661242054,0.16492986767751902,0.3663617466686225,0.019672886150618896,0.3996043270094098,0.019672886150618896,0.36106884361508795,0.019672886150618896,0.4193591529533005,0.3673192018895158,0.019672886150618896,0.4082866367803364,0.019672886150618896,0.019672886150618896,0.36695789062423917,0.40626598684110066,0.02139142538354192,0.36933560934649146,0.16891674007252414,0.366828963433633,0.019672886150618896,0.36651850732909436,0.4048825157167711,0.019672886150618896,0.019672886150618896,0.3642206089137106,0.4053733236320371,0.03797788700843425,0.36401985560311095,0.1695313380498605,0.3777133400970503,0.019672886150618896,0.40617231909131407,0.3664019659092616,0.019672886150618896,0.4059410486070219,0.02139142538354192,0.019672886150618896,0.3733653670278879,0.17089633420771813,0.3694527651965898,0.367442932031657,0.019672886150618896,0.4123916772558452,0.019672886150618896,0.3669627005628021,0.17027654279213975,0.3660817892242826,0.37290538909823134,0.019672886150618896,0.1721697025687905,0.36324376365081684,0.36940447227295126,0.17051918339590497,0.3824139811951675,0.021294885941438604,0.40452326423537316,0.02139142538354192,0.3785205485295681,0.019672886150618896,0.3996184026627136,0.019672886150618896,0.019672886150618896,0.3845913399351158,0.019672886150618896,0.019672886150618896,0.019672886150618896,0.4045579849966863,0.019672886150618896,0.019672886150618896,0.019672886150618896,0.37299998476599167,0.019672886150618896,0.019672886150618896,0.4023623880915134,0.019672886150618896,0.019672886150618896,0.0213029476068423,0.3655220271340949,0.019672886150618896,0.019672886150618896,0.16671954296419653,0.3627505742768286,0.019672886150618896,0.019672886150618896,0.3657714938135899,0.019672886150618896,0.019672886150618896,0.16930708939614508,0.3283031161006411,0.019672886150618896,0.019672886150618896,0.019672886150618896,0.32367772547506496,0.019672886150618896,0.17043800516356689,0.019672886150618896,0.37309147830895434,0.0213029476068423,0.019672886150618896,0.3749601792577361,0.019672886150618896,0.1690022056564243,0.019672886150618896,0.38014937157601386,0.019672886150618896,0.019672886150618896,0.019672886150618896,0.4075781065657624
0.4069533715773707,0.4069533715773707,0.6909829175324258,0.41169295725724336,0.9024672529873771,0.4070465669075659,0.40742203223314777,0.5715315359207178,0.4069533715773707,0.5482194943088842,0.5710137178573577,0.4069533715773707,0.4069533715773707,0.5704774902987517,0.543732463039912,0.4069533715773707,0.5476720882012474,0.4381736996752829,0.5441602270617635,0.4069533715773707,0.5662137116766789,0.4069533715773707,0.5407383496348738,0.4069533715773707,0.5797405712980407,0.5447819758076787,0.4069533715773707,0.5721225480784853,0.4069533715773707,0.4069533715773707,0.5445472506531732,0.570742193623416,0.40703887082574647,0.5460941068196393,0.4396621083194788,0.5444635221458209,0.4069533715773707,0.5442619664754295,0.5697989089950588,0.4069533715773707,0.4069533715773707,0.5427728589444994,0.5701333859113112,0.40822993486297166,0.5426429953322115,0.4398942319564251,0.5515846287322389,0.4069533715773707,0.5706782823827002,0.5441863276560261,0.4069533715773707,0.5705205109791763,0.40703887082574647,0.4069533715773707,0.5487273341355573,0.440412312858507,0.5461704563360139,0.5448623841630097,0.4069533715773707,0.5749362883034664,0.4069533715773707,0.544550374639429,0.4401766382559022,0.5439785874265585,0.5484260313193189,0.4069533715773707,0.44089877021789653,0.5421413059349472,0.5461389827305309,0.44026881594931055,0.554692158147657,0.40703387869048296,0.5695542028673505,0.40703887082574647,0.552116908288811,0.4069533715773707,0.5662232435766045,0.4069533715773707,0.4069533715773707,0.5561379786116893,0.4069533715773707,0.4069533715773707,0.4069533715773707,0.5695778487680317,0.4069533715773707,0.4069533715773707,0.4069533715773707,0.5484879797023916,0.4069533715773707,0.4069533715773707,0.568084413424686,0.4069533715773707,0.4069533715773707,0.40703429470422525,0.5436156223705018,0.4069533715773707,0.4069533715773707,0.4388381020718171,0.5418227831067469,0.4069533715773707,0.4069533715773707,0.5437773479416759,0.4069533715773707,0.4069533715773707,0.4398094543581174,0.5201617847041017,0.4069533715773707,0.4069533715773707,0.4069533715773707,0.5173464236547433,0.4069533715773707,0.4402379645123055,0.4069533715773707,0.5485479041352631,0.40703429470422525,0.4069533715773707,0.5497734454473985,0.4069533715773707,0.43969434462460666,0.4069533715773707,0.5531926832337427,0.4069533715773707,0.4069533715773707,0.4069533715773707,0.5716381806841127
0.0,0.0,0.5703939830875941,0.0627349518319411,0.8408964152537145,0.008770616375134193,0.019672886150618896,0.4069533715773707,0.0,0.37207520936498645,0.4061942360996801,0.0,0.0,0.40540742997748147,0.3651774799187208,0.0,0.3712372227267962,0.16375280143809887,0.36583794078663384,0.0,0.3991259825337627,0.0,0.360537072614528,0.0,0.4189046375524786,0.366796813567263,0.0,0.40781902610823617,0.0,0.0,0.36643496818683857,0.4057959158508734,0.008400633126485176,0.3688161836283976,0.1677676907649362,0.3663058501657169,0.0,0.36599493401979233,0.40441074719485187,0.0,0.0,0.3636936073913062,0.4049021585577947,0.03248534664522124,0.3634925526272946,0.16838648954000335,0.37720590282348326,0.0,0.405702133506132,0.3658782197151989,0.0,0.40547057987244967,0.008400633126485176,0.0,0.37285177125278046,0.1697607065909761,0.3689335106680311,0.36692072638691614,0.0,0.4119289965824324,0.0,0.3664397852423318,0.16913674679153978,0.36555756752287144,0.37239113388437495,0.0,0.1710425440743392,0.362715292309638,0.3688851471906455,0.169381022902258,0.38191305353632315,0.008151670004737183,0.40405105315864687,0.008400633126485176,0.3780142399161488,0.0,0.3991400759370742,0.0,0.0,0.38409337690541967,0.0,0.0,0.0,0.40408581672341787,0.0,0.0,0.0,0.3724858652929001,0.0,0.0,0.40188749969560905,0.0,0.0,0.008172706577334859,0.364996972208838,0.0,0.0,0.1655552204180897,0.3622213579965874,0.0,0.0,0.3652468105263959,0.0,0.0,0.1681607117006991,0.3277165850822779,0.0,0.0,0.0,0.323082604836064,0.0,0.16929929801437435,0.0,0.37257749006336277,0.008172706577334859,0.0,0.3744488580257392,0.0,0.16785374235225264,0.0,0.37964532669384116,0.0,0.0,0.0,0.40710963575107095
0.37207520936498645,0.37207520936498645,0.6731451816239649,0.37727531874318143,0.893414665160457,0.37217757054113687,0.37258991773742156,0.5482194943088842,0.37207520936498645,0.5236542737965307,0.5476747137706447,0.37207520936498645,0.37207520936498645,0.5471105256347211,0.5189161465683005,0.37207520936498645,0.5230764159052234,0.4061366201745375,0.5193679956617558,0.37207520936498645,0.5426229695284807,0.37207520936498645,0.5157525657776508,0.37207520936498645,0.5568510740733009,0.5200246959013793,0.37207520936498645,0.5488412344693044,0.37207520936498645,0.37207520936498645,0.5197767834679332,0.5473890364531905,0.37216911771292904,0.5214103723852932,0.40775003383694536,0.519688348669352,0.37207520936498645,0.5194754588567875,0.5463965030776368,0.37207520936498645,0.37207520936498645,0.5179023979432555,0.5467484573096265,0.3734769342812611,0.5177651947231384,0.4080015748295863,0.5272055228822319,0.37207520936498645,0.5473217923650125,0.5193955648242945,0.37207520936498645,0.547155791035394,0.37216911771292904,0.37207520936498645,0.5241903198797704,0.40856291853098164,0.521490992355054,0.5201096195830416,0.37207520936498645,0.5518006064463319,0.37207520936498645,0.5197800830270138,0.4083075765635186,0.5191761327149923,0.5238722873671989,0.37207520936498645,0.4090899037897135,0.5172351234916001,0.5214577584571678,0.40840744916123095,0.5304832905604787,0.3721636346906729,0.5461390003971935,0.37216911771292904,0.5277670719924478,0.37207520936498645,0.5426330046040253,0.37207520936498645,0.37207520936498645,0.5320077939432977,0.37207520936498645,0.37207520936498645,0.37207520936498645,0.5461638831954043,0.37207520936498645,0.37207520936498645,0.37207520936498645,0.5239376766326503,0.37207520936498645,0.37207520936498645,0.5445921716979562,0.37207520936498645,0.37207520936498645,0.37216409161240044,0.5187927217768833,0.37207520936498645,0.37207520936498645,0.40685692970188003,0.5168985583401545,0.37207520936498645,0.37207520936498645,0.5189635601688076,0.37207520936498645,0.37207520936498645,0.4079097079264671,0.4939668430628302,0.37207520936498645,0.37207520936498645,0.37207520936498645,0.4909795829233102,0.37207520936498645,0.4083740226412933,0.37207520936498645,0.5240009289239456,0.37216409161240044,0.37207520936498645,0.525294399691597,0.37207520936498645,0.4077849679869834,0.37207520936498645,0.5289018635240983,0.37207520936498645,0.37207520936498645,0.37207520936498645,0.5483316873567822
0.4061942360996801,0.4061942360996801,0.690584787659278,0.4109430785814821,0.9022659322724843,0.40628761535913555,0.40666382091358166,0.5710137178573577,0.4061942360996801,0.5476747137706447,0.5704953178403925,0.4061942360996801,0.4061942360996801,0.5699584868698947,0.5431823016110464,0.4061942360996801,0.5471266547045197,0.43747216849696535,0.5436105814500368,0.4061942360996801,0.5656898820627332,0.4061942360996801,0.5401845607227763,0.4061942360996801,0.5792318837608295,0.5442330788532656,0.4061942360996801,0.5716053933408007,0.4061942360996801,0.4061942360996801,0.5439980712119787,0.570223488160682,0.4062799040913544,0.5455467856640863,0.43896313844348445,0.5439142418953059,0.4061942360996801,0.5437124434567867,0.569279140839185,0.4061942360996801,0.4061942360996801,0.5422215381773559,0.5696139948516244,0.40747331206884585,0.542091517436241,0.4391956601323303,0.5510438412519593,0.4061942360996801,0.5701595049950954,0.5436367134980232,0.4061942360996801,0.5700015559900174,0.4062799040913544,0.4061942360996801,0.5481831585017058,0.43971462810444173,0.5456232266992238,0.5443135839367504,0.4061942360996801,0.5744222787292357,0.4061942360996801,0.5440011989590752,0.43947855020509724,0.5434287228593857,0.5478814968934889,0.4061942360996801,0.4402019166962648,0.5415892204900501,0.5455917153692043,0.43957088568283953,0.5541550265730278,0.40627490210529243,0.5690341586303282,0.4062799040913544,0.5515767491432721,0.4061942360996801,0.5656994248083631,0.4061942360996801,0.4061942360996801,0.5556025378862838,0.4061942360996801,0.4061942360996801,0.4061942360996801,0.5690578312158512,0.4061942360996801,0.4061942360996801,0.4061942360996801,0.5479435190685138,0.4061942360996801,0.4061942360996801,0.5675627074753133,0.4061942360996801,0.4061942360996801,0.406275318939948,0.5430653199447381,0.4061942360996801,0.4061942360996801,0.43813771613491703,0.5412703114920075,0.4061942360996801,0.4061942360996801,0.5432272406654363,0.4061942360996801,0.4061942360996801,0.43911073719852683,0.5195822120908051,0.4061942360996801,0.4061942360996801,0.4061942360996801,0.5167631997920754,0.4061942360996801,0.4395399814427216,0.4061942360996801,0.5480035148707626,0.406275318939948,0.4061942360996801,0.5492305132790611,0.4061942360996801,0.43899543005070846,0.4061942360996801,0.5526537913056491,0.4061942360996801,0.4061942360996801,0.4061942360996801,0.5711204823839374
0.0,0.0,0.5703939830875941,0.0627349518319411,0.8408964152537145,0.008770616375134193,0.019672886150618896,0.4069533715773707,0.0,0.37207520936498645,0.4061942360996801,0.0,0.0,0.40540742997748147,0.3651774799187208,0.0,0.3712372227267962,0.16375280143809887,0.36583794078663384,0.0,0.3991259825337627,0.0,0.360537072614528,0.0,0.4189046375524786,0.366796813567263,0.0,0.40781902610823617,0.0,0.0,0.36643496818683857,0.4057959158508734,0.008400633126485176,0.3688161836283976,0.1677676907649362,0.3663058501657169,0.0,0.36599493401979233,0.40441074719485187,0.0,0.0,0.3636936073913062,0.4049021585577947,0.03248534664522124,0.3634925526272946,0.16838648954000335,0.37720590282348326,0.0,0.405702133506132,0.3658782197151989,0.0,0.40547057987244967,0.008400633126485176,0.0,0.37285177125278046,0.1697607065909761,0.3689335106680311,0.36692072638691614,0.0,0.4119289965824324,0.0,0.3664397852423318,0.16913674679153978,0.36555756752287144,0.37239113388437495,0.0,0.1710425440743392,0.362715292309638,0.3688851471906455,0.169381022902258,0.38191305353632315,0.008151670004737183,0.40405105315864687,0.008400633126485176,0.3780142399161488,0.0,0.3991400759370742,0.0,0.0,0.38409337690541967,0.0,0.0,0.0,0.40408581672341787,0.0,0.0,0.0,0.3724858652929001,0.0,0.0,0.40188749969560905,0.0,0.0,0.008172706577334859,0.364996972208838,0.0,0.0,0.1655552204180897,0.3622213579965874,0.0,0.0,0.3652468105263959,0.0,0.0,0.1681607117006991,0.3277165850822779,0.0,0.0,0.0,0.323082604836064,0.0,0.16929929801437435,0.0,0.37257749006336277,0.008172706577334859,0.0,0.3744488580257392,0.0,0.16785374235225264,0.0,0.37964532669384116,0.0,0.0,0.0,0.40710963575107095
0.0,0.0,0.5703939830875941,0.0627349518319411,0.8408964152537145,0.008770616375134193,0.019672886150618896,0.4069533715773707,0.0,0.37207520936498645,0.4061942360996801,0.0,0.0,0.40540742997748147,0.3651774799187208,0.0,0.3712372227267962,0.16375280143809887,0.36583794078663384,0.0,0.3991259825337627,0.0,0.360537072614528,0.0,0.4189046375524786,0.366796813567263,0.0,0.40781902610823617,0.0,0.0,0.36643496818683857,0.4057959158508734,0.008400633126485176,0.3688161836283976,0.1677676907649362,0.3663058501657169,0.0,0.36599493401979233,0.40441074719485187,0.0,0.0,0.3636936073913062,0.4049021585577947,0.03248534664522124,0.3634925526272946,0.16838648954000335,0.37720590282348326,0.0,0.405702133506132,0.3658782197151989,0.0,0.40547057987244967,0.008400633126485176,0.0,0.37285177125278046,0.1697607065909761,0.3689335106680311,0.36692072638691614,0.0,0.4119289965824324,0.0,0.3664397852423318,0.16913674679153978,0.36555756752287144,0.37239113388437495,0.0,0.1710425440743392,0.362715292309638,0.3688851471906455,0.169381022902258,0.38191305353632315,0.008151670004737183,0.40405105315864687,0.008400633126485176,0.3780142399161488,0.0,0.3991400759370742,0.0,0.0,0.38409337690541967,0.0,0.0,0.0,0.40408581672341787,0.0,0.0,0.0,0.3724858652929001,0.0,0.0,0.40188749969560905,0.0,0.0,0.008172706577334859,0.364996972208838,0.0,0.0,0.1655552204180897,0.3622213579965874,0.0,0.0,0.3652468105263959,0.0,0.0,0.1681607117006991,0.3277165850822779,0.0,0.0,0.0,0.323082604836064,0.0,0.16929929801437435,0.0,0.37257749006336277,0.008172706577334859,0.0,0.3744488580257392,0.0,0.16785374235225264,0.0,0.37964532669384116,0.0,0.0,0.0,0.40710963575107095
0.40540742997748147,0.40540742997748147,0.6901725901932957,0.4101658996196237,0.9020574589904184,0.4055010005381615,0.40587797598478753,0.5704774902987517,0.40540742997748147,0.5471105256347211,0.5699584868698947,0.40540742997748147,0.40540742997748147,0.5694210302341158,0.5426125324148332,0.40540742997748147,0.5465617893376523,0.4367452500889312,0.5430413472738078,0.40540742997748147,0.5651474211131712,0.40540742997748147,0.5396110289126519,0.40540742997748147,0.5787051229198454,0.5436646211999268,0.40540742997748147,0.5710698535621077,0.40540742997748147,0.40540742997748147,0.5434293205582494,0.5696863404802921,0.40549327347577935,0.5449799624409722,0.438238881714792,0.5433453866801071,0.40540742997748147,0.5431433364370877,0.5687408912681414,0.40540742997748147,0.40540742997748147,0.5416505664718225,0.5690761362873915,0.4066891192936716,0.5415203827495784,0.43847181704655586,0.5504837945025821,0.40540742997748147,0.569622282737267,0.5430675119463783,0.40540742997748147,0.5694641495805031,0.40549327347577935,0.40540742997748147,0.5476195977519709,0.4389917068254497,0.5450564983991723,0.5437452266113886,0.40540742997748147,0.5738899999993273,0.40540742997748147,0.5434324522061637,0.43875520983809535,0.5428592615768095,0.5473175640174609,0.40540742997748147,0.4394798591895536,0.5410174556234678,0.5450249479413568,0.4388477092785709,0.5535987713755607,0.40548826124410603,0.5684956227928565,0.40549327347577935,0.5510173540526796,0.40540742997748147,0.5651569751050926,0.40540742997748147,0.40540742997748147,0.5550480362233062,0.40540742997748147,0.40540742997748147,0.40540742997748147,0.5685193230477236,0.40540742997748147,0.40540742997748147,0.40540742997748147,0.5473796627269968,0.40540742997748147,0.40540742997748147,0.567022448603516,0.40540742997748147,0.40540742997748147,0.4054886789325768,0.5424954045020601,0.40540742997748147,0.40540742997748147,0.4374119878619313,0.5406981460686693,0.40540742997748147,0.40540742997748147,0.5426575276379874,0.40540742997748147,0.40540742997748147,0.438386743084978,0.518981931633637,0.40540742997748147,0.40540742997748147,0.40540742997748147,0.5161591307952978,0.40540742997748147,0.43881675016775606,0.40540742997748147,0.5474397325510849,0.4054886789325768,0.40540742997748147,0.5486682421962414,0.40540742997748147,0.43827123079033947,0.40540742997748147,0.5520957104585638,0.40540742997748147,0.40540742997748147,0.40540742997748147,0.5705843790040709
0.3651774799187208,0.3651774799187208,0.669733299308888,0.37047817926103804,0.8916765753835246,0.36528184748733245,0.36570226628802305,0.543732463039912,0.3651774799187208,0.5189161465683005,0.5431823016110464,0.3651774799187208,0.3651774799187208,0.5426125324148332,0.5141274561399465,0.3651774799187208,0.5183321611743474,0.39985262083630824,0.5145841589787105,0.3651774799187208,0.5380802732147039,0.3651774799187208,0.5109297008741328,0.3651774799187208,0.5524482497616804,0.5152479014064616,0.3651774799187208,0.5443603344477148,0.3651774799187208,0.3651774799187208,0.5149973321357031,0.5428937993974328,0.36527322901498444,0.5166483907168467,0.4014926758758109,0.5149079491043476,0.3651774799187208,0.5146927755421488,0.5418914341856396,0.3651774799187208,0.3651774799187208,0.5131027931289691,0.5422468778784146,0.3666065872603632,0.5129641100898593,0.4017483525138555,0.522504818370113,0.3651774799187208,0.5428258900497056,0.5146120240688268,0.3651774799187208,0.5426582459088523,0.36527322901498444,0.3651774799187208,0.5194578671884014,0.4023189080955805,0.5167298705738005,0.5153337347349471,0.3651774799187208,0.5473487484621622,0.3651774799187208,0.5150006670689536,0.4020593788205299,0.5143902358756982,0.51913646912426,0.3651774799187208,0.4028545197254865,0.5124283157870982,0.5166962822311054,0.40216088979857906,0.5258167756947412,0.3652676385418772,0.5416313763417754,0.36527322901498444,0.5230722485661199,0.3651774799187208,0.5380904088797954,0.3651774799187208,0.3651774799187208,0.5273570682279337,0.3651774799187208,0.3651774799187208,0.3651774799187208,0.5416565061277826,0.3651774799187208,0.3651774799187208,0.3651774799187208,0.5192025506309078,0.3651774799187208,0.3651774799187208,0.5400691603251764,0.3651774799187208,0.3651774799187208,0.3652681044180224,0.5140027043445294,0.3651774799187208,0.3651774799187208,0.4005848490552289,0.5120881119041281,0.3651774799187208,0.3651774799187208,0.5141753793739728,0.3651774799187208,0.3651774799187208,0.40165497576237025,0.48889896972802155,0.3651774799187208,0.3651774799187208,0.3651774799187208,0.48587670714229814,0.3651774799187208,0.4021269150105555,0.3651774799187208,0.5192664724098397,0.3652681044180224,0.3651774799187208,0.5205736057286959,0.3651774799187208,0.4015281846741074,0.3651774799187208,0.5242188947164982,0.3651774799187208,0.3651774799187208,0.3651774799187208,0.5438457632419477
0.0,0.0,0.5703939830875941,0.0627349518319411,0.8408964152537145,0.008770616375134193,0.019672886150618896,0.4069533715773707,0.0,0.37207520936498645,0.4061942360996801,0.0,0.0,0.40540742997748147,0.3651774799187208,0.0,0.3712372227267962,0.16375280143809887,0.36583794078663384,0.0,0.3991259825337627,0.0,0.360537072614528,0.0,0.4189046375524786,0.366796813567263,0.0,0.40781902610823617,0.0,0.0,0.36643496818683857,0.4057959158508734,0.008400633126485176,0.3688161836283976,0.1677676907649362,0.3663058501657169,0.0,0.36599493401979233,0.40441074719485187,0.0,0.0,0.3636936073913062,0.4049021585577947,0.03248534664522124,0.3634925526272946,0.16838648954000335,0.37720590282348326,0.0,0.405702133506132,0.3658782197151989,0.0,0.40547057987244967,0.008400633126485176,0.0,0.37285177125278046,0.1697607065909761,0.3689335106680311,0.36692072638691614,0.0,0.4119289965824324,0.0,0.3664397852423318,0.16913674679153978,0.36555756752287144,0.37239113388437495,0.0,0.1710425440743392,0.362715292309638,0.3688851471906455,0.169381022902258,0.38191305353632315,0.008151670004737183,0.40405105315864687,0.008400633126485176,0.3780142399161488,0.0,0.3991400759370742,0.0,0.0,0.38409337690541967,0.0,0.0,0.0,0.40408581672341787,0.0,0.0,0.0,0.3724858652929001,0.0,0.0,0.40188749969560905,0.0,0.0,0.008172706577334859,0.364996972208838,0.0,0.0,0.1655552204180897,0.3622213579965874,0.0,0.0,0.3652468105263959,0.0,0.0,0.1681607117006991,0.3277165850822779,0.0,0.0,0.0,0.323082604836064,0.0,0.16929929801437435,0.0,0.37257749006336277,0.008172706577334859,0.0,0.3744488580257392,0.0,0.16785374235225264,0.0,0.37964532669384116,0.0,0.0,0.0,0.40710963575107095
0.3712372227267962,0.3712372227267962,0.6727285499166461,0.3764493683974765,0.8932025213703624,0.37133982389732245,0.37175313661242054,0.5476720882012474,0.3712372227267962,0.5230764159052234,0.5471266547045197,0.3712372227267962,0.3712372227267962,0.5465617893376523,0.5183321611743474,0.3712372227267962,0.5224978153692726,0.4053722015466147,0.5187845984011681,0.3712372227267962,0.5420688094087118,0.3712372227267962,0.5151644398373738,0.3712372227267962,0.5563138884459752,0.5194421519757447,0.3712372227267962,0.5482945723945474,0.3712372227267962,0.3712372227267962,0.519193917597293,0.5468406345992174,0.3713313512554811,0.5208296234984189,0.40698881563603034,0.5191053678966737,0.3712372227267962,0.5188922013531746,0.5458469082125987,0.3712372227267962,0.3712372227267962,0.5173170900946804,0.5461992858550573,0.372642223286191,0.5171797075761665,0.40724085349355116,0.5266322010655135,0.3712372227267962,0.5467733097855962,0.5188122034220266,0.3712372227267962,0.5466071091113215,0.3713313512554811,0.3712372227267962,0.5236131497546538,0.40780330397730746,0.5209103476746171,0.5195271858857945,0.3712372227267962,0.5512574689449868,0.3712372227267962,0.519197221442847,0.4075474589079759,0.5185924858213635,0.5232947093275622,0.3712372227267962,0.40833132573139486,0.516648942936369,0.5208770708228666,0.4076475283542201,0.5299141136709972,0.37132585538043295,0.5455890954936125,0.3713313512554811,0.527194463109692,0.3712372227267962,0.5420788566874726,0.3712372227267962,0.3712372227267962,0.5314405314629856,0.3712372227267962,0.3712372227267962,0.3712372227267962,0.5456140082606754,0.3712372227267962,0.3712372227267962,0.3712372227267962,0.5233601824940733,0.3712372227267962,0.3712372227267962,0.5440403998073687,0.3712372227267962,0.3712372227267962,0.37132631337324784,0.5182085755909939,0.3712372227267962,0.3712372227267962,0.4060939427965876,0.5163119369261044,0.3712372227267962,0.3712372227267962,0.5183796365269983,0.3712372227267962,0.3712372227267962,0.40714880519261076,0.4933490535749375,0.3712372227267962,0.3712372227267962,0.3712372227267962,0.49035755876859793,0.3712372227267962,0.407614035960596,0.3712372227267962,0.5234235159289269,0.37132631337324784,0.3712372227267962,0.5247186426910262,0.3712372227267962,0.4070238188246791,0.3712372227267962,0.5283306917794928,0.3712372227267962,0.3712372227267962,0.3712372227267962,0.5477844156017819
0.16375280143809887,0.16375280143809887,0.5921050468306528,0.17535401697540492,0.8519469288092972,0.16398742619457174,0.16492986767751902,0.4381736996752829,0.16375280143809887,0.4061366201745375,0.43747216849696535,0.16375280143809887,0.16375280143809887,0.4367452500889312,0.39985262083630824,0.16375280143809887,0.4053722015466147,0.2315397921798958,0.4004535011933443,0.16375280143809887,0.4309487431291448,0.16375280143809887,0.3956358336474633,0.16375280143809887,0.4492403380956851,0.40132618487496,0.16375280143809887,0.43897387836320395,0.16375280143809887,0.16375280143809887,0.40099682109493645,0.4371041429414877,0.16396806144054527,0.4031652374191695,0.2343933310691007,0.40087930620587703,0.16375280143809887,0.40059635776600655,0.4358246998406597,0.16375280143809887,0.16375280143809887,0.3985032519134954,0.4362785364573407,0.16694275463059444,0.39832049029791694,0.23483614076585999,0.41082269843652935,0.16375280143809887,0.43701750030283787,0.4004901522104998,0.16375280143809887,0.4368035864062102,0.16396806144054527,0.16375280143809887,0.4068452471865669,0.23582234247145228,0.4032721373200203,0.40143898647203624,0.16375280143809887,0.44277601326314187,0.16375280143809887,0.40100120539685874,0.23537408042547378,0.40019839911556737,0.40642487926580323,0.16375280143809887,0.23674571635337252,0.3976141050891056,0.4032280713675673,0.23554947729646036,0.4151305118725685,0.1639554992943276,0.43549255585490126,0.16396806144054527,0.41156188383721076,0.16375280143809887,0.43096173468624,0.16375280143809887,0.16375280143809887,0.4171285672265146,0.16375280143809887,0.16375280143809887,0.16375280143809887,0.4355246550435876,0.16375280143809887,0.16375280143809887,0.16375280143809887,0.4065113225197231,0.16375280143809887,0.16375280143809887,0.43349555575550225,0.16375280143809887,0.16375280143809887,0.1639565461766587,0.3996884273846995,0.16375280143809887,0.16375280143809887,0.23281662588353572,0.39716533933244896,0.16375280143809887,0.16375280143809887,0.39991568884733986,0.16375280143809887,0.16375280143809887,0.2346744833828036,0.3660866370248486,0.16375280143809887,0.16375280143809887,0.16375280143809887,0.36195763737349623,0.16375280143809887,0.23549078302222118,0.16375280143809887,0.4065949342048866,0.1639565461766587,0.16375280143809887,0.4083033400921586,0.16375280143809887,0.23445486176334365,0.16375280143809887,0.4130541645537289,0.16375280143809887,0.16375280143809887,0.16375280143809887,0.43831812781929474
