0.0,0.0,0.03505703679654221,0.5897250815183103,0.26033405071348736,0.8408964152537145,0.004860821062327872,0.018018151734145144,0.4176810044828223,0.0,0.3818540861465505,0.4162503546879937,0.007306675713244798,0.0,0.3777539849317845,0.17004497816752376,0.3747602021707847,0.3805879998686187,0.16773058097554275,0.37544721239608453,0.0,0.37172733536466246,0.40719351444154966,0.0,0.0,0.42964894956384037,0.007306675713244798,0.37610147577134323,0.41817540773374806,0.0,0.37559156263829957,0.007331318873417212,0.4163057409762693,0.008046762797099776,0.3783427810988528,0.0,0.41447370052889676,0.37530330902319875,0.0,0.1728709940589176,0.37523047204556215,0.3730814075417747,0.17099073796857084,0.37698700612870106,0.03538987284715568,0.3722054588749163,0.17236564997120382,0.38656011974875554,0.0,0.4161974597749467,0.0,0.37496999096696204,0.007331318873417212,0.4157988708928531,0.3822728696593607,0.0,0.41796390135279265,0.0,0.37635731785434245,0.0,0.4227790911995362,0.0,0.3757346269914579,0.41409360354297364,0.0,0.0,0.4215838996575607,0.37197283131571934,0.0,0.3781065709189908,0.17346756152992088,0.39208396325796563,0.0,0.3749186691660154,0.4259448053265129,0.0,0.0,0.4093879243407404,0.0,0.007306675713244798,0.393989837835007,0.0,0.0,0.0,0.4143807532641034,0.0,0.0,0.38185872250152064,0.0,0.0,0.0,0.4123210925011036,0.0,0.0,0.3739225010861934,0.0,0.0,0.0,0.41033960965243066,0.0,0.0,0.0,0.37450886574566206,0.0,0.0,0.17237927066160705,0.33593780989881866,0.008354673029279976,0.0,0.0,0.33133926661806334,0.17392092090807937,0.0,0.3818006425360017,0.00405130255735316,0.007331318873417212,0.0042469190521854635,0.3839017911471088,0.0,0.17198278489572577,0.005569782052241587,0.38928109221550183,0.0,0.006579298585825013,0.37830883379185554
0.0,0.0,0.03505703679654221,0.5897250815183103,0.26033405071348736,0.8408964152537145,0.004860821062327872,0.018018151734145144,0.4176810044828223,0.0,0.3818540861465505,0.4162503546879937,0.007306675713244798,0.0,0.3777539849317845,0.17004497816752376,0.3747602021707847,0.3805879998686187,0.16773058097554275,0.37544721239608453,0.0,0.37172733536466246,0.40719351444154966,0.0,0.0,0.42964894956384037,0.007306675713244798,0.37610147577134323,0.41817540773374806,0.0,0.37559156263829957,0.007331318873417212,0.4163057409762693,0.008046762797099776,0.3783427810988528,0.0,0.41447370052889676,0.37530330902319875,0.0,0.1728709940589176,0.37523047204556215,0.3730814075417747,0.17099073796857084,0.37698700612870106,0.03538987284715568,0.3722054588749163,0.17236564997120382,0.38656011974875554,0.0,0.4161974597749467,0.0,0.37496999096696204,0.007331318873417212,0.4157988708928531,0.3822728696593607,0.0,0.41796390135279265,0.0,0.37635731785434245,0.0,0.4227790911995362,0.0,0.3757346269914579,0.41409360354297364,0.0,0.0,0.4215838996575607,0.37197283131571934,0.0,0.3781065709189908,0.17346756152992088,0.39208396325796563,0.0,0.3749186691660154,0.4259448053265129,0.0,0.0,0.4093879243407404,0.0,0.007306675713244798,0.393989837835007,0.0,0.0,0.0,0.4143807532641034,0.0,0.0,0.38185872250152064,0.0,0.0,0.0,0.4123210925011036,0.0,0.0,0.3739225010861934,0.0,0.0,0.0,0.41033960965243066,0.0,0.0,0.0,0.37450886574566206,0.0,0.0,0.17237927066160705,0.33593780989881866,0.008354673029279976,0.0,0.0,0.33133926661806334,0.17392092090807937,0.0,0.3818006425360017,0.00405130255735316,0.007331318873417212,0.0042469190521854635,0.3839017911471088,0.0,0.17198278489572577,0.005569782052241587,0.38928109221550183,0.0,0.006579298585825013,0.37830883379185554
0.03505703679654221,0.03505703679654221,0.049578118172875565,0.5907010143038284,0.26267839041290936,0.84141266834599,0.03539241996601597,0.03941635841735005,0.4191269957720113,0.03505703679654221,0.38344268619922717,0.4177016095583484,0.03581037973280385,0.03505703679654221,0.3793604934303124,0.17361956890287858,0.37638001759222406,0.38218209158882854,0.17135354069055952,0.377063956641522,0.03505703679654221,0.3733608355563969,0.4086788683261,0.03505703679654221,0.03505703679654221,0.43105214863532904,0.03581037973280385,0.3777153049745008,0.4196195876106423,0.03505703679654221,0.3772076629220389,0.03581541599244825,0.417756791462911,0.03596868317457923,0.3799466956160821,0.03505703679654221,0.41593153775826053,0.37692069569734077,0.03505703679654221,0.17638822219935446,0.37684818406171244,0.3747087722318854,0.1745459274882122,0.3785969049368998,0.049814024323585386,0.37383678784673835,0.17589300201334318,0.3881286006041273,0.03505703679654221,0.4176489098814339,0.03505703679654221,0.3765888674439942,0.03581541599244825,0.41725179364466497,0.38385966068166866,0.03505703679654221,0.419408855680272,0.03505703679654221,0.3779700097381378,0.03505703679654221,0.42420658762585217,0.03505703679654221,0.3773500895059634,0.4155528556466629,0.03505703679654221,0.03505703679654221,0.4230156958114592,0.3736052160263519,0.03505703679654221,0.3797115251712466,0.1769729116918298,0.3936294003237315,0.03505703679654221,0.37653777525152693,0.42736101792590253,0.03505703679654221,0.03505703679654221,0.41086489035226076,0.03505703679654221,0.03581037973280385,0.39552746283147133,0.03505703679654221,0.03505703679654221,0.03505703679654221,0.41583893626327284,0.03505703679654221,0.03505703679654221,0.38344730250620895,0.03505703679654221,0.03505703679654221,0.03505703679654221,0.41378697385163676,0.03505703679654221,0.03505703679654221,0.37554607559205366,0.03505703679654221,0.03505703679654221,0.03505703679654221,0.411812963376447,0.03505703679654221,0.03505703679654221,0.03505703679654221,0.3761298073590239,0.03505703679654221,0.03505703679654221,0.1759063490781626,0.33775030917801896,0.03603881705886159,0.03505703679654221,0.03505703679654221,0.3331774205794173,0.17741729717787733,0.03505703679654221,0.3833894737160361,0.0352903509236813,0.03581541599244825,0.03531334217992688,0.38548158057200993,0.03505703679654221,0.17551784545350968,0.03549673614245992,0.3908381463800008,0.03505703679654221,0.03566907575301361,0.37991289766170494
0.5897250815183103,0.5897250815183103,0.5907010143038284,0.8075478192140226,0.640717769786046,0.9533531022977205,0.5897438633583455,0.5899830858791459,0.7113436826756396,0.5897250815183103,0.6933753149539935,0.7106085410455588,0.5897675187891106,0.5897250815183103,0.6913806256753315,0.6121605935463096,0.6899325931708838,0.6927579519598899,0.6115679864290854,0.6902642518213383,0.5897250815183103,0.6884730059717238,0.7059875407469623,0.5897250815183103,0.5897250815183103,0.7175472191073241,0.5897675187891106,0.6905804536949172,0.7115980569767708,0.5897250815183103,0.6903339860023627,0.5897678055141835,0.7106369753448605,0.5897765505435224,0.6916662559707362,0.5897250815183103,0.7096975568654557,0.6901947501554332,0.5897250815183103,0.6128941776691387,0.6901595780838146,0.6891237429778283,0.612404877273477,0.6910089710591996,0.5907196135414831,0.688702611642873,0.6127621959856976,0.6956810136097737,0.5897250815183103,0.7105813877337775,0.5897250815183103,0.6900338298649451,0.5897678055141835,0.7103768360001196,0.6935797969250683,0.5897250815183103,0.7114892149589924,0.5897250815183103,0.6907041939718122,0.5897250815183103,0.7139746153531886,0.5897250815183103,0.6904031154662689,0.7095029433814916,0.5897250815183103,0.5897250815183103,0.7133562534070438,0.6885908754594623,0.5897250815183103,0.6915516352093154,0.6130504337031261,0.6984091275907799,0.5897250815183103,0.6900090605004244,0.715617062948643,0.5897250815183103,0.5897250815183103,0.7071019064369624,0.5897250815183103,0.5897675187891106,0.6993557637103873,0.5897250815183103,0.5897250815183103,0.5897250815183103,0.7096499577165408,0.5897250815183103,0.5897250815183103,0.6933775780233046,0.5897250815183103,0.5897250815183103,0.5897250815183103,0.708596720748775,0.5897250815183103,0.5897250815183103,0.6895287011719518,0.5897250815183103,0.5897250815183103,0.5897250815183103,0.7075862478430051,0.5897250815183103,0.5897250815183103,0.5897250815183103,0.6898113536541854,0.5897250815183103,0.5897250815183103,0.6127657487462708,0.6718359381549049,0.5897805645999854,0.5897250815183103,0.5897250815183103,0.6697806404426138,0.6131695050271401,0.5897250815183103,0.6933492296009739,0.5897381285262505,0.5897678055141835,0.589739418869672,0.6943764632102456,0.5897250815183103,0.6126624350402712,0.5897497414874435,0.6970219406307564,0.5897250815183103,0.5897594904149053,0.6916497803468517
0.26033405071348736,0.26033405071348736,0.26267839041290936,0.640717769786046,0.367744439512783,0.8679886317906301,0.26037932175123296,0.26095540176120596,0.4907043722480266,0.26033405071348736,0.4610062314661705,0.48950458216158044,0.2604363312226694,0.26033405071348736,0.45765730385556636,0.31079621841305544,0.45521902376128365,0.4599709311602841,0.3095413573837348,0.4557780276386207,0.26033405071348736,0.4527550713199644,0.48193467807426016,0.26033405071348736,0.26033405071348736,0.500782225314162,0.2604363312226694,0.456310680704166,0.49111924479433033,0.26033405071348736,0.45589552231380015,0.2604370221693106,0.48955101087347697,0.26045809515326374,0.458137549328666,0.26033405071348736,0.48801612713732934,0.45566091061596464,0.26033405071348736,0.3123447060241682,0.45560163690435623,0.453854369420962,0.311312463245019,0.4570320699488913,0.26272291140561554,0.45314309083486687,0.31206650846441286,0.464863457163027,0.26033405071348736,0.4894602434093752,0.26033405071348736,0.45538969023870635,0.2604370221693106,0.4891261769250516,0.4613489062826279,0.26033405071348736,0.49094174611237923,0.26033405071348736,0.4565190463918334,0.26033405071348736,0.4949884495147047,0.26033405071348736,0.4560119841201338,0.4876979055524607,0.26033405071348736,0.26033405071348736,0.4939828935244132,0.45295428316463476,0.26033405071348736,0.4579448594290596,0.31267384688177485,0.4694087238229072,0.26033405071348736,0.4553479364099251,0.49765536940971766,0.26033405071348736,0.26033405071348736,0.4837647111079166,0.26033405071348736,0.2604363312226694,0.4709813028631289,0.26033405071348736,0.26033405071348736,0.26033405071348736,0.4879383034859688,0.26033405071348736,0.26033405071348736,0.46101002460125695,0.26033405071348736,0.26033405071348736,0.26033405071348736,0.48621496199291636,0.26033405071348736,0.26033405071348736,0.4545378368253423,0.26033405071348736,0.26033405071348736,0.26033405071348736,0.4845591963088443,0.26033405071348736,0.26033405071348736,0.26033405071348736,0.4550145966916365,0.26033405071348736,0.26033405071348736,0.31207399941747155,0.42418813812830325,0.26046776742220207,0.26033405071348736,0.26033405071348736,0.42059175546057886,0.3129244989737263,0.26033405071348736,0.4609625087175163,0.2603654993761089,0.2604370221693106,0.2603686094750794,0.46268286429695177,0.26033405071348736,0.3118561124044102,0.26039348891723924,0.46710003658264454,0.26033405071348736,0.2604169839655477,0.4581098543387253
0.8408964152537145,0.8408964152537145,0.84141266834599,0.9533531022977205,0.8679886317906301,1.0,0.8409063492514567,0.8410328821275516,0.9053303957680716,0.8408964152537145,0.8959098333563221,0.9049466523208789,0.8409188610377253,0.8408964152537145,0.8948593259035607,0.8527938298926973,0.8940962019299464,0.8955847872260151,0.8524789216990837,0.894271025933246,0.8408964152537145,0.893326564995483,0.9025309746874921,0.8408964152537145,0.8408964152537145,0.9085621315977465,0.8409188610377253,0.8944376817708988,0.9054631421149855,0.8408964152537145,0.8943077814269249,0.840919012692315,0.9049614979349548,0.8409236381178858,0.8950098046919722,0.8408964152537145,0.904470901721879,0.8942343920211242,0.8408964152537145,0.8531836898949369,0.8942158526631413,0.8936697488146835,0.8529236488450872,0.8946635017648561,0.841422508378989,0.893447663194549,0.8531135458168707,0.897123071290734,0.8408964152537145,0.9049324752942969,0.8408964152537145,0.8941495681804784,0.840919012692315,0.9048256698362421,0.8960174766742521,0.8408964152537145,0.9054063447608314,0.8408964152537145,0.8945028942262854,0.8408964152537145,0.9067024272348984,0.8408964152537145,0.8943442172201832,0.9043692362611505,0.8408964152537145,0.8408964152537145,0.9063801387416014,0.8933887327809411,0.8408964152537145,0.8949494209857385,0.8532667367024525,0.8985570393280918,0.8408964152537145,0.8941365113638431,0.9075578949671841,0.8408964152537145,0.8408964152537145,0.9031140641574782,0.8408964152537145,0.8409188610377253,0.8990542107625048,0.8408964152537145,0.8408964152537145,0.8408964152537145,0.9044460370785555,0.8408964152537145,0.8408964152537145,0.8959110247294086,0.8408964152537145,0.8408964152537145,0.8408964152537145,0.9038956867611642,0.8408964152537145,0.8408964152537145,0.8938832726268352,0.8408964152537145,0.8408964152537145,0.8408964152537145,0.9033673889867813,0.8408964152537145,0.8408964152537145,0.8408964152537145,0.8940322886326539,0.8408964152537145,0.8408964152537145,0.8531154339793062,0.8845278111567748,0.8409257612384917,0.8408964152537145,0.8408964152537145,0.8834380216984505,0.8533300218333165,0.8408964152537145,0.8958961008707802,0.8409033160070413,0.840919012692315,0.8409039984898966,0.8964367713946508,0.8408964152537145,0.853060526907123,0.8409094582929179,0.8978281111711681,0.8408964152537145,0.8409146146759018,0.8950011252863465
0.004860821062327872,0.004860821062327872,0.03539241996601597,0.5897438633583455,0.26037932175123296,0.8409063492514567,0.006874238899726923,0.018662298112746372,0.4177088539901607,0.004860821062327872,0.3818846921787,0.4162783058856238,0.008775824181826203,0.004860821062327872,0.3777849373306266,0.17011440942111983,0.37479141196974713,0.3806187121098212,0.16780097143460795,0.3754783627859095,0.004860821062327872,0.3717588099006885,0.40722212451105205,0.004860821062327872,0.004860821062327872,0.4296759724817511,0.008775824181826203,0.3761325697736236,0.41820322224619755,0.004860821062327872,0.37562270057144614,0.00879635245951482,0.41633368822521677,0.009400955929312222,0.3783736833245967,0.004860821062327872,0.41450177890042283,0.375334471840111,0.004860821062327872,0.17293928878623296,0.37526164115588667,0.3731127633806575,0.17105978470104966,0.37701802410485447,0.035722131256820965,0.37223689140595795,0.17243414520302225,0.38659033671326476,0.004860821062327872,0.41622541474453423,0.004860821062327872,0.37500118260273657,0.00879635245951482,0.41582685431408006,0.3823034407057837,0.004860821062327872,0.41799173082689045,0.004860821062327872,0.37638838985706996,0.004860821062327872,0.4228065834233896,0.004860821062327872,0.37576575258777484,0.4141217092512335,0.004860821062327872,0.004860821062327872,0.42161147493935175,0.3720042842712683,0.004860821062327872,0.37813749325529267,0.17353562105685993,0.3921137346720382,0.004860821062327872,0.37494986524338497,0.4259720795922526,0.004860821062327872,0.004860821062327872,0.4094163723221601,0.004860821062327872,0.008775824181826203,0.39401945822072815,0.004860821062327872,0.004860821062327872,0.004860821062327872,0.4144088383162089,0.004860821062327872,0.004860821062327872,0.3818893281459502,0.004860821062327872,0.004860821062327872,0.004860821062327872,0.4123493262964684,0.004860821062327872,0.004860821062327872,0.37395378360321757,0.004860821062327872,0.004860821062327872,0.004860821062327872,0.4103679878326741,0.004860821062327872,0.004860821062327872,0.004860821062327872,0.3745400973301539,0.004860821062327872,0.004860821062327872,0.17244776047379823,0.33597274997379484,0.00966582340182981,0.004860821062327872,0.004860821062327872,0.3313747038180774,0.1739888027707706,0.004860821062327872,0.38183125303807275,0.006327766733534815,0.00879635245951482,0.006454757974750464,0.38393222679079936,0.004860821062327872,0.1720514328182428,0.0073925673724347905,0.3893110882358302,0.004860821062327872,0.008180143658289438,0.37833973890636796
0.018018151734145144,0.018018151734145144,0.03941635841735005,0.5899830858791459,0.26095540176120596,0.8410328821275516,0.018662298112746372,0.025481513880305805,0.41806349690747735,0.018018151734145144,0.3822744032649833,0.4166342426697108,0.019443284143581204,0.018018151734145144,0.3781790541301395,0.1709965237046756,0.3751888027379617,0.3810097741710822,0.16869520324255222,0.3758749979152357,0.018018151734145144,0.3721595678620497,0.4075864441999181,0.018018151734145144,0.018018151734145144,0.43002009772532857,0.019443284143581204,0.3765284876918405,0.41855741989947376,0.018018151734145144,0.37601917726070855,0.01945255831024716,0.4166895747680816,0.01973332662552648,0.3787671619428831,0.018018151734145144,0.4148593337761171,0.37573126503290594,0.018018151734145144,0.17380704186319648,0.3756585143962089,0.3735120116441652,0.17193704059085685,0.3774129750155634,0.039712675198251085,0.3726371151121333,0.17330443214751387,0.38697509874223157,0.018018151734145144,0.4165813995212515,0.018018151734145144,0.3753983423495953,0.01945255831024716,0.41618320109565166,0.38269270677159556,0.018018151734145144,0.4183461188476916,0.018018151734145144,0.376784027954773,0.018018151734145144,0.42315668030500875,0.018018151734145144,0.37616207236114035,0.41447961194201255,0.018018151734145144,0.018018151734145144,0.42196262865525996,0.37240476775403786,0.018018151734145144,0.3785312276720471,0.1744004016455883,0.392492828912894,0.018018151734145144,0.37534708148384865,0.4263194031207538,0.018018151734145144,0.018018151734145144,0.4097786297966973,0.018018151734145144,0.019443284143581204,0.3943966311893378,0.018018151734145144,0.018018151734145144,0.018018151734145144,0.41476647819141055,0.018018151734145144,0.018018151734145144,0.38227903430041354,0.018018151734145144,0.018018151734145144,0.018018151734145144,0.4127088586728461,0.018018151734145144,0.018018151734145144,0.3743520992829474,0.018018151734145144,0.018018151734145144,0.018018151734145144,0.410729357230364,0.018018151734145144,0.018018151734145144,0.018018151734145144,0.3749377651924386,0.018018151734145144,0.018018151734145144,0.17331797892960468,0.3364175767285976,0.019860874834889918,0.018018151734145144,0.018018151734145144,0.33182585066236175,0.17485133791003704,0.018018151734145144,0.3822210209818843,0.018467995100466275,0.01945255831024716,0.01851189109456717,0.38431977051016564,0.018018151734145144,0.17292364930452664,0.01885938127415953,0.3896930396966246,0.018018151734145144,0.019181787179504486,0.3787332542687042
0.4176810044828223,0.4176810044828223,0.4191269957720113,0.7113436826756396,0.4907043722480266,0.9053303957680716,0.4177088539901607,0.41806349690747735,0.5861434429505591,0.4176810044828223,0.5622893638147703,0.5851718677516687,0.4177439288061309,0.4176810044828223,0.5596265080967152,0.45039576513485374,0.5576914207406287,0.5614655392654635,0.4495447458720792,0.5581347853766773,0.4176810044828223,0.5557391556536111,0.5790565616044915,0.4176810044828223,0.4176810044828223,0.5943286656218165,0.4177439288061309,0.5585574037188058,0.5864795474847615,0.4176810044828223,0.5582279953126579,0.417744353936217,0.5852094534542736,0.41775732018298434,0.5600080116778973,0.4176810044828223,0.5839674116730755,0.5580418822860821,0.4176810044828223,0.45144833305781407,0.5579948661679234,0.5566097635170209,0.45074638113751064,0.5591300072844513,0.4191545314205144,0.5560463805036543,0.4512590352434373,0.5653635072567886,0.4176810044828223,0.585135974827187,0.4176810044828223,0.5578267645058905,0.417744353936217,0.5848655703949858,0.5625621633506082,0.4176810044828223,0.5863357396855664,0.4176810044828223,0.5587227661564137,0.4176810044828223,0.5896177143612904,0.4176810044828223,0.5583203930452428,0.5837100337781745,0.4176810044828223,0.4176810044828223,0.5888015288780222,0.5558968768943081,0.4176810044828223,0.5598549257451904,0.4516724054485138,0.5689955850016619,0.4176810044828223,0.5577936510119714,0.5917844605002444,0.4176810044828223,0.4176810044828223,0.5805325860827372,0.4176810044828223,0.4177439288061309,0.5702545863355567,0.4176810044828223,0.4176810044828223,0.4176810044828223,0.5839044637028559,0.4176810044828223,0.4176810044828223,0.5622923831571925,0.4176810044828223,0.4176810044828223,0.4176810044828223,0.5825112197542682,0.4176810044828223,0.4176810044828223,0.5571513722476296,0.4176810044828223,0.4176810044828223,0.4176810044828223,0.581173855425665,0.4176810044828223,0.4176810044828223,0.4176810044828223,0.5575293240799906,0.4176810044828223,0.4176810044828223,0.45126413129396953,0.533353983098057,0.41776327175959904,0.4176810044828223,0.4176810044828223,0.5305704383357426,0.45184312452306447,0.4176810044828223,0.5622545609601547,0.41770035053308346,0.417744353936217,0.4177022638269662,0.5636246836129583,0.4176810044828223,0.45111592945457424,0.4177175698427398,0.5671494553154693,0.4176810044828223,0.4177320249770318,0.5599860077077523
0.0,0.0,0.03505703679654221,0.5897250815183103,0.26033405071348736,0.8408964152537145,0.004860821062327872,0.018018151734145144,0.4176810044828223,0.0,0.3818540861465505,0.4162503546879937,0.007306675713244798,0.0,0.3777539849317845,0.17004497816752376,0.3747602021707847,0.3805879998686187,0.16773058097554275,0.37544721239608453,0.0,0.37172733536466246,0.40719351444154966,0.0,0.0,0.42964894956384037,0.007306675713244798,0.37610147577134323,0.41817540773374806,0.0,0.37559156263829957,0.007331318873417212,0.4163057409762693,0.008046762797099776,0.3783427810988528,0.0,0.41447370052889676,0.37530330902319875,0.0,0.1728709940589176,0.37523047204556215,0.3730814075417747,0.17099073796857084,0.37698700612870106,0.03538987284715568,0.3722054588749163,0.17236564997120382,0.38656011974875554,0.0,0.4161974597749467,0.0,0.37496999096696204,0.007331318873417212,0.4157988708928531,0.3822728696593607,0.0,0.41796390135279265,0.0,0.37635731785434245,0.0,0.4227790911995362,0.0,0.3757346269914579,0.41409360354297364,0.0,0.0,0.4215838996575607,0.37197283131571934,0.0,0.3781065709189908,0.17346756152992088,0.39208396325796563,0.0,0.3749186691660154,0.4259448053265129,0.0,0.0,0.4093879243407404,0.0,0.007306675713244798,0.393989837835007,0.0,0.0,0.0,0.4143807532641034,0.0,0.0,0.38185872250152064,0.0,0.0,0.0,0.4123210925011036,0.0,0.0,0.3739225010861934,0.0,0.0,0.0,0.41033960965243066,0.0,0.0,0.0,0.37450886574566206,0.0,0.0,0.17237927066160705,0.33593780989881866,0.008354673029279976,0.0,0.0,0.33133926661806334,0.17392092090807937,0.0,0.3818006425360017,0.00405130255735316,0.007331318873417212,0.0042469190521854635,0.3839017911471088,0.0,0.17198278489572577,0.005569782052241587,0.38928109221550183,0.0,0.006579298585825013,0.37830883379185554
0.3818540861465505,0.3818540861465505,0.38344268619922717,0.6933753149539935,0.4610062314661705,0.8959098333563221,0.3818846921787,0.3822744032649833,0.5622893638147703,0.3818540861465505,0.5371296551174203,0.5612661840439257,0.3819232381194872,0.3818540861465505,0.534315717689363,0.4175617662442298,0.5322701185872324,0.5362592111114616,0.41663856005835637,0.5327388576996231,0.3818540861465505,0.5302057353741483,0.5548231304538069,0.3818540861465505,0.3818540861465505,0.57090445510724,0.3819232381194872,0.5331856331168106,0.5626432910960113,0.3818540861465505,0.5328373980802774,0.3819237053181127,0.561305768427818,0.3819379545897361,0.5347189366742193,0.3818540861465505,0.5599975786931388,0.5326406402921214,0.3818540861465505,0.4187032375282411,0.5325909341797975,0.5311264202302737,0.4179420429204668,0.5337909203540809,0.3834729273757212,0.5305306460966857,0.41849798181903397,0.5403768130452788,0.3818540861465505,0.5612283822780264,0.3818540861465505,0.5324132117255217,0.3819237053181127,0.5609435917746133,0.5374178682783538,0.3818540861465505,0.5624918593773379,0.3818540861465505,0.5333604397890904,0.3818540861465505,0.565947150112603,0.3818540861465505,0.5329350784022259,0.5597264675291194,0.3818540861465505,0.3818540861465505,0.5650879945570594,0.5303725380507943,0.3818540861465505,0.5345571398372647,0.41894618191800714,0.5442114144440323,0.3818540861465505,0.5323782025322584,0.5682275536765494,0.3818540861465505,0.3818540861465505,0.5563787326496341,0.3818540861465505,0.3819232381194872,0.5455401486189425,0.3818540861465505,0.3818540861465505,0.3818540861465505,0.5599312727476221,0.3818540861465505,0.3818540861465505,0.5371328451224733,0.3818540861465505,0.3818540861465505,0.3818540861465505,0.5584635683698522,0.3818540861465505,0.3818540861465505,0.5316991184725318,0.3818540861465505,0.3818540861465505,0.3818540861465505,0.5570544808019785,0.3818540861465505,0.3818540861465505,0.3818540861465505,0.5320987367909885,0.3818540861465505,0.3818540861465505,0.4185035076456541,0.5064869999095364,0.3819444950532693,0.3818540861465505,0.3818540861465505,0.50353102488285,0.41913126678013757,0.3818540861465505,0.5370928849923655,0.3818753470968207,0.3819237053181127,0.38187744976104826,0.5385403102208949,0.3818540861465505,0.4183428031903658,0.3818942706399951,0.5422625980132432,0.3818540861465505,0.38191015631586,0.5346956808665999
0.4162503546879937,0.4162503546879937,0.4177016095583484,0.7106085410455588,0.48950458216158044,0.9049466523208789,0.4162783058856238,0.4166342426697108,0.5851718677516687,0.4162503546879937,0.5612661840439257,0.5841982465737602,0.416313508756881,0.4162503546879937,0.5585973787578891,0.4490766871707285,0.5566579423996608,0.560440523137468,0.4482229500727312,0.5571023053856993,0.4162503546879937,0.5547012676336708,0.578069958156124,0.4162503546879937,0.4162503546879937,0.5933741533155016,0.416313508756881,0.5575258743012158,0.5855086790275958,0.4162503546879937,0.5571957250628219,0.41631393543896167,0.58423591150903,0.4163269490193675,0.5589797372032332,0.4162503546879937,0.582991247868344,0.5570091931943043,0.4162503546879937,0.4501326040837996,0.5569620712359581,0.5555738447411296,0.4494284202727,0.5580997641478387,0.41772924511774434,0.5550091879102906,0.44994270499078254,0.5643471464142931,0.4162503546879937,0.5841622779788062,0.4162503546879937,0.5567935910474318,0.41631393543896167,0.5838913032751791,0.561539590824432,0.4162503546879937,0.5853645689026657,0.4162503546879937,0.5576916083987561,0.4162503546879937,0.588653419160185,0.4162503546879937,0.5572883306592465,0.5827333257434046,0.4162503546879937,0.4162503546879937,0.5878355284852179,0.5548593459577302,0.4162503546879937,0.5588263083393428,0.45035738763549427,0.5679872137355578,0.4162503546879937,0.5567604029701472,0.590824677290495,0.4162503546879937,0.4162503546879937,0.5795491328395891,0.4162503546879937,0.416313508756881,0.569248967928108,0.4162503546879937,0.4162503546879937,0.4162503546879937,0.582928166822948,0.4162503546879937,0.4162503546879937,0.5612692101096158,0.4162503546879937,0.4162503546879937,0.4162503546879937,0.581531972598055,0.4162503546879937,0.4162503546879937,0.5561166763031985,0.4162503546879937,0.4162503546879937,0.4162503546879937,0.5801917674611647,0.4162503546879937,0.4162503546879937,0.4162503546879937,0.556495480451311,0.4162503546879937,0.4162503546879937,0.44994781723404964,0.5322638447561358,0.41633292232147473,0.4162503546879937,0.4162503546879937,0.5294735713582259,0.4505286481209596,0.4162503546879937,0.561231303688959,0.416269771380156,0.41631393543896167,0.4162716916600861,0.5626044722528557,0.4162503546879937,0.4497991443505745,0.41628705356090573,0.5661370320243727,0.4162503546879937,0.4163015614700801,0.558957683949761
0.007306675713244798,0.007306675713244798,0.03581037973280385,0.5897675187891106,0.2604363312226694,0.8409188610377253,0.008775824181826203,0.019443284143581204,0.4177439288061309,0.007306675713244798,0.3819232381194872,0.416313508756881,0.01033319986437666,0.007306675713244798,0.377823919418264,0.17020182062872263,0.37483071817527386,0.38065739178991975,0.1678895891108588,0.37551759418366365,0.007306675713244798,0.3717984494611949,0.40725815707310464,0.007306675713244798,0.007306675713244798,0.42971000639264706,0.01033319986437666,0.3761717301683086,0.41823825299418954,0.007306675713244798,0.3756619162837863,0.010350639891741776,0.41636888612402995,0.010869126073249007,0.3784126022341582,0.007306675713244798,0.4145371419173436,0.3753737188860148,0.007306675713244798,0.17302527043515048,0.3753008961264346,0.37315225347878594,0.17114671225301867,0.3770570887674969,0.036136277702457364,0.3722764780742031,0.17252037905749218,0.38662839273472394,0.007306675713244798,0.41626062236569045,0.007306675713244798,0.37504046593725193,0.010350639891741776,0.41586209776342287,0.38234194259219995,0.007306675713244798,0.41802678041562447,0.007306675713244798,0.37642752254994793,0.007306675713244798,0.422841208322173,0.007306675713244798,0.375804952765609,0.4141571066923086,0.007306675713244798,0.007306675713244798,0.4216462044309258,0.37204389665785553,0.007306675713244798,0.3781764374881204,0.17362130685531693,0.3921512296461345,0.007306675713244798,0.3749891541707382,0.42600643002115446,0.007306675713244798,0.007306675713244798,0.4094522007740625,0.007306675713244798,0.01033319986437666,0.39405676301546183,0.007306675713244798,0.007306675713244798,0.007306675713244798,0.4144442097457432,0.007306675713244798,0.007306675713244798,0.3819278735985152,0.007306675713244798,0.007306675713244798,0.007306675713244798,0.41238488503277054,0.007306675713244798,0.007306675713244798,0.37399318137495785,0.007306675713244798,0.007306675713244798,0.007306675713244798,0.4104037283869594,0.007306675713244798,0.007306675713244798,0.007306675713244798,0.3745794309679214,0.007306675713244798,0.007306675713244798,0.1725339875111973,0.3360167531618717,0.0110990121756992,0.007306675713244798,0.007306675713244798,0.3314193329359053,0.17407426508969134,0.007306675713244798,0.3818698046074252,0.008354673029279976,0.010350639891741776,0.008451262084575832,0.3839705581765091,0.007306675713244798,0.17213785873410914,0.009187490496759192,0.38934886603983804,0.007306675713244798,0.009832328296563879,0.3783786614534753
0.0,0.0,0.03505703679654221,0.5897250815183103,0.26033405071348736,0.8408964152537145,0.004860821062327872,0.018018151734145144,0.4176810044828223,0.0,0.3818540861465505,0.4162503546879937,0.007306675713244798,0.0,0.3777539849317845,0.17004497816752376,0.3747602021707847,0.3805879998686187,0.16773058097554275,0.37544721239608453,0.0,0.37172733536466246,0.40719351444154966,0.0,0.0,0.42964894956384037,0.007306675713244798,0.37610147577134323,0.41817540773374806,0.0,0.37559156263829957,0.007331318873417212,0.4163057409762693,0.008046762797099776,0.3783427810988528,0.0,0.41447370052889676,0.37530330902319875,0.0,0.1728709940589176,0.37523047204556215,0.3730814075417747,0.17099073796857084,0.37698700612870106,0.03538987284715568,0.3722054588749163,0.17236564997120382,0.38656011974875554,0.0,0.4161974597749467,0.0,0.37496999096696204,0.007331318873417212,0.4157988708928531,0.3822728696593607,0.0,0.41796390135279265,0.0,0.37635731785434245,0.0,0.4227790911995362,0.0,0.3757346269914579,0.41409360354297364,0.0,0.0,0.4215838996575607,0.37197283131571934,0.0,0.3781065709189908,0.17346756152992088,0.39208396325796563,0.0,0.3749186691660154,0.4259448053265129,0.0,0.0,0.4093879243407404,0.0,0.007306675713244798,0.393989837835007,0.0,0.0,0.0,0.4143807532641034,0.0,0.0,0.38185872250152064,0.0,0.0,0.0,0.4123210925011036,0.0,0.0,0.3739225010861934,0.0,0.0,0.0,0.41033960965243066,0.0,0.0,0.0,0.37450886574566206,0.0,0.0,0.17237927066160705,0.33593780989881866,0.008354673029279976,0.0,0.0,0.33133926661806334,0.17392092090807937,0.0,0.3818006425360017,0.00405130255735316,0.007331318873417212,0.0042469190521854635,0.3839017911471088,0.0,0.17198278489572577,0.005569782052241587,0.38928109221550183,0.0,0.006579298585825013,0.37830883379185554
0.3777539849317845,0.3777539849317845,0.3793604934303124,0.6913806256753315,0.45765730385556636,0.8948593259035607,0.3777849373306266,0.3781790541301395,0.5596265080967152,0.3777539849317845,0.534315717689363,0.5585973787578891,0.377823919418264,0.3777539849317845,0.5314842216079526,0.413833045180821,0.5294257686245077,0.533439857310872,0.412900988094608,0.52989745987092,0.3777539849317845,0.5273483357846377,0.5521164972652011,0.3777539849317845,0.3777539849317845,0.5682910915753979,0.377823919418264,0.5303470453601244,0.559982489779598,0.3777539849317845,0.5299966203513458,0.37782439190272077,0.5586371936055665,0.37783880238304834,0.5318899653421787,0.3777539849317845,0.5573213750795403,0.5297986242196633,0.3777539849317845,0.41498541002833206,0.5297486051578298,0.5282748503016074,0.4142169571097409,0.5309561338648089,0.37939107414704154,0.5276753055947531,0.4147781995202863,0.5375829635376884,0.3777539849317845,0.5585593568849804,0.3777539849317845,0.5295697633941462,0.37782439190272077,0.5582729074572149,0.5346057213092058,0.3777539849317845,0.5598301792887237,0.3777539849317845,0.5305229505201464,0.3777539849317845,0.5633054378624788,0.3777539849317845,0.5300949151860059,0.5570486797038513,0.3777539849317845,0.3777539849317845,0.5624413335430624,0.5275161958005399,0.3777539849317845,0.5317271557689253,0.41523066586869256,0.5414410524635213,0.3777539849317845,0.529534533642228,0.5655989252638227,0.3777539849317845,0.3777539849317845,0.5536812907600529,0.3777539849317845,0.377823919418264,0.542777867266507,0.3777539849317845,0.3777539849317845,0.3777539849317845,0.5572546817838291,0.3777539849317845,0.3777539849317845,0.5343189275196389,0.3777539849317845,0.3777539849317845,0.3777539849317845,0.5557783862939574,0.3777539849317845,0.3777539849317845,0.5288511668939609,0.3777539849317845,0.3777539849317845,0.3777539849317845,0.5543610199253519,0.3777539849317845,0.3777539849317845,0.3777539849317845,0.5292533064561457,0.3777539849317845,0.3777539849317845,0.41478377799654287,0.5034736802670476,0.37784541683807676,0.3777539849317845,0.3777539849317845,0.5004974475098796,0.41541751002775024,0.3777539849317845,0.5342787190325692,0.3777754864966131,0.37782439190272077,0.37777761295573664,0.5357351222132727,0.3777539849317845,0.41462154183760813,0.377794624179935,0.5394803305812212,0.3777539849317845,0.37781068960360087,0.5318665639983008
0.17004497816752376,0.17004497816752376,0.17361956890287858,0.6121605935463096,0.31079621841305544,0.8527938298926973,0.17011440942111983,0.1709965237046756,0.45039576513485374,0.17004497816752376,0.4175617662442298,0.4490766871707285,0.17020182062872263,0.17004497816752376,0.413833045180821,0.24042963260098174,0.41111456239479566,0.4164096718855755,0.23880040482263656,0.4117380843612361,0.17004497816752376,0.4083642279050018,0.44074061125678937,0.17004497816752376,0.17004497816752376,0.46145356359459894,0.17020182062872263,0.4123320595166703,0.45085175268245525,0.17004497816752376,0.4118691186515892,0.17020287988267832,0.449127742707438,0.1702351839570342,0.4143681106870006,0.17004497816752376,0.447439441296582,0.41160746393345404,0.17004497816752376,0.24243404222605344,0.4115413532742618,0.4095917015129645,0.24109861042454522,0.4131362598432171,0.17368704998337964,0.40879756461067696,0.24207442009733787,0.421849372386513,0.17004497816752376,0.4490279290605942,0.17004497816752376,0.4113049442226848,0.17020287988267832,0.448660539936853,0.41794297851068457,0.17004497816752376,0.4506566717465331,0.17004497816752376,0.4125643725415196,0.17004497816752376,0.4551011568107701,0.17004497816752376,0.4119989938088746,0.4470892929511446,0.17004497816752376,0.17004497816752376,0.45399735144110226,0.40858671615713926,0.17004497816752376,0.41415343969934976,0.24285924630787897,0.42689241103770215,0.17004497816752376,0.41125836843918,0.45802678228205734,0.17004497816752376,0.17004497816752376,0.44275805072497454,0.17004497816752376,0.17020182062872263,0.428634913367776,0.17004497816752376,0.17004497816752376,0.17004497816752376,0.44735381349898995,0.17004497816752376,0.17004497816752376,0.4175659862844552,0.17004497816752376,0.17004497816752376,0.17004497816752376,0.44545702247933566,0.17004497816752376,0.17004497816752376,0.410354529568063,0.17004497816752376,0.17004497816752376,0.17004497816752376,0.4436334567116284,0.17004497816752376,0.17004497816752376,0.17004497816752376,0.41088649946041716,0.17004497816752376,0.17004497816752376,0.24208410631403557,0.3762148252951964,0.17025001000080964,0.17004497816752376,0.17004497816752376,0.3721294319661342,0.24318285720338517,0.17004497816752376,0.41751312211271674,0.1700932120491114,0.17020287988267832,0.170097981688512,0.4194263889804409,0.17004497816752376,0.24180230366941774,0.17013613398199312,0.42433213556525606,0.17004497816752376,0.17017215883643386,0.41433725758452783
0.3747602021707847,0.3747602021707847,0.37638001759222406,0.6899325931708838,0.45521902376128365,0.8940962019299464,0.37479141196974713,0.3751888027379617,0.5576914207406287,0.3747602021707847,0.5322701185872324,0.5566579423996608,0.37483071817527386,0.3747602021707847,0.5294257686245077,0.41111456239479566,0.5273579045225651,0.5313902933640533,0.41017595977037563,0.5278317573120286,0.3747602021707847,0.5252709160437599,0.5501494040106056,0.3747602021707847,0.3747602021707847,0.5663921728433842,0.37483071817527386,0.5282834002693717,0.558048904090843,0.3747602021707847,0.5279313718196382,0.3748311945878288,0.5566979257156366,0.3748457248681827,0.5298333607455884,0.3747602021707847,0.555376530379075,0.5277324689898119,0.3747602021707847,0.41227498239245597,0.5276822207889142,0.5262016995022625,0.41150116250276547,0.5288952718827261,0.3764108505734419,0.5255993937093766,0.41206632650712616,0.5355520672156843,0.3747602021707847,0.5566197596288935,0.3747602021707847,0.5275025594703593,0.3748311945878288,0.5563320975197947,0.5325614327973883,0.3747602021707847,0.5578959512638114,0.3747602021707847,0.5284601097008342,0.3747602021707847,0.561385804012412,0.3747602021707847,0.5280301165880295,0.5551026768618669,0.3747602021707847,0.3747602021707847,0.560518082966097,0.5254395503456258,0.3747602021707847,0.5296698097463562,0.41252194727223224,0.5394273435920885,0.3747602021707847,0.5274671682250279,0.5636888527556901,0.3747602021707847,0.3747602021707847,0.5517209183713297,0.3747602021707847,0.37483071817527386,0.5407700706651465,0.3747602021707847,0.3747602021707847,0.3747602021707847,0.5553095539116786,0.3747602021707847,0.3747602021707847,0.5322733429294113,0.3747602021707847,0.3747602021707847,0.3747602021707847,0.5538269776462611,0.3747602021707847,0.3747602021707847,0.5267806656164443,0.3747602021707847,0.3747602021707847,0.3747602021707847,0.5524035583579753,0.3747602021707847,0.3747602021707847,0.3747602021707847,0.5271846512937048,0.3747602021707847,0.3747602021707847,0.41207194391296514,0.5012819916626591,0.3748523943088815,0.3747602021707847,0.3747602021707847,0.498290899391528,0.41271009218616234,0.3747602021707847,0.5322329526468502,0.37478188254686434,0.3748311945878288,0.37478402668898847,0.5336959273477145,0.3747602021707847,0.4119085751889502,0.3748011793666365,0.5374579101459253,0.3747602021707847,0.37481737836800494,0.5298098528548133
