0.6800927819600533,0.5522492818857011,0.47126788909961387,0.4651958783847319,0.5132765881713778,0.5492132765282599,0.4262231846704085,0.5522492818857011,0.5102405828139371,0.5522492818857011,0.46823188374217256,0.5522492818857019,0.4682318837421736,0.5102405828139371,0.5132765881713778,0.5072045774564959,0.46823188374217267,0.5522492818857009,0.468231883742173,0.510240582813937,0.5522492818857012,0.5102405828139369,0.510240582813937,0.42622318467040865,0.5132765881713778,0.591221975600024,0.5102405828139371,0.4682318837421727,0.5102405828139368,0.6362666800292299,0.5522492818857019,0.4292591900278495,0.507204577456496,0.46823188374217267,0.594257980957465,0.6782753791009934,0.63626668002923,0.723320083530199,0.42318717931296757,0.5522492818857011,0.468231883742173,0.42622318467040865,0.4682318837421727,0.510240582813937,0.4682318837421727,0.4262231846704085,0.4262231846704085,0.42622318467040854,0.5102405828139368,0.5522492818857011,0.42622318467040854,0.42622318467040854,0.3872504909560854,0.5492132765282609,0.510240582813937,0.38421448559864435,0.4682318837421729,0.42622318467040854,0.42622318467040854,0.4682318837421729,0.42622318467040865,0.42622318467040854,0.4682318837421727,0.4292591900278496,0.4651958783847317,0.42622318467040854,0.38421448559864435,0.4292591900278495,0.4651958783847317,0.42622318467040854,0.42622318467040854,0.42622318467040854,0.5522492818857011,0.38421448559864435,0.42622318467040854,0.42622318467040854,0.38421448559864435,0.42622318467040854,0.5522492818857019,0.4262231846704085,0.4682318837421736,0.468231883742173,0.42622318467040854,0.5102405828139368,0.468231883742173,0.5102405828139369,0.42622318467040854,0.42622318467040854,0.42622318467040854,0.42622318467040854,0.4682318837421736,0.38421448559864435,0.5132765881713781,0.42318717931296757,0.46823188374217267,0.5522492818857018,0.42622318467040865,0.38421448559864435,0.510240582813937,0.4262231846704085,0.42622318467040854,0.42622318467040854,0.46823188374217267,0.4682318837421729,0.510240582813937,0.4262231846704085,0.38421448559864435,0.42622318467040854,0.5102405828139369,0.5102405828139377,0.46823188374217256,0.4262231846704085,0.42622318467040865,0.42622318467040865,0.468231883742173,0.510240582813937,0.849346180745492,0.5912219756000247,0.3872504909560854,0.5522492818857011,0.633230674671788,0.7622927772445222,0.26050116717481947,0.0,0.0
0.5522492818857009,0.40907092396404937,0.3187902786830225,0.3098317799088237,0.36617022601708565,0.40459167457694994,0.26693108196186,0.40907092396404926,0.3616909766299862,0.4090709239640494,0.31431102929592303,0.4090709239640499,0.3143110292959234,0.3616909766299862,0.36617022601708554,0.35721172724288675,0.31431102929592303,0.40907092396404926,0.3143110292959231,0.3616909766299863,0.40907092396404954,0.36169097662998606,0.3616909766299862,0.26693108196186005,0.36617022601708565,0.4519716219110124,0.3616909766299862,0.3143110292959231,0.3616909766299862,0.5038308186321754,0.4090709239640499,0.2714103313489595,0.35721172724288675,0.3143110292959231,0.4564508712981121,0.5512107659662382,0.5038308186321755,0.6030699626874008,0.2624518325747605,0.4090709239640494,0.3143110292959231,0.26693108196186005,0.31431102929592303,0.3616909766299862,0.31431102929592303,0.26693108196186,0.26693108196186,0.26693108196186005,0.36169097662998606,0.4090709239640494,0.2669310819618601,0.26693108196186,0.22403038401489597,0.4045916745769504,0.3616909766299862,0.2195511346277965,0.3143110292959231,0.26693108196186005,0.26693108196186005,0.31431102929592314,0.26693108196186,0.26693108196185994,0.31431102929592314,0.27141033134895953,0.3098317799088237,0.26693108196186,0.2195511346277965,0.2714103313489595,0.3098317799088236,0.2669310819618601,0.2669310819618601,0.2669310819618601,0.4090709239640494,0.2195511346277965,0.26693108196186005,0.26693108196186005,0.2195511346277965,0.26693108196186,0.40907092396404976,0.26693108196186,0.3143110292959234,0.31431102929592314,0.26693108196186005,0.36169097662998606,0.3143110292959231,0.3616909766299861,0.26693108196186,0.26693108196186,0.2669310819618601,0.26693108196186005,0.3143110292959234,0.2195511346277965,0.3661702260170857,0.2624518325747605,0.31431102929592303,0.40907092396404976,0.26693108196186005,0.2195511346277965,0.3616909766299862,0.26693108196186005,0.26693108196186,0.26693108196186,0.3143110292959231,0.31431102929592314,0.3616909766299862,0.26693108196186,0.2195511346277965,0.26693108196186,0.3616909766299862,0.3616909766299866,0.31431102929592303,0.26693108196186,0.26693108196186,0.26693108196186,0.31431102929592314,0.3616909766299863,0.7452098046895895,0.45197162191101325,0.22403038401489597,0.40907092396404926,0.4993515692450751,0.6459706606343641,0.21898273912191915,0.0,0.0
0.4712678890996129,0.3187902786830228,0.2210728465173446,0.20749299947957675,0.2863623729781511,0.3147447443469863,0.16271534245189134,0.31604588950017537,0.26722269813645366,0.3174180840915991,0.21428292299846066,0.31604588950017554,0.21428292299846058,0.2644783089536062,0.2712682324724901,0.26180496920899343,0.21428292299846066,0.31879027868302273,0.21291072840703695,0.26722269813645366,0.3187902786830229,0.2685948927278773,0.2644783089536062,0.16134314786046758,0.2740126216553376,0.3731732978506733,0.2644783089536062,0.21565511758988445,0.26859489272787745,0.42055324518473663,0.3174180840915993,0.16676087678792778,0.2604327746175697,0.2142829229984607,0.3799632213695574,0.4803539932798477,0.42329763436758416,0.5345949135710296,0.19434686749287172,0.3187902786830229,0.21291072840703695,0.16134314786046758,0.21702731218130816,0.2644783089536062,0.21428292299846066,0.16408753704331508,0.16271534245189134,0.16134314786046758,0.26585050354502987,0.3201624732744466,0.16408753704331508,0.1654597316347388,0.11930988001562973,0.32572230107837635,0.26859489272787745,0.10977556731389833,0.21702731218130816,0.1640875370433151,0.16271534245189134,0.21839950677273187,0.16408753704331505,0.16408753704331505,0.22388828513842673,0.16813307137935155,0.21023738866242425,0.16408753704331508,0.10977556731389833,0.16950526597077525,0.21023738866242422,0.16408753704331505,0.16408753704331505,0.16408753704331505,0.31741808409159905,0.10977556731389833,0.16408753704331505,0.16271534245189137,0.10977556731389833,0.16957631540900997,0.3174180840915993,0.16271534245189134,0.21428292299846058,0.21291072840703693,0.1640875370433151,0.26722269813645355,0.21291072840703695,0.2699670873193011,0.16408753704331505,0.1654597316347388,0.16408753704331508,0.16271534245189134,0.21428292299846058,0.10977556731389833,0.2740126216553377,0.15592541893300738,0.21428292299846066,0.31879027868302295,0.1613431478604676,0.10977556731389833,0.2699670873193011,0.16271534245189131,0.16683192622616252,0.16408753704331508,0.2156551175898844,0.2156551175898844,0.2644783089536062,0.16271534245189134,0.10977556731389833,0.1654597316347388,0.26585050354502987,0.2644783089536063,0.2142829229984607,0.16271534245189134,0.1613431478604676,0.1613431478604676,0.21291072840703693,0.2672226981364536,0.6865532660278884,0.367684519484979,0.11930988001562973,0.322906862457294,0.4206242946229708,0.5780003760072906,0.19998516315669101,0.0,0.0
0.465195878384731,0.3098317799088229,0.20749299947957683,0.21211434774314575,0.24447120400978267,0.30939806485775995,0.15910352316691795,0.3125761690916703,0.25913162946438045,0.3112039745002466,0.20980367361136135,0.31257616909167096,0.2098036736113611,0.26187601864722787,0.25956534451544344,0.26007010900474115,0.20980367361136135,0.3098317799088229,0.21117586820278506,0.25913162946438045,0.3098317799088229,0.25775943487295677,0.26187601864722787,0.16047571775834166,0.2568209553325961,0.35323724234508386,0.2618760186472278,0.20843147901993755,0.25775943487295677,0.4126042753891329,0.31120397450024717,0.15953723821798094,0.2614423035961648,0.20980367361136132,0.35092656821329943,0.45507125828503353,0.4098598862062856,0.5075773183719634,0.12299274873883793,0.3098317799088229,0.21117586820278506,0.16047571775834166,0.20705928442851382,0.2618760186472278,0.20980367361136126,0.15773132857549418,0.15910352316691792,0.16047571775834166,0.26050382405580413,0.3084595853173992,0.15773132857549424,0.15635913398407048,0.1047205039992664,0.2984205081263707,0.2577594348729567,0.10977556731389833,0.20705928442851385,0.15773132857549418,0.15910352316691792,0.2056870898370901,0.15773132857549418,0.15773132857549418,0.2001983114713952,0.15816504362655723,0.20936995856029827,0.1577313285754942,0.10977556731389833,0.1567928490351335,0.20936995856029825,0.15773132857549418,0.15773132857549418,0.15773132857549418,0.3112039745002466,0.10977556731389833,0.15773132857549418,0.15910352316691792,0.10977556731389833,0.15224255020979927,0.31120397450024717,0.15910352316691792,0.20980367361136107,0.21117586820278506,0.15773132857549418,0.2591316294643804,0.21117586820278503,0.25638724028153304,0.1577313285754942,0.15635913398407048,0.15773132857549424,0.15910352316691798,0.20980367361136107,0.10977556731389833,0.2568209553325961,0.16141419729870238,0.20980367361136132,0.30983177990882355,0.16047571775834166,0.10977556731389833,0.25638724028153304,0.15910352316691792,0.1549869393926467,0.15773132857549418,0.20843147901993755,0.2084314790199376,0.2618760186472278,0.15910352316691792,0.10977556731389833,0.15635913398407048,0.26050382405580413,0.26187601864722804,0.20980367361136132,0.15910352316691795,0.16047571775834168,0.16047571775834168,0.21117586820278506,0.25913162946438045,0.6624221588881383,0.3587260207107796,0.1047205039992664,0.3057151961345518,0.408053976563798,0.5619603375396138,0.18366092693607572,0.0,0.0
0.5132765881713774,0.36617022601708527,0.28636237297815126,0.2444712040097827,0.34977494035823564,0.3479690307157487,0.215726167028119,0.36342583683423774,0.31647960455123825,0.3647980314256615,0.2654167884939669,0.36342583683423846,0.2654167884939669,0.3137352153683908,0.3346807998525747,0.29690621465847805,0.26541678849396694,0.36617022601708515,0.2640445939025432,0.3164796045512382,0.3661702260170853,0.31785179914266193,0.3137352153683908,0.21435397243669527,0.3374251890354221,0.4045206251387144,0.3137352153683908,0.2667889830853907,0.31785179914266193,0.46417927435735673,0.36479803142566203,0.2339273623294557,0.2955340200670543,0.26541678849396694,0.4254662096228985,0.5221030633717464,0.46692366354020415,0.5886226855475073,0.23320203110379914,0.3661702260170853,0.2640445939025432,0.21435397243669527,0.26816117767681447,0.3137352153683908,0.26541678849396694,0.21709836161954274,0.215726167028119,0.2143539724366953,0.31510740995981446,0.36754242060850906,0.21709836161954274,0.21847055621096645,0.18835332463787904,0.3589465874471391,0.317851799142662,0.16466335097084742,0.2681611776768144,0.21709836161954274,0.215726167028119,0.2695333722682381,0.2170983616195427,0.21709836161954274,0.27502215063393304,0.2352995569208795,0.24721559319263012,0.21709836161954274,0.16466335097084742,0.2366717515123032,0.24721559319263012,0.21709836161954274,0.2170983616195427,0.21709836161954274,0.3647980314256615,0.16466335097084742,0.21709836161954274,0.215726167028119,0.16466335097084742,0.22258713998523766,0.36479803142566214,0.215726167028119,0.26541678849396694,0.2640445939025432,0.21709836161954274,0.3164796045512382,0.2640445939025433,0.3192239937340856,0.21709836161954274,0.2184705562109665,0.21709836161954274,0.21572616702811903,0.26541678849396694,0.16466335097084742,0.3374251890354222,0.1947805825439348,0.26541678849396694,0.3661702260170859,0.21435397243669527,0.16466335097084742,0.31922399373408566,0.215726167028119,0.21984275080239016,0.21709836161954274,0.2667889830853907,0.2667889830853907,0.3137352153683908,0.215726167028119,0.16466335097084742,0.2184705562109665,0.3151074099598145,0.313735215368391,0.2654167884939669,0.215726167028119,0.2143539724366953,0.2143539724366953,0.2640445939025432,0.3164796045512382,0.7349501607622015,0.3990318467730202,0.18835332463787904,0.3702868097913565,0.45009466283029037,0.6159955279377466,0.2135650101944589,0.0,0.0
0.5492132765282597,0.40459167457694994,0.3147447443469861,0.3093980648577607,0.34796903071574875,0.3991739456494897,0.2651251723193733,0.40733606375979736,0.3576454422939497,0.40596386916837374,0.31207140460237337,0.4073360637597978,0.3120714046023737,0.3603898314767972,0.36306317122140985,0.35359990795791324,0.3120714046023733,0.40459167457694994,0.31344359919379716,0.35764544229394973,0.4045916745769501,0.3562732477025259,0.36038983147679726,0.26649736691079706,0.3603187820385623,0.43925920497537074,0.36038983147679726,0.31069921001094963,0.35627324770252605,0.4998563337343736,0.4059638691683742,0.2705429012468335,0.35497210254933703,0.3120714046023734,0.4419325447199837,0.5385693984688309,0.49711194455152635,0.5923055542707151,0.22403038401489608,0.40459167457694994,0.31344359919379716,0.26649736691079706,0.30932701541952595,0.36038983147679726,0.31207140460237337,0.2637529777279496,0.2651251723193733,0.2664973669107971,0.35901763688537336,0.40321947998552626,0.26375297772794964,0.26238078313652585,0.21948008518956177,0.3881963889181004,0.35627324770252605,0.2195511346277965,0.30932701541952595,0.2637529777279496,0.2651251723193733,0.3079548208281023,0.2637529777279496,0.2637529777279496,0.3024660424624075,0.2691707066554098,0.3066536756749133,0.2637529777279496,0.2195511346277965,0.267798512063986,0.30665367567491325,0.26375297772794964,0.2637529777279496,0.26375297772794964,0.40596386916837374,0.2195511346277965,0.26375297772794964,0.2651251723193733,0.2195511346277965,0.2582641993622547,0.40596386916837407,0.2651251723193733,0.3120714046023737,0.31344359919379716,0.2637529777279496,0.3576454422939496,0.31344359919379716,0.35490105311110215,0.2637529777279496,0.26238078313652585,0.26375297772794964,0.2651251723193733,0.3120714046023737,0.2195511346277965,0.36031878203856244,0.26245183257476057,0.31207140460237337,0.40459167457695033,0.26649736691079706,0.2195511346277965,0.3549010531111022,0.2651251723193733,0.26100858854510217,0.2637529777279496,0.31069921001094963,0.31069921001094974,0.36038983147679726,0.2651251723193733,0.2195511346277965,0.2623807831365259,0.35901763688537347,0.3603898314767976,0.31207140460237337,0.2651251723193733,0.26649736691079706,0.26649736691079706,0.31344359919379716,0.35764544229394973,0.735888640302562,0.4447479833410663,0.21948008518956177,0.4004750908026788,0.4903220210326416,0.6379506414005257,0.21082062101161142,0.0,0.0
0.4262231846704076,0.26693108196185966,0.1627153424518914,0.1591035231669179,0.2157261670281192,0.26512517231937294,0.1078986082331769,0.26693108196185966,0.21392025738563247,0.26693108196185966,0.16090943280940465,0.26693108196185983,0.16090943280940465,0.21392025738563247,0.2157261670281192,0.21211434774314575,0.16090943280940465,0.26693108196185966,0.16090943280940462,0.21392025738563247,0.26693108196185966,0.21392025738563247,0.21392025738563247,0.1078986082331769,0.21572616702811925,0.31813599689560046,0.21392025738563247,0.16090943280940465,0.21392025738563247,0.37295273111431493,0.26693108196185983,0.10970451787566361,0.21211434774314575,0.16090943280940465,0.31994190653808724,0.42596355569054195,0.37295273111431504,0.48078028990925636,0.10609269859069015,0.26693108196185966,0.16090943280940465,0.1078986082331769,0.16090943280940465,0.21392025738563247,0.16090943280940465,0.1078986082331769,0.1078986082331769,0.1078986082331769,0.21392025738563247,0.26693108196185966,0.10789860823317687,0.1078986082331769,0.056693693299435875,0.26512517231937316,0.21392025738563247,0.05488778365694914,0.16090943280940465,0.10789860823317687,0.10789860823317687,0.16090943280940465,0.1078986082331769,0.1078986082331769,0.1609094328094047,0.10970451787566361,0.15910352316691792,0.1078986082331769,0.05488778365694914,0.10970451787566363,0.1591035231669179,0.1078986082331769,0.1078986082331769,0.1078986082331769,0.26693108196185966,0.05488778365694914,0.1078986082331769,0.10789860823317687,0.05488778365694914,0.1078986082331769,0.26693108196185983,0.1078986082331769,0.16090943280940462,0.16090943280940465,0.10789860823317687,0.21392025738563247,0.16090943280940462,0.21392025738563247,0.1078986082331769,0.1078986082331769,0.10789860823317687,0.10789860823317687,0.16090943280940456,0.05488778365694914,0.21572616702811925,0.10609269859069016,0.16090943280940465,0.2669310819618599,0.1078986082331769,0.05488778365694914,0.21392025738563247,0.1078986082331769,0.10789860823317687,0.1078986082331769,0.16090943280940465,0.16090943280940465,0.21392025738563247,0.1078986082331769,0.05488778365694914,0.1078986082331769,0.21392025738563247,0.2139202573856323,0.1609094328094047,0.1078986082331769,0.10789860823317687,0.10789860823317687,0.16090943280940465,0.21392025738563247,0.6398127636379376,0.3181359968956009,0.056693693299435875,0.26693108196185966,0.3711468214718278,0.5319852048429965,0.17824319800861546,0.0,0.0
0.5522492818857002,0.4090709239640484,0.31604588950017504,0.31257616909167096,0.36342583683423757,0.40733606375979636,0.26693108196185966,0.4090709239640484,0.3616909766299856,0.4090709239640485,0.31431102929592303,0.4090709239640494,0.3143110292959236,0.3616909766299856,0.3634258368342377,0.3599561164257336,0.3143110292959229,0.4090709239640483,0.31431102929592303,0.3616909766299856,0.4090709239640485,0.3616909766299856,0.3616909766299856,0.2669310819618597,0.36342583683423757,0.45471601109385923,0.3616909766299856,0.31431102929592303,0.3616909766299856,0.5038308186321749,0.40907092396404937,0.2686659421661117,0.35995611642573366,0.31431102929592303,0.4564508712981114,0.5512107659662376,0.5038308186321749,0.6003255735045526,0.2651962217576077,0.4090709239640485,0.31431102929592303,0.2669310819618597,0.31431102929592303,0.3616909766299856,0.31431102929592303,0.26693108196185966,0.26693108196185966,0.2669310819618597,0.3616909766299856,0.4090709239640485,0.2669310819618597,0.2669310819618597,0.2212859948320485,0.40733606375979736,0.3616909766299856,0.2195511346277965,0.31431102929592303,0.26693108196185983,0.2669310819618597,0.31431102929592303,0.2669310819618597,0.26693108196185966,0.31431102929592303,0.2686659421661118,0.31257616909167096,0.2669310819618597,0.2195511346277965,0.2686659421661117,0.31257616909167096,0.26693108196185983,0.2669310819618597,0.26693108196185983,0.4090709239640485,0.2195511346277965,0.2669310819618597,0.26693108196185983,0.2195511346277965,0.26693108196185983,0.40907092396404926,0.2669310819618597,0.31431102929592347,0.31431102929592303,0.26693108196185983,0.3616909766299856,0.31431102929592303,0.3616909766299856,0.26693108196185966,0.26693108196185966,0.26693108196185983,0.2669310819618597,0.31431102929592347,0.2195511346277965,0.36342583683423757,0.26519622175760776,0.31431102929592303,0.4090709239640494,0.2669310819618597,0.2195511346277965,0.3616909766299856,0.2669310819618597,0.2669310819618597,0.26693108196185983,0.31431102929592303,0.31431102929592303,0.3616909766299856,0.2669310819618597,0.2195511346277965,0.2669310819618597,0.3616909766299856,0.3616909766299865,0.31431102929592303,0.26693108196185966,0.26693108196185966,0.26693108196185966,0.31431102929592303,0.3616909766299856,0.7424654155067414,0.45471601109386045,0.2212859948320485,0.4090709239640483,0.5020959584279224,0.6459706606343635,0.2189827391219191,0.0,0.0
0.5102405828139357,0.3616909766299859,0.2672226981364537,0.25913162946438073,0.31647960455123836,0.35764544229394946,0.2139202573856323,0.3616909766299859,0.3124340702152019,0.3616909766299859,0.26317716380041717,0.3616909766299865,0.2631771638004173,0.31243407021520186,0.31647960455123825,0.3083885358791654,0.26317716380041717,0.36169097662998595,0.2631771638004172,0.31243407021520186,0.36169097662998595,0.31243407021520186,0.31243407021520186,0.2139202573856323,0.31647960455123825,0.4069023487087334,0.3124340702152019,0.26317716380041717,0.31243407021520186,0.46020478945955484,0.3616909766299865,0.2179657917216688,0.30838853587916554,0.26317716380041717,0.4109478830447699,0.5094616958743386,0.46020478945955495,0.5627641366251602,0.20987472304959587,0.36169097662998595,0.2631771638004172,0.2139202573856323,0.2631771638004172,0.3124340702152019,0.2631771638004172,0.21392025738563236,0.2139202573856323,0.2139202573856323,0.312434070215202,0.36169097662998595,0.21392025738563236,0.21392025738563236,0.16870888530688388,0.35764544229395,0.31243407021520186,0.16466335097084742,0.2631771638004172,0.21392025738563236,0.21392025738563236,0.2631771638004172,0.2139202573856323,0.2139202573856323,0.26317716380041717,0.21796579172166883,0.25913162946438073,0.21392025738563236,0.16466335097084742,0.2179657917216688,0.25913162946438073,0.21392025738563236,0.21392025738563236,0.21392025738563236,0.3616909766299859,0.16466335097084742,0.2139202573856323,0.21392025738563236,0.16466335097084742,0.21392025738563236,0.36169097662998645,0.2139202573856323,0.26317716380041734,0.2631771638004172,0.21392025738563236,0.31243407021520186,0.2631771638004172,0.31243407021520186,0.2139202573856323,0.21392025738563236,0.2139202573856324,0.21392025738563236,0.26317716380041734,0.16466335097084742,0.31647960455123825,0.20987472304959587,0.2631771638004172,0.3616909766299865,0.2139202573856323,0.16466335097084742,0.31243407021520186,0.2139202573856323,0.2139202573856323,0.21392025738563236,0.2631771638004172,0.2631771638004172,0.3124340702152019,0.2139202573856323,0.16466335097084742,0.21392025738563236,0.3124340702152019,0.31243407021520203,0.2631771638004171,0.2139202573856323,0.2139202573856323,0.2139202573856323,0.2631771638004172,0.31243407021520186,0.7105348558695128,0.4069023487087342,0.16870888530688388,0.36169097662998606,0.4561592551235176,0.6079755087039077,0.20540289208415122,0.0,0.0
0.5522492818857009,0.40907092396404915,0.3174180840915987,0.31120397450024734,0.36479803142566164,0.4059638691683733,0.2669310819618599,0.40907092396404904,0.36169097662998595,0.40907092396404915,0.31431102929592303,0.40907092396404976,0.3143110292959234,0.36169097662998606,0.36479803142566164,0.35858392183431026,0.31431102929592303,0.40907092396404904,0.3143110292959231,0.36169097662998606,0.4090709239640492,0.3616909766299859,0.36169097662998606,0.26693108196185994,0.36479803142566164,0.45334381650243605,0.36169097662998606,0.31431102929592303,0.36169097662998595,0.5038308186321754,0.40907092396404976,0.27003813675753563,0.35858392183431026,0.31431102929592303,0.45645087129811196,0.5512107659662382,0.5038308186321755,0.6016977680959772,0.26382402716618414,0.40907092396404915,0.3143110292959231,0.26693108196185994,0.31431102929592303,0.36169097662998606,0.31431102929592303,0.26693108196185994,0.2669310819618599,0.26693108196186,0.3616909766299859,0.4090709239640492,0.26693108196186,0.2669310819618599,0.2226581894234722,0.405963869168374,0.36169097662998606,0.2195511346277965,0.31431102929592303,0.26693108196185994,0.26693108196185994,0.3143110292959231,0.26693108196185994,0.2669310819618599,0.31431102929592303,0.2700381367575357,0.31120397450024734,0.26693108196185994,0.2195511346277965,0.2700381367575357,0.3112039745002473,0.26693108196186,0.26693108196185994,0.26693108196186,0.4090709239640492,0.2195511346277965,0.26693108196186,0.26693108196186,0.2195511346277965,0.2669310819618599,0.40907092396404976,0.2669310819618599,0.3143110292959234,0.3143110292959231,0.26693108196185994,0.3616909766299859,0.31431102929592303,0.3616909766299859,0.2669310819618599,0.2669310819618599,0.26693108196186,0.26693108196185994,0.31431102929592336,0.2195511346277965,0.36479803142566175,0.2638240271661842,0.31431102929592303,0.40907092396404976,0.26693108196185994,0.2195511346277965,0.36169097662998595,0.26693108196185994,0.26693108196185994,0.2669310819618599,0.31431102929592303,0.3143110292959231,0.36169097662998606,0.2669310819618599,0.2195511346277965,0.26693108196185994,0.3616909766299859,0.3616909766299865,0.31431102929592303,0.2669310819618599,0.26693108196185994,0.26693108196185994,0.3143110292959231,0.36169097662998606,0.7438376100981653,0.45334381650243694,0.2226581894234722,0.40907092396404904,0.5007237638364992,0.6459706606343641,0.2189827391219191,0.0,0.0
0.46823188374217234,0.3143110292959232,0.21428292299846058,0.2098036736113611,0.26541678849396705,0.31207140460237354,0.16090943280940456,0.3143110292959232,0.2631771638004173,0.31431102929592325,0.2120432983049109,0.3143110292959233,0.2120432983049109,0.26317716380041734,0.26541678849396705,0.2609375391068676,0.2120432983049109,0.31431102929592325,0.2120432983049108,0.26317716380041734,0.3143110292959233,0.2631771638004173,0.26317716380041734,0.16090943280940456,0.2654167884939671,0.3632052700978789,0.26317716380041734,0.21204329830491087,0.26317716380041734,0.41657876028693497,0.31431102929592336,0.1631490575029543,0.26093753910686757,0.21204329830491087,0.3654448947914288,0.46771262578244094,0.4165787602869351,0.521086115971497,0.15866980811585485,0.31431102929592325,0.2120432983049108,0.16090943280940456,0.21204329830491087,0.26317716380041734,0.21204329830491087,0.16090943280940456,0.16090943280940456,0.16090943280940456,0.2631771638004173,0.31431102929592325,0.16090943280940456,0.16090943280940453,0.11201519200744808,0.3120714046023736,0.26317716380041734,0.10977556731389833,0.21204329830491087,0.16090943280940456,0.16090943280940456,0.21204329830491087,0.16090943280940456,0.16090943280940456,0.21204329830491087,0.1631490575029543,0.20980367361136115,0.16090943280940456,0.10977556731389833,0.1631490575029543,0.20980367361136115,0.16090943280940456,0.16090943280940456,0.16090943280940456,0.31431102929592325,0.10977556731389833,0.16090943280940456,0.16090943280940462,0.10977556731389833,0.16090943280940456,0.31431102929592325,0.16090943280940456,0.2120432983049109,0.2120432983049108,0.16090943280940456,0.2631771638004173,0.2120432983049108,0.2631771638004173,0.16090943280940456,0.16090943280940453,0.16090943280940456,0.16090943280940456,0.2120432983049109,0.10977556731389833,0.26541678849396705,0.15866980811585482,0.21204329830491087,0.31431102929592336,0.16090943280940456,0.10977556731389833,0.26317716380041734,0.16090943280940456,0.16090943280940462,0.16090943280940456,0.2120432983049109,0.21204329830491087,0.26317716380041734,0.16090943280940456,0.10977556731389833,0.16090943280940456,0.26317716380041734,0.26317716380041717,0.21204329830491087,0.16090943280940456,0.16090943280940456,0.16090943280940456,0.2120432983049108,0.26317716380041734,0.6744877124580136,0.3632052700978794,0.11201519200744808,0.3143110292959233,0.4143391355933848,0.5699803567734528,0.1918230450463833,0.0,0.0
0.5522492818857004,0.40907092396404887,0.3160458895001751,0.31257616909167113,0.36342583683423774,0.40733606375979686,0.2669310819618599,0.4090709239640488,0.3616909766299858,0.40907092396404887,0.31431102929592303,0.40907092396404976,0.3143110292959236,0.3616909766299858,0.36342583683423774,0.3599561164257338,0.31431102929592303,0.40907092396404887,0.3143110292959231,0.3616909766299858,0.409070923964049,0.3616909766299858,0.3616909766299858,0.26693108196185994,0.36342583683423774,0.45471601109385973,0.3616909766299859,0.3143110292959231,0.3616909766299858,0.5038308186321752,0.4090709239640497,0.26866594216611195,0.3599561164257338,0.31431102929592303,0.4564508712981119,0.5512107659662376,0.5038308186321753,0.6003255735045531,0.26519622175760793,0.40907092396404887,0.3143110292959231,0.26693108196185994,0.31431102929592303,0.3616909766299859,0.31431102929592303,0.26693108196185994,0.2669310819618599,0.26693108196186,0.3616909766299858,0.40907092396404887,0.26693108196186,0.26693108196185994,0.2212859948320485,0.40733606375979764,0.3616909766299858,0.2195511346277965,0.31431102929592303,0.26693108196186,0.26693108196186,0.3143110292959231,0.26693108196185994,0.2669310819618599,0.3143110292959231,0.268665942166112,0.31257616909167113,0.26693108196185994,0.2195511346277965,0.268665942166112,0.312576169091671,0.26693108196186,0.26693108196186,0.26693108196186,0.40907092396404887,0.2195511346277965,0.26693108196186,0.26693108196186,0.2195511346277965,0.26693108196185994,0.4090709239640496,0.2669310819618599,0.3143110292959236,0.3143110292959231,0.26693108196186,0.3616909766299858,0.3143110292959231,0.3616909766299858,0.2669310819618599,0.26693108196185994,0.26693108196186,0.26693108196185994,0.3143110292959236,0.2195511346277965,0.36342583683423774,0.26519622175760793,0.31431102929592303,0.4090709239640497,0.26693108196185994,0.2195511346277965,0.3616909766299858,0.26693108196185994,0.26693108196185994,0.26693108196185994,0.31431102929592303,0.3143110292959231,0.3616909766299859,0.2669310819618599,0.2195511346277965,0.26693108196185994,0.3616909766299858,0.3616909766299866,0.31431102929592303,0.2669310819618599,0.26693108196185994,0.26693108196185994,0.3143110292959231,0.3616909766299858,0.742465415506741,0.4547160110938607,0.2212859948320485,0.40907092396404887,0.5020959584279224,0.6459706606343635,0.2189827391219191,0.0,0.0
0.4682318837421724,0.31431102929592275,0.21428292299846058,0.20980367361136107,0.2654167884939663,0.3120714046023731,0.16090943280940456,0.31431102929592275,0.26317716380041667,0.31431102929592275,0.2120432983049108,0.31431102929592314,0.2120432983049108,0.26317716380041667,0.2654167884939663,0.2609375391068669,0.2120432983049108,0.31431102929592275,0.2120432983049108,0.26317716380041667,0.31431102929592286,0.26317716380041667,0.26317716380041667,0.16090943280940456,0.2654167884939663,0.3632052700978791,0.2631771638004166,0.21204329830491087,0.26317716380041667,0.4165787602869354,0.3143110292959231,0.1631490575029543,0.2609375391068669,0.21204329830491087,0.36544489479142894,0.4677126257824412,0.41657876028693547,0.5210861159714966,0.15866980811585485,0.31431102929592275,0.2120432983049108,0.16090943280940456,0.2120432983049108,0.2631771638004166,0.2120432983049108,0.16090943280940456,0.16090943280940456,0.16090943280940456,0.2631771638004166,0.31431102929592275,0.16090943280940456,0.16090943280940456,0.11201519200744806,0.3120714046023734,0.26317716380041667,0.10977556731389833,0.2120432983049108,0.16090943280940456,0.16090943280940456,0.2120432983049108,0.16090943280940456,0.16090943280940456,0.21204329830491087,0.1631490575029543,0.20980367361136115,0.16090943280940456,0.10977556731389833,0.1631490575029543,0.2098036736113611,0.16090943280940456,0.16090943280940456,0.16090943280940456,0.31431102929592286,0.10977556731389833,0.16090943280940456,0.16090943280940456,0.10977556731389833,0.16090943280940456,0.3143110292959231,0.16090943280940456,0.2120432983049108,0.2120432983049108,0.16090943280940456,0.2631771638004166,0.2120432983049108,0.26317716380041656,0.16090943280940456,0.16090943280940456,0.16090943280940456,0.16090943280940456,0.2120432983049108,0.10977556731389833,0.2654167884939663,0.15866980811585482,0.21204329830491087,0.31431102929592314,0.16090943280940456,0.10977556731389833,0.26317716380041667,0.16090943280940456,0.16090943280940456,0.16090943280940456,0.21204329830491087,0.2120432983049108,0.2631771638004166,0.16090943280940456,0.10977556731389833,0.16090943280940456,0.2631771638004166,0.2631771638004169,0.21204329830491087,0.16090943280940456,0.16090943280940456,0.16090943280940456,0.2120432983049108,0.26317716380041667,0.6744877124580139,0.3632052700978796,0.11201519200744806,0.31431102929592275,0.41433913559338525,0.5699803567734523,0.1918230450463833,0.0,0.0
0.5102405828139356,0.3616909766299857,0.2644783089536057,0.26187601864722765,0.31373521536839016,0.3603898314767967,0.2139202573856323,0.3616909766299856,0.3124340702152011,0.3616909766299857,0.26317716380041667,0.36169097662998634,0.2631771638004172,0.3124340702152011,0.31373521536839005,0.31113292506201207,0.26317716380041667,0.3616909766299856,0.2631771638004166,0.31243407021520114,0.3616909766299857,0.3124340702152011,0.31243407021520114,0.2139202573856323,0.31373521536839005,0.40964673789158074,0.31243407021520114,0.26317716380041667,0.31243407021520114,0.46020478945955484,0.36169097662998645,0.21522140253882135,0.31113292506201207,0.2631771638004167,0.41094788304476987,0.5094616958743386,0.46020478945955484,0.5600197474423124,0.2126191122324433,0.3616909766299856,0.2631771638004166,0.2139202573856323,0.26317716380041667,0.31243407021520114,0.26317716380041667,0.21392025738563236,0.2139202573856323,0.2139202573856323,0.3124340702152011,0.3616909766299857,0.21392025738563236,0.21392025738563236,0.1659644961240364,0.3603898314767974,0.31243407021520114,0.16466335097084742,0.26317716380041667,0.21392025738563236,0.21392025738563236,0.26317716380041667,0.2139202573856323,0.2139202573856323,0.2631771638004167,0.21522140253882135,0.2618760186472277,0.21392025738563236,0.16466335097084742,0.21522140253882135,0.2618760186472277,0.21392025738563236,0.21392025738563236,0.21392025738563236,0.3616909766299857,0.16466335097084742,0.2139202573856323,0.2139202573856323,0.16466335097084742,0.21392025738563236,0.36169097662998645,0.2139202573856323,0.2631771638004172,0.26317716380041667,0.21392025738563236,0.3124340702152011,0.2631771638004166,0.31243407021520114,0.2139202573856323,0.21392025738563236,0.21392025738563236,0.21392025738563236,0.2631771638004172,0.16466335097084742,0.31373521536839016,0.2126191122324433,0.26317716380041667,0.36169097662998634,0.2139202573856323,0.16466335097084742,0.3124340702152011,0.2139202573856323,0.2139202573856323,0.21392025738563236,0.26317716380041667,0.26317716380041667,0.31243407021520114,0.2139202573856323,0.16466335097084742,0.21392025738563236,0.3124340702152011,0.31243407021520186,0.2631771638004167,0.2139202573856323,0.2139202573856323,0.2139202573856323,0.26317716380041667,0.31243407021520114,0.7077904666866648,0.4096467378915817,0.1659644961240364,0.3616909766299856,0.4589036443063649,0.6079755087039073,0.20540289208415125,0.0,0.0
0.5132765881713774,0.36617022601708527,0.27126823247248993,0.25956534451544355,0.3346807998525751,0.3630631712214096,0.215726167028119,0.36342583683423785,0.3164796045512383,0.3647980314256616,0.26541678849396666,0.36342583683423846,0.2654167884939667,0.31373521536839083,0.319586659346914,0.3120003551641388,0.2654167884939667,0.3661702260170853,0.2640445939025431,0.31647960455123825,0.3661702260170854,0.317851799142662,0.31373521536839083,0.21435397243669527,0.32233104852976135,0.41961476564437555,0.31373521536839094,0.2667889830853904,0.317851799142662,0.4641792743573572,0.3647980314256622,0.21883322182379472,0.3106281605727151,0.26541678849396677,0.425466209622899,0.5221030633717466,0.4669236635402048,0.5735285450418464,0.24829617160946024,0.3661702260170853,0.264044593902543,0.21435397243669527,0.2681611776768142,0.31373521536839094,0.26541678849396666,0.2170983616195427,0.215726167028119,0.2143539724366953,0.31510740995981457,0.36754242060850906,0.2170983616195428,0.21847055621096645,0.17325918413221808,0.3740407279527999,0.31785179914266204,0.16466335097084742,0.26816117767681424,0.21709836161954274,0.215726167028119,0.269533372268238,0.2170983616195427,0.21709836161954274,0.27502215063393276,0.2202054164152185,0.26230973369829097,0.21709836161954274,0.16466335097084742,0.22157761100664222,0.26230973369829097,0.21709836161954274,0.2170983616195427,0.21709836161954274,0.3647980314256616,0.16466335097084742,0.21709836161954274,0.215726167028119,0.16466335097084742,0.22258713998523766,0.36479803142566203,0.215726167028119,0.26541678849396677,0.2640445939025431,0.21709836161954274,0.3164796045512382,0.2640445939025431,0.31922399373408566,0.21709836161954274,0.21847055621096645,0.21709836161954274,0.21572616702811903,0.2654167884939668,0.16466335097084742,0.3223310485297614,0.20987472304959578,0.2654167884939667,0.366170226017086,0.21435397243669527,0.16466335097084742,0.3192239937340857,0.215726167028119,0.21984275080239016,0.21709836161954274,0.26678898308539056,0.26678898308539045,0.31373521536839094,0.215726167028119,0.16466335097084742,0.2184705562109665,0.31510740995981457,0.31373521536839094,0.2654167884939666,0.215726167028119,0.2143539724366953,0.2143539724366953,0.2640445939025431,0.31647960455123825,0.7198560202565404,0.41412598727868144,0.17325918413221808,0.3702868097913565,0.4651888033359521,0.6159955279377465,0.21356501019445887,0.0,0.0
0.5072045774564947,0.35721172724288547,0.261804969208993,0.2600701090047409,0.29690621465847694,0.35359990795791196,0.21211434774314558,0.35995611642573294,0.3083885358791643,0.3585839218343092,0.260937539106867,0.359956116425734,0.2609375391068675,0.31113292506201173,0.31200035516413777,0.3061489111856146,0.260937539106867,0.35721172724288547,0.26230973369829064,0.3083885358791643,0.35721172724288547,0.30701634128774064,0.31113292506201173,0.21348654233456932,0.30925596598129035,0.39556212636451477,0.3111329250620117,0.2595653445154433,0.3070163412877406,0.456230304561753,0.35858392183431026,0.2157261670281191,0.3075211057770383,0.260937539106867,0.3964295564666408,0.49682032837693163,0.45348591537890565,0.5506275336170506,0.17282546908115523,0.35721172724288547,0.26230973369829064,0.21348654233456932,0.2581931499240196,0.3111329250620117,0.260937539106867,0.21074215315172187,0.21211434774314558,0.21348654233456932,0.309760730470588,0.35583953265146173,0.21074215315172187,0.2093699585602981,0.16278639189012595,0.3426223512265233,0.3070163412877406,0.16466335097084742,0.2581931499240196,0.21074215315172187,0.21211434774314558,0.25682095533259586,0.21074215315172182,0.21074215315172187,0.251332176966901,0.21435397243669532,0.25732571982189356,0.21074215315172187,0.16466335097084742,0.2129817778452716,0.25732571982189356,0.21074215315172187,0.21074215315172182,0.21074215315172187,0.3585839218343092,0.16466335097084742,0.21074215315172187,0.21211434774314558,0.16466335097084742,0.20525337478602695,0.35858392183431026,0.21211434774314558,0.2609375391068675,0.26230973369829064,0.21074215315172187,0.3083885358791643,0.26230973369829064,0.3056441466963169,0.21074215315172187,0.2093699585602981,0.21074215315172187,0.2121143477431456,0.2609375391068675,0.16466335097084742,0.3092559659812903,0.2112469176410196,0.260937539106867,0.3572117272428865,0.21348654233456932,0.16466335097084742,0.30564414669631684,0.21211434774314558,0.20799776396887443,0.21074215315172187,0.2595653445154433,0.2595653445154433,0.3111329250620117,0.21211434774314558,0.16466335097084742,0.20936995856029816,0.309760730470588,0.3111329250620126,0.260937539106867,0.21211434774314558,0.21348654233456932,0.21348654233456932,0.26230973369829064,0.3083885358791643,0.6998414968910612,0.40105090473021077,0.16278639189012595,0.3530951434686143,0.44850190150250735,0.5999554894700692,0.1972407739738436,0.0,0.0
0.4682318837421718,0.31431102929592214,0.21428292299846066,0.20980367361136115,0.2654167884939663,0.3120714046023724,0.16090943280940465,0.31431102929592214,0.26317716380041667,0.31431102929592214,0.2120432983049109,0.31431102929592286,0.2120432983049109,0.26317716380041667,0.2654167884939663,0.26093753910686696,0.2120432983049109,0.3143110292959221,0.2120432983049109,0.26317716380041667,0.31431102929592214,0.2631771638004167,0.26317716380041667,0.16090943280940462,0.26541678849396644,0.3632052700978785,0.2631771638004166,0.2120432983049109,0.26317716380041667,0.4165787602869348,0.31431102929592275,0.16314905750295433,0.26093753910686696,0.2120432983049109,0.3654448947914283,0.46771262578244055,0.4165787602869349,0.5210861159714965,0.1586698081158549,0.31431102929592214,0.2120432983049109,0.16090943280940462,0.2120432983049109,0.2631771638004166,0.2120432983049109,0.16090943280940462,0.16090943280940465,0.16090943280940462,0.26317716380041667,0.3143110292959221,0.16090943280940465,0.16090943280940462,0.11201519200744806,0.3120714046023731,0.26317716380041667,0.10977556731389833,0.2120432983049109,0.16090943280940465,0.16090943280940462,0.2120432983049109,0.16090943280940462,0.16090943280940465,0.2120432983049109,0.16314905750295436,0.20980367361136124,0.16090943280940465,0.10977556731389833,0.16314905750295433,0.20980367361136115,0.16090943280940462,0.16090943280940462,0.16090943280940462,0.31431102929592214,0.10977556731389833,0.16090943280940462,0.16090943280940462,0.10977556731389833,0.16090943280940462,0.31431102929592286,0.16090943280940465,0.2120432983049109,0.2120432983049109,0.16090943280940465,0.26317716380041667,0.2120432983049109,0.26317716380041667,0.16090943280940465,0.16090943280940462,0.16090943280940465,0.16090943280940465,0.2120432983049109,0.10977556731389833,0.2654167884939663,0.15866980811585488,0.2120432983049109,0.31431102929592275,0.16090943280940462,0.10977556731389833,0.26317716380041667,0.16090943280940465,0.16090943280940462,0.16090943280940462,0.2120432983049109,0.2120432983049109,0.2631771638004166,0.16090943280940465,0.10977556731389833,0.16090943280940465,0.26317716380041667,0.263177163800417,0.2120432983049109,0.16090943280940465,0.16090943280940465,0.16090943280940465,0.2120432983049109,0.26317716380041667,0.674487712458013,0.36320527009787923,0.11201519200744806,0.31431102929592214,0.4143391355933845,0.5699803567734522,0.1918230450463834,0.0,0.0
0.5522492818857001,0.40907092396404826,0.31879027868302245,0.3098317799088237,0.36617022601708515,0.40459167457694883,0.26693108196186005,0.40907092396404826,0.3616909766299856,0.4090709239640483,0.31431102929592303,0.40907092396404926,0.31431102929592347,0.3616909766299856,0.3661702260170851,0.35721172724288625,0.31431102929592303,0.40907092396404826,0.3143110292959231,0.3616909766299856,0.4090709239640483,0.3616909766299856,0.3616909766299856,0.26693108196186005,0.366170226017085,0.4519716219110113,0.3616909766299857,0.3143110292959231,0.3616909766299856,0.5038308186321748,0.40907092396404926,0.27141033134895953,0.35721172724288625,0.3143110292959231,0.4564508712981109,0.5512107659662374,0.5038308186321749,0.6030699626874003,0.2624518325747605,0.4090709239640483,0.3143110292959231,0.26693108196186005,0.31431102929592303,0.3616909766299857,0.3143110292959231,0.26693108196186,0.26693108196186005,0.26693108196186005,0.3616909766299856,0.4090709239640483,0.2669310819618601,0.26693108196186,0.22403038401489597,0.4045916745769498,0.3616909766299856,0.2195511346277965,0.3143110292959231,0.2669310819618601,0.26693108196186005,0.3143110292959231,0.26693108196186005,0.26693108196186,0.31431102929592314,0.27141033134895953,0.3098317799088237,0.26693108196186005,0.2195511346277965,0.27141033134895953,0.3098317799088237,0.2669310819618601,0.2669310819618601,0.2669310819618601,0.40907092396404826,0.2195511346277965,0.26693108196186005,0.2669310819618601,0.2195511346277965,0.26693108196186,0.40907092396404926,0.26693108196186005,0.31431102929592347,0.3143110292959231,0.2669310819618601,0.3616909766299856,0.3143110292959231,0.3616909766299856,0.26693108196186,0.26693108196186,0.2669310819618601,0.26693108196186005,0.31431102929592347,0.2195511346277965,0.366170226017085,0.26245183257476057,0.31431102929592303,0.40907092396404926,0.26693108196186005,0.2195511346277965,0.3616909766299856,0.2669310819618601,0.26693108196186,0.26693108196186,0.31431102929592303,0.3143110292959231,0.3616909766299857,0.26693108196186005,0.2195511346277965,0.26693108196186005,0.3616909766299856,0.3616909766299865,0.31431102929592303,0.26693108196186005,0.26693108196186005,0.26693108196186005,0.3143110292959231,0.3616909766299856,0.7452098046895886,0.45197162191101253,0.22403038401489597,0.4090709239640483,0.4993515692450742,0.6459706606343635,0.21898273912191915,0.0,0.0
0.46823188374217156,0.31431102929592214,0.21291072840703698,0.21117586820278497,0.26404459390254276,0.31344359919379616,0.16090943280940465,0.31431102929592214,0.2631771638004168,0.31431102929592214,0.21204329830491098,0.3143110292959229,0.2120432983049109,0.2631771638004168,0.2640445939025427,0.26230973369829075,0.21204329830491098,0.31431102929592214,0.21204329830491098,0.2631771638004168,0.31431102929592214,0.2631771638004168,0.2631771638004167,0.16090943280940465,0.26404459390254276,0.3645774646893017,0.2631771638004168,0.21204329830491098,0.2631771638004168,0.4165787602869344,0.3143110292959229,0.16177686291153065,0.26230973369829075,0.21204329830491103,0.36544489479142767,0.4677126257824403,0.4165787602869344,0.5197139213800726,0.16004200270727867,0.31431102929592214,0.21204329830491098,0.16090943280940465,0.21204329830491098,0.2631771638004167,0.21204329830491098,0.16090943280940465,0.16090943280940465,0.16090943280940465,0.2631771638004168,0.31431102929592214,0.1609094328094047,0.16090943280940465,0.11064299741602433,0.31344359919379694,0.2631771638004167,0.10977556731389833,0.21204329830491103,0.16090943280940465,0.16090943280940465,0.21204329830491098,0.16090943280940465,0.16090943280940465,0.21204329830491103,0.16177686291153065,0.21117586820278497,0.1609094328094047,0.10977556731389833,0.16177686291153065,0.21117586820278497,0.16090943280940465,0.16090943280940465,0.16090943280940465,0.31431102929592214,0.10977556731389833,0.16090943280940465,0.16090943280940465,0.10977556731389833,0.16090943280940465,0.3143110292959229,0.16090943280940465,0.2120432983049109,0.21204329830491103,0.16090943280940465,0.2631771638004168,0.21204329830491098,0.2631771638004167,0.16090943280940465,0.16090943280940465,0.1609094328094047,0.1609094328094047,0.2120432983049109,0.10977556731389833,0.26404459390254276,0.1600420027072786,0.21204329830491103,0.3143110292959229,0.16090943280940465,0.10977556731389833,0.2631771638004168,0.16090943280940465,0.16090943280940465,0.16090943280940465,0.21204329830491103,0.21204329830491098,0.2631771638004167,0.16090943280940465,0.10977556731389833,0.16090943280940465,0.2631771638004167,0.2631771638004171,0.21204329830491103,0.16090943280940465,0.16090943280940465,0.16090943280940465,0.21204329830491103,0.2631771638004168,0.673115517866589,0.3645774646893026,0.11064299741602433,0.31431102929592214,0.4157113301848075,0.5699803567734518,0.1918230450463834,0.0,0.0
0.5102405828139356,0.3616909766299849,0.2672226981364531,0.2591316294643803,0.316479604551237,0.3576454422939484,0.2139202573856323,0.3616909766299849,0.3124340702152007,0.3616909766299849,0.26317716380041667,0.36169097662998595,0.2631771638004172,0.3124340702152007,0.3164796045512371,0.30838853587916426,0.26317716380041667,0.36169097662998484,0.26317716380041667,0.31243407021520064,0.3616909766299849,0.31243407021520075,0.31243407021520064,0.2139202573856323,0.3164796045512371,0.4069023487087328,0.31243407021520064,0.26317716380041667,0.31243407021520075,0.4602047894595547,0.36169097662998595,0.2179657917216688,0.30838853587916426,0.2631771638004167,0.41094788304476937,0.5094616958743388,0.4602047894595547,0.5627641366251599,0.20987472304959587,0.3616909766299849,0.26317716380041667,0.2139202573856323,0.26317716380041667,0.3124340702152007,0.26317716380041667,0.2139202573856323,0.2139202573856323,0.21392025738563236,0.3124340702152007,0.3616909766299849,0.21392025738563236,0.2139202573856323,0.16870888530688388,0.35764544229394946,0.31243407021520064,0.16466335097084742,0.26317716380041667,0.21392025738563236,0.2139202573856323,0.26317716380041667,0.2139202573856323,0.21392025738563236,0.2631771638004167,0.2179657917216688,0.2591316294643803,0.21392025738563236,0.16466335097084742,0.2179657917216688,0.2591316294643803,0.21392025738563236,0.2139202573856323,0.21392025738563236,0.3616909766299849,0.16466335097084742,0.21392025738563236,0.21392025738563236,0.16466335097084742,0.21392025738563236,0.36169097662998595,0.2139202573856323,0.2631771638004172,0.26317716380041667,0.21392025738563236,0.3124340702152007,0.26317716380041667,0.31243407021520064,0.21392025738563236,0.2139202573856323,0.21392025738563236,0.21392025738563236,0.2631771638004172,0.16466335097084742,0.3164796045512371,0.20987472304959587,0.26317716380041667,0.36169097662998595,0.2139202573856323,0.16466335097084742,0.31243407021520064,0.2139202573856323,0.21392025738563236,0.21392025738563236,0.26317716380041667,0.26317716380041667,0.3124340702152007,0.2139202573856323,0.16466335097084742,0.21392025738563236,0.3124340702152007,0.3124340702152017,0.2631771638004167,0.2139202573856323,0.2139202573856323,0.2139202573856323,0.26317716380041667,0.3124340702152007,0.7105348558695119,0.406902348708734,0.16870888530688388,0.36169097662998484,0.4561592551235173,0.6079755087039073,0.2054028920841513,0.0,0.0
0.5522492818857001,0.40907092396404826,0.31879027868302257,0.3098317799088237,0.366170226017085,0.40459167457694883,0.26693108196185983,0.40907092396404826,0.3616909766299856,0.4090709239640483,0.31431102929592303,0.40907092396404926,0.3143110292959236,0.3616909766299856,0.3661702260170851,0.3572117272428862,0.31431102929592303,0.40907092396404826,0.3143110292959231,0.3616909766299856,0.4090709239640483,0.3616909766299856,0.3616909766299856,0.26693108196185983,0.3661702260170851,0.4519716219110116,0.3616909766299857,0.3143110292959231,0.3616909766299856,0.5038308186321748,0.40907092396404926,0.2714103313489593,0.35721172724288625,0.3143110292959231,0.4564508712981112,0.5512107659662374,0.5038308186321749,0.6030699626874002,0.2624518325747603,0.4090709239640483,0.3143110292959231,0.26693108196185983,0.3143110292959231,0.3616909766299857,0.3143110292959231,0.26693108196185983,0.26693108196185983,0.2669310819618599,0.3616909766299856,0.4090709239640483,0.2669310819618599,0.26693108196185983,0.22403038401489597,0.40459167457694983,0.3616909766299856,0.2195511346277965,0.3143110292959231,0.2669310819618599,0.2669310819618599,0.3143110292959231,0.26693108196185983,0.26693108196185983,0.31431102929592314,0.27141033134895937,0.3098317799088237,0.26693108196185983,0.2195511346277965,0.2714103313489593,0.3098317799088237,0.2669310819618599,0.2669310819618599,0.2669310819618599,0.4090709239640483,0.2195511346277965,0.2669310819618599,0.2669310819618599,0.2195511346277965,0.2669310819618599,0.40907092396404926,0.26693108196185983,0.3143110292959236,0.31431102929592314,0.2669310819618599,0.3616909766299856,0.3143110292959231,0.3616909766299856,0.26693108196185983,0.26693108196185983,0.2669310819618599,0.26693108196185983,0.3143110292959236,0.2195511346277965,0.3661702260170851,0.26245183257476035,0.31431102929592303,0.40907092396404926,0.26693108196185983,0.2195511346277965,0.3616909766299856,0.26693108196185983,0.2669310819618599,0.2669310819618599,0.31431102929592303,0.3143110292959231,0.3616909766299857,0.26693108196185983,0.2195511346277965,0.26693108196185983,0.3616909766299856,0.3616909766299866,0.3143110292959231,0.26693108196185983,0.26693108196185983,0.26693108196185983,0.31431102929592314,0.3616909766299857,0.7452098046895886,0.45197162191101276,0.22403038401489597,0.40907092396404826,0.4993515692450746,0.6459706606343635,0.21898273912191915,0.0,0.0
0.5102405828139362,0.3616909766299859,0.26859489272787707,0.25775943487295666,0.3178517991426618,0.3562732477025257,0.21392025738563228,0.3616909766299859,0.3124340702152017,0.36169097662998595,0.2631771638004168,0.36169097662998634,0.263177163800417,0.3124340702152017,0.31785179914266176,0.3070163412877416,0.2631771638004169,0.36169097662998595,0.2631771638004169,0.3124340702152017,0.36169097662998606,0.31243407021520164,0.3124340702152017,0.21392025738563228,0.3178517991426617,0.4055301541173102,0.31243407021520175,0.2631771638004168,0.31243407021520164,0.46020478945955534,0.3616909766299865,0.2193379863130925,0.3070163412877415,0.2631771638004169,0.4109478830447706,0.5094616958743393,0.46020478945955556,0.564136331216584,0.20850252845817208,0.36169097662998595,0.2631771638004169,0.21392025738563228,0.2631771638004169,0.3124340702152017,0.2631771638004168,0.21392025738563228,0.21392025738563228,0.21392025738563228,0.3124340702152017,0.36169097662998595,0.2139202573856323,0.21392025738563228,0.1700810798983076,0.3562732477025263,0.3124340702152017,0.16466335097084742,0.2631771638004169,0.2139202573856323,0.2139202573856323,0.2631771638004169,0.21392025738563228,0.21392025738563228,0.2631771638004168,0.2193379863130925,0.2577594348729566,0.2139202573856323,0.16466335097084742,0.21933798631309245,0.25775943487295666,0.21392025738563228,0.21392025738563228,0.21392025738563228,0.36169097662998595,0.16466335097084742,0.21392025738563228,0.21392025738563228,0.16466335097084742,0.2139202573856323,0.36169097662998634,0.21392025738563228,0.263177163800417,0.2631771638004169,0.2139202573856323,0.3124340702152017,0.2631771638004169,0.31243407021520164,0.21392025738563228,0.21392025738563228,0.2139202573856323,0.2139202573856323,0.263177163800417,0.16466335097084742,0.31785179914266176,0.20850252845817208,0.2631771638004169,0.3616909766299865,0.21392025738563228,0.16466335097084742,0.3124340702152017,0.21392025738563228,0.21392025738563228,0.2139202573856323,0.2631771638004169,0.2631771638004169,0.3124340702152017,0.21392025738563228,0.16466335097084742,0.2139202573856323,0.3124340702152017,0.3124340702152019,0.2631771638004168,0.21392025738563228,0.2139202573856323,0.2139202573856323,0.2631771638004169,0.3124340702152017,0.7119070504609368,0.4055301541173109,0.1700810798983076,0.36169097662998595,0.4547870605320947,0.6079755087039082,0.20540289208415122,0.0,0.0
0.5102405828139356,0.3616909766299857,0.26447830895360563,0.26187601864722765,0.31373521536839033,0.3603898314767968,0.2139202573856323,0.3616909766299858,0.3124340702152013,0.3616909766299858,0.2631771638004166,0.36169097662998645,0.26317716380041717,0.31243407021520125,0.3137352153683903,0.31113292506201234,0.2631771638004166,0.3616909766299858,0.2631771638004166,0.31243407021520136,0.3616909766299859,0.31243407021520125,0.31243407021520136,0.21392025738563228,0.3137352153683904,0.4096467378915806,0.3124340702152013,0.2631771638004166,0.3124340702152013,0.4602047894595548,0.36169097662998645,0.21522140253882135,0.3111329250620123,0.26317716380041667,0.41094788304476987,0.5094616958743386,0.46020478945955484,0.5600197474423124,0.2126191122324433,0.3616909766299858,0.2631771638004166,0.21392025738563228,0.2631771638004166,0.3124340702152013,0.2631771638004166,0.2139202573856323,0.2139202573856323,0.2139202573856323,0.3124340702152012,0.3616909766299858,0.21392025738563236,0.21392025738563228,0.1659644961240364,0.36038983147679743,0.3124340702152013,0.16466335097084742,0.26317716380041667,0.2139202573856323,0.21392025738563228,0.26317716380041667,0.21392025738563228,0.2139202573856323,0.26317716380041667,0.21522140253882135,0.26187601864722765,0.21392025738563236,0.16466335097084742,0.21522140253882135,0.26187601864722765,0.2139202573856323,0.21392025738563228,0.2139202573856323,0.3616909766299858,0.16466335097084742,0.2139202573856323,0.2139202573856323,0.16466335097084742,0.2139202573856323,0.36169097662998634,0.2139202573856323,0.26317716380041717,0.2631771638004166,0.2139202573856323,0.31243407021520125,0.26317716380041656,0.31243407021520136,0.2139202573856323,0.2139202573856323,0.21392025738563236,0.21392025738563236,0.2631771638004171,0.16466335097084742,0.3137352153683904,0.2126191122324433,0.26317716380041667,0.36169097662998645,0.21392025738563228,0.16466335097084742,0.3124340702152013,0.2139202573856323,0.2139202573856323,0.2139202573856323,0.26317716380041667,0.26317716380041667,0.3124340702152013,0.2139202573856323,0.16466335097084742,0.2139202573856323,0.31243407021520125,0.31243407021520175,0.26317716380041667,0.2139202573856323,0.2139202573856323,0.2139202573856323,0.2631771638004166,0.31243407021520136,0.7077904666866656,0.4096467378915817,0.1659644961240364,0.3616909766299858,0.45890364430636477,0.6079755087039075,0.20540289208415122,0.0,0.0
0.42622318467040704,0.26693108196185983,0.16134314786046783,0.1604757177583418,0.21435397243669568,0.26649736691079684,0.10789860823317697,0.26693108196185983,0.21392025738563267,0.26693108196185983,0.16090943280940484,0.26693108196186005,0.16090943280940462,0.21392025738563267,0.21435397243669568,0.21348654233456965,0.1609094328094048,0.26693108196185983,0.1609094328094048,0.21392025738563267,0.26693108196185983,0.21392025738563267,0.21392025738563267,0.107898608233177,0.21435397243669566,0.3195081914870237,0.21392025738563267,0.1609094328094048,0.21392025738563267,0.3729527311143144,0.2669310819618601,0.10833232328423999,0.21348654233456965,0.1609094328094048,0.31994190653808674,0.4259635556905414,0.3729527311143144,0.47940809531783235,0.10746489318211397,0.26693108196185983,0.1609094328094048,0.107898608233177,0.1609094328094048,0.21392025738563267,0.16090943280940484,0.107898608233177,0.10789860823317697,0.107898608233177,0.21392025738563267,0.26693108196185983,0.107898608233177,0.107898608233177,0.055321498708012146,0.26649736691079706,0.21392025738563267,0.05488778365694914,0.1609094328094048,0.107898608233177,0.107898608233177,0.16090943280940484,0.107898608233177,0.107898608233177,0.1609094328094048,0.10833232328423999,0.1604757177583418,0.107898608233177,0.05488778365694914,0.10833232328423999,0.1604757177583418,0.107898608233177,0.107898608233177,0.107898608233177,0.26693108196185983,0.05488778365694914,0.107898608233177,0.10789860823317697,0.05488778365694914,0.107898608233177,0.26693108196186005,0.10789860823317697,0.16090943280940462,0.16090943280940484,0.107898608233177,0.21392025738563267,0.1609094328094048,0.21392025738563267,0.107898608233177,0.107898608233177,0.107898608233177,0.107898608233177,0.16090943280940462,0.05488778365694914,0.21435397243669568,0.10746489318211397,0.1609094328094048,0.2669310819618601,0.107898608233177,0.05488778365694914,0.21392025738563267,0.107898608233177,0.107898608233177,0.107898608233177,0.16090943280940484,0.16090943280940484,0.21392025738563267,0.10789860823317697,0.05488778365694914,0.107898608233177,0.21392025738563267,0.21392025738563256,0.1609094328094048,0.10789860823317697,0.107898608233177,0.107898608233177,0.16090943280940484,0.21392025738563267,0.6384405690465131,0.3195081914870243,0.055321498708012146,0.26693108196185983,0.37251901606325055,0.531985204842996,0.17824319800861546,0.0,0.0
0.5132765881713777,0.36617022601708604,0.2740126216553376,0.2568209553325963,0.3374251890354226,0.3603187820385628,0.215726167028119,0.3634258368342386,0.31647960455123836,0.36479803142566236,0.2654167884939668,0.3634258368342388,0.26541678849396666,0.31373521536839094,0.3223310485297614,0.30925596598129146,0.2654167884939669,0.3661702260170861,0.26404459390254315,0.3164796045512383,0.3661702260170862,0.31785179914266204,0.31373521536839094,0.2143539724366952,0.32507543771260883,0.4168703764615288,0.31373521536839094,0.26678898308539056,0.3178517991426621,0.46417927435735723,0.36479803142566264,0.22157761100664222,0.3078837713898677,0.26541678849396694,0.4254662096228997,0.5221030633717466,0.466923663540205,0.5762729342246938,0.24555178242661277,0.3661702260170861,0.26404459390254315,0.2143539724366952,0.2681611776768143,0.31373521536839094,0.2654167884939669,0.21709836161954274,0.215726167028119,0.2143539724366952,0.3151074099598147,0.3675424206085098,0.2170983616195428,0.21847055621096642,0.17600357331506553,0.37129633876995294,0.3178517991426621,0.16466335097084742,0.2681611776768144,0.2170983616195428,0.21572616702811903,0.2695333722682381,0.2170983616195427,0.21709836161954274,0.275022150633933,0.22294980559806596,0.25956534451544366,0.21709836161954274,0.16466335097084742,0.22432200018948964,0.25956534451544366,0.21709836161954274,0.2170983616195427,0.21709836161954274,0.36479803142566236,0.16466335097084742,0.21709836161954274,0.215726167028119,0.16466335097084742,0.22258713998523766,0.36479803142566236,0.215726167028119,0.2654167884939667,0.26404459390254315,0.2170983616195428,0.31647960455123825,0.26404459390254315,0.31922399373408566,0.21709836161954274,0.21847055621096642,0.2170983616195428,0.21572616702811903,0.2654167884939667,0.16466335097084742,0.325075437712609,0.2071303338667483,0.2654167884939669,0.36617022601708626,0.21435397243669527,0.16466335097084742,0.3192239937340858,0.215726167028119,0.21984275080239016,0.21709836161954274,0.2667889830853906,0.2667889830853906,0.31373521536839094,0.215726167028119,0.16466335097084742,0.2184705562109665,0.3151074099598146,0.31373521536839094,0.26541678849396677,0.215726167028119,0.2143539724366953,0.2143539724366953,0.26404459390254315,0.31647960455123836,0.7226004094393885,0.41138159809583436,0.17600357331506553,0.37028680979135736,0.46244441415310483,0.6159955279377466,0.21356501019445887,0.0,0.0
0.591221975600024,0.4519716219110127,0.3731732978506741,0.3532372423450855,0.40452062513871523,0.4392592049753707,0.3181359968956009,0.4547160110938602,0.4069023487087344,0.4533438165024365,0.3632052700978798,0.4547160110938609,0.36320527009788,0.4096467378915817,0.4196147656443759,0.3955621263645163,0.3632052700978797,0.45197162191101276,0.36457746468930363,0.40690234870873426,0.45197162191101287,0.40553015411731064,0.4096467378915817,0.3195081914870247,0.41687037646152847,0.4774675052205306,0.40964673789158185,0.3618330755064562,0.4055301541173105,0.5434823629069939,0.4533438165024372,0.3308484138312428,0.39693432095594,0.3632052700978798,0.4874355329733251,0.5803184685607294,0.5407379737241467,0.6394723532900737,0.2697465205829421,0.45197162191101276,0.36457746468930363,0.3195081914870247,0.36046088091503237,0.40964673789158185,0.3632052700978798,0.31676380230417717,0.3181359968956009,0.3195081914870247,0.40827454330015805,0.450599427319589,0.3167638023041773,0.31539160771275343,0.28166255685469277,0.42828164824398174,0.40553015411731064,0.2744389182847457,0.36046088091503237,0.3167638023041773,0.31813599689560096,0.35908868632360863,0.3167638023041773,0.31676380230417717,0.3535999079579137,0.3294762192398192,0.35049285316223805,0.3167638023041772,0.2744389182847457,0.32810402464839533,0.350492853162238,0.3167638023041773,0.3167638023041772,0.3167638023041773,0.4533438165024365,0.2744389182847457,0.3167638023041772,0.318135996895601,0.2744389182847457,0.3112750239384823,0.4533438165024371,0.31813599689560096,0.36320527009787995,0.36457746468930363,0.3167638023041773,0.40690234870873426,0.36457746468930363,0.4041579595258868,0.31676380230417717,0.31539160771275343,0.3167638023041773,0.31813599689560096,0.36320527009787995,0.2744389182847457,0.41687037646152847,0.3081679691428066,0.3632052700978798,0.4519716219110134,0.3195081914870247,0.2744389182847457,0.40415795952588696,0.31813599689560096,0.31401941312132975,0.3167638023041773,0.36183307550645605,0.3618330755064561,0.40964673789158185,0.31813599689560096,0.2744389182847457,0.31539160771275354,0.40827454330015805,0.40964673789158235,0.3632052700978798,0.3181359968956009,0.3195081914870247,0.3195081914870247,0.36457746468930363,0.40690234870873426,0.7774245620797569,0.4829562835862262,0.28166255685469277,0.44785503813674155,0.5266533621970804,0.6759457933309818,0.22440046804937935,0.0,0.0
0.5102405828139357,0.3616909766299854,0.2644783089536057,0.2618760186472277,0.31373521536838983,0.3603898314767964,0.2139202573856323,0.36169097662998534,0.3124340702152008,0.36169097662998534,0.2631771638004167,0.3616909766299863,0.2631771638004172,0.31243407021520087,0.31373521536838983,0.31113292506201184,0.26317716380041667,0.3616909766299854,0.26317716380041667,0.31243407021520087,0.3616909766299854,0.3124340702152009,0.31243407021520087,0.2139202573856323,0.31373521536838983,0.40964673789158074,0.31243407021520087,0.2631771638004167,0.3124340702152009,0.46020478945955495,0.3616909766299862,0.21522140253882135,0.31113292506201184,0.2631771638004167,0.41094788304476976,0.5094616958743388,0.46020478945955495,0.5600197474423124,0.2126191122324433,0.36169097662998534,0.26317716380041667,0.2139202573856323,0.26317716380041667,0.31243407021520087,0.2631771638004167,0.2139202573856323,0.2139202573856323,0.21392025738563236,0.3124340702152009,0.3616909766299854,0.21392025738563236,0.2139202573856323,0.1659644961240364,0.3603898314767973,0.3124340702152009,0.16466335097084742,0.2631771638004167,0.21392025738563236,0.2139202573856323,0.2631771638004167,0.2139202573856323,0.21392025738563236,0.2631771638004167,0.21522140253882138,0.2618760186472277,0.21392025738563236,0.16466335097084742,0.21522140253882135,0.2618760186472277,0.21392025738563236,0.2139202573856323,0.21392025738563236,0.3616909766299854,0.16466335097084742,0.21392025738563236,0.21392025738563236,0.16466335097084742,0.21392025738563236,0.3616909766299862,0.2139202573856323,0.2631771638004172,0.26317716380041667,0.21392025738563236,0.3124340702152009,0.26317716380041667,0.31243407021520087,0.21392025738563236,0.2139202573856323,0.21392025738563236,0.2139202573856324,0.2631771638004172,0.16466335097084742,0.3137352153683899,0.2126191122324433,0.2631771638004167,0.3616909766299863,0.2139202573856323,0.16466335097084742,0.3124340702152009,0.2139202573856323,0.21392025738563236,0.21392025738563236,0.2631771638004167,0.2631771638004167,0.31243407021520087,0.2139202573856323,0.16466335097084742,0.21392025738563236,0.31243407021520087,0.3124340702152017,0.2631771638004167,0.2139202573856323,0.2139202573856323,0.2139202573856323,0.26317716380041667,0.31243407021520087,0.7077904666866647,0.4096467378915817,0.1659644961240364,0.3616909766299854,0.45890364430636493,0.6079755087039073,0.20540289208415122,0.0,0.0
0.46823188374217234,0.3143110292959234,0.2156551175898843,0.20843147901993736,0.2667889830853908,0.3106992100109499,0.16090943280940453,0.3143110292959234,0.26317716380041734,0.31431102929592347,0.2120432983049108,0.31431102929592347,0.21204329830491075,0.26317716380041734,0.26678898308539073,0.2595653445154439,0.2120432983049108,0.31431102929592336,0.21204329830491078,0.26317716380041734,0.31431102929592347,0.2631771638004173,0.26317716380041734,0.1609094328094045,0.26678898308539084,0.3618330755064559,0.26317716380041734,0.2120432983049108,0.26317716380041734,0.41657876028693547,0.31431102929592347,0.16452125209437798,0.25956534451544383,0.21204329830491087,0.3654448947914295,0.46771262578244105,0.41657876028693563,0.5224583105629207,0.15729761352443106,0.31431102929592347,0.2120432983049108,0.1609094328094045,0.21204329830491078,0.26317716380041734,0.21204329830491078,0.16090943280940453,0.16090943280940453,0.16090943280940453,0.2631771638004172,0.31431102929592347,0.16090943280940453,0.16090943280940448,0.11338738659887179,0.31069921001094997,0.26317716380041734,0.10977556731389833,0.2120432983049108,0.16090943280940453,0.16090943280940453,0.2120432983049108,0.1609094328094045,0.1609094328094045,0.2120432983049108,0.16452125209437798,0.20843147901993736,0.16090943280940453,0.10977556731389833,0.16452125209437798,0.20843147901993733,0.1609094328094045,0.1609094328094045,0.16090943280940453,0.31431102929592347,0.10977556731389833,0.1609094328094045,0.16090943280940453,0.10977556731389833,0.16090943280940453,0.3143110292959234,0.16090943280940453,0.21204329830491075,0.2120432983049108,0.16090943280940453,0.2631771638004172,0.21204329830491078,0.26317716380041734,0.1609094328094045,0.16090943280940448,0.16090943280940453,0.16090943280940453,0.21204329830491075,0.10977556731389833,0.26678898308539084,0.15729761352443106,0.2120432983049108,0.31431102929592347,0.1609094328094045,0.10977556731389833,0.26317716380041734,0.16090943280940453,0.1609094328094045,0.16090943280940453,0.21204329830491087,0.21204329830491087,0.26317716380041734,0.16090943280940453,0.10977556731389833,0.1609094328094045,0.2631771638004173,0.26317716380041706,0.2120432983049108,0.16090943280940453,0.1609094328094045,0.1609094328094045,0.2120432983049108,0.26317716380041734,0.6758599070494382,0.36183307550645627,0.11338738659887179,0.31431102929592336,0.41296694100196185,0.5699803567734528,0.19182304504638326,0.0,0.0
0.510240582813936,0.3616909766299856,0.2685948927278766,0.2577594348729565,0.31785179914266126,0.3562732477025255,0.21392025738563228,0.36169097662998556,0.3124340702152011,0.3616909766299856,0.26317716380041656,0.36169097662998634,0.26317716380041706,0.3124340702152011,0.31785179914266126,0.30701634128774086,0.26317716380041656,0.36169097662998556,0.26317716380041656,0.31243407021520114,0.3616909766299856,0.312434070215201,0.31243407021520114,0.21392025738563228,0.3178517991426613,0.40553015411730964,0.3124340702152011,0.26317716380041656,0.31243407021520114,0.4602047894595552,0.36169097662998634,0.21933798631309245,0.30701634128774086,0.26317716380041667,0.4109478830447699,0.509461695874339,0.46020478945955534,0.5641363312165836,0.20850252845817208,0.3616909766299856,0.26317716380041656,0.21392025738563228,0.2631771638004165,0.3124340702152011,0.26317716380041656,0.21392025738563228,0.21392025738563228,0.21392025738563228,0.312434070215201,0.3616909766299856,0.2139202573856323,0.21392025738563228,0.1700810798983076,0.3562732477025261,0.31243407021520114,0.16466335097084742,0.2631771638004166,0.21392025738563228,0.21392025738563228,0.26317716380041656,0.21392025738563228,0.2139202573856323,0.26317716380041656,0.2193379863130925,0.2577594348729565,0.2139202573856323,0.16466335097084742,0.21933798631309245,0.2577594348729565,0.21392025738563228,0.21392025738563228,0.21392025738563228,0.3616909766299856,0.16466335097084742,0.21392025738563228,0.21392025738563228,0.16466335097084742,0.21392025738563228,0.36169097662998634,0.21392025738563228,0.26317716380041706,0.26317716380041656,0.21392025738563228,0.312434070215201,0.26317716380041656,0.3124340702152011,0.2139202573856323,0.21392025738563228,0.2139202573856323,0.2139202573856323,0.26317716380041706,0.16466335097084742,0.3178517991426614,0.20850252845817208,0.26317716380041656,0.36169097662998634,0.21392025738563228,0.16466335097084742,0.31243407021520114,0.21392025738563228,0.21392025738563228,0.21392025738563228,0.2631771638004166,0.2631771638004166,0.3124340702152011,0.21392025738563228,0.16466335097084742,0.2139202573856323,0.312434070215201,0.3124340702152017,0.26317716380041656,0.21392025738563228,0.21392025738563228,0.21392025738563228,0.26317716380041656,0.31243407021520114,0.7119070504609365,0.40553015411731047,0.1700810798983076,0.3616909766299856,0.45478706053209433,0.6079755087039077,0.2054028920841513,0.0,0.0
0.63626668002923,0.5038308186321757,0.42055324518473747,0.41260427538913397,0.46417927435735745,0.49985633373437394,0.37295273111431526,0.5038308186321759,0.46020478945955573,0.5038308186321758,0.4165787602869355,0.5038308186321764,0.4165787602869362,0.46020478945955573,0.4641792743573574,0.456230304561754,0.41657876028693547,0.5038308186321759,0.4165787602869357,0.46020478945955573,0.503830818632176,0.4602047894595557,0.46020478945955573,0.3729527311143154,0.46417927435735723,0.5434823629069939,0.4602047894595559,0.41657876028693563,0.4602047894595557,0.5910828769774166,0.5038308186321764,0.3769272160121171,0.456230304561754,0.41657876028693563,0.5474568478047958,0.6347089061500357,0.5910828769774166,0.6823094202204578,0.3689782462165136,0.503830818632176,0.4165787602869358,0.3729527311143154,0.41657876028693563,0.4602047894595559,0.41657876028693563,0.37295273111431526,0.37295273111431526,0.3729527311143154,0.46020478945955556,0.5038308186321758,0.3729527311143154,0.3729527311143154,0.33330118683949683,0.49985633373437466,0.46020478945955573,0.32932670194169505,0.41657876028693563,0.3729527311143154,0.3729527311143154,0.4165787602869357,0.3729527311143154,0.3729527311143154,0.41657876028693563,0.37692721601211715,0.4126042753891338,0.37295273111431526,0.32932670194169505,0.3769272160121171,0.4126042753891339,0.3729527311143154,0.3729527311143154,0.3729527311143154,0.5038308186321759,0.32932670194169505,0.3729527311143154,0.3729527311143154,0.32932670194169505,0.3729527311143154,0.5038308186321764,0.37295273111431526,0.4165787602869362,0.4165787602869358,0.3729527311143154,0.46020478945955556,0.4165787602869358,0.46020478945955556,0.37295273111431526,0.37295273111431526,0.3729527311143154,0.3729527311143154,0.4165787602869362,0.32932670194169505,0.46417927435735745,0.3689782462165136,0.4165787602869355,0.5038308186321764,0.3729527311143154,0.32932670194169505,0.46020478945955573,0.37295273111431526,0.3729527311143154,0.3729527311143154,0.4165787602869355,0.4165787602869357,0.4602047894595559,0.37295273111431526,0.32932670194169505,0.3729527311143154,0.46020478945955573,0.4602047894595564,0.41657876028693547,0.37295273111431526,0.3729527311143154,0.3729527311143154,0.4165787602869358,0.46020478945955584,0.8131875077383182,0.5434823629069947,0.33330118683949683,0.5038308186321758,0.5871083920796139,0.721960964495276,0.24614243319745477,0.0,0.0
0.5522492818857008,0.40907092396404904,0.31741808409159866,0.3112039745002472,0.3647980314256615,0.4059638691683732,0.26693108196185966,0.40907092396404887,0.3616909766299858,0.40907092396404904,0.31431102929592286,0.4090709239640497,0.31431102929592347,0.3616909766299858,0.3647980314256615,0.3585839218343101,0.31431102929592286,0.40907092396404887,0.3143110292959229,0.3616909766299859,0.40907092396404904,0.3616909766299858,0.3616909766299858,0.2669310819618597,0.3647980314256615,0.45334381650243594,0.3616909766299859,0.31431102929592286,0.3616909766299859,0.5038308186321753,0.4090709239640496,0.27003813675753546,0.3585839218343101,0.31431102929592303,0.45645087129811196,0.5512107659662382,0.5038308186321754,0.601697768095977,0.2638240271661839,0.40907092396404904,0.3143110292959229,0.2669310819618597,0.3143110292959229,0.3616909766299859,0.31431102929592286,0.26693108196185966,0.26693108196185966,0.2669310819618597,0.3616909766299858,0.40907092396404904,0.2669310819618597,0.26693108196185966,0.2226581894234722,0.40596386916837385,0.3616909766299858,0.2195511346277965,0.3143110292959229,0.2669310819618597,0.26693108196185983,0.3143110292959229,0.26693108196185966,0.26693108196185966,0.31431102929592303,0.2700381367575355,0.31120397450024717,0.26693108196185966,0.2195511346277965,0.27003813675753546,0.31120397450024717,0.26693108196185983,0.2669310819618597,0.26693108196185983,0.40907092396404904,0.2195511346277965,0.2669310819618597,0.26693108196185983,0.2195511346277965,0.2669310819618597,0.4090709239640496,0.26693108196185966,0.31431102929592347,0.3143110292959229,0.2669310819618597,0.3616909766299858,0.3143110292959229,0.3616909766299857,0.26693108196185966,0.26693108196185966,0.2669310819618597,0.2669310819618597,0.31431102929592347,0.2195511346277965,0.3647980314256616,0.2638240271661839,0.31431102929592286,0.4090709239640496,0.2669310819618597,0.2195511346277965,0.3616909766299858,0.2669310819618597,0.2669310819618597,0.2669310819618597,0.3143110292959229,0.31431102929592303,0.3616909766299859,0.26693108196185966,0.2195511346277965,0.2669310819618597,0.3616909766299858,0.3616909766299865,0.31431102929592286,0.26693108196185966,0.26693108196185966,0.26693108196185966,0.3143110292959229,0.3616909766299859,0.7438376100981656,0.4533438165024368,0.2226581894234722,0.409070923964049,0.5007237638364993,0.6459706606343645,0.21898273912191915,0.0,0.0
0.42925919002784807,0.2714103313489592,0.16676087678792792,0.159537238217981,0.233927362329456,0.27054290124683317,0.1097045178756637,0.2686659421661118,0.21796579172166897,0.2700381367575355,0.16314905750295444,0.26866594216611195,0.16314905750295444,0.21522140253882147,0.218833221823795,0.2157261670281192,0.16314905750295444,0.2714103313489592,0.1617768629115307,0.21796579172166897,0.2714103313489592,0.21933798631309276,0.21522140253882147,0.10833232328423995,0.22157761100664247,0.33084841383124175,0.21522140253882147,0.16452125209437818,0.21933798631309268,0.37692721601211604,0.2700381367575357,0.11057194797778969,0.2143539724366955,0.16314905750295444,0.3344602331162153,0.4386049231879485,0.37967160519496357,0.49154469832594194,0.14451414715055455,0.27141033134895926,0.1617768629115307,0.10833232328423995,0.16589344668580192,0.21522140253882147,0.16314905750295444,0.11107671246708739,0.1097045178756637,0.10833232328423995,0.21659359713024526,0.2727825259403829,0.11107671246708739,0.11244890705851113,0.06124399212477007,0.2815204579782232,0.21933798631309268,0.05488778365694914,0.16589344668580192,0.11107671246708742,0.1097045178756637,0.16726564127722562,0.11107671246708739,0.11107671246708739,0.17275441964292051,0.11194414256921338,0.16228162740082844,0.11107671246708739,0.05488778365694914,0.11331633716063713,0.16228162740082844,0.11107671246708742,0.11107671246708739,0.11107671246708739,0.2700381367575355,0.05488778365694914,0.11107671246708739,0.1097045178756637,0.05488778365694914,0.11656549083278231,0.2700381367575357,0.1097045178756637,0.16314905750295444,0.1617768629115307,0.11107671246708742,0.217965791721669,0.1617768629115307,0.22071018090451647,0.11107671246708739,0.11244890705851113,0.11107671246708739,0.10970451787566367,0.16314905750295444,0.05488778365694914,0.22157761100664242,0.1060926985906902,0.16314905750295444,0.2714103313489595,0.10833232328423995,0.05488778365694914,0.2207101809045164,0.1097045178756637,0.11382110164993488,0.11107671246708739,0.16452125209437818,0.16452125209437815,0.21522140253882147,0.1097045178756637,0.05488778365694914,0.11244890705851113,0.21659359713024526,0.21522140253882147,0.16314905750295444,0.1097045178756637,0.10833232328423995,0.10833232328423995,0.1617768629115307,0.21796579172166897,0.6491339280249645,0.32535963546554736,0.06124399212477007,0.27552691512323046,0.38017636968426044,0.5400052240768347,0.18640531611892314,0.0,0.0
0.5072045774564947,0.3572117272428858,0.26043277461756925,0.26144230359616466,0.2955340200670532,0.3549721025493361,0.21211434774314558,0.3599561164257333,0.30838853587916426,0.35858392183430954,0.26093753910686696,0.35995611642573405,0.2609375391068674,0.3111329250620118,0.31062816057271403,0.3075211057770383,0.26093753910686696,0.3572117272428858,0.26230973369829064,0.30838853587916426,0.35721172724288586,0.3070163412877406,0.31113292506201173,0.2134865423345693,0.3078837713898666,0.3969343209559389,0.31113292506201173,0.2595653445154433,0.3070163412877406,0.4562303045617531,0.3585839218343103,0.2143539724366953,0.308893300368462,0.260937539106867,0.3964295564666412,0.49682032837693185,0.45348591537890576,0.549255339025627,0.17419766367257894,0.35721172724288575,0.26230973369829064,0.2134865423345693,0.25819314992401954,0.31113292506201173,0.26093753910686696,0.21074215315172187,0.21211434774314558,0.2134865423345693,0.309760730470588,0.355839532651462,0.21074215315172187,0.2093699585602981,0.1614141972987022,0.343994545817947,0.3070163412877406,0.16466335097084742,0.25819314992401954,0.21074215315172187,0.21211434774314558,0.25682095533259586,0.21074215315172182,0.21074215315172182,0.251332176966901,0.2129817778452716,0.2586979144133173,0.21074215315172187,0.16466335097084742,0.21160958325384785,0.25869791441331724,0.21074215315172187,0.21074215315172187,0.21074215315172187,0.35858392183430954,0.16466335097084742,0.21074215315172182,0.21211434774314558,0.16466335097084742,0.20525337478602693,0.35858392183431037,0.21211434774314558,0.26093753910686734,0.26230973369829064,0.21074215315172187,0.30838853587916426,0.26230973369829064,0.30564414669631684,0.21074215315172182,0.20936995856029816,0.2107421531517219,0.21211434774314566,0.26093753910686734,0.16466335097084742,0.3078837713898666,0.2126191122324433,0.260937539106867,0.35721172724288663,0.2134865423345693,0.16466335097084742,0.30564414669631684,0.21211434774314558,0.20799776396887437,0.21074215315172187,0.2595653445154433,0.2595653445154433,0.31113292506201173,0.21211434774314558,0.16466335097084742,0.2093699585602981,0.309760730470588,0.31113292506201257,0.260937539106867,0.21211434774314558,0.2134865423345693,0.2134865423345693,0.26230973369829064,0.3083885358791643,0.6984693022996378,0.40242309932163467,0.1614141972987022,0.3530951434686146,0.44987409609393153,0.5999554894700695,0.1972407739738436,0.0,0.0
0.46823188374217184,0.3143110292959227,0.21428292299846075,0.20980367361136126,0.2654167884939665,0.3120714046023729,0.16090943280940465,0.3143110292959227,0.2631771638004168,0.3143110292959227,0.21204329830491098,0.3143110292959232,0.2120432983049108,0.2631771638004168,0.2654167884939665,0.2609375391068671,0.21204329830491098,0.31431102929592275,0.21204329830491098,0.2631771638004168,0.31431102929592275,0.2631771638004168,0.2631771638004168,0.16090943280940465,0.2654167884939665,0.36320527009787895,0.2631771638004168,0.21204329830491098,0.2631771638004168,0.4165787602869349,0.3143110292959232,0.1631490575029544,0.2609375391068671,0.21204329830491103,0.3654448947914288,0.46771262578244055,0.41657876028693497,0.5210861159714962,0.15866980811585493,0.3143110292959227,0.21204329830491098,0.16090943280940465,0.21204329830491098,0.2631771638004168,0.21204329830491098,0.16090943280940465,0.16090943280940465,0.16090943280940465,0.2631771638004168,0.31431102929592264,0.16090943280940465,0.16090943280940465,0.11201519200744806,0.3120714046023735,0.2631771638004168,0.10977556731389833,0.21204329830491103,0.16090943280940465,0.16090943280940465,0.21204329830491103,0.16090943280940465,0.16090943280940465,0.21204329830491098,0.1631490575029544,0.20980367361136126,0.16090943280940465,0.10977556731389833,0.16314905750295433,0.20980367361136124,0.16090943280940465,0.16090943280940465,0.16090943280940465,0.31431102929592275,0.10977556731389833,0.16090943280940465,0.16090943280940465,0.10977556731389833,0.16090943280940465,0.3143110292959232,0.16090943280940465,0.21204329830491078,0.21204329830491098,0.16090943280940465,0.2631771638004168,0.21204329830491098,0.2631771638004168,0.16090943280940465,0.16090943280940465,0.16090943280940465,0.16090943280940465,0.21204329830491078,0.10977556731389833,0.2654167884939665,0.1586698081158549,0.21204329830491103,0.31431102929592325,0.16090943280940465,0.10977556731389833,0.2631771638004168,0.16090943280940465,0.16090943280940465,0.16090943280940465,0.21204329830491103,0.21204329830491103,0.2631771638004168,0.16090943280940465,0.10977556731389833,0.16090943280940465,0.2631771638004168,0.26317716380041706,0.21204329830491103,0.16090943280940465,0.16090943280940465,0.16090943280940465,0.21204329830491098,0.2631771638004168,0.6744877124580133,0.3632052700978796,0.11201519200744806,0.31431102929592264,0.4143391355933845,0.5699803567734518,0.1918230450463833,0.0,0.0
0.5942579809574653,0.4564508712981129,0.37996322136955807,0.3509265682133012,0.42546620962289994,0.44193254471998444,0.3199419065380877,0.45645087129811285,0.41094788304477137,0.456450871298113,0.36544489479142944,0.45645087129811324,0.3654448947914297,0.41094788304477137,0.4254662096228999,0.39642955646664285,0.36544489479142944,0.45645087129811307,0.36544489479142955,0.41094788304477137,0.4564508712981132,0.4109478830447713,0.41094788304477137,0.31994190653808774,0.42546620962289977,0.4874355329733254,0.41094788304477153,0.3654448947914295,0.4109478830447713,0.5474568478047958,0.4564508712981134,0.33446023311621637,0.3964295564666428,0.3654448947914295,0.501953859551454,0.5929598360581365,0.547456847804796,0.652981150889607,0.30542357995995917,0.456450871298113,0.36544489479142966,0.31994190653808774,0.3654448947914295,0.41094788304477153,0.3654448947914295,0.3199419065380877,0.3199419065380877,0.3199419065380877,0.41094788304477137,0.456450871298113,0.31994190653808774,0.3199419065380877,0.2889572448628744,0.44193254471998467,0.41094788304477137,0.2744389182847457,0.3654448947914295,0.31994190653808774,0.31994190653808774,0.3654448947914295,0.31994190653808774,0.3199419065380877,0.36544489479142955,0.3344602331162164,0.3509265682133011,0.3199419065380877,0.2744389182847457,0.33446023311621637,0.35092656821330115,0.31994190653808774,0.31994190653808774,0.31994190653808774,0.456450871298113,0.2744389182847457,0.3199419065380877,0.31994190653808774,0.2744389182847457,0.31994190653808774,0.45645087129811307,0.3199419065380877,0.3654448947914297,0.36544489479142955,0.31994190653808774,0.4109478830447713,0.36544489479142955,0.4109478830447713,0.3199419065380877,0.3199419065380877,0.3199419065380878,0.31994190653808774,0.3654448947914297,0.2744389182847457,0.4254662096228999,0.30542357995995917,0.36544489479142944,0.45645087129811324,0.31994190653808774,0.2744389182847457,0.41094788304477137,0.31994190653808774,0.3199419065380877,0.31994190653808774,0.36544489479142944,0.3654448947914295,0.41094788304477153,0.3199419065380877,0.2744389182847457,0.3199419065380877,0.41094788304477137,0.41094788304477153,0.3654448947914295,0.3199419065380877,0.31994190653808774,0.31994190653808774,0.36544489479142955,0.4109478830447715,0.7894901156496317,0.4874355329733258,0.2889572448628744,0.45645087129811307,0.5329385212266669,0.6839658125648199,0.23256258615968692,0.0,0.0
0.6782753791009944,0.5512107659662389,0.48035399327984907,0.4550712582850348,0.5221030633717475,0.5385693984688318,0.425963555690543,0.5512107659662391,0.5094616958743406,0.551210765966239,0.4677126257824416,0.5512107659662395,0.4677126257824424,0.5094616958743406,0.5221030633717475,0.49682032837693335,0.46771262578244166,0.5512107659662387,0.467712625782442,0.5094616958743406,0.5512107659662392,0.5094616958743404,0.5094616958743405,0.42596355569054317,0.5221030633717473,0.58031846856073,0.5094616958743408,0.46771262578244177,0.5094616958743404,0.6347089061500364,0.5512107659662395,0.43860492318795025,0.4968203283769333,0.46771262578244166,0.5929598360581373,0.6764579762419345,0.6347089061500366,0.7308484138312401,0.413322188193136,0.5512107659662392,0.467712625782442,0.42596355569054317,0.46771262578244194,0.5094616958743406,0.46771262578244177,0.425963555690543,0.425963555690543,0.425963555690543,0.5094616958743404,0.551210765966239,0.425963555690543,0.425963555690543,0.3968558530960515,0.5385693984688323,0.5094616958743405,0.38421448559864435,0.46771262578244194,0.425963555690543,0.425963555690543,0.46771262578244194,0.42596355569054317,0.425963555690543,0.46771262578244177,0.4386049231879503,0.45507125828503464,0.425963555690543,0.38421448559864435,0.43860492318795014,0.45507125828503464,0.425963555690543,0.425963555690543,0.425963555690543,0.551210765966239,0.38421448559864435,0.425963555690543,0.425963555690543,0.38421448559864435,0.425963555690543,0.5512107659662395,0.425963555690543,0.4677126257824424,0.467712625782442,0.425963555690543,0.5094616958743403,0.467712625782442,0.5094616958743404,0.425963555690543,0.425963555690543,0.4259635556905431,0.425963555690543,0.4677126257824424,0.38421448559864435,0.5221030633717475,0.413322188193136,0.46771262578244166,0.5512107659662393,0.42596355569054317,0.38421448559864435,0.5094616958743405,0.425963555690543,0.425963555690543,0.425963555690543,0.46771262578244166,0.46771262578244194,0.5094616958743406,0.425963555690543,0.38421448559864435,0.425963555690543,0.5094616958743405,0.5094616958743409,0.46771262578244166,0.425963555690543,0.42596355569054317,0.42596355569054317,0.467712625782442,0.5094616958743405,0.8560956241069364,0.5803184685607305,0.3968558530960515,0.551210765966239,0.6220675386526288,0.7599561164257318,0.2597222802352226,0.0,0.0
0.63626668002923,0.5038308186321758,0.42329763436758516,0.4098598862062869,0.466923663540205,0.4971119445515265,0.37295273111431543,0.5038308186321758,0.46020478945955584,0.5038308186321759,0.4165787602869358,0.5038308186321763,0.4165787602869362,0.46020478945955573,0.46692366354020487,0.4534859153789066,0.4165787602869358,0.5038308186321759,0.416578760286936,0.46020478945955573,0.503830818632176,0.4602047894595557,0.46020478945955573,0.37295273111431554,0.4669236635402048,0.5407379737241466,0.4602047894595559,0.41657876028693597,0.4602047894595557,0.5910828769774165,0.5038308186321764,0.3796716051949647,0.4534859153789066,0.4165787602869358,0.5474568478047958,0.6347089061500357,0.5910828769774166,0.6850538094033054,0.3662338570336663,0.5038308186321759,0.416578760286936,0.37295273111431554,0.41657876028693597,0.4602047894595559,0.41657876028693597,0.3729527311143154,0.37295273111431543,0.37295273111431554,0.46020478945955573,0.5038308186321759,0.37295273111431554,0.37295273111431543,0.3360455760223443,0.4971119445515272,0.46020478945955573,0.32932670194169505,0.41657876028693597,0.37295273111431554,0.37295273111431543,0.416578760286936,0.37295273111431554,0.37295273111431543,0.41657876028693597,0.37967160519496473,0.4098598862062867,0.37295273111431543,0.32932670194169505,0.3796716051949647,0.4098598862062867,0.37295273111431554,0.37295273111431543,0.37295273111431554,0.503830818632176,0.32932670194169505,0.37295273111431554,0.37295273111431554,0.32932670194169505,0.37295273111431554,0.5038308186321763,0.37295273111431543,0.4165787602869362,0.416578760286936,0.37295273111431554,0.46020478945955556,0.416578760286936,0.46020478945955556,0.37295273111431543,0.3729527311143154,0.37295273111431554,0.37295273111431543,0.4165787602869362,0.32932670194169505,0.46692366354020487,0.36623385703366634,0.4165787602869358,0.5038308186321764,0.37295273111431554,0.32932670194169505,0.46020478945955573,0.37295273111431543,0.37295273111431554,0.37295273111431554,0.41657876028693586,0.416578760286936,0.4602047894595559,0.37295273111431543,0.32932670194169505,0.37295273111431554,0.46020478945955573,0.4602047894595564,0.4165787602869358,0.37295273111431543,0.37295273111431554,0.37295273111431554,0.416578760286936,0.46020478945955573,0.8159318969211656,0.5407379737241471,0.3360455760223443,0.5038308186321759,0.5843640028967667,0.7219609644952762,0.2461424331974547,0.0,0.0
0.7233200835302002,0.6030699626874017,0.5345949135710308,0.5075773183719648,0.5886226855475084,0.5923055542707161,0.4807802899092575,0.6003255735045546,0.5627641366251617,0.6016977680959781,0.5210861159714976,0.6003255735045546,0.5210861159714981,0.5600197474423144,0.5735285450418471,0.5506275336170524,0.5210861159714976,0.6030699626874017,0.5197139213800742,0.5627641366251617,0.603069962687402,0.5641363312165852,0.5600197474423144,0.4794080953178339,0.5762729342246945,0.6394723532900746,0.5600197474423145,0.5224583105629215,0.5641363312165852,0.6823094202204585,0.6016977680959784,0.49154469832594316,0.5492553390256287,0.5210861159714977,0.6529811508896076,0.7308484138312404,0.6850538094033062,0.7805464537187426,0.505692940869589,0.6030699626874019,0.5197139213800741,0.4794080953178339,0.5238305051543453,0.5600197474423145,0.5210861159714977,0.4821524845006812,0.4807802899092574,0.4794080953178338,0.5613919420337381,0.6044421572788256,0.48215248450068116,0.48352467909210506,0.4553554560379741,0.6032831110021064,0.5641363312165855,0.4391022692555937,0.5238305051543454,0.4821524845006812,0.4807802899092575,0.5252026997457688,0.4821524845006813,0.4821524845006812,0.530691478111464,0.49291689291736673,0.5103217075548122,0.4821524845006812,0.4391022692555937,0.4942890875087906,0.5103217075548122,0.4821524845006812,0.4821524845006812,0.4821524845006812,0.6016977680959782,0.4391022692555937,0.4821524845006812,0.4807802899092575,0.4391022692555937,0.48764126286637616,0.6016977680959784,0.4807802899092574,0.5210861159714982,0.5197139213800742,0.4821524845006812,0.5627641366251616,0.5197139213800742,0.5655085258080091,0.4821524845006812,0.48352467909210506,0.48215248450068116,0.4807802899092575,0.5210861159714982,0.4391022692555937,0.5762729342246949,0.46727149230972453,0.5210861159714977,0.603069962687402,0.4794080953178339,0.4391022692555937,0.5655085258080094,0.4807802899092574,0.48489687368352874,0.4821524845006812,0.5224583105629214,0.5224583105629214,0.5600197474423145,0.4807802899092574,0.4391022692555937,0.48352467909210506,0.5613919420337381,0.5600197474423145,0.5210861159714976,0.4807802899092575,0.4794080953178339,0.4794080953178339,0.5197139213800742,0.5627641366251617,0.898719542722616,0.6339835749243801,0.4553554560379741,0.607186546461673,0.6756615955780436,0.8059712875900263,0.28146424538329773,0.0,0.0
0.42318717931296645,0.2624518325747603,0.19434686749287197,0.12299274873883793,0.23320203110379942,0.22403038401489636,0.10609269859069019,0.2651962217576077,0.209874723049596,0.26382402716618397,0.15866980811585493,0.265196221757608,0.15866980811585493,0.2126191122324435,0.2482961716094602,0.17282546908115523,0.15866980811585493,0.2624518325747602,0.1600420027072786,0.209874723049596,0.2624518325747603,0.20850252845817233,0.2126191122324435,0.10746489318211391,0.24555178242661282,0.2697465205829419,0.21261911223244348,0.15729761352443122,0.20850252845817233,0.36897824621651315,0.2638240271661842,0.14451414715055458,0.17419766367257897,0.15866980811585493,0.3054235799599583,0.41332218819313477,0.36623385703366573,0.5056929408695866,0.03199419065380877,0.2624518325747603,0.1600420027072786,0.10746489318211391,0.1559254189330075,0.21261911223244348,0.15866980811585493,0.10472050399926644,0.10609269859069019,0.10746489318211391,0.2112469176410196,0.2610796379833366,0.10472050399926644,0.1033483094078427,0.08782045385111865,0.21305282728350655,0.20850252845817227,0.05488778365694914,0.15592541893300746,0.10472050399926644,0.10609269859069016,0.15455322434158372,0.10472050399926644,0.10472050399926644,0.14906444597588883,0.1431419525591309,0.1202483595559905,0.10472050399926644,0.05488778365694914,0.14176975796770716,0.1202483595559905,0.10472050399926644,0.10472050399926644,0.10472050399926644,0.26382402716618397,0.05488778365694914,0.10472050399926644,0.10609269859069019,0.05488778365694914,0.09923172563357152,0.2638240271661843,0.10609269859069019,0.15866980811585493,0.1600420027072786,0.10472050399926644,0.209874723049596,0.1600420027072786,0.20713033386674856,0.10472050399926644,0.1033483094078427,0.10472050399926644,0.10609269859069016,0.15866980811585493,0.05488778365694914,0.24555178242661282,0.07041563921367319,0.15866980811585493,0.2624518325747605,0.10746489318211391,0.05488778365694914,0.20713033386674856,0.10609269859069019,0.10197611481641898,0.10472050399926644,0.1572976135244312,0.15729761352443117,0.21261911223244348,0.10609269859069019,0.05488778365694914,0.1033483094078427,0.21124691764101977,0.21261911223244348,0.15866980811585496,0.10609269859069019,0.1074648931821139,0.1074648931821139,0.1600420027072786,0.20987472304959606,0.6661686586279274,0.27523529894863696,0.08782045385111865,0.2583352488004891,0.326440213882377,0.5239651856091582,0.17008107989830792,0.0,0.0
0.5522492818857009,0.4090709239640492,0.3187902786830224,0.30983177990882355,0.3661702260170855,0.40459167457694967,0.26693108196185966,0.40907092396404904,0.36169097662998606,0.4090709239640492,0.3143110292959229,0.40907092396404987,0.3143110292959234,0.36169097662998606,0.3661702260170855,0.3572117272428866,0.3143110292959229,0.40907092396404915,0.31431102929592303,0.36169097662998606,0.40907092396404926,0.3616909766299859,0.36169097662998606,0.2669310819618597,0.3661702260170855,0.4519716219110123,0.36169097662998606,0.31431102929592303,0.36169097662998606,0.5038308186321754,0.40907092396404987,0.27141033134895914,0.3572117272428866,0.31431102929592303,0.45645087129811196,0.5512107659662384,0.5038308186321755,0.6030699626874008,0.26245183257476024,0.4090709239640492,0.31431102929592303,0.2669310819618597,0.31431102929592303,0.36169097662998606,0.31431102929592303,0.26693108196185966,0.26693108196185966,0.2669310819618597,0.3616909766299859,0.4090709239640492,0.2669310819618597,0.2669310819618597,0.22403038401489597,0.40459167457695033,0.36169097662998606,0.2195511346277965,0.31431102929592303,0.26693108196185983,0.26693108196185983,0.31431102929592303,0.26693108196185966,0.26693108196185966,0.31431102929592303,0.27141033134895926,0.30983177990882355,0.26693108196185966,0.2195511346277965,0.2714103313489592,0.30983177990882355,0.26693108196185983,0.2669310819618597,0.26693108196185983,0.4090709239640492,0.2195511346277965,0.2669310819618597,0.26693108196185983,0.2195511346277965,0.2669310819618597,0.40907092396404976,0.2669310819618597,0.3143110292959234,0.31431102929592303,0.26693108196185983,0.3616909766299859,0.31431102929592303,0.3616909766299859,0.26693108196185966,0.26693108196185966,0.2669310819618597,0.2669310819618597,0.31431102929592336,0.2195511346277965,0.3661702260170855,0.2624518325747603,0.3143110292959229,0.40907092396404976,0.2669310819618597,0.2195511346277965,0.36169097662998606,0.2669310819618597,0.2669310819618597,0.2669310819618597,0.31431102929592303,0.31431102929592303,0.36169097662998606,0.2669310819618597,0.2195511346277965,0.2669310819618597,0.3616909766299859,0.3616909766299865,0.3143110292959229,0.26693108196185966,0.2669310819618597,0.2669310819618597,0.31431102929592303,0.36169097662998606,0.7452098046895892,0.45197162191101314,0.22403038401489597,0.40907092396404904,0.4993515692450756,0.645970660634364,0.218982739121919,0.0,0.0
0.4682318837421718,0.31431102929592253,0.21291072840703698,0.21117586820278497,0.2640445939025428,0.3134435991937965,0.16090943280940465,0.31431102929592253,0.2631771638004168,0.3143110292959226,0.21204329830491098,0.31431102929592314,0.2120432983049108,0.2631771638004168,0.26404459390254276,0.2623097336982908,0.21204329830491098,0.31431102929592253,0.21204329830491098,0.2631771638004168,0.3143110292959226,0.2631771638004168,0.2631771638004168,0.16090943280940465,0.2640445939025428,0.36457746468930247,0.2631771638004168,0.21204329830491098,0.2631771638004168,0.4165787602869349,0.31431102929592314,0.16177686291153065,0.2623097336982908,0.21204329830491103,0.36544489479142855,0.46771262578244055,0.4165787602869349,0.5197139213800726,0.1600420027072786,0.31431102929592253,0.21204329830491098,0.16090943280940465,0.21204329830491098,0.2631771638004168,0.21204329830491098,0.16090943280940465,0.16090943280940465,0.16090943280940462,0.2631771638004168,0.31431102929592253,0.1609094328094047,0.16090943280940465,0.11064299741602433,0.3134435991937972,0.2631771638004168,0.10977556731389833,0.21204329830491103,0.16090943280940465,0.16090943280940465,0.21204329830491103,0.16090943280940465,0.16090943280940465,0.21204329830491098,0.16177686291153065,0.21117586820278497,0.16090943280940465,0.10977556731389833,0.1617768629115306,0.21117586820278497,0.16090943280940465,0.16090943280940462,0.16090943280940462,0.3143110292959226,0.10977556731389833,0.16090943280940462,0.16090943280940465,0.10977556731389833,0.16090943280940465,0.3143110292959231,0.16090943280940465,0.21204329830491078,0.21204329830491098,0.16090943280940465,0.2631771638004168,0.21204329830491098,0.2631771638004168,0.16090943280940465,0.16090943280940465,0.16090943280940465,0.16090943280940465,0.21204329830491078,0.10977556731389833,0.2640445939025428,0.1600420027072786,0.21204329830491103,0.3143110292959232,0.16090943280940462,0.10977556731389833,0.2631771638004168,0.16090943280940465,0.16090943280940465,0.16090943280940465,0.21204329830491103,0.21204329830491103,0.2631771638004168,0.16090943280940465,0.10977556731389833,0.16090943280940465,0.2631771638004168,0.26317716380041706,0.21204329830491098,0.16090943280940465,0.16090943280940465,0.16090943280940465,0.21204329830491098,0.2631771638004168,0.6731155178665894,0.3645774646893032,0.11064299741602433,0.3143110292959225,0.41571133018480816,0.5699803567734518,0.1918230450463833,0.0,0.0
0.42622318467040693,0.26693108196185983,0.16134314786046783,0.1604757177583418,0.21435397243669566,0.26649736691079684,0.10789860823317697,0.26693108196185983,0.21392025738563267,0.26693108196185983,0.1609094328094048,0.26693108196186005,0.16090943280940462,0.21392025738563267,0.21435397243669566,0.21348654233456965,0.1609094328094048,0.26693108196185983,0.1609094328094048,0.21392025738563267,0.26693108196185983,0.21392025738563264,0.21392025738563267,0.10789860823317697,0.21435397243669566,0.31950819148702364,0.21392025738563267,0.16090943280940478,0.21392025738563264,0.3729527311143144,0.2669310819618601,0.10833232328423999,0.21348654233456965,0.1609094328094048,0.3199419065380867,0.42596355569054134,0.3729527311143144,0.47940809531783235,0.10746489318211397,0.26693108196185983,0.1609094328094048,0.10789860823317697,0.1609094328094048,0.21392025738563264,0.1609094328094048,0.10789860823317697,0.10789860823317697,0.10789860823317697,0.21392025738563267,0.26693108196185983,0.10789860823317697,0.10789860823317697,0.055321498708012146,0.26649736691079706,0.21392025738563267,0.05488778365694914,0.1609094328094048,0.107898608233177,0.107898608233177,0.1609094328094048,0.10789860823317697,0.10789860823317697,0.16090943280940478,0.10833232328423999,0.1604757177583418,0.10789860823317697,0.05488778365694914,0.10833232328423999,0.1604757177583418,0.10789860823317697,0.10789860823317697,0.10789860823317697,0.26693108196185983,0.05488778365694914,0.10789860823317697,0.10789860823317697,0.05488778365694914,0.10789860823317697,0.26693108196186005,0.10789860823317697,0.16090943280940462,0.1609094328094048,0.107898608233177,0.21392025738563267,0.1609094328094048,0.21392025738563267,0.10789860823317697,0.10789860823317697,0.10789860823317696,0.10789860823317697,0.16090943280940462,0.05488778365694914,0.21435397243669566,0.10746489318211397,0.1609094328094048,0.26693108196186016,0.10789860823317697,0.05488778365694914,0.21392025738563267,0.10789860823317697,0.10789860823317697,0.10789860823317697,0.1609094328094048,0.1609094328094048,0.21392025738563264,0.10789860823317697,0.05488778365694914,0.10789860823317697,0.21392025738563264,0.21392025738563256,0.1609094328094048,0.10789860823317697,0.107898608233177,0.107898608233177,0.1609094328094048,0.21392025738563267,0.6384405690465131,0.3195081914870243,0.055321498708012146,0.26693108196185983,0.37251901606325044,0.531985204842996,0.17824319800861546,0.0,0.0
0.4682318837421718,0.31431102929592336,0.2170273121813082,0.20705928442851382,0.26816117767681447,0.30932701541952623,0.16090943280940465,0.3143110292959233,0.2631771638004171,0.3143110292959234,0.21204329830491103,0.31431102929592347,0.21204329830491075,0.26317716380041717,0.2681611776768143,0.2581931499240199,0.21204329830491103,0.31431102929592347,0.21204329830491103,0.2631771638004172,0.3143110292959234,0.2631771638004171,0.26317716380041717,0.16090943280940462,0.2681611776768143,0.36046088091503165,0.26317716380041717,0.21204329830491103,0.2631771638004173,0.4165787602869349,0.3143110292959236,0.16589344668580183,0.2581931499240199,0.21204329830491106,0.36544489479142894,0.46771262578244055,0.4165787602869351,0.5238305051543438,0.15592541893300746,0.31431102929592336,0.21204329830491103,0.16090943280940462,0.21204329830491103,0.2631771638004172,0.21204329830491103,0.16090943280940465,0.16090943280940465,0.16090943280940465,0.26317716380041717,0.31431102929592336,0.1609094328094047,0.16090943280940465,0.11475958119029551,0.30932701541952623,0.26317716380041717,0.10977556731389833,0.21204329830491103,0.1609094328094047,0.16090943280940465,0.21204329830491106,0.16090943280940465,0.16090943280940465,0.21204329830491106,0.16589344668580186,0.20705928442851385,0.16090943280940465,0.10977556731389833,0.16589344668580183,0.20705928442851382,0.16090943280940462,0.16090943280940462,0.16090943280940465,0.3143110292959234,0.10977556731389833,0.16090943280940462,0.16090943280940465,0.10977556731389833,0.16090943280940465,0.3143110292959234,0.16090943280940465,0.21204329830491075,0.21204329830491103,0.1609094328094047,0.26317716380041717,0.21204329830491103,0.2631771638004171,0.16090943280940465,0.16090943280940465,0.1609094328094047,0.1609094328094047,0.21204329830491075,0.10977556731389833,0.2681611776768144,0.15592541893300743,0.21204329830491103,0.31431102929592347,0.16090943280940465,0.10977556731389833,0.26317716380041717,0.16090943280940465,0.16090943280940465,0.16090943280940465,0.21204329830491103,0.21204329830491106,0.2631771638004172,0.16090943280940465,0.10977556731389833,0.16090943280940465,0.26317716380041717,0.26317716380041717,0.21204329830491103,0.16090943280940465,0.16090943280940465,0.16090943280940465,0.21204329830491103,0.2631771638004172,0.6772321016408609,0.36046088091503214,0.11475958119029551,0.3143110292959234,0.4115947464105372,0.5699803567734522,0.1918230450463833,0.0,0.0
0.5102405828139364,0.3616909766299857,0.2644783089536056,0.2618760186472276,0.3137352153683902,0.3603898314767968,0.21392025738563228,0.3616909766299858,0.31243407021520114,0.3616909766299858,0.2631771638004166,0.36169097662998634,0.263177163800417,0.31243407021520114,0.31373521536839016,0.3111329250620122,0.2631771638004166,0.3616909766299857,0.2631771638004166,0.3124340702152012,0.3616909766299858,0.31243407021520114,0.3124340702152012,0.21392025738563228,0.3137352153683902,0.4096467378915809,0.31243407021520114,0.2631771638004166,0.3124340702152012,0.46020478945955523,0.36169097662998634,0.21522140253882127,0.3111329250620121,0.2631771638004167,0.41094788304477003,0.5094616958743394,0.4602047894595554,0.5600197474423129,0.2126191122324433,0.3616909766299858,0.2631771638004166,0.21392025738563228,0.26317716380041656,0.31243407021520114,0.26317716380041656,0.2139202573856323,0.21392025738563228,0.2139202573856323,0.3124340702152011,0.3616909766299857,0.21392025738563236,0.21392025738563228,0.1659644961240364,0.3603898314767974,0.3124340702152012,0.16466335097084742,0.2631771638004166,0.2139202573856323,0.21392025738563228,0.26317716380041667,0.21392025738563228,0.2139202573856323,0.2631771638004166,0.21522140253882135,0.26187601864722765,0.2139202573856323,0.16466335097084742,0.21522140253882127,0.2618760186472276,0.2139202573856323,0.21392025738563228,0.2139202573856323,0.3616909766299858,0.16466335097084742,0.2139202573856323,0.2139202573856323,0.16466335097084742,0.2139202573856323,0.36169097662998634,0.21392025738563228,0.263177163800417,0.2631771638004166,0.2139202573856323,0.3124340702152011,0.2631771638004166,0.31243407021520114,0.2139202573856323,0.2139202573856323,0.2139202573856323,0.21392025738563236,0.263177163800417,0.16466335097084742,0.3137352153683902,0.21261911223244329,0.2631771638004166,0.36169097662998634,0.21392025738563228,0.16466335097084742,0.3124340702152012,0.21392025738563228,0.2139202573856323,0.2139202573856323,0.26317716380041667,0.26317716380041667,0.31243407021520114,0.21392025738563228,0.16466335097084742,0.2139202573856323,0.3124340702152011,0.31243407021520164,0.2631771638004166,0.21392025738563228,0.2139202573856323,0.2139202573856323,0.2631771638004166,0.3124340702152012,0.7077904666866652,0.40964673789158185,0.1659644961240364,0.3616909766299857,0.4589036443063656,0.6079755087039078,0.20540289208415122,0.0,0.0
0.46823188374217184,0.31431102929592347,0.21428292299846075,0.20980367361136126,0.2654167884939672,0.3120714046023737,0.16090943280940465,0.31431102929592347,0.26317716380041745,0.31431102929592347,0.21204329830491103,0.31431102929592347,0.21204329830491075,0.26317716380041745,0.2654167884939672,0.26093753910686773,0.21204329830491103,0.31431102929592347,0.21204329830491103,0.2631771638004175,0.3143110292959236,0.26317716380041734,0.2631771638004175,0.16090943280940462,0.2654167884939672,0.36320527009787906,0.2631771638004175,0.21204329830491103,0.26317716380041745,0.41657876028693497,0.3143110292959236,0.1631490575029544,0.26093753910686773,0.21204329830491106,0.36544489479142894,0.46771262578244055,0.4165787602869351,0.5210861159714967,0.1586698081158549,0.31431102929592347,0.21204329830491103,0.16090943280940462,0.21204329830491103,0.2631771638004175,0.21204329830491103,0.16090943280940462,0.16090943280940465,0.16090943280940465,0.26317716380041734,0.31431102929592347,0.16090943280940465,0.16090943280940462,0.11201519200744808,0.3120714046023738,0.2631771638004175,0.10977556731389833,0.21204329830491103,0.16090943280940465,0.16090943280940465,0.21204329830491106,0.16090943280940462,0.16090943280940465,0.21204329830491106,0.1631490575029544,0.20980367361136132,0.16090943280940465,0.10977556731389833,0.16314905750295433,0.20980367361136126,0.16090943280940462,0.16090943280940462,0.16090943280940465,0.31431102929592347,0.10977556731389833,0.16090943280940465,0.16090943280940465,0.10977556731389833,0.16090943280940465,0.31431102929592347,0.16090943280940465,0.21204329830491075,0.21204329830491103,0.16090943280940465,0.26317716380041745,0.21204329830491103,0.26317716380041745,0.16090943280940465,0.16090943280940462,0.16090943280940465,0.16090943280940465,0.21204329830491075,0.10977556731389833,0.2654167884939672,0.15866980811585488,0.21204329830491103,0.3143110292959236,0.16090943280940465,0.10977556731389833,0.2631771638004175,0.16090943280940465,0.16090943280940465,0.16090943280940465,0.21204329830491103,0.21204329830491106,0.2631771638004175,0.16090943280940465,0.10977556731389833,0.16090943280940465,0.26317716380041745,0.2631771638004173,0.21204329830491103,0.16090943280940465,0.16090943280940465,0.16090943280940465,0.21204329830491103,0.2631771638004175,0.6744877124580136,0.36320527009787956,0.11201519200744808,0.31431102929592347,0.41433913559338464,0.5699803567734524,0.1918230450463833,0.0,0.0
0.4262231846704076,0.26693108196186033,0.16408753704331505,0.15773132857549413,0.21709836161954296,0.26375297772794987,0.10789860823317686,0.2669310819618603,0.21392025738563247,0.26693108196186033,0.16090943280940462,0.2669310819618603,0.1609094328094045,0.21392025738563247,0.2170983616195429,0.21074215315172204,0.16090943280940462,0.26693108196186033,0.16090943280940462,0.21392025738563247,0.2669310819618604,0.2139202573856325,0.21392025738563247,0.10789860823317686,0.217098361619543,0.31676380230417717,0.21392025738563247,0.16090943280940465,0.2139202573856325,0.3729527311143149,0.2669310819618602,0.11107671246708732,0.21074215315172204,0.16090943280940465,0.3199419065380877,0.42596355569054195,0.37295273111431504,0.48215248450068005,0.1047205039992664,0.2669310819618603,0.16090943280940462,0.10789860823317686,0.16090943280940456,0.21392025738563247,0.16090943280940456,0.10789860823317686,0.10789860823317686,0.10789860823317686,0.21392025738563247,0.2669310819618603,0.10789860823317683,0.10789860823317686,0.0580658878908596,0.2637529777279498,0.21392025738563247,0.05488778365694914,0.16090943280940465,0.10789860823317683,0.10789860823317683,0.16090943280940462,0.10789860823317686,0.10789860823317686,0.16090943280940465,0.11107671246708732,0.15773132857549413,0.10789860823317686,0.05488778365694914,0.11107671246708732,0.1577313285754941,0.10789860823317683,0.10789860823317686,0.10789860823317686,0.2669310819618604,0.05488778365694914,0.10789860823317686,0.10789860823317683,0.05488778365694914,0.10789860823317687,0.2669310819618602,0.10789860823317686,0.1609094328094045,0.16090943280940462,0.10789860823317683,0.21392025738563247,0.16090943280940462,0.21392025738563247,0.10789860823317686,0.10789860823317686,0.10789860823317683,0.10789860823317683,0.16090943280940448,0.05488778365694914,0.217098361619543,0.1047205039992664,0.16090943280940465,0.2669310819618603,0.10789860823317686,0.05488778365694914,0.21392025738563247,0.10789860823317686,0.10789860823317686,0.10789860823317686,0.16090943280940465,0.16090943280940465,0.21392025738563247,0.10789860823317686,0.05488778365694914,0.10789860823317686,0.21392025738563247,0.2139202573856323,0.16090943280940465,0.10789860823317686,0.10789860823317686,0.10789860823317686,0.16090943280940462,0.21392025738563247,0.6411849582293616,0.3167638023041773,0.0580658878908596,0.26693108196186033,0.36977462688040413,0.5319852048429967,0.17824319800861543,0.0,0.0
0.4262231846704076,0.26693108196185966,0.1627153424518914,0.15910352316691792,0.21572616702811925,0.26512517231937294,0.10789860823317692,0.26693108196185966,0.21392025738563247,0.26693108196185966,0.16090943280940465,0.26693108196185983,0.1609094328094047,0.21392025738563247,0.2157261670281192,0.21211434774314575,0.16090943280940465,0.26693108196185966,0.16090943280940465,0.21392025738563247,0.26693108196185966,0.2139202573856325,0.21392025738563247,0.10789860823317692,0.2157261670281192,0.3181359968955999,0.21392025738563247,0.1609094328094047,0.2139202573856325,0.37295273111431465,0.26693108196185983,0.10970451787566365,0.21211434774314575,0.16090943280940465,0.31994190653808663,0.42596355569054195,0.3729527311143147,0.48078028990925636,0.10609269859069019,0.26693108196185966,0.16090943280940465,0.10789860823317692,0.16090943280940465,0.21392025738563247,0.16090943280940465,0.10789860823317692,0.10789860823317692,0.10789860823317692,0.21392025738563247,0.26693108196185966,0.1078986082331769,0.10789860823317692,0.056693693299435875,0.26512517231937316,0.21392025738563247,0.05488778365694914,0.16090943280940465,0.1078986082331769,0.10789860823317692,0.16090943280940465,0.10789860823317692,0.10789860823317692,0.1609094328094047,0.10970451787566363,0.15910352316691795,0.10789860823317692,0.05488778365694914,0.10970451787566365,0.15910352316691792,0.10789860823317692,0.10789860823317692,0.10789860823317692,0.26693108196185966,0.05488778365694914,0.10789860823317692,0.10789860823317692,0.05488778365694914,0.10789860823317692,0.26693108196185983,0.10789860823317692,0.1609094328094047,0.16090943280940465,0.1078986082331769,0.21392025738563247,0.16090943280940465,0.21392025738563247,0.10789860823317692,0.10789860823317692,0.1078986082331769,0.10789860823317692,0.1609094328094047,0.05488778365694914,0.2157261670281192,0.10609269859069019,0.16090943280940465,0.2669310819618599,0.10789860823317692,0.05488778365694914,0.21392025738563247,0.10789860823317692,0.10789860823317692,0.10789860823317692,0.16090943280940465,0.16090943280940465,0.21392025738563247,0.10789860823317692,0.05488778365694914,0.10789860823317692,0.21392025738563247,0.2139202573856324,0.1609094328094047,0.10789860823317692,0.10789860823317692,0.10789860823317692,0.16090943280940465,0.2139202573856325,0.6398127636379372,0.31813599689560046,0.056693693299435875,0.26693108196185966,0.3711468214718274,0.5319852048429965,0.17824319800861546,0.0,0.0
0.42622318467040704,0.2669310819618597,0.16134314786046777,0.1604757177583418,0.21435397243669566,0.26649736691079684,0.10789860823317697,0.26693108196185983,0.21392025738563267,0.26693108196185983,0.1609094328094048,0.26693108196186005,0.16090943280940462,0.21392025738563267,0.21435397243669566,0.21348654233456965,0.1609094328094048,0.26693108196185983,0.1609094328094048,0.21392025738563267,0.26693108196185983,0.21392025738563264,0.21392025738563267,0.10789860823317697,0.21435397243669566,0.31950819148702364,0.21392025738563267,0.16090943280940478,0.21392025738563264,0.3729527311143144,0.2669310819618601,0.10833232328423999,0.21348654233456965,0.1609094328094048,0.31994190653808663,0.42596355569054134,0.3729527311143144,0.47940809531783235,0.10746489318211397,0.26693108196185983,0.1609094328094048,0.10789860823317697,0.16090943280940478,0.21392025738563264,0.1609094328094048,0.10789860823317697,0.10789860823317697,0.10789860823317697,0.21392025738563264,0.26693108196185983,0.10789860823317697,0.10789860823317697,0.055321498708012146,0.26649736691079706,0.21392025738563264,0.05488778365694914,0.1609094328094048,0.10789860823317697,0.10789860823317697,0.1609094328094048,0.10789860823317697,0.10789860823317697,0.16090943280940478,0.10833232328423999,0.1604757177583418,0.10789860823317697,0.05488778365694914,0.10833232328423999,0.1604757177583418,0.10789860823317697,0.10789860823317697,0.10789860823317697,0.26693108196185983,0.05488778365694914,0.10789860823317697,0.10789860823317697,0.05488778365694914,0.10789860823317697,0.26693108196186005,0.10789860823317697,0.16090943280940465,0.1609094328094048,0.10789860823317697,0.21392025738563264,0.1609094328094048,0.21392025738563267,0.10789860823317697,0.10789860823317697,0.10789860823317696,0.10789860823317696,0.16090943280940465,0.05488778365694914,0.21435397243669566,0.10746489318211397,0.1609094328094048,0.26693108196186016,0.10789860823317697,0.05488778365694914,0.21392025738563267,0.10789860823317697,0.10789860823317697,0.10789860823317697,0.1609094328094048,0.1609094328094048,0.21392025738563264,0.10789860823317697,0.05488778365694914,0.10789860823317697,0.21392025738563264,0.21392025738563256,0.1609094328094048,0.10789860823317697,0.10789860823317697,0.10789860823317697,0.1609094328094048,0.21392025738563267,0.638440569046513,0.3195081914870243,0.055321498708012146,0.26693108196185983,0.37251901606325044,0.531985204842996,0.17824319800861546,0.0,0.0
0.5102405828139366,0.3616909766299858,0.2658505035450292,0.26050382405580375,0.31510740995981396,0.35901763688537297,0.21392025738563222,0.3616909766299858,0.31243407021520125,0.3616909766299858,0.2631771638004165,0.36169097662998634,0.2631771638004171,0.3124340702152012,0.31510740995981396,0.30976073047058855,0.2631771638004165,0.3616909766299858,0.2631771638004165,0.31243407021520125,0.3616909766299859,0.31243407021520125,0.3124340702152012,0.21392025738563222,0.31510740995981407,0.4082745433001576,0.31243407021520125,0.26317716380041645,0.31243407021520125,0.46020478945955534,0.3616909766299863,0.216593597130245,0.30976073047058844,0.26317716380041656,0.4109478830447705,0.5094616958743396,0.4602047894595555,0.5613919420337369,0.2112469176410195,0.3616909766299858,0.2631771638004165,0.21392025738563222,0.2631771638004165,0.31243407021520125,0.2631771638004165,0.21392025738563228,0.21392025738563222,0.21392025738563222,0.3124340702152012,0.3616909766299859,0.21392025738563228,0.21392025738563228,0.16733669071546015,0.3590176368853735,0.3124340702152012,0.16466335097084742,0.26317716380041656,0.21392025738563228,0.21392025738563228,0.2631771638004165,0.21392025738563222,0.21392025738563222,0.26317716380041645,0.216593597130245,0.2605038240558038,0.21392025738563228,0.16466335097084742,0.21659359713024498,0.26050382405580375,0.21392025738563228,0.21392025738563228,0.21392025738563228,0.3616909766299858,0.16466335097084742,0.21392025738563222,0.21392025738563228,0.16466335097084742,0.21392025738563228,0.3616909766299863,0.21392025738563222,0.2631771638004171,0.2631771638004165,0.21392025738563228,0.3124340702152012,0.2631771638004165,0.3124340702152012,0.21392025738563222,0.21392025738563228,0.21392025738563228,0.21392025738563228,0.2631771638004171,0.16466335097084742,0.31510740995981396,0.2112469176410195,0.2631771638004165,0.3616909766299863,0.21392025738563222,0.16466335097084742,0.3124340702152013,0.21392025738563222,0.21392025738563222,0.21392025738563228,0.26317716380041656,0.2631771638004165,0.31243407021520125,0.21392025738563222,0.16466335097084742,0.21392025738563228,0.31243407021520125,0.3124340702152017,0.26317716380041656,0.21392025738563222,0.21392025738563228,0.21392025738563228,0.2631771638004165,0.31243407021520125,0.7091626612780897,0.40827454330015833,0.16733669071546015,0.3616909766299858,0.45753144971494225,0.6079755087039083,0.20540289208415122,0.0,0.0
0.5522492818857011,0.40907092396404937,0.32016247327444625,0.30845958531739986,0.3675424206085094,0.4032194799855261,0.26693108196186,0.40907092396404926,0.36169097662998634,0.4090709239640494,0.31431102929592303,0.40907092396404976,0.3143110292959234,0.36169097662998634,0.36754242060850956,0.3558395326514632,0.31431102929592303,0.40907092396404937,0.3143110292959231,0.36169097662998645,0.40907092396404954,0.3616909766299863,0.36169097662998634,0.26693108196186,0.3675424206085096,0.4505994273195892,0.36169097662998645,0.31431102929592303,0.3616909766299863,0.5038308186321759,0.4090709239640499,0.2727825259403832,0.3558395326514631,0.3143110292959231,0.4564508712981126,0.5512107659662382,0.503830818632176,0.6044421572788243,0.2610796379833368,0.4090709239640494,0.3143110292959231,0.26693108196186,0.31431102929592303,0.36169097662998645,0.31431102929592303,0.26693108196186,0.26693108196186,0.26693108196186005,0.3616909766299863,0.4090709239640494,0.26693108196186005,0.26693108196186005,0.2254025786063197,0.4032194799855266,0.36169097662998634,0.2195511346277965,0.3143110292959231,0.26693108196186005,0.26693108196186,0.3143110292959231,0.26693108196186,0.26693108196186,0.31431102929592303,0.27278252594038327,0.30845958531739986,0.26693108196186,0.2195511346277965,0.2727825259403832,0.3084595853173998,0.26693108196186005,0.26693108196186005,0.26693108196186005,0.4090709239640494,0.2195511346277965,0.26693108196186005,0.26693108196186005,0.2195511346277965,0.26693108196186,0.4090709239640497,0.26693108196186,0.3143110292959234,0.3143110292959231,0.26693108196186005,0.3616909766299863,0.3143110292959231,0.36169097662998634,0.26693108196186,0.26693108196186005,0.26693108196186005,0.26693108196186,0.3143110292959234,0.2195511346277965,0.3675424206085096,0.2610796379833368,0.31431102929592303,0.40907092396404987,0.26693108196186,0.2195511346277965,0.36169097662998634,0.26693108196186005,0.26693108196186,0.26693108196186,0.31431102929592303,0.31431102929592303,0.36169097662998645,0.26693108196186,0.2195511346277965,0.26693108196186005,0.36169097662998634,0.36169097662998667,0.31431102929592303,0.26693108196186,0.26693108196186,0.26693108196186,0.3143110292959231,0.36169097662998634,0.7465819992810138,0.4505994273195898,0.2254025786063197,0.4090709239640494,0.49797937465365216,0.6459706606343645,0.2189827391219191,0.0,0.0
0.4262231846704076,0.26693108196185966,0.1640875370433151,0.15773132857549418,0.2170983616195429,0.2637529777279493,0.10789860823317687,0.2669310819618597,0.21392025738563247,0.2669310819618597,0.16090943280940465,0.2669310819618599,0.16090943280940462,0.21392025738563247,0.21709836161954296,0.21074215315172198,0.16090943280940465,0.26693108196185966,0.16090943280940462,0.21392025738563247,0.2669310819618597,0.21392025738563247,0.21392025738563247,0.10789860823317687,0.21709836161954296,0.3167638023041769,0.21392025738563247,0.16090943280940465,0.21392025738563247,0.3729527311143149,0.2669310819618599,0.11107671246708734,0.21074215315172198,0.16090943280940465,0.3199419065380873,0.42596355569054195,0.37295273111431504,0.48215248450068005,0.10472050399926641,0.2669310819618597,0.16090943280940465,0.10789860823317687,0.16090943280940465,0.21392025738563247,0.16090943280940465,0.10789860823317687,0.10789860823317687,0.10789860823317687,0.21392025738563247,0.26693108196185966,0.10789860823317687,0.10789860823317687,0.0580658878908596,0.2637529777279494,0.21392025738563247,0.05488778365694914,0.16090943280940465,0.10789860823317687,0.10789860823317687,0.16090943280940465,0.10789860823317687,0.10789860823317687,0.1609094328094047,0.11107671246708732,0.15773132857549418,0.10789860823317687,0.05488778365694914,0.11107671246708736,0.15773132857549418,0.10789860823317687,0.10789860823317687,0.10789860823317687,0.2669310819618597,0.05488778365694914,0.1078986082331769,0.10789860823317687,0.05488778365694914,0.10789860823317687,0.2669310819618599,0.10789860823317687,0.16090943280940456,0.16090943280940465,0.10789860823317687,0.21392025738563247,0.16090943280940462,0.21392025738563242,0.10789860823317687,0.10789860823317687,0.10789860823317687,0.10789860823317687,0.16090943280940456,0.05488778365694914,0.21709836161954296,0.10472050399926644,0.16090943280940465,0.26693108196185994,0.10789860823317687,0.05488778365694914,0.21392025738563247,0.10789860823317687,0.10789860823317687,0.10789860823317687,0.16090943280940465,0.16090943280940465,0.21392025738563247,0.10789860823317687,0.05488778365694914,0.10789860823317687,0.21392025738563247,0.2139202573856323,0.1609094328094047,0.10789860823317687,0.10789860823317687,0.10789860823317687,0.16090943280940465,0.21392025738563247,0.6411849582293615,0.3167638023041773,0.0580658878908596,0.2669310819618597,0.36977462688040413,0.5319852048429965,0.17824319800861546,0.0,0.0
0.42622318467040743,0.26693108196185966,0.16545973163473887,0.15635913398407048,0.2184705562109667,0.2623807831365255,0.10789860823317692,0.26693108196185966,0.21392025738563247,0.26693108196185966,0.16090943280940465,0.26693108196185983,0.1609094328094047,0.2139202573856325,0.21847055621096664,0.20936995856029827,0.16090943280940465,0.26693108196185966,0.16090943280940465,0.21392025738563247,0.26693108196185966,0.21392025738563247,0.2139202573856325,0.10789860823317692,0.2184705562109667,0.3153916077127525,0.21392025738563247,0.1609094328094047,0.21392025738563247,0.3729527311143148,0.26693108196185983,0.1124489070585111,0.20936995856029827,0.16090943280940465,0.3199419065380867,0.42596355569054173,0.3729527311143148,0.4835246790921036,0.10334830940784273,0.26693108196185966,0.16090943280940465,0.10789860823317692,0.16090943280940465,0.21392025738563247,0.16090943280940465,0.10789860823317692,0.10789860823317692,0.10789860823317692,0.21392025738563242,0.26693108196185966,0.1078986082331769,0.10789860823317692,0.05943808248228334,0.2623807831365257,0.21392025738563247,0.05488778365694914,0.16090943280940465,0.1078986082331769,0.10789860823317692,0.16090943280940465,0.10789860823317692,0.10789860823317692,0.1609094328094047,0.11244890705851109,0.15635913398407048,0.10789860823317692,0.05488778365694914,0.1124489070585111,0.15635913398407048,0.10789860823317692,0.10789860823317692,0.10789860823317692,0.26693108196185966,0.05488778365694914,0.10789860823317692,0.10789860823317692,0.05488778365694914,0.10789860823317692,0.26693108196185983,0.10789860823317692,0.1609094328094047,0.16090943280940465,0.1078986082331769,0.21392025738563247,0.16090943280940465,0.21392025738563247,0.10789860823317692,0.10789860823317692,0.1078986082331769,0.1078986082331769,0.1609094328094047,0.05488778365694914,0.2184705562109667,0.10334830940784273,0.16090943280940465,0.2669310819618599,0.10789860823317692,0.05488778365694914,0.21392025738563247,0.10789860823317692,0.10789860823317692,0.10789860823317692,0.16090943280940465,0.16090943280940465,0.21392025738563247,0.10789860823317692,0.05488778365694914,0.10789860823317692,0.21392025738563247,0.2139202573856324,0.1609094328094047,0.10789860823317692,0.10789860823317692,0.10789860823317692,0.16090943280940465,0.2139202573856325,0.6425571528207846,0.31539160771275304,0.05943808248228334,0.26693108196185966,0.36840243228898006,0.5319852048429965,0.1782431980086155,0.0,0.0
0.3872504909560838,0.22403038401489653,0.1193098800156298,0.10472050399926648,0.18835332463787938,0.2194800851895623,0.056693693299435854,0.22128599483204903,0.1687088853068842,0.22265818942347276,0.11201519200744814,0.22128599483204894,0.11201519200744801,0.16596449612403671,0.17325918413221839,0.16278639189012625,0.11201519200744814,0.22403038401489653,0.11064299741602442,0.1687088853068842,0.22403038401489653,0.17008107989830792,0.16596449612403671,0.055321498708012125,0.17600357331506586,0.2816625568546926,0.16596449612403671,0.11338738659887186,0.17008107989830792,0.33330118683949606,0.22265818942347265,0.06124399212477005,0.16141419729870252,0.11201519200744814,0.2889572448628742,0.3968558530960499,0.3360455760223437,0.4553554560379727,0.08782045385111864,0.22403038401489653,0.11064299741602442,0.055321498708012125,0.1147595811902956,0.16596449612403671,0.11201519200744814,0.05806588789085959,0.056693693299435854,0.055321498708012125,0.16733669071546045,0.22540257860632024,0.058065887890859584,0.05943808248228332,0.010039077191029104,0.230457641920952,0.17008107989830792,0.0,0.1147595811902956,0.058065887890859584,0.056693693299435854,0.11613177578171935,0.05806588789085959,0.05806588789085959,0.12162055414741424,0.06261618671619379,0.10746489318211393,0.05806588789085959,0.0,0.06398838130761751,0.10746489318211395,0.058065887890859584,0.05806588789085959,0.05806588789085959,0.22265818942347276,0.0,0.05806588789085959,0.056693693299435854,0.0,0.06355466625655452,0.22265818942347265,0.056693693299435854,0.11201519200744801,0.11064299741602442,0.058065887890859584,0.1687088853068842,0.11064299741602442,0.17145327448973163,0.05806588789085959,0.05943808248228332,0.058065887890859584,0.056693693299435854,0.11201519200744801,0.0,0.17600357331506586,0.04939900529125421,0.11201519200744814,0.2240303840148964,0.055321498708012125,0.0,0.17145327448973163,0.056693693299435854,0.06081027707370706,0.05806588789085959,0.11338738659887189,0.11338738659887189,0.16596449612403671,0.056693693299435854,0.0,0.05943808248228332,0.16733669071546045,0.1659644961240366,0.11201519200744814,0.056693693299435854,0.055321498708012125,0.055321498708012125,0.11064299741602442,0.1687088853068842,0.6185755629791598,0.2761737784889977,0.010039077191029104,0.22814696778916768,0.33286747178843273,0.5020100721463787,0.17282546908115526,0.0,0.0
0.5492132765282589,0.40459167457694883,0.32572230107837535,0.2984205081263701,0.3589465874471379,0.38819638891809893,0.2651251723193727,0.4073360637597962,0.357645442293949,0.40596386916837257,0.31207140460237265,0.40733606375979736,0.3120714046023737,0.3603898314767965,0.3740407279527989,0.3426223512265227,0.3120714046023727,0.40459167457694883,0.3134435991937965,0.35764544229394907,0.4045916745769489,0.3562732477025252,0.3603898314767965,0.26649736691079645,0.37129633876995155,0.4282816482439801,0.3603898314767965,0.3106992100109489,0.35627324770252533,0.49985633373437305,0.40596386916837357,0.2815204579782228,0.3439945458179464,0.31207140460237276,0.4419325447199825,0.5385693984688306,0.49711194455152563,0.6032831110021043,0.21305282728350625,0.40459167457694883,0.3134435991937965,0.26649736691079645,0.30932701541952523,0.3603898314767965,0.3120714046023727,0.263752977727949,0.2651251723193727,0.2664973669107965,0.35901763688537264,0.40321947998552515,0.26375297772794903,0.2623807831365253,0.23045764192095158,0.3772188321867101,0.35627324770252533,0.2195511346277965,0.3093270154195253,0.263752977727949,0.26512517231937277,0.30795482082810155,0.2637529777279489,0.263752977727949,0.30246604246240655,0.2801482633867991,0.2956761189435227,0.263752977727949,0.2195511346277965,0.2787760687953753,0.2956761189435227,0.263752977727949,0.263752977727949,0.263752977727949,0.40596386916837257,0.2195511346277965,0.263752977727949,0.26512517231937277,0.2195511346277965,0.25826419936225414,0.40596386916837357,0.2651251723193727,0.3120714046023737,0.31344359919379644,0.263752977727949,0.357645442293949,0.3134435991937965,0.3549010531111015,0.263752977727949,0.2623807831365253,0.263752977727949,0.2651251723193727,0.3120714046023737,0.2195511346277965,0.37129633876995166,0.2514742758433703,0.3120714046023727,0.40459167457694983,0.26649736691079645,0.2195511346277965,0.3549010531111016,0.2651251723193727,0.26100858854510156,0.263752977727949,0.3106992100109491,0.3106992100109491,0.3603898314767965,0.2651251723193727,0.2195511346277965,0.2623807831365253,0.35901763688537275,0.36038983147679743,0.3120714046023727,0.2651251723193727,0.26649736691079645,0.26649736691079645,0.31344359919379644,0.35764544229394907,0.7468661970339505,0.433770426609676,0.23045764192095158,0.40047509080267774,0.47934446430125116,0.6379506414005253,0.2108206210116115,0.0,0.0
0.5102405828139359,0.36169097662998523,0.2685948927278766,0.2577594348729565,0.31785179914266093,0.356273247702525,0.21392025738563228,0.3616909766299852,0.3124340702152007,0.36169097662998523,0.26317716380041656,0.3616909766299862,0.2631771638004171,0.31243407021520075,0.31785179914266093,0.3070163412877405,0.26317716380041656,0.36169097662998523,0.26317716380041656,0.31243407021520075,0.36169097662998523,0.3124340702152008,0.31243407021520075,0.21392025738563228,0.31785179914266093,0.4055301541173093,0.3124340702152007,0.2631771638004166,0.3124340702152008,0.46020478945955484,0.36169097662998606,0.21933798631309245,0.3070163412877405,0.26317716380041667,0.41094788304476954,0.5094616958743391,0.46020478945955495,0.5641363312165835,0.20850252845817208,0.3616909766299852,0.26317716380041656,0.21392025738563228,0.26317716380041656,0.3124340702152007,0.26317716380041656,0.21392025738563228,0.21392025738563228,0.21392025738563228,0.3124340702152007,0.36169097662998523,0.2139202573856323,0.21392025738563228,0.1700810798983076,0.35627324770252594,0.31243407021520075,0.16466335097084742,0.2631771638004166,0.21392025738563228,0.21392025738563228,0.2631771638004166,0.21392025738563228,0.21392025738563228,0.2631771638004166,0.2193379863130925,0.2577594348729565,0.2139202573856323,0.16466335097084742,0.21933798631309245,0.2577594348729565,0.21392025738563228,0.21392025738563228,0.21392025738563228,0.36169097662998523,0.16466335097084742,0.21392025738563228,0.21392025738563228,0.16466335097084742,0.21392025738563228,0.3616909766299861,0.21392025738563228,0.2631771638004171,0.26317716380041656,0.21392025738563228,0.3124340702152007,0.26317716380041656,0.3124340702152007,0.2139202573856323,0.21392025738563228,0.2139202573856323,0.2139202573856323,0.2631771638004171,0.16466335097084742,0.31785179914266093,0.20850252845817208,0.2631771638004166,0.3616909766299861,0.21392025738563228,0.16466335097084742,0.31243407021520075,0.21392025738563228,0.21392025738563228,0.21392025738563228,0.26317716380041667,0.2631771638004166,0.3124340702152007,0.21392025738563228,0.16466335097084742,0.2139202573856323,0.3124340702152007,0.31243407021520164,0.2631771638004166,0.21392025738563228,0.21392025738563228,0.21392025738563228,0.26317716380041656,0.31243407021520075,0.7119070504609359,0.4055301541173103,0.1700810798983076,0.36169097662998523,0.45478706053209383,0.6079755087039077,0.2054028920841513,0.0,0.0
0.38421448559864285,0.21955113462779705,0.10977556731389843,0.10977556731389843,0.16466335097084772,0.21955113462779705,0.05488778365694912,0.21955113462779705,0.16466335097084772,0.21955113462779705,0.10977556731389843,0.21955113462779693,0.10977556731389825,0.16466335097084772,0.16466335097084772,0.16466335097084772,0.10977556731389843,0.21955113462779705,0.10977556731389843,0.16466335097084772,0.21955113462779705,0.16466335097084772,0.16466335097084772,0.05488778365694912,0.16466335097084772,0.27443891828474554,0.16466335097084772,0.10977556731389843,0.16466335097084772,0.3293267019416944,0.21955113462779693,0.05488778365694912,0.16466335097084772,0.10977556731389843,0.27443891828474554,0.3842144855986429,0.3293267019416944,0.43910226925559226,0.05488778365694912,0.21955113462779705,0.10977556731389843,0.05488778365694912,0.10977556731389843,0.16466335097084772,0.10977556731389843,0.05488778365694912,0.05488778365694912,0.05488778365694912,0.16466335097084772,0.21955113462779705,0.05488778365694912,0.05488778365694912,0.0,0.21955113462779693,0.16466335097084772,0.0,0.10977556731389843,0.05488778365694912,0.05488778365694912,0.10977556731389843,0.05488778365694912,0.05488778365694912,0.10977556731389843,0.05488778365694912,0.10977556731389843,0.05488778365694912,0.0,0.05488778365694912,0.10977556731389843,0.05488778365694912,0.05488778365694912,0.05488778365694912,0.21955113462779705,0.0,0.05488778365694912,0.05488778365694912,0.0,0.05488778365694912,0.21955113462779693,0.05488778365694912,0.10977556731389825,0.10977556731389843,0.05488778365694912,0.16466335097084772,0.10977556731389843,0.16466335097084772,0.05488778365694912,0.05488778365694912,0.05488778365694912,0.05488778365694912,0.10977556731389825,0.0,0.16466335097084772,0.05488778365694912,0.10977556731389843,0.21955113462779693,0.05488778365694912,0.0,0.16466335097084772,0.05488778365694912,0.05488778365694912,0.05488778365694912,0.10977556731389843,0.10977556731389843,0.16466335097084772,0.05488778365694912,0.0,0.05488778365694912,0.16466335097084772,0.16466335097084758,0.10977556731389843,0.05488778365694912,0.05488778365694912,0.05488778365694912,0.10977556731389843,0.16466335097084772,0.6037656202264375,0.27443891828474576,0.0,0.21955113462779705,0.32932670194169383,0.49399005291254056,0.16466335097084758,0.0,0.0
0.4682318837421718,0.31431102929592214,0.2170273121813081,0.20705928442851373,0.26816117767681374,0.309327015419525,0.16090943280940465,0.3143110292959221,0.2631771638004168,0.31431102929592214,0.21204329830491095,0.31431102929592286,0.2120432983049109,0.26317716380041667,0.2681611776768139,0.2581931499240196,0.21204329830491095,0.3143110292959221,0.21204329830491095,0.2631771638004167,0.3143110292959221,0.2631771638004168,0.26317716380041667,0.16090943280940465,0.2681611776768139,0.3604608809150306,0.26317716380041667,0.2120432983049109,0.2631771638004168,0.4165787602869346,0.31431102929592286,0.16589344668580183,0.2581931499240196,0.21204329830491098,0.36544489479142783,0.4677126257824405,0.4165787602869347,0.5238305051543436,0.15592541893300746,0.31431102929592214,0.21204329830491095,0.16090943280940465,0.2120432983049109,0.26317716380041667,0.21204329830491095,0.16090943280940465,0.16090943280940465,0.16090943280940465,0.26317716380041667,0.31431102929592214,0.16090943280940465,0.16090943280940465,0.11475958119029551,0.30932701541952573,0.2631771638004167,0.10977556731389833,0.21204329830491095,0.16090943280940465,0.16090943280940465,0.21204329830491095,0.16090943280940465,0.16090943280940465,0.21204329830491098,0.16589344668580183,0.20705928442851376,0.16090943280940465,0.10977556731389833,0.16589344668580183,0.20705928442851373,0.16090943280940465,0.16090943280940465,0.16090943280940465,0.3143110292959221,0.10977556731389833,0.16090943280940465,0.16090943280940465,0.10977556731389833,0.16090943280940465,0.31431102929592286,0.16090943280940465,0.2120432983049109,0.21204329830491095,0.16090943280940465,0.2631771638004167,0.21204329830491095,0.2631771638004167,0.16090943280940465,0.16090943280940465,0.16090943280940465,0.16090943280940465,0.2120432983049109,0.10977556731389833,0.2681611776768139,0.15592541893300743,0.21204329830491098,0.31431102929592286,0.16090943280940465,0.10977556731389833,0.2631771638004167,0.16090943280940465,0.16090943280940465,0.16090943280940465,0.21204329830491098,0.21204329830491095,0.26317716380041667,0.16090943280940465,0.10977556731389833,0.16090943280940465,0.2631771638004167,0.2631771638004171,0.21204329830491098,0.16090943280940465,0.16090943280940465,0.16090943280940465,0.21204329830491095,0.2631771638004167,0.6772321016408602,0.3604608809150315,0.11475958119029551,0.31431102929592214,0.41159474641053667,0.569980356773452,0.1918230450463834,0.0,0.0
0.4262231846704072,0.26693108196185966,0.16408753704331516,0.15773132857549424,0.2170983616195429,0.2637529777279493,0.10789860823317694,0.26693108196185966,0.21392025738563247,0.26693108196185966,0.1609094328094047,0.2669310819618599,0.1609094328094047,0.2139202573856325,0.217098361619543,0.21074215315172204,0.1609094328094047,0.26693108196185966,0.1609094328094047,0.21392025738563247,0.26693108196185966,0.21392025738563256,0.21392025738563247,0.10789860823317694,0.217098361619543,0.31676380230417617,0.21392025738563247,0.1609094328094047,0.2139202573856325,0.3729527311143142,0.2669310819618599,0.11107671246708739,0.21074215315172204,0.1609094328094047,0.31994190653808663,0.42596355569054156,0.3729527311143142,0.4821524845006799,0.10472050399926645,0.26693108196185966,0.1609094328094047,0.10789860823317694,0.1609094328094047,0.2139202573856325,0.1609094328094047,0.10789860823317694,0.10789860823317694,0.10789860823317694,0.2139202573856325,0.26693108196185966,0.10789860823317692,0.10789860823317692,0.0580658878908596,0.26375297772794953,0.21392025738563247,0.05488778365694914,0.1609094328094047,0.10789860823317694,0.10789860823317694,0.1609094328094047,0.10789860823317694,0.10789860823317694,0.1609094328094047,0.11107671246708738,0.15773132857549424,0.10789860823317694,0.05488778365694914,0.11107671246708739,0.15773132857549424,0.10789860823317694,0.10789860823317694,0.10789860823317694,0.26693108196185966,0.05488778365694914,0.10789860823317694,0.10789860823317694,0.05488778365694914,0.10789860823317694,0.2669310819618599,0.10789860823317694,0.1609094328094047,0.1609094328094047,0.10789860823317694,0.21392025738563256,0.1609094328094047,0.21392025738563247,0.10789860823317694,0.10789860823317692,0.10789860823317692,0.10789860823317692,0.1609094328094047,0.05488778365694914,0.21709836161954296,0.10472050399926648,0.1609094328094047,0.26693108196185994,0.10789860823317694,0.05488778365694914,0.21392025738563247,0.10789860823317694,0.10789860823317694,0.10789860823317694,0.1609094328094047,0.1609094328094047,0.2139202573856325,0.10789860823317694,0.05488778365694914,0.10789860823317692,0.21392025738563256,0.21392025738563247,0.1609094328094047,0.10789860823317694,0.10789860823317692,0.10789860823317692,0.1609094328094047,0.21392025738563247,0.641184958229361,0.3167638023041767,0.0580658878908596,0.26693108196185966,0.369774626880403,0.5319852048429964,0.1782431980086155,0.0,0.0
0.4262231846704069,0.26693108196185966,0.16271534245189145,0.159103523166918,0.21572616702811925,0.265125172319373,0.10789860823317696,0.26693108196185966,0.21392025738563256,0.26693108196185966,0.16090943280940473,0.26693108196185994,0.1609094328094047,0.2139202573856325,0.21572616702811925,0.21211434774314578,0.16090943280940473,0.26693108196185966,0.16090943280940473,0.2139202573856325,0.26693108196185966,0.2139202573856325,0.2139202573856325,0.10789860823317696,0.21572616702811928,0.3181359968955999,0.2139202573856325,0.16090943280940473,0.2139202573856325,0.3729527311143142,0.26693108196186,0.1097045178756637,0.21211434774314578,0.16090943280940473,0.3199419065380866,0.42596355569054134,0.3729527311143142,0.48078028990925614,0.1060926985906902,0.26693108196185966,0.16090943280940473,0.10789860823317696,0.16090943280940473,0.2139202573856325,0.16090943280940473,0.10789860823317696,0.10789860823317696,0.10789860823317696,0.2139202573856325,0.26693108196185966,0.10789860823317694,0.10789860823317696,0.056693693299435875,0.26512517231937327,0.2139202573856325,0.05488778365694914,0.16090943280940473,0.10789860823317696,0.10789860823317696,0.16090943280940473,0.10789860823317696,0.10789860823317696,0.16090943280940473,0.10970451787566367,0.159103523166918,0.10789860823317696,0.05488778365694914,0.1097045178756637,0.159103523166918,0.10789860823317696,0.10789860823317694,0.10789860823317696,0.26693108196185966,0.05488778365694914,0.10789860823317696,0.10789860823317696,0.05488778365694914,0.10789860823317694,0.26693108196185994,0.10789860823317696,0.1609094328094047,0.16090943280940473,0.10789860823317696,0.21392025738563256,0.16090943280940473,0.21392025738563256,0.10789860823317696,0.10789860823317694,0.10789860823317694,0.10789860823317694,0.1609094328094047,0.05488778365694914,0.21572616702811925,0.10609269859069022,0.16090943280940473,0.26693108196186,0.10789860823317696,0.05488778365694914,0.2139202573856325,0.10789860823317696,0.10789860823317696,0.10789860823317696,0.16090943280940473,0.1609094328094047,0.2139202573856325,0.10789860823317696,0.05488778365694914,0.10789860823317696,0.21392025738563256,0.21392025738563256,0.16090943280940473,0.10789860823317696,0.10789860823317694,0.10789860823317694,0.16090943280940473,0.2139202573856325,0.639812763637937,0.31813599689560046,0.056693693299435875,0.26693108196185966,0.37114682147182676,0.5319852048429963,0.1782431980086155,0.0,0.0
0.46823188374217184,0.3143110292959224,0.21839950677273182,0.20568708983708994,0.2695333722682374,0.30795482082810155,0.16090943280940462,0.3143110292959224,0.26317716380041667,0.3143110292959225,0.2120432983049109,0.31431102929592303,0.2120432983049109,0.26317716380041667,0.2695333722682375,0.25682095533259586,0.2120432983049109,0.3143110292959224,0.21204329830491087,0.2631771638004166,0.3143110292959225,0.2631771638004167,0.2631771638004166,0.16090943280940456,0.2695333722682375,0.3590886863236076,0.2631771638004166,0.2120432983049109,0.2631771638004167,0.41657876028693475,0.3143110292959229,0.16726564127722554,0.25682095533259586,0.2120432983049109,0.3654448947914284,0.46771262578244066,0.4165787602869349,0.5252026997457674,0.15455322434158367,0.3143110292959224,0.21204329830491087,0.16090943280940456,0.2120432983049109,0.26317716380041667,0.2120432983049109,0.16090943280940465,0.16090943280940462,0.16090943280940456,0.26317716380041667,0.3143110292959224,0.16090943280940465,0.16090943280940456,0.11613177578171927,0.307954820828102,0.2631771638004166,0.10977556731389833,0.2120432983049109,0.16090943280940465,0.16090943280940462,0.2120432983049109,0.16090943280940462,0.16090943280940462,0.2120432983049109,0.1672656412772255,0.20568708983708997,0.16090943280940465,0.10977556731389833,0.16726564127722549,0.20568708983708994,0.16090943280940456,0.16090943280940456,0.16090943280940456,0.3143110292959225,0.10977556731389833,0.16090943280940456,0.16090943280940456,0.10977556731389833,0.16090943280940462,0.3143110292959229,0.16090943280940462,0.2120432983049109,0.21204329830491087,0.16090943280940465,0.26317716380041667,0.21204329830491087,0.2631771638004166,0.16090943280940462,0.16090943280940456,0.16090943280940465,0.16090943280940465,0.2120432983049109,0.10977556731389833,0.2695333722682375,0.15455322434158367,0.2120432983049109,0.31431102929592303,0.16090943280940456,0.10977556731389833,0.2631771638004166,0.16090943280940462,0.16090943280940462,0.16090943280940462,0.2120432983049109,0.2120432983049109,0.26317716380041667,0.16090943280940462,0.10977556731389833,0.16090943280940462,0.26317716380041667,0.263177163800417,0.2120432983049109,0.16090943280940462,0.16090943280940462,0.16090943280940462,0.21204329830491087,0.26317716380041667,0.6786042962322847,0.3590886863236082,0.11613177578171927,0.3143110292959224,0.4102225518191133,0.5699803567734523,0.19182304504638337,0.0,0.0
0.42622318467040743,0.26693108196185966,0.16408753704331516,0.1577313285754942,0.21709836161954296,0.2637529777279493,0.10789860823317692,0.26693108196185966,0.21392025738563247,0.26693108196185966,0.1609094328094047,0.2669310819618599,0.16090943280940473,0.21392025738563247,0.21709836161954296,0.21074215315172198,0.1609094328094047,0.26693108196185966,0.1609094328094047,0.21392025738563247,0.26693108196185966,0.21392025738563247,0.21392025738563247,0.10789860823317694,0.217098361619543,0.31676380230417617,0.21392025738563247,0.1609094328094047,0.2139202573856325,0.3729527311143144,0.2669310819618599,0.11107671246708738,0.21074215315172204,0.1609094328094047,0.31994190653808663,0.4259635556905418,0.3729527311143144,0.4821524845006799,0.10472050399926645,0.26693108196185966,0.1609094328094047,0.10789860823317694,0.1609094328094047,0.21392025738563247,0.1609094328094047,0.10789860823317692,0.10789860823317692,0.10789860823317694,0.21392025738563247,0.26693108196185966,0.10789860823317692,0.10789860823317692,0.0580658878908596,0.26375297772794953,0.21392025738563247,0.05488778365694914,0.1609094328094047,0.10789860823317692,0.10789860823317692,0.1609094328094047,0.10789860823317692,0.10789860823317692,0.1609094328094047,0.11107671246708738,0.1577313285754942,0.10789860823317692,0.05488778365694914,0.11107671246708739,0.1577313285754942,0.10789860823317694,0.10789860823317694,0.10789860823317694,0.26693108196185966,0.05488778365694914,0.10789860823317694,0.10789860823317694,0.05488778365694914,0.10789860823317692,0.2669310819618599,0.10789860823317692,0.16090943280940473,0.1609094328094047,0.10789860823317692,0.2139202573856325,0.1609094328094047,0.21392025738563247,0.10789860823317692,0.10789860823317692,0.10789860823317692,0.10789860823317692,0.16090943280940473,0.05488778365694914,0.21709836161954296,0.10472050399926648,0.1609094328094047,0.26693108196185994,0.10789860823317694,0.05488778365694914,0.21392025738563247,0.10789860823317692,0.10789860823317694,0.10789860823317692,0.1609094328094047,0.1609094328094047,0.21392025738563247,0.10789860823317692,0.05488778365694914,0.10789860823317692,0.2139202573856325,0.21392025738563247,0.1609094328094047,0.10789860823317692,0.10789860823317692,0.10789860823317692,0.1609094328094047,0.21392025738563247,0.641184958229361,0.3167638023041767,0.0580658878908596,0.26693108196185966,0.3697746268804032,0.5319852048429965,0.1782431980086155,0.0,0.0
0.42622318467040743,0.26693108196185966,0.16408753704331516,0.15773132857549418,0.217098361619543,0.2637529777279493,0.10789860823317692,0.26693108196185966,0.21392025738563247,0.26693108196185966,0.16090943280940465,0.26693108196185983,0.1609094328094047,0.21392025738563247,0.217098361619543,0.21074215315172204,0.16090943280940465,0.26693108196185966,0.16090943280940465,0.21392025738563247,0.26693108196185966,0.2139202573856325,0.21392025738563247,0.10789860823317692,0.217098361619543,0.31676380230417617,0.21392025738563247,0.1609094328094047,0.2139202573856325,0.37295273111431465,0.26693108196185983,0.11107671246708736,0.21074215315172204,0.16090943280940465,0.31994190653808663,0.4259635556905418,0.3729527311143147,0.48215248450068005,0.10472050399926645,0.26693108196185966,0.16090943280940465,0.10789860823317692,0.16090943280940465,0.21392025738563247,0.16090943280940465,0.10789860823317692,0.10789860823317692,0.10789860823317692,0.21392025738563247,0.26693108196185966,0.1078986082331769,0.10789860823317692,0.0580658878908596,0.2637529777279494,0.21392025738563247,0.05488778365694914,0.16090943280940465,0.1078986082331769,0.10789860823317692,0.16090943280940465,0.10789860823317692,0.10789860823317692,0.1609094328094047,0.11107671246708736,0.1577313285754942,0.10789860823317692,0.05488778365694914,0.11107671246708738,0.15773132857549418,0.10789860823317692,0.10789860823317692,0.10789860823317692,0.26693108196185966,0.05488778365694914,0.10789860823317692,0.10789860823317692,0.05488778365694914,0.10789860823317692,0.26693108196185983,0.10789860823317692,0.1609094328094047,0.16090943280940465,0.1078986082331769,0.21392025738563247,0.16090943280940465,0.21392025738563247,0.10789860823317692,0.10789860823317692,0.1078986082331769,0.10789860823317692,0.1609094328094047,0.05488778365694914,0.217098361619543,0.10472050399926645,0.16090943280940465,0.2669310819618599,0.10789860823317692,0.05488778365694914,0.21392025738563247,0.10789860823317692,0.10789860823317692,0.10789860823317692,0.16090943280940465,0.16090943280940465,0.21392025738563247,0.10789860823317692,0.05488778365694914,0.10789860823317692,0.21392025738563247,0.2139202573856324,0.1609094328094047,0.10789860823317692,0.10789860823317692,0.10789860823317692,0.16090943280940465,0.2139202573856325,0.641184958229361,0.3167638023041767,0.0580658878908596,0.26693108196185966,0.3697746268804037,0.5319852048429965,0.17824319800861546,0.0,0.0
0.46823188374217195,0.3143110292959232,0.2238882851384267,0.20019831147139494,0.275022150633933,0.30246604246240755,0.16090943280940453,0.3143110292959232,0.263177163800417,0.31431102929592325,0.2120432983049108,0.31431102929592336,0.21204329830491087,0.26317716380041706,0.27502215063393287,0.2513321769669012,0.2120432983049108,0.3143110292959232,0.21204329830491078,0.2631771638004171,0.3143110292959233,0.263177163800417,0.26317716380041706,0.16090943280940453,0.275022150633933,0.35359990795791346,0.26317716380041706,0.2120432983049108,0.2631771638004171,0.41657876028693525,0.31431102929592336,0.17275441964292035,0.2513321769669012,0.21204329830491087,0.36544489479142944,0.46771262578244066,0.41657876028693547,0.5306914781114623,0.14906444597588875,0.31431102929592325,0.2120432983049108,0.16090943280940453,0.2120432983049108,0.263177163800417,0.2120432983049108,0.16090943280940456,0.16090943280940453,0.16090943280940453,0.26317716380041695,0.31431102929592325,0.16090943280940453,0.1609094328094045,0.12162055414741413,0.30246604246240755,0.2631771638004171,0.10977556731389833,0.2120432983049108,0.16090943280940453,0.16090943280940456,0.21204329830491087,0.16090943280940453,0.16090943280940453,0.21204329830491087,0.17275441964292035,0.200198311471395,0.16090943280940456,0.10977556731389833,0.17275441964292035,0.200198311471395,0.16090943280940453,0.16090943280940453,0.16090943280940453,0.31431102929592325,0.10977556731389833,0.16090943280940453,0.16090943280940456,0.10977556731389833,0.16090943280940456,0.3143110292959233,0.16090943280940453,0.2120432983049108,0.2120432983049108,0.16090943280940453,0.26317716380041695,0.21204329830491078,0.263177163800417,0.16090943280940453,0.1609094328094045,0.16090943280940453,0.16090943280940456,0.2120432983049108,0.10977556731389833,0.27502215063393304,0.14906444597588872,0.2120432983049108,0.31431102929592336,0.16090943280940453,0.10977556731389833,0.26317716380041706,0.16090943280940453,0.16090943280940453,0.16090943280940456,0.2120432983049108,0.21204329830491087,0.263177163800417,0.16090943280940453,0.10977556731389833,0.16090943280940453,0.26317716380041695,0.263177163800417,0.21204329830491087,0.16090943280940453,0.16090943280940453,0.16090943280940453,0.2120432983049108,0.26317716380041706,0.6840930745979804,0.35359990795791385,0.12162055414741413,0.31431102929592325,0.4047337734534194,0.5699803567734528,0.1918230450463833,0.0,0.0
0.42925919002784874,0.27141033134895914,0.16813307137935157,0.15816504362655714,0.2352995569208796,0.2691707066554095,0.10970451787566363,0.2686659421661117,0.21796579172166897,0.27003813675753546,0.1631490575029544,0.26866594216611184,0.16314905750295433,0.21522140253882147,0.22020541641521868,0.21435397243669546,0.1631490575029544,0.2714103313489592,0.1617768629115306,0.21796579172166897,0.2714103313489592,0.21933798631309268,0.21522140253882147,0.1083323232842399,0.22294980559806613,0.3294762192398187,0.21522140253882147,0.1645212520943781,0.21933798631309268,0.37692721601211676,0.27003813675753563,0.11194414256921335,0.2129817778452717,0.16314905750295436,0.3344602331162159,0.4386049231879492,0.3796716051949643,0.4929168929173658,0.1431419525591308,0.2714103313489592,0.16177686291153062,0.1083323232842399,0.16589344668580183,0.21522140253882147,0.16314905750295436,0.11107671246708736,0.10970451787566363,0.1083323232842399,0.21659359713024517,0.2727825259403829,0.11107671246708734,0.11244890705851109,0.0626161867161938,0.28014826338679943,0.21933798631309268,0.05488778365694914,0.16589344668580183,0.11107671246708734,0.10970451787566361,0.1672656412772256,0.11107671246708736,0.11107671246708736,0.17275441964292051,0.11331633716063708,0.16090943280940465,0.11107671246708736,0.05488778365694914,0.11468853175206083,0.16090943280940465,0.11107671246708736,0.11107671246708736,0.11107671246708736,0.27003813675753546,0.05488778365694914,0.11107671246708736,0.10970451787566361,0.05488778365694914,0.11656549083278225,0.2700381367575355,0.10970451787566363,0.1631490575029543,0.16177686291153062,0.11107671246708734,0.2179657917216689,0.1617768629115306,0.22071018090451633,0.11107671246708736,0.11244890705851109,0.11107671246708734,0.10970451787566361,0.1631490575029543,0.05488778365694914,0.22294980559806613,0.10472050399926644,0.16314905750295436,0.2714103313489594,0.1083323232842399,0.05488778365694914,0.22071018090451638,0.10970451787566363,0.11382110164993481,0.11107671246708736,0.1645212520943781,0.16452125209437812,0.21522140253882147,0.10970451787566363,0.05488778365694914,0.11244890705851109,0.21659359713024517,0.21522140253882135,0.16314905750295441,0.10970451787566363,0.10833232328423988,0.10833232328423988,0.16177686291153062,0.21796579172166897,0.650506122616389,0.32398744087412407,0.0626161867161938,0.27552691512323046,0.3788041750928378,0.5400052240768348,0.18640531611892314,0.0,0.0
0.4651958783847308,0.30983177990882393,0.21023738866242428,0.20936995856029827,0.2472155931926301,0.30665367567491353,0.1591035231669179,0.31257616909167135,0.25913162946438073,0.31120397450024767,0.20980367361136126,0.31257616909167146,0.209803673611361,0.26187601864722826,0.26230973369829125,0.2573257198218941,0.20980367361136126,0.30983177990882405,0.21117586820278503,0.25913162946438084,0.309831779908824,0.25775943487295705,0.26187601864722826,0.1604757177583416,0.2595653445154438,0.3504928531622374,0.26187601864722826,0.20843147901993755,0.2577594348729571,0.4126042753891332,0.31120397450024784,0.16228162740082835,0.2586979144133178,0.20980367361136132,0.35092656821330054,0.45507125828503353,0.40985988620628594,0.5103217075548108,0.12024835955599042,0.30983177990882393,0.21117586820278503,0.1604757177583416,0.20705928442851382,0.26187601864722826,0.20980367361136126,0.15773132857549418,0.1591035231669179,0.16047571775834163,0.26050382405580447,0.3084595853174002,0.15773132857549418,0.1563591339840704,0.10746489318211387,0.29567611894352375,0.2577594348729571,0.10977556731389833,0.20705928442851382,0.15773132857549418,0.15910352316691792,0.2056870898370901,0.15773132857549413,0.15773132857549413,0.20019831147139516,0.16090943280940465,0.20662556937745083,0.15773132857549418,0.10977556731389833,0.15953723821798085,0.20662556937745083,0.15773132857549413,0.15773132857549413,0.15773132857549413,0.31120397450024767,0.10977556731389833,0.15773132857549413,0.1591035231669179,0.10977556731389833,0.15224255020979927,0.31120397450024767,0.1591035231669179,0.209803673611361,0.21117586820278503,0.15773132857549418,0.2591316294643808,0.21117586820278503,0.25638724028153326,0.15773132857549413,0.1563591339840704,0.15773132857549418,0.15910352316691792,0.209803673611361,0.10977556731389833,0.25956534451544383,0.15866980811585488,0.20980367361136132,0.30983177990882405,0.16047571775834163,0.10977556731389833,0.2563872402815333,0.1591035231669179,0.1549869393926467,0.15773132857549418,0.20843147901993755,0.20843147901993755,0.26187601864722826,0.1591035231669179,0.10977556731389833,0.15635913398407042,0.26050382405580447,0.2618760186472282,0.20980367361136132,0.1591035231669179,0.16047571775834163,0.16047571775834163,0.21117586820278503,0.25913162946438084,0.6651665480709864,0.35598163152793266,0.10746489318211387,0.30571519613455284,0.40530958738095113,0.5619603375396142,0.18366092693607564,0.0,0.0
0.4262231846704076,0.26693108196186005,0.1640875370433151,0.15773132857549413,0.21709836161954296,0.2637529777279496,0.10789860823317687,0.26693108196186005,0.21392025738563247,0.2669310819618601,0.16090943280940465,0.2669310819618601,0.16090943280940453,0.21392025738563247,0.2170983616195429,0.21074215315172204,0.16090943280940465,0.26693108196186005,0.16090943280940462,0.21392025738563247,0.2669310819618601,0.2139202573856325,0.21392025738563247,0.10789860823317687,0.217098361619543,0.3167638023041771,0.21392025738563247,0.16090943280940465,0.2139202573856325,0.3729527311143149,0.2669310819618601,0.11107671246708732,0.21074215315172204,0.16090943280940465,0.3199419065380876,0.42596355569054195,0.37295273111431504,0.48215248450068005,0.1047205039992664,0.26693108196186005,0.16090943280940462,0.10789860823317687,0.16090943280940462,0.21392025738563247,0.16090943280940462,0.10789860823317687,0.10789860823317687,0.10789860823317686,0.21392025738563247,0.26693108196186005,0.10789860823317686,0.10789860823317687,0.0580658878908596,0.26375297772794964,0.21392025738563247,0.05488778365694914,0.16090943280940465,0.10789860823317686,0.10789860823317686,0.16090943280940465,0.10789860823317687,0.10789860823317687,0.16090943280940465,0.11107671246708732,0.15773132857549418,0.10789860823317687,0.05488778365694914,0.11107671246708734,0.15773132857549413,0.10789860823317687,0.10789860823317687,0.10789860823317687,0.2669310819618601,0.05488778365694914,0.10789860823317687,0.10789860823317686,0.05488778365694914,0.10789860823317687,0.26693108196186005,0.10789860823317687,0.1609094328094045,0.16090943280940465,0.10789860823317686,0.21392025738563247,0.16090943280940462,0.21392025738563247,0.10789860823317687,0.10789860823317687,0.10789860823317686,0.10789860823317686,0.1609094328094045,0.05488778365694914,0.217098361619543,0.1047205039992664,0.16090943280940465,0.26693108196186016,0.10789860823317686,0.05488778365694914,0.21392025738563247,0.10789860823317687,0.10789860823317686,0.10789860823317687,0.16090943280940465,0.16090943280940465,0.21392025738563247,0.10789860823317687,0.05488778365694914,0.10789860823317687,0.21392025738563247,0.2139202573856323,0.16090943280940465,0.10789860823317687,0.10789860823317686,0.10789860823317686,0.16090943280940465,0.21392025738563247,0.6411849582293616,0.3167638023041773,0.0580658878908596,0.26693108196186005,0.36977462688040413,0.5319852048429966,0.17824319800861543,0.0,0.0
0.38421448559864285,0.21955113462779705,0.10977556731389843,0.10977556731389843,0.16466335097084772,0.21955113462779705,0.05488778365694912,0.21955113462779705,0.16466335097084772,0.21955113462779705,0.10977556731389843,0.21955113462779693,0.10977556731389825,0.16466335097084772,0.16466335097084772,0.16466335097084772,0.10977556731389843,0.21955113462779705,0.10977556731389843,0.16466335097084772,0.21955113462779705,0.16466335097084772,0.16466335097084772,0.05488778365694912,0.16466335097084772,0.27443891828474554,0.16466335097084772,0.10977556731389843,0.16466335097084772,0.3293267019416944,0.21955113462779693,0.05488778365694912,0.16466335097084772,0.10977556731389843,0.27443891828474554,0.3842144855986429,0.3293267019416944,0.43910226925559226,0.05488778365694912,0.21955113462779705,0.10977556731389843,0.05488778365694912,0.10977556731389843,0.16466335097084772,0.10977556731389843,0.05488778365694912,0.05488778365694912,0.05488778365694912,0.16466335097084772,0.21955113462779705,0.05488778365694912,0.05488778365694912,0.0,0.21955113462779693,0.16466335097084772,0.0,0.10977556731389843,0.05488778365694912,0.05488778365694912,0.10977556731389843,0.05488778365694912,0.05488778365694912,0.10977556731389843,0.05488778365694912,0.10977556731389843,0.05488778365694912,0.0,0.05488778365694912,0.10977556731389843,0.05488778365694912,0.05488778365694912,0.05488778365694912,0.21955113462779705,0.0,0.05488778365694912,0.05488778365694912,0.0,0.05488778365694912,0.21955113462779693,0.05488778365694912,0.10977556731389825,0.10977556731389843,0.05488778365694912,0.16466335097084772,0.10977556731389843,0.16466335097084772,0.05488778365694912,0.05488778365694912,0.05488778365694912,0.05488778365694912,0.10977556731389825,0.0,0.16466335097084772,0.05488778365694912,0.10977556731389843,0.21955113462779693,0.05488778365694912,0.0,0.16466335097084772,0.05488778365694912,0.05488778365694912,0.05488778365694912,0.10977556731389843,0.10977556731389843,0.16466335097084772,0.05488778365694912,0.0,0.05488778365694912,0.16466335097084772,0.16466335097084758,0.10977556731389843,0.05488778365694912,0.05488778365694912,0.05488778365694912,0.10977556731389843,0.16466335097084772,0.6037656202264375,0.27443891828474576,0.0,0.21955113462779705,0.32932670194169383,0.49399005291254056,0.16466335097084758,0.0,0.0
0.4292591900278482,0.27141033134895937,0.16950526597077548,0.15679284903513363,0.2366717515123036,0.2677985120639859,0.10970451787566372,0.268665942166112,0.21796579172166916,0.27003813675753563,0.16314905750295458,0.2686659421661121,0.1631490575029543,0.21522140253882172,0.22157761100664264,0.21298177784527195,0.16314905750295458,0.27141033134895937,0.16177686291153084,0.21796579172166916,0.2714103313489594,0.21933798631309287,0.21522140253882172,0.10833232328423999,0.22432200018949008,0.3281040246483945,0.21522140253882172,0.1645212520943783,0.21933798631309287,0.3769272160121163,0.27003813675753585,0.1133163371606372,0.21160958325384824,0.16314905750295458,0.3344602331162154,0.43860492318794864,0.3796716051949637,0.4942890875087893,0.14176975796770716,0.2714103313489595,0.16177686291153084,0.10833232328423999,0.16589344668580203,0.21522140253882172,0.16314905750295458,0.11107671246708743,0.10970451787566372,0.10833232328423999,0.21659359713024542,0.2727825259403831,0.11107671246708746,0.11244890705851117,0.06398838130761751,0.278776068795376,0.21933798631309287,0.05488778365694914,0.16589344668580203,0.11107671246708746,0.10970451787566372,0.16726564127722576,0.11107671246708743,0.11107671246708743,0.17275441964292065,0.11468853175206092,0.1595372382179811,0.11107671246708743,0.05488778365694914,0.11606072634348463,0.1595372382179811,0.11107671246708746,0.11107671246708743,0.11107671246708743,0.2700381367575357,0.05488778365694914,0.11107671246708743,0.10970451787566372,0.05488778365694914,0.11656549083278236,0.2700381367575358,0.10970451787566372,0.1631490575029543,0.16177686291153084,0.11107671246708746,0.21796579172166916,0.16177686291153084,0.2207101809045166,0.11107671246708743,0.11244890705851117,0.11107671246708746,0.10970451787566372,0.1631490575029543,0.05488778365694914,0.22432200018949008,0.10334830940784279,0.16314905750295458,0.2714103313489596,0.10833232328423999,0.05488778365694914,0.2207101809045166,0.10970451787566372,0.11382110164993492,0.11107671246708743,0.1645212520943783,0.1645212520943783,0.21522140253882172,0.10970451787566372,0.05488778365694914,0.11244890705851117,0.21659359713024542,0.21522140253882155,0.16314905750295458,0.10970451787566372,0.10833232328424,0.10833232328424,0.16177686291153084,0.21796579172166916,0.6518783172078118,0.3226152462827001,0.06398838130761751,0.2755269151232306,0.3774319805014132,0.5400052240768344,0.18640531611892314,0.0,0.0
0.46519587838473014,0.309831779908823,0.21023738866242436,0.20936995856029833,0.24721559319263012,0.30665367567491253,0.15910352316691798,0.3125761690916704,0.25913162946438045,0.3112039745002466,0.20980367361136135,0.312576169091671,0.20980367361136135,0.26187601864722787,0.2623097336982909,0.25732571982189373,0.20980367361136135,0.3098317799088229,0.21117586820278506,0.25913162946438045,0.3098317799088229,0.25775943487295677,0.26187601864722787,0.1604757177583417,0.2595653445154435,0.35049285316223644,0.26187601864722787,0.20843147901993764,0.25775943487295677,0.4126042753891326,0.31120397450024734,0.16228162740082844,0.25869791441331746,0.20980367361136135,0.35092656821329943,0.4550712582850329,0.4098598862062852,0.5103217075548104,0.12024835955599053,0.3098317799088229,0.21117586820278506,0.1604757177583417,0.2070592844285139,0.26187601864722787,0.20980367361136135,0.15773132857549424,0.15910352316691798,0.1604757177583417,0.2605038240558042,0.30845958531739925,0.15773132857549424,0.1563591339840705,0.10746489318211387,0.29567611894352347,0.25775943487295677,0.10977556731389833,0.2070592844285139,0.1577313285754942,0.15910352316691795,0.20568708983709014,0.15773132857549424,0.15773132857549424,0.20019831147139525,0.1609094328094047,0.2066255693774509,0.15773132857549424,0.10977556731389833,0.159537238217981,0.2066255693774509,0.1577313285754942,0.15773132857549424,0.15773132857549424,0.3112039745002466,0.10977556731389833,0.15773132857549424,0.15910352316691795,0.10977556731389833,0.1522425502097993,0.3112039745002474,0.15910352316691798,0.20980367361136135,0.21117586820278506,0.1577313285754942,0.25913162946438045,0.21117586820278506,0.25638724028153304,0.15773132857549424,0.1563591339840705,0.15773132857549424,0.15910352316691798,0.20980367361136135,0.10977556731389833,0.2595653445154435,0.158669808115855,0.20980367361136135,0.3098317799088236,0.1604757177583417,0.10977556731389833,0.25638724028153304,0.15910352316691798,0.15498693939264677,0.15773132857549424,0.20843147901993764,0.20843147901993764,0.26187601864722787,0.15910352316691798,0.10977556731389833,0.1563591339840705,0.2605038240558042,0.26187601864722826,0.20980367361136135,0.15910352316691798,0.1604757177583417,0.1604757177583417,0.21117586820278506,0.25913162946438045,0.6651665480709854,0.35598163152793216,0.10746489318211387,0.30571519613455184,0.40530958738095,0.5619603375396134,0.18366092693607572,0.0,0.0
0.42622318467040693,0.26693108196185983,0.16408753704331527,0.15773132857549438,0.2170983616195431,0.2637529777279494,0.10789860823317697,0.26693108196185983,0.21392025738563267,0.26693108196185983,0.16090943280940484,0.26693108196186005,0.16090943280940462,0.21392025738563267,0.21709836161954316,0.21074215315172223,0.1609094328094048,0.26693108196185983,0.1609094328094048,0.21392025738563267,0.26693108196185983,0.21392025738563267,0.21392025738563267,0.107898608233177,0.2170983616195431,0.3167638023041763,0.21392025738563267,0.1609094328094048,0.21392025738563267,0.3729527311143144,0.2669310819618601,0.11107671246708743,0.21074215315172223,0.1609094328094048,0.3199419065380867,0.4259635556905414,0.3729527311143144,0.48215248450067977,0.10472050399926652,0.26693108196185983,0.1609094328094048,0.107898608233177,0.16090943280940484,0.21392025738563267,0.16090943280940484,0.107898608233177,0.10789860823317697,0.107898608233177,0.21392025738563267,0.26693108196185983,0.107898608233177,0.107898608233177,0.0580658878908596,0.26375297772794964,0.21392025738563267,0.05488778365694914,0.16090943280940484,0.107898608233177,0.107898608233177,0.16090943280940484,0.107898608233177,0.107898608233177,0.1609094328094048,0.11107671246708743,0.15773132857549435,0.107898608233177,0.05488778365694914,0.11107671246708743,0.15773132857549435,0.10789860823317697,0.107898608233177,0.107898608233177,0.26693108196185983,0.05488778365694914,0.107898608233177,0.10789860823317697,0.05488778365694914,0.107898608233177,0.26693108196186005,0.10789860823317697,0.16090943280940462,0.16090943280940484,0.107898608233177,0.21392025738563267,0.1609094328094048,0.21392025738563267,0.107898608233177,0.107898608233177,0.10789860823317697,0.107898608233177,0.16090943280940462,0.05488778365694914,0.2170983616195431,0.10472050399926652,0.1609094328094048,0.2669310819618601,0.107898608233177,0.05488778365694914,0.21392025738563267,0.107898608233177,0.107898608233177,0.107898608233177,0.16090943280940484,0.16090943280940484,0.21392025738563267,0.10789860823317697,0.05488778365694914,0.107898608233177,0.21392025738563267,0.21392025738563256,0.16090943280940484,0.10789860823317697,0.107898608233177,0.107898608233177,0.16090943280940484,0.21392025738563267,0.6411849582293606,0.3167638023041769,0.0580658878908596,0.26693108196185983,0.36977462688040313,0.531985204842996,0.17824319800861546,0.0,0.0
0.42622318467040704,0.26693108196185983,0.16408753704331527,0.15773132857549435,0.2170983616195431,0.2637529777279494,0.10789860823317697,0.26693108196185983,0.21392025738563267,0.26693108196185983,0.1609094328094048,0.26693108196186005,0.16090943280940462,0.21392025738563267,0.2170983616195431,0.21074215315172218,0.1609094328094048,0.26693108196185983,0.1609094328094048,0.21392025738563267,0.26693108196185983,0.21392025738563267,0.21392025738563267,0.10789860823317697,0.2170983616195431,0.3167638023041763,0.21392025738563267,0.1609094328094048,0.21392025738563267,0.3729527311143144,0.2669310819618601,0.11107671246708743,0.21074215315172218,0.16090943280940484,0.3199419065380867,0.4259635556905414,0.3729527311143144,0.48215248450067977,0.10472050399926652,0.26693108196185983,0.1609094328094048,0.10789860823317697,0.1609094328094048,0.21392025738563267,0.1609094328094048,0.107898608233177,0.10789860823317697,0.10789860823317697,0.21392025738563267,0.26693108196185983,0.107898608233177,0.10789860823317697,0.0580658878908596,0.26375297772794964,0.21392025738563267,0.05488778365694914,0.16090943280940484,0.107898608233177,0.10789860823317697,0.16090943280940484,0.10789860823317697,0.10789860823317697,0.1609094328094048,0.11107671246708743,0.15773132857549435,0.10789860823317697,0.05488778365694914,0.11107671246708743,0.15773132857549435,0.10789860823317697,0.10789860823317697,0.10789860823317697,0.26693108196185983,0.05488778365694914,0.10789860823317697,0.10789860823317697,0.05488778365694914,0.10789860823317697,0.26693108196186005,0.10789860823317697,0.16090943280940462,0.16090943280940484,0.107898608233177,0.21392025738563267,0.1609094328094048,0.21392025738563267,0.10789860823317697,0.10789860823317697,0.10789860823317697,0.107898608233177,0.16090943280940462,0.05488778365694914,0.2170983616195431,0.10472050399926652,0.16090943280940484,0.2669310819618601,0.10789860823317697,0.05488778365694914,0.21392025738563267,0.10789860823317697,0.10789860823317697,0.10789860823317697,0.16090943280940484,0.16090943280940484,0.21392025738563267,0.10789860823317697,0.05488778365694914,0.10789860823317697,0.21392025738563264,0.21392025738563256,0.1609094328094048,0.10789860823317697,0.10789860823317697,0.10789860823317697,0.16090943280940484,0.21392025738563267,0.6411849582293604,0.31676380230417683,0.0580658878908596,0.26693108196185983,0.36977462688040313,0.531985204842996,0.17824319800861546,0.0,0.0
0.42622318467040704,0.2669310819618597,0.16408753704331525,0.15773132857549435,0.2170983616195431,0.2637529777279494,0.10789860823317697,0.26693108196185983,0.21392025738563264,0.26693108196185983,0.1609094328094048,0.26693108196186005,0.16090943280940465,0.21392025738563264,0.21709836161954307,0.21074215315172218,0.1609094328094048,0.26693108196185983,0.1609094328094048,0.21392025738563264,0.26693108196185983,0.21392025738563264,0.21392025738563264,0.10789860823317697,0.21709836161954307,0.3167638023041762,0.21392025738563264,0.16090943280940478,0.21392025738563264,0.3729527311143144,0.2669310819618601,0.11107671246708743,0.21074215315172218,0.1609094328094048,0.3199419065380867,0.4259635556905414,0.3729527311143144,0.48215248450067977,0.10472050399926652,0.26693108196185983,0.1609094328094048,0.10789860823317697,0.16090943280940478,0.21392025738563264,0.1609094328094048,0.10789860823317697,0.10789860823317697,0.10789860823317697,0.21392025738563264,0.2669310819618597,0.10789860823317697,0.10789860823317697,0.0580658878908596,0.26375297772794964,0.21392025738563264,0.05488778365694914,0.1609094328094048,0.10789860823317697,0.10789860823317697,0.1609094328094048,0.10789860823317697,0.10789860823317697,0.16090943280940478,0.11107671246708742,0.15773132857549435,0.10789860823317697,0.05488778365694914,0.11107671246708743,0.15773132857549435,0.10789860823317697,0.10789860823317697,0.10789860823317697,0.26693108196185983,0.05488778365694914,0.10789860823317697,0.10789860823317697,0.05488778365694914,0.10789860823317697,0.26693108196186005,0.10789860823317697,0.16090943280940465,0.1609094328094048,0.10789860823317697,0.21392025738563264,0.1609094328094048,0.21392025738563264,0.10789860823317697,0.10789860823317697,0.10789860823317696,0.10789860823317696,0.16090943280940465,0.05488778365694914,0.2170983616195431,0.10472050399926652,0.1609094328094048,0.2669310819618601,0.10789860823317697,0.05488778365694914,0.21392025738563264,0.10789860823317697,0.10789860823317697,0.10789860823317697,0.1609094328094048,0.1609094328094048,0.21392025738563264,0.10789860823317697,0.05488778365694914,0.10789860823317697,0.21392025738563264,0.21392025738563256,0.1609094328094048,0.10789860823317697,0.10789860823317697,0.10789860823317697,0.1609094328094048,0.21392025738563264,0.6411849582293604,0.31676380230417683,0.0580658878908596,0.26693108196185983,0.369774626880403,0.531985204842996,0.17824319800861546,0.0,0.0
0.5522492818857,0.40907092396404826,0.31741808409159844,0.3112039745002469,0.3647980314256614,0.40596386916837257,0.26693108196185955,0.40907092396404826,0.3616909766299856,0.40907092396404826,0.31431102929592264,0.40907092396404926,0.31431102929592347,0.3616909766299856,0.3647980314256613,0.35858392183431,0.31431102929592264,0.40907092396404826,0.3143110292959227,0.3616909766299856,0.4090709239640483,0.3616909766299856,0.3616909766299856,0.26693108196185955,0.3647980314256613,0.4533438165024353,0.3616909766299857,0.31431102929592264,0.3616909766299856,0.5038308186321747,0.40907092396404926,0.27003813675753535,0.35858392183431,0.31431102929592275,0.4564508712981112,0.5512107659662375,0.5038308186321749,0.6016977680959763,0.2638240271661838,0.40907092396404826,0.3143110292959227,0.26693108196185955,0.31431102929592275,0.3616909766299857,0.3143110292959227,0.2669310819618595,0.26693108196185955,0.26693108196185955,0.3616909766299856,0.40907092396404826,0.2669310819618596,0.2669310819618596,0.2226581894234722,0.40596386916837357,0.3616909766299856,0.2195511346277965,0.3143110292959227,0.2669310819618596,0.2669310819618596,0.31431102929592275,0.26693108196185955,0.26693108196185955,0.31431102929592264,0.27003813675753535,0.3112039745002469,0.26693108196185955,0.2195511346277965,0.27003813675753535,0.31120397450024695,0.2669310819618596,0.2669310819618596,0.2669310819618596,0.40907092396404826,0.2195511346277965,0.26693108196185955,0.2669310819618596,0.2195511346277965,0.2669310819618596,0.40907092396404926,0.26693108196185955,0.31431102929592347,0.31431102929592264,0.2669310819618596,0.3616909766299856,0.3143110292959227,0.3616909766299856,0.2669310819618595,0.26693108196185955,0.2669310819618596,0.26693108196185955,0.31431102929592347,0.2195511346277965,0.36479803142566125,0.2638240271661838,0.31431102929592264,0.40907092396404926,0.26693108196185955,0.2195511346277965,0.3616909766299856,0.26693108196185955,0.26693108196185955,0.2669310819618596,0.31431102929592264,0.31431102929592275,0.3616909766299857,0.26693108196185955,0.2195511346277965,0.2669310819618596,0.3616909766299856,0.3616909766299866,0.3143110292959227,0.26693108196185955,0.26693108196185955,0.26693108196185955,0.31431102929592264,0.3616909766299856,0.7438376100981644,0.4533438165024365,0.2226581894234722,0.40907092396404826,0.5007237638364984,0.6459706606343631,0.2189827391219191,0.0,0.0
0.38421448559864285,0.21955113462779705,0.10977556731389843,0.10977556731389843,0.16466335097084772,0.21955113462779705,0.05488778365694912,0.21955113462779705,0.16466335097084772,0.21955113462779705,0.10977556731389843,0.21955113462779693,0.10977556731389825,0.16466335097084772,0.16466335097084772,0.16466335097084772,0.10977556731389843,0.21955113462779705,0.10977556731389843,0.16466335097084772,0.21955113462779705,0.16466335097084772,0.16466335097084772,0.05488778365694912,0.16466335097084772,0.27443891828474554,0.16466335097084772,0.10977556731389843,0.16466335097084772,0.3293267019416944,0.21955113462779693,0.05488778365694912,0.16466335097084772,0.10977556731389843,0.27443891828474554,0.3842144855986429,0.3293267019416944,0.43910226925559226,0.05488778365694912,0.21955113462779705,0.10977556731389843,0.05488778365694912,0.10977556731389843,0.16466335097084772,0.10977556731389843,0.05488778365694912,0.05488778365694912,0.05488778365694912,0.16466335097084772,0.21955113462779705,0.05488778365694912,0.05488778365694912,0.0,0.21955113462779693,0.16466335097084772,0.0,0.10977556731389843,0.05488778365694912,0.05488778365694912,0.10977556731389843,0.05488778365694912,0.05488778365694912,0.10977556731389843,0.05488778365694912,0.10977556731389843,0.05488778365694912,0.0,0.05488778365694912,0.10977556731389843,0.05488778365694912,0.05488778365694912,0.05488778365694912,0.21955113462779705,0.0,0.05488778365694912,0.05488778365694912,0.0,0.05488778365694912,0.21955113462779693,0.05488778365694912,0.10977556731389825,0.10977556731389843,0.05488778365694912,0.16466335097084772,0.10977556731389843,0.16466335097084772,0.05488778365694912,0.05488778365694912,0.05488778365694912,0.05488778365694912,0.10977556731389825,0.0,0.16466335097084772,0.05488778365694912,0.10977556731389843,0.21955113462779693,0.05488778365694912,0.0,0.16466335097084772,0.05488778365694912,0.05488778365694912,0.05488778365694912,0.10977556731389843,0.10977556731389843,0.16466335097084772,0.05488778365694912,0.0,0.05488778365694912,0.16466335097084772,0.16466335097084758,0.10977556731389843,0.05488778365694912,0.05488778365694912,0.05488778365694912,0.10977556731389843,0.16466335097084772,0.6037656202264375,0.27443891828474576,0.0,0.21955113462779705,0.32932670194169383,0.49399005291254056,0.16466335097084758,0.0,0.0
0.42622318467040704,0.2669310819618597,0.16408753704331525,0.15773132857549432,0.21709836161954307,0.26375297772794937,0.10789860823317696,0.2669310819618597,0.21392025738563264,0.2669310819618597,0.16090943280940478,0.26693108196186005,0.16090943280940465,0.21392025738563264,0.21709836161954307,0.21074215315172218,0.16090943280940478,0.2669310819618597,0.1609094328094048,0.21392025738563264,0.2669310819618597,0.21392025738563264,0.21392025738563264,0.10789860823317696,0.21709836161954307,0.3167638023041762,0.21392025738563264,0.16090943280940478,0.21392025738563264,0.3729527311143144,0.2669310819618601,0.11107671246708742,0.21074215315172215,0.16090943280940478,0.31994190653808663,0.42596355569054134,0.3729527311143143,0.4821524845006797,0.10472050399926652,0.2669310819618597,0.16090943280940478,0.10789860823317696,0.16090943280940478,0.21392025738563264,0.16090943280940478,0.10789860823317696,0.10789860823317696,0.10789860823317696,0.21392025738563264,0.2669310819618597,0.10789860823317696,0.10789860823317696,0.0580658878908596,0.26375297772794964,0.21392025738563264,0.05488778365694914,0.16090943280940478,0.10789860823317697,0.10789860823317696,0.16090943280940478,0.10789860823317696,0.10789860823317696,0.16090943280940476,0.11107671246708742,0.15773132857549432,0.10789860823317696,0.05488778365694914,0.11107671246708742,0.15773132857549432,0.10789860823317696,0.10789860823317696,0.10789860823317696,0.2669310819618597,0.05488778365694914,0.10789860823317696,0.10789860823317696,0.05488778365694914,0.10789860823317696,0.26693108196186005,0.10789860823317696,0.16090943280940465,0.16090943280940478,0.10789860823317697,0.21392025738563264,0.1609094328094048,0.21392025738563264,0.10789860823317697,0.10789860823317696,0.10789860823317696,0.10789860823317696,0.16090943280940465,0.05488778365694914,0.21709836161954307,0.10472050399926652,0.16090943280940478,0.26693108196186016,0.10789860823317696,0.05488778365694914,0.21392025738563264,0.10789860823317696,0.10789860823317696,0.10789860823317696,0.16090943280940478,0.16090943280940478,0.21392025738563264,0.10789860823317696,0.05488778365694914,0.10789860823317696,0.21392025738563264,0.21392025738563256,0.16090943280940478,0.10789860823317696,0.10789860823317696,0.10789860823317696,0.16090943280940478,0.21392025738563264,0.6411849582293604,0.31676380230417683,0.0580658878908596,0.2669310819618597,0.369774626880403,0.531985204842996,0.17824319800861546,0.0,0.0
0.42622318467040693,0.2669310819618597,0.16271534245189154,0.15910352316691806,0.2157261670281193,0.265125172319373,0.10789860823317696,0.26693108196185966,0.21392025738563258,0.26693108196185966,0.16090943280940476,0.26693108196186005,0.16090943280940465,0.21392025738563258,0.2157261670281193,0.21211434774314586,0.16090943280940476,0.26693108196185966,0.16090943280940478,0.21392025738563258,0.26693108196185966,0.21392025738563258,0.21392025738563258,0.10789860823317696,0.21572616702811928,0.3181359968955999,0.21392025738563258,0.16090943280940478,0.21392025738563258,0.3729527311143143,0.26693108196186005,0.1097045178756637,0.21211434774314586,0.16090943280940478,0.3199419065380866,0.42596355569054134,0.3729527311143143,0.480780289909256,0.10609269859069022,0.26693108196185966,0.16090943280940478,0.10789860823317696,0.16090943280940478,0.21392025738563258,0.16090943280940478,0.10789860823317696,0.10789860823317696,0.10789860823317696,0.21392025738563258,0.26693108196185966,0.10789860823317696,0.10789860823317696,0.056693693299435875,0.2651251723193733,0.21392025738563258,0.05488778365694914,0.16090943280940478,0.10789860823317696,0.10789860823317696,0.16090943280940476,0.10789860823317696,0.10789860823317696,0.16090943280940476,0.1097045178756637,0.15910352316691806,0.10789860823317696,0.05488778365694914,0.1097045178756637,0.15910352316691806,0.10789860823317696,0.10789860823317696,0.10789860823317696,0.26693108196185966,0.05488778365694914,0.10789860823317696,0.10789860823317696,0.05488778365694914,0.10789860823317696,0.26693108196186005,0.10789860823317696,0.16090943280940465,0.16090943280940476,0.10789860823317696,0.21392025738563258,0.16090943280940478,0.21392025738563258,0.10789860823317696,0.10789860823317696,0.10789860823317696,0.10789860823317696,0.16090943280940465,0.05488778365694914,0.2157261670281193,0.10609269859069022,0.16090943280940476,0.2669310819618601,0.10789860823317696,0.05488778365694914,0.21392025738563258,0.10789860823317696,0.10789860823317696,0.10789860823317696,0.16090943280940478,0.16090943280940476,0.21392025738563258,0.10789860823317696,0.05488778365694914,0.10789860823317696,0.21392025738563258,0.21392025738563256,0.16090943280940476,0.10789860823317696,0.10789860823317696,0.10789860823317696,0.16090943280940476,0.21392025738563256,0.6398127636379367,0.3181359968956005,0.056693693299435875,0.26693108196185966,0.37114682147182676,0.5319852048429958,0.17824319800861546,0.0,0.0
0.38421448559864285,0.21955113462779705,0.10977556731389843,0.10977556731389843,0.16466335097084772,0.21955113462779705,0.05488778365694912,0.21955113462779705,0.16466335097084772,0.21955113462779705,0.10977556731389843,0.21955113462779693,0.10977556731389825,0.16466335097084772,0.16466335097084772,0.16466335097084772,0.10977556731389843,0.21955113462779705,0.10977556731389843,0.16466335097084772,0.21955113462779705,0.16466335097084772,0.16466335097084772,0.05488778365694912,0.16466335097084772,0.27443891828474554,0.16466335097084772,0.10977556731389843,0.16466335097084772,0.3293267019416944,0.21955113462779693,0.05488778365694912,0.16466335097084772,0.10977556731389843,0.27443891828474554,0.3842144855986429,0.3293267019416944,0.43910226925559226,0.05488778365694912,0.21955113462779705,0.10977556731389843,0.05488778365694912,0.10977556731389843,0.16466335097084772,0.10977556731389843,0.05488778365694912,0.05488778365694912,0.05488778365694912,0.16466335097084772,0.21955113462779705,0.05488778365694912,0.05488778365694912,0.0,0.21955113462779693,0.16466335097084772,0.0,0.10977556731389843,0.05488778365694912,0.05488778365694912,0.10977556731389843,0.05488778365694912,0.05488778365694912,0.10977556731389843,0.05488778365694912,0.10977556731389843,0.05488778365694912,0.0,0.05488778365694912,0.10977556731389843,0.05488778365694912,0.05488778365694912,0.05488778365694912,0.21955113462779705,0.0,0.05488778365694912,0.05488778365694912,0.0,0.05488778365694912,0.21955113462779693,0.05488778365694912,0.10977556731389825,0.10977556731389843,0.05488778365694912,0.16466335097084772,0.10977556731389843,0.16466335097084772,0.05488778365694912,0.05488778365694912,0.05488778365694912,0.05488778365694912,0.10977556731389825,0.0,0.16466335097084772,0.05488778365694912,0.10977556731389843,0.21955113462779693,0.05488778365694912,0.0,0.16466335097084772,0.05488778365694912,0.05488778365694912,0.05488778365694912,0.10977556731389843,0.10977556731389843,0.16466335097084772,0.05488778365694912,0.0,0.05488778365694912,0.16466335097084772,0.16466335097084758,0.10977556731389843,0.05488778365694912,0.05488778365694912,0.05488778365694912,0.10977556731389843,0.16466335097084772,0.6037656202264375,0.27443891828474576,0.0,0.21955113462779705,0.32932670194169383,0.49399005291254056,0.16466335097084758,0.0,0.0
0.4262231846704071,0.26693108196185966,0.16957631540901014,0.15224255020979935,0.22258713998523783,0.2582641993622545,0.10789860823317694,0.26693108196185966,0.21392025738563256,0.26693108196185966,0.1609094328094047,0.26693108196186,0.1609094328094047,0.2139202573856325,0.2225871399852379,0.20525337478602712,0.1609094328094047,0.2669310819618596,0.1609094328094047,0.21392025738563247,0.26693108196185966,0.21392025738563256,0.2139202573856325,0.10789860823317696,0.22258713998523794,0.31127502393848133,0.2139202573856325,0.1609094328094047,0.2139202573856325,0.3729527311143142,0.2669310819618599,0.11656549083278228,0.20525337478602712,0.1609094328094047,0.3199419065380866,0.4259635556905414,0.3729527311143142,0.4876412628663747,0.09923172563357155,0.26693108196185966,0.1609094328094047,0.10789860823317696,0.1609094328094047,0.2139202573856325,0.1609094328094047,0.10789860823317694,0.10789860823317694,0.10789860823317696,0.21392025738563247,0.26693108196185966,0.10789860823317692,0.10789860823317692,0.06355466625655452,0.2582641993622547,0.2139202573856325,0.05488778365694914,0.1609094328094047,0.10789860823317694,0.10789860823317696,0.1609094328094047,0.10789860823317694,0.10789860823317694,0.16090943280940473,0.11656549083278228,0.15224255020979935,0.10789860823317694,0.05488778365694914,0.11656549083278231,0.15224255020979935,0.10789860823317696,0.10789860823317694,0.10789860823317694,0.26693108196185966,0.05488778365694914,0.10789860823317694,0.10789860823317696,0.05488778365694914,0.10789860823317692,0.26693108196186,0.10789860823317694,0.1609094328094047,0.1609094328094047,0.10789860823317694,0.21392025738563256,0.1609094328094047,0.2139202573856325,0.10789860823317694,0.10789860823317692,0.10789860823317692,0.10789860823317692,0.1609094328094047,0.05488778365694914,0.2225871399852379,0.09923172563357155,0.1609094328094047,0.26693108196185994,0.10789860823317696,0.05488778365694914,0.21392025738563256,0.10789860823317694,0.10789860823317694,0.10789860823317694,0.1609094328094047,0.1609094328094047,0.2139202573856325,0.10789860823317694,0.05488778365694914,0.10789860823317692,0.21392025738563256,0.21392025738563256,0.1609094328094047,0.10789860823317694,0.10789860823317694,0.10789860823317694,0.1609094328094047,0.2139202573856325,0.6466737365950558,0.3112750239384819,0.06355466625655452,0.26693108196185966,0.3642858485147082,0.5319852048429964,0.17824319800861554,0.0,0.0
0.5522492818857002,0.40907092396404826,0.31741808409159883,0.31120397450024745,0.3647980314256613,0.40596386916837257,0.26693108196185983,0.40907092396404826,0.3616909766299857,0.4090709239640483,0.31431102929592303,0.40907092396404937,0.3143110292959236,0.3616909766299857,0.3647980314256614,0.35858392183431,0.31431102929592303,0.40907092396404826,0.31431102929592314,0.3616909766299856,0.4090709239640483,0.3616909766299856,0.3616909766299857,0.26693108196185983,0.3647980314256614,0.4533438165024352,0.3616909766299857,0.31431102929592314,0.3616909766299856,0.5038308186321747,0.40907092396404937,0.27003813675753563,0.35858392183431,0.3143110292959231,0.456450871298111,0.5512107659662374,0.5038308186321748,0.6016977680959769,0.2638240271661841,0.4090709239640483,0.31431102929592314,0.26693108196185983,0.3143110292959231,0.3616909766299857,0.3143110292959231,0.26693108196185983,0.26693108196185983,0.2669310819618599,0.3616909766299856,0.4090709239640483,0.2669310819618599,0.2669310819618599,0.2226581894234722,0.40596386916837357,0.3616909766299857,0.2195511346277965,0.3143110292959231,0.2669310819618599,0.26693108196185994,0.3143110292959231,0.2669310819618599,0.26693108196185983,0.31431102929592314,0.27003813675753563,0.31120397450024745,0.26693108196185983,0.2195511346277965,0.27003813675753563,0.3112039745002474,0.26693108196185994,0.26693108196185994,0.26693108196185994,0.40907092396404826,0.2195511346277965,0.2669310819618599,0.2669310819618599,0.2195511346277965,0.2669310819618599,0.40907092396404937,0.26693108196185983,0.3143110292959236,0.31431102929592314,0.2669310819618599,0.3616909766299856,0.31431102929592314,0.3616909766299856,0.26693108196185983,0.2669310819618599,0.2669310819618599,0.2669310819618599,0.3143110292959236,0.2195511346277965,0.3647980314256614,0.26382402716618414,0.3143110292959231,0.40907092396404937,0.2669310819618599,0.2195511346277965,0.3616909766299857,0.2669310819618599,0.2669310819618599,0.2669310819618599,0.3143110292959231,0.3143110292959231,0.3616909766299857,0.26693108196185983,0.2195511346277965,0.2669310819618599,0.3616909766299857,0.3616909766299866,0.3143110292959231,0.26693108196185983,0.26693108196185983,0.26693108196185983,0.31431102929592314,0.3616909766299857,0.7438376100981648,0.45334381650243644,0.2226581894234722,0.40907092396404826,0.5007237638364982,0.6459706606343636,0.2189827391219191,0.0,0.0
0.42622318467040726,0.26693108196185966,0.16271534245189145,0.15910352316691795,0.2157261670281192,0.265125172319373,0.10789860823317694,0.26693108196185966,0.21392025738563247,0.26693108196185966,0.1609094328094047,0.2669310819618599,0.16090943280940473,0.21392025738563247,0.2157261670281192,0.21211434774314575,0.1609094328094047,0.26693108196185966,0.1609094328094047,0.21392025738563247,0.26693108196185966,0.2139202573856325,0.21392025738563247,0.10789860823317694,0.21572616702811925,0.3181359968955999,0.21392025738563247,0.1609094328094047,0.2139202573856325,0.3729527311143142,0.2669310819618599,0.10970451787566365,0.21211434774314575,0.1609094328094047,0.31994190653808663,0.42596355569054173,0.3729527311143142,0.48078028990925625,0.10609269859069019,0.26693108196185966,0.1609094328094047,0.10789860823317694,0.1609094328094047,0.2139202573856325,0.1609094328094047,0.10789860823317694,0.10789860823317694,0.10789860823317694,0.2139202573856325,0.26693108196185966,0.10789860823317692,0.10789860823317692,0.056693693299435875,0.2651251723193732,0.21392025738563247,0.05488778365694914,0.1609094328094047,0.10789860823317692,0.10789860823317694,0.1609094328094047,0.10789860823317694,0.10789860823317694,0.1609094328094047,0.10970451787566365,0.15910352316691795,0.10789860823317694,0.05488778365694914,0.10970451787566367,0.15910352316691795,0.10789860823317694,0.10789860823317694,0.10789860823317694,0.26693108196185966,0.05488778365694914,0.10789860823317694,0.10789860823317694,0.05488778365694914,0.10789860823317694,0.2669310819618599,0.10789860823317694,0.16090943280940473,0.1609094328094047,0.10789860823317692,0.2139202573856325,0.1609094328094047,0.21392025738563247,0.10789860823317694,0.10789860823317692,0.10789860823317692,0.10789860823317692,0.16090943280940473,0.05488778365694914,0.2157261670281192,0.1060926985906902,0.1609094328094047,0.26693108196185994,0.10789860823317694,0.05488778365694914,0.21392025738563247,0.10789860823317692,0.10789860823317694,0.10789860823317694,0.1609094328094047,0.1609094328094047,0.2139202573856325,0.10789860823317694,0.05488778365694914,0.10789860823317692,0.21392025738563256,0.21392025738563247,0.1609094328094047,0.10789860823317694,0.10789860823317692,0.10789860823317692,0.1609094328094047,0.21392025738563247,0.6398127636379372,0.31813599689560046,0.056693693299435875,0.26693108196185966,0.37114682147182676,0.5319852048429965,0.1782431980086155,0.0,0.0
0.46823188374217195,0.3143110292959221,0.21428292299846066,0.20980367361136115,0.2654167884939663,0.3120714046023724,0.16090943280940465,0.3143110292959221,0.26317716380041667,0.3143110292959221,0.2120432983049109,0.31431102929592275,0.2120432983049109,0.26317716380041667,0.2654167884939663,0.26093753910686696,0.2120432983049109,0.3143110292959221,0.2120432983049109,0.2631771638004166,0.3143110292959221,0.2631771638004167,0.2631771638004166,0.16090943280940462,0.26541678849396644,0.3632052700978784,0.2631771638004166,0.2120432983049109,0.2631771638004167,0.41657876028693475,0.31431102929592275,0.1631490575029543,0.26093753910686696,0.2120432983049109,0.3654448947914281,0.4677126257824407,0.41657876028693475,0.5210861159714965,0.1586698081158549,0.3143110292959221,0.2120432983049109,0.16090943280940462,0.2120432983049109,0.26317716380041667,0.2120432983049109,0.16090943280940465,0.16090943280940465,0.16090943280940462,0.26317716380041667,0.3143110292959221,0.16090943280940465,0.16090943280940456,0.11201519200744806,0.3120714046023731,0.2631771638004166,0.10977556731389833,0.2120432983049109,0.16090943280940462,0.16090943280940462,0.2120432983049109,0.16090943280940462,0.16090943280940462,0.2120432983049109,0.16314905750295436,0.20980367361136115,0.16090943280940465,0.10977556731389833,0.16314905750295436,0.20980367361136115,0.16090943280940462,0.16090943280940462,0.16090943280940462,0.3143110292959221,0.10977556731389833,0.16090943280940462,0.16090943280940462,0.10977556731389833,0.16090943280940462,0.31431102929592275,0.16090943280940462,0.2120432983049109,0.2120432983049109,0.16090943280940462,0.26317716380041667,0.2120432983049109,0.2631771638004166,0.16090943280940462,0.16090943280940456,0.16090943280940465,0.16090943280940465,0.2120432983049109,0.10977556731389833,0.2654167884939663,0.15866980811585488,0.2120432983049109,0.31431102929592275,0.16090943280940462,0.10977556731389833,0.2631771638004166,0.16090943280940462,0.16090943280940462,0.16090943280940462,0.2120432983049109,0.2120432983049109,0.26317716380041667,0.16090943280940462,0.10977556731389833,0.16090943280940465,0.26317716380041667,0.263177163800417,0.2120432983049109,0.16090943280940465,0.16090943280940462,0.16090943280940462,0.2120432983049109,0.26317716380041667,0.674487712458013,0.3632052700978791,0.11201519200744806,0.31431102929592214,0.41433913559338437,0.5699803567734523,0.19182304504638337,0.0,0.0
0.4682318837421718,0.31431102929592214,0.21291072840703695,0.2111758682027849,0.26404459390254265,0.31344359919379616,0.16090943280940465,0.31431102929592214,0.2631771638004167,0.31431102929592214,0.21204329830491095,0.31431102929592286,0.2120432983049109,0.2631771638004166,0.26404459390254265,0.26230973369829064,0.21204329830491095,0.3143110292959221,0.2120432983049109,0.26317716380041667,0.3143110292959221,0.2631771638004167,0.2631771638004166,0.16090943280940465,0.2640445939025427,0.36457746468930186,0.2631771638004166,0.2120432983049109,0.26317716380041667,0.4165787602869346,0.31431102929592275,0.1617768629115306,0.26230973369829064,0.21204329830491098,0.36544489479142783,0.4677126257824405,0.4165787602869347,0.5197139213800727,0.1600420027072786,0.31431102929592214,0.2120432983049109,0.16090943280940465,0.2120432983049109,0.2631771638004166,0.2120432983049109,0.16090943280940465,0.16090943280940465,0.16090943280940465,0.26317716380041667,0.31431102929592214,0.16090943280940465,0.16090943280940465,0.11064299741602433,0.31344359919379683,0.2631771638004166,0.10977556731389833,0.2120432983049109,0.16090943280940465,0.16090943280940465,0.2120432983049109,0.16090943280940462,0.16090943280940465,0.2120432983049109,0.16177686291153065,0.2111758682027849,0.16090943280940465,0.10977556731389833,0.1617768629115306,0.2111758682027849,0.16090943280940465,0.16090943280940462,0.16090943280940462,0.3143110292959221,0.10977556731389833,0.16090943280940462,0.16090943280940465,0.10977556731389833,0.16090943280940462,0.31431102929592286,0.16090943280940465,0.2120432983049109,0.2120432983049109,0.16090943280940465,0.26317716380041667,0.2120432983049109,0.26317716380041667,0.16090943280940462,0.16090943280940465,0.16090943280940465,0.16090943280940465,0.2120432983049109,0.10977556731389833,0.26404459390254265,0.1600420027072786,0.2120432983049109,0.31431102929592275,0.16090943280940465,0.10977556731389833,0.26317716380041667,0.16090943280940465,0.16090943280940465,0.16090943280940462,0.21204329830491095,0.2120432983049109,0.2631771638004166,0.16090943280940465,0.10977556731389833,0.16090943280940465,0.26317716380041667,0.26317716380041706,0.2120432983049109,0.16090943280940465,0.16090943280940465,0.16090943280940465,0.2120432983049109,0.26317716380041667,0.6731155178665893,0.36457746468930263,0.11064299741602433,0.31431102929592214,0.4157113301848078,0.5699803567734522,0.1918230450463834,0.0,0.0
0.4262231846704072,0.26693108196185966,0.16408753704331516,0.15773132857549424,0.2170983616195429,0.2637529777279493,0.10789860823317694,0.26693108196185966,0.21392025738563247,0.26693108196185966,0.1609094328094047,0.2669310819618599,0.1609094328094047,0.2139202573856325,0.217098361619543,0.21074215315172204,0.1609094328094047,0.26693108196185966,0.1609094328094047,0.21392025738563247,0.26693108196185966,0.21392025738563256,0.21392025738563247,0.10789860823317694,0.217098361619543,0.31676380230417617,0.21392025738563247,0.1609094328094047,0.2139202573856325,0.3729527311143142,0.2669310819618599,0.11107671246708739,0.21074215315172204,0.1609094328094047,0.31994190653808663,0.42596355569054156,0.3729527311143142,0.4821524845006799,0.10472050399926645,0.26693108196185966,0.1609094328094047,0.10789860823317694,0.1609094328094047,0.2139202573856325,0.1609094328094047,0.10789860823317694,0.10789860823317694,0.10789860823317694,0.2139202573856325,0.26693108196185966,0.10789860823317692,0.10789860823317692,0.0580658878908596,0.26375297772794953,0.21392025738563247,0.05488778365694914,0.1609094328094047,0.10789860823317694,0.10789860823317694,0.1609094328094047,0.10789860823317694,0.10789860823317694,0.1609094328094047,0.11107671246708738,0.15773132857549424,0.10789860823317694,0.05488778365694914,0.11107671246708739,0.15773132857549424,0.10789860823317694,0.10789860823317694,0.10789860823317694,0.26693108196185966,0.05488778365694914,0.10789860823317694,0.10789860823317694,0.05488778365694914,0.10789860823317694,0.2669310819618599,0.10789860823317694,0.1609094328094047,0.1609094328094047,0.10789860823317694,0.21392025738563256,0.1609094328094047,0.21392025738563247,0.10789860823317694,0.10789860823317692,0.10789860823317692,0.10789860823317692,0.1609094328094047,0.05488778365694914,0.21709836161954296,0.10472050399926648,0.1609094328094047,0.26693108196185994,0.10789860823317694,0.05488778365694914,0.21392025738563247,0.10789860823317694,0.10789860823317694,0.10789860823317694,0.1609094328094047,0.1609094328094047,0.2139202573856325,0.10789860823317694,0.05488778365694914,0.10789860823317692,0.21392025738563256,0.21392025738563247,0.1609094328094047,0.10789860823317694,0.10789860823317692,0.10789860823317692,0.1609094328094047,0.21392025738563247,0.641184958229361,0.3167638023041767,0.0580658878908596,0.26693108196185966,0.369774626880403,0.5319852048429964,0.1782431980086155,0.0,0.0
0.5102405828139366,0.36169097662998595,0.26722269813645316,0.25913162946438023,0.31647960455123797,0.35764544229394957,0.21392025738563222,0.36169097662998606,0.3124340702152015,0.36169097662998606,0.26317716380041667,0.3616909766299865,0.2631771638004171,0.3124340702152015,0.3164796045512379,0.308388535879165,0.2631771638004167,0.36169097662998595,0.26317716380041667,0.31243407021520153,0.3616909766299861,0.31243407021520153,0.3124340702152015,0.2139202573856322,0.31647960455123797,0.406902348708734,0.31243407021520153,0.2631771638004166,0.31243407021520153,0.46020478945955534,0.36169097662998645,0.2179657917216687,0.30838853587916504,0.2631771638004168,0.41094788304477065,0.5094616958743396,0.4602047894595555,0.5627641366251606,0.20987472304959578,0.36169097662998606,0.26317716380041667,0.2139202573856322,0.26317716380041667,0.31243407021520153,0.26317716380041667,0.21392025738563228,0.21392025738563222,0.2139202573856322,0.3124340702152015,0.36169097662998606,0.21392025738563228,0.21392025738563222,0.16870888530688388,0.35764544229395,0.3124340702152015,0.16466335097084742,0.2631771638004167,0.21392025738563228,0.21392025738563222,0.2631771638004167,0.21392025738563222,0.21392025738563228,0.2631771638004166,0.21796579172166872,0.2591316294643802,0.21392025738563228,0.16466335097084742,0.2179657917216687,0.25913162946438023,0.21392025738563222,0.21392025738563222,0.21392025738563222,0.36169097662998606,0.16466335097084742,0.2139202573856322,0.21392025738563222,0.16466335097084742,0.21392025738563228,0.36169097662998634,0.21392025738563222,0.2631771638004171,0.26317716380041667,0.21392025738563228,0.3124340702152015,0.26317716380041667,0.3124340702152014,0.21392025738563228,0.21392025738563222,0.21392025738563228,0.21392025738563228,0.2631771638004171,0.16466335097084742,0.31647960455123797,0.20987472304959578,0.26317716380041667,0.36169097662998645,0.2139202573856322,0.16466335097084742,0.31243407021520153,0.2139202573856322,0.21392025738563228,0.21392025738563228,0.2631771638004167,0.2631771638004167,0.31243407021520153,0.21392025738563222,0.16466335097084742,0.21392025738563228,0.31243407021520153,0.31243407021520186,0.26317716380041667,0.21392025738563222,0.21392025738563222,0.21392025738563222,0.26317716380041667,0.31243407021520153,0.7105348558695138,0.4069023487087346,0.16870888530688388,0.36169097662998595,0.45615925512351846,0.6079755087039085,0.20540289208415122,0.0,0.0
0.46823188374217106,0.3143110292959222,0.21291072840703704,0.21117586820278506,0.26404459390254287,0.31344359919379633,0.1609094328094047,0.3143110292959223,0.2631771638004168,0.3143110292959223,0.21204329830491112,0.3143110292959229,0.21204329830491098,0.2631771638004169,0.26404459390254287,0.26230973369829086,0.21204329830491103,0.3143110292959223,0.21204329830491103,0.2631771638004168,0.3143110292959223,0.2631771638004168,0.2631771638004169,0.16090943280940465,0.26404459390254287,0.36457746468930174,0.2631771638004168,0.21204329830491106,0.2631771638004168,0.41657876028693425,0.3143110292959229,0.16177686291153068,0.26230973369829086,0.21204329830491106,0.3654448947914277,0.46771262578243983,0.41657876028693425,0.5197139213800723,0.1600420027072787,0.3143110292959222,0.21204329830491103,0.16090943280940465,0.21204329830491103,0.2631771638004168,0.21204329830491103,0.1609094328094047,0.1609094328094047,0.16090943280940465,0.2631771638004168,0.3143110292959222,0.1609094328094047,0.16090943280940465,0.11064299741602433,0.313443599193797,0.2631771638004168,0.10977556731389833,0.21204329830491103,0.1609094328094047,0.16090943280940465,0.21204329830491106,0.16090943280940465,0.16090943280940465,0.21204329830491106,0.1617768629115307,0.21117586820278506,0.1609094328094047,0.10977556731389833,0.16177686291153068,0.21117586820278506,0.16090943280940465,0.16090943280940465,0.16090943280940465,0.3143110292959223,0.10977556731389833,0.16090943280940465,0.16090943280940465,0.10977556731389833,0.16090943280940465,0.3143110292959229,0.1609094328094047,0.21204329830491098,0.21204329830491103,0.1609094328094047,0.2631771638004168,0.21204329830491103,0.2631771638004168,0.1609094328094047,0.1609094328094047,0.1609094328094047,0.16090943280940473,0.21204329830491095,0.10977556731389833,0.26404459390254287,0.1600420027072787,0.21204329830491103,0.3143110292959229,0.16090943280940465,0.10977556731389833,0.2631771638004168,0.1609094328094047,0.16090943280940465,0.16090943280940465,0.21204329830491103,0.21204329830491112,0.2631771638004168,0.1609094328094047,0.10977556731389833,0.16090943280940465,0.2631771638004168,0.2631771638004171,0.21204329830491106,0.1609094328094047,0.1609094328094047,0.1609094328094047,0.21204329830491103,0.2631771638004169,0.6731155178665891,0.36457746468930263,0.11064299741602433,0.3143110292959223,0.41571133018480716,0.5699803567734517,0.1918230450463834,0.0,0.0
0.5102405828139355,0.3616909766299858,0.2699670873193011,0.25638724028153315,0.3192239937340858,0.354901053111102,0.2139202573856323,0.3616909766299858,0.3124340702152017,0.3616909766299859,0.26317716380041706,0.36169097662998634,0.2631771638004173,0.31243407021520175,0.3192239937340856,0.30564414669631795,0.2631771638004171,0.36169097662998595,0.2631771638004171,0.31243407021520175,0.3616909766299859,0.3124340702152017,0.31243407021520175,0.2139202573856323,0.3192239937340856,0.4041579595258859,0.31243407021520186,0.26317716380041706,0.3124340702152017,0.4602047894595547,0.3616909766299865,0.22071018090451625,0.30564414669631795,0.2631771638004171,0.41094788304476987,0.5094616958743385,0.46020478945955484,0.5655085258080075,0.20713033386674837,0.3616909766299858,0.2631771638004171,0.2139202573856323,0.2631771638004171,0.31243407021520186,0.2631771638004171,0.2139202573856323,0.2139202573856323,0.2139202573856323,0.31243407021520186,0.3616909766299858,0.21392025738563236,0.21392025738563228,0.17145327448973136,0.3549010531111025,0.3124340702152017,0.16466335097084742,0.2631771638004171,0.2139202573856323,0.2139202573856323,0.2631771638004171,0.2139202573856323,0.2139202573856323,0.26317716380041706,0.2207101809045163,0.25638724028153315,0.21392025738563236,0.16466335097084742,0.22071018090451625,0.25638724028153315,0.2139202573856323,0.2139202573856323,0.2139202573856323,0.3616909766299859,0.16466335097084742,0.2139202573856323,0.2139202573856323,0.16466335097084742,0.2139202573856323,0.3616909766299863,0.2139202573856323,0.2631771638004173,0.2631771638004171,0.2139202573856323,0.31243407021520175,0.2631771638004171,0.3124340702152017,0.2139202573856323,0.21392025738563228,0.21392025738563236,0.21392025738563236,0.2631771638004173,0.16466335097084742,0.31922399373408555,0.20713033386674837,0.2631771638004171,0.36169097662998645,0.2139202573856323,0.16466335097084742,0.31243407021520175,0.2139202573856323,0.2139202573856323,0.2139202573856323,0.2631771638004171,0.2631771638004171,0.31243407021520186,0.2139202573856323,0.16466335097084742,0.2139202573856323,0.31243407021520175,0.312434070215202,0.26317716380041706,0.2139202573856323,0.2139202573856323,0.2139202573856323,0.2631771638004171,0.31243407021520175,0.7132792450523601,0.4041579595258867,0.17145327448973136,0.36169097662998595,0.45341486594067004,0.6079755087039076,0.20540289208415122,0.0,0.0
0.4262231846704076,0.26693108196185983,0.1640875370433151,0.15773132857549418,0.21709836161954296,0.26375297772794937,0.10789860823317687,0.26693108196185983,0.21392025738563247,0.26693108196185983,0.16090943280940465,0.26693108196185994,0.16090943280940456,0.21392025738563247,0.2170983616195429,0.21074215315172204,0.16090943280940465,0.26693108196185983,0.16090943280940462,0.21392025738563247,0.26693108196185983,0.2139202573856325,0.21392025738563247,0.10789860823317687,0.217098361619543,0.3167638023041769,0.21392025738563247,0.16090943280940465,0.2139202573856325,0.3729527311143149,0.26693108196186,0.11107671246708732,0.21074215315172204,0.16090943280940465,0.31994190653808735,0.42596355569054195,0.37295273111431504,0.48215248450068005,0.10472050399926641,0.26693108196185983,0.16090943280940465,0.10789860823317687,0.16090943280940462,0.21392025738563247,0.16090943280940462,0.10789860823317687,0.10789860823317687,0.10789860823317687,0.21392025738563247,0.26693108196185983,0.10789860823317686,0.10789860823317687,0.0580658878908596,0.26375297772794953,0.21392025738563247,0.05488778365694914,0.16090943280940465,0.10789860823317686,0.10789860823317687,0.16090943280940465,0.10789860823317687,0.10789860823317687,0.16090943280940465,0.11107671246708732,0.15773132857549418,0.10789860823317687,0.05488778365694914,0.11107671246708734,0.15773132857549413,0.10789860823317687,0.10789860823317687,0.10789860823317687,0.26693108196185983,0.05488778365694914,0.10789860823317687,0.10789860823317687,0.05488778365694914,0.10789860823317687,0.26693108196185994,0.10789860823317687,0.16090943280940456,0.16090943280940465,0.10789860823317686,0.21392025738563247,0.16090943280940462,0.21392025738563247,0.10789860823317687,0.10789860823317687,0.10789860823317686,0.10789860823317687,0.16090943280940456,0.05488778365694914,0.217098361619543,0.10472050399926641,0.16090943280940465,0.26693108196186,0.10789860823317687,0.05488778365694914,0.21392025738563247,0.10789860823317687,0.10789860823317687,0.10789860823317687,0.16090943280940465,0.16090943280940465,0.21392025738563247,0.10789860823317687,0.05488778365694914,0.10789860823317687,0.21392025738563247,0.2139202573856323,0.16090943280940465,0.10789860823317687,0.10789860823317687,0.10789860823317687,0.16090943280940465,0.21392025738563247,0.6411849582293616,0.3167638023041773,0.0580658878908596,0.26693108196185983,0.36977462688040413,0.5319852048429965,0.17824319800861543,0.0,0.0
0.4262231846704075,0.26693108196185994,0.1654597316347388,0.15635913398407042,0.2184705562109667,0.26238078313652574,0.10789860823317687,0.26693108196185994,0.21392025738563247,0.26693108196185994,0.16090943280940465,0.26693108196186005,0.16090943280940456,0.21392025738563247,0.21847055621096664,0.20936995856029827,0.16090943280940465,0.26693108196185994,0.16090943280940462,0.21392025738563247,0.26693108196185994,0.21392025738563247,0.21392025738563247,0.10789860823317687,0.2184705562109667,0.3153916077127532,0.21392025738563247,0.16090943280940465,0.21392025738563247,0.3729527311143148,0.26693108196186005,0.11244890705851106,0.20936995856029827,0.16090943280940465,0.31994190653808735,0.4259635556905419,0.37295273111431504,0.4835246790921036,0.10334830940784269,0.26693108196185994,0.16090943280940462,0.10789860823317687,0.16090943280940462,0.21392025738563247,0.16090943280940462,0.10789860823317687,0.10789860823317687,0.10789860823317687,0.21392025738563247,0.26693108196185994,0.10789860823317686,0.10789860823317687,0.05943808248228334,0.26238078313652585,0.21392025738563247,0.05488778365694914,0.16090943280940465,0.10789860823317686,0.10789860823317686,0.16090943280940465,0.10789860823317687,0.10789860823317687,0.16090943280940465,0.11244890705851104,0.15635913398407042,0.10789860823317687,0.05488778365694914,0.11244890705851106,0.1563591339840704,0.10789860823317687,0.10789860823317687,0.10789860823317687,0.26693108196186,0.05488778365694914,0.10789860823317687,0.10789860823317686,0.05488778365694914,0.10789860823317687,0.26693108196186,0.10789860823317687,0.16090943280940456,0.16090943280940465,0.10789860823317686,0.21392025738563247,0.16090943280940462,0.21392025738563247,0.10789860823317687,0.10789860823317687,0.10789860823317686,0.10789860823317686,0.16090943280940453,0.05488778365694914,0.2184705562109667,0.10334830940784269,0.16090943280940465,0.2669310819618601,0.10789860823317687,0.05488778365694914,0.21392025738563247,0.10789860823317687,0.10789860823317687,0.10789860823317687,0.16090943280940465,0.16090943280940465,0.21392025738563247,0.10789860823317687,0.05488778365694914,0.10789860823317687,0.21392025738563247,0.2139202573856323,0.16090943280940465,0.10789860823317687,0.10789860823317687,0.10789860823317687,0.16090943280940465,0.21392025738563247,0.6425571528207853,0.31539160771275354,0.05943808248228334,0.2669310819618599,0.3684024322889804,0.5319852048429965,0.17824319800861546,0.0,0.0
0.4262231846704076,0.2669310819618602,0.1640875370433151,0.15773132857549413,0.2170983616195429,0.2637529777279497,0.10789860823317687,0.26693108196186016,0.21392025738563247,0.26693108196186016,0.16090943280940465,0.26693108196186016,0.16090943280940453,0.21392025738563247,0.21709836161954296,0.21074215315172198,0.16090943280940465,0.2669310819618602,0.16090943280940462,0.21392025738563247,0.2669310819618602,0.21392025738563247,0.21392025738563247,0.10789860823317686,0.21709836161954296,0.31676380230417717,0.21392025738563247,0.16090943280940465,0.21392025738563247,0.3729527311143149,0.26693108196186016,0.11107671246708732,0.21074215315172198,0.16090943280940465,0.3199419065380877,0.42596355569054195,0.37295273111431504,0.48215248450068005,0.1047205039992664,0.26693108196186016,0.16090943280940462,0.10789860823317686,0.16090943280940462,0.21392025738563247,0.16090943280940462,0.10789860823317687,0.10789860823317687,0.10789860823317686,0.21392025738563247,0.26693108196186016,0.10789860823317683,0.10789860823317686,0.0580658878908596,0.2637529777279497,0.21392025738563247,0.05488778365694914,0.16090943280940465,0.10789860823317683,0.10789860823317686,0.16090943280940465,0.10789860823317687,0.10789860823317687,0.16090943280940465,0.11107671246708732,0.15773132857549413,0.10789860823317687,0.05488778365694914,0.11107671246708732,0.15773132857549413,0.10789860823317686,0.10789860823317687,0.10789860823317687,0.2669310819618602,0.05488778365694914,0.10789860823317687,0.10789860823317686,0.05488778365694914,0.10789860823317687,0.26693108196186016,0.10789860823317687,0.1609094328094045,0.16090943280940465,0.10789860823317683,0.21392025738563247,0.16090943280940462,0.21392025738563242,0.10789860823317687,0.10789860823317686,0.10789860823317683,0.10789860823317686,0.16090943280940448,0.05488778365694914,0.21709836161954296,0.1047205039992664,0.16090943280940465,0.26693108196186016,0.10789860823317686,0.05488778365694914,0.21392025738563247,0.10789860823317687,0.10789860823317686,0.10789860823317687,0.16090943280940465,0.16090943280940465,0.21392025738563247,0.10789860823317687,0.05488778365694914,0.10789860823317686,0.21392025738563247,0.2139202573856323,0.16090943280940465,0.10789860823317687,0.10789860823317686,0.10789860823317686,0.16090943280940465,0.21392025738563247,0.6411849582293616,0.3167638023041773,0.0580658878908596,0.26693108196186016,0.36977462688040413,0.5319852048429967,0.17824319800861546,0.0,0.0
0.4262231846704076,0.26693108196186005,0.16271534245189134,0.1591035231669179,0.2157261670281192,0.2651251723193733,0.10789860823317687,0.26693108196186005,0.21392025738563247,0.2669310819618601,0.16090943280940465,0.2669310819618601,0.16090943280940453,0.21392025738563247,0.2157261670281192,0.21211434774314575,0.16090943280940465,0.26693108196186005,0.16090943280940462,0.21392025738563247,0.2669310819618601,0.2139202573856325,0.21392025738563247,0.10789860823317687,0.2157261670281192,0.31813599689560085,0.21392025738563247,0.16090943280940465,0.2139202573856325,0.37295273111431493,0.2669310819618601,0.10970451787566358,0.21211434774314575,0.16090943280940465,0.3199419065380877,0.42596355569054195,0.37295273111431504,0.48078028990925636,0.10609269859069012,0.26693108196186005,0.16090943280940462,0.10789860823317687,0.16090943280940462,0.21392025738563247,0.16090943280940462,0.10789860823317687,0.10789860823317687,0.10789860823317686,0.21392025738563247,0.26693108196186005,0.10789860823317686,0.10789860823317687,0.056693693299435875,0.26512517231937344,0.21392025738563247,0.05488778365694914,0.16090943280940465,0.10789860823317686,0.10789860823317686,0.16090943280940465,0.10789860823317687,0.10789860823317687,0.16090943280940465,0.10970451787566358,0.1591035231669179,0.10789860823317687,0.05488778365694914,0.10970451787566361,0.1591035231669179,0.10789860823317687,0.10789860823317687,0.10789860823317687,0.2669310819618601,0.05488778365694914,0.10789860823317687,0.10789860823317686,0.05488778365694914,0.10789860823317687,0.26693108196186005,0.10789860823317687,0.1609094328094045,0.16090943280940465,0.10789860823317686,0.21392025738563247,0.16090943280940462,0.21392025738563247,0.10789860823317687,0.10789860823317687,0.10789860823317686,0.10789860823317686,0.1609094328094045,0.05488778365694914,0.2157261670281192,0.10609269859069015,0.16090943280940465,0.26693108196186016,0.10789860823317686,0.05488778365694914,0.21392025738563247,0.10789860823317687,0.10789860823317686,0.10789860823317687,0.16090943280940465,0.16090943280940465,0.21392025738563247,0.10789860823317687,0.05488778365694914,0.10789860823317687,0.21392025738563247,0.2139202573856323,0.16090943280940465,0.10789860823317687,0.10789860823317686,0.10789860823317686,0.16090943280940465,0.21392025738563247,0.6398127636379379,0.318135996895601,0.056693693299435875,0.26693108196186005,0.3711468214718278,0.5319852048429966,0.17824319800861543,0.0,0.0
0.4682318837421711,0.3143110292959223,0.21428292299846077,0.20980367361136135,0.26541678849396655,0.3120714046023726,0.1609094328094047,0.3143110292959223,0.2631771638004169,0.3143110292959223,0.21204329830491112,0.31431102929592303,0.21204329830491112,0.2631771638004169,0.26541678849396655,0.2609375391068672,0.21204329830491112,0.3143110292959223,0.21204329830491106,0.2631771638004169,0.3143110292959223,0.2631771638004169,0.2631771638004169,0.1609094328094047,0.26541678849396655,0.363205270097878,0.2631771638004169,0.21204329830491112,0.2631771638004169,0.41657876028693436,0.31431102929592303,0.16314905750295444,0.2609375391068672,0.21204329830491106,0.3654448947914277,0.46771262578243994,0.41657876028693425,0.5210861159714958,0.158669808115855,0.3143110292959223,0.21204329830491106,0.1609094328094047,0.21204329830491106,0.2631771638004169,0.21204329830491112,0.1609094328094047,0.1609094328094047,0.1609094328094047,0.2631771638004169,0.3143110292959223,0.1609094328094047,0.1609094328094047,0.11201519200744808,0.3120714046023733,0.2631771638004169,0.10977556731389833,0.21204329830491106,0.1609094328094047,0.1609094328094047,0.21204329830491112,0.1609094328094047,0.1609094328094047,0.21204329830491112,0.16314905750295444,0.20980367361136135,0.1609094328094047,0.10977556731389833,0.16314905750295444,0.20980367361136135,0.1609094328094047,0.1609094328094047,0.1609094328094047,0.3143110292959223,0.10977556731389833,0.1609094328094047,0.1609094328094047,0.10977556731389833,0.1609094328094047,0.3143110292959231,0.1609094328094047,0.21204329830491112,0.21204329830491112,0.1609094328094047,0.2631771638004169,0.21204329830491106,0.2631771638004169,0.1609094328094047,0.1609094328094047,0.1609094328094047,0.1609094328094047,0.21204329830491112,0.10977556731389833,0.26541678849396655,0.158669808115855,0.21204329830491112,0.31431102929592303,0.1609094328094047,0.10977556731389833,0.2631771638004169,0.1609094328094047,0.1609094328094047,0.1609094328094047,0.21204329830491112,0.21204329830491112,0.2631771638004169,0.1609094328094047,0.10977556731389833,0.1609094328094047,0.2631771638004169,0.2631771638004173,0.21204329830491112,0.1609094328094047,0.1609094328094047,0.1609094328094047,0.21204329830491112,0.2631771638004169,0.6744877124580124,0.36320527009787895,0.11201519200744808,0.3143110292959223,0.4143391355933835,0.5699803567734514,0.19182304504638337,0.0,0.0
0.38421448559864285,0.21955113462779705,0.10977556731389843,0.10977556731389843,0.16466335097084772,0.21955113462779705,0.05488778365694912,0.21955113462779705,0.16466335097084772,0.21955113462779705,0.10977556731389843,0.21955113462779693,0.10977556731389825,0.16466335097084772,0.16466335097084772,0.16466335097084772,0.10977556731389843,0.21955113462779705,0.10977556731389843,0.16466335097084772,0.21955113462779705,0.16466335097084772,0.16466335097084772,0.05488778365694912,0.16466335097084772,0.27443891828474554,0.16466335097084772,0.10977556731389843,0.16466335097084772,0.3293267019416944,0.21955113462779693,0.05488778365694912,0.16466335097084772,0.10977556731389843,0.27443891828474554,0.3842144855986429,0.3293267019416944,0.43910226925559226,0.05488778365694912,0.21955113462779705,0.10977556731389843,0.05488778365694912,0.10977556731389843,0.16466335097084772,0.10977556731389843,0.05488778365694912,0.05488778365694912,0.05488778365694912,0.16466335097084772,0.21955113462779705,0.05488778365694912,0.05488778365694912,0.0,0.21955113462779693,0.16466335097084772,0.0,0.10977556731389843,0.05488778365694912,0.05488778365694912,0.10977556731389843,0.05488778365694912,0.05488778365694912,0.10977556731389843,0.05488778365694912,0.10977556731389843,0.05488778365694912,0.0,0.05488778365694912,0.10977556731389843,0.05488778365694912,0.05488778365694912,0.05488778365694912,0.21955113462779705,0.0,0.05488778365694912,0.05488778365694912,0.0,0.05488778365694912,0.21955113462779693,0.05488778365694912,0.10977556731389825,0.10977556731389843,0.05488778365694912,0.16466335097084772,0.10977556731389843,0.16466335097084772,0.05488778365694912,0.05488778365694912,0.05488778365694912,0.05488778365694912,0.10977556731389825,0.0,0.16466335097084772,0.05488778365694912,0.10977556731389843,0.21955113462779693,0.05488778365694912,0.0,0.16466335097084772,0.05488778365694912,0.05488778365694912,0.05488778365694912,0.10977556731389843,0.10977556731389843,0.16466335097084772,0.05488778365694912,0.0,0.05488778365694912,0.16466335097084772,0.16466335097084758,0.10977556731389843,0.05488778365694912,0.05488778365694912,0.05488778365694912,0.10977556731389843,0.16466335097084772,0.6037656202264375,0.27443891828474576,0.0,0.21955113462779705,0.32932670194169383,0.49399005291254056,0.16466335097084758,0.0,0.0
0.5132765881713763,0.3661702260170842,0.27401262165533696,0.25682095533259586,0.33742518903542135,0.36031878203856116,0.21572616702811903,0.36342583683423685,0.3164796045512372,0.36479803142566053,0.26541678849396644,0.3634258368342379,0.2654167884939669,0.3137352153683897,0.32233104852976024,0.3092559659812903,0.26541678849396644,0.3661702260170842,0.26404459390254265,0.31647960455123714,0.36617022601708427,0.31785179914266093,0.3137352153683897,0.2143539724366953,0.3250754377126077,0.41687037646152686,0.3137352153683897,0.2667889830853902,0.317851799142661,0.4641792743573561,0.3647980314256615,0.22157761100664222,0.30788377138986667,0.2654167884939665,0.42546620962289755,0.5221030633717456,0.46692366354020354,0.5762729342246928,0.24555178242661282,0.36617022601708427,0.2640445939025427,0.2143539724366953,0.26816117767681386,0.3137352153683897,0.26541678849396644,0.2170983616195428,0.21572616702811903,0.2143539724366953,0.3151074099598135,0.36754242060850795,0.21709836161954282,0.2184705562109665,0.17600357331506553,0.37129633876995194,0.31785179914266093,0.16466335097084742,0.2681611776768139,0.2170983616195428,0.21572616702811903,0.2695333722682376,0.21709836161954274,0.21709836161954274,0.27502215063393265,0.22294980559806601,0.2595653445154434,0.21709836161954282,0.16466335097084742,0.22432200018948967,0.2595653445154433,0.2170983616195428,0.2170983616195428,0.2170983616195428,0.36479803142566053,0.16466335097084742,0.21709836161954274,0.21572616702811903,0.16466335097084742,0.2225871399852377,0.3647980314256616,0.21572616702811903,0.2654167884939669,0.26404459390254265,0.2170983616195428,0.3164796045512372,0.26404459390254265,0.3192239937340846,0.21709836161954274,0.2184705562109665,0.21709836161954282,0.21572616702811911,0.2654167884939669,0.16466335097084742,0.3250754377126078,0.2071303338667484,0.26541678849396644,0.3661702260170853,0.2143539724366953,0.16466335097084742,0.3192239937340846,0.21572616702811903,0.2198427508023902,0.2170983616195428,0.2667889830853901,0.2667889830853901,0.3137352153683897,0.21572616702811903,0.16466335097084742,0.21847055621096653,0.3151074099598134,0.3137352153683906,0.2654167884939665,0.21572616702811903,0.2143539724366953,0.2143539724366953,0.26404459390254265,0.3164796045512372,0.722600409439387,0.4113815980958331,0.17600357331506553,0.37028680979135553,0.46244441415310295,0.6159955279377455,0.21356501019445895,0.0,0.0
0.42318717931296607,0.2624518325747605,0.15592541893300765,0.16141419729870257,0.19478058254393513,0.2624518325747605,0.10609269859069025,0.26519622175760793,0.20987472304959623,0.2638240271661842,0.1586698081158551,0.2651962217576081,0.15866980811585485,0.21261911223244367,0.20987472304959623,0.21124691764101997,0.1586698081158551,0.2624518325747605,0.16004200270727884,0.20987472304959623,0.2624518325747605,0.20850252845817246,0.21261911223244367,0.107464893182114,0.20713033386674876,0.3081679691428058,0.21261911223244367,0.15729761352443136,0.20850252845817246,0.36897824621651276,0.2638240271661844,0.10609269859069025,0.21261911223244367,0.1586698081158551,0.3054235799599584,0.41332218819313443,0.36623385703366534,0.4672714923097232,0.07041563921367316,0.2624518325747605,0.16004200270727884,0.107464893182114,0.15592541893300763,0.21261911223244367,0.1586698081158551,0.10472050399926652,0.10609269859069025,0.107464893182114,0.21124691764101997,0.2610796379833368,0.10472050399926652,0.10334830940784277,0.04939900529125422,0.2514742758433709,0.20850252845817246,0.05488778365694914,0.15592541893300763,0.10472050399926652,0.10609269859069025,0.15455322434158386,0.10472050399926652,0.10472050399926652,0.14906444597588894,0.10472050399926652,0.1586698081158551,0.10472050399926652,0.05488778365694914,0.10334830940784277,0.1586698081158551,0.10472050399926652,0.10472050399926652,0.10472050399926652,0.2638240271661842,0.05488778365694914,0.10472050399926652,0.10609269859069025,0.05488778365694914,0.09923172563357159,0.26382402716618436,0.10609269859069025,0.15866980811585485,0.16004200270727884,0.10472050399926652,0.20987472304959623,0.16004200270727884,0.20713033386674876,0.10472050399926652,0.10334830940784277,0.10472050399926652,0.10609269859069026,0.15866980811585485,0.05488778365694914,0.20713033386674876,0.10883708777353772,0.1586698081158551,0.2624518325747607,0.107464893182114,0.05488778365694914,0.20713033386674876,0.10609269859069025,0.10197611481641904,0.10472050399926652,0.15729761352443136,0.15729761352443136,0.21261911223244367,0.10609269859069025,0.05488778365694914,0.10334830940784277,0.21124691764101997,0.2126191122324435,0.1586698081158551,0.10609269859069025,0.107464893182114,0.107464893182114,0.16004200270727884,0.20987472304959623,0.6277472100680624,0.31365674750850114,0.04939900529125422,0.25833524880048936,0.36486166244224083,0.523965185609158,0.17008107989830779,0.0,0.0
0.4682318837421718,0.3143110292959223,0.21428292299846075,0.20980367361136132,0.26541678849396655,0.3120714046023726,0.1609094328094047,0.3143110292959223,0.2631771638004169,0.3143110292959223,0.21204329830491103,0.3143110292959229,0.2120432983049108,0.2631771638004169,0.2654167884939665,0.2609375391068672,0.21204329830491103,0.3143110292959223,0.21204329830491103,0.2631771638004169,0.3143110292959223,0.2631771638004169,0.2631771638004169,0.16090943280940465,0.26541678849396655,0.3632052700978781,0.2631771638004168,0.21204329830491103,0.2631771638004169,0.4165787602869347,0.3143110292959229,0.1631490575029544,0.2609375391068672,0.21204329830491106,0.36544489479142783,0.46771262578244055,0.4165787602869347,0.5210861159714965,0.15866980811585496,0.3143110292959223,0.21204329830491103,0.16090943280940465,0.21204329830491103,0.2631771638004168,0.21204329830491103,0.16090943280940465,0.1609094328094047,0.16090943280940465,0.2631771638004168,0.3143110292959223,0.1609094328094047,0.16090943280940465,0.11201519200744806,0.31207140460237326,0.2631771638004169,0.10977556731389833,0.21204329830491103,0.1609094328094047,0.16090943280940465,0.21204329830491103,0.16090943280940465,0.16090943280940465,0.21204329830491106,0.16314905750295444,0.20980367361136126,0.1609094328094047,0.10977556731389833,0.1631490575029544,0.20980367361136126,0.16090943280940465,0.16090943280940465,0.16090943280940465,0.3143110292959223,0.10977556731389833,0.16090943280940465,0.16090943280940465,0.10977556731389833,0.16090943280940465,0.3143110292959229,0.1609094328094047,0.2120432983049108,0.21204329830491103,0.1609094328094047,0.2631771638004168,0.21204329830491103,0.2631771638004168,0.1609094328094047,0.16090943280940465,0.1609094328094047,0.16090943280940473,0.2120432983049108,0.10977556731389833,0.26541678849396655,0.15866980811585493,0.21204329830491103,0.3143110292959229,0.16090943280940465,0.10977556731389833,0.2631771638004169,0.1609094328094047,0.16090943280940465,0.16090943280940465,0.21204329830491106,0.21204329830491106,0.2631771638004168,0.1609094328094047,0.10977556731389833,0.1609094328094047,0.2631771638004168,0.26317716380041706,0.21204329830491106,0.1609094328094047,0.1609094328094047,0.1609094328094047,0.21204329830491103,0.2631771638004169,0.6744877124580128,0.36320527009787895,0.11201519200744806,0.3143110292959223,0.4143391355933841,0.5699803567734518,0.1918230450463834,0.0,0.0
0.5522492818857009,0.40907092396404926,0.3187902786830224,0.3098317799088235,0.36617022601708554,0.4045916745769498,0.26693108196185966,0.4090709239640492,0.36169097662998606,0.40907092396404926,0.31431102929592286,0.40907092396404987,0.31431102929592336,0.3616909766299861,0.36617022601708554,0.35721172724288663,0.31431102929592286,0.4090709239640492,0.3143110292959229,0.3616909766299862,0.40907092396404937,0.36169097662998606,0.3616909766299861,0.26693108196185966,0.36617022601708554,0.4519716219110126,0.3616909766299862,0.31431102929592286,0.3616909766299861,0.5038308186321756,0.40907092396404987,0.27141033134895914,0.35721172724288663,0.31431102929592303,0.4564508712981123,0.5512107659662384,0.5038308186321758,0.6030699626874004,0.2624518325747602,0.40907092396404926,0.3143110292959229,0.26693108196185966,0.31431102929592286,0.3616909766299861,0.3143110292959229,0.26693108196185966,0.26693108196185966,0.26693108196185966,0.36169097662998595,0.40907092396404926,0.2669310819618597,0.26693108196185966,0.22403038401489597,0.40459167457695033,0.3616909766299862,0.2195511346277965,0.31431102929592303,0.2669310819618597,0.26693108196185966,0.31431102929592303,0.26693108196185966,0.26693108196185966,0.31431102929592286,0.2714103313489592,0.3098317799088235,0.26693108196185966,0.2195511346277965,0.27141033134895914,0.3098317799088235,0.2669310819618597,0.26693108196185966,0.2669310819618597,0.40907092396404926,0.2195511346277965,0.26693108196185966,0.2669310819618597,0.2195511346277965,0.2669310819618597,0.40907092396404976,0.26693108196185966,0.3143110292959233,0.3143110292959229,0.2669310819618597,0.36169097662998595,0.3143110292959229,0.36169097662998606,0.26693108196185966,0.26693108196185966,0.2669310819618597,0.26693108196185966,0.31431102929592336,0.2195511346277965,0.36617022601708554,0.2624518325747602,0.31431102929592286,0.40907092396404976,0.26693108196185966,0.2195511346277965,0.3616909766299861,0.26693108196185966,0.26693108196185966,0.2669310819618597,0.3143110292959229,0.31431102929592303,0.3616909766299861,0.26693108196185966,0.2195511346277965,0.2669310819618597,0.36169097662998606,0.3616909766299865,0.31431102929592286,0.26693108196185966,0.26693108196185966,0.26693108196185966,0.3143110292959229,0.3616909766299861,0.7452098046895892,0.4519716219110135,0.22403038401489597,0.4090709239640492,0.499351569245076,0.6459706606343639,0.2189827391219191,0.0,0.0
0.42622318467040704,0.2669310819618597,0.16134314786046777,0.1604757177583418,0.21435397243669563,0.2664973669107968,0.10789860823317696,0.2669310819618597,0.21392025738563264,0.2669310819618597,0.16090943280940478,0.26693108196186005,0.16090943280940465,0.21392025738563264,0.21435397243669563,0.2134865423345696,0.16090943280940478,0.2669310819618597,0.1609094328094048,0.21392025738563264,0.2669310819618597,0.21392025738563264,0.21392025738563264,0.10789860823317696,0.21435397243669563,0.3195081914870236,0.21392025738563264,0.16090943280940478,0.21392025738563264,0.3729527311143143,0.2669310819618601,0.10833232328423999,0.2134865423345696,0.16090943280940478,0.3199419065380866,0.42596355569054134,0.3729527311143143,0.47940809531783235,0.10746489318211395,0.2669310819618597,0.16090943280940478,0.10789860823317696,0.16090943280940478,0.21392025738563264,0.16090943280940478,0.10789860823317696,0.10789860823317696,0.10789860823317696,0.21392025738563264,0.2669310819618597,0.10789860823317696,0.10789860823317696,0.055321498708012146,0.26649736691079706,0.21392025738563264,0.05488778365694914,0.16090943280940478,0.10789860823317697,0.10789860823317696,0.16090943280940478,0.10789860823317696,0.10789860823317696,0.16090943280940478,0.10833232328423996,0.1604757177583418,0.10789860823317696,0.05488778365694914,0.10833232328423996,0.1604757177583418,0.10789860823317696,0.10789860823317696,0.10789860823317696,0.2669310819618597,0.05488778365694914,0.10789860823317696,0.10789860823317696,0.05488778365694914,0.10789860823317696,0.26693108196186005,0.10789860823317696,0.16090943280940465,0.16090943280940478,0.10789860823317697,0.21392025738563264,0.1609094328094048,0.21392025738563264,0.10789860823317697,0.10789860823317696,0.10789860823317696,0.10789860823317696,0.16090943280940465,0.05488778365694914,0.21435397243669563,0.10746489318211395,0.16090943280940478,0.26693108196186016,0.10789860823317696,0.05488778365694914,0.21392025738563264,0.10789860823317696,0.10789860823317696,0.10789860823317696,0.1609094328094048,0.16090943280940478,0.21392025738563264,0.10789860823317696,0.05488778365694914,0.10789860823317696,0.21392025738563264,0.21392025738563256,0.16090943280940478,0.10789860823317696,0.10789860823317696,0.10789860823317696,0.16090943280940478,0.21392025738563264,0.638440569046513,0.31950819148702425,0.055321498708012146,0.2669310819618597,0.37251901606325044,0.531985204842996,0.17824319800861546,0.0,0.0
0.38421448559864285,0.21955113462779705,0.10977556731389843,0.10977556731389843,0.16466335097084772,0.21955113462779705,0.05488778365694912,0.21955113462779705,0.16466335097084772,0.21955113462779705,0.10977556731389843,0.21955113462779693,0.10977556731389825,0.16466335097084772,0.16466335097084772,0.16466335097084772,0.10977556731389843,0.21955113462779705,0.10977556731389843,0.16466335097084772,0.21955113462779705,0.16466335097084772,0.16466335097084772,0.05488778365694912,0.16466335097084772,0.27443891828474554,0.16466335097084772,0.10977556731389843,0.16466335097084772,0.3293267019416944,0.21955113462779693,0.05488778365694912,0.16466335097084772,0.10977556731389843,0.27443891828474554,0.3842144855986429,0.3293267019416944,0.43910226925559226,0.05488778365694912,0.21955113462779705,0.10977556731389843,0.05488778365694912,0.10977556731389843,0.16466335097084772,0.10977556731389843,0.05488778365694912,0.05488778365694912,0.05488778365694912,0.16466335097084772,0.21955113462779705,0.05488778365694912,0.05488778365694912,0.0,0.21955113462779693,0.16466335097084772,0.0,0.10977556731389843,0.05488778365694912,0.05488778365694912,0.10977556731389843,0.05488778365694912,0.05488778365694912,0.10977556731389843,0.05488778365694912,0.10977556731389843,0.05488778365694912,0.0,0.05488778365694912,0.10977556731389843,0.05488778365694912,0.05488778365694912,0.05488778365694912,0.21955113462779705,0.0,0.05488778365694912,0.05488778365694912,0.0,0.05488778365694912,0.21955113462779693,0.05488778365694912,0.10977556731389825,0.10977556731389843,0.05488778365694912,0.16466335097084772,0.10977556731389843,0.16466335097084772,0.05488778365694912,0.05488778365694912,0.05488778365694912,0.05488778365694912,0.10977556731389825,0.0,0.16466335097084772,0.05488778365694912,0.10977556731389843,0.21955113462779693,0.05488778365694912,0.0,0.16466335097084772,0.05488778365694912,0.05488778365694912,0.05488778365694912,0.10977556731389843,0.10977556731389843,0.16466335097084772,0.05488778365694912,0.0,0.05488778365694912,0.16466335097084772,0.16466335097084758,0.10977556731389843,0.05488778365694912,0.05488778365694912,0.05488778365694912,0.10977556731389843,0.16466335097084772,0.6037656202264375,0.27443891828474576,0.0,0.21955113462779705,0.32932670194169383,0.49399005291254056,0.16466335097084758,0.0,0.0
0.5102405828139356,0.3616909766299858,0.2699670873193008,0.25638724028153287,0.3192239937340856,0.354901053111102,0.2139202573856323,0.3616909766299858,0.3124340702152017,0.3616909766299858,0.2631771638004169,0.3616909766299865,0.2631771638004173,0.3124340702152017,0.3192239937340856,0.30564414669631773,0.2631771638004169,0.3616909766299858,0.2631771638004169,0.3124340702152017,0.3616909766299859,0.3124340702152017,0.31243407021520164,0.2139202573856323,0.31922399373408555,0.4041579595258859,0.3124340702152017,0.2631771638004168,0.3124340702152017,0.4602047894595548,0.36169097662998645,0.22071018090451622,0.30564414669631773,0.2631771638004169,0.41094788304476987,0.5094616958743386,0.46020478945955484,0.5655085258080073,0.2071303338667484,0.3616909766299858,0.2631771638004169,0.2139202573856323,0.2631771638004169,0.3124340702152017,0.2631771638004169,0.2139202573856323,0.2139202573856323,0.2139202573856323,0.31243407021520164,0.3616909766299858,0.2139202573856323,0.2139202573856323,0.1714532744897313,0.3549010531111026,0.3124340702152017,0.16466335097084742,0.2631771638004169,0.2139202573856323,0.2139202573856323,0.2631771638004169,0.2139202573856323,0.2139202573856323,0.2631771638004168,0.22071018090451625,0.25638724028153287,0.21392025738563236,0.16466335097084742,0.22071018090451622,0.25638724028153287,0.2139202573856323,0.2139202573856323,0.2139202573856323,0.3616909766299858,0.16466335097084742,0.2139202573856323,0.2139202573856323,0.16466335097084742,0.2139202573856323,0.36169097662998645,0.2139202573856323,0.2631771638004172,0.2631771638004169,0.2139202573856323,0.3124340702152017,0.2631771638004169,0.31243407021520164,0.2139202573856323,0.2139202573856323,0.21392025738563236,0.21392025738563236,0.2631771638004172,0.16466335097084742,0.31922399373408555,0.2071303338667484,0.2631771638004169,0.36169097662998645,0.2139202573856323,0.16466335097084742,0.3124340702152017,0.2139202573856323,0.2139202573856323,0.2139202573856323,0.2631771638004169,0.2631771638004169,0.3124340702152017,0.2139202573856323,0.16466335097084742,0.2139202573856323,0.3124340702152017,0.31243407021520203,0.2631771638004169,0.2139202573856323,0.2139202573856323,0.2139202573856323,0.2631771638004169,0.3124340702152017,0.7132792450523603,0.4041579595258868,0.1714532744897313,0.3616909766299858,0.45341486594067004,0.6079755087039075,0.20540289208415122,0.0,0.0
0.42622318467040704,0.2669310819618597,0.16271534245189154,0.15910352316691806,0.21572616702811936,0.26512517231937305,0.10789860823317696,0.2669310819618597,0.21392025738563264,0.2669310819618597,0.16090943280940478,0.26693108196186005,0.16090943280940465,0.21392025738563264,0.21572616702811936,0.2121143477431459,0.16090943280940478,0.2669310819618597,0.1609094328094048,0.21392025738563264,0.2669310819618597,0.21392025738563264,0.21392025738563264,0.10789860823317696,0.21572616702811936,0.3181359968955999,0.21392025738563264,0.16090943280940478,0.21392025738563264,0.3729527311143143,0.2669310819618601,0.10970451787566371,0.2121143477431459,0.16090943280940478,0.31994190653808663,0.42596355569054134,0.3729527311143143,0.480780289909256,0.10609269859069022,0.2669310819618597,0.16090943280940478,0.10789860823317696,0.16090943280940478,0.21392025738563264,0.16090943280940478,0.10789860823317696,0.10789860823317696,0.10789860823317696,0.21392025738563264,0.2669310819618597,0.10789860823317696,0.10789860823317696,0.056693693299435875,0.2651251723193733,0.21392025738563264,0.05488778365694914,0.16090943280940478,0.10789860823317697,0.10789860823317696,0.16090943280940478,0.10789860823317696,0.10789860823317696,0.16090943280940476,0.1097045178756637,0.15910352316691806,0.10789860823317696,0.05488778365694914,0.1097045178756637,0.15910352316691806,0.10789860823317696,0.10789860823317696,0.10789860823317696,0.2669310819618597,0.05488778365694914,0.10789860823317696,0.10789860823317696,0.05488778365694914,0.10789860823317696,0.26693108196186005,0.10789860823317696,0.16090943280940465,0.16090943280940478,0.10789860823317697,0.21392025738563264,0.1609094328094048,0.21392025738563264,0.10789860823317697,0.10789860823317696,0.10789860823317696,0.10789860823317696,0.16090943280940465,0.05488778365694914,0.21572616702811936,0.10609269859069022,0.16090943280940478,0.26693108196186016,0.10789860823317696,0.05488778365694914,0.21392025738563264,0.10789860823317696,0.10789860823317696,0.10789860823317696,0.16090943280940478,0.16090943280940478,0.21392025738563264,0.10789860823317696,0.05488778365694914,0.10789860823317696,0.21392025738563264,0.21392025738563256,0.16090943280940478,0.10789860823317696,0.10789860823317696,0.10789860823317696,0.16090943280940478,0.21392025738563264,0.6398127636379367,0.31813599689560057,0.056693693299435875,0.2669310819618597,0.3711468214718267,0.531985204842996,0.17824319800861546,0.0,0.0
0.42622318467040693,0.26693108196185966,0.16683192622616266,0.15498693939264685,0.21984275080239044,0.2610085885451019,0.10789860823317696,0.26693108196185966,0.21392025738563258,0.26693108196185966,0.16090943280940473,0.26693108196186,0.16090943280940465,0.21392025738563256,0.2198427508023905,0.20799776396887462,0.16090943280940473,0.26693108196185966,0.16090943280940473,0.21392025738563256,0.26693108196185966,0.21392025738563256,0.21392025738563256,0.10789860823317696,0.21984275080239052,0.31401941312132875,0.21392025738563256,0.16090943280940473,0.21392025738563256,0.3729527311143142,0.26693108196186,0.11382110164993488,0.20799776396887462,0.16090943280940473,0.3199419065380866,0.42596355569054134,0.3729527311143142,0.48489687368352713,0.10197611481641902,0.26693108196185966,0.16090943280940473,0.10789860823317696,0.16090943280940473,0.21392025738563256,0.16090943280940476,0.10789860823317696,0.10789860823317696,0.10789860823317696,0.21392025738563256,0.26693108196185966,0.10789860823317694,0.10789860823317696,0.06081027707370706,0.26100858854510217,0.21392025738563256,0.05488778365694914,0.16090943280940473,0.10789860823317696,0.10789860823317696,0.16090943280940473,0.10789860823317696,0.10789860823317696,0.16090943280940473,0.11382110164993485,0.15498693939264685,0.10789860823317696,0.05488778365694914,0.11382110164993488,0.15498693939264685,0.10789860823317696,0.10789860823317696,0.10789860823317696,0.26693108196185966,0.05488778365694914,0.10789860823317696,0.10789860823317696,0.05488778365694914,0.10789860823317696,0.26693108196186005,0.10789860823317696,0.16090943280940465,0.16090943280940473,0.10789860823317696,0.21392025738563256,0.16090943280940473,0.21392025738563258,0.10789860823317696,0.10789860823317696,0.10789860823317694,0.10789860823317694,0.16090943280940465,0.05488778365694914,0.2198427508023905,0.10197611481641902,0.16090943280940473,0.26693108196186,0.10789860823317696,0.05488778365694914,0.21392025738563256,0.10789860823317696,0.10789860823317696,0.10789860823317696,0.16090943280940473,0.16090943280940473,0.21392025738563256,0.10789860823317696,0.05488778365694914,0.10789860823317696,0.21392025738563256,0.21392025738563256,0.16090943280940473,0.10789860823317696,0.10789860823317694,0.10789860823317694,0.16090943280940473,0.21392025738563256,0.6439293474122082,0.3140194131213293,0.06081027707370706,0.26693108196185966,0.3670302376975556,0.531985204842996,0.17824319800861554,0.0,0.0
0.4262231846704071,0.26693108196185966,0.16408753704331516,0.15773132857549424,0.2170983616195429,0.2637529777279493,0.10789860823317694,0.26693108196185966,0.2139202573856325,0.26693108196185966,0.1609094328094047,0.26693108196185994,0.1609094328094047,0.21392025738563247,0.217098361619543,0.21074215315172204,0.1609094328094047,0.26693108196185966,0.1609094328094047,0.21392025738563247,0.26693108196185966,0.21392025738563256,0.21392025738563247,0.10789860823317696,0.217098361619543,0.31676380230417617,0.21392025738563247,0.1609094328094047,0.21392025738563247,0.3729527311143142,0.2669310819618599,0.11107671246708739,0.21074215315172204,0.1609094328094047,0.31994190653808663,0.4259635556905414,0.3729527311143142,0.4821524845006799,0.10472050399926648,0.26693108196185966,0.1609094328094047,0.10789860823317696,0.1609094328094047,0.21392025738563247,0.1609094328094047,0.10789860823317694,0.10789860823317694,0.10789860823317696,0.2139202573856325,0.26693108196185966,0.10789860823317692,0.10789860823317694,0.0580658878908596,0.26375297772794953,0.21392025738563247,0.05488778365694914,0.1609094328094047,0.10789860823317694,0.10789860823317696,0.1609094328094047,0.10789860823317694,0.10789860823317694,0.1609094328094047,0.11107671246708738,0.15773132857549424,0.10789860823317694,0.05488778365694914,0.11107671246708739,0.15773132857549424,0.10789860823317696,0.10789860823317694,0.10789860823317694,0.26693108196185966,0.05488778365694914,0.10789860823317694,0.10789860823317696,0.05488778365694914,0.10789860823317694,0.26693108196185994,0.10789860823317694,0.1609094328094047,0.1609094328094047,0.10789860823317694,0.21392025738563256,0.1609094328094047,0.2139202573856325,0.10789860823317694,0.10789860823317694,0.10789860823317692,0.10789860823317692,0.1609094328094047,0.05488778365694914,0.2170983616195429,0.10472050399926648,0.1609094328094047,0.26693108196185994,0.10789860823317696,0.05488778365694914,0.2139202573856325,0.10789860823317694,0.10789860823317694,0.10789860823317694,0.1609094328094047,0.1609094328094047,0.21392025738563247,0.10789860823317694,0.05488778365694914,0.10789860823317694,0.21392025738563256,0.2139202573856325,0.1609094328094047,0.10789860823317694,0.10789860823317694,0.10789860823317694,0.1609094328094047,0.21392025738563247,0.641184958229361,0.3167638023041767,0.0580658878908596,0.26693108196185966,0.369774626880403,0.5319852048429964,0.1782431980086155,0.0,0.0
0.4682318837421718,0.31431102929592214,0.2156551175898844,0.20843147901993744,0.26678898308539006,0.31069921001094875,0.16090943280940465,0.3143110292959221,0.2631771638004167,0.31431102929592214,0.21204329830491095,0.31431102929592286,0.2120432983049109,0.2631771638004167,0.2667889830853901,0.2595653445154433,0.21204329830491095,0.3143110292959221,0.21204329830491095,0.26317716380041667,0.3143110292959221,0.2631771638004167,0.2631771638004167,0.16090943280940462,0.2667889830853902,0.3618330755064545,0.26317716380041667,0.2120432983049109,0.2631771638004167,0.4165787602869347,0.31431102929592286,0.1645212520943781,0.2595653445154433,0.21204329830491098,0.365444894791428,0.4677126257824405,0.4165787602869347,0.5224583105629198,0.1572976135244312,0.31431102929592214,0.21204329830491095,0.16090943280940462,0.2120432983049109,0.26317716380041667,0.21204329830491095,0.16090943280940465,0.16090943280940465,0.16090943280940462,0.26317716380041667,0.31431102929592214,0.16090943280940465,0.16090943280940465,0.11338738659887179,0.31069921001094936,0.2631771638004167,0.10977556731389833,0.21204329830491095,0.16090943280940465,0.16090943280940462,0.2120432983049109,0.16090943280940465,0.16090943280940465,0.21204329830491098,0.1645212520943781,0.20843147901993747,0.16090943280940465,0.10977556731389833,0.1645212520943781,0.20843147901993744,0.16090943280940462,0.16090943280940462,0.16090943280940462,0.3143110292959221,0.10977556731389833,0.16090943280940462,0.16090943280940462,0.10977556731389833,0.16090943280940465,0.31431102929592286,0.16090943280940465,0.2120432983049109,0.2120432983049109,0.16090943280940465,0.26317716380041667,0.21204329830491095,0.26317716380041667,0.16090943280940465,0.16090943280940465,0.16090943280940465,0.16090943280940465,0.2120432983049109,0.10977556731389833,0.2667889830853901,0.15729761352443117,0.2120432983049109,0.31431102929592286,0.16090943280940462,0.10977556731389833,0.26317716380041667,0.16090943280940465,0.16090943280940462,0.16090943280940465,0.21204329830491098,0.21204329830491095,0.26317716380041667,0.16090943280940465,0.10977556731389833,0.16090943280940465,0.26317716380041667,0.26317716380041706,0.21204329830491098,0.16090943280940465,0.16090943280940465,0.16090943280940465,0.2120432983049109,0.26317716380041667,0.6758599070494367,0.3618330755064553,0.11338738659887179,0.31431102929592214,0.41296694100196046,0.569980356773452,0.1918230450463834,0.0,0.0
0.46823188374217195,0.3143110292959224,0.21565511758988437,0.20843147901993744,0.26678898308539,0.310699210010949,0.16090943280940462,0.3143110292959224,0.26317716380041667,0.3143110292959225,0.2120432983049109,0.31431102929592303,0.2120432983049109,0.26317716380041667,0.26678898308539006,0.2595653445154433,0.2120432983049109,0.3143110292959224,0.21204329830491087,0.2631771638004166,0.3143110292959225,0.2631771638004167,0.2631771638004166,0.16090943280940456,0.26678898308539006,0.36183307550645505,0.2631771638004166,0.2120432983049109,0.2631771638004167,0.4165787602869348,0.3143110292959229,0.16452125209437807,0.2595653445154433,0.2120432983049109,0.3654448947914286,0.4677126257824407,0.4165787602869349,0.52245831056292,0.15729761352443114,0.3143110292959224,0.21204329830491087,0.16090943280940456,0.2120432983049109,0.26317716380041667,0.2120432983049109,0.16090943280940465,0.16090943280940462,0.16090943280940456,0.26317716380041667,0.3143110292959224,0.16090943280940465,0.16090943280940456,0.11338738659887179,0.3106992100109495,0.2631771638004166,0.10977556731389833,0.2120432983049109,0.16090943280940465,0.16090943280940462,0.2120432983049109,0.16090943280940462,0.16090943280940462,0.2120432983049109,0.16452125209437807,0.20843147901993744,0.16090943280940465,0.10977556731389833,0.164521252094378,0.20843147901993744,0.16090943280940456,0.16090943280940456,0.16090943280940456,0.3143110292959225,0.10977556731389833,0.16090943280940456,0.16090943280940456,0.10977556731389833,0.16090943280940462,0.3143110292959229,0.16090943280940462,0.2120432983049109,0.21204329830491087,0.16090943280940465,0.26317716380041667,0.21204329830491087,0.2631771638004166,0.16090943280940462,0.16090943280940456,0.16090943280940465,0.16090943280940465,0.2120432983049109,0.10977556731389833,0.26678898308539006,0.15729761352443114,0.2120432983049109,0.31431102929592303,0.16090943280940456,0.10977556731389833,0.2631771638004166,0.16090943280940462,0.16090943280940462,0.16090943280940462,0.2120432983049109,0.2120432983049109,0.26317716380041667,0.16090943280940462,0.10977556731389833,0.16090943280940462,0.26317716380041667,0.263177163800417,0.2120432983049109,0.16090943280940462,0.16090943280940462,0.16090943280940462,0.21204329830491087,0.26317716380041667,0.6758599070494372,0.3618330755064556,0.11338738659887179,0.3143110292959224,0.41296694100196074,0.5699803567734523,0.19182304504638337,0.0,0.0
0.5102405828139365,0.3616909766299858,0.26447830895360563,0.26187601864722765,0.3137352153683902,0.3603898314767968,0.2139202573856323,0.3616909766299858,0.31243407021520114,0.3616909766299859,0.2631771638004166,0.36169097662998645,0.26317716380041695,0.3124340702152012,0.3137352153683902,0.31113292506201223,0.2631771638004166,0.3616909766299858,0.2631771638004166,0.31243407021520125,0.3616909766299859,0.31243407021520114,0.31243407021520125,0.21392025738563228,0.3137352153683902,0.40964673789158096,0.3124340702152012,0.26317716380041667,0.31243407021520125,0.46020478945955534,0.36169097662998634,0.21522140253882127,0.3111329250620122,0.2631771638004167,0.4109478830447701,0.5094616958743394,0.4602047894595554,0.5600197474423129,0.2126191122324433,0.3616909766299859,0.26317716380041667,0.21392025738563228,0.2631771638004166,0.31243407021520114,0.2631771638004166,0.2139202573856323,0.2139202573856323,0.2139202573856323,0.31243407021520114,0.3616909766299858,0.21392025738563236,0.2139202573856323,0.1659644961240364,0.3603898314767974,0.31243407021520125,0.16466335097084742,0.26317716380041667,0.2139202573856323,0.21392025738563228,0.26317716380041667,0.21392025738563228,0.2139202573856323,0.26317716380041667,0.21522140253882135,0.2618760186472277,0.2139202573856323,0.16466335097084742,0.21522140253882127,0.26187601864722765,0.2139202573856323,0.21392025738563228,0.2139202573856323,0.3616909766299858,0.16466335097084742,0.2139202573856323,0.2139202573856323,0.16466335097084742,0.2139202573856323,0.36169097662998634,0.2139202573856323,0.26317716380041695,0.26317716380041667,0.2139202573856323,0.31243407021520114,0.2631771638004166,0.31243407021520114,0.2139202573856323,0.2139202573856323,0.21392025738563236,0.21392025738563236,0.26317716380041695,0.16466335097084742,0.3137352153683902,0.21261911223244329,0.26317716380041667,0.36169097662998634,0.21392025738563228,0.16466335097084742,0.31243407021520125,0.2139202573856323,0.2139202573856323,0.2139202573856323,0.26317716380041667,0.26317716380041667,0.31243407021520114,0.2139202573856323,0.16466335097084742,0.2139202573856323,0.31243407021520114,0.31243407021520164,0.26317716380041667,0.2139202573856323,0.2139202573856323,0.2139202573856323,0.26317716380041667,0.31243407021520125,0.7077904666866653,0.40964673789158185,0.1659644961240364,0.3616909766299858,0.45890364430636577,0.6079755087039078,0.20540289208415122,0.0,0.0
0.42622318467040743,0.26693108196185966,0.16271534245189143,0.15910352316691795,0.21572616702811925,0.26512517231937294,0.10789860823317694,0.26693108196185966,0.21392025738563247,0.26693108196185966,0.1609094328094047,0.2669310819618599,0.16090943280940473,0.21392025738563247,0.21572616702811925,0.21211434774314575,0.1609094328094047,0.26693108196185966,0.1609094328094047,0.21392025738563247,0.26693108196185966,0.21392025738563247,0.21392025738563247,0.10789860823317694,0.21572616702811925,0.3181359968955999,0.21392025738563247,0.1609094328094047,0.2139202573856325,0.3729527311143144,0.26693108196185983,0.10970451787566365,0.21211434774314575,0.16090943280940465,0.31994190653808663,0.4259635556905418,0.3729527311143144,0.48078028990925636,0.10609269859069019,0.26693108196185966,0.1609094328094047,0.10789860823317694,0.1609094328094047,0.21392025738563247,0.1609094328094047,0.10789860823317694,0.10789860823317694,0.10789860823317694,0.2139202573856325,0.26693108196185966,0.10789860823317692,0.10789860823317694,0.056693693299435875,0.2651251723193732,0.21392025738563247,0.05488778365694914,0.1609094328094047,0.10789860823317692,0.10789860823317694,0.16090943280940465,0.10789860823317692,0.10789860823317694,0.1609094328094047,0.10970451787566365,0.15910352316691795,0.10789860823317692,0.05488778365694914,0.10970451787566365,0.15910352316691795,0.10789860823317694,0.10789860823317694,0.10789860823317694,0.26693108196185966,0.05488778365694914,0.10789860823317694,0.10789860823317694,0.05488778365694914,0.10789860823317692,0.2669310819618599,0.10789860823317694,0.16090943280940473,0.1609094328094047,0.10789860823317692,0.2139202573856325,0.1609094328094047,0.21392025738563247,0.10789860823317694,0.10789860823317694,0.10789860823317692,0.10789860823317692,0.16090943280940473,0.05488778365694914,0.2157261670281192,0.1060926985906902,0.1609094328094047,0.2669310819618599,0.10789860823317694,0.05488778365694914,0.21392025738563247,0.10789860823317694,0.10789860823317694,0.10789860823317692,0.1609094328094047,0.16090943280940465,0.21392025738563247,0.10789860823317694,0.05488778365694914,0.10789860823317694,0.2139202573856325,0.21392025738563242,0.1609094328094047,0.10789860823317694,0.10789860823317692,0.10789860823317692,0.1609094328094047,0.21392025738563247,0.6398127636379372,0.31813599689560046,0.056693693299435875,0.26693108196185966,0.3711468214718269,0.5319852048429965,0.1782431980086155,0.0,0.0
0.38421448559864285,0.21955113462779705,0.10977556731389843,0.10977556731389843,0.16466335097084772,0.21955113462779705,0.05488778365694912,0.21955113462779705,0.16466335097084772,0.21955113462779705,0.10977556731389843,0.21955113462779693,0.10977556731389825,0.16466335097084772,0.16466335097084772,0.16466335097084772,0.10977556731389843,0.21955113462779705,0.10977556731389843,0.16466335097084772,0.21955113462779705,0.16466335097084772,0.16466335097084772,0.05488778365694912,0.16466335097084772,0.27443891828474554,0.16466335097084772,0.10977556731389843,0.16466335097084772,0.3293267019416944,0.21955113462779693,0.05488778365694912,0.16466335097084772,0.10977556731389843,0.27443891828474554,0.3842144855986429,0.3293267019416944,0.43910226925559226,0.05488778365694912,0.21955113462779705,0.10977556731389843,0.05488778365694912,0.10977556731389843,0.16466335097084772,0.10977556731389843,0.05488778365694912,0.05488778365694912,0.05488778365694912,0.16466335097084772,0.21955113462779705,0.05488778365694912,0.05488778365694912,0.0,0.21955113462779693,0.16466335097084772,0.0,0.10977556731389843,0.05488778365694912,0.05488778365694912,0.10977556731389843,0.05488778365694912,0.05488778365694912,0.10977556731389843,0.05488778365694912,0.10977556731389843,0.05488778365694912,0.0,0.05488778365694912,0.10977556731389843,0.05488778365694912,0.05488778365694912,0.05488778365694912,0.21955113462779705,0.0,0.05488778365694912,0.05488778365694912,0.0,0.05488778365694912,0.21955113462779693,0.05488778365694912,0.10977556731389825,0.10977556731389843,0.05488778365694912,0.16466335097084772,0.10977556731389843,0.16466335097084772,0.05488778365694912,0.05488778365694912,0.05488778365694912,0.05488778365694912,0.10977556731389825,0.0,0.16466335097084772,0.05488778365694912,0.10977556731389843,0.21955113462779693,0.05488778365694912,0.0,0.16466335097084772,0.05488778365694912,0.05488778365694912,0.05488778365694912,0.10977556731389843,0.10977556731389843,0.16466335097084772,0.05488778365694912,0.0,0.05488778365694912,0.16466335097084772,0.16466335097084758,0.10977556731389843,0.05488778365694912,0.05488778365694912,0.05488778365694912,0.10977556731389843,0.16466335097084772,0.6037656202264375,0.27443891828474576,0.0,0.21955113462779705,0.32932670194169383,0.49399005291254056,0.16466335097084758,0.0,0.0
0.4262231846704075,0.26693108196185966,0.1654597316347389,0.15635913398407048,0.2184705562109667,0.2623807831365256,0.10789860823317692,0.26693108196185966,0.21392025738563247,0.26693108196185966,0.1609094328094047,0.2669310819618599,0.16090943280940473,0.21392025738563247,0.2184705562109667,0.20936995856029825,0.1609094328094047,0.26693108196185966,0.1609094328094047,0.21392025738563247,0.26693108196185966,0.2139202573856325,0.21392025738563247,0.10789860823317692,0.2184705562109667,0.3153916077127525,0.21392025738563247,0.1609094328094047,0.2139202573856325,0.3729527311143145,0.2669310819618599,0.1124489070585111,0.20936995856029833,0.1609094328094047,0.31994190653808663,0.42596355569054173,0.3729527311143145,0.4835246790921036,0.10334830940784273,0.26693108196185966,0.1609094328094047,0.10789860823317692,0.1609094328094047,0.21392025738563247,0.1609094328094047,0.10789860823317692,0.10789860823317692,0.10789860823317692,0.21392025738563247,0.26693108196185966,0.10789860823317692,0.10789860823317692,0.05943808248228334,0.26238078313652574,0.21392025738563247,0.05488778365694914,0.1609094328094047,0.10789860823317692,0.10789860823317692,0.1609094328094047,0.10789860823317692,0.10789860823317692,0.1609094328094047,0.1124489070585111,0.15635913398407048,0.10789860823317692,0.05488778365694914,0.1124489070585111,0.15635913398407048,0.10789860823317692,0.10789860823317692,0.10789860823317692,0.26693108196185966,0.05488778365694914,0.10789860823317692,0.10789860823317692,0.05488778365694914,0.10789860823317692,0.2669310819618599,0.10789860823317692,0.16090943280940473,0.1609094328094047,0.10789860823317692,0.2139202573856325,0.1609094328094047,0.21392025738563247,0.10789860823317692,0.10789860823317692,0.10789860823317692,0.10789860823317692,0.16090943280940473,0.05488778365694914,0.2184705562109667,0.10334830940784273,0.1609094328094047,0.26693108196185994,0.10789860823317692,0.05488778365694914,0.21392025738563247,0.10789860823317692,0.10789860823317692,0.10789860823317692,0.1609094328094047,0.1609094328094047,0.21392025738563247,0.10789860823317692,0.05488778365694914,0.10789860823317692,0.2139202573856325,0.21392025738563247,0.1609094328094047,0.10789860823317692,0.10789860823317692,0.10789860823317692,0.1609094328094047,0.21392025738563247,0.6425571528207846,0.315391607712753,0.05943808248228334,0.26693108196185966,0.3684024322889797,0.5319852048429965,0.17824319800861554,0.0,0.0
0.510240582813937,0.3616909766299862,0.26585050354502965,0.2605038240558042,0.3151074099598143,0.3590176368853735,0.2139202573856322,0.3616909766299862,0.3124340702152017,0.3616909766299862,0.2631771638004168,0.3616909766299866,0.26317716380041706,0.3124340702152017,0.3151074099598143,0.30976073047058894,0.2631771638004169,0.3616909766299862,0.2631771638004169,0.3124340702152017,0.36169097662998634,0.31243407021520164,0.3124340702152017,0.2139202573856322,0.31510740995981434,0.40827454330015805,0.3124340702152017,0.2631771638004169,0.31243407021520164,0.4602047894595559,0.3616909766299865,0.21659359713024492,0.30976073047058894,0.2631771638004169,0.410947883044771,0.5094616958743401,0.46020478945955606,0.5613919420337372,0.2112469176410195,0.3616909766299862,0.2631771638004169,0.2139202573856322,0.2631771638004169,0.3124340702152017,0.2631771638004169,0.21392025738563222,0.2139202573856322,0.2139202573856322,0.3124340702152016,0.3616909766299862,0.21392025738563222,0.21392025738563222,0.16733669071546015,0.35901763688537386,0.31243407021520164,0.16466335097084742,0.2631771638004169,0.21392025738563222,0.21392025738563222,0.2631771638004169,0.2139202573856322,0.2139202573856322,0.2631771638004169,0.21659359713024498,0.2605038240558042,0.21392025738563222,0.16466335097084742,0.21659359713024492,0.2605038240558042,0.21392025738563222,0.21392025738563222,0.21392025738563222,0.36169097662998634,0.16466335097084742,0.2139202573856322,0.21392025738563222,0.16466335097084742,0.21392025738563222,0.3616909766299865,0.2139202573856322,0.2631771638004171,0.2631771638004169,0.21392025738563222,0.3124340702152016,0.2631771638004169,0.3124340702152016,0.2139202573856322,0.21392025738563222,0.21392025738563222,0.21392025738563222,0.2631771638004171,0.16466335097084742,0.3151074099598144,0.21124691764101944,0.2631771638004169,0.3616909766299865,0.2139202573856322,0.16466335097084742,0.31243407021520164,0.2139202573856322,0.2139202573856322,0.21392025738563222,0.26317716380041695,0.2631771638004169,0.3124340702152017,0.2139202573856322,0.16466335097084742,0.21392025738563222,0.31243407021520164,0.31243407021520186,0.2631771638004168,0.2139202573856322,0.2139202573856322,0.2139202573856322,0.2631771638004169,0.3124340702152017,0.7091626612780905,0.4082745433001585,0.16733669071546015,0.3616909766299862,0.457531449714943,0.6079755087039086,0.20540289208415116,0.0,0.0
0.5102405828139368,0.3616909766299861,0.2644783089536057,0.26187601864722765,0.3137352153683905,0.3603898314767971,0.21392025738563222,0.36169097662998606,0.3124340702152015,0.3616909766299862,0.26317716380041667,0.3616909766299865,0.2631771638004171,0.3124340702152014,0.3137352153683905,0.3111329250620125,0.2631771638004167,0.3616909766299861,0.26317716380041667,0.31243407021520153,0.3616909766299862,0.3124340702152015,0.3124340702152015,0.2139202573856322,0.31373521536839055,0.4096467378915816,0.3124340702152015,0.2631771638004166,0.3124340702152015,0.4602047894595555,0.3616909766299865,0.21522140253882127,0.3111329250620125,0.2631771638004167,0.4109478830447708,0.50946169587434,0.46020478945955556,0.5600197474423132,0.21261911223244323,0.3616909766299861,0.26317716380041667,0.2139202573856322,0.26317716380041667,0.31243407021520153,0.26317716380041667,0.21392025738563222,0.21392025738563222,0.2139202573856322,0.3124340702152015,0.3616909766299861,0.21392025738563228,0.21392025738563222,0.1659644961240364,0.36038983147679743,0.31243407021520153,0.16466335097084742,0.2631771638004167,0.21392025738563228,0.21392025738563222,0.2631771638004167,0.2139202573856322,0.2139202573856322,0.2631771638004166,0.21522140253882127,0.26187601864722765,0.21392025738563228,0.16466335097084742,0.21522140253882122,0.2618760186472277,0.21392025738563222,0.21392025738563222,0.21392025738563222,0.3616909766299862,0.16466335097084742,0.2139202573856322,0.21392025738563222,0.16466335097084742,0.21392025738563228,0.36169097662998645,0.21392025738563222,0.2631771638004171,0.26317716380041667,0.21392025738563228,0.3124340702152015,0.26317716380041667,0.3124340702152015,0.2139202573856322,0.21392025738563222,0.21392025738563228,0.21392025738563228,0.2631771638004171,0.16466335097084742,0.3137352153683905,0.2126191122324432,0.26317716380041667,0.36169097662998645,0.2139202573856322,0.16466335097084742,0.3124340702152015,0.21392025738563222,0.21392025738563228,0.21392025738563228,0.2631771638004167,0.2631771638004167,0.31243407021520153,0.21392025738563222,0.16466335097084742,0.21392025738563228,0.31243407021520153,0.31243407021520186,0.26317716380041667,0.21392025738563222,0.21392025738563222,0.21392025738563222,0.26317716380041667,0.31243407021520153,0.7077904666866666,0.4096467378915822,0.1659644961240364,0.36169097662998606,0.45890364430636604,0.6079755087039085,0.20540289208415116,0.0,0.0
0.4682318837421724,0.31431102929592303,0.21428292299846058,0.20980367361136107,0.26541678849396644,0.3120714046023733,0.16090943280940456,0.3143110292959229,0.2631771638004167,0.31431102929592303,0.2120432983049108,0.31431102929592325,0.2120432983049108,0.26317716380041667,0.2654167884939663,0.260937539106867,0.2120432983049108,0.31431102929592303,0.2120432983049108,0.2631771638004168,0.31431102929592303,0.2631771638004168,0.26317716380041667,0.16090943280940456,0.26541678849396644,0.36320527009787923,0.26317716380041667,0.21204329830491087,0.2631771638004168,0.4165787602869354,0.31431102929592325,0.1631490575029543,0.260937539106867,0.21204329830491087,0.3654448947914291,0.4677126257824412,0.4165787602869355,0.5210861159714966,0.15866980811585482,0.31431102929592303,0.2120432983049108,0.16090943280940456,0.2120432983049108,0.26317716380041667,0.2120432983049108,0.16090943280940456,0.16090943280940456,0.16090943280940456,0.26317716380041667,0.31431102929592303,0.16090943280940456,0.16090943280940456,0.11201519200744806,0.3120714046023735,0.26317716380041667,0.10977556731389833,0.2120432983049108,0.16090943280940456,0.16090943280940456,0.2120432983049108,0.16090943280940456,0.16090943280940456,0.21204329830491087,0.1631490575029543,0.20980367361136115,0.16090943280940456,0.10977556731389833,0.1631490575029543,0.2098036736113611,0.16090943280940456,0.16090943280940456,0.16090943280940456,0.31431102929592303,0.10977556731389833,0.16090943280940456,0.16090943280940456,0.10977556731389833,0.16090943280940456,0.31431102929592325,0.16090943280940456,0.21204329830491078,0.2120432983049108,0.16090943280940456,0.26317716380041667,0.2120432983049108,0.2631771638004167,0.16090943280940456,0.16090943280940456,0.16090943280940456,0.16090943280940456,0.21204329830491078,0.10977556731389833,0.2654167884939665,0.15866980811585482,0.2120432983049108,0.31431102929592325,0.16090943280940456,0.10977556731389833,0.2631771638004167,0.16090943280940456,0.16090943280940456,0.16090943280940456,0.2120432983049108,0.2120432983049108,0.26317716380041667,0.16090943280940456,0.10977556731389833,0.16090943280940456,0.2631771638004167,0.2631771638004169,0.21204329830491087,0.16090943280940456,0.16090943280940456,0.16090943280940456,0.2120432983049108,0.2631771638004168,0.6744877124580141,0.3632052700978797,0.11201519200744806,0.31431102929592303,0.41433913559338537,0.5699803567734524,0.19182304504638328,0.0,0.0
0.4262231846704076,0.26693108196185966,0.1627153424518914,0.1591035231669179,0.2157261670281192,0.26512517231937294,0.1078986082331769,0.26693108196185966,0.21392025738563247,0.26693108196185966,0.16090943280940465,0.26693108196185983,0.16090943280940465,0.21392025738563247,0.2157261670281192,0.21211434774314575,0.16090943280940465,0.26693108196185966,0.16090943280940462,0.21392025738563247,0.26693108196185966,0.21392025738563247,0.21392025738563247,0.1078986082331769,0.21572616702811925,0.31813599689560046,0.21392025738563247,0.16090943280940465,0.21392025738563247,0.37295273111431493,0.26693108196185983,0.10970451787566361,0.21211434774314575,0.16090943280940465,0.31994190653808724,0.42596355569054195,0.37295273111431504,0.48078028990925636,0.10609269859069015,0.26693108196185966,0.16090943280940465,0.1078986082331769,0.16090943280940465,0.21392025738563247,0.16090943280940465,0.1078986082331769,0.1078986082331769,0.1078986082331769,0.21392025738563247,0.26693108196185966,0.10789860823317687,0.1078986082331769,0.056693693299435875,0.26512517231937316,0.21392025738563247,0.05488778365694914,0.16090943280940465,0.10789860823317687,0.10789860823317687,0.16090943280940465,0.1078986082331769,0.1078986082331769,0.1609094328094047,0.10970451787566361,0.15910352316691792,0.1078986082331769,0.05488778365694914,0.10970451787566363,0.1591035231669179,0.1078986082331769,0.1078986082331769,0.1078986082331769,0.26693108196185966,0.05488778365694914,0.1078986082331769,0.10789860823317687,0.05488778365694914,0.1078986082331769,0.26693108196185983,0.1078986082331769,0.16090943280940462,0.16090943280940465,0.10789860823317687,0.21392025738563247,0.16090943280940462,0.21392025738563247,0.1078986082331769,0.1078986082331769,0.10789860823317687,0.10789860823317687,0.16090943280940456,0.05488778365694914,0.21572616702811925,0.10609269859069016,0.16090943280940465,0.2669310819618599,0.1078986082331769,0.05488778365694914,0.21392025738563247,0.1078986082331769,0.10789860823317687,0.1078986082331769,0.16090943280940465,0.16090943280940465,0.21392025738563247,0.1078986082331769,0.05488778365694914,0.1078986082331769,0.21392025738563247,0.2139202573856323,0.1609094328094047,0.1078986082331769,0.10789860823317687,0.10789860823317687,0.16090943280940465,0.21392025738563247,0.6398127636379376,0.3181359968956009,0.056693693299435875,0.26693108196185966,0.3711468214718278,0.5319852048429965,0.17824319800861546,0.0,0.0
0.42622318467040765,0.26693108196185966,0.16134314786046763,0.16047571775834163,0.2143539724366955,0.2664973669107967,0.1078986082331769,0.26693108196185966,0.21392025738563247,0.26693108196185966,0.16090943280940465,0.26693108196185983,0.16090943280940465,0.21392025738563247,0.21435397243669546,0.21348654233456948,0.16090943280940465,0.26693108196185966,0.16090943280940465,0.21392025738563247,0.26693108196185966,0.2139202573856325,0.21392025738563247,0.1078986082331769,0.2143539724366955,0.31950819148702403,0.21392025738563247,0.1609094328094047,0.2139202573856325,0.37295273111431493,0.26693108196185983,0.1083323232842399,0.21348654233456948,0.16090943280940465,0.31994190653808713,0.42596355569054206,0.37295273111431504,0.4794080953178327,0.1074648931821139,0.26693108196185966,0.16090943280940465,0.1078986082331769,0.16090943280940465,0.21392025738563247,0.16090943280940465,0.1078986082331769,0.1078986082331769,0.1078986082331769,0.21392025738563247,0.26693108196185966,0.10789860823317687,0.1078986082331769,0.055321498708012146,0.26649736691079684,0.21392025738563247,0.05488778365694914,0.16090943280940465,0.10789860823317687,0.10789860823317687,0.16090943280940465,0.1078986082331769,0.1078986082331769,0.1609094328094047,0.10833232328423988,0.16047571775834166,0.1078986082331769,0.05488778365694914,0.1083323232842399,0.16047571775834163,0.1078986082331769,0.1078986082331769,0.1078986082331769,0.26693108196185966,0.05488778365694914,0.1078986082331769,0.1078986082331769,0.05488778365694914,0.1078986082331769,0.26693108196185983,0.1078986082331769,0.16090943280940462,0.16090943280940465,0.10789860823317687,0.21392025738563247,0.16090943280940465,0.21392025738563247,0.1078986082331769,0.1078986082331769,0.10789860823317687,0.10789860823317687,0.16090943280940462,0.05488778365694914,0.2143539724366955,0.1074648931821139,0.16090943280940465,0.2669310819618599,0.1078986082331769,0.05488778365694914,0.21392025738563247,0.1078986082331769,0.1078986082331769,0.1078986082331769,0.16090943280940465,0.16090943280940465,0.21392025738563247,0.1078986082331769,0.05488778365694914,0.1078986082331769,0.21392025738563247,0.2139202573856323,0.1609094328094047,0.1078986082331769,0.1078986082331769,0.1078986082331769,0.16090943280940465,0.21392025738563247,0.638440569046514,0.31950819148702453,0.055321498708012146,0.26693108196185966,0.37251901606325155,0.5319852048429965,0.17824319800861543,0.0,0.0
0.42622318467040765,0.26693108196185966,0.16134314786046763,0.16047571775834163,0.2143539724366955,0.2664973669107967,0.1078986082331769,0.26693108196185966,0.21392025738563247,0.26693108196185966,0.16090943280940465,0.26693108196185983,0.16090943280940465,0.21392025738563247,0.21435397243669546,0.21348654233456948,0.16090943280940465,0.26693108196185966,0.16090943280940465,0.21392025738563247,0.26693108196185966,0.2139202573856325,0.21392025738563247,0.1078986082331769,0.2143539724366955,0.31950819148702403,0.21392025738563247,0.1609094328094047,0.2139202573856325,0.37295273111431493,0.26693108196185983,0.1083323232842399,0.21348654233456948,0.16090943280940465,0.31994190653808713,0.42596355569054206,0.37295273111431504,0.4794080953178327,0.1074648931821139,0.26693108196185966,0.16090943280940465,0.1078986082331769,0.16090943280940465,0.21392025738563247,0.16090943280940465,0.1078986082331769,0.1078986082331769,0.1078986082331769,0.21392025738563247,0.26693108196185966,0.10789860823317687,0.1078986082331769,0.055321498708012146,0.26649736691079684,0.21392025738563247,0.05488778365694914,0.16090943280940465,0.10789860823317687,0.10789860823317687,0.16090943280940465,0.1078986082331769,0.1078986082331769,0.1609094328094047,0.10833232328423988,0.16047571775834166,0.1078986082331769,0.05488778365694914,0.1083323232842399,0.16047571775834163,0.1078986082331769,0.1078986082331769,0.1078986082331769,0.26693108196185966,0.05488778365694914,0.1078986082331769,0.1078986082331769,0.05488778365694914,0.1078986082331769,0.26693108196185983,0.1078986082331769,0.16090943280940462,0.16090943280940465,0.10789860823317687,0.21392025738563247,0.16090943280940465,0.21392025738563247,0.1078986082331769,0.1078986082331769,0.10789860823317687,0.10789860823317687,0.16090943280940462,0.05488778365694914,0.2143539724366955,0.1074648931821139,0.16090943280940465,0.2669310819618599,0.1078986082331769,0.05488778365694914,0.21392025738563247,0.1078986082331769,0.1078986082331769,0.1078986082331769,0.16090943280940465,0.16090943280940465,0.21392025738563247,0.1078986082331769,0.05488778365694914,0.1078986082331769,0.21392025738563247,0.2139202573856323,0.1609094328094047,0.1078986082331769,0.1078986082331769,0.1078986082331769,0.16090943280940465,0.21392025738563247,0.638440569046514,0.31950819148702453,0.055321498708012146,0.26693108196185966,0.37251901606325155,0.5319852048429965,0.17824319800861543,0.0,0.0
0.4682318837421718,0.31431102929592214,0.21291072840703695,0.2111758682027849,0.26404459390254265,0.31344359919379616,0.16090943280940465,0.31431102929592214,0.2631771638004167,0.31431102929592214,0.21204329830491095,0.31431102929592286,0.2120432983049109,0.26317716380041667,0.26404459390254265,0.26230973369829064,0.21204329830491095,0.3143110292959221,0.2120432983049109,0.26317716380041667,0.3143110292959221,0.26317716380041667,0.26317716380041667,0.16090943280940462,0.26404459390254276,0.3645774646893019,0.2631771638004166,0.2120432983049109,0.26317716380041667,0.4165787602869347,0.31431102929592275,0.16177686291153062,0.26230973369829064,0.21204329830491098,0.365444894791428,0.4677126257824405,0.4165787602869347,0.5197139213800727,0.1600420027072786,0.31431102929592214,0.2120432983049109,0.16090943280940462,0.2120432983049109,0.2631771638004166,0.2120432983049109,0.16090943280940462,0.16090943280940465,0.16090943280940462,0.26317716380041667,0.31431102929592214,0.16090943280940465,0.16090943280940465,0.11064299741602433,0.31344359919379683,0.26317716380041667,0.10977556731389833,0.2120432983049109,0.16090943280940465,0.16090943280940462,0.2120432983049109,0.16090943280940462,0.16090943280940465,0.2120432983049109,0.16177686291153065,0.2111758682027849,0.16090943280940465,0.10977556731389833,0.16177686291153062,0.2111758682027849,0.16090943280940462,0.16090943280940462,0.16090943280940462,0.3143110292959221,0.10977556731389833,0.16090943280940462,0.16090943280940462,0.10977556731389833,0.16090943280940462,0.31431102929592286,0.16090943280940462,0.2120432983049109,0.2120432983049109,0.16090943280940465,0.26317716380041667,0.2120432983049109,0.2631771638004166,0.16090943280940465,0.16090943280940462,0.16090943280940465,0.16090943280940465,0.2120432983049109,0.10977556731389833,0.2640445939025427,0.1600420027072786,0.2120432983049109,0.31431102929592275,0.16090943280940462,0.10977556731389833,0.26317716380041667,0.16090943280940462,0.16090943280940462,0.16090943280940462,0.21204329830491095,0.2120432983049109,0.2631771638004166,0.16090943280940462,0.10977556731389833,0.16090943280940465,0.26317716380041667,0.263177163800417,0.2120432983049109,0.16090943280940465,0.16090943280940465,0.16090943280940465,0.2120432983049109,0.26317716380041667,0.6731155178665893,0.36457746468930274,0.11064299741602433,0.31431102929592214,0.415711330184808,0.5699803567734522,0.1918230450463834,0.0,0.0
0.5102405828139356,0.3616909766299858,0.26722269813645305,0.25913162946438023,0.3164796045512377,0.3576454422939493,0.2139202573856323,0.3616909766299858,0.31243407021520114,0.3616909766299858,0.2631771638004166,0.36169097662998645,0.26317716380041717,0.31243407021520114,0.31647960455123764,0.3083885358791648,0.2631771638004166,0.3616909766299858,0.2631771638004166,0.31243407021520125,0.3616909766299859,0.31243407021520114,0.31243407021520125,0.2139202573856323,0.3164796045512377,0.4069023487087333,0.3124340702152012,0.2631771638004166,0.3124340702152012,0.46020478945955484,0.36169097662998645,0.21796579172166877,0.3083885358791648,0.2631771638004167,0.41094788304476987,0.5094616958743386,0.46020478945955484,0.5627641366251599,0.2098747230495958,0.3616909766299858,0.2631771638004166,0.2139202573856323,0.2631771638004166,0.3124340702152012,0.2631771638004166,0.2139202573856323,0.2139202573856323,0.2139202573856323,0.31243407021520114,0.3616909766299858,0.2139202573856323,0.2139202573856323,0.16870888530688388,0.35764544229394996,0.3124340702152012,0.16466335097084742,0.2631771638004166,0.2139202573856323,0.2139202573856323,0.26317716380041667,0.2139202573856323,0.2139202573856323,0.26317716380041667,0.2179657917216688,0.2591316294643803,0.21392025738563236,0.16466335097084742,0.21796579172166877,0.25913162946438023,0.2139202573856323,0.2139202573856323,0.2139202573856323,0.3616909766299858,0.16466335097084742,0.2139202573856323,0.2139202573856323,0.16466335097084742,0.2139202573856323,0.36169097662998634,0.2139202573856323,0.26317716380041717,0.2631771638004166,0.2139202573856323,0.31243407021520114,0.2631771638004166,0.3124340702152012,0.2139202573856323,0.2139202573856323,0.21392025738563236,0.21392025738563236,0.26317716380041717,0.16466335097084742,0.31647960455123775,0.2098747230495958,0.26317716380041667,0.36169097662998645,0.2139202573856323,0.16466335097084742,0.3124340702152012,0.2139202573856323,0.2139202573856323,0.2139202573856323,0.2631771638004166,0.26317716380041667,0.3124340702152012,0.2139202573856323,0.16466335097084742,0.2139202573856323,0.31243407021520114,0.31243407021520175,0.26317716380041667,0.2139202573856323,0.2139202573856323,0.2139202573856323,0.2631771638004166,0.31243407021520125,0.7105348558695128,0.4069023487087342,0.16870888530688388,0.3616909766299858,0.45615925512351735,0.6079755087039074,0.20540289208415125,0.0,0.0
0.8493461807454951,0.7452098046895922,0.686553266027892,0.6624221588881429,0.7349501607622052,0.7358886403025648,0.6398127636379412,0.7424654155067458,0.7105348558695169,0.7438376100981687,0.6744877124580173,0.7424654155067455,0.6744877124580172,0.7077904666866698,0.7198560202565442,0.6998414968910659,0.6744877124580173,0.7452098046895922,0.6731155178665937,0.7105348558695165,0.7452098046895925,0.7119070504609404,0.7077904666866698,0.6384405690465177,0.722600409439391,0.7774245620797593,0.7077904666866696,0.6758599070494409,0.7119070504609404,0.8131875077383207,0.7438376100981693,0.6491339280249686,0.6984693022996425,0.6744877124580173,0.7894901156496332,0.8560956241069376,0.8159318969211683,0.8987195427226174,0.6661686586279315,0.7452098046895929,0.6731155178665937,0.6384405690465177,0.6772321016408647,0.7077904666866697,0.6744877124580173,0.6411849582293648,0.6398127636379412,0.6384405690465177,0.7091626612780935,0.746581999281016,0.6411849582293646,0.642557152820789,0.6185755629791637,0.746866197033956,0.7119070504609406,0.6037656202264415,0.6772321016408651,0.6411849582293646,0.6398127636379412,0.6786042962322879,0.641184958229365,0.6411849582293648,0.6840930745979836,0.6505061226163918,0.6651665480709902,0.6411849582293648,0.6037656202264415,0.6518783172078161,0.66516654807099,0.6411849582293646,0.6411849582293648,0.6411849582293648,0.7438376100981687,0.6037656202264415,0.6411849582293648,0.6398127636379412,0.6037656202264415,0.6466737365950598,0.7438376100981696,0.6398127636379412,0.6744877124580176,0.6731155178665935,0.6411849582293646,0.7105348558695168,0.6731155178665937,0.7132792450523646,0.6411849582293648,0.642557152820789,0.6411849582293646,0.6398127636379412,0.6744877124580176,0.6037656202264415,0.7226004094393921,0.6277472100680669,0.6744877124580173,0.7452098046895929,0.6384405690465177,0.6037656202264415,0.7132792450523644,0.6398127636379412,0.6439293474122127,0.6411849582293648,0.6758599070494408,0.6758599070494404,0.7077904666866697,0.6398127636379412,0.6037656202264415,0.642557152820789,0.7091626612780931,0.7077904666866699,0.6744877124580173,0.6398127636379412,0.6384405690465177,0.6384405690465177,0.6731155178665935,0.7105348558695165,1.0,0.7719357837140642,0.6185755629791637,0.749326388463864,0.8079829271255632,0.9199567433813953,0.32220378649660136,0.0,0.0
0.5912219756000234,0.4519716219110122,0.3676845194849785,0.3587260207107795,0.39903184677301956,0.4447479833410653,0.31813599689560046,0.4547160110938596,0.4069023487087337,0.45334381650243594,0.3632052700978789,0.45471601109386073,0.3632052700978801,0.4096467378915811,0.41412598727868066,0.40105090473021054,0.36320527009787895,0.45197162191101214,0.36457746468930274,0.4069023487087338,0.4519716219110123,0.4055301541173099,0.40964673789158124,0.31950819148702425,0.41138159809583325,0.4829562835862249,0.40964673789158124,0.36183307550645516,0.40553015411731,0.5434823629069931,0.453343816502437,0.3253596354655474,0.4024230993216343,0.36320527009787895,0.48743553297332454,0.5803184685607291,0.5407379737241459,0.6339835749243782,0.2752352989486365,0.4519716219110122,0.36457746468930274,0.31950819148702425,0.3604608809150315,0.40964673789158124,0.36320527009787895,0.3167638023041767,0.31813599689560046,0.3195081914870242,0.4082745433001573,0.4505994273195885,0.3167638023041768,0.315391607712753,0.2761737784889978,0.4337704266096766,0.40553015411731,0.2744389182847457,0.3604608809150316,0.3167638023041767,0.31813599689560046,0.3590886863236078,0.3167638023041767,0.3167638023041767,0.3535999079579128,0.32398744087412373,0.35598163152793194,0.3167638023041767,0.2744389182847457,0.32261524628269994,0.355981631527932,0.3167638023041767,0.3167638023041767,0.3167638023041767,0.45334381650243594,0.2744389182847457,0.3167638023041767,0.3181359968956005,0.2744389182847457,0.31127502393848183,0.4533438165024371,0.31813599689560046,0.3632052700978801,0.36457746468930274,0.3167638023041767,0.40690234870873365,0.36457746468930274,0.40415795952588623,0.3167638023041767,0.315391607712753,0.3167638023041768,0.3181359968956005,0.3632052700978801,0.2744389182847457,0.41138159809583325,0.31365674750850103,0.36320527009787895,0.45197162191101325,0.31950819148702425,0.2744389182847457,0.4041579595258863,0.31813599689560046,0.3140194131213293,0.3167638023041767,0.3618330755064552,0.3618330755064553,0.40964673789158124,0.31813599689560046,0.2744389182847457,0.31539160771275304,0.40827454330015744,0.40964673789158224,0.36320527009787884,0.31813599689560046,0.31950819148702425,0.31950819148702425,0.36457746468930274,0.4069023487087338,0.7719357837140602,0.48844506195192083,0.2761737784889978,0.44785503813674105,0.5321421405627746,0.675945793330981,0.22440046804937938,0.0,0.0
0.3872504909560838,0.22403038401489653,0.1193098800156298,0.10472050399926648,0.18835332463787938,0.2194800851895623,0.056693693299435854,0.22128599483204903,0.1687088853068842,0.22265818942347276,0.11201519200744814,0.22128599483204894,0.11201519200744801,0.16596449612403671,0.17325918413221839,0.16278639189012625,0.11201519200744814,0.22403038401489653,0.11064299741602442,0.1687088853068842,0.22403038401489653,0.17008107989830792,0.16596449612403671,0.055321498708012125,0.17600357331506586,0.2816625568546926,0.16596449612403671,0.11338738659887186,0.17008107989830792,0.33330118683949606,0.22265818942347265,0.06124399212477005,0.16141419729870252,0.11201519200744814,0.2889572448628742,0.3968558530960499,0.3360455760223437,0.4553554560379727,0.08782045385111864,0.22403038401489653,0.11064299741602442,0.055321498708012125,0.1147595811902956,0.16596449612403671,0.11201519200744814,0.05806588789085959,0.056693693299435854,0.055321498708012125,0.16733669071546045,0.22540257860632024,0.058065887890859584,0.05943808248228332,0.010039077191029104,0.230457641920952,0.17008107989830792,0.0,0.1147595811902956,0.058065887890859584,0.056693693299435854,0.11613177578171935,0.05806588789085959,0.05806588789085959,0.12162055414741424,0.06261618671619379,0.10746489318211393,0.05806588789085959,0.0,0.06398838130761751,0.10746489318211395,0.058065887890859584,0.05806588789085959,0.05806588789085959,0.22265818942347276,0.0,0.05806588789085959,0.056693693299435854,0.0,0.06355466625655452,0.22265818942347265,0.056693693299435854,0.11201519200744801,0.11064299741602442,0.058065887890859584,0.1687088853068842,0.11064299741602442,0.17145327448973163,0.05806588789085959,0.05943808248228332,0.058065887890859584,0.056693693299435854,0.11201519200744801,0.0,0.17600357331506586,0.04939900529125421,0.11201519200744814,0.2240303840148964,0.055321498708012125,0.0,0.17145327448973163,0.056693693299435854,0.06081027707370706,0.05806588789085959,0.11338738659887189,0.11338738659887189,0.16596449612403671,0.056693693299435854,0.0,0.05943808248228332,0.16733669071546045,0.1659644961240366,0.11201519200744814,0.056693693299435854,0.055321498708012125,0.055321498708012125,0.11064299741602442,0.1687088853068842,0.6185755629791598,0.2761737784889977,0.010039077191029104,0.22814696778916768,0.33286747178843273,0.5020100721463787,0.17282546908115526,0.0,0.0
0.5522492818857008,0.40907092396404954,0.3229068624572941,0.3057151961345528,0.37028680979135736,0.4004750908026789,0.26693108196186005,0.4090709239640496,0.36169097662998684,0.4090709239640496,0.31431102929592336,0.40907092396405,0.3143110292959236,0.36169097662998684,0.37028680979135736,0.3530951434686161,0.31431102929592336,0.40907092396404954,0.31431102929592347,0.3616909766299868,0.40907092396404976,0.3616909766299868,0.36169097662998684,0.2669310819618601,0.3702868097913573,0.44785503813674155,0.36169097662998695,0.31431102929592336,0.3616909766299868,0.5038308186321755,0.40907092396405,0.27552691512323074,0.3530951434686161,0.31431102929592336,0.45645087129811235,0.5512107659662381,0.5038308186321756,0.6071865464616719,0.25833524880048936,0.40907092396404976,0.31431102929592347,0.2669310819618601,0.3143110292959234,0.36169097662998695,0.31431102929592336,0.26693108196186005,0.26693108196186005,0.26693108196186016,0.3616909766299868,0.4090709239640497,0.26693108196186005,0.26693108196186,0.22814696778916715,0.4004750908026795,0.36169097662998684,0.2195511346277965,0.3143110292959234,0.26693108196186005,0.2669310819618601,0.3143110292959234,0.2669310819618601,0.26693108196186005,0.3143110292959234,0.2755269151232308,0.3057151961345527,0.26693108196186005,0.2195511346277965,0.2755269151232308,0.30571519613455267,0.2669310819618601,0.2669310819618601,0.26693108196186016,0.4090709239640496,0.2195511346277965,0.26693108196186016,0.2669310819618601,0.2195511346277965,0.2669310819618601,0.4090709239640499,0.26693108196186005,0.3143110292959236,0.31431102929592347,0.26693108196186005,0.3616909766299868,0.31431102929592347,0.3616909766299868,0.26693108196186005,0.26693108196186,0.26693108196186005,0.26693108196186005,0.3143110292959236,0.2195511346277965,0.37028680979135736,0.2583352488004894,0.31431102929592336,0.40907092396405,0.2669310819618601,0.2195511346277965,0.3616909766299868,0.26693108196186005,0.26693108196186005,0.26693108196186005,0.31431102929592336,0.3143110292959234,0.36169097662998695,0.26693108196186005,0.2195511346277965,0.26693108196186005,0.36169097662998695,0.361690976629987,0.31431102929592336,0.26693108196186005,0.2669310819618601,0.2669310819618601,0.31431102929592347,0.36169097662998684,0.7493263884638608,0.44785503813674216,0.22814696778916715,0.4090709239640497,0.49523498547080413,0.6459706606343641,0.21898273912191907,0.0,0.0
0.6332306746717886,0.4993515692450762,0.4206242946229722,0.40805397656379977,0.450094662830292,0.4903220210326425,0.37114682147182854,0.5020959584279235,0.45615925512351946,0.5007237638365001,0.41433913559338575,0.5020959584279242,0.4143391355933865,0.4589036443063669,0.46518880333595286,0.44850190150250946,0.41433913559338575,0.4993515692450762,0.4157113301848097,0.45615925512351946,0.4993515692450765,0.45478706053209556,0.4589036443063669,0.37251901606325244,0.4624444141531054,0.5266533621970807,0.45890364430636693,0.4129669410019622,0.45478706053209556,0.5871083920796143,0.5007237638365005,0.38017636968426227,0.4498740960939332,0.4143391355933858,0.5329385212266672,0.6220675386526285,0.584364002896767,0.675661595578043,0.32644021388237787,0.4993515692450764,0.4157113301848097,0.37251901606325244,0.4115947464105385,0.45890364430636693,0.4143391355933859,0.3697746268804048,0.37114682147182854,0.3725190160632523,0.457531449714943,0.4979793746536526,0.36977462688040486,0.36840243228898106,0.3328674717884338,0.4793444643012535,0.4547870605320956,0.32932670194169505,0.4115947464105385,0.36977462688040486,0.37114682147182865,0.41022255181911477,0.36977462688040486,0.36977462688040486,0.40473377345341977,0.37880417509283865,0.4053095873809522,0.3697746268804048,0.32932670194169505,0.37743198050141485,0.4053095873809522,0.36977462688040486,0.36977462688040486,0.36977462688040486,0.5007237638365001,0.32932670194169505,0.36977462688040486,0.37114682147182865,0.32932670194169505,0.3642858485147099,0.5007237638365003,0.37114682147182854,0.4143391355933865,0.4157113301848097,0.36977462688040486,0.4561592551235193,0.4157113301848097,0.4534148659406717,0.3697746268804048,0.36840243228898106,0.36977462688040486,0.37114682147182854,0.41433913559338653,0.32932670194169505,0.46244441415310555,0.3648616624422424,0.4143391355933858,0.49935156924507657,0.37251901606325244,0.32932670194169505,0.45341486594067193,0.37114682147182854,0.3670302376975574,0.36977462688040486,0.4129669410019621,0.4129669410019622,0.45890364430636693,0.37114682147182854,0.32932670194169505,0.3684024322889811,0.45753144971494314,0.45890364430636743,0.4143391355933858,0.37114682147182854,0.3725190160632524,0.3725190160632524,0.4157113301848097,0.45615925512351946,0.8079829271255621,0.5321421405627761,0.3328674717884338,0.4952349854708051,0.5739622600929092,0.7139409452614377,0.23798031508714715,0.0,0.0
0.7622927772445233,0.6459706606343654,0.5780003760072925,0.5619603375396163,0.615995527937748,0.637950641400527,0.5319852048429986,0.6459706606343656,0.6079755087039098,0.6459706606343654,0.569980356773454,0.6459706606343659,0.5699803567734544,0.6079755087039099,0.6159955279377479,0.5999554894700716,0.5699803567734543,0.6459706606343654,0.5699803567734544,0.6079755087039096,0.6459706606343656,0.6079755087039096,0.60797550870391,0.5319852048429987,0.6159955279377476,0.6759457933309826,0.60797550870391,0.569980356773454,0.6079755087039097,0.7219609644952769,0.6459706606343659,0.5400052240768367,0.5999554894700717,0.5699803567734543,0.6839658125648208,0.7599561164257318,0.721960964495277,0.8059712875900259,0.5239651856091606,0.6459706606343656,0.5699803567734544,0.5319852048429987,0.569980356773454,0.6079755087039099,0.569980356773454,0.5319852048429986,0.5319852048429986,0.5319852048429986,0.6079755087039099,0.6459706606343654,0.5319852048429984,0.5319852048429986,0.502010072146381,0.6379506414005278,0.6079755087039098,0.49399005291254294,0.5699803567734544,0.5319852048429984,0.5319852048429986,0.569980356773454,0.5319852048429986,0.5319852048429986,0.5699803567734544,0.5400052240768366,0.561960337539616,0.5319852048429986,0.49399005291254294,0.5400052240768367,0.5619603375396159,0.5319852048429984,0.5319852048429986,0.5319852048429986,0.6459706606343656,0.49399005291254294,0.5319852048429986,0.5319852048429986,0.49399005291254294,0.5319852048429986,0.6459706606343659,0.5319852048429986,0.5699803567734546,0.5699803567734544,0.5319852048429984,0.6079755087039096,0.5699803567734544,0.6079755087039097,0.5319852048429986,0.5319852048429986,0.5319852048429984,0.5319852048429986,0.5699803567734546,0.49399005291254294,0.6159955279377483,0.5239651856091606,0.569980356773454,0.6459706606343656,0.5319852048429987,0.49399005291254294,0.6079755087039097,0.5319852048429986,0.5319852048429986,0.5319852048429986,0.569980356773454,0.569980356773454,0.6079755087039099,0.5319852048429986,0.49399005291254294,0.5319852048429986,0.6079755087039097,0.6079755087039102,0.5699803567734543,0.5319852048429986,0.5319852048429987,0.5319852048429987,0.5699803567734544,0.6079755087039096,0.9199567433813934,0.6759457933309827,0.502010072146381,0.6459706606343656,0.7139409452614383,0.8359464202866437,0.28688197431075807,0.0,0.0
0.2605011671748193,0.21898273912191896,0.19998516315669082,0.18366092693607547,0.2135650101944587,0.21082062101161125,0.17824319800861527,0.2189827391219189,0.20540289208415105,0.2189827391219189,0.19182304504638317,0.21898273912191887,0.19182304504638317,0.20540289208415105,0.21356501019445867,0.1972407739738434,0.19182304504638317,0.2189827391219189,0.19182304504638312,0.20540289208415105,0.2189827391219189,0.20540289208415105,0.20540289208415105,0.17824319800861527,0.21356501019445875,0.22440046804937921,0.20540289208415102,0.1918230450463832,0.20540289208415105,0.24614243319745457,0.21898273912191887,0.18640531611892297,0.1972407739738434,0.1918230450463832,0.23256258615968678,0.2597222802352224,0.24614243319745457,0.2814642453832979,0.1700810798983076,0.21898273912191896,0.19182304504638312,0.17824319800861527,0.19182304504638312,0.20540289208415102,0.19182304504638317,0.1782431980086153,0.17824319800861527,0.17824319800861527,0.20540289208415105,0.21898273912191896,0.1782431980086153,0.17824319800861527,0.17282546908115506,0.21082062101161125,0.20540289208415105,0.16466335097084742,0.19182304504638317,0.1782431980086153,0.1782431980086153,0.1918230450463832,0.17824319800861527,0.17824319800861527,0.1918230450463832,0.18640531611892297,0.1836609269360755,0.1782431980086153,0.16466335097084742,0.18640531611892297,0.18366092693607547,0.1782431980086153,0.1782431980086153,0.1782431980086153,0.2189827391219189,0.16466335097084742,0.17824319800861527,0.1782431980086153,0.16466335097084742,0.1782431980086153,0.21898273912191896,0.17824319800861527,0.19182304504638317,0.19182304504638317,0.1782431980086153,0.20540289208415105,0.19182304504638312,0.20540289208415102,0.17824319800861527,0.17824319800861527,0.1782431980086153,0.1782431980086153,0.19182304504638317,0.16466335097084742,0.21356501019445875,0.1700810798983076,0.1918230450463832,0.2189827391219189,0.17824319800861527,0.16466335097084742,0.20540289208415102,0.17824319800861527,0.17824319800861527,0.1782431980086153,0.1918230450463832,0.1918230450463832,0.20540289208415102,0.17824319800861527,0.16466335097084742,0.1782431980086153,0.20540289208415105,0.20540289208415102,0.1918230450463832,0.17824319800861527,0.17824319800861527,0.17824319800861527,0.19182304504638317,0.20540289208415105,0.32220378649660136,0.22440046804937913,0.17282546908115506,0.21898273912191896,0.23798031508714698,0.2868819743107582,0.09837171395310021,0.0,0.0
0.0,0.0,0.0,0.0,0.0,0.0,0.0,0.0,0.0,0.0,0.0,0.0,0.0,0.0,0.0,0.0,0.0,0.0,0.0,0.0,0.0,0.0,0.0,0.0,0.0,0.0,0.0,0.0,0.0,0.0,0.0,0.0,0.0,0.0,0.0,0.0,0.0,0.0,0.0,0.0,0.0,0.0,0.0,0.0,0.0,0.0,0.0,0.0,0.0,0.0,0.0,0.0,0.0,0.0,0.0,0.0,0.0,0.0,0.0,0.0,0.0,0.0,0.0,0.0,0.0,0.0,0.0,0.0,0.0,0.0,0.0,0.0,0.0,0.0,0.0,0.0,0.0,0.0,0.0,0.0,0.0,0.0,0.0,0.0,0.0,0.0,0.0,0.0,0.0,0.0,0.0,0.0,0.0,0.0,0.0,0.0,0.0,0.0,0.0,0.0,0.0,0.0,0.0,0.0,0.0,0.0,0.0,0.0,0.0,0.0,0.0,0.0,0.0,0.0,0.0,0.0,0.0,0.0,0.0,0.0,0.0,0.0,0.0,0.0,0.0
0.0,0.0,0.0,0.0,0.0,0.0,0.0,0.0,0.0,0.0,0.0,0.0,0.0,0.0,0.0,0.0,0.0,0.0,0.0,0.0,0.0,0.0,0.0,0.0,0.0,0.0,0.0,0.0,0.0,0.0,0.0,0.0,0.0,0.0,0.0,0.0,0.0,0.0,0.0,0.0,0.0,0.0,0.0,0.0,0.0,0.0,0.0,0.0,0.0,0.0,0.0,0.0,0.0,0.0,0.0,0.0,0.0,0.0,0.0,0.0,0.0,0.0,0.0,0.0,0.0,0.0,0.0,0.0,0.0,0.0,0.0,0.0,0.0,0.0,0.0,0.0,0.0,0.0,0.0,0.0,0.0,0.0,0.0,0.0,0.0,0.0,0.0,0.0,0.0,0.0,0.0,0.0,0.0,0.0,0.0,0.0,0.0,0.0,0.0,0.0,0.0,0.0,0.0,0.0,0.0,0.0,0.0,0.0,0.0,0.0,0.0,0.0,0.0,0.0,0.0,0.0,0.0,0.0,0.0,0.0,0.0,0.0,0.0,0.0,0.0
