0.22973282329316402,0.19892340499109457,0.19892340499109457,0.13595392164662914,0.19709298855215132,0.24384027652854345,0.3193711223631964,0.09202392711199167,0.3731885235129443,0.25091038970190044,0.5472020894523786,0.4398188397352968,0.380510189268718,0.6250664568908063,0.14901838930164757,0.23601550560793905,0.504618739518705,0.3935746569237354,0.44347967261318283,0.48972385542474295,0.38234060570766004,0.36769727419611475,0.44164925617423956,0.4583745567071452,0.5563541716470953,0.3786797728297741,0.6323881226465788,0.4602049731460879,0.2989849889524042,0.49912749020187513,0.3138798730463655,0.5082795723965917,0.5675882228631705,0.33243559001821327,0.554523755208152,0.37684935639083045,0.5082795723965915,0.5694186393021134,0.31571028948530877,0.4416492561742399,0.5009579066408183,0.5250048729294963,0.6786323054581398,0.31571028948530855,0.5064491559576484,0.43981883973529634,0.37867977282977366,0.6323881226465791,0.3138798730463654,0.4379884232963528,0.3935746569237355,0.4267543720802786,0.5694186393021134,0.44164925617423967,0.4583745567071437,0.3582936394189832,0.5064491559576492,0.6287272897686929,0.3324355900182135,0.5508629223302657,0.5046187395187044,0.3935746569237357,0.42492395564133567,0.5027883230797612,0.5712490557410572,0.37501893995188856,0.44347967261318205,0.5843135233960746,0.24907997326295722,0.489723855424744,0.5009579066408185,0.38051018926871694,0.4398188397352958,0.3138798730463655,0.5064491559576482,0.5027883230797614,0.33060517357927005,0.5508629223302661,0.3935746569237351,0.4249239556413352,0.4379884232963532,0.37684935639083095,0.5009579066408181,0.37684935639083095,0.5064491559576489,0.43981883973529634,0.3954050733626795,0.5508629223302661,0.44347967261318205,0.5064491559576477,0.5046187395187048,0.3768493563908308,0.4583745567071435,0.48423260610791374,0.4416492561742408,0.4398188397352961,0.3954050733626783,0.5508629223302655,0.4602049731460881,0.42492395564133534,0.44164925617423917,0.4379884232963532,0.4620353895850306,0.5490325058913226,0.3990659062405664,0.4805717732300273,0.3935746569237364,0.48789343898580045,0.5046187395187048,0.3786797728297749,0.5694186393021134,0.4398188397352957,0.3972354898016218,0.4860630225468567,0.4434796726131827,0.5027883230797616,0.4565441402682016,0.29715457251346095,0.56758822286317,0.4398188397352976,0.31571028948530994,0.6287272897686922,0.3120494566074223,0.571249055741057,0.3287747571403281
0.1989234049910948,0.1339146214183347,0.1339146214183347,0.06820918007887929,0.1339146214183347,0.20135570396548275,0.26532550409724537,0.06820918007887945,0.33103094543669875,0.19962006275778982,0.5264116282473699,0.3967363867761542,0.3310309454366999,0.5938527107945191,0.06994482128657235,0.19788442155009686,0.4624418281156091,0.33276658664439157,0.3967363867761542,0.4607061869079151,0.33103094543669864,0.33103094543669864,0.3967363867761541,0.3984720279838484,0.5264116282473708,0.33103094543669864,0.5938527107945182,0.39847202798384734,0.2635898628895513,0.46244182811560813,0.2653255040972442,0.4624418281156091,0.5281472694550644,0.2670611453049373,0.5264116282473708,0.33103094543669853,0.4624418281156089,0.5281472694550635,0.2653255040972443,0.3967363867761544,0.4624418281156089,0.464177469323302,0.6578225109262805,0.2653255040972441,0.4624418281156089,0.3967363867761542,0.33103094543669853,0.5938527107945188,0.2653255040972442,0.39673638677615314,0.3327665866443917,0.3950007455684615,0.5281472694550635,0.3967363867761542,0.39847202798384623,0.32929530422900566,0.46244182811560985,0.5938527107945195,0.2670611453049371,0.5264116282473705,0.46244182811560824,0.33276658664439157,0.3950007455684615,0.46244182811560813,0.528147269455064,0.33103094543670003,0.39673638677615336,0.5298829106627572,0.19962006275778973,0.4607061869079167,0.4624418281156089,0.33103094543669864,0.39673638677615336,0.2653255040972442,0.4624418281156088,0.4624418281156089,0.2670611453049372,0.5264116282473713,0.33276658664439157,0.3950007455684615,0.3967363867761542,0.33103094543669864,0.46244182811560824,0.33103094543669853,0.46244182811560985,0.3967363867761542,0.33276658664439296,0.5264116282473711,0.39673638677615336,0.4624418281156079,0.4624418281156091,0.33103094543669875,0.39847202798384623,0.4607061869079153,0.39673638677615547,0.39673638677615314,0.33276658664439157,0.5264116282473705,0.39847202798384745,0.3950007455684613,0.39673638677615336,0.3967363867761542,0.39847202798384734,0.5264116282473711,0.332766586644394,0.460706186907916,0.33276658664439296,0.460706186907916,0.4624418281156089,0.3310309454366999,0.5281472694550635,0.39673638677615336,0.33276658664439157,0.4607061869079151,0.39673638677615336,0.4624418281156089,0.3984720279838484,0.2635898628895513,0.5281472694550633,0.39673638677615536,0.26532550409724526,0.5938527107945186,0.2653255040972442,0.528147269455064,0.2670611453049383
0.1989234049910948,0.13391462141833546,0.13391462141833546,0.0682091800788802,0.1339146214183354,0.20135570396548275,0.26532550409724537,0.06820918007888004,0.33103094543669875,0.19962006275778982,0.5264116282473705,0.39673638677615464,0.3310309454366999,0.5938527107945193,0.06994482128657327,0.19788442155009686,0.4624418281156095,0.33276658664439157,0.39673638677615464,0.4607061869079154,0.33103094543669875,0.33103094543669864,0.39673638677615464,0.3984720279838491,0.5264116282473711,0.33103094543669864,0.5938527107945182,0.39847202798384773,0.2635898628895513,0.46244182811560836,0.2653255040972442,0.4624418281156095,0.5281472694550648,0.2670611453049372,0.5264116282473711,0.33103094543669864,0.46244182811560963,0.528147269455064,0.2653255040972442,0.39673638677615486,0.4624418281156093,0.46417746932330267,0.6578225109262805,0.2653255040972441,0.46244182811560963,0.39673638677615486,0.33103094543669864,0.5938527107945193,0.2653255040972442,0.39673638677615347,0.3327665866443917,0.3950007455684617,0.528147269455064,0.39673638677615486,0.3984720279838467,0.32929530422900566,0.4624418281156108,0.5938527107945201,0.2670611453049371,0.5264116282473711,0.46244182811560836,0.3327665866443917,0.3950007455684618,0.46244182811560824,0.5281472694550642,0.33103094543670003,0.3967363867761537,0.5298829106627578,0.19962006275778973,0.4607061869079177,0.4624418281156095,0.33103094543669875,0.39673638677615336,0.2653255040972442,0.46244182811560963,0.4624418281156095,0.2670611453049372,0.5264116282473722,0.3327665866443917,0.39500074556846204,0.3967363867761545,0.33103094543669864,0.46244182811560824,0.33103094543669864,0.4624418281156107,0.39673638677615464,0.33276658664439285,0.5264116282473718,0.3967363867761536,0.4624418281156086,0.46244182811560963,0.33103094543669886,0.39847202798384646,0.46070618690791554,0.39673638677615614,0.39673638677615347,0.3327665866443917,0.5264116282473711,0.39847202798384784,0.39500074556846204,0.39673638677615386,0.39673638677615497,0.39847202798384773,0.5264116282473718,0.3327665866443941,0.4607061869079167,0.33276658664439296,0.4607061869079167,0.4624418281156093,0.33103094543670003,0.528147269455064,0.39673638677615347,0.3327665866443918,0.46070618690791576,0.3967363867761536,0.4624418281156093,0.39847202798384895,0.26358986288955116,0.528147269455064,0.396736386776156,0.26532550409724526,0.5938527107945191,0.2653255040972442,0.528147269455065,0.2670611453049383
0.1359539216466284,0.06820918007887955,0.06820918007887955,2.674486812036244e-16,0.06820918007887955,0.13757545429622042,0.2046275402366385,3.209384174443493e-16,0.27283672031551676,0.13641836015775852,0.4763071664136919,0.3410459003943972,0.272836720315518,0.5456734406310345,0.00115709413846226,0.13526126601929653,0.4092550804732762,0.27399381445397863,0.3410459003943975,0.4080979863348132,0.27283672031551676,0.2728367203155167,0.3410459003943973,0.3422029945328606,0.4763071664136931,0.27283672031551676,0.5456734406310338,0.34220299453285924,0.20347044609817538,0.40925508047327513,0.20462754023663735,0.4092550804732763,0.4774642605521559,0.20578463437509928,0.4763071664136931,0.2728367203155166,0.4092550804732762,0.4774642605521549,0.20462754023663735,0.3410459003943973,0.4092550804732762,0.4104121746117383,0.6127255265714514,0.20462754023663735,0.4092550804732762,0.3410459003943973,0.2728367203155166,0.5456734406310347,0.20462754023663743,0.34104590039439603,0.27399381445397863,0.3398888062559355,0.4774642605521549,0.3410459003943973,0.34220299453285785,0.27167962617705466,0.4092550804732774,0.5456734406310354,0.20578463437509928,0.47630716641369286,0.40925508047327525,0.27399381445397875,0.3398888062559355,0.40925508047327513,0.47746426055215513,0.2728367203155181,0.34104590039439614,0.47862135469061773,0.13641836015775852,0.40809798633481525,0.4092550804732762,0.27283672031551676,0.34104590039439603,0.20462754023663735,0.40925508047327613,0.4092550804732762,0.2057846343750994,0.47630716641369414,0.27399381445397875,0.3398888062559355,0.3410459003943973,0.2728367203155166,0.40925508047327525,0.2728367203155166,0.4092550804732773,0.3410459003943973,0.27399381445398,0.47630716641369386,0.34104590039439614,0.40925508047327513,0.4092550804732763,0.2728367203155167,0.3422029945328581,0.4080979863348132,0.3410459003943987,0.34104590039439603,0.27399381445397863,0.47630716641369286,0.34220299453285935,0.3398888062559355,0.34104590039439614,0.3410459003943973,0.34220299453285935,0.47630716641369386,0.2739938144539813,0.40809798633481426,0.27399381445398,0.40809798633481426,0.4092550804732762,0.272836720315518,0.4774642605521548,0.34104590039439614,0.27399381445397875,0.4080979863348132,0.34104590039439614,0.4092550804732762,0.3422029945328606,0.20347044609817538,0.4774642605521548,0.3410459003943987,0.20462754023663862,0.5456734406310345,0.20462754023663743,0.4774642605521558,0.20578463437510056
0.19709298855215154,0.13391462141833516,0.13391462141833516,0.06820918007887955,0.13391462141833516,0.20318612040442588,0.26532550409724526,0.06820918007887955,0.33103094543669853,0.19962006275778973,0.524581211808427,0.3967363867761544,0.33103094543669986,0.5938527107945193,0.07177523772551582,0.19605400511115356,0.4624418281156092,0.33459700308333473,0.3967363867761545,0.4588757704689723,0.33103094543669853,0.33103094543669853,0.3967363867761542,0.4003024444227916,0.5245812118084278,0.33103094543669864,0.5938527107945182,0.40030244442279067,0.26175944645060795,0.46244182811560836,0.265325504097244,0.4624418281156093,0.5281472694550646,0.26889156174388024,0.5245812118084275,0.3310309454366985,0.4624418281156092,0.5281472694550637,0.2653255040972441,0.39673638677615464,0.4624418281156091,0.46600788576224544,0.6559920944873372,0.265325504097244,0.4624418281156092,0.3967363867761544,0.3310309454366985,0.5938527107945191,0.265325504097244,0.39673638677615347,0.33459700308333473,0.3931703291295184,0.5281472694550637,0.3967363867761545,0.4003024444227896,0.3274648877900624,0.4624418281156102,0.59385271079452,0.26889156174388024,0.5245812118084278,0.46244182811560836,0.3345970030833349,0.3931703291295186,0.46244182811560824,0.528147269455064,0.3310309454366999,0.3967363867761536,0.5317133271017007,0.19962006275778962,0.4588757704689736,0.4624418281156092,0.33103094543669853,0.39673638677615347,0.265325504097244,0.4624418281156089,0.4624418281156091,0.26889156174388024,0.5245812118084286,0.33459700308333473,0.3931703291295184,0.3967363867761544,0.33103094543669853,0.46244182811560836,0.33103094543669853,0.4624418281156102,0.3967363867761544,0.334597003083336,0.5245812118084282,0.3967363867761536,0.46244182811560824,0.4624418281156092,0.33103094543669864,0.4003024444227894,0.45887577046897243,0.39673638677615547,0.39673638677615347,0.33459700308333473,0.5245812118084278,0.40030244442279067,0.3931703291295184,0.3967363867761536,0.3967363867761544,0.40030244442279067,0.5245812118084282,0.3345970030833372,0.45887577046897304,0.3345970030833361,0.45887577046897293,0.4624418281156089,0.33103094543669986,0.5281472694550635,0.39673638677615347,0.3345970030833349,0.4588757704689723,0.3967363867761536,0.4624418281156091,0.40030244442279145,0.26175944645060795,0.5281472694550635,0.39673638677615547,0.26532550409724515,0.5938527107945188,0.265325504097244,0.5281472694550646,0.2688915617438813
0.24384027652854473,0.2013557039654838,0.2013557039654838,0.13757545429622176,0.20318612040442696,0.33941493009968526,0.33440745262083565,0.1815054488308589,0.40733978448481256,0.276118452268404,0.5573490529286357,0.46745920127618834,0.40001811872904,0.6624607831618596,0.1807373512991274,0.23478697170444213,0.5294090345065066,0.44318001573194593,0.4637983683983014,0.4880775539425444,0.39818770229009653,0.4128310338016424,0.46562878483724446,0.5051298489622648,0.5481969707339197,0.40184853516798386,0.655139117406086,0.503299432523321,0.2985672213737029,0.5349002838233369,0.33989870193766497,0.5257482016286202,0.593189284175768,0.37756934962374084,0.5500273871728623,0.40367895160692596,0.5257482016286202,0.5913588677368247,0.3380682854987218,0.4656287848372454,0.5330698673843924,0.56524926575364,0.6794183029503287,0.33806828549872137,0.5275786180675637,0.4674592012761878,0.4018485351679829,0.6551391174060864,0.33989870193766475,0.46928961771513167,0.44318001573194604,0.4242973042732824,0.5913588677368247,0.46562878483724457,0.5051298489622642,0.3660083039208514,0.5275786180675645,0.6587999502839732,0.3775693496237414,0.5536882200507494,0.5294090345065061,0.44318001573194665,0.42612772071222704,0.5312394509454497,0.5895284512978821,0.4055093680458694,0.4637983683983015,0.6326903483007863,0.27794886870734686,0.488077553942544,0.533069867384393,0.40001811872903986,0.46745920127618756,0.33989870193766497,0.5275786180675635,0.5312394509454494,0.37939976606268355,0.5536882200507494,0.4431800157319449,0.4261277207122258,0.46928961771513084,0.4036789516069271,0.5330698673843929,0.4036789516069269,0.5275786180675637,0.4674592012761878,0.4413495992930031,0.5536882200507489,0.4637983683983012,0.5275786180675635,0.5294090345065063,0.40367895160692624,0.5051298489622633,0.4935688032593749,0.4656287848372455,0.467459201276188,0.44134959929300194,0.5536882200507489,0.5032994325233219,0.4261277207122267,0.4656287848372454,0.46928961771513106,0.5014690160843772,0.5555186364896915,0.4376887664151159,0.4972296361372603,0.44318001573194604,0.489907970381488,0.5294090345065059,0.40184853516798325,0.5913588677368247,0.46745920127618745,0.43951918285405966,0.4917383868204311,0.4637983683983027,0.531239450945449,0.5069602654012069,0.30039763781264595,0.5931892841757678,0.46745920127618884,0.3380682854987218,0.6587999502839719,0.34172911837660797,0.5895284512978815,0.3812301825016272
0.31937112236319715,0.2653255040972457,0.2653255040972457,0.20462754023663948,0.2653255040972455,0.33440745262083627,0.3867214318184586,0.20462754023663915,0.4474193956790637,0.3260234679578515,0.621129302597896,0.5081173595396694,0.4474193956790638,0.6902112511214875,0.21301152489962386,0.317639483294867,0.5688153234002752,0.455803380342048,0.5081173595396694,0.5604313387372902,0.4474193956790637,0.44741939567906347,0.5081173595396694,0.5165013442026549,0.6211293025978967,0.4474193956790636,0.6902112511214866,0.5165013442026543,0.37833744715547313,0.5688153234002749,0.3867214318184576,0.5688153234002754,0.6295132872608814,0.3951054164814425,0.6211293025978964,0.4474193956790633,0.5688153234002752,0.6295132872608808,0.3867214318184577,0.5081173595396696,0.5688153234002751,0.57719930806326,0.7425252303191082,0.3867214318184575,0.5688153234002752,0.5081173595396692,0.44741939567906347,0.6902112511214871,0.38672143181845725,0.508117359539669,0.4558033803420484,0.49973337487668507,0.6295132872608811,0.5081173595396696,0.5165013442026538,0.439035411016079,0.5688153234002763,0.6902112511214876,0.3951054164814422,0.6211293025978967,0.5688153234002749,0.4558033803420483,0.4997333748766855,0.5688153234002746,0.6295132872608813,0.4474193956790638,0.5081173595396694,0.6378972719238658,0.32602346795785137,0.5604313387372913,0.5688153234002752,0.4474193956790636,0.508117359539669,0.3867214318184575,0.5688153234002752,0.5688153234002752,0.3951054164814422,0.6211293025978971,0.455803380342048,0.4997333748766853,0.5081173595396692,0.4474193956790637,0.5688153234002749,0.44741939567906347,0.5688153234002761,0.5081173595396696,0.4558033803420484,0.6211293025978967,0.508117359539669,0.5688153234002749,0.5688153234002756,0.4474193956790637,0.5165013442026534,0.5604313387372907,0.5081173595396703,0.5081173595396689,0.45580338034204776,0.6211293025978964,0.5165013442026545,0.49973337487668507,0.5081173595396692,0.5081173595396696,0.5165013442026543,0.6211293025978967,0.4558033803420487,0.5604313387372911,0.4558033803420484,0.5604313387372911,0.5688153234002751,0.4474193956790637,0.6295132872608808,0.5081173595396689,0.4558033803420483,0.5604313387372907,0.5081173595396692,0.5688153234002752,0.5165013442026545,0.3783374471554729,0.6295132872608808,0.5081173595396703,0.38672143181845825,0.6902112511214866,0.38672143181845725,0.6295132872608814,0.39510541648144315
0.0920239271119928,0.06820918007888015,0.06820918007888015,0.0,0.06820918007888004,0.18150544883085917,0.20462754023663948,0.0,0.272836720315518,0.13641836015776002,0.4323771718790569,0.341045900394398,0.2728367203155185,0.5456734406310361,0.04508708867309936,0.09133127148466076,0.4092550804732773,0.31792380898861694,0.34104590039439814,0.36416799180017756,0.27283672031551776,0.27283672031551787,0.34104590039439786,0.38613298906749777,0.43237717187905755,0.27283672031551776,0.5456734406310354,0.38613298906749693,0.15954045156354016,0.4092550804732765,0.20462754023663873,0.4092550804732773,0.47746426055215685,0.2497146289097376,0.43237717187905744,0.27283672031551764,0.4092550804732773,0.4774642605521561,0.20462754023663893,0.34104590039439825,0.40925508047327686,0.45434216914637626,0.5687955320368161,0.20462754023663862,0.4092550804732773,0.34104590039439786,0.27283672031551764,0.5456734406310358,0.20462754023663873,0.3410459003943972,0.31792380898861716,0.29595881172129895,0.4774642605521562,0.34104590039439814,0.38613298906749616,0.22774963164241896,0.40925508047327835,0.5456734406310366,0.2497146289097374,0.43237717187905766,0.4092550804732763,0.31792380898861716,0.29595881172129895,0.4092550804732763,0.4774642605521564,0.2728367203155187,0.3410459003943975,0.5225513492252549,0.1364183601577599,0.36416799180017917,0.4092550804732773,0.27283672031551776,0.3410459003943973,0.20462754023663873,0.4092550804732773,0.4092550804732772,0.2497146289097375,0.4323771718790584,0.31792380898861705,0.29595881172129895,0.341045900394398,0.27283672031551776,0.4092550804732765,0.27283672031551764,0.40925508047327813,0.341045900394398,0.3179238089886179,0.43237717187905805,0.3410459003943973,0.4092550804732763,0.4092550804732773,0.27283672031551787,0.38613298906749616,0.3641679918001779,0.341045900394399,0.3410459003943971,0.31792380898861694,0.43237717187905755,0.3861329890674974,0.29595881172129873,0.3410459003943973,0.341045900394398,0.38613298906749716,0.43237717187905805,0.31792380898861866,0.3641679918001785,0.3179238089886179,0.3641679918001785,0.4092550804732771,0.2728367203155186,0.4774642605521561,0.3410459003943973,0.31792380898861716,0.36416799180017767,0.3410459003943973,0.4092550804732771,0.3861329890674975,0.15954045156354016,0.4774642605521561,0.341045900394399,0.20462754023663937,0.5456734406310354,0.20462754023663873,0.47746426055215685,0.24971462890973825
0.3731885235129465,0.3310309454367008,0.3310309454367008,0.27283672031551903,0.3310309454367006,0.4073397844848137,0.44741939567906414,0.2728367203155187,0.5056136208002444,0.389225170557882,0.6620816822368581,0.5638078459214263,0.5056136208002453,0.7383905212849712,0.2909513342424505,0.3711105566309505,0.622002071042608,0.5237282347271764,0.5638078459214265,0.6038874571156765,0.5056136208002449,0.5056136208002446,0.5638078459214261,0.5819224598483588,0.6620816822368581,0.5056136208002449,0.738390521284971,0.5819224598483581,0.4293047817521318,0.6220020710426082,0.4474193956790631,0.6220020710426082,0.6801962961637895,0.46553400960599495,0.6620816822368577,0.5056136208002443,0.6220020710426082,0.6801962961637891,0.4474193956790632,0.5638078459214267,0.6220020710426076,0.64011668496954,0.778470132479221,0.44741939567906286,0.6220020710426082,0.5638078459214261,0.5056136208002444,0.738390521284971,0.44741939567906286,0.5638078459214265,0.5237282347271769,0.5456932319944952,0.6801962961637895,0.5638078459214263,0.5819224598483581,0.4874990068733131,0.6220020710426091,0.7383905212849712,0.46553400960599495,0.6620816822368584,0.6220020710426079,0.5237282347271767,0.5456932319944958,0.6220020710426079,0.6801962961637903,0.5056136208002449,0.5638078459214263,0.6983109100907204,0.3892251705578818,0.6038874571156765,0.6220020710426079,0.5056136208002446,0.5638078459214261,0.4474193956790631,0.622002071042608,0.6220020710426079,0.4655340096059945,0.6620816822368584,0.523728234727176,0.5456932319944952,0.5638078459214261,0.5056136208002449,0.6220020710426079,0.5056136208002446,0.6220020710426086,0.5638078459214261,0.5237282347271769,0.6620816822368577,0.5638078459214261,0.6220020710426079,0.6220020710426082,0.5056136208002446,0.5819224598483577,0.603887457115677,0.563807845921427,0.5638078459214261,0.523728234727176,0.6620816822368577,0.5819224598483588,0.5456932319944954,0.5638078459214265,0.5638078459214261,0.5819224598483581,0.6620816822368577,0.5237282347271771,0.6038874571156767,0.5237282347271769,0.6038874571156768,0.6220020710426076,0.5056136208002453,0.6801962961637893,0.563807845921426,0.5237282347271767,0.6038874571156767,0.5638078459214267,0.6220020710426076,0.5819224598483581,0.4293047817521315,0.6801962961637891,0.5638078459214272,0.4474193956790637,0.7383905212849703,0.44741939567906275,0.6801962961637893,0.4655340096059955
0.25091038970190205,0.1996200627577909,0.1996200627577909,0.13641836015775977,0.1996200627577908,0.2761184522684046,0.32602346795785236,0.13641836015775943,0.38922517055788236,0.26282176535782126,0.5655335914473899,0.45242687315791247,0.38922517055788247,0.6420319809580044,0.14971504706834296,0.24952507844723812,0.5156285757579429,0.4025218574684654,0.45242687315791236,0.5023318888473598,0.38922517055788247,0.389225170557882,0.45242687315791197,0.46572356006849597,0.5655335914473903,0.38922517055788247,0.6420319809580034,0.46572356006849575,0.3127267810472685,0.5156285757579431,0.3260234679578515,0.5156285757579431,0.5788302783579734,0.33932015486843514,0.5655335914473899,0.389225170557882,0.5156285757579431,0.5788302783579731,0.3260234679578517,0.4524268731579128,0.5156285757579424,0.5289252626685267,0.6919369966474508,0.32602346795785125,0.5156285757579431,0.4524268731579122,0.389225170557882,0.642031980958004,0.32602346795785125,0.4524268731579127,0.4025218574684658,0.43913018624732947,0.5788302783579732,0.45242687315791236,0.46572356006849563,0.3759284836472992,0.515628575757944,0.6420319809580044,0.3393201548684348,0.5655335914473903,0.5156285757579426,0.402521857468466,0.4391301862473301,0.5156285757579426,0.5788302783579736,0.38922517055788236,0.4524268731579127,0.5921269652685559,0.26282176535782115,0.5023318888473596,0.5156285757579431,0.38922517055788236,0.4524268731579123,0.3260234679578515,0.5156285757579429,0.5156285757579426,0.3393201548684349,0.5655335914473906,0.4025218574684653,0.43913018624732925,0.45242687315791197,0.38922517055788247,0.5156285757579429,0.38922517055788214,0.5156285757579433,0.4524268731579122,0.4025218574684656,0.5655335914473899,0.45242687315791236,0.5156285757579429,0.5156285757579431,0.38922517055788247,0.4657235600684954,0.5023318888473604,0.4524268731579127,0.45242687315791236,0.4025218574684651,0.5655335914473899,0.46572356006849647,0.43913018624732947,0.4524268731579127,0.4524268731579122,0.46572356006849575,0.5655335914473899,0.4025218574684656,0.5023318888473599,0.4025218574684657,0.5023318888473604,0.5156285757579424,0.38922517055788247,0.5788302783579731,0.4524268731579122,0.4025218574684657,0.5023318888473599,0.45242687315791325,0.5156285757579423,0.4657235600684954,0.31272678104726825,0.5788302783579728,0.4524268731579129,0.32602346795785203,0.6420319809580032,0.32602346795785125,0.5788302783579734,0.33932015486843525
0.547202089452383,0.5264116282473743,0.5264116282473743,0.47630716641369725,0.524581211808431,0.5573490529286371,0.6211293025978994,0.4323771718790599,0.6620816822368587,0.5655335914473922,0.7986146089893271,0.7158469769484228,0.669403347992633,0.8624995295715691,0.4882572087233175,0.551753132698828,0.7677818552210431,0.6813533903022527,0.7195078098263095,0.7540013964724788,0.6712337644315753,0.6565904329200297,0.7176773933873664,0.733288268574875,0.8077666911840435,0.6675729315536888,0.8698211953273403,0.7351186850138167,0.6018575945325042,0.7622906059042133,0.6156380532810686,0.7714426880989296,0.8178863170547209,0.6330793449075193,0.8059362747450998,0.6657425151147455,0.77144268809893,0.8197167334936634,0.6174684697200115,0.7176773933873661,0.7641210223431562,0.7870535632864373,0.9043147819735109,0.6174684697200115,0.7696122716599867,0.7158469769484233,0.6675729315536886,0.8698211953273414,0.6156380532810681,0.7140165605094795,0.6813533903022531,0.7038969346388025,0.8197167334936636,0.7176773933873664,0.7332882685748736,0.6483012234882949,0.7696122716599879,0.8661603624494557,0.6330793449075187,0.8022754418672141,0.7677818552210427,0.6813533903022525,0.70206651819986,0.7659514387820991,0.8215471499326069,0.6639120986758025,0.7195078098263097,0.8334971922422281,0.5637031750084485,0.7540013964724801,0.7641210223431568,0.6694033479926319,0.7158469769484221,0.6156380532810681,0.7696122716599871,0.7659514387821004,0.6312489284685752,0.8022754418672146,0.6813533903022521,0.7020665181998593,0.7140165605094793,0.6657425151147461,0.7641210223431562,0.6657425151147455,0.7696122716599875,0.7158469769484228,0.6831838067411969,0.8022754418672137,0.7195078098263089,0.7696122716599865,0.7677818552210437,0.6657425151147455,0.733288268574873,0.7485101471556498,0.7176773933873668,0.7158469769484224,0.6831838067411958,0.8022754418672137,0.7351186850138174,0.7020665181998591,0.7176773933873661,0.7140165605094801,0.7369491014527602,0.8004450254282703,0.6868446396190838,0.7448493142777644,0.6813533903022533,0.7521709800335371,0.7677818552210431,0.6675729315536895,0.8197167334936634,0.7158469769484219,0.6850142231801392,0.7503405635945936,0.7195078098263095,0.7659514387820997,0.7314578521359307,0.6000271780935613,0.81788631705472,0.7158469769484245,0.6174684697200126,0.866160362449454,0.6138076368421247,0.8215471499326078,0.6294185120296335
0.43981883973530006,0.3967363867761573,0.3967363867761573,0.3410459003944002,0.3967363867761571,0.46745920127619034,0.5081173595396716,0.34104590039439964,0.5638078459214274,0.4524268731579144,0.7158469769484228,0.6194983323031847,0.5638078459214281,0.7865697914484574,0.3560782285126758,0.43739454503963815,0.6751888186849414,0.578840174039704,0.6194983323031845,0.660156490566665,0.5638078459214276,0.5638078459214276,0.6194983323031847,0.6345306604214622,0.715846976948423,0.5638078459214276,0.7865697914484558,0.6345306604214609,0.4930850314213946,0.6751888186849414,0.5081173595396707,0.6751888186849416,0.7308793050666992,0.5231496876579473,0.7158469769484224,0.5638078459214274,0.6751888186849418,0.7308793050666987,0.5081173595396707,0.6194983323031847,0.6751888186849407,0.6902211468032184,0.827227949711937,0.5081173595396707,0.6751888186849418,0.6194983323031847,0.5638078459214274,0.7865697914484567,0.5081173595396703,0.6194983323031845,0.578840174039704,0.6044660041849084,0.7308793050666987,0.6194983323031845,0.6345306604214613,0.5487755178031515,0.6751888186849432,0.7865697914484576,0.5231496876579469,0.7158469769484235,0.6751888186849407,0.5788401740397038,0.6044660041849097,0.6751888186849407,0.730879305066699,0.5638078459214276,0.6194983323031847,0.7459116331849753,0.45242687315791397,0.6601564905666659,0.6751888186849416,0.5638078459214276,0.6194983323031839,0.5081173595396705,0.6751888186849423,0.6751888186849416,0.5231496876579467,0.7158469769484239,0.5788401740397027,0.604466004184909,0.6194983323031841,0.5638078459214281,0.6751888186849407,0.5638078459214276,0.6751888186849425,0.6194983323031845,0.5788401740397047,0.7158469769484228,0.6194983323031841,0.6751888186849416,0.6751888186849416,0.5638078459214274,0.63453066042146,0.6601564905666657,0.6194983323031852,0.6194983323031841,0.5788401740397033,0.715846976948423,0.6345306604214616,0.604466004184909,0.6194983323031847,0.619498332303185,0.6345306604214609,0.7158469769484228,0.5788401740397044,0.6601564905666661,0.578840174039704,0.6601564905666661,0.675188818684941,0.5638078459214279,0.7308793050666987,0.6194983323031834,0.578840174039704,0.6601564905666659,0.619498332303185,0.6751888186849412,0.6345306604214611,0.4930850314213946,0.7308793050666985,0.6194983323031859,0.5081173595396712,0.7865697914484558,0.5081173595396703,0.7308793050666998,0.5231496876579473
0.3805101892687196,0.33103094543670103,0.33103094543670103,0.27283672031551925,0.3310309454367009,0.40001811872904125,0.4474193956790646,0.2728367203155188,0.5056136208002451,0.38922517055788214,0.6694033479926305,0.5638078459214265,0.5056136208002457,0.7383905212849715,0.2836296684866779,0.37843222238672347,0.6220020710426079,0.5164065689714039,0.5638078459214265,0.611209122871449,0.5056136208002453,0.5056136208002449,0.5638078459214265,0.5746007940925862,0.6694033479926309,0.5056136208002453,0.7383905212849705,0.5746007940925856,0.4366264475079049,0.6220020710426079,0.4474193956790636,0.6220020710426082,0.6801962961637898,0.45821234385022275,0.6694033479926307,0.5056136208002449,0.6220020710426082,0.6801962961637893,0.4474193956790637,0.563807845921427,0.6220020710426079,0.632795019213767,0.7857917982349936,0.44741939567906347,0.6220020710426082,0.5638078459214265,0.5056136208002449,0.7383905212849713,0.44741939567906347,0.5638078459214265,0.5164065689714041,0.5530148977502681,0.6801962961637895,0.5638078459214267,0.5746007940925854,0.4948206726290865,0.6220020710426093,0.7383905212849717,0.4582123438502224,0.6694033479926311,0.6220020710426076,0.5164065689714041,0.5530148977502686,0.6220020710426074,0.6801962961637896,0.5056136208002453,0.563807845921427,0.6909892443349485,0.389225170557882,0.6112091228714499,0.622002071042608,0.5056136208002451,0.5638078459214261,0.4474193956790636,0.6220020710426082,0.6220020710426082,0.4582123438502224,0.6694033479926316,0.5164065689714035,0.5530148977502681,0.5638078459214263,0.5056136208002453,0.6220020710426076,0.5056136208002449,0.6220020710426089,0.5638078459214265,0.5164065689714044,0.6694033479926309,0.5638078459214263,0.6220020710426079,0.6220020710426082,0.5056136208002451,0.5746007940925851,0.6112091228714495,0.5638078459214272,0.5638078459214263,0.5164065689714037,0.6694033479926307,0.574600794092586,0.5530148977502681,0.5638078459214265,0.5638078459214267,0.5746007940925858,0.6694033479926309,0.5164065689714046,0.6112091228714499,0.5164065689714044,0.6112091228714499,0.6220020710426079,0.5056136208002455,0.6801962961637893,0.563807845921426,0.5164065689714041,0.6112091228714495,0.563807845921427,0.6220020710426079,0.5746007940925858,0.4366264475079048,0.6801962961637891,0.5638078459214276,0.44741939567906414,0.7383905212849707,0.4474193956790633,0.6801962961637898,0.458212343850223
0.6250664568908112,0.5938527107945233,0.5938527107945233,0.5456734406310396,0.593852710794523,0.6624607831618626,0.6902112511214906,0.5456734406310393,0.7383905212849731,0.6420319809580074,0.86249952957157,0.7865697914484567,0.738390521284974,0.9311076019389092,0.5661022428348945,0.6216031787541514,0.8347490616119406,0.7588193234888292,0.786569791448457,0.8143202594080854,0.7383905212849735,0.7383905212849737,0.786569791448457,0.8069985936523136,0.8624995295715695,0.7383905212849735,0.9311076019389082,0.8069985936523126,0.6697824489176339,0.8347490616119411,0.6902112511214896,0.8347490616119408,0.8829283317754245,0.7106400533253457,0.8624995295715688,0.7383905212849733,0.8347490616119411,0.8829283317754243,0.6902112511214896,0.7865697914484572,0.83474906161194,0.8551778638157971,0.9588580698985371,0.6902112511214896,0.8347490616119411,0.7865697914484572,0.7383905212849731,0.9311076019389088,0.6902112511214892,0.7865697914484574,0.7588193234888292,0.7661409892446013,0.8829283317754247,0.7865697914484567,0.8069985936523134,0.7179617190811178,0.8347490616119423,0.9311076019389091,0.7106400533253451,0.8624995295715701,0.8347490616119406,0.758819323488829,0.7661409892446027,0.8347490616119404,0.8829283317754252,0.7383905212849728,0.7865697914484576,0.90335713397928,0.6420319809580066,0.8143202594080852,0.8347490616119404,0.7383905212849733,0.7865697914484563,0.6902112511214894,0.8347490616119413,0.8347490616119408,0.7106400533253444,0.86249952957157,0.7588193234888276,0.7661409892446019,0.7865697914484561,0.7383905212849742,0.8347490616119406,0.7383905212849733,0.8347490616119413,0.7865697914484567,0.7588193234888295,0.8624995295715686,0.7865697914484567,0.8347490616119415,0.8347490616119411,0.7383905212849731,0.8069985936523122,0.8143202594080863,0.7865697914484572,0.7865697914484567,0.7588193234888287,0.8624995295715693,0.8069985936523134,0.7661409892446019,0.7865697914484576,0.7865697914484572,0.8069985936523126,0.8624995295715686,0.7588193234888294,0.8143202594080861,0.7588193234888292,0.8143202594080861,0.8347490616119402,0.7383905212849733,0.8829283317754245,0.7865697914484561,0.7588193234888292,0.8143202594080864,0.7865697914484578,0.8347490616119402,0.8069985936523124,0.6697824489176339,0.8829283317754243,0.786569791448458,0.6902112511214896,0.9311076019389075,0.6902112511214892,0.882928331775425,0.7106400533253455
0.14901838930164682,0.06994482128657252,0.06994482128657252,0.0011570941384622065,0.07177523772551576,0.18073735129912624,0.2130115248996234,0.04508708867309936,0.2909513342424489,0.14971504706834177,0.48825720872331324,0.3560782285126737,0.2836296684866771,0.5661022428348902,0.012044817540871292,0.14065774010487594,0.4230355392218403,0.29451739188908516,0.3524173956347873,0.41397823225837355,0.2817992520477329,0.2964425835592785,0.3542478120737303,0.36147470259825426,0.47910512652859794,0.28546008492561925,0.5587805770791168,0.35964428615930993,0.20944546725298618,0.428526788538669,0.21850277421645187,0.4193747063439539,0.4918232663699509,0.22389924830203148,0.48093554296754126,0.2872905013645625,0.4193747063439538,0.4899928499310069,0.21667235777750884,0.3542478120737304,0.4266963720997267,0.4266015968684765,0.6203414137027047,0.21667235777750873,0.42120512278289707,0.3560782285126737,0.28546008492561914,0.5587805770791174,0.21850277421645187,0.35790864495161584,0.29451739188908527,0.34519050511026483,0.4899928499310069,0.3542478120737304,0.3614747025982519,0.2818940272789831,0.42120512278289823,0.5624414099570048,0.22389924830203137,0.4845963758454278,0.42303553922183945,0.29451739188908516,0.347020921549208,0.4248659556607825,0.48816243349206395,0.28912091780350674,0.3524173956347863,0.4990501568944735,0.15154546350728496,0.4139782322583755,0.4266963720997266,0.28362966848667615,0.35607822851267273,0.21850277421645198,0.42120512278289707,0.42486595566078356,0.2257296647409746,0.4845963758454285,0.29451739188908516,0.3470209215492081,0.357908644951617,0.2872905013645625,0.42669637209972583,0.2872905013645625,0.42120512278289823,0.3560782285126737,0.2926869754501429,0.48459637584542825,0.3524173956347863,0.4212051227828961,0.4230355392218405,0.28729050136456263,0.3614747025982519,0.4194694815752033,0.3542478120737316,0.3560782285126726,0.2926869754501417,0.48459637584542736,0.35964428615930993,0.3470209215492078,0.35424781207372935,0.35790864495161673,0.35781386972036666,0.4864267922843716,0.28902614257225734,0.42313031445309074,0.2945173918890861,0.41580864869731765,0.4230355392218403,0.2854600849256202,0.4899928499310069,0.3560782285126726,0.2908565590111988,0.41763906513626003,0.3524173956347862,0.42486595566078345,0.36330511903719737,0.21127588369192932,0.49182326636995005,0.35607822851267473,0.2166723577775098,0.5624414099570036,0.2203331906553951,0.4881624334920644,0.22756008117991883
0.23601550560794066,0.1978844215500982,0.1978844215500982,0.13526126601929797,0.19605400511115487,0.23478697170444224,0.3176394832948673,0.0913312714846605,0.3711105566309496,0.2495250784472379,0.551753132698825,0.4373945450396358,0.378432222386723,0.6216031787541482,0.1406577401048774,0.24229818792271546,0.5018481170093781,0.3838286964723018,0.4410553779175221,0.49462122648485507,0.3802626388256655,0.3656193073141199,0.4392249614785788,0.4482822684420459,0.5609052148935417,0.37660180594777926,0.6289248445099198,0.4501126848809881,0.3049213434535145,0.4963568676925481,0.3121482339780368,0.5055089498872649,0.5644712725401783,0.3230359573804461,0.5590747984545982,0.37477138950883565,0.5055089498872647,0.5663016889791208,0.3139786504169802,0.43922496147857915,0.49818728413149144,0.5145662568507307,0.6824906930772542,0.31397865041697987,0.5036785334483217,0.4373945450396358,0.37660180594777903,0.6289248445099209,0.3121482339780367,0.4355641286006918,0.3838286964723019,0.4319980709540564,0.5663016889791208,0.4392249614785788,0.44828226844204416,0.3638836661064271,0.5036785334483228,0.6252640116320355,0.3230359573804461,0.5554139655767123,0.5018481170093773,0.3838286964723021,0.4301676545151137,0.5000177005704342,0.5681321054180644,0.37294097306989327,0.4410553779175213,0.5735285795036441,0.24769466200829465,0.49462122648485635,0.4981872841314919,0.37843222238672225,0.4373945450396347,0.3121482339780368,0.5036785334483217,0.5000177005704348,0.3212055409415026,0.555413965576713,0.38382869647230133,0.43016765451511324,0.4355641286006923,0.3747713895088362,0.498187284131491,0.3747713895088361,0.5036785334483224,0.4373945450396357,0.3856591129112459,0.5554139655767125,0.4410553779175212,0.5036785334483209,0.5018481170093781,0.3747713895088361,0.4482822684420438,0.48912997716802586,0.43922496147858003,0.43739454503963493,0.3856591129112446,0.5554139655767121,0.4501126848809884,0.43016765451511346,0.4392249614785783,0.43556412860069266,0.4519431013199311,0.5535835491377692,0.3893199457891327,0.4854691442901398,0.38382869647230267,0.4927908100459128,0.5018481170093779,0.37660180594777976,0.5663016889791208,0.4373945450396346,0.38748952935018827,0.4909603936069688,0.44105537791752175,0.5000177005704348,0.44645185200310233,0.30309092701457113,0.5644712725401774,0.4373945450396371,0.31397865041698064,0.6252640116320342,0.3103178175390935,0.5681321054180648,0.31937512450256
0.5046187395187084,0.4624418281156125,0.4624418281156125,0.4092550804732795,0.4624418281156122,0.5294090345065087,0.5688153234002776,0.409255080473279,0.6220020710426093,0.5156285757579446,0.7677818552210435,0.6751888186849416,0.6220020710426097,0.8347490616119406,0.42303553922184317,0.5018481170093807,0.7283755663272744,0.6357825297911732,0.6751888186849421,0.7145951075787106,0.6220020710426097,0.6220020710426093,0.6751888186849418,0.6889692774335066,0.7677818552210435,0.6220020710426095,0.8347490616119393,0.688969277433506,0.5550348646517128,0.7283755663272746,0.5688153234002767,0.7283755663272746,0.7815623139696074,0.582595782148841,0.7677818552210431,0.6220020710426091,0.7283755663272748,0.781562313969607,0.5688153234002767,0.6751888186849421,0.7283755663272742,0.7421560250758389,0.8741553505057085,0.5688153234002763,0.7283755663272746,0.6751888186849421,0.6220020710426093,0.83474906161194,0.5688153234002763,0.6751888186849421,0.6357825297911736,0.6614083599363781,0.7815623139696072,0.6751888186849421,0.6889692774335063,0.6082216122940454,0.728375566327276,0.8347490616119406,0.5825957821488406,0.7677818552210439,0.7283755663272746,0.6357825297911733,0.6614083599363788,0.7283755663272742,0.7815623139696074,0.6220020710426093,0.6751888186849427,0.7953427727181713,0.5156285757579442,0.7145951075787107,0.7283755663272746,0.6220020710426095,0.6751888186849416,0.5688153234002765,0.7283755663272748,0.7283755663272748,0.5825957821488406,0.7677818552210441,0.6357825297911728,0.6614083599363784,0.6751888186849414,0.6220020710426097,0.7283755663272744,0.6220020710426093,0.7283755663272751,0.6751888186849416,0.6357825297911738,0.7677818552210431,0.6751888186849421,0.7283755663272748,0.7283755663272748,0.6220020710426093,0.688969277433506,0.7145951075787111,0.6751888186849421,0.6751888186849416,0.6357825297911732,0.7677818552210434,0.6889692774335068,0.6614083599363781,0.6751888186849423,0.6751888186849421,0.6889692774335061,0.7677818552210431,0.6357825297911736,0.7145951075787116,0.6357825297911733,0.7145951075787114,0.7283755663272742,0.6220020710426093,0.781562313969607,0.6751888186849412,0.6357825297911736,0.7145951075787114,0.6751888186849425,0.7283755663272742,0.688969277433506,0.5550348646517125,0.7815623139696067,0.6751888186849427,0.568815323400277,0.8347490616119393,0.5688153234002763,0.7815623139696076,0.5825957821488408
0.39357465692373883,0.3327665866443947,0.3327665866443947,0.273993814453982,0.3345970030833376,0.44318001573194765,0.4558033803420498,0.3179238089886191,0.5237282347271769,0.40252185746846636,0.6813533903022527,0.5788401740397036,0.516406568971405,0.7588193234888285,0.2945173918890875,0.38382869647230383,0.635782529791173,0.5369301464065102,0.5751793411618171,0.6170893687950099,0.5145761525324613,0.529219484044007,0.5770097576007602,0.5938725021579813,0.6722013081075368,0.5182369854103475,0.7514976577330544,0.5920420857190366,0.44260146866271605,0.6412737791080024,0.4612946296588786,0.6321216969132867,0.6945553019815859,0.47632695777715506,0.6740317245464795,0.5200674018492903,0.6321216969132869,0.6927248855426421,0.4594642132199353,0.5770097576007607,0.6394433626690585,0.6489844414705066,0.793407685366248,0.4594642132199351,0.63395211335223,0.5788401740397036,0.5182369854103472,0.7514976577330553,0.46129462965887813,0.5806705904786467,0.5369301464065104,0.5583165966045978,0.6927248855426423,0.5770097576007605,0.5938725021579797,0.5050350737310144,0.6339521133522313,0.7551584906109426,0.4763269577771546,0.6776925574243668,0.6357825297911723,0.5369301464065102,0.560147013043542,0.6376129462301154,0.6908944691036994,0.5218978182882342,0.5751793411618171,0.711418046538805,0.4043522739074093,0.617089368795011,0.6394433626690592,0.5164065689714044,0.5788401740397027,0.46129462965887835,0.6339521133522302,0.6376129462301163,0.47815737421609766,0.6776925574243671,0.5369301464065093,0.5601470130435413,0.5806705904786464,0.520067401849291,0.6394433626690585,0.5200674018492906,0.6339521133522307,0.5788401740397033,0.5350997299675676,0.6776925574243664,0.5751793411618167,0.6339521133522296,0.6357825297911732,0.5200674018492906,0.5938725021579793,0.6225806181118402,0.5770097576007611,0.5788401740397029,0.5350997299675666,0.6776925574243662,0.5920420857190373,0.5601470130435413,0.5770097576007602,0.5806705904786469,0.5902116692800936,0.6795229738633095,0.5314388970896817,0.6262414509897273,0.5369301464065107,0.6189197852339543,0.6357825297911726,0.5182369854103481,0.6927248855426421,0.5788401740397024,0.5332693135286238,0.6207502016728971,0.5751793411618171,0.6376129462301157,0.5957029185969235,0.44443188510165904,0.6945553019815853,0.5788401740397049,0.45946421321993575,0.755158490610941,0.4631250460978213,0.6908944691036999,0.47998779065504155
0.44347967261318505,0.396736386776156,0.3967363867761559,0.3410459003943988,0.3967363867761558,0.4637983683983026,0.5081173595396703,0.3410459003943988,0.5638078459214261,0.4524268731579127,0.7195078098263078,0.6194983323031836,0.563807845921427,0.7865697914484556,0.35241739563478836,0.4410553779175228,0.6751888186849405,0.5751793411618158,0.6194983323031836,0.6638173234445505,0.5638078459214263,0.5638078459214263,0.6194983323031836,0.6308698275435746,0.7195078098263082,0.5638078459214263,0.7865697914484546,0.6308698275435736,0.4967458642992796,0.6751888186849402,0.5081173595396692,0.6751888186849407,0.7308793050666981,0.5194888547800596,0.719507809826308,0.563807845921426,0.6751888186849407,0.7308793050666975,0.5081173595396692,0.6194983323031839,0.6751888186849404,0.6865603139253309,0.8308887825898222,0.508117359539669,0.6751888186849407,0.6194983323031836,0.5638078459214261,0.7865697914484552,0.508117359539669,0.6194983323031833,0.5751793411618162,0.608126837062794,0.7308793050666977,0.6194983323031836,0.6308698275435733,0.5524363506810365,0.6751888186849421,0.7865697914484558,0.5194888547800589,0.7195078098263087,0.67518881868494,0.575179341161816,0.6081268370627949,0.67518881868494,0.7308793050666981,0.5638078459214265,0.6194983323031834,0.742250800307088,0.45242687315791247,0.6638173234445516,0.6751888186849405,0.5638078459214261,0.6194983323031829,0.5081173595396692,0.6751888186849407,0.6751888186849407,0.5194888547800589,0.7195078098263089,0.5751793411618156,0.6081268370627942,0.6194983323031833,0.5638078459214265,0.67518881868494,0.5638078459214261,0.6751888186849416,0.6194983323031834,0.5751793411618169,0.7195078098263082,0.6194983323031833,0.6751888186849404,0.675188818684941,0.5638078459214261,0.6308698275435727,0.6638173234445509,0.6194983323031845,0.6194983323031831,0.5751793411618158,0.719507809826308,0.630869827543574,0.6081268370627942,0.6194983323031834,0.6194983323031839,0.6308698275435736,0.7195078098263082,0.5751793411618172,0.6638173234445516,0.5751793411618167,0.6638173234445514,0.6751888186849404,0.5638078459214267,0.7308793050666975,0.6194983323031826,0.5751793411618162,0.6638173234445511,0.6194983323031834,0.6751888186849404,0.630869827543574,0.4967458642992796,0.7308793050666975,0.619498332303185,0.5081173595396701,0.7865697914484546,0.508117359539669,0.7308793050666983,0.51948885478006
0.4897238554247472,0.4607061869079195,0.4607061869079194,0.4080979863348177,0.45887577046897604,0.4880775539425463,0.560431338737293,0.3641679918001799,0.6038874571156777,0.5023318888473617,0.7540013964724797,0.6601564905666657,0.6112091228714511,0.8143202594080852,0.41397823225837743,0.4946212264848583,0.7145951075787106,0.6170893687950105,0.6638173234445524,0.7068844452162074,0.613039539310394,0.5983962077988483,0.661986907005609,0.6715279858070564,0.763153478667196,0.6093787064325074,0.8216419251638566,0.673358402245999,0.547229427057959,0.7091038582618809,0.5549400894204624,0.7182559404565972,0.7672033081518125,0.5663115846608526,0.7613230622282524,0.6075482899935638,0.7182559404565972,0.7690337245907554,0.5567705058594057,0.6619869070056092,0.7109342747008238,0.7277970192580442,0.8647090469355124,0.5567705058594055,0.7164255240176541,0.6601564905666659,0.6093787064325074,0.8216419251638575,0.5549400894204621,0.6583260741277228,0.6170893687950108,0.6542762446431061,0.7690337245907556,0.6619869070056092,0.671527985807056,0.5961767947531741,0.7164255240176551,0.8179810922859716,0.566311584660852,0.7576622293503665,0.7145951075787106,0.6170893687950105,0.6524458282041634,0.7127646911397669,0.7708641410296991,0.6057178735546208,0.6638173234445528,0.776744386953259,0.5005014724084181,0.7068844452162075,0.710934274700824,0.6112091228714507,0.6601564905666653,0.5549400894204624,0.7164255240176541,0.7127646911397676,0.5644811682219089,0.7576622293503665,0.6170893687950101,0.652445828204163,0.6583260741277221,0.6075482899935645,0.7109342747008238,0.607548289993564,0.7164255240176546,0.6601564905666657,0.6189197852339545,0.7576622293503658,0.6638173234445522,0.7164255240176541,0.7145951075787109,0.6075482899935643,0.6715279858070554,0.7013931958993784,0.6619869070056095,0.6601564905666653,0.6189197852339536,0.7576622293503659,0.6733584022459994,0.6524458282041627,0.6619869070056095,0.6583260741277228,0.6751888186849423,0.7558318129114225,0.6225806181118411,0.6977323630214921,0.617089368795011,0.7050540287772649,0.7145951075787104,0.6093787064325076,0.7690337245907554,0.6601564905666653,0.6207502016728974,0.7032236123383215,0.6638173234445526,0.7127646911397671,0.6696975693681126,0.545399010619016,0.767203308151812,0.6601564905666668,0.5567705058594061,0.8179810922859702,0.5531096729815189,0.7708641410296991,0.5626507517829663
0.38234060570766276,0.33103094543670136,0.33103094543670136,0.2728367203155196,0.33103094543670114,0.3981877022900976,0.44741939567906425,0.27283672031551903,0.5056136208002444,0.38922517055788214,0.6712337644315736,0.5638078459214265,0.5056136208002455,0.7383905212849715,0.28179925204773504,0.3802626388256668,0.622002071042608,0.5145761525324601,0.5638078459214265,0.6130395393103919,0.5056136208002444,0.5056136208002444,0.5638078459214267,0.5727703776536435,0.671233764431574,0.5056136208002444,0.7383905212849705,0.5727703776536425,0.43845686394684763,0.6220020710426074,0.4474193956790632,0.6220020710426082,0.6801962961637898,0.4563819274112789,0.6712337644315738,0.5056136208002443,0.6220020710426082,0.6801962961637891,0.4474193956790631,0.5638078459214267,0.6220020710426076,0.6309646027748239,0.7876222146739369,0.44741939567906286,0.6220020710426082,0.5638078459214267,0.5056136208002444,0.7383905212849713,0.44741939567906275,0.5638078459214261,0.5145761525324601,0.5548453141892111,0.6801962961637893,0.5638078459214265,0.5727703776536418,0.4966510890680288,0.6220020710426093,0.7383905212849717,0.45638192741127864,0.6712337644315742,0.6220020710426074,0.5145761525324601,0.5548453141892116,0.6220020710426072,0.6801962961637896,0.5056136208002451,0.5638078459214261,0.6891588278960051,0.3892251705578819,0.6130395393103932,0.6220020710426079,0.5056136208002444,0.5638078459214257,0.44741939567906286,0.6220020710426082,0.6220020710426082,0.45638192741127864,0.6712337644315747,0.5145761525324597,0.5548453141892116,0.5638078459214263,0.5056136208002449,0.6220020710426072,0.5056136208002444,0.6220020710426091,0.5638078459214265,0.5145761525324613,0.671233764431574,0.563807845921426,0.6220020710426076,0.6220020710426082,0.5056136208002444,0.5727703776536414,0.6130395393103923,0.5638078459214276,0.563807845921426,0.5145761525324599,0.6712337644315738,0.5727703776536429,0.5548453141892113,0.5638078459214261,0.5638078459214267,0.5727703776536425,0.671233764431574,0.5145761525324618,0.6130395393103928,0.514576152532461,0.6130395393103928,0.6220020710426079,0.5056136208002453,0.6801962961637891,0.5638078459214255,0.5145761525324604,0.6130395393103923,0.5638078459214261,0.6220020710426079,0.572770377653643,0.4384568639468475,0.6801962961637891,0.5638078459214281,0.44741939567906414,0.7383905212849705,0.44741939567906286,0.6801962961637898,0.4563819274112797
0.3676972741961174,0.33103094543670136,0.33103094543670136,0.2728367203155197,0.33103094543670114,0.412831033801644,0.4474193956790651,0.27283672031551914,0.5056136208002453,0.3892251705578826,0.6565904329200283,0.563807845921427,0.5056136208002457,0.738390521284972,0.29644258355928077,0.3656193073141213,0.6220020710426082,0.5292194840440065,0.5638078459214267,0.5983962077988466,0.5056136208002455,0.5056136208002453,0.563807845921427,0.5874137091651891,0.6565904329200287,0.5056136208002453,0.738390521284971,0.5874137091651882,0.42381353243530284,0.6220020710426079,0.447419395679064,0.6220020710426082,0.6801962961637898,0.47102525892282554,0.6565904329200283,0.5056136208002451,0.6220020710426084,0.6801962961637895,0.44741939567906414,0.563807845921427,0.6220020710426079,0.6456079342863696,0.7729788831623916,0.4474193956790638,0.6220020710426084,0.5638078459214267,0.5056136208002453,0.7383905212849717,0.4474193956790638,0.5638078459214265,0.5292194840440068,0.540201982677666,0.6801962961637895,0.563807845921427,0.587413709165188,0.48200775755648434,0.6220020710426095,0.7383905212849722,0.4710252589228251,0.6565904329200289,0.6220020710426076,0.5292194840440068,0.5402019826776664,0.6220020710426074,0.6801962961637898,0.5056136208002457,0.563807845921427,0.7038021594075511,0.38922517055788236,0.5983962077988475,0.6220020710426082,0.5056136208002455,0.5638078459214261,0.4474193956790638,0.6220020710426084,0.6220020710426082,0.47102525892282504,0.6565904329200293,0.5292194840440059,0.5402019826776662,0.5638078459214265,0.5056136208002457,0.6220020710426076,0.5056136208002453,0.6220020710426091,0.5638078459214267,0.5292194840440072,0.6565904329200285,0.5638078459214265,0.622002071042608,0.6220020710426082,0.5056136208002453,0.5874137091651873,0.5983962077988473,0.5638078459214276,0.5638078459214261,0.5292194840440061,0.6565904329200285,0.5874137091651886,0.540201982677666,0.563807845921427,0.563807845921427,0.5874137091651882,0.6565904329200285,0.5292194840440074,0.5983962077988476,0.529219484044007,0.5983962077988476,0.6220020710426079,0.5056136208002457,0.6801962961637895,0.563807845921426,0.5292194840440068,0.5983962077988473,0.563807845921427,0.6220020710426079,0.5874137091651886,0.4238135324353026,0.6801962961637893,0.5638078459214279,0.4474193956790646,0.738390521284971,0.4474193956790638,0.6801962961637901,0.47102525892282576
0.4416492561742428,0.39673638677615686,0.39673638677615686,0.3410459003944001,0.3967363867761566,0.465628784837247,0.5081173595396719,0.3410459003943995,0.5638078459214274,0.45242687315791386,0.7176773933873657,0.6194983323031847,0.5638078459214283,0.7865697914484572,0.3542478120737327,0.43922496147858076,0.6751888186849412,0.5770097576007607,0.6194983323031847,0.6619869070056082,0.5638078459214274,0.5638078459214276,0.619498332303185,0.632700243982519,0.7176773933873661,0.5638078459214276,0.7865697914484556,0.6327002439825178,0.4949154478603375,0.6751888186849412,0.5081173595396707,0.6751888186849414,0.730879305066699,0.5213192712190038,0.7176773933873655,0.5638078459214274,0.6751888186849416,0.7308793050666985,0.5081173595396705,0.6194983323031847,0.6751888186849407,0.6883907303642749,0.8290583661508801,0.5081173595396703,0.6751888186849416,0.619498332303185,0.5638078459214274,0.7865697914484567,0.5081173595396703,0.6194983323031845,0.5770097576007607,0.6062964206238517,0.7308793050666987,0.6194983323031847,0.6327002439825178,0.5506059342420944,0.6751888186849432,0.7865697914484576,0.5213192712190033,0.7176773933873666,0.6751888186849407,0.5770097576007605,0.6062964206238528,0.6751888186849407,0.730879305066699,0.5638078459214276,0.6194983323031847,0.7440812167460322,0.4524268731579137,0.661986907005609,0.6751888186849414,0.5638078459214276,0.6194983323031836,0.5081173595396703,0.6751888186849421,0.6751888186849416,0.5213192712190029,0.7176773933873668,0.5770097576007596,0.6062964206238521,0.6194983323031841,0.5638078459214281,0.6751888186849407,0.5638078459214274,0.6751888186849425,0.6194983323031847,0.5770097576007615,0.7176773933873659,0.6194983323031841,0.6751888186849414,0.6751888186849418,0.5638078459214272,0.6327002439825169,0.6619869070056088,0.6194983323031854,0.6194983323031839,0.5770097576007602,0.7176773933873659,0.6327002439825185,0.6062964206238521,0.6194983323031847,0.619498332303185,0.6327002439825178,0.7176773933873661,0.5770097576007617,0.6619869070056092,0.5770097576007611,0.6619869070056092,0.6751888186849412,0.5638078459214281,0.7308793050666985,0.6194983323031834,0.5770097576007607,0.661986907005609,0.6194983323031847,0.6751888186849412,0.6327002439825182,0.4949154478603375,0.7308793050666985,0.6194983323031863,0.5081173595396712,0.7865697914484558,0.5081173595396701,0.7308793050666996,0.5213192712190041
0.4583745567071467,0.39847202798384923,0.39847202798384923,0.34220299453286107,0.40030244442279217,0.5051298489622652,0.5165013442026551,0.3861329890674979,0.5819224598483581,0.4657235600684961,0.7332882685748717,0.6345306604214598,0.5746007940925858,0.8069985936523104,0.36147470259825437,0.4482822684420458,0.6889692774335044,0.5938725021579788,0.6308698275435736,0.6715279858070541,0.5727703776536425,0.587413709165188,0.6327002439825165,0.6483111191700244,0.724136186380156,0.5764312105315285,0.7996769278965371,0.6464807027310808,0.5045513018930335,0.6944605267503341,0.5219925935194839,0.6853084445556183,0.7452383108844927,0.5357730522680482,0.7259666028190989,0.5782616269704715,0.6853084445556181,0.7434078944455491,0.5201621770805407,0.6327002439825169,0.6926301103113908,0.7009193197431256,0.840335086160018,0.5201621770805404,0.6871388609945616,0.6345306604214598,0.5764312105315282,0.7996769278965372,0.5219925935194835,0.636361076860403,0.5938725021579793,0.6152589523560668,0.7434078944455493,0.6327002439825167,0.6483111191700237,0.5644811682219077,0.6871388609945621,0.803337760774424,0.5357730522680477,0.7296274356969856,0.6889692774335047,0.593872502157979,0.6170893687950105,0.6907996938724473,0.7415774780066063,0.5800920434094152,0.6308698275435736,0.7608491860719995,0.4675539765074391,0.6715279858070543,0.692630110311391,0.5746007940925854,0.6345306604214596,0.5219925935194837,0.6871388609945611,0.6907996938724478,0.5376034687069907,0.7296274356969858,0.5938725021579787,0.6170893687950099,0.6363610768604028,0.5782616269704719,0.6926301103113908,0.5782616269704717,0.687138860994562,0.6345306604214598,0.5920420857190362,0.7296274356969852,0.6308698275435733,0.6871388609945611,0.6889692774335049,0.5782616269704719,0.6483111191700233,0.6770192351238842,0.6327002439825171,0.6345306604214594,0.5920420857190353,0.7296274356969852,0.646480702731081,0.6170893687950096,0.6327002439825167,0.636361076860403,0.6446502862921374,0.7314578521359285,0.5883812528411498,0.6806800680017708,0.5938725021579793,0.6733584022459979,0.6889692774335044,0.5764312105315289,0.7434078944455491,0.6345306604214594,0.5902116692800926,0.6751888186849407,0.6308698275435736,0.6907996938724476,0.6501415356089673,0.5063817183319764,0.745238310884492,0.6345306604214607,0.5201621770805411,0.8033377607744231,0.5238230099584268,0.7415774780066061,0.5394338851459349
0.5563541716470999,0.526411628247375,0.5264116282473752,0.4763071664136978,0.5245812118084316,0.5481969707339222,0.6211293025978999,0.43237717187906,0.6620816822368598,0.5655335914473929,0.8077666911840441,0.7158469769484235,0.6694033479926335,0.8624995295715697,0.4791051265286019,0.5609052148935447,0.7677818552210437,0.6722013081075376,0.7195078098263101,0.763153478667196,0.6712337644315763,0.6565904329200304,0.7176773933873668,0.724136186380159,0.8169187733787603,0.6675729315536897,0.8698211953273411,0.7259666028191013,0.611009676727221,0.7622906059042143,0.6156380532810691,0.7714426880989305,0.8178863170547213,0.6239272627128039,0.8150883569398167,0.6657425151147461,0.7714426880989307,0.8197167334936643,0.6174684697200123,0.717677393387367,0.7641210223431568,0.7779014810917222,0.9134668641682276,0.6174684697200121,0.7696122716599875,0.7158469769484239,0.6675729315536895,0.869821195327342,0.6156380532810687,0.7140165605094807,0.6722013081075379,0.7130490168335193,0.8197167334936645,0.717677393387367,0.7241361863801588,0.6574533056830116,0.7696122716599886,0.8661603624494562,0.6239272627128032,0.8114275240619311,0.7677818552210439,0.6722013081075374,0.7112186003945767,0.7659514387821001,0.8215471499326082,0.6639120986758029,0.7195078098263108,0.8243451100475127,0.5637031750084494,0.7631534786671962,0.7641210223431575,0.669403347992633,0.7158469769484233,0.6156380532810687,0.7696122716599875,0.765951438782101,0.6220968462738599,0.8114275240619311,0.6722013081075368,0.7112186003945761,0.7140165605094799,0.6657425151147469,0.7641210223431573,0.6657425151147461,0.7696122716599877,0.7158469769484235,0.6740317245464812,0.81142752406193,0.7195078098263099,0.7696122716599875,0.7677818552210441,0.6657425151147464,0.7241361863801579,0.757662229350367,0.717677393387367,0.7158469769484233,0.6740317245464805,0.8114275240619304,0.7259666028191021,0.711218600394576,0.7176773933873672,0.7140165605094807,0.7277970192580449,0.8095971076229869,0.677692557424368,0.7540013964724809,0.6722013081075379,0.7613230622282537,0.7677818552210435,0.6675729315536899,0.8197167334936645,0.715846976948423,0.6758621409854241,0.7594926457893105,0.7195078098263106,0.7659514387821004,0.722305769941215,0.6091792602882778,0.8178863170547209,0.7158469769484247,0.6174684697200127,0.8661603624494545,0.6138076368421254,0.8215471499326082,0.6202664298349173
0.37867977282977644,0.33103094543670136,0.33103094543670136,0.27283672031551975,0.33103094543670114,0.40184853516798463,0.44741939567906497,0.2728367203155195,0.5056136208002451,0.38922517055788247,0.6675729315536874,0.563807845921427,0.5056136208002462,0.738390521284972,0.28546008492562164,0.3766018059477804,0.622002071042608,0.5182369854103472,0.563807845921427,0.6093787064325058,0.5056136208002453,0.5056136208002451,0.563807845921427,0.5764312105315302,0.6675729315536877,0.5056136208002451,0.7383905212849705,0.5764312105315289,0.43479603106896186,0.6220020710426079,0.4474193956790638,0.6220020710426082,0.6801962961637901,0.46004276028916596,0.6675729315536876,0.5056136208002451,0.6220020710426084,0.6801962961637895,0.4474193956790637,0.563807845921427,0.6220020710426079,0.6346254356527103,0.7839613817960507,0.4474193956790636,0.6220020710426084,0.563807845921427,0.5056136208002451,0.7383905212849717,0.4474193956790636,0.5638078459214265,0.5182369854103472,0.5511844813113252,0.6801962961637895,0.563807845921427,0.5764312105315287,0.49299025619014314,0.6220020710426095,0.7383905212849728,0.4600427602891655,0.6675729315536879,0.6220020710426076,0.518236985410347,0.5511844813113259,0.6220020710426074,0.6801962961637895,0.5056136208002457,0.5638078459214267,0.692819660773892,0.38922517055788214,0.6093787064325069,0.6220020710426082,0.5056136208002453,0.5638078459214261,0.4474193956790637,0.6220020710426084,0.6220020710426082,0.46004276028916563,0.6675729315536886,0.5182369854103466,0.5511844813113255,0.5638078459214265,0.5056136208002455,0.6220020710426076,0.5056136208002451,0.6220020710426091,0.563807845921427,0.5182369854103481,0.6675729315536879,0.5638078459214265,0.6220020710426079,0.6220020710426084,0.5056136208002451,0.5764312105315282,0.6093787064325062,0.5638078459214279,0.5638078459214261,0.5182369854103468,0.6675729315536877,0.5764312105315296,0.5511844813113255,0.5638078459214267,0.5638078459214272,0.5764312105315289,0.6675729315536877,0.5182369854103488,0.6093787064325069,0.5182369854103481,0.6093787064325067,0.6220020710426079,0.505613620800246,0.6801962961637895,0.563807845921426,0.5182369854103472,0.6093787064325065,0.563807845921427,0.622002071042608,0.5764312105315296,0.43479603106896175,0.6801962961637893,0.5638078459214283,0.4474193956790646,0.7383905212849712,0.44741939567906347,0.6801962961637903,0.46004276028916663
0.6323881226465838,0.5938527107945227,0.5938527107945227,0.5456734406310393,0.5938527107945227,0.6551391174060892,0.6902112511214905,0.5456734406310393,0.7383905212849728,0.6420319809580067,0.8698211953273418,0.7865697914484565,0.738390521284974,0.9311076019389084,0.5587805770791213,0.6289248445099237,0.8347490616119402,0.7514976577330558,0.7865697914484567,0.8216419251638575,0.7383905212849731,0.7383905212849733,0.786569791448457,0.7996769278965407,0.8698211953273418,0.7383905212849728,0.9311076019389073,0.7996769278965397,0.6771041146734063,0.8347490616119404,0.6902112511214894,0.8347490616119404,0.8829283317754241,0.7033183875695725,0.8698211953273414,0.7383905212849726,0.8347490616119406,0.8829283317754238,0.690211251121489,0.7865697914484567,0.8347490616119395,0.8478561980600235,0.9661797356543094,0.6902112511214892,0.8347490616119406,0.786569791448457,0.7383905212849728,0.9311076019389077,0.6902112511214887,0.7865697914484565,0.751497657733056,0.773462655000374,0.8829283317754241,0.7865697914484567,0.79967692789654,0.7252833848368899,0.8347490616119418,0.9311076019389086,0.7033183875695717,0.8698211953273423,0.8347490616119402,0.7514976577330553,0.7734626550003751,0.8347490616119397,0.8829283317754243,0.7383905212849728,0.7865697914484572,0.896035468223507,0.6420319809580064,0.8216419251638579,0.8347490616119402,0.7383905212849731,0.7865697914484561,0.690211251121489,0.8347490616119408,0.8347490616119406,0.7033183875695717,0.8698211953273423,0.7514976577330547,0.7734626550003745,0.7865697914484561,0.7383905212849737,0.83474906161194,0.7383905212849728,0.8347490616119413,0.7865697914484565,0.7514976577330563,0.8698211953273411,0.7865697914484563,0.8347490616119406,0.8347490616119408,0.7383905212849728,0.7996769278965392,0.8216419251638584,0.786569791448457,0.7865697914484563,0.7514976577330555,0.8698211953273414,0.7996769278965402,0.7734626550003743,0.786569791448457,0.786569791448457,0.7996769278965397,0.8698211953273411,0.7514976577330568,0.8216419251638586,0.751497657733056,0.8216419251638586,0.83474906161194,0.7383905212849735,0.8829283317754238,0.7865697914484558,0.751497657733056,0.8216419251638586,0.786569791448457,0.83474906161194,0.7996769278965397,0.6771041146734065,0.8829283317754236,0.786569791448458,0.6902112511214898,0.9311076019389071,0.6902112511214887,0.8829283317754247,0.7033183875695727
0.4602049731460911,0.39847202798385023,0.3984720279838501,0.34220299453286224,0.4003024444227931,0.5032994325233233,0.5165013442026564,0.38613298906749915,0.5819224598483592,0.4657235600684976,0.7351186850138163,0.6345306604214611,0.5746007940925872,0.8069985936523131,0.35964428615931227,0.4501126848809902,0.6889692774335056,0.5920420857190368,0.6308698275435746,0.6733584022459983,0.5727703776536432,0.5874137091651893,0.632700243982518,0.6464807027310834,0.7259666028191004,0.5764312105315298,0.7996769278965383,0.6446502862921387,0.506381718331978,0.6944605267503352,0.5219925935194849,0.6853084445556195,0.7452383108844943,0.5339426358291061,0.7277970192580431,0.5782616269704727,0.6853084445556197,0.7434078944455506,0.5201621770805418,0.632700243982518,0.6926301103113913,0.6990889033041837,0.8421655025989633,0.5201621770805416,0.6871388609945628,0.6345306604214613,0.5764312105315296,0.7996769278965397,0.5219925935194847,0.6363610768604042,0.5920420857190373,0.6170893687950108,0.7434078944455506,0.6327002439825178,0.646480702731082,0.5663115846608522,0.6871388609945643,0.8033377607744272,0.5339426358291057,0.7314578521359307,0.6889692774335049,0.5920420857190368,0.618919785233955,0.690799693872448,0.7415774780066074,0.5800920434094162,0.6308698275435746,0.7590187696330585,0.46755397650744035,0.6733584022459992,0.6926301103113922,0.5746007940925865,0.63453066042146,0.5219925935194847,0.687138860994563,0.6907996938724489,0.5357730522680486,0.7314578521359311,0.5920420857190359,0.6189197852339543,0.6363610768604038,0.5782616269704733,0.6926301103113913,0.5782616269704727,0.6871388609945637,0.6345306604214609,0.5902116692800945,0.7314578521359303,0.6308698275435742,0.6871388609945628,0.688969277433506,0.5782616269704727,0.646480702731081,0.6788496515628286,0.6327002439825185,0.6345306604214604,0.5902116692800933,0.7314578521359303,0.6446502862921394,0.6189197852339543,0.632700243982518,0.6363610768604044,0.6428198698531956,0.7332882685748732,0.5865508364022085,0.6825104844407157,0.5920420857190375,0.6751888186849425,0.6889692774335053,0.5764312105315302,0.7434078944455506,0.63453066042146,0.5883812528411507,0.6770192351238856,0.6308698275435748,0.6907996938724487,0.6483111191700254,0.5082121347709211,0.7452383108844935,0.6345306604214626,0.5201621770805422,0.8033377607744252,0.5238230099584279,0.7415774780066084,0.5376034687069928
0.2989849889524054,0.26358986288955233,0.26358986288955244,0.20347044609817733,0.2617594464506091,0.2985672213737029,0.378337447155473,0.1595404515635398,0.42930478175213066,0.3127267810472677,0.6018575945325016,0.4930850314213922,0.43662644750790397,0.6697824489176312,0.20944546725298757,0.3049213434535143,0.5550348646517105,0.44260146866271377,0.4967458642992789,0.5472294270579563,0.43845686394684663,0.4238135324353008,0.49491544786033537,0.5045513018930333,0.6110096767272184,0.43479603106896036,0.6771041146734033,0.5063817183319758,0.3650407602448888,0.5495436153348803,0.3728461978386423,0.558695697529597,0.6151542814430858,0.38431246831028243,0.6091792602882751,0.4329656146300168,0.558695697529597,0.6169846978820286,0.37467661427758564,0.4949154478603358,0.5513740317738238,0.5683315515622941,0.7275876774320815,0.37467661427758525,0.5568652810906538,0.4930850314213922,0.43479603106896014,0.6771041146734039,0.3728461978386422,0.49125461498244843,0.4426014686627139,0.4871100102665823,0.6169846978820286,0.4949154478603356,0.504551301893032,0.42149934415837714,0.5568652810906549,0.673443281795518,0.38431246831028243,0.6055184274103887,0.5550348646517098,0.4426014686627142,0.48527959382763913,0.5532044482127665,0.6188151143209724,0.43113519819107454,0.4967458642992785,0.6247901354757825,0.31089636460832437,0.5472294270579574,0.551374031773824,0.4366264475079033,0.4930850314213916,0.3728461978386423,0.5568652810906538,0.5532044482127674,0.38248205187133905,0.6055184274103894,0.44260146866271366,0.4852795938276389,0.4912546149824491,0.43296561463001726,0.5513740317738234,0.43296561463001704,0.5568652810906547,0.4930850314213922,0.44443188510165765,0.605518427410389,0.4967458642992781,0.5568652810906533,0.5550348646517105,0.43296561463001726,0.5045513018930315,0.5417381777411268,0.4949154478603364,0.4930850314213918,0.4444318851016566,0.6055184274103883,0.506381718331976,0.48527959382763913,0.49491544786033514,0.4912546149824491,0.5082121347709188,0.6036880109714459,0.4480927179795446,0.5380773448632411,0.44260146866271444,0.5453990106190141,0.5550348646517103,0.4347960310689609,0.6169846978820286,0.4930850314213916,0.44626230154060015,0.5435685941800701,0.4967458642992785,0.5532044482127669,0.5027208854540898,0.36321034380594547,0.6151542814430853,0.4930850314213933,0.37467661427758653,0.673443281795517,0.37101578139969904,0.6188151143209724,0.3806516354323969
0.499127490201879,0.4624418281156123,0.4624418281156123,0.4092550804732795,0.4624418281156122,0.5349002838233385,0.5688153234002776,0.40925508047327913,0.6220020710426093,0.5156285757579449,0.7622906059042137,0.6751888186849418,0.6220020710426097,0.8347490616119404,0.4285267885386728,0.4963568676925511,0.7283755663272742,0.641273779108003,0.6751888186849421,0.7091038582618809,0.6220020710426095,0.6220020710426093,0.6751888186849418,0.6944605267503362,0.7622906059042139,0.6220020710426093,0.8347490616119393,0.6944605267503355,0.549543615334883,0.7283755663272744,0.5688153234002767,0.7283755663272744,0.781562313969607,0.5880870314656709,0.7622906059042133,0.6220020710426091,0.7283755663272746,0.7815623139696067,0.5688153234002767,0.6751888186849421,0.7283755663272737,0.7476472743926683,0.8686641011888788,0.5688153234002763,0.7283755663272746,0.6751888186849421,0.6220020710426091,0.83474906161194,0.5688153234002763,0.6751888186849418,0.641273779108003,0.6559171106195486,0.781562313969607,0.6751888186849421,0.6944605267503358,0.6027303629772156,0.7283755663272755,0.8347490616119404,0.58808703146567,0.7622906059042142,0.7283755663272742,0.641273779108003,0.6559171106195494,0.728375566327274,0.7815623139696074,0.6220020710426093,0.6751888186849425,0.8008340220350003,0.5156285757579444,0.7091038582618812,0.7283755663272742,0.6220020710426093,0.6751888186849412,0.5688153234002765,0.7283755663272746,0.7283755663272744,0.58808703146567,0.7622906059042142,0.6412737791080022,0.6559171106195489,0.6751888186849412,0.6220020710426097,0.728375566327274,0.6220020710426091,0.7283755663272751,0.6751888186849416,0.6412737791080034,0.7622906059042133,0.6751888186849418,0.7283755663272744,0.7283755663272746,0.6220020710426093,0.6944605267503352,0.7091038582618814,0.6751888186849423,0.6751888186849414,0.6412737791080025,0.7622906059042135,0.6944605267503362,0.6559171106195486,0.6751888186849423,0.6751888186849421,0.6944605267503355,0.7622906059042135,0.6412737791080036,0.7091038582618815,0.6412737791080032,0.7091038582618815,0.728375566327274,0.6220020710426095,0.7815623139696065,0.6751888186849412,0.641273779108003,0.7091038582618815,0.6751888186849423,0.728375566327274,0.6944605267503355,0.549543615334883,0.7815623139696065,0.6751888186849427,0.5688153234002772,0.8347490616119391,0.5688153234002763,0.7815623139696074,0.5880870314656709
0.3138798730463683,0.26532550409724664,0.26532550409724664,0.2046275402366399,0.2653255040972464,0.3398987019376666,0.3867214318184586,0.20462754023663968,0.44741939567906286,0.32602346795785225,0.6156380532810668,0.5081173595396696,0.447419395679064,0.6902112511214881,0.218502774216454,0.3121482339780382,0.5688153234002754,0.4612946296588772,0.5081173595396694,0.5549400894204606,0.4474193956790631,0.4474193956790632,0.5081173595396696,0.5219925935194853,0.6156380532810672,0.4474193956790631,0.6902112511214868,0.5219925935194837,0.3728461978386435,0.5688153234002749,0.3867214318184575,0.5688153234002754,0.6295132872608821,0.4005966657982718,0.615638053281067,0.44741939567906286,0.5688153234002756,0.6295132872608813,0.3867214318184576,0.5081173595396696,0.5688153234002751,0.5826905573800901,0.7370339810022792,0.38672143181845725,0.5688153234002756,0.5081173595396696,0.44741939567906286,0.6902112511214878,0.38672143181845725,0.5081173595396689,0.4612946296588773,0.49424212555985525,0.6295132872608813,0.5081173595396694,0.5219925935194835,0.4335441616992491,0.568815323400277,0.690211251121489,0.4005966657982716,0.6156380532810677,0.5688153234002746,0.4612946296588772,0.4942421255598561,0.5688153234002746,0.6295132872608814,0.4474193956790638,0.508117359539669,0.6433885212406961,0.3260234679578519,0.5549400894204621,0.5688153234002752,0.4474193956790631,0.5081173595396684,0.3867214318184575,0.5688153234002756,0.5688153234002756,0.4005966657982716,0.6156380532810684,0.46129462965887663,0.49424212555985564,0.5081173595396692,0.4474193956790633,0.5688153234002746,0.4474193956790631,0.5688153234002765,0.5081173595396696,0.46129462965887835,0.6156380532810677,0.5081173595396686,0.5688153234002749,0.5688153234002756,0.44741939567906286,0.5219925935194828,0.5549400894204608,0.5081173595396707,0.5081173595396686,0.46129462965887685,0.6156380532810672,0.5219925935194843,0.49424212555985564,0.508117359539669,0.5081173595396699,0.5219925935194837,0.6156380532810677,0.461294629658879,0.5549400894204617,0.46129462965887813,0.5549400894204617,0.5688153234002752,0.4474193956790637,0.6295132872608813,0.5081173595396682,0.4612946296588773,0.554940089420461,0.5081173595396689,0.5688153234002752,0.5219925935194847,0.37284619783864326,0.6295132872608811,0.508117359539671,0.38672143181845814,0.6902112511214875,0.38672143181845725,0.6295132872608823,0.40059666579827224
0.5082795723965945,0.4624418281156118,0.46244182811561196,0.4092550804732792,0.4624418281156117,0.5257482016286216,0.5688153234002772,0.4092550804732788,0.6220020710426086,0.5156285757579442,0.7714426880989289,0.6751888186849412,0.6220020710426093,0.8347490616119397,0.4193747063439565,0.5055089498872666,0.7283755663272737,0.6321216969132862,0.6751888186849412,0.7182559404565959,0.6220020710426089,0.6220020710426086,0.6751888186849412,0.6853084445556197,0.7714426880989294,0.6220020710426086,0.8347490616119388,0.685308444555619,0.5586956975295987,0.7283755663272735,0.5688153234002763,0.728375566327274,0.7815623139696065,0.5789349492709541,0.7714426880989289,0.6220020710426086,0.728375566327274,0.7815623139696061,0.5688153234002761,0.6751888186849412,0.7283755663272735,0.7384951921979516,0.8778161833835942,0.5688153234002761,0.728375566327274,0.6751888186849412,0.6220020710426086,0.8347490616119393,0.5688153234002759,0.6751888186849412,0.6321216969132865,0.6650691928142638,0.7815623139696063,0.6751888186849412,0.685308444555619,0.611882445171931,0.7283755663272748,0.8347490616119397,0.5789349492709535,0.7714426880989294,0.7283755663272735,0.632121696913286,0.6650691928142647,0.7283755663272732,0.7815623139696067,0.6220020710426089,0.6751888186849414,0.7916819398402841,0.5156285757579437,0.7182559404565966,0.7283755663272735,0.6220020710426086,0.6751888186849407,0.5688153234002761,0.728375566327274,0.728375566327274,0.5789349492709535,0.7714426880989296,0.6321216969132856,0.665069192814264,0.6751888186849407,0.6220020710426091,0.7283755663272735,0.6220020710426086,0.7283755663272744,0.6751888186849412,0.6321216969132867,0.7714426880989289,0.675188818684941,0.7283755663272737,0.728375566327274,0.6220020710426086,0.6853084445556183,0.7182559404565964,0.6751888186849416,0.6751888186849407,0.632121696913286,0.7714426880989289,0.6853084445556195,0.6650691928142638,0.6751888186849412,0.6751888186849412,0.685308444555619,0.7714426880989289,0.6321216969132871,0.718255940456597,0.6321216969132867,0.7182559404565966,0.7283755663272735,0.6220020710426091,0.7815623139696063,0.6751888186849405,0.6321216969132862,0.7182559404565966,0.6751888186849412,0.7283755663272735,0.685308444555619,0.5586956975295987,0.7815623139696061,0.6751888186849421,0.5688153234002765,0.8347490616119388,0.5688153234002759,0.781562313969607,0.5789349492709543
0.5675882228631753,0.5281472694550682,0.5281472694550682,0.47746426055216007,0.5281472694550682,0.5931892841757717,0.6295132872608851,0.47746426055215974,0.6801962961637916,0.5788302783579766,0.8178863170547219,0.7308793050667001,0.6801962961637926,0.882928331775426,0.4918232663699547,0.5644712725401813,0.7815623139696081,0.694555301981587,0.7308793050667001,0.767203308151813,0.6801962961637923,0.6801962961637923,0.7308793050667005,0.7452383108844969,0.8178863170547219,0.6801962961637923,0.8829283317754238,0.7452383108844952,0.6151542814430886,0.7815623139696083,0.6295132872608838,0.7815623139696081,0.8322453228725167,0.6438722930786794,0.8178863170547211,0.6801962961637918,0.7815623139696087,0.8322453228725163,0.6295132872608838,0.7308793050667003,0.7815623139696072,0.7959213197874039,0.9192523348605379,0.6295132872608836,0.7815623139696085,0.7308793050667007,0.6801962961637918,0.8829283317754253,0.6295132872608836,0.7308793050667003,0.6945553019815874,0.7165202992489055,0.8322453228725163,0.7308793050667003,0.7452383108844961,0.665837290345997,0.7815623139696102,0.8829283317754264,0.6438722930786785,0.8178863170547226,0.7815623139696076,0.6945553019815868,0.7165202992489066,0.7815623139696074,0.8322453228725167,0.6801962961637918,0.7308793050667007,0.8466043286903114,0.5788302783579762,0.7672033081518137,0.7815623139696081,0.6801962961637918,0.7308793050666992,0.6295132872608836,0.7815623139696091,0.7815623139696085,0.6438722930786783,0.8178863170547226,0.6945553019815857,0.7165202992489059,0.7308793050666994,0.6801962961637925,0.7815623139696074,0.6801962961637918,0.7815623139696093,0.7308793050666998,0.6945553019815879,0.8178863170547215,0.7308793050666998,0.7815623139696087,0.7815623139696085,0.6801962961637916,0.7452383108844945,0.7672033081518141,0.7308793050667007,0.7308793050666998,0.6945553019815868,0.8178863170547217,0.7452383108844961,0.7165202992489057,0.7308793050667007,0.7308793050667007,0.7452383108844952,0.8178863170547215,0.6945553019815879,0.7672033081518144,0.6945553019815872,0.7672033081518144,0.7815623139696076,0.6801962961637923,0.8322453228725161,0.730879305066699,0.6945553019815872,0.7672033081518144,0.7308793050667007,0.7815623139696076,0.7452383108844954,0.6151542814430886,0.8322453228725161,0.7308793050667017,0.6295132872608843,0.8829283317754243,0.6295132872608834,0.8322453228725171,0.6438722930786792
0.33243559001821543,0.2670611453049387,0.2670611453049386,0.20578463437510194,0.26889156174388174,0.377569349623742,0.39510541648144293,0.2497146289097389,0.46553400960599495,0.33932015486843475,0.6330793449075167,0.5231496876579456,0.45821234385022275,0.7106400533253433,0.2238992483020332,0.3230359573804464,0.5825957821488391,0.47632695777715367,0.5194888547800594,0.5663115846608501,0.45638192741127903,0.4710252589228246,0.5213192712190022,0.5357730522680486,0.6239272627128013,0.4600427602891654,0.7033183875695691,0.5339426358291046,0.3843124683102835,0.5880870314656681,0.4005966657982716,0.5789349492709528,0.6438722930786769,0.41322003040837385,0.6257576791517442,0.46187317672810835,0.5789349492709528,0.6420418766397327,0.3987662493593286,0.5213192712190027,0.5862566150267252,0.5933887303199982,0.7501411174503615,0.39876624935932825,0.580765365709896,0.5231496876579453,0.46004276028916513,0.7033183875695701,0.4005966657982716,0.5249801040968883,0.4763269577771538,0.5050350737310142,0.6420418766397327,0.5213192712190027,0.5357730522680472,0.44924981211800663,0.5807653657098972,0.7069792204474576,0.4132200304083735,0.6294185120296312,0.5825957821488382,0.47632695777715367,0.5068654901699581,0.5844261985877812,0.6402114602007895,0.46370359316705234,0.5194888547800589,0.6583260741277217,0.34115057130737786,0.5663115846608515,0.5862566150267257,0.4582123438502221,0.523149687657945,0.4005966657982716,0.5807653657098962,0.5844261985877824,0.4150504468473168,0.629418512029632,0.47632695777715334,0.5068654901699576,0.5249801040968886,0.4618731767281088,0.5862566150267248,0.46187317672810846,0.580765365709897,0.5231496876579453,0.4744965413382113,0.6294185120296313,0.5194888547800587,0.5807653657098956,0.5825957821488393,0.46187317672810846,0.535773052268047,0.5718028339776801,0.5213192712190033,0.5231496876579448,0.4744965413382103,0.6294185120296307,0.5339426358291048,0.5068654901699576,0.521319271219002,0.5249801040968888,0.5321122193901613,0.6312489284685745,0.4708357084603253,0.5754636668555675,0.4763269577771543,0.5681420010997943,0.5825957821488387,0.46004276028916596,0.6420418766397327,0.5231496876579448,0.47266612489926735,0.569972417538737,0.5194888547800589,0.584426198587782,0.5376034687069913,0.38614288474922653,0.6438722930786756,0.5231496876579467,0.39876624935932886,0.706979220447456,0.40242708223721463,0.6402114602007906,0.41688086328626056
0.5545237552081564,0.526411628247375,0.526411628247375,0.4763071664136976,0.5245812118084312,0.550027387172865,0.6211293025978997,0.4323771718790599,0.6620816822368594,0.5655335914473929,0.8059362747451003,0.715846976948423,0.669403347992633,0.8624995295715695,0.4809355429675449,0.5590747984546015,0.7677818552210435,0.6740317245464801,0.7195078098263095,0.7613230622282522,0.6712337644315757,0.6565904329200299,0.7176773933873664,0.7259666028191019,0.8150883569398167,0.667572931553689,0.8698211953273409,0.7277970192580442,0.6091792602882776,0.7622906059042137,0.6156380532810689,0.77144268809893,0.8178863170547211,0.625757679151747,0.813257940500873,0.6657425151147457,0.7714426880989302,0.819716733493664,0.6174684697200121,0.7176773933873666,0.7641210223431566,0.7797318975306649,0.9116364477292843,0.6174684697200121,0.7696122716599871,0.7158469769484233,0.667572931553689,0.8698211953273418,0.6156380532810686,0.7140165605094799,0.6740317245464805,0.7112186003945755,0.819716733493664,0.7176773933873664,0.7259666028191013,0.6556228892440683,0.7696122716599884,0.8661603624494559,0.6257576791517463,0.8095971076229875,0.7677818552210435,0.6740317245464801,0.7093881839556332,0.7659514387820997,0.8215471499326078,0.6639120986758027,0.7195078098263101,0.8261755264864555,0.5637031750084489,0.7613230622282529,0.7641210223431568,0.6694033479926323,0.7158469769484226,0.6156380532810687,0.7696122716599874,0.7659514387821008,0.623927262712803,0.8095971076229875,0.6740317245464795,0.7093881839556325,0.7140165605094795,0.6657425151147464,0.7641210223431568,0.6657425151147457,0.7696122716599877,0.715846976948423,0.6758621409854241,0.8095971076229864,0.7195078098263095,0.7696122716599871,0.7677818552210439,0.6657425151147459,0.7259666028191006,0.7558318129114232,0.7176773933873668,0.7158469769484228,0.6758621409854233,0.8095971076229866,0.7277970192580446,0.7093881839556323,0.7176773933873666,0.7140165605094804,0.7296274356969875,0.8077666911840435,0.6795229738633108,0.7521709800335373,0.6740317245464805,0.7594926457893101,0.7677818552210434,0.6675729315536895,0.819716733493664,0.7158469769484224,0.6776925574243668,0.757662229350367,0.7195078098263099,0.7659514387821001,0.7241361863801578,0.6073488438493345,0.8178863170547205,0.7158469769484244,0.6174684697200126,0.8661603624494545,0.6138076368421254,0.8215471499326078,0.6220968462738605
0.37684935639083417,0.3310309454367022,0.3310309454367021,0.27283672031552,0.33103094543670186,0.40367895160692885,0.4474193956790651,0.2728367203155197,0.5056136208002453,0.3892251705578833,0.6657425151147444,0.563807845921427,0.5056136208002462,0.7383905212849724,0.28729050136456497,0.37477138950883826,0.6220020710426082,0.5200674018492906,0.563807845921427,0.6075482899935625,0.5056136208002455,0.5056136208002455,0.5638078459214272,0.5782616269704733,0.6657425151147448,0.5056136208002457,0.7383905212849707,0.5782616269704722,0.43296561463001926,0.6220020710426079,0.44741939567906425,0.6220020710426082,0.6801962961637903,0.46187317672810974,0.6657425151147444,0.5056136208002453,0.6220020710426086,0.6801962961637895,0.44741939567906425,0.5638078459214272,0.6220020710426079,0.6364558520916539,0.7821309653571079,0.447419395679064,0.6220020710426086,0.5638078459214272,0.5056136208002453,0.738390521284972,0.447419395679064,0.5638078459214267,0.5200674018492908,0.5493540648723819,0.6801962961637895,0.563807845921427,0.5782616269704722,0.4911598397512005,0.6220020710426102,0.7383905212849733,0.4618731767281094,0.6657425151147452,0.6220020710426074,0.5200674018492906,0.5493540648723828,0.6220020710426074,0.6801962961637898,0.5056136208002457,0.563807845921427,0.6946500772128354,0.38922517055788314,0.6075482899935638,0.6220020710426082,0.5056136208002453,0.5638078459214261,0.44741939567906414,0.6220020710426091,0.6220020710426084,0.46187317672810935,0.6657425151147457,0.5200674018492898,0.5493540648723821,0.5638078459214265,0.505613620800246,0.6220020710426074,0.5056136208002455,0.6220020710426093,0.5638078459214267,0.5200674018492915,0.665742515114745,0.5638078459214263,0.6220020710426082,0.6220020710426084,0.5056136208002453,0.5782616269704715,0.6075482899935634,0.5638078459214276,0.5638078459214265,0.5200674018492903,0.6657425151147448,0.5782616269704729,0.5493540648723821,0.563807845921427,0.5638078459214274,0.5782616269704722,0.665742515114745,0.5200674018492917,0.6075482899935638,0.5200674018492912,0.607548289993564,0.6220020710426079,0.505613620800246,0.6801962961637895,0.563807845921426,0.5200674018492908,0.6075482899935634,0.5638078459214272,0.6220020710426079,0.5782616269704727,0.43296561463001926,0.6801962961637895,0.5638078459214285,0.4474193956790647,0.7383905212849713,0.447419395679064,0.6801962961637907,0.46187317672810974
0.5082795723965943,0.4624418281156116,0.46244182811561135,0.409255080473279,0.46244182811561124,0.5257482016286213,0.5688153234002772,0.4092550804732786,0.6220020710426082,0.515628575757944,0.7714426880989285,0.6751888186849407,0.6220020710426091,0.8347490616119397,0.4193747063439562,0.5055089498872661,0.7283755663272735,0.6321216969132858,0.6751888186849412,0.7182559404565956,0.6220020710426084,0.6220020710426084,0.6751888186849412,0.6853084445556199,0.7714426880989289,0.6220020710426084,0.8347490616119385,0.6853084445556188,0.558695697529598,0.7283755663272732,0.5688153234002756,0.7283755663272735,0.7815623139696067,0.5789349492709537,0.7714426880989285,0.622002071042608,0.7283755663272737,0.7815623139696061,0.5688153234002756,0.6751888186849412,0.7283755663272732,0.7384951921979516,0.8778161833835939,0.5688153234002756,0.7283755663272737,0.6751888186849412,0.6220020710426082,0.8347490616119393,0.5688153234002754,0.6751888186849407,0.632121696913286,0.6650691928142638,0.7815623139696061,0.6751888186849412,0.6853084445556186,0.6118824451719308,0.7283755663272751,0.8347490616119402,0.5789349492709532,0.7714426880989294,0.7283755663272732,0.6321216969132858,0.6650691928142642,0.728375566327273,0.7815623139696063,0.6220020710426086,0.6751888186849412,0.7916819398402841,0.5156285757579437,0.7182559404565966,0.7283755663272735,0.6220020710426082,0.6751888186849404,0.5688153234002756,0.728375566327274,0.728375566327274,0.5789349492709528,0.7714426880989296,0.6321216969132852,0.6650691928142638,0.6751888186849405,0.6220020710426086,0.728375566327273,0.6220020710426082,0.7283755663272746,0.675188818684941,0.6321216969132867,0.7714426880989289,0.6751888186849405,0.7283755663272735,0.7283755663272737,0.6220020710426082,0.6853084445556181,0.7182559404565961,0.6751888186849416,0.6751888186849405,0.6321216969132856,0.7714426880989287,0.6853084445556195,0.6650691928142638,0.675188818684941,0.6751888186849412,0.685308444555619,0.7714426880989291,0.6321216969132871,0.7182559404565968,0.6321216969132865,0.7182559404565966,0.7283755663272733,0.6220020710426086,0.781562313969606,0.6751888186849402,0.6321216969132858,0.7182559404565964,0.6751888186849412,0.7283755663272733,0.685308444555619,0.5586956975295982,0.781562313969606,0.6751888186849423,0.5688153234002767,0.8347490616119386,0.5688153234002754,0.781562313969607,0.5789349492709543
0.5694186393021183,0.5281472694550682,0.5281472694550682,0.47746426055215985,0.528147269455068,0.5913588677368279,0.6295132872608843,0.4774642605521595,0.680196296163791,0.5788302783579762,0.8197167334936647,0.7308793050666994,0.6801962961637921,0.8829283317754255,0.4899928499310114,0.5663016889791243,0.7815623139696076,0.692724885542643,0.7308793050666996,0.7690337245907558,0.6801962961637914,0.6801962961637916,0.7308793050666998,0.7434078944455529,0.8197167334936647,0.6801962961637914,0.8829283317754238,0.7434078944455517,0.6169846978820311,0.7815623139696076,0.629513287260883,0.7815623139696078,0.8322453228725163,0.6420418766397352,0.819716733493664,0.680196296163791,0.7815623139696083,0.8322453228725156,0.6295132872608827,0.7308793050666998,0.781562313969607,0.7940909033484601,0.9210827512994811,0.6295132872608827,0.7815623139696081,0.7308793050666998,0.680196296163791,0.882928331775425,0.6295132872608825,0.7308793050666996,0.6927248855426432,0.718350715687848,0.8322453228725158,0.7308793050666998,0.7434078944455521,0.6676677067849391,0.7815623139696095,0.882928331775426,0.6420418766397346,0.8197167334936654,0.7815623139696074,0.6927248855426428,0.718350715687849,0.781562313969607,0.8322453228725161,0.6801962961637914,0.7308793050666998,0.8447739122513679,0.5788302783579756,0.7690337245907567,0.7815623139696076,0.6801962961637914,0.7308793050666987,0.6295132872608827,0.7815623139696085,0.7815623139696081,0.6420418766397343,0.8197167334936654,0.6927248855426419,0.7183507156878483,0.730879305066699,0.6801962961637918,0.7815623139696072,0.680196296163791,0.7815623139696087,0.7308793050666994,0.6927248855426442,0.8197167334936643,0.7308793050666994,0.7815623139696081,0.7815623139696081,0.680196296163791,0.743407894445551,0.7690337245907567,0.7308793050667003,0.730879305066699,0.692724885542643,0.8197167334936645,0.7434078944455523,0.7183507156878483,0.7308793050666998,0.7308793050667001,0.7434078944455514,0.8197167334936643,0.6927248855426444,0.7690337245907569,0.6927248855426437,0.7690337245907569,0.7815623139696074,0.6801962961637916,0.8322453228725156,0.7308793050666987,0.6927248855426432,0.7690337245907571,0.7308793050666998,0.7815623139696074,0.7434078944455517,0.6169846978820314,0.8322453228725156,0.7308793050667011,0.6295132872608836,0.8829283317754238,0.6295132872608825,0.8322453228725167,0.6420418766397354
0.315710289485311,0.2653255040972459,0.2653255040972459,0.2046275402366398,0.2653255040972458,0.338068285498723,0.3867214318184586,0.20462754023663968,0.4474193956790636,0.3260234679578519,0.6174684697200103,0.5081173595396701,0.44741939567906425,0.6902112511214881,0.21667235777751054,0.3139786504169809,0.5688153234002759,0.4594642132199347,0.5081173595396701,0.5567705058594046,0.4474193956790636,0.4474193956790636,0.5081173595396699,0.520162177080542,0.6174684697200108,0.4474193956790636,0.6902112511214875,0.5201621770805411,0.374676614277587,0.5688153234002754,0.3867214318184576,0.5688153234002759,0.6295132872608818,0.3987662493593287,0.6174684697200103,0.4474193956790633,0.5688153234002761,0.6295132872608813,0.3867214318184577,0.5081173595396703,0.5688153234002752,0.5808601409411471,0.7388643974412226,0.3867214318184575,0.5688153234002761,0.5081173595396701,0.4474193956790633,0.6902112511214878,0.3867214318184576,0.5081173595396696,0.4594642132199348,0.49607254199879924,0.6295132872608814,0.5081173595396701,0.5201621770805409,0.4353745781381925,0.5688153234002772,0.6902112511214881,0.3987662493593286,0.617468469720011,0.5688153234002751,0.4594642132199348,0.4960725419987994,0.5688153234002751,0.6295132872608821,0.447419395679064,0.5081173595396699,0.6415581048017523,0.3260234679578517,0.5567705058594055,0.5688153234002756,0.4474193956790636,0.5081173595396692,0.3867214318184577,0.5688153234002761,0.5688153234002756,0.3987662493593286,0.6174684697200112,0.45946421321993414,0.49607254199879924,0.5081173595396696,0.4474193956790637,0.5688153234002752,0.44741939567906347,0.5688153234002767,0.5081173595396699,0.4594642132199352,0.6174684697200108,0.5081173595396694,0.5688153234002754,0.5688153234002759,0.4474193956790636,0.5201621770805404,0.556770505859405,0.5081173595396707,0.5081173595396692,0.45946421321993436,0.6174684697200106,0.5201621770805416,0.49607254199879924,0.5081173595396701,0.5081173595396701,0.5201621770805411,0.6174684697200106,0.45946421321993564,0.556770505859405,0.4594642132199352,0.5567705058594052,0.5688153234002754,0.44741939567906414,0.6295132872608813,0.508117359539669,0.4594642132199348,0.5567705058594048,0.5081173595396701,0.5688153234002754,0.5201621770805414,0.37467661427758664,0.6295132872608813,0.5081173595396712,0.38672143181845814,0.6902112511214871,0.3867214318184576,0.6295132872608818,0.3987662493593291
0.44164925617424217,0.39673638677615675,0.39673638677615675,0.3410459003943994,0.39673638677615647,0.46562878483724635,0.5081173595396703,0.3410459003943988,0.5638078459214265,0.45242687315791313,0.7176773933873647,0.6194983323031834,0.563807845921427,0.7865697914484554,0.35424781207373224,0.4392249614785803,0.6751888186849404,0.5770097576007596,0.6194983323031834,0.6619869070056074,0.5638078459214267,0.5638078459214265,0.6194983323031834,0.6327002439825171,0.7176773933873649,0.5638078459214265,0.7865697914484546,0.6327002439825167,0.4949154478603371,0.6751888186849404,0.5081173595396696,0.6751888186849407,0.7308793050666978,0.5213192712190029,0.7176773933873647,0.5638078459214263,0.6751888186849407,0.7308793050666975,0.5081173595396701,0.6194983323031836,0.6751888186849402,0.688390730364274,0.8290583661508789,0.5081173595396694,0.6751888186849405,0.6194983323031834,0.5638078459214265,0.786569791448455,0.5081173595396694,0.6194983323031834,0.5770097576007598,0.6062964206238509,0.7308793050666977,0.6194983323031836,0.6327002439825167,0.5506059342420938,0.6751888186849416,0.7865697914484556,0.5213192712190027,0.7176773933873651,0.6751888186849402,0.5770097576007596,0.6062964206238513,0.6751888186849402,0.7308793050666981,0.5638078459214267,0.6194983323031836,0.7440812167460309,0.4524268731579128,0.661986907005608,0.6751888186849404,0.5638078459214265,0.6194983323031833,0.5081173595396696,0.6751888186849407,0.6751888186849405,0.5213192712190027,0.7176773933873654,0.5770097576007591,0.6062964206238509,0.6194983323031833,0.563807845921427,0.6751888186849402,0.5638078459214265,0.6751888186849412,0.6194983323031833,0.57700975760076,0.7176773933873649,0.6194983323031833,0.6751888186849405,0.6751888186849405,0.5638078459214267,0.6327002439825162,0.6619869070056078,0.6194983323031839,0.6194983323031833,0.5770097576007591,0.7176773933873647,0.6327002439825171,0.6062964206238507,0.6194983323031836,0.6194983323031834,0.6327002439825169,0.7176773933873647,0.57700975760076,0.6619869070056082,0.5770097576007598,0.6619869070056082,0.6751888186849402,0.563807845921427,0.7308793050666975,0.6194983323031829,0.5770097576007596,0.6619869070056078,0.6194983323031839,0.6751888186849404,0.6327002439825167,0.49491544786033664,0.7308793050666975,0.6194983323031843,0.5081173595396701,0.7865697914484546,0.5081173595396696,0.7308793050666981,0.5213192712190031
0.5009579066408224,0.46244182811561263,0.4624418281156125,0.4092550804732801,0.4624418281156123,0.5330698673843957,0.5688153234002782,0.4092550804732793,0.6220020710426093,0.5156285757579451,0.7641210223431577,0.6751888186849421,0.6220020710426104,0.8347490616119415,0.4266963720997299,0.49818728413149443,0.7283755663272746,0.6394433626690599,0.6751888186849423,0.7109342747008243,0.6220020710426097,0.6220020710426097,0.6751888186849423,0.6926301103113941,0.7641210223431577,0.6220020710426095,0.83474906161194,0.6926301103113927,0.5513740317738264,0.7283755663272746,0.5688153234002772,0.7283755663272746,0.7815623139696076,0.5862566150267278,0.764121022343157,0.6220020710426093,0.7283755663272751,0.7815623139696074,0.5688153234002767,0.6751888186849423,0.728375566327274,0.7458168579537259,0.8704945176278228,0.5688153234002767,0.7283755663272751,0.6751888186849423,0.6220020710426093,0.8347490616119408,0.5688153234002763,0.6751888186849421,0.6394433626690601,0.6577475270584919,0.7815623139696076,0.6751888186849423,0.6926301103113931,0.6045607794161592,0.7283755663272763,0.8347490616119416,0.5862566150267271,0.7641210223431582,0.7283755663272742,0.6394433626690599,0.6577475270584929,0.728375566327274,0.7815623139696081,0.6220020710426093,0.6751888186849425,0.7990036055960582,0.5156285757579446,0.7109342747008249,0.7283755663272746,0.6220020710426095,0.6751888186849414,0.5688153234002767,0.7283755663272755,0.7283755663272751,0.5862566150267269,0.7641210223431583,0.639443362669059,0.6577475270584924,0.6751888186849416,0.62200207104261,0.7283755663272742,0.6220020710426093,0.7283755663272757,0.6751888186849421,0.6394433626690608,0.7641210223431573,0.6751888186849418,0.7283755663272751,0.7283755663272751,0.6220020710426093,0.6926301103113922,0.7109342747008249,0.6751888186849427,0.6751888186849416,0.6394433626690597,0.7641210223431575,0.6926301103113935,0.6577475270584922,0.6751888186849425,0.6751888186849425,0.6926301103113927,0.7641210223431573,0.639443362669061,0.7109342747008254,0.6394433626690603,0.7109342747008254,0.7283755663272744,0.62200207104261,0.7815623139696074,0.6751888186849412,0.6394433626690601,0.7109342747008254,0.6751888186849427,0.7283755663272744,0.6926301103113931,0.5513740317738264,0.7815623139696074,0.6751888186849435,0.5688153234002776,0.83474906161194,0.5688153234002765,0.7815623139696083,0.5862566150267282
0.525004872929499,0.46417746932330456,0.46417746932330456,0.41041217461174107,0.4660078857622475,0.5652492657536412,0.5771993080632617,0.4543421691463782,0.6401166849695398,0.5289252626685276,0.7870535632864364,0.6902211468032176,0.6327950192137681,0.8551778638157956,0.4266015968684788,0.5145662568507323,0.7421560250758379,0.6489844414705056,0.6865603139253313,0.7277970192580427,0.6309646027748244,0.6456079342863701,0.6883907303642747,0.7009193197431277,0.7779014810917205,0.6346254356527106,0.8478561980600215,0.6990889033041832,0.5683315515622951,0.7476472743926673,0.5826905573800903,0.7384951921979516,0.7959213197874021,0.5933887303199992,0.7797318975306632,0.6364558520916536,0.7384951921979518,0.7940909033484581,0.5808601409411469,0.6883907303642747,0.7458168579537238,0.7510237815768038,0.8890929033927338,0.5808601409411468,0.7403256086368951,0.6902211468032178,0.6346254356527103,0.8478561980600224,0.5826905573800899,0.6920515632421606,0.6489844414705057,0.6740317245464795,0.7940909033484583,0.6883907303642745,0.7009193197431263,0.6257576791517451,0.7403256086368964,0.8515170309379095,0.5933887303199985,0.7833927304085505,0.7421560250758374,0.6489844414705054,0.6758621409854237,0.7439864415147803,0.7922604869095154,0.6382862685305971,0.6865603139253311,0.8084499091662536,0.5307556791074705,0.7277970192580437,0.7458168579537243,0.6327950192137672,0.6902211468032168,0.5826905573800901,0.7403256086368953,0.7439864415147814,0.5952191467589415,0.7833927304085507,0.6489844414705047,0.6758621409854231,0.6920515632421606,0.6364558520916541,0.7458168579537238,0.6364558520916538,0.740325608636896,0.6902211468032176,0.6471540250315635,0.78339273040855,0.6865603139253307,0.7403256086368948,0.7421560250758386,0.6364558520916536,0.7009193197431256,0.7332882685748727,0.6883907303642751,0.6902211468032169,0.6471540250315619,0.78339273040855,0.6990889033041837,0.6758621409854231,0.6883907303642742,0.6920515632421611,0.6972584868652397,0.7852231468474931,0.6434931921536774,0.7369491014527599,0.6489844414705062,0.729627435696987,0.7421560250758379,0.634625435652711,0.7940909033484581,0.6902211468032166,0.6453236085926193,0.7314578521359301,0.6865603139253313,0.743986441514781,0.70274973618207,0.5701619680012385,0.7959213197874013,0.6902211468032191,0.5808601409411478,0.8515170309379081,0.5845209738190328,0.7922604869095159,0.5970495631978862
0.6786323054581458,0.6578225109262861,0.6578225109262861,0.6127255265714578,0.6559920944873427,0.6794183029503329,0.7425252303191131,0.5687955320368201,0.7784701324792236,0.6919369966474557,0.9043147819735139,0.8272279497119386,0.7857917982349977,0.9588580698985387,0.62034141370271,0.6824906930772588,0.8741553505057099,0.7934076853662503,0.8308887825898248,0.864709046935514,0.7876222146739401,0.772978883162395,0.8290583661508821,0.840335086160023,0.9134668641682295,0.7839613817960539,0.96617973565431,0.8421655025989648,0.7275876774320856,0.8686641011888809,0.7370339810022825,0.8778161833835967,0.9192523348605388,0.7501411174503656,0.9116364477292853,0.78213096535711,0.877816183383597,0.9210827512994817,0.7388643974412253,0.8290583661508819,0.8704945176278226,0.889092903392737,1.0,0.7388643974412253,0.8759857669446539,0.8272279497119389,0.7839613817960535,0.9661797356543113,0.7370339810022816,0.8253975332729958,0.7934076853662505,0.8196120625806858,0.9210827512994819,0.8290583661508817,0.840335086160023,0.7690238289090278,0.8759857669446555,0.9625189027764255,0.7501411174503649,0.9079756148514005,0.8741553505057097,0.7934076853662498,0.8177816461417439,0.8723249340667666,0.9229131677384258,0.7803005489181667,0.8308887825898259,0.9305290548696784,0.6901065802085117,0.8647090469355142,0.8704945176278237,0.785791798234997,0.8272279497119377,0.7370339810022818,0.8759857669446546,0.8723249340667675,0.7483107010114209,0.9079756148514001,0.7934076853662487,0.817781646141743,0.8253975332729944,0.7821309653571114,0.8704945176278235,0.7821309653571102,0.8759857669446541,0.8272279497119384,0.7952381018051943,0.9079756148513989,0.8308887825898248,0.8759857669446544,0.8741553505057106,0.78213096535711,0.8403350861600212,0.8592177976186854,0.8290583661508821,0.8272279497119386,0.7952381018051929,0.9079756148513995,0.8421655025989658,0.8177816461417428,0.8290583661508828,0.8253975332729956,0.8439959190379079,0.9061451984124559,0.7988989346830803,0.8555569647407991,0.7934076853662503,0.8628786304965721,0.8741553505057097,0.7839613817960539,0.9210827512994817,0.8272279497119375,0.7970685182441367,0.8610482140576292,0.8308887825898259,0.8723249340667664,0.8385046697210781,0.7257572609931427,0.9192523348605384,0.82722794971194,0.7388643974412258,0.9625189027764235,0.7352035645633385,0.9229131677384258,0.7464802845724791
0.31571028948531077,0.2653255040972458,0.2653255040972457,0.20462754023663968,0.2653255040972457,0.33806828549872264,0.3867214318184586,0.20462754023663948,0.4474193956790631,0.3260234679578517,0.6174684697200097,0.5081173595396692,0.447419395679064,0.6902112511214876,0.21667235777751054,0.3139786504169808,0.5688153234002752,0.45946421321993414,0.5081173595396692,0.5567705058594035,0.4474193956790632,0.4474193956790632,0.5081173595396692,0.5201621770805411,0.6174684697200103,0.4474193956790632,0.6902112511214868,0.5201621770805404,0.37467661427758664,0.5688153234002746,0.3867214318184575,0.5688153234002752,0.6295132872608816,0.3987662493593287,0.6174684697200101,0.44741939567906286,0.5688153234002752,0.6295132872608811,0.3867214318184576,0.5081173595396692,0.5688153234002746,0.5808601409411464,0.7388643974412221,0.38672143181845714,0.5688153234002752,0.5081173595396692,0.44741939567906286,0.6902112511214876,0.38672143181845714,0.5081173595396689,0.45946421321993425,0.4960725419987986,0.6295132872608813,0.5081173595396692,0.5201621770805399,0.4353745781381922,0.5688153234002765,0.6902112511214883,0.39876624935932836,0.6174684697200106,0.5688153234002744,0.45946421321993425,0.496072541998799,0.5688153234002744,0.6295132872608814,0.4474193956790638,0.5081173595396689,0.6415581048017528,0.3260234679578515,0.5567705058594048,0.5688153234002751,0.4474193956790631,0.5081173595396686,0.3867214318184575,0.5688153234002754,0.5688153234002752,0.39876624935932836,0.6174684697200112,0.4594642132199337,0.4960725419987986,0.5081173595396692,0.4474193956790633,0.5688153234002746,0.4474193956790631,0.5688153234002761,0.5081173595396692,0.4594642132199349,0.6174684697200106,0.5081173595396686,0.5688153234002749,0.5688153234002752,0.4474193956790631,0.5201621770805395,0.5567705058594039,0.5081173595396701,0.5081173595396686,0.4594642132199338,0.6174684697200101,0.5201621770805407,0.4960725419987986,0.5081173595396689,0.5081173595396692,0.5201621770805404,0.6174684697200108,0.4594642132199355,0.5567705058594046,0.4594642132199348,0.5567705058594046,0.5688153234002749,0.4474193956790637,0.6295132872608811,0.5081173595396684,0.45946421321993414,0.5567705058594039,0.508117359539669,0.5688153234002749,0.5201621770805407,0.37467661427758653,0.6295132872608808,0.5081173595396703,0.38672143181845825,0.6902112511214871,0.38672143181845714,0.6295132872608821,0.3987662493593291
0.5064491559576514,0.4624418281156121,0.4624418281156121,0.4092550804732793,0.4624418281156118,0.5275786180675653,0.5688153234002774,0.4092550804732788,0.6220020710426091,0.5156285757579444,0.7696122716599865,0.6751888186849414,0.6220020710426093,0.8347490616119402,0.42120512278289973,0.5036785334483237,0.7283755663272742,0.6339521133522298,0.6751888186849416,0.7164255240176535,0.6220020710426093,0.6220020710426091,0.6751888186849416,0.687138860994563,0.7696122716599865,0.6220020710426091,0.8347490616119393,0.6871388609945623,0.5568652810906554,0.728375566327274,0.5688153234002763,0.7283755663272744,0.781562313969607,0.5807653657098977,0.769612271659986,0.6220020710426086,0.7283755663272746,0.7815623139696065,0.5688153234002763,0.6751888186849418,0.7283755663272737,0.7403256086368953,0.8759857669446514,0.5688153234002761,0.7283755663272744,0.6751888186849416,0.6220020710426089,0.8347490616119397,0.5688153234002761,0.6751888186849416,0.63395211335223,0.6632387763753211,0.781562313969607,0.6751888186849416,0.6871388609945628,0.6100520287329881,0.7283755663272755,0.8347490616119402,0.580765365709897,0.7696122716599867,0.7283755663272742,0.6339521133522298,0.6632387763753218,0.7283755663272737,0.7815623139696074,0.6220020710426091,0.6751888186849423,0.7935123562792274,0.515628575757944,0.7164255240176537,0.7283755663272742,0.6220020710426091,0.6751888186849412,0.5688153234002761,0.7283755663272746,0.7283755663272744,0.580765365709897,0.7696122716599867,0.6339521133522292,0.6632387763753211,0.6751888186849412,0.6220020710426093,0.728375566327274,0.6220020710426089,0.7283755663272751,0.6751888186849414,0.6339521133522302,0.769612271659986,0.6751888186849416,0.7283755663272744,0.7283755663272746,0.6220020710426091,0.6871388609945623,0.7164255240176541,0.6751888186849421,0.6751888186849412,0.6339521133522296,0.7696122716599862,0.687138860994563,0.6632387763753211,0.6751888186849421,0.6751888186849418,0.6871388609945628,0.769612271659986,0.6339521133522302,0.7164255240176546,0.63395211335223,0.7164255240176541,0.728375566327274,0.6220020710426093,0.7815623139696065,0.675188818684941,0.63395211335223,0.7164255240176541,0.6751888186849421,0.728375566327274,0.6871388609945626,0.5568652810906556,0.7815623139696063,0.6751888186849423,0.5688153234002767,0.8347490616119388,0.5688153234002761,0.7815623139696072,0.5807653657098977
0.4398188397352992,0.39673638677615697,0.39673638677615697,0.34104590039439975,0.39673638677615675,0.46745920127619006,0.5081173595396716,0.34104590039439925,0.5638078459214272,0.4524268731579137,0.7158469769484226,0.6194983323031845,0.5638078459214281,0.7865697914484563,0.35607822851267573,0.4373945450396373,0.6751888186849414,0.5788401740397036,0.6194983323031845,0.6601564905666653,0.5638078459214274,0.5638078459214274,0.6194983323031847,0.6345306604214622,0.7158469769484228,0.5638078459214274,0.786569791448455,0.6345306604214609,0.49308503142139415,0.6751888186849414,0.5081173595396701,0.6751888186849416,0.730879305066699,0.5231496876579469,0.7158469769484224,0.5638078459214272,0.6751888186849418,0.7308793050666983,0.5081173595396701,0.6194983323031847,0.675188818684941,0.6902211468032182,0.8272279497119366,0.5081173595396701,0.6751888186849418,0.6194983323031847,0.5638078459214272,0.7865697914484558,0.5081173595396699,0.6194983323031843,0.5788401740397036,0.6044660041849084,0.7308793050666983,0.6194983323031847,0.6345306604214611,0.548775517803151,0.6751888186849432,0.7865697914484567,0.5231496876579462,0.7158469769484233,0.675188818684941,0.5788401740397036,0.6044660041849095,0.6751888186849407,0.730879305066699,0.5638078459214274,0.6194983323031845,0.7459116331849749,0.45242687315791336,0.6601564905666659,0.6751888186849414,0.5638078459214274,0.6194983323031836,0.5081173595396701,0.6751888186849421,0.6751888186849416,0.5231496876579462,0.7158469769484233,0.5788401740397027,0.6044660041849088,0.6194983323031841,0.5638078459214276,0.675188818684941,0.5638078459214274,0.6751888186849425,0.6194983323031845,0.5788401740397044,0.7158469769484224,0.6194983323031841,0.6751888186849416,0.6751888186849418,0.5638078459214272,0.63453066042146,0.6601564905666657,0.6194983323031852,0.6194983323031839,0.5788401740397031,0.7158469769484224,0.6345306604214616,0.6044660041849088,0.6194983323031847,0.619498332303185,0.6345306604214609,0.7158469769484224,0.5788401740397049,0.6601564905666661,0.5788401740397042,0.6601564905666661,0.6751888186849412,0.5638078459214281,0.7308793050666983,0.6194983323031834,0.5788401740397038,0.6601564905666661,0.6194983323031847,0.6751888186849412,0.6345306604214613,0.49308503142139415,0.7308793050666983,0.6194983323031861,0.5081173595396712,0.7865697914484552,0.5081173595396699,0.730879305066699,0.5231496876579473
0.37867977282977616,0.33103094543670136,0.33103094543670136,0.27283672031551975,0.33103094543670114,0.4018485351679842,0.44741939567906425,0.27283672031551925,0.5056136208002441,0.38922517055788214,0.6675729315536865,0.5638078459214261,0.5056136208002453,0.7383905212849715,0.28546008492562164,0.3766018059477802,0.6220020710426074,0.5182369854103462,0.5638078459214261,0.6093787064325048,0.5056136208002443,0.5056136208002443,0.5638078459214261,0.5764312105315293,0.6675729315536871,0.5056136208002443,0.7383905212849701,0.5764312105315282,0.43479603106896114,0.6220020710426067,0.4474193956790631,0.6220020710426074,0.6801962961637895,0.46004276028916513,0.6675729315536869,0.5056136208002439,0.6220020710426076,0.6801962961637886,0.4474193956790631,0.5638078459214261,0.622002071042607,0.6346254356527098,0.7839613817960502,0.44741939567906275,0.6220020710426076,0.5638078459214261,0.5056136208002443,0.7383905212849712,0.44741939567906275,0.5638078459214255,0.5182369854103462,0.5511844813113241,0.6801962961637888,0.5638078459214261,0.5764312105315279,0.4929902561901423,0.6220020710426091,0.7383905212849722,0.460042760289165,0.6675729315536874,0.6220020710426065,0.5182369854103462,0.5511844813113248,0.6220020710426065,0.6801962961637891,0.5056136208002449,0.5638078459214255,0.6928196607738916,0.3892251705578819,0.6093787064325065,0.6220020710426074,0.5056136208002443,0.5638078459214251,0.44741939567906286,0.6220020710426079,0.6220020710426076,0.4600427602891649,0.6675729315536879,0.5182369854103454,0.5511844813113246,0.563807845921426,0.5056136208002444,0.6220020710426065,0.5056136208002443,0.6220020710426086,0.5638078459214261,0.5182369854103472,0.6675729315536876,0.5638078459214251,0.622002071042607,0.6220020710426076,0.5056136208002443,0.5764312105315272,0.609378706432505,0.5638078459214272,0.5638078459214253,0.5182369854103458,0.6675729315536871,0.5764312105315285,0.5511844813113246,0.5638078459214257,0.5638078459214261,0.5764312105315282,0.6675729315536876,0.5182369854103477,0.6093787064325058,0.5182369854103468,0.6093787064325058,0.6220020710426074,0.5056136208002449,0.6801962961637888,0.5638078459214249,0.5182369854103462,0.6093787064325052,0.5638078459214257,0.6220020710426074,0.5764312105315289,0.43479603106896125,0.6801962961637886,0.5638078459214276,0.447419395679064,0.7383905212849707,0.44741939567906275,0.6801962961637898,0.46004276028916596
0.6323881226465846,0.593852710794524,0.5938527107945237,0.5456734406310401,0.5938527107945235,0.6551391174060908,0.6902112511214917,0.5456734406310396,0.7383905212849737,0.6420319809580078,0.8698211953273437,0.7865697914484576,0.7383905212849747,0.9311076019389107,0.5587805770791221,0.6289248445099247,0.8347490616119415,0.751497657733057,0.7865697914484576,0.821641925163859,0.7383905212849743,0.7383905212849743,0.786569791448458,0.7996769278965422,0.8698211953273433,0.7383905212849742,0.9311076019389092,0.7996769278965407,0.6771041146734076,0.8347490616119418,0.6902112511214906,0.8347490616119415,0.8829283317754257,0.7033183875695738,0.8698211953273427,0.738390521284974,0.8347490616119421,0.8829283317754253,0.6902112511214903,0.786569791448458,0.8347490616119406,0.847856198060025,0.9661797356543108,0.6902112511214905,0.8347490616119421,0.786569791448458,0.738390521284974,0.9311076019389101,0.6902112511214901,0.7865697914484582,0.7514976577330572,0.7734626550003751,0.8829283317754255,0.7865697914484578,0.7996769278965418,0.7252833848368913,0.8347490616119434,0.931107601938911,0.7033183875695729,0.8698211953273441,0.8347490616119413,0.7514976577330568,0.7734626550003766,0.8347490616119411,0.882928331775426,0.7383905212849737,0.7865697914484584,0.8960354682235082,0.6420319809580072,0.821641925163859,0.8347490616119415,0.7383905212849743,0.786569791448457,0.6902112511214901,0.8347490616119423,0.8347490616119418,0.7033183875695725,0.8698211953273437,0.7514976577330555,0.7734626550003758,0.786569791448457,0.738390521284975,0.8347490616119413,0.7383905212849742,0.8347490616119423,0.7865697914484576,0.7514976577330579,0.8698211953273425,0.7865697914484576,0.8347490616119423,0.8347490616119421,0.7383905212849737,0.7996769278965402,0.8216419251638598,0.786569791448458,0.7865697914484574,0.7514976577330568,0.8698211953273433,0.7996769278965415,0.7734626550003756,0.7865697914484584,0.7865697914484582,0.7996769278965407,0.8698211953273427,0.7514976577330577,0.82164192516386,0.7514976577330572,0.82164192516386,0.8347490616119411,0.7383905212849743,0.8829283317754253,0.7865697914484567,0.7514976577330572,0.8216419251638603,0.7865697914484586,0.8347490616119411,0.7996769278965407,0.6771041146734078,0.8829283317754252,0.7865697914484595,0.6902112511214908,0.9311076019389088,0.6902112511214901,0.8829283317754262,0.7033183875695735
0.3138798730463678,0.2653255040972459,0.2653255040972459,0.20462754023663968,0.2653255040972457,0.33989870193766614,0.3867214318184586,0.20462754023663948,0.4474193956790631,0.3260234679578519,0.6156380532810668,0.5081173595396692,0.447419395679064,0.6902112511214881,0.2185027742164537,0.3121482339780377,0.5688153234002756,0.4612946296588773,0.5081173595396694,0.5549400894204608,0.4474193956790632,0.4474193956790631,0.5081173595396692,0.5219925935194847,0.6156380532810675,0.4474193956790632,0.6902112511214873,0.5219925935194837,0.3728461978386436,0.5688153234002752,0.3867214318184576,0.5688153234002756,0.6295132872608818,0.4005966657982717,0.615638053281067,0.44741939567906286,0.5688153234002756,0.6295132872608813,0.3867214318184576,0.5081173595396696,0.5688153234002751,0.5826905573800901,0.7370339810022792,0.38672143181845725,0.5688153234002756,0.5081173595396692,0.44741939567906286,0.6902112511214878,0.3867214318184575,0.5081173595396692,0.4612946296588775,0.4942421255598554,0.6295132872608813,0.5081173595396694,0.5219925935194835,0.4335441616992491,0.568815323400277,0.6902112511214883,0.4005966657982717,0.6156380532810677,0.5688153234002749,0.4612946296588775,0.4942421255598561,0.5688153234002749,0.6295132872608816,0.4474193956790638,0.5081173595396692,0.6433885212406959,0.3260234679578516,0.5549400894204619,0.5688153234002754,0.4474193956790632,0.5081173595396689,0.3867214318184575,0.5688153234002759,0.5688153234002756,0.4005966657982716,0.6156380532810681,0.46129462965887685,0.49424212555985564,0.5081173595396692,0.4474193956790633,0.5688153234002751,0.4474193956790631,0.5688153234002763,0.5081173595396692,0.46129462965887813,0.6156380532810677,0.5081173595396689,0.5688153234002752,0.5688153234002754,0.4474193956790631,0.5219925935194832,0.5549400894204612,0.5081173595396701,0.5081173595396689,0.4612946296588771,0.6156380532810672,0.5219925935194843,0.49424212555985564,0.5081173595396692,0.5081173595396696,0.5219925935194839,0.6156380532810677,0.4612946296588787,0.5549400894204619,0.461294629658878,0.5549400894204619,0.5688153234002752,0.4474193956790638,0.6295132872608813,0.5081173595396686,0.4612946296588775,0.5549400894204612,0.5081173595396692,0.5688153234002752,0.5219925935194841,0.37284619783864326,0.6295132872608813,0.5081173595396703,0.38672143181845814,0.6902112511214873,0.38672143181845725,0.6295132872608821,0.40059666579827224
0.4379884232963558,0.39673638677615636,0.39673638677615636,0.34104590039439925,0.39673638677615614,0.4692896177151327,0.5081173595396707,0.3410459003943988,0.5638078459214265,0.45242687315791325,0.7140165605094788,0.6194983323031839,0.5638078459214274,0.7865697914484561,0.3579086449516183,0.4355641286006938,0.6751888186849412,0.5806705904786461,0.6194983323031841,0.6583260741277213,0.5638078459214267,0.5638078459214267,0.6194983323031839,0.6363610768604044,0.7140165605094793,0.563807845921427,0.7865697914484548,0.6363610768604034,0.4912546149824504,0.6751888186849407,0.5081173595396696,0.6751888186849412,0.7308793050666987,0.5249801040968892,0.7140165605094788,0.5638078459214263,0.6751888186849412,0.7308793050666981,0.5081173595396696,0.6194983323031843,0.6751888186849405,0.6920515632421609,0.825397533272993,0.5081173595396692,0.6751888186849412,0.6194983323031841,0.5638078459214265,0.7865697914484556,0.5081173595396692,0.6194983323031839,0.5806705904786463,0.6026355877459648,0.7308793050666983,0.6194983323031841,0.6363610768604034,0.5469451013642073,0.6751888186849423,0.7865697914484563,0.524980104096889,0.7140165605094795,0.6751888186849407,0.5806705904786461,0.6026355877459655,0.6751888186849404,0.7308793050666985,0.563807845921427,0.6194983323031841,0.7477420496239181,0.4524268731579129,0.6583260741277221,0.6751888186849412,0.5638078459214265,0.6194983323031834,0.5081173595396694,0.6751888186849414,0.6751888186849412,0.5249801040968888,0.7140165605094797,0.5806705904786457,0.6026355877459653,0.6194983323031836,0.563807845921427,0.6751888186849405,0.5638078459214265,0.6751888186849421,0.6194983323031839,0.5806705904786469,0.714016560509479,0.6194983323031836,0.6751888186849412,0.6751888186849414,0.5638078459214265,0.636361076860403,0.6583260741277221,0.6194983323031847,0.6194983323031834,0.5806705904786461,0.714016560509479,0.636361076860404,0.6026355877459653,0.6194983323031841,0.6194983323031843,0.6363610768604037,0.714016560509479,0.5806705904786473,0.6583260741277226,0.5806705904786469,0.6583260741277224,0.6751888186849407,0.5638078459214272,0.7308793050666981,0.6194983323031833,0.5806705904786463,0.6583260741277221,0.6194983323031841,0.6751888186849407,0.6363610768604038,0.4912546149824504,0.7308793050666978,0.6194983323031852,0.5081173595396701,0.786569791448455,0.5081173595396692,0.730879305066699,0.5249801040968896
0.39357465692373883,0.3327665866443949,0.3327665866443949,0.273993814453982,0.3345970030833379,0.44318001573194804,0.4558033803420497,0.317923808988619,0.5237282347271769,0.4025218574684666,0.6813533903022527,0.5788401740397036,0.5164065689714048,0.7588193234888287,0.2945173918890875,0.38382869647230416,0.6357825297911728,0.5369301464065102,0.5751793411618171,0.6170893687950101,0.514576152532461,0.529219484044007,0.5770097576007602,0.5938725021579813,0.6722013081075368,0.5182369854103477,0.7514976577330547,0.5920420857190366,0.44260146866271605,0.6412737791080024,0.4612946296588786,0.6321216969132865,0.6945553019815859,0.47632695777715506,0.6740317245464795,0.5200674018492903,0.6321216969132869,0.6927248855426421,0.4594642132199353,0.5770097576007607,0.6394433626690585,0.6489844414705064,0.7934076853662481,0.4594642132199351,0.63395211335223,0.5788401740397036,0.5182369854103472,0.7514976577330553,0.46129462965887824,0.5806705904786467,0.5369301464065104,0.5583165966045975,0.6927248855426421,0.5770097576007602,0.5938725021579799,0.5050350737310144,0.6339521133522313,0.7551584906109424,0.4763269577771546,0.6776925574243666,0.6357825297911723,0.5369301464065102,0.560147013043542,0.6376129462301154,0.6908944691036994,0.5218978182882342,0.5751793411618171,0.711418046538805,0.4043522739074093,0.6170893687950108,0.6394433626690592,0.5164065689714044,0.5788401740397027,0.46129462965887835,0.6339521133522302,0.6376129462301163,0.47815737421609766,0.6776925574243668,0.5369301464065093,0.5601470130435411,0.5806705904786461,0.520067401849291,0.6394433626690585,0.5200674018492906,0.6339521133522307,0.5788401740397031,0.5350997299675676,0.6776925574243662,0.5751793411618167,0.6339521133522298,0.6357825297911732,0.5200674018492906,0.593872502157979,0.6225806181118406,0.5770097576007611,0.5788401740397031,0.5350997299675666,0.6776925574243662,0.5920420857190375,0.5601470130435413,0.5770097576007602,0.5806705904786469,0.5902116692800935,0.6795229738633093,0.5314388970896814,0.6262414509897268,0.5369301464065107,0.6189197852339543,0.6357825297911726,0.5182369854103479,0.6927248855426419,0.5788401740397024,0.5332693135286238,0.6207502016728972,0.5751793411618172,0.6376129462301157,0.5957029185969233,0.44443188510165904,0.6945553019815851,0.5788401740397049,0.45946421321993564,0.755158490610941,0.4631250460978215,0.6908944691036997,0.47998779065504144
0.4267543720802801,0.39500074556846276,0.39500074556846276,0.33988880625593676,0.39317032912951955,0.42429730427328327,0.4997333748766855,0.2959588117212993,0.5456932319944944,0.43913018624732914,0.7038969346388,0.6044660041849069,0.5530148977502678,0.7661409892445996,0.3451905051102657,0.43199807095405673,0.6614083599363763,0.5583165966045963,0.6081268370627936,0.6542762446431035,0.5548453141892107,0.5402019826776647,0.6062964206238503,0.6152589523560668,0.7130490168335167,0.5511844813113241,0.7734626550003713,0.6170893687950092,0.4871100102665827,0.6559171106195464,0.4942421255598548,0.6650691928142628,0.7165202992489027,0.5050350737310139,0.7112186003945731,0.5493540648723806,0.665069192814263,0.7183507156878455,0.49607254199879813,0.6062964206238507,0.6577475270584894,0.6740317245464786,0.8196120625806823,0.49607254199879774,0.6632387763753196,0.604466004184907,0.5511844813113238,0.7734626550003721,0.4942421255598546,0.6026355877459635,0.5583165966045965,0.5991643053305783,0.7183507156878457,0.6062964206238505,0.6152589523560656,0.5385611167012222,0.6632387763753209,0.7698018221224863,0.5050350737310136,0.7075577675166871,0.6614083599363758,0.5583165966045968,0.5973338888916354,0.6595779434974325,0.720181132126789,0.5475236484334379,0.6081268370627936,0.7254828309811182,0.4372997698083857,0.6542762446431044,0.6577475270584899,0.5530148977502674,0.6044660041849065,0.4942421255598548,0.6632387763753198,0.6595779434974332,0.5032046572920702,0.7075577675166878,0.5583165966045961,0.597333888891635,0.6026355877459635,0.549354064872381,0.6577475270584894,0.5493540648723808,0.6632387763753202,0.6044660041849069,0.5601470130435403,0.7075577675166871,0.6081268370627931,0.6632387763753194,0.6614083599363763,0.5493540648723808,0.6152589523560652,0.6487849953262743,0.6062964206238509,0.6044660041849067,0.5601470130435392,0.7075577675166866,0.6170893687950096,0.597333888891635,0.6062964206238503,0.6026355877459639,0.6189197852339524,0.705727351077744,0.563807845921427,0.6451241624483884,0.558316596604597,0.6524458282041612,0.661408359936376,0.5511844813113246,0.7183507156878453,0.6044660041849063,0.561977429482483,0.6506154117652176,0.6081268370627936,0.6595779434974327,0.613428535917123,0.48527959382763936,0.716520299248902,0.6044660041849081,0.496072541998799,0.7698018221224849,0.49241170912091126,0.7201811321267892,0.501374240853128
0.5694186393021181,0.5281472694550682,0.5281472694550682,0.47746426055215974,0.5281472694550678,0.5913588677368279,0.6295132872608843,0.4774642605521593,0.6801962961637907,0.5788302783579762,0.8197167334936643,0.730879305066699,0.6801962961637918,0.882928331775425,0.48999284993101094,0.5663016889791243,0.7815623139696074,0.6927248855426428,0.7308793050666992,0.7690337245907554,0.6801962961637912,0.6801962961637912,0.7308793050666994,0.7434078944455523,0.8197167334936645,0.680196296163791,0.8829283317754234,0.743407894445551,0.6169846978820314,0.7815623139696072,0.6295132872608832,0.7815623139696074,0.8322453228725161,0.6420418766397352,0.8197167334936638,0.6801962961637907,0.7815623139696076,0.8322453228725156,0.629513287260883,0.7308793050666994,0.7815623139696065,0.7940909033484597,0.9210827512994805,0.6295132872608827,0.7815623139696076,0.7308793050666994,0.6801962961637907,0.8829283317754245,0.6295132872608825,0.7308793050666992,0.692724885542643,0.7183507156878478,0.8322453228725156,0.7308793050666994,0.7434078944455517,0.6676677067849391,0.7815623139696088,0.8829283317754253,0.6420418766397346,0.8197167334936649,0.781562313969607,0.6927248855426426,0.7183507156878487,0.7815623139696067,0.8322453228725161,0.680196296163791,0.7308793050666996,0.8447739122513677,0.5788302783579756,0.7690337245907563,0.7815623139696074,0.680196296163791,0.7308793050666985,0.6295132872608827,0.7815623139696081,0.7815623139696076,0.6420418766397343,0.8197167334936649,0.6927248855426419,0.718350715687848,0.7308793050666985,0.6801962961637914,0.781562313969607,0.680196296163791,0.7815623139696083,0.730879305066699,0.6927248855426434,0.819716733493664,0.730879305066699,0.7815623139696076,0.7815623139696076,0.6801962961637907,0.7434078944455508,0.769033724590756,0.7308793050666998,0.7308793050666987,0.6927248855426426,0.819716733493664,0.7434078944455519,0.7183507156878478,0.7308793050666994,0.7308793050666994,0.7434078944455514,0.819716733493664,0.6927248855426439,0.7690337245907567,0.692724885542643,0.7690337245907567,0.781562313969607,0.6801962961637914,0.8322453228725156,0.7308793050666983,0.6927248855426428,0.7690337245907565,0.7308793050666996,0.781562313969607,0.7434078944455514,0.6169846978820314,0.8322453228725154,0.7308793050667005,0.6295132872608836,0.8829283317754234,0.6295132872608827,0.8322453228725163,0.6420418766397352
0.44164925617424206,0.39673638677615636,0.39673638677615636,0.34104590039439914,0.396736386776156,0.46562878483724635,0.5081173595396712,0.3410459003943987,0.5638078459214265,0.45242687315791325,0.7176773933873651,0.6194983323031839,0.5638078459214276,0.7865697914484558,0.3542478120737318,0.4392249614785802,0.675188818684941,0.5770097576007598,0.6194983323031843,0.661986907005608,0.563807845921427,0.563807845921427,0.6194983323031841,0.6327002439825182,0.7176773933873654,0.5638078459214267,0.7865697914484548,0.6327002439825171,0.49491544786033664,0.6751888186849407,0.5081173595396696,0.6751888186849412,0.7308793050666983,0.5213192712190029,0.7176773933873651,0.5638078459214263,0.6751888186849412,0.7308793050666977,0.5081173595396696,0.6194983323031843,0.6751888186849405,0.6883907303642745,0.8290583661508796,0.5081173595396694,0.6751888186849412,0.6194983323031841,0.5638078459214265,0.7865697914484554,0.5081173595396692,0.6194983323031839,0.57700975760076,0.6062964206238513,0.7308793050666978,0.6194983323031843,0.6327002439825171,0.5506059342420936,0.6751888186849423,0.7865697914484561,0.5213192712190027,0.7176773933873655,0.6751888186849407,0.5770097576007598,0.6062964206238521,0.6751888186849405,0.7308793050666983,0.5638078459214272,0.6194983323031841,0.7440812167460311,0.4524268731579129,0.6619869070056086,0.6751888186849407,0.5638078459214267,0.6194983323031834,0.5081173595396694,0.6751888186849412,0.6751888186849412,0.5213192712190025,0.7176773933873657,0.5770097576007591,0.6062964206238515,0.6194983323031839,0.563807845921427,0.6751888186849407,0.5638078459214265,0.6751888186849416,0.6194983323031839,0.5770097576007607,0.7176773933873651,0.6194983323031839,0.6751888186849407,0.6751888186849414,0.5638078459214265,0.6327002439825165,0.6619869070056084,0.6194983323031847,0.6194983323031834,0.5770097576007596,0.7176773933873651,0.6327002439825176,0.6062964206238515,0.6194983323031841,0.6194983323031843,0.6327002439825171,0.7176773933873649,0.5770097576007613,0.6619869070056086,0.5770097576007605,0.6619869070056086,0.6751888186849407,0.5638078459214274,0.7308793050666978,0.6194983323031834,0.57700975760076,0.6619869070056086,0.6194983323031841,0.6751888186849407,0.6327002439825173,0.49491544786033664,0.7308793050666975,0.6194983323031852,0.5081173595396707,0.7865697914484548,0.5081173595396694,0.7308793050666983,0.5213192712190038
0.4583745567071472,0.3984720279838498,0.3984720279838498,0.34220299453286146,0.4003024444227927,0.5051298489622659,0.5165013442026554,0.3861329890674983,0.5819224598483581,0.4657235600684967,0.7332882685748723,0.63453066042146,0.5746007940925862,0.8069985936523113,0.36147470259825487,0.4482822684420463,0.6889692774335051,0.593872502157979,0.630869827543574,0.6715279858070543,0.5727703776536425,0.5874137091651882,0.6327002439825171,0.6483111191700254,0.7241361863801566,0.5764312105315285,0.7996769278965377,0.6464807027310812,0.5045513018930338,0.6944605267503343,0.5219925935194841,0.6853084445556188,0.7452383108844935,0.5357730522680482,0.7259666028190997,0.5782616269704717,0.685308444555619,0.7434078944455497,0.5201621770805407,0.6327002439825171,0.6926301103113912,0.7009193197431263,0.8403350861600188,0.5201621770805406,0.6871388609945621,0.6345306604214602,0.5764312105315285,0.7996769278965381,0.5219925935194837,0.6363610768604032,0.5938725021579793,0.6152589523560668,0.7434078944455499,0.6327002439825171,0.6483111191700242,0.5644811682219075,0.687138860994563,0.8033377607744251,0.5357730522680477,0.7296274356969865,0.6889692774335049,0.593872502157979,0.6170893687950108,0.6907996938724478,0.7415774780066072,0.5800920434094157,0.6308698275435736,0.7608491860720002,0.46755397650743963,0.6715279858070554,0.6926301103113913,0.5746007940925856,0.6345306604214596,0.5219925935194839,0.6871388609945621,0.6907996938724484,0.5376034687069909,0.7296274356969867,0.5938725021579785,0.6170893687950103,0.6363610768604032,0.5782616269704721,0.692630110311391,0.5782616269704719,0.6871388609945628,0.6345306604214602,0.5920420857190368,0.7296274356969861,0.6308698275435736,0.6871388609945618,0.6889692774335056,0.5782616269704719,0.6483111191700237,0.6770192351238845,0.6327002439825178,0.6345306604214594,0.5920420857190357,0.7296274356969861,0.6464807027310814,0.6170893687950101,0.6327002439825169,0.6363610768604034,0.644650286292138,0.7314578521359294,0.5883812528411507,0.6806800680017715,0.5938725021579797,0.6733584022459985,0.6889692774335049,0.5764312105315293,0.7434078944455497,0.6345306604214594,0.5902116692800928,0.6751888186849414,0.6308698275435736,0.6907996938724482,0.6501415356089681,0.5063817183319769,0.7452383108844927,0.6345306604214613,0.5201621770805411,0.803337760774424,0.523823009958427,0.7415774780066072,0.5394338851459349
0.3582936394189865,0.32929530422900916,0.32929530422900916,0.27167962617705804,0.3274648877900657,0.36600830392085254,0.4390354110160806,0.22774963164242026,0.487499006873314,0.3759284836473002,0.6483012234882942,0.548775517803151,0.49482067262908735,0.7179617190811167,0.28189402727898555,0.3638836661064294,0.6082216122940444,0.5050350737310146,0.5524363506810374,0.5961767947531729,0.49665108906803007,0.48200775755648434,0.5506059342420941,0.5644811682219095,0.6574533056830105,0.4929902561901436,0.725283384836888,0.5663115846608517,0.42149934415837936,0.6027303629772145,0.43354416169925025,0.6118824451719308,0.6658372903459956,0.449249812118008,0.655622889244067,0.49115983975120026,0.611882445171931,0.667667706784938,0.4353745781381936,0.5506059342420944,0.6045607794161574,0.6257576791517453,0.769023828909025,0.43537457813819336,0.6100520287329877,0.548775517803151,0.49299025619014336,0.7252833848368891,0.43354416169925003,0.5469451013642075,0.5050350737310146,0.5385611167012233,0.667667706784938,0.5506059342420941,0.5644811682219082,0.47545418933244316,0.6100520287329892,0.7216225519590039,0.4492498121180077,0.6519620563661813,0.6082216122940439,0.5050350737310146,0.5367307002622809,0.6063911958551004,0.6694981232238812,0.48932942331225754,0.5524363506810374,0.6797125243258095,0.3740980672083567,0.5961767947531741,0.604560779416158,0.49482067262908697,0.5487755178031504,0.43354416169925014,0.6100520287329881,0.6063911958551014,0.44741939567906425,0.6519620563661818,0.5050350737310141,0.5367307002622804,0.5469451013642075,0.49115983975120064,0.6045607794161574,0.4911598397512005,0.6100520287329888,0.5487755178031508,0.5068654901699584,0.6519620563661811,0.5524363506810369,0.6100520287329875,0.6082216122940446,0.4911598397512005,0.5644811682219075,0.5906855454363441,0.5506059342420948,0.5487755178031504,0.5068654901699574,0.651962056366181,0.5663115846608522,0.5367307002622804,0.5506059342420939,0.5469451013642079,0.5681420010997948,0.650131639927238,0.5105263230478452,0.5870247125584585,0.5050350737310151,0.594346378314231,0.6082216122940441,0.492990256190144,0.6676677067849378,0.5487755178031499,0.5086959066089014,0.5925159618752874,0.5524363506810374,0.606391195855101,0.5626507517829656,0.41966892771943626,0.6658372903459945,0.5487755178031524,0.4353745781381937,0.7216225519590022,0.43171374526030676,0.6694981232238822,0.44558897924012164
0.5064491559576509,0.46244182811561135,0.46244182811561124,0.409255080473279,0.46244182811561113,0.5275786180675645,0.568815323400277,0.4092550804732786,0.622002071042608,0.5156285757579437,0.7696122716599851,0.6751888186849407,0.6220020710426091,0.8347490616119393,0.4212051227828992,0.5036785334483228,0.7283755663272733,0.6339521133522288,0.675188818684941,0.7164255240176524,0.6220020710426082,0.6220020710426082,0.6751888186849407,0.6871388609945628,0.7696122716599856,0.6220020710426082,0.8347490616119381,0.6871388609945618,0.5568652810906549,0.7283755663272732,0.5688153234002756,0.7283755663272735,0.7815623139696063,0.5807653657098966,0.7696122716599851,0.6220020710426079,0.7283755663272737,0.781562313969606,0.5688153234002756,0.6751888186849412,0.7283755663272732,0.7403256086368946,0.8759857669446505,0.5688153234002754,0.7283755663272735,0.675188818684941,0.622002071042608,0.8347490616119391,0.5688153234002752,0.6751888186849405,0.6339521133522292,0.6632387763753205,0.781562313969606,0.675188818684941,0.6871388609945616,0.6100520287329873,0.7283755663272746,0.8347490616119397,0.5807653657098962,0.769612271659986,0.728375566327273,0.6339521133522288,0.6632387763753211,0.728375566327273,0.7815623139696061,0.6220020710426084,0.6751888186849407,0.7935123562792271,0.5156285757579435,0.7164255240176532,0.7283755663272735,0.6220020710426082,0.6751888186849402,0.5688153234002754,0.7283755663272737,0.7283755663272735,0.5807653657098962,0.769612271659986,0.6339521133522286,0.6632387763753205,0.6751888186849405,0.6220020710426084,0.728375566327273,0.622002071042608,0.7283755663272744,0.6751888186849407,0.6339521133522296,0.7696122716599856,0.6751888186849404,0.7283755663272733,0.7283755663272737,0.622002071042608,0.6871388609945611,0.716425524017653,0.6751888186849416,0.6751888186849404,0.6339521133522288,0.7696122716599854,0.6871388609945621,0.6632387763753207,0.6751888186849407,0.675188818684941,0.687138860994562,0.7696122716599856,0.6339521133522302,0.7164255240176535,0.6339521133522296,0.7164255240176532,0.7283755663272732,0.6220020710426086,0.781562313969606,0.6751888186849402,0.633952113352229,0.716425524017653,0.6751888186849407,0.7283755663272732,0.687138860994562,0.5568652810906549,0.7815623139696057,0.6751888186849421,0.5688153234002765,0.8347490616119385,0.5688153234002752,0.7815623139696065,0.5807653657098972
0.6287272897686986,0.593852710794524,0.593852710794524,0.5456734406310403,0.5938527107945237,0.6587999502839772,0.6902112511214917,0.5456734406310396,0.738390521284974,0.6420319809580083,0.8661603624494577,0.7865697914484578,0.738390521284975,0.931107601938911,0.5624414099570089,0.6252640116320385,0.8347490616119415,0.7551584906109438,0.7865697914484576,0.8179810922859725,0.7383905212849743,0.7383905212849747,0.786569791448458,0.8033377607744284,0.8661603624494573,0.7383905212849745,0.9311076019389092,0.803337760774427,0.6734432817955213,0.8347490616119421,0.6902112511214908,0.8347490616119415,0.8829283317754257,0.7069792204474603,0.8661603624494562,0.7383905212849742,0.8347490616119421,0.8829283317754255,0.6902112511214905,0.786569791448458,0.8347490616119402,0.8515170309379118,0.9625189027764248,0.6902112511214905,0.8347490616119421,0.786569791448458,0.7383905212849742,0.9311076019389103,0.6902112511214901,0.7865697914484584,0.7551584906109442,0.7698018221224886,0.8829283317754257,0.7865697914484578,0.8033377607744282,0.7216225519590052,0.8347490616119438,0.9311076019389112,0.7069792204474596,0.8661603624494579,0.8347490616119411,0.7551584906109435,0.7698018221224904,0.8347490616119411,0.8829283317754262,0.738390521284974,0.7865697914484586,0.8996963011013948,0.6420319809580074,0.8179810922859727,0.8347490616119415,0.7383905212849743,0.786569791448457,0.6902112511214903,0.8347490616119427,0.8347490616119418,0.706979220447459,0.8661603624494575,0.7551584906109422,0.7698018221224893,0.7865697914484567,0.7383905212849754,0.8347490616119413,0.7383905212849743,0.8347490616119425,0.7865697914484576,0.7551584906109445,0.8661603624494564,0.7865697914484576,0.8347490616119425,0.8347490616119418,0.738390521284974,0.8033377607744268,0.817981092285974,0.786569791448458,0.7865697914484576,0.7551584906109433,0.8661603624494568,0.8033377607744284,0.7698018221224893,0.7865697914484586,0.7865697914484582,0.803337760774427,0.8661603624494562,0.7551584906109442,0.8179810922859738,0.7551584906109438,0.8179810922859738,0.8347490616119408,0.7383905212849743,0.8829283317754255,0.7865697914484567,0.755158490610944,0.817981092285974,0.7865697914484588,0.8347490616119411,0.803337760774427,0.6734432817955217,0.8829283317754253,0.7865697914484595,0.6902112511214908,0.9311076019389088,0.6902112511214901,0.8829283317754266,0.7069792204474599
0.33243559001821565,0.2670611453049388,0.2670611453049388,0.20578463437510153,0.26889156174388185,0.37756934962374233,0.39510541648144293,0.24971462890973856,0.46553400960599484,0.33932015486843514,0.6330793449075174,0.5231496876579456,0.45821234385022264,0.7106400533253437,0.2238992483020331,0.3230359573804467,0.5825957821488396,0.47632695777715367,0.5194888547800596,0.5663115846608509,0.4563819274112789,0.4710252589228245,0.5213192712190025,0.5357730522680488,0.623927262712802,0.46004276028916535,0.7033183875695701,0.5339426358291046,0.3843124683102836,0.588087031465669,0.4005966657982718,0.5789349492709532,0.6438722930786767,0.4132200304083742,0.6257576791517449,0.4618731767281081,0.5789349492709532,0.6420418766397329,0.39876624935932886,0.5213192712190029,0.5862566150267257,0.5933887303199985,0.7501411174503619,0.39876624935932836,0.5807653657098966,0.5231496876579458,0.460042760289165,0.7033183875695705,0.4005966657982717,0.5249801040968886,0.4763269577771538,0.5050350737310144,0.6420418766397331,0.5213192712190027,0.5357730522680475,0.4492498121180065,0.5807653657098972,0.7069792204474573,0.41322003040837385,0.6294185120296315,0.5825957821488393,0.47632695777715367,0.5068654901699581,0.5844261985877824,0.6402114602007901,0.46370359316705223,0.5194888547800591,0.6583260741277217,0.34115057130737797,0.5663115846608517,0.5862566150267258,0.4582123438502221,0.5231496876579451,0.4005966657982718,0.5807653657098965,0.5844261985877827,0.4150504468473171,0.6294185120296317,0.4763269577771532,0.5068654901699576,0.5249801040968888,0.46187317672810846,0.5862566150267257,0.46187317672810835,0.580765365709897,0.5231496876579458,0.47449654133821095,0.6294185120296312,0.5194888547800589,0.580765365709896,0.58259578214884,0.46187317672810846,0.5357730522680472,0.571802833977681,0.5213192712190033,0.5231496876579451,0.47449654133820995,0.6294185120296312,0.5339426358291051,0.5068654901699576,0.5213192712190025,0.524980104096889,0.5321122193901615,0.6312489284685745,0.47083570846032496,0.5754636668555677,0.47632695777715417,0.5681420010997946,0.5825957821488393,0.46004276028916585,0.6420418766397331,0.5231496876579451,0.47266612489926735,0.5699724175387376,0.5194888547800591,0.5844261985877824,0.5376034687069915,0.38614288474922676,0.643872293078676,0.5231496876579467,0.39876624935932886,0.7069792204474564,0.40242708223721496,0.6402114602007901,0.4168808632862608
0.5508629223302693,0.5264116282473741,0.5264116282473741,0.47630716641369714,0.524581211808431,0.5536882200507507,0.621129302597899,0.43237717187905944,0.6620816822368589,0.565533591447392,0.8022754418672132,0.7158469769484224,0.6694033479926323,0.8624995295715684,0.4845963758454308,0.5554139655767142,0.7677818552210429,0.677692557424366,0.7195078098263094,0.7576622293503653,0.6712337644315753,0.6565904329200295,0.7176773933873659,0.7296274356969875,0.8114275240619295,0.6675729315536886,0.8698211953273403,0.7314578521359298,0.6055184274103907,0.762290605904213,0.6156380532810684,0.7714426880989294,0.8178863170547205,0.6294185120296326,0.809597107622986,0.6657425151147452,0.7714426880989296,0.8197167334936631,0.6174684697200115,0.7176773933873659,0.7641210223431562,0.7833927304085505,0.9079756148513969,0.6174684697200112,0.7696122716599865,0.7158469769484228,0.6675729315536884,0.8698211953273407,0.6156380532810679,0.7140165605094793,0.677692557424366,0.7075577675166885,0.8197167334936634,0.7176773933873661,0.729627435696987,0.6519620563661813,0.7696122716599875,0.8661603624494549,0.629418512029632,0.8059362747451001,0.7677818552210427,0.677692557424366,0.7057273510777461,0.7659514387820994,0.8215471499326069,0.6639120986758021,0.7195078098263097,0.8298363593643414,0.5637031750084485,0.7576622293503658,0.7641210223431566,0.6694033479926319,0.7158469769484221,0.6156380532810681,0.7696122716599865,0.7659514387821001,0.6275880955906888,0.8059362747451001,0.6776925574243653,0.7057273510777456,0.714016560509479,0.6657425151147457,0.7641210223431562,0.6657425151147452,0.7696122716599869,0.7158469769484226,0.67952297386331,0.8059362747450995,0.7195078098263089,0.7696122716599862,0.7677818552210435,0.6657425151147455,0.7296274356969863,0.7521709800335363,0.7176773933873661,0.7158469769484221,0.6795229738633091,0.8059362747450995,0.7314578521359305,0.7057273510777454,0.7176773933873661,0.7140165605094797,0.7332882685748732,0.8041058583061566,0.6831838067411967,0.7485101471556502,0.6776925574243664,0.755831812911423,0.7677818552210427,0.667572931553689,0.8197167334936634,0.7158469769484217,0.6813533903022527,0.7540013964724797,0.7195078098263094,0.7659514387820994,0.7277970192580437,0.6036880109714475,0.81788631705472,0.7158469769484237,0.6174684697200121,0.8661603624494536,0.6138076368421247,0.8215471499326069,0.6257576791517463
0.5046187395187086,0.46244182811561263,0.46244182811561263,0.40925508047327974,0.4624418281156123,0.5294090345065091,0.5688153234002779,0.4092550804732792,0.6220020710426093,0.5156285757579451,0.7677818552210437,0.6751888186849421,0.6220020710426102,0.8347490616119411,0.42303553922184317,0.5018481170093807,0.7283755663272744,0.6357825297911736,0.6751888186849421,0.7145951075787106,0.6220020710426097,0.6220020710426093,0.6751888186849423,0.6889692774335074,0.7677818552210439,0.6220020710426097,0.8347490616119395,0.6889692774335063,0.5550348646517128,0.7283755663272746,0.5688153234002767,0.7283755663272746,0.7815623139696078,0.582595782148841,0.7677818552210434,0.6220020710426093,0.7283755663272751,0.7815623139696072,0.5688153234002767,0.6751888186849423,0.728375566327274,0.7421560250758393,0.8741553505057087,0.5688153234002765,0.7283755663272751,0.6751888186849423,0.6220020710426093,0.8347490616119404,0.5688153234002763,0.6751888186849421,0.6357825297911738,0.6614083599363781,0.7815623139696074,0.6751888186849421,0.6889692774335068,0.6082216122940456,0.7283755663272765,0.8347490616119415,0.5825957821488406,0.7677818552210441,0.7283755663272744,0.6357825297911736,0.6614083599363795,0.728375566327274,0.7815623139696074,0.6220020710426095,0.6751888186849425,0.7953427727181714,0.5156285757579446,0.7145951075787111,0.7283755663272746,0.6220020710426095,0.6751888186849412,0.5688153234002765,0.7283755663272755,0.7283755663272751,0.5825957821488406,0.7677818552210444,0.6357825297911726,0.6614083599363784,0.6751888186849414,0.6220020710426102,0.7283755663272744,0.6220020710426095,0.7283755663272757,0.6751888186849418,0.6357825297911742,0.7677818552210435,0.6751888186849418,0.7283755663272751,0.7283755663272751,0.6220020710426093,0.688969277433506,0.7145951075787114,0.6751888186849425,0.6751888186849418,0.6357825297911732,0.7677818552210437,0.6889692774335072,0.6614083599363784,0.6751888186849423,0.6751888186849423,0.6889692774335063,0.7677818552210435,0.6357825297911744,0.7145951075787118,0.635782529791174,0.7145951075787118,0.7283755663272744,0.6220020710426097,0.7815623139696072,0.6751888186849412,0.6357825297911736,0.7145951075787116,0.6751888186849427,0.7283755663272744,0.6889692774335063,0.5550348646517128,0.781562313969607,0.6751888186849435,0.5688153234002772,0.8347490616119395,0.5688153234002763,0.7815623139696081,0.5825957821488412
0.3935746569237379,0.3327665866443939,0.3327665866443939,0.2739938144539812,0.33459700308333695,0.44318001573194665,0.45580338034204915,0.3179238089886181,0.5237282347271764,0.4025218574684656,0.6813533903022516,0.5788401740397029,0.5164065689714046,0.7588193234888276,0.2945173918890869,0.38382869647230305,0.6357825297911721,0.5369301464065093,0.5751793411618167,0.6170893687950092,0.5145761525324606,0.5292194840440063,0.57700975760076,0.5938725021579806,0.6722013081075359,0.5182369854103468,0.7514976577330535,0.5920420857190362,0.44260146866271505,0.6412737791080013,0.4612946296588776,0.6321216969132858,0.6945553019815853,0.47632695777715417,0.6740317245464791,0.5200674018492898,0.632121696913286,0.6927248855426413,0.45946421321993436,0.57700975760076,0.6394433626690584,0.6489844414705056,0.7934076853662471,0.45946421321993414,0.6339521133522292,0.5788401740397031,0.5182369854103468,0.7514976577330544,0.4612946296588773,0.5806705904786457,0.5369301464065097,0.5583165966045975,0.6927248855426414,0.57700975760076,0.5938725021579788,0.5050350737310139,0.6339521133522302,0.7551584906109414,0.47632695777715367,0.6776925574243657,0.6357825297911714,0.5369301464065093,0.5601470130435411,0.6376129462301146,0.6908944691036986,0.521897818288234,0.5751793411618165,0.7114180465388044,0.4043522739074085,0.6170893687950105,0.6394433626690585,0.5164065689714037,0.5788401740397023,0.4612946296588775,0.6339521133522292,0.6376129462301154,0.478157374216097,0.6776925574243662,0.536930146406509,0.560147013043541,0.5806705904786461,0.5200674018492902,0.639443362669058,0.5200674018492898,0.63395211335223,0.5788401740397031,0.5350997299675672,0.6776925574243655,0.575179341161816,0.6339521133522286,0.6357825297911726,0.52006740184929,0.5938725021579783,0.6225806181118391,0.5770097576007607,0.5788401740397023,0.5350997299675662,0.6776925574243651,0.5920420857190366,0.5601470130435408,0.5770097576007596,0.5806705904786464,0.590211669280093,0.679522973863309,0.5314388970896814,0.6262414509897262,0.5369301464065102,0.6189197852339532,0.6357825297911721,0.5182369854103477,0.6927248855426414,0.5788401740397021,0.5332693135286232,0.6207502016728962,0.5751793411618162,0.6376129462301154,0.5957029185969233,0.444431885101658,0.6945553019815844,0.5788401740397044,0.4594642132199352,0.7551584906109401,0.4631250460978205,0.690894469103699,0.4799877906550411
0.42492395564133856,0.39500074556846426,0.39500074556846426,0.3398888062559379,0.39317032912952105,0.4261277207122279,0.499733374876687,0.2959588117213,0.5456932319944963,0.43913018624733097,0.7020665181998585,0.6044660041849084,0.5530148977502695,0.7661409892446011,0.34702092154921016,0.4301676545151154,0.6614083599363776,0.5601470130435415,0.608126837062795,0.6524458282041619,0.5548453141892123,0.5402019826776668,0.6062964206238517,0.6170893687950112,0.7112186003945749,0.5511844813113259,0.7734626550003728,0.6189197852339536,0.4852795938276413,0.6559171106195479,0.49424212555985675,0.665069192814264,0.716520299248904,0.5068654901699591,0.7093881839556313,0.5493540648723826,0.6650691928142642,0.7183507156878467,0.4960725419988001,0.6062964206238517,0.6577475270584906,0.6758621409854231,0.8177816461417404,0.49607254199879963,0.6632387763753211,0.6044660041849084,0.5511844813113257,0.7734626550003736,0.4942421255598565,0.6026355877459655,0.5601470130435418,0.5973338888916365,0.7183507156878467,0.6062964206238517,0.6170893687950108,0.5367307002622809,0.6632387763753219,0.7698018221224877,0.5068654901699586,0.7057273510777456,0.6614083599363774,0.5601470130435415,0.595503472452694,0.6595779434974338,0.7201811321267902,0.5475236484334396,0.6081268370627952,0.7273132474200626,0.4372997698083876,0.6524458282041623,0.6577475270584913,0.553014897750269,0.6044660041849081,0.49424212555985675,0.6632387763753211,0.6595779434974346,0.5050350737310155,0.7057273510777459,0.560147013043541,0.5955034724526933,0.602635587745965,0.5493540648723831,0.6577475270584908,0.5493540648723826,0.6632387763753216,0.6044660041849084,0.5619774294824851,0.7057273510777448,0.6081268370627949,0.6632387763753209,0.6614083599363779,0.5493540648723828,0.6170893687950101,0.6469545788873329,0.6062964206238521,0.6044660041849081,0.5619774294824845,0.7057273510777452,0.6189197852339541,0.5955034724526933,0.6062964206238519,0.6026355877459655,0.6207502016728972,0.7038969346388017,0.5656382623603716,0.643293746009447,0.5601470130435418,0.6506154117652194,0.6614083599363774,0.5511844813113261,0.7183507156878465,0.6044660041849081,0.5638078459214281,0.6487849953262762,0.6081268370627952,0.6595779434974341,0.6152589523560674,0.48344917738869814,0.7165202992489034,0.6044660041849095,0.4960725419988001,0.7698018221224863,0.49241170912091314,0.7201811321267905,0.5032046572920726
0.5027883230797655,0.4624418281156125,0.46244182811561263,0.40925508047327963,0.4624418281156123,0.5312394509454519,0.5688153234002776,0.4092550804732792,0.6220020710426084,0.5156285757579451,0.7659514387820999,0.6751888186849416,0.6220020710426097,0.8347490616119406,0.42486595566078655,0.5000177005704376,0.7283755663272742,0.6376129462301157,0.6751888186849416,0.7127646911397666,0.6220020710426086,0.6220020710426089,0.6751888186849421,0.6907996938724508,0.7659514387821001,0.6220020710426086,0.8347490616119391,0.6907996938724491,0.553204448212769,0.7283755663272735,0.5688153234002763,0.7283755663272742,0.7815623139696076,0.5844261985877838,0.7659514387820997,0.6220020710426084,0.7283755663272746,0.781562313969607,0.5688153234002763,0.6751888186849418,0.7283755663272735,0.7439864415147819,0.872324934066765,0.5688153234002761,0.7283755663272746,0.6751888186849421,0.6220020710426086,0.8347490616119404,0.5688153234002761,0.6751888186849412,0.6376129462301161,0.6595779434974348,0.781562313969607,0.6751888186849416,0.6907996938724493,0.6063911958551014,0.7283755663272762,0.8347490616119413,0.5844261985877831,0.7659514387821008,0.7283755663272735,0.6376129462301157,0.6595779434974355,0.7283755663272733,0.7815623139696072,0.6220020710426091,0.6751888186849416,0.7971731891571147,0.5156285757579446,0.712764691139768,0.728375566327274,0.6220020710426086,0.6751888186849404,0.5688153234002761,0.7283755663272751,0.7283755663272746,0.5844261985877831,0.765951438782101,0.637612946230115,0.6595779434974348,0.6751888186849412,0.6220020710426093,0.7283755663272733,0.6220020710426086,0.7283755663272755,0.6751888186849416,0.637612946230117,0.7659514387821001,0.675188818684941,0.7283755663272742,0.7283755663272746,0.6220020710426086,0.6907996938724484,0.7127646911397669,0.6751888186849423,0.6751888186849407,0.6376129462301157,0.7659514387820999,0.6907996938724498,0.6595779434974348,0.6751888186849416,0.6751888186849421,0.6907996938724493,0.7659514387821004,0.6376129462301175,0.712764691139768,0.6376129462301168,0.712764691139768,0.728375566327274,0.6220020710426093,0.7815623139696067,0.6751888186849404,0.6376129462301159,0.7127646911397676,0.6751888186849416,0.728375566327274,0.6907996938724498,0.5532044482127693,0.7815623139696067,0.6751888186849434,0.5688153234002772,0.8347490616119395,0.5688153234002761,0.7815623139696081,0.5844261985877844
0.5712490557410608,0.5281472694550676,0.5281472694550674,0.4774642605521593,0.5281472694550674,0.5895284512978842,0.6295132872608843,0.47746426055215907,0.6801962961637907,0.5788302783579758,0.8215471499326074,0.7308793050666992,0.6801962961637918,0.882928331775425,0.4881624334920674,0.5681321054180671,0.7815623139696074,0.6908944691036994,0.7308793050666992,0.7708641410296985,0.680196296163791,0.680196296163791,0.7308793050666994,0.7415774780066096,0.8215471499326076,0.6801962961637907,0.8829283317754234,0.7415774780066079,0.618815114320974,0.781562313969607,0.629513287260883,0.7815623139696074,0.8322453228725161,0.6402114602007919,0.8215471499326069,0.6801962961637907,0.7815623139696076,0.8322453228725156,0.6295132872608827,0.7308793050666994,0.7815623139696065,0.7922604869095166,0.9229131677384236,0.6295132872608827,0.7815623139696078,0.7308793050666994,0.6801962961637907,0.8829283317754243,0.6295132872608825,0.730879305066699,0.6908944691036997,0.7201811321267907,0.8322453228725156,0.7308793050666992,0.7415774780066084,0.669498123223882,0.7815623139696091,0.882928331775425,0.6402114602007912,0.821547149932608,0.781562313969607,0.690894469103699,0.720181132126792,0.7815623139696065,0.8322453228725161,0.680196296163791,0.7308793050666994,0.8429434958124246,0.5788302783579752,0.7708641410296996,0.7815623139696072,0.680196296163791,0.7308793050666983,0.6295132872608825,0.7815623139696081,0.7815623139696078,0.6402114602007908,0.8215471499326082,0.6908944691036983,0.7201811321267914,0.7308793050666987,0.6801962961637914,0.7815623139696067,0.6801962961637907,0.7815623139696085,0.7308793050666992,0.6908944691037004,0.8215471499326071,0.7308793050666987,0.7815623139696076,0.7815623139696081,0.6801962961637907,0.7415774780066072,0.7708641410296991,0.7308793050666998,0.7308793050666985,0.6908944691036992,0.8215471499326074,0.7415774780066084,0.7201811321267911,0.7308793050666994,0.7308793050666998,0.7415774780066081,0.8215471499326074,0.6908944691037009,0.7708641410296998,0.6908944691037001,0.7708641410296998,0.7815623139696072,0.6801962961637914,0.8322453228725154,0.7308793050666981,0.6908944691036997,0.7708641410296996,0.7308793050666992,0.7815623139696072,0.7415774780066084,0.6188151143209745,0.8322453228725152,0.7308793050667007,0.6295132872608836,0.8829283317754234,0.6295132872608823,0.8322453228725163,0.640211460200792
0.37501893995189095,0.3310309454367022,0.3310309454367021,0.27283672031552,0.33103094543670186,0.40550936804587173,0.44741939567906497,0.2728367203155197,0.5056136208002453,0.38922517055788314,0.6639120986758013,0.563807845921427,0.505613620800246,0.7383905212849724,0.28912091780350824,0.3729409730698951,0.6220020710426082,0.521897818288234,0.563807845921427,0.6057178735546196,0.5056136208002453,0.5056136208002453,0.563807845921427,0.5800920434094167,0.6639120986758017,0.5056136208002457,0.7383905212849712,0.5800920434094157,0.43113519819107604,0.622002071042608,0.44741939567906425,0.6220020710426082,0.6801962961637903,0.4637035931670528,0.663912098675801,0.5056136208002451,0.6220020710426086,0.6801962961637895,0.44741939567906425,0.5638078459214272,0.6220020710426076,0.6382862685305973,0.7803005489181648,0.447419395679064,0.6220020710426084,0.563807845921427,0.5056136208002451,0.738390521284972,0.447419395679064,0.5638078459214267,0.5218978182882342,0.5475236484334388,0.6801962961637896,0.563807845921427,0.5800920434094157,0.4893294233122573,0.6220020710426102,0.7383905212849731,0.46370359316705256,0.6639120986758021,0.6220020710426074,0.5218978182882342,0.5475236484334396,0.6220020710426074,0.6801962961637898,0.5056136208002457,0.563807845921427,0.6964804936517783,0.3892251705578829,0.6057178735546205,0.6220020710426082,0.5056136208002453,0.563807845921426,0.44741939567906414,0.6220020710426089,0.6220020710426082,0.46370359316705245,0.6639120986758025,0.5218978182882331,0.547523648433439,0.5638078459214265,0.505613620800246,0.6220020710426074,0.5056136208002455,0.6220020710426093,0.5638078459214267,0.5218978182882346,0.6639120986758019,0.5638078459214263,0.6220020710426082,0.6220020710426082,0.5056136208002453,0.5800920434094146,0.6057178735546203,0.5638078459214276,0.5638078459214265,0.5218978182882336,0.6639120986758017,0.5800920434094162,0.547523648433439,0.563807845921427,0.563807845921427,0.5800920434094154,0.6639120986758017,0.5218978182882346,0.6057178735546205,0.5218978182882343,0.6057178735546208,0.6220020710426079,0.5056136208002457,0.6801962961637896,0.563807845921426,0.521897818288234,0.6057178735546203,0.5638078459214274,0.6220020710426079,0.5800920434094157,0.43113519819107593,0.6801962961637895,0.5638078459214283,0.4474193956790646,0.7383905212849713,0.447419395679064,0.6801962961637907,0.4637035931670529
0.44347967261318527,0.39673638677615636,0.39673638677615636,0.34104590039439925,0.39673638677615614,0.463798368398303,0.508117359539671,0.3410459003943987,0.5638078459214261,0.45242687315791336,0.7195078098263078,0.6194983323031836,0.5638078459214276,0.7865697914484561,0.3524173956347887,0.4410553779175236,0.6751888186849405,0.5751793411618162,0.6194983323031836,0.6638173234445502,0.5638078459214265,0.5638078459214265,0.6194983323031839,0.630869827543575,0.7195078098263085,0.5638078459214265,0.7865697914484546,0.6308698275435738,0.49674586429927997,0.6751888186849402,0.5081173595396699,0.6751888186849407,0.7308793050666985,0.5194888547800598,0.719507809826308,0.5638078459214261,0.675188818684941,0.7308793050666977,0.5081173595396696,0.6194983323031839,0.6751888186849402,0.6865603139253309,0.8308887825898222,0.5081173595396696,0.675188818684941,0.6194983323031839,0.5638078459214263,0.7865697914484556,0.5081173595396692,0.6194983323031833,0.5751793411618165,0.6081268370627942,0.7308793050666978,0.6194983323031839,0.6308698275435736,0.5524363506810367,0.6751888186849423,0.7865697914484565,0.5194888547800594,0.7195078098263087,0.67518881868494,0.5751793411618162,0.6081268370627949,0.6751888186849397,0.7308793050666978,0.563807845921427,0.6194983323031834,0.7422508003070885,0.4524268731579129,0.663817323444552,0.6751888186849405,0.5638078459214265,0.6194983323031829,0.5081173595396696,0.6751888186849412,0.675188818684941,0.5194888547800591,0.7195078098263094,0.5751793411618156,0.6081268370627945,0.6194983323031834,0.563807845921427,0.6751888186849397,0.5638078459214265,0.6751888186849421,0.6194983323031836,0.5751793411618172,0.7195078098263087,0.6194983323031831,0.6751888186849405,0.6751888186849407,0.5638078459214263,0.6308698275435729,0.6638173234445509,0.6194983323031847,0.6194983323031833,0.575179341161816,0.7195078098263082,0.6308698275435745,0.6081268370627942,0.6194983323031834,0.6194983323031839,0.6308698275435738,0.7195078098263087,0.5751793411618179,0.6638173234445518,0.5751793411618171,0.6638173234445518,0.6751888186849405,0.5638078459214274,0.7308793050666978,0.6194983323031826,0.5751793411618162,0.6638173234445511,0.6194983323031834,0.6751888186849405,0.6308698275435745,0.49674586429927997,0.7308793050666977,0.6194983323031854,0.5081173595396707,0.786569791448455,0.5081173595396694,0.730879305066699,0.5194888547800603
0.5843135233960796,0.529882910662761,0.529882910662761,0.47862135469062167,0.5317133271017037,0.6326903483007902,0.6378972719238688,0.5225513492252588,0.6983109100907225,0.5921269652685593,0.833497192242229,0.7459116331849753,0.6909892443349506,0.9033571339792807,0.4990501568944765,0.5735285795036469,0.7953427727181714,0.7114180465388057,0.742250800307089,0.7767443869532592,0.689158827896007,0.7038021594075528,0.7440812167460324,0.7608491860720029,0.8243451100475127,0.6928196607738933,0.8960354682235068,0.7590187696330585,0.6247901354757849,0.8008340220350013,0.6433885212406976,0.7916819398402855,0.8466043286903112,0.6583260741277236,0.8261755264864551,0.694650077212836,0.7916819398402857,0.8447739122513674,0.641558104801754,0.7440812167460327,0.7990036055960571,0.808449909166255,0.9305290548696773,0.6415581048017538,0.7935123562792288,0.7459116331849758,0.6928196607738931,0.8960354682235074,0.6433885212406968,0.7477420496239193,0.711418046538806,0.7254828309811201,0.8447739122513679,0.7440812167460324,0.7608491860720022,0.6797125243258104,0.7935123562792301,0.8996963011013945,0.658326074127723,0.8298363593643429,0.7953427727181714,0.7114180465388057,0.7273132474200645,0.7971731891571144,0.8429434958124249,0.6964804936517794,0.7422508003070897,0.8633722980162801,0.5939573817075021,0.7767443869532596,0.7990036055960578,0.69098924433495,0.7459116331849751,0.6433885212406971,0.793512356279229,0.7971731891571151,0.6601564905666659,0.8298363593643427,0.7114180465388048,0.7273132474200636,0.7477420496239182,0.6946500772128369,0.7990036055960578,0.6946500772128362,0.7935123562792292,0.7459116331849753,0.7095876300998629,0.8298363593643416,0.742250800307089,0.7935123562792288,0.7953427727181719,0.6946500772128362,0.7608491860720014,0.7822356362700899,0.7440812167460327,0.7459116331849753,0.7095876300998623,0.8298363593643421,0.7590187696330593,0.7273132474200636,0.7440812167460329,0.7477420496239189,0.7571883531941153,0.831666775803285,0.7059267972219766,0.7858964691479764,0.7114180465388058,0.7785748033922034,0.7953427727181713,0.6928196607738936,0.8447739122513674,0.7459116331849749,0.7077572136609196,0.7804052198311467,0.7422508003070899,0.7971731891571144,0.7626796025109447,0.6266205519147282,0.8466043286903105,0.7459116331849769,0.6415581048017542,0.8996963011013928,0.6452189376796401,0.8429434958124249,0.6619869070056101
0.24907997326295764,0.19962006275778973,0.19962006275778982,0.13641836015775932,0.19962006275778973,0.277948868707347,0.3260234679578515,0.1364183601577592,0.38922517055788086,0.26282176535781987,0.5637031750084452,0.45242687315791175,0.3892251705578818,0.6420319809580027,0.15154546350728576,0.24769466200829346,0.5156285757579419,0.40435227390740713,0.45242687315791186,0.5005014724084151,0.389225170557881,0.38922517055788064,0.4524268731579114,0.46755397650743885,0.5637031750084459,0.389225170557881,0.6420319809580021,0.46755397650743824,0.31089636460832404,0.5156285757579416,0.3260234679578502,0.5156285757579423,0.5788302783579726,0.3411505713073769,0.5637031750084457,0.38922517055788064,0.5156285757579419,0.5788302783579717,0.3260234679578504,0.45242687315791186,0.5156285757579419,0.5307556791074686,0.6901065802085066,0.3260234679578502,0.5156285757579419,0.4524268731579115,0.38922517055788086,0.6420319809580025,0.3260234679578502,0.4524268731579112,0.40435227390740736,0.4372997698083857,0.5788302783579722,0.45242687315791186,0.46755397650743735,0.3740980672083545,0.5156285757579429,0.6420319809580032,0.3411505713073769,0.5637031750084459,0.5156285757579416,0.40435227390740736,0.437299769808386,0.5156285757579416,0.5788302783579724,0.3892251705578818,0.4524268731579112,0.5939573817074987,0.26282176535781987,0.5005014724084159,0.5156285757579419,0.38922517055788086,0.4524268731579112,0.3260234679578503,0.5156285757579419,0.5156285757579419,0.3411505713073768,0.5637031750084464,0.40435227390740713,0.4372997698083855,0.45242687315791175,0.38922517055788086,0.5156285757579416,0.38922517055788086,0.5156285757579426,0.45242687315791175,0.40435227390740813,0.5637031750084459,0.4524268731579112,0.5156285757579414,0.5156285757579423,0.3892251705578811,0.46755397650743735,0.5005014724084156,0.45242687315791247,0.45242687315791097,0.404352273907407,0.5637031750084455,0.46755397650743846,0.4372997698083855,0.4524268731579112,0.4524268731579115,0.46755397650743813,0.5637031750084459,0.4043522739074091,0.5005014724084158,0.40435227390740813,0.5005014724084158,0.5156285757579419,0.3892251705578818,0.5788302783579717,0.45242687315791097,0.40435227390740724,0.5005014724084154,0.4524268731579113,0.5156285757579419,0.4675539765074387,0.3108963646083239,0.5788302783579717,0.4524268731579128,0.32602346795785125,0.6420319809580023,0.3260234679578502,0.5788302783579722,0.34115057130737775
0.48972385542474617,0.4607061869079184,0.4607061869079184,0.408097986334817,0.4588757704689751,0.4880775539425455,0.5604313387372923,0.36416799180017956,0.6038874571156765,0.5023318888473604,0.7540013964724781,0.6601564905666646,0.6112091228714502,0.8143202594080841,0.41397823225837654,0.494621226484857,0.7145951075787095,0.6170893687950094,0.6638173234445511,0.7068844452162059,0.6130395393103928,0.5983962077988468,0.661986907005608,0.6715279858070557,0.7631534786671947,0.6093787064325062,0.8216419251638558,0.6733584022459979,0.5472294270579583,0.7091038582618796,0.5549400894204615,0.7182559404565959,0.7672033081518118,0.5663115846608515,0.7613230622282511,0.6075482899935627,0.7182559404565964,0.7690337245907543,0.5567705058594046,0.6619869070056082,0.7109342747008227,0.7277970192580431,0.8647090469355114,0.5567705058594044,0.716425524017653,0.660156490566665,0.609378706432506,0.8216419251638566,0.5549400894204612,0.6583260741277213,0.6170893687950096,0.6542762446431051,0.7690337245907545,0.6619869070056082,0.6715279858070548,0.5961767947531733,0.7164255240176544,0.817981092285971,0.5663115846608511,0.7576622293503653,0.714595107578709,0.6170893687950096,0.6524458282041623,0.7127646911397657,0.7708641410296979,0.60571787355462,0.6638173234445514,0.7767443869532583,0.500501472408417,0.706884445216207,0.7109342747008232,0.6112091228714495,0.660156490566664,0.5549400894204612,0.7164255240176535,0.7127646911397667,0.5644811682219077,0.7576622293503658,0.617089368795009,0.6524458282041619,0.658326074127721,0.6075482899935634,0.7109342747008226,0.6075482899935629,0.7164255240176537,0.6601564905666646,0.6189197852339536,0.7576622293503649,0.6638173234445507,0.7164255240176528,0.7145951075787097,0.6075482899935629,0.6715279858070541,0.7013931958993769,0.6619869070056088,0.6601564905666643,0.6189197852339526,0.7576622293503646,0.6733584022459985,0.6524458282041619,0.661986907005608,0.6583260741277217,0.6751888186849412,0.7558318129114219,0.6225806181118404,0.697732363021491,0.6170893687950101,0.7050540287772638,0.7145951075787093,0.6093787064325069,0.7690337245907543,0.6601564905666638,0.6207502016728962,0.7032236123383202,0.6638173234445514,0.7127646911397661,0.6696975693681118,0.545399010619015,0.7672033081518109,0.6601564905666661,0.5567705058594055,0.8179810922859695,0.5531096729815179,0.7708641410296985,0.5626507517829654
0.5009579066408224,0.46244182811561263,0.46244182811561263,0.40925508047327996,0.4624418281156123,0.5330698673843957,0.5688153234002781,0.4092550804732792,0.6220020710426091,0.5156285757579451,0.7641210223431575,0.6751888186849423,0.6220020710426102,0.8347490616119411,0.4266963720997299,0.49818728413149443,0.7283755663272746,0.6394433626690601,0.6751888186849421,0.7109342747008243,0.6220020710426095,0.6220020710426095,0.6751888186849423,0.6926301103113941,0.7641210223431577,0.6220020710426097,0.83474906161194,0.6926301103113929,0.5513740317738264,0.7283755663272748,0.568815323400277,0.7283755663272746,0.7815623139696076,0.5862566150267278,0.7641210223431568,0.6220020710426093,0.7283755663272751,0.7815623139696072,0.5688153234002767,0.6751888186849423,0.728375566327274,0.7458168579537259,0.8704945176278226,0.5688153234002767,0.7283755663272751,0.6751888186849423,0.6220020710426093,0.8347490616119406,0.5688153234002763,0.6751888186849423,0.6394433626690601,0.6577475270584919,0.7815623139696074,0.6751888186849421,0.6926301103113935,0.6045607794161594,0.7283755663272765,0.8347490616119413,0.5862566150267273,0.7641210223431582,0.7283755663272742,0.6394433626690601,0.6577475270584932,0.7283755663272742,0.7815623139696076,0.6220020710426093,0.6751888186849425,0.7990036055960578,0.5156285757579446,0.7109342747008249,0.7283755663272746,0.6220020710426095,0.6751888186849412,0.5688153234002767,0.7283755663272755,0.7283755663272751,0.5862566150267267,0.7641210223431582,0.6394433626690585,0.6577475270584924,0.6751888186849416,0.6220020710426102,0.7283755663272742,0.6220020710426097,0.7283755663272757,0.6751888186849421,0.639443362669061,0.764121022343157,0.6751888186849416,0.7283755663272751,0.7283755663272751,0.6220020710426091,0.6926301103113922,0.7109342747008252,0.6751888186849427,0.6751888186849418,0.6394433626690594,0.7641210223431573,0.6926301103113938,0.6577475270584924,0.6751888186849427,0.6751888186849427,0.6926301103113927,0.7641210223431573,0.639443362669061,0.7109342747008254,0.6394433626690603,0.7109342747008254,0.7283755663272744,0.6220020710426097,0.7815623139696074,0.6751888186849412,0.6394433626690601,0.7109342747008254,0.675188818684943,0.7283755663272744,0.6926301103113929,0.5513740317738266,0.7815623139696072,0.6751888186849437,0.5688153234002776,0.8347490616119397,0.5688153234002765,0.7815623139696081,0.586256615026728
0.3805101892687194,0.33103094543670114,0.33103094543670114,0.27283672031551925,0.3310309454367009,0.400018118729041,0.44741939567906425,0.2728367203155188,0.5056136208002444,0.38922517055788214,0.6694033479926302,0.5638078459214261,0.5056136208002451,0.7383905212849715,0.2836296684866779,0.37843222238672347,0.6220020710426079,0.5164065689714032,0.5638078459214261,0.6112091228714486,0.5056136208002444,0.5056136208002444,0.5638078459214261,0.574600794092586,0.6694033479926309,0.5056136208002444,0.7383905212849705,0.5746007940925854,0.43662644750790436,0.6220020710426074,0.4474193956790631,0.6220020710426079,0.6801962961637898,0.4582123438502221,0.6694033479926305,0.5056136208002443,0.622002071042608,0.6801962961637891,0.4474193956790631,0.5638078459214265,0.6220020710426074,0.632795019213767,0.7857917982349936,0.44741939567906286,0.622002071042608,0.5638078459214261,0.5056136208002443,0.7383905212849713,0.44741939567906275,0.563807845921426,0.5164065689714035,0.5530148977502678,0.6801962961637893,0.5638078459214263,0.5746007940925849,0.4948206726290857,0.6220020710426093,0.7383905212849717,0.45821234385022175,0.6694033479926309,0.6220020710426074,0.5164065689714035,0.5530148977502681,0.6220020710426072,0.6801962961637896,0.5056136208002449,0.5638078459214261,0.6909892443349485,0.3892251705578819,0.6112091228714495,0.6220020710426079,0.5056136208002444,0.5638078459214257,0.44741939567906286,0.6220020710426082,0.6220020710426079,0.45821234385022164,0.6694033479926313,0.5164065689714028,0.5530148977502678,0.5638078459214261,0.5056136208002446,0.6220020710426072,0.5056136208002444,0.6220020710426086,0.5638078459214261,0.5164065689714041,0.6694033479926309,0.563807845921426,0.6220020710426076,0.6220020710426079,0.5056136208002444,0.5746007940925847,0.611209122871449,0.563807845921427,0.563807845921426,0.516406568971403,0.6694033479926305,0.5746007940925858,0.5530148977502678,0.5638078459214261,0.5638078459214263,0.5746007940925854,0.6694033479926309,0.5164065689714044,0.6112091228714495,0.5164065689714039,0.6112091228714495,0.6220020710426074,0.5056136208002453,0.6801962961637891,0.5638078459214255,0.5164065689714035,0.6112091228714492,0.5638078459214261,0.6220020710426076,0.5746007940925854,0.43662644750790436,0.6801962961637891,0.5638078459214272,0.447419395679064,0.7383905212849705,0.44741939567906286,0.6801962961637898,0.45821234385022275
0.43981883973529967,0.39673638677615686,0.39673638677615686,0.34104590039439964,0.3967363867761566,0.46745920127619006,0.5081173595396716,0.34104590039439914,0.5638078459214274,0.45242687315791386,0.715846976948423,0.6194983323031843,0.5638078459214281,0.7865697914484567,0.3560782285126756,0.43739454503963743,0.6751888186849416,0.5788401740397036,0.6194983323031845,0.6601564905666653,0.5638078459214276,0.5638078459214276,0.6194983323031845,0.6345306604214616,0.7158469769484233,0.5638078459214276,0.7865697914484556,0.6345306604214609,0.49308503142139437,0.6751888186849414,0.5081173595396707,0.6751888186849418,0.7308793050666992,0.5231496876579471,0.7158469769484228,0.5638078459214274,0.6751888186849421,0.7308793050666987,0.5081173595396705,0.6194983323031847,0.6751888186849412,0.6902211468032184,0.827227949711937,0.5081173595396703,0.6751888186849421,0.6194983323031845,0.5638078459214274,0.7865697914484563,0.5081173595396703,0.6194983323031845,0.578840174039704,0.6044660041849086,0.730879305066699,0.6194983323031847,0.6345306604214611,0.5487755178031515,0.6751888186849432,0.7865697914484567,0.5231496876579467,0.7158469769484235,0.6751888186849414,0.5788401740397036,0.6044660041849093,0.6751888186849412,0.7308793050666994,0.5638078459214276,0.6194983323031847,0.7459116331849753,0.45242687315791347,0.6601564905666659,0.6751888186849416,0.5638078459214276,0.6194983323031843,0.5081173595396703,0.6751888186849421,0.6751888186849421,0.5231496876579464,0.7158469769484237,0.5788401740397031,0.6044660041849088,0.6194983323031843,0.5638078459214279,0.6751888186849414,0.5638078459214274,0.6751888186849425,0.6194983323031845,0.5788401740397042,0.7158469769484228,0.6194983323031843,0.6751888186849416,0.6751888186849421,0.5638078459214276,0.6345306604214604,0.6601564905666657,0.619498332303185,0.6194983323031841,0.5788401740397036,0.7158469769484228,0.6345306604214616,0.6044660041849086,0.6194983323031847,0.6194983323031847,0.6345306604214611,0.7158469769484228,0.5788401740397044,0.6601564905666666,0.578840174039704,0.6601564905666661,0.6751888186849412,0.5638078459214281,0.7308793050666987,0.6194983323031839,0.5788401740397038,0.6601564905666661,0.6194983323031847,0.6751888186849414,0.6345306604214609,0.49308503142139437,0.7308793050666987,0.6194983323031854,0.508117359539671,0.7865697914484554,0.5081173595396703,0.7308793050666994,0.5231496876579473
0.3138798730463668,0.2653255040972455,0.2653255040972455,0.20462754023663957,0.26532550409724537,0.33989870193766525,0.3867214318184576,0.20462754023663926,0.44741939567906264,0.32602346795785087,0.6156380532810661,0.5081173595396692,0.4474193956790636,0.6902112511214873,0.2185027742164537,0.3121482339780367,0.5688153234002749,0.46129462965887663,0.5081173595396692,0.5549400894204601,0.44741939567906264,0.4474193956790625,0.508117359539669,0.5219925935194843,0.6156380532810666,0.44741939567906264,0.6902112511214862,0.5219925935194835,0.37284619783864253,0.5688153234002744,0.3867214318184563,0.5688153234002749,0.6295132872608811,0.40059666579827075,0.6156380532810664,0.4474193956790623,0.5688153234002749,0.6295132872608804,0.38672143181845664,0.5081173595396692,0.5688153234002746,0.5826905573800892,0.7370339810022783,0.3867214318184562,0.5688153234002749,0.508117359539669,0.4474193956790623,0.6902112511214871,0.38672143181845653,0.5081173595396686,0.46129462965887674,0.49424212555985525,0.6295132872608804,0.5081173595396692,0.5219925935194828,0.4335441616992482,0.5688153234002759,0.6902112511214876,0.40059666579827086,0.6156380532810668,0.5688153234002742,0.46129462965887674,0.4942421255598554,0.5688153234002742,0.6295132872608808,0.44741939567906347,0.5081173595396686,0.6433885212406952,0.32602346795785075,0.5549400894204612,0.5688153234002749,0.4474193956790625,0.5081173595396682,0.38672143181845653,0.5688153234002749,0.5688153234002749,0.40059666579827063,0.6156380532810672,0.4612946296588765,0.49424212555985525,0.5081173595396689,0.44741939567906275,0.5688153234002742,0.4474193956790625,0.5688153234002754,0.508117359539669,0.4612946296588777,0.6156380532810668,0.5081173595396684,0.5688153234002742,0.5688153234002749,0.4474193956790625,0.5219925935194826,0.5549400894204606,0.5081173595396701,0.5081173595396684,0.4612946296588765,0.6156380532810666,0.5219925935194837,0.49424212555985525,0.5081173595396686,0.5081173595396692,0.5219925935194832,0.6156380532810666,0.4612946296588786,0.5549400894204608,0.4612946296588777,0.5549400894204608,0.5688153234002746,0.44741939567906347,0.6295132872608804,0.5081173595396682,0.46129462965887674,0.5549400894204604,0.5081173595396686,0.5688153234002746,0.5219925935194839,0.3728461978386423,0.6295132872608804,0.5081173595396703,0.3867214318184575,0.6902112511214864,0.38672143181845653,0.6295132872608813,0.4005966657982717
0.5064491559576514,0.4624418281156116,0.4624418281156116,0.40925508047327913,0.46244182811561135,0.5275786180675647,0.5688153234002772,0.4092550804732787,0.6220020710426082,0.515628575757944,0.7696122716599856,0.675188818684941,0.6220020710426091,0.8347490616119395,0.4212051227828995,0.5036785334483233,0.7283755663272735,0.6339521133522292,0.675188818684941,0.7164255240176526,0.6220020710426086,0.6220020710426084,0.675188818684941,0.6871388609945628,0.7696122716599858,0.6220020710426086,0.8347490616119385,0.687138860994562,0.5568652810906551,0.7283755663272735,0.5688153234002759,0.7283755663272737,0.7815623139696065,0.580765365709897,0.7696122716599854,0.6220020710426082,0.728375566327274,0.7815623139696061,0.5688153234002759,0.6751888186849412,0.7283755663272732,0.7403256086368949,0.8759857669446507,0.5688153234002756,0.728375566327274,0.6751888186849412,0.6220020710426082,0.8347490616119391,0.5688153234002756,0.675188818684941,0.6339521133522296,0.6632387763753205,0.7815623139696061,0.675188818684941,0.6871388609945621,0.6100520287329877,0.7283755663272751,0.83474906161194,0.5807653657098966,0.769612271659986,0.7283755663272732,0.6339521133522292,0.6632387763753214,0.728375566327273,0.7815623139696065,0.6220020710426086,0.6751888186849412,0.7935123562792271,0.5156285757579435,0.7164255240176532,0.7283755663272735,0.6220020710426084,0.6751888186849405,0.5688153234002756,0.728375566327274,0.7283755663272737,0.5807653657098962,0.7696122716599865,0.6339521133522286,0.6632387763753207,0.6751888186849405,0.6220020710426089,0.7283755663272732,0.6220020710426084,0.7283755663272746,0.6751888186849407,0.6339521133522298,0.7696122716599856,0.6751888186849407,0.7283755663272737,0.728375566327274,0.6220020710426084,0.6871388609945616,0.7164255240176532,0.6751888186849416,0.6751888186849407,0.633952113352229,0.7696122716599856,0.6871388609945628,0.6632387763753207,0.6751888186849412,0.6751888186849412,0.687138860994562,0.7696122716599856,0.63395211335223,0.7164255240176537,0.6339521133522296,0.7164255240176537,0.7283755663272733,0.6220020710426089,0.781562313969606,0.6751888186849404,0.6339521133522293,0.7164255240176535,0.6751888186849416,0.7283755663272733,0.6871388609945621,0.5568652810906551,0.781562313969606,0.6751888186849421,0.5688153234002767,0.8347490616119385,0.5688153234002754,0.7815623139696067,0.5807653657098975
0.5027883230797655,0.4624418281156125,0.4624418281156125,0.40925508047327963,0.4624418281156122,0.531239450945452,0.5688153234002781,0.40925508047327913,0.6220020710426091,0.5156285757579451,0.7659514387821006,0.6751888186849421,0.6220020710426102,0.8347490616119411,0.42486595566078644,0.5000177005704374,0.7283755663272746,0.6376129462301166,0.6751888186849421,0.7127646911397674,0.6220020710426095,0.6220020710426095,0.6751888186849423,0.6907996938724508,0.7659514387821008,0.6220020710426097,0.83474906161194,0.6907996938724495,0.5532044482127697,0.7283755663272748,0.5688153234002767,0.7283755663272746,0.7815623139696076,0.5844261985877844,0.7659514387821001,0.6220020710426093,0.7283755663272751,0.7815623139696072,0.5688153234002767,0.6751888186849423,0.728375566327274,0.7439864415147828,0.8723249340667657,0.5688153234002765,0.7283755663272751,0.6751888186849423,0.6220020710426093,0.8347490616119406,0.5688153234002763,0.6751888186849421,0.637612946230117,0.659577943497435,0.7815623139696074,0.6751888186849421,0.69079969387245,0.6063911958551025,0.7283755663272765,0.8347490616119411,0.5844261985877838,0.7659514387821013,0.7283755663272742,0.6376129462301166,0.6595779434974361,0.7283755663272742,0.7815623139696076,0.6220020710426093,0.6751888186849423,0.7971731891571147,0.5156285757579446,0.712764691139768,0.7283755663272746,0.6220020710426093,0.6751888186849412,0.5688153234002765,0.7283755663272755,0.7283755663272751,0.5844261985877836,0.7659514387821013,0.6376129462301157,0.6595779434974355,0.6751888186849414,0.6220020710426102,0.7283755663272742,0.6220020710426095,0.7283755663272757,0.6751888186849421,0.6376129462301175,0.7659514387821001,0.6751888186849416,0.7283755663272751,0.7283755663272751,0.6220020710426093,0.6907996938724489,0.7127646911397683,0.6751888186849427,0.6751888186849416,0.6376129462301163,0.7659514387821006,0.6907996938724503,0.6595779434974355,0.6751888186849425,0.6751888186849423,0.6907996938724493,0.7659514387821004,0.6376129462301178,0.7127646911397685,0.6376129462301172,0.7127646911397687,0.7283755663272744,0.6220020710426097,0.7815623139696074,0.6751888186849407,0.637612946230117,0.7127646911397685,0.6751888186849427,0.7283755663272744,0.6907996938724498,0.5532044482127697,0.7815623139696072,0.6751888186849435,0.5688153234002772,0.8347490616119395,0.5688153234002763,0.7815623139696081,0.5844261985877847
0.33060517357927155,0.2670611453049385,0.2670611453049385,0.2057846343751012,0.2688915617438815,0.3793997660626847,0.3951054164814422,0.24971462890973814,0.4655340096059942,0.3393201548684343,0.6312489284685732,0.5231496876579451,0.45821234385022197,0.7106400533253425,0.22572966474097603,0.3212055409415027,0.5825957821488389,0.47815737421609616,0.5194888547800589,0.5644811682219066,0.4563819274112781,0.4710252589228237,0.5213192712190018,0.5376034687069915,0.6220968462738578,0.46004276028916447,0.7033183875695691,0.5357730522680475,0.38248205187133916,0.5880870314656681,0.40059666579827063,0.5789349492709526,0.643872293078676,0.41505044684731635,0.6239272627128009,0.4618731767281074,0.5789349492709526,0.6420418766397322,0.3987662493593277,0.5213192712190022,0.586256615026725,0.595219146758941,0.7483107010114177,0.3987662493593273,0.5807653657098958,0.5231496876579451,0.46004276028916435,0.7033183875695695,0.40059666579827063,0.5249801040968879,0.4781573742160964,0.5032046572920704,0.6420418766397324,0.521319271219002,0.5376034687069898,0.4474193956790623,0.5807653657098968,0.7069792204474564,0.4150504468473161,0.6275880955906875,0.5825957821488382,0.4781573742160963,0.5050350737310142,0.5844261985877814,0.6402114602007895,0.4637035931670515,0.5194888547800582,0.660156490566664,0.34115057130737736,0.564481168221908,0.5862566150267252,0.45821234385022125,0.5231496876579443,0.40059666579827063,0.5807653657098958,0.584426198587782,0.4168808632862593,0.627588095590688,0.47815737421609583,0.5050350737310141,0.5249801040968883,0.46187317672810785,0.5862566150267245,0.4618731767281076,0.5807653657098966,0.5231496876579451,0.4763269577771538,0.6275880955906875,0.519488854780058,0.5807653657098951,0.5825957821488391,0.46187317672810785,0.5376034687069896,0.5699724175387367,0.5213192712190029,0.5231496876579443,0.47632695777715256,0.6275880955906871,0.5357730522680475,0.5050350737310141,0.5213192712190013,0.5249801040968883,0.5339426358291042,0.6294185120296307,0.472666124899268,0.5736332504166237,0.478157374216097,0.5663115846608506,0.5825957821488387,0.46004276028916535,0.6420418766397322,0.5231496876579443,0.47449654133820984,0.5681420010997936,0.5194888547800582,0.584426198587782,0.5394338851459345,0.38431246831028243,0.6438722930786753,0.5231496876579462,0.3987662493593286,0.7069792204474553,0.4024270822372138,0.6402114602007897,0.4187112797252034
0.55086292233027,0.5264116282473745,0.5264116282473745,0.47630716641369747,0.5245812118084312,0.5536882200507514,0.6211293025978994,0.4323771718790599,0.6620816822368591,0.5655335914473927,0.8022754418672137,0.715846976948423,0.6694033479926328,0.8624995295715691,0.48459637584543125,0.5554139655767146,0.7677818552210431,0.6776925574243666,0.7195078098263095,0.7576622293503655,0.6712337644315756,0.6565904329200297,0.7176773933873664,0.729627435696988,0.8114275240619295,0.667572931553689,0.8698211953273403,0.7314578521359303,0.6055184274103911,0.7622906059042135,0.6156380532810687,0.7714426880989296,0.8178863170547209,0.6294185120296331,0.809597107622986,0.6657425151147457,0.77144268809893,0.8197167334936634,0.6174684697200121,0.7176773933873664,0.7641210223431562,0.7833927304085507,0.9079756148513973,0.6174684697200119,0.7696122716599867,0.715846976948423,0.6675729315536888,0.8698211953273414,0.6156380532810684,0.7140165605094799,0.6776925574243666,0.7075577675166888,0.8197167334936636,0.7176773933873664,0.7296274356969875,0.6519620563661818,0.7696122716599879,0.8661603624494557,0.6294185120296324,0.8059362747451005,0.7677818552210429,0.6776925574243664,0.7057273510777468,0.7659514387820994,0.8215471499326069,0.6639120986758025,0.7195078098263097,0.8298363593643414,0.5637031750084489,0.7576622293503661,0.7641210223431568,0.6694033479926323,0.7158469769484224,0.6156380532810686,0.7696122716599871,0.7659514387821004,0.6275880955906893,0.8059362747451005,0.6776925574243657,0.7057273510777459,0.7140165605094793,0.6657425151147461,0.7641210223431564,0.6657425151147457,0.7696122716599874,0.7158469769484228,0.6795229738633104,0.8059362747450998,0.7195078098263091,0.7696122716599867,0.7677818552210437,0.6657425151147457,0.7296274356969867,0.7521709800335368,0.7176773933873666,0.7158469769484224,0.6795229738633095,0.8059362747450999,0.7314578521359307,0.7057273510777459,0.7176773933873666,0.7140165605094801,0.7332882685748736,0.8041058583061566,0.6831838067411969,0.7485101471556509,0.6776925574243668,0.7558318129114232,0.7677818552210429,0.6675729315536895,0.8197167334936634,0.7158469769484221,0.6813533903022531,0.7540013964724801,0.7195078098263097,0.7659514387820997,0.727797019258044,0.603688010971448,0.81788631705472,0.7158469769484244,0.6174684697200123,0.866160362449454,0.6138076368421251,0.8215471499326074,0.6257576791517467
0.393574656923738,0.33276658664439435,0.33276658664439446,0.27399381445398174,0.3345970030833375,0.4431800157319469,0.4558033803420488,0.31792380898861866,0.5237282347271762,0.4025218574684656,0.6813533903022514,0.5788401740397027,0.5164065689714041,0.7588193234888276,0.2945173918890874,0.38382869647230305,0.6357825297911721,0.536930146406509,0.5751793411618165,0.617089368795009,0.5145761525324604,0.5292194840440061,0.5770097576007596,0.5938725021579804,0.6722013081075358,0.5182369854103466,0.7514976577330533,0.5920420857190359,0.4426014686627148,0.6412737791080013,0.4612946296588773,0.6321216969132858,0.6945553019815851,0.4763269577771539,0.6740317245464786,0.5200674018492896,0.6321216969132858,0.6927248855426411,0.45946421321993425,0.57700975760076,0.639443362669058,0.6489844414705054,0.7934076853662473,0.4594642132199339,0.6339521133522292,0.5788401740397027,0.5182369854103466,0.7514976577330544,0.4612946296588771,0.5806705904786457,0.5369301464065095,0.5583165966045973,0.6927248855426413,0.5770097576007598,0.5938725021579788,0.5050350737310136,0.6339521133522302,0.7551584906109418,0.47632695777715367,0.6776925574243655,0.6357825297911714,0.5369301464065093,0.5601470130435411,0.6376129462301146,0.6908944691036983,0.5218978182882336,0.5751793411618162,0.7114180465388041,0.4043522739074085,0.6170893687950103,0.6394433626690584,0.5164065689714035,0.5788401740397021,0.4612946296588773,0.6339521133522292,0.6376129462301154,0.47815737421609666,0.677692557424366,0.5369301464065088,0.5601470130435408,0.5806705904786457,0.5200674018492902,0.6394433626690578,0.5200674018492898,0.6339521133522298,0.5788401740397027,0.5350997299675669,0.6776925574243655,0.5751793411618158,0.6339521133522286,0.6357825297911726,0.5200674018492898,0.5938725021579783,0.6225806181118391,0.5770097576007607,0.5788401740397021,0.5350997299675657,0.6776925574243651,0.5920420857190364,0.5601470130435405,0.5770097576007596,0.5806705904786461,0.5902116692800926,0.6795229738633087,0.5314388970896812,0.6262414509897261,0.5369301464065102,0.6189197852339532,0.6357825297911719,0.5182369854103472,0.6927248855426411,0.5788401740397019,0.533269313528623,0.620750201672896,0.5751793411618162,0.637612946230115,0.5957029185969228,0.444431885101658,0.6945553019815842,0.578840174039704,0.4594642132199349,0.7551584906109403,0.4631250460978203,0.6908944691036988,0.47998779065504077
0.4249239556413374,0.3950007455684632,0.3950007455684632,0.3398888062559372,0.3931703291295199,0.4261277207122267,0.49973337487668595,0.2959588117212995,0.5456932319944948,0.4391301862473299,0.7020665181998574,0.6044660041849075,0.5530148977502681,0.7661409892445996,0.34702092154920916,0.43016765451511413,0.6614083599363767,0.5601470130435401,0.6081268370627938,0.6524458282041609,0.5548453141892109,0.5402019826776652,0.6062964206238507,0.6170893687950105,0.7112186003945737,0.5511844813113246,0.7734626550003717,0.6189197852339529,0.48527959382763997,0.6559171106195468,0.4942421255598554,0.6650691928142631,0.7165202992489029,0.5068654901699576,0.7093881839556302,0.549354064872381,0.6650691928142631,0.7183507156878457,0.4960725419987988,0.6062964206238509,0.6577475270584898,0.6758621409854222,0.8177816461417391,0.4960725419987986,0.66323877637532,0.6044660041849075,0.5511844813113241,0.7734626550003721,0.49424212555985525,0.6026355877459639,0.5601470130435401,0.5973338888916352,0.7183507156878459,0.6062964206238507,0.6170893687950096,0.5367307002622793,0.6632387763753214,0.7698018221224863,0.5068654901699574,0.7057273510777443,0.661408359936376,0.5601470130435403,0.595503472452693,0.6595779434974329,0.7201811321267895,0.5475236484334384,0.6081268370627938,0.7273132474200615,0.4372997698083863,0.6524458282041614,0.6577475270584904,0.5530148977502678,0.6044660041849069,0.49424212555985525,0.6632387763753202,0.6595779434974336,0.5050350737310141,0.7057273510777445,0.5601470130435394,0.5955034724526923,0.6026355877459639,0.5493540648723817,0.6577475270584896,0.5493540648723813,0.6632387763753207,0.6044660041849073,0.5619774294824841,0.705727351077744,0.6081268370627936,0.6632387763753196,0.6614083599363769,0.5493540648723813,0.6170893687950089,0.6469545788873317,0.6062964206238513,0.6044660041849069,0.561977429482483,0.705727351077744,0.6189197852339534,0.5955034724526923,0.6062964206238509,0.6026355877459644,0.620750201672896,0.7038969346388008,0.5656382623603705,0.6432937460094456,0.5601470130435405,0.6506154117652185,0.6614083599363763,0.551184481311325,0.7183507156878457,0.6044660041849065,0.5638078459214265,0.648784995326275,0.6081268370627942,0.6595779434974332,0.6152589523560668,0.48344917738869664,0.7165202992489023,0.6044660041849084,0.49607254199879924,0.7698018221224849,0.4924117091209121,0.7201811321267895,0.5032046572920715
0.4379884232963563,0.39673638677615697,0.39673638677615697,0.34104590039439997,0.39673638677615675,0.4692896177151334,0.5081173595396716,0.3410459003943994,0.563807845921427,0.4524268731579138,0.7140165605094795,0.6194983323031845,0.5638078459214281,0.7865697914484567,0.35790864495161906,0.43556412860069427,0.6751888186849412,0.5806705904786467,0.6194983323031843,0.6583260741277221,0.5638078459214274,0.5638078459214272,0.6194983323031847,0.6363610768604053,0.7140165605094795,0.5638078459214274,0.786569791448455,0.636361076860404,0.49125461498245077,0.6751888186849416,0.5081173595396705,0.6751888186849416,0.730879305066699,0.5249801040968902,0.7140165605094788,0.563807845921427,0.6751888186849418,0.7308793050666983,0.5081173595396703,0.6194983323031847,0.6751888186849407,0.6920515632421613,0.8253975332729933,0.5081173595396703,0.6751888186849418,0.6194983323031847,0.5638078459214272,0.7865697914484561,0.5081173595396701,0.6194983323031843,0.5806705904786469,0.6026355877459653,0.7308793050666983,0.6194983323031843,0.6363610768604042,0.5469451013642082,0.6751888186849432,0.7865697914484572,0.5249801040968898,0.7140165605094799,0.6751888186849407,0.5806705904786469,0.602635587745966,0.6751888186849407,0.7308793050666987,0.5638078459214274,0.6194983323031843,0.7477420496239181,0.45242687315791347,0.6583260741277226,0.6751888186849414,0.5638078459214274,0.6194983323031834,0.5081173595396703,0.6751888186849421,0.6751888186849416,0.5249801040968896,0.7140165605094801,0.5806705904786457,0.6026355877459655,0.6194983323031839,0.5638078459214276,0.675188818684941,0.5638078459214274,0.6751888186849423,0.6194983323031843,0.5806705904786476,0.7140165605094793,0.6194983323031839,0.6751888186849416,0.6751888186849416,0.5638078459214272,0.6363610768604032,0.6583260741277228,0.619498332303185,0.6194983323031839,0.5806705904786463,0.7140165605094795,0.6363610768604049,0.6026355877459655,0.6194983323031847,0.6194983323031847,0.6363610768604038,0.714016560509479,0.5806705904786476,0.6583260741277228,0.5806705904786471,0.6583260741277228,0.675188818684941,0.5638078459214276,0.7308793050666983,0.6194983323031834,0.5806705904786469,0.6583260741277228,0.619498332303185,0.675188818684941,0.6363610768604042,0.491254614982451,0.7308793050666983,0.6194983323031859,0.5081173595396712,0.7865697914484552,0.5081173595396701,0.7308793050666992,0.5249801040968907
0.37684935639083383,0.33103094543670164,0.33103094543670164,0.2728367203155197,0.3310309454367014,0.4036789516069282,0.44741939567906497,0.27283672031551925,0.5056136208002453,0.389225170557883,0.6657425151147441,0.563807845921427,0.505613620800246,0.738390521284972,0.28729050136456474,0.3747713895088378,0.622002071042608,0.5200674018492906,0.563807845921427,0.6075482899935627,0.5056136208002453,0.5056136208002453,0.563807845921427,0.5782616269704733,0.6657425151147446,0.5056136208002455,0.7383905212849705,0.5782616269704722,0.4329656146300189,0.622002071042608,0.44741939567906414,0.6220020710426082,0.6801962961637898,0.4618731767281094,0.6657425151147441,0.5056136208002451,0.6220020710426084,0.6801962961637893,0.44741939567906414,0.563807845921427,0.6220020710426076,0.6364558520916538,0.7821309653571072,0.447419395679064,0.6220020710426084,0.563807845921427,0.5056136208002451,0.7383905212849713,0.4474193956790638,0.5638078459214265,0.5200674018492906,0.5493540648723817,0.6801962961637895,0.563807845921427,0.5782616269704721,0.4911598397512005,0.6220020710426095,0.7383905212849722,0.46187317672810935,0.6657425151147448,0.6220020710426076,0.5200674018492908,0.5493540648723826,0.6220020710426076,0.6801962961637896,0.5056136208002455,0.5638078459214267,0.6946500772128348,0.3892251705578828,0.6075482899935636,0.6220020710426082,0.5056136208002453,0.5638078459214261,0.447419395679064,0.6220020710426084,0.6220020710426082,0.461873176728109,0.665742515114745,0.5200674018492898,0.5493540648723821,0.5638078459214265,0.5056136208002457,0.6220020710426076,0.5056136208002453,0.6220020710426091,0.5638078459214267,0.5200674018492912,0.6657425151147444,0.5638078459214263,0.622002071042608,0.6220020710426082,0.5056136208002453,0.5782616269704715,0.6075482899935634,0.5638078459214276,0.5638078459214263,0.5200674018492902,0.6657425151147444,0.5782616269704727,0.5493540648723821,0.563807845921427,0.563807845921427,0.5782616269704721,0.6657425151147444,0.5200674018492912,0.6075482899935636,0.520067401849291,0.6075482899935636,0.6220020710426079,0.5056136208002457,0.6801962961637893,0.563807845921426,0.5200674018492908,0.6075482899935634,0.563807845921427,0.6220020710426079,0.5782616269704725,0.43296561463001887,0.6801962961637891,0.5638078459214281,0.44741939567906447,0.738390521284971,0.4474193956790638,0.6801962961637898,0.4618731767281095
0.5009579066408224,0.4624418281156122,0.4624418281156122,0.4092550804732795,0.4624418281156121,0.5330698673843954,0.5688153234002774,0.409255080473279,0.6220020710426093,0.5156285757579451,0.7641210223431575,0.6751888186849418,0.6220020710426095,0.8347490616119408,0.4266963720997295,0.4981872841314942,0.7283755663272744,0.6394433626690599,0.6751888186849416,0.7109342747008243,0.6220020710426093,0.6220020710426093,0.6751888186849416,0.6926301103113929,0.7641210223431573,0.6220020710426095,0.8347490616119397,0.6926301103113924,0.5513740317738264,0.7283755663272746,0.5688153234002765,0.7283755663272746,0.7815623139696072,0.5862566150267275,0.7641210223431568,0.6220020710426091,0.7283755663272746,0.781562313969607,0.5688153234002767,0.6751888186849421,0.7283755663272737,0.7458168579537254,0.8704945176278224,0.5688153234002763,0.7283755663272746,0.6751888186849418,0.6220020710426091,0.8347490616119402,0.5688153234002763,0.6751888186849423,0.6394433626690599,0.6577475270584917,0.7815623139696072,0.6751888186849418,0.6926301103113929,0.6045607794161589,0.7283755663272757,0.8347490616119406,0.5862566150267271,0.7641210223431577,0.7283755663272744,0.6394433626690599,0.6577475270584926,0.7283755663272742,0.7815623139696076,0.6220020710426091,0.6751888186849423,0.7990036055960573,0.5156285757579444,0.710934274700824,0.7283755663272744,0.6220020710426093,0.6751888186849414,0.5688153234002763,0.7283755663272746,0.7283755663272744,0.5862566150267269,0.7641210223431575,0.6394433626690588,0.6577475270584919,0.6751888186849412,0.6220020710426097,0.7283755663272744,0.6220020710426093,0.7283755663272748,0.6751888186849416,0.6394433626690601,0.7641210223431566,0.6751888186849418,0.7283755663272748,0.7283755663272746,0.6220020710426093,0.692630110311392,0.7109342747008252,0.6751888186849421,0.6751888186849416,0.6394433626690594,0.7641210223431568,0.6926301103113933,0.6577475270584919,0.6751888186849425,0.6751888186849421,0.6926301103113922,0.7641210223431564,0.6394433626690599,0.7109342747008247,0.6394433626690599,0.7109342747008249,0.728375566327274,0.6220020710426093,0.781562313969607,0.6751888186849412,0.6394433626690601,0.7109342747008252,0.6751888186849427,0.728375566327274,0.6926301103113922,0.5513740317738264,0.7815623139696067,0.6751888186849427,0.5688153234002767,0.8347490616119391,0.5688153234002763,0.7815623139696074,0.5862566150267271
0.3768493563908332,0.33103094543670136,0.33103094543670136,0.2728367203155197,0.33103094543670114,0.40367895160692785,0.4474193956790648,0.27283672031551925,0.5056136208002449,0.38922517055788247,0.6657425151147441,0.563807845921427,0.505613620800246,0.738390521284972,0.28729050136456474,0.37477138950883715,0.622002071042608,0.5200674018492903,0.563807845921427,0.6075482899935625,0.5056136208002453,0.5056136208002451,0.563807845921427,0.5782616269704733,0.6657425151147446,0.5056136208002453,0.7383905212849705,0.5782616269704722,0.43296561463001876,0.6220020710426079,0.4474193956790638,0.6220020710426082,0.6801962961637898,0.46187317672810935,0.6657425151147441,0.5056136208002449,0.6220020710426084,0.6801962961637893,0.4474193956790638,0.563807845921427,0.6220020710426079,0.6364558520916536,0.7821309653571072,0.4474193956790636,0.6220020710426084,0.563807845921427,0.5056136208002449,0.7383905212849715,0.4474193956790636,0.5638078459214265,0.5200674018492906,0.5493540648723819,0.6801962961637895,0.563807845921427,0.5782616269704721,0.49115983975120003,0.6220020710426095,0.7383905212849724,0.461873176728109,0.6657425151147448,0.6220020710426076,0.5200674018492906,0.5493540648723826,0.6220020710426074,0.6801962961637896,0.5056136208002455,0.5638078459214267,0.694650077212835,0.38922517055788236,0.6075482899935636,0.6220020710426082,0.5056136208002453,0.5638078459214261,0.4474193956790637,0.6220020710426084,0.6220020710426082,0.4618731767281089,0.6657425151147452,0.5200674018492898,0.5493540648723821,0.5638078459214265,0.5056136208002455,0.6220020710426076,0.5056136208002451,0.6220020710426091,0.563807845921427,0.5200674018492912,0.6657425151147446,0.5638078459214263,0.6220020710426079,0.6220020710426082,0.5056136208002451,0.5782616269704715,0.6075482899935631,0.5638078459214276,0.5638078459214263,0.52006740184929,0.6657425151147444,0.5782616269704727,0.5493540648723821,0.5638078459214267,0.563807845921427,0.5782616269704722,0.6657425151147446,0.5200674018492917,0.6075482899935636,0.520067401849291,0.6075482899935636,0.6220020710426079,0.5056136208002457,0.6801962961637893,0.563807845921426,0.5200674018492906,0.6075482899935634,0.563807845921427,0.6220020710426079,0.5782616269704727,0.43296561463001854,0.6801962961637891,0.5638078459214281,0.4474193956790646,0.738390521284971,0.4474193956790636,0.6801962961637898,0.4618731767281095
0.5064491559576514,0.4624418281156118,0.4624418281156117,0.4092550804732792,0.4624418281156116,0.5275786180675649,0.5688153234002772,0.4092550804732788,0.6220020710426086,0.5156285757579442,0.7696122716599856,0.6751888186849412,0.6220020710426093,0.83474906161194,0.4212051227828996,0.5036785334483235,0.7283755663272737,0.6339521133522292,0.6751888186849412,0.7164255240176528,0.6220020710426086,0.6220020710426086,0.6751888186849412,0.6871388609945632,0.7696122716599862,0.6220020710426086,0.8347490616119388,0.6871388609945623,0.5568652810906554,0.7283755663272733,0.5688153234002761,0.728375566327274,0.781562313969607,0.5807653657098972,0.7696122716599858,0.6220020710426084,0.728375566327274,0.7815623139696063,0.5688153234002761,0.6751888186849412,0.7283755663272733,0.7403256086368949,0.8759857669446511,0.5688153234002761,0.728375566327274,0.6751888186849412,0.6220020710426086,0.8347490616119395,0.5688153234002759,0.675188818684941,0.6339521133522296,0.6632387763753207,0.7815623139696065,0.6751888186849414,0.6871388609945623,0.6100520287329877,0.7283755663272753,0.8347490616119402,0.5807653657098968,0.7696122716599865,0.7283755663272735,0.6339521133522292,0.6632387763753214,0.7283755663272732,0.781562313969607,0.6220020710426089,0.6751888186849416,0.7935123562792279,0.515628575757944,0.7164255240176537,0.7283755663272737,0.6220020710426086,0.6751888186849405,0.5688153234002761,0.7283755663272742,0.7283755663272742,0.5807653657098966,0.7696122716599867,0.6339521133522288,0.6632387763753211,0.6751888186849407,0.6220020710426091,0.7283755663272733,0.6220020710426086,0.7283755663272746,0.6751888186849412,0.6339521133522302,0.769612271659986,0.6751888186849407,0.728375566327274,0.7283755663272742,0.6220020710426086,0.6871388609945616,0.7164255240176532,0.6751888186849418,0.6751888186849405,0.6339521133522292,0.769612271659986,0.6871388609945628,0.6632387763753207,0.6751888186849414,0.6751888186849416,0.6871388609945623,0.769612271659986,0.6339521133522302,0.7164255240176539,0.63395211335223,0.7164255240176539,0.7283755663272735,0.6220020710426091,0.7815623139696063,0.6751888186849402,0.6339521133522296,0.7164255240176535,0.6751888186849414,0.7283755663272735,0.6871388609945623,0.5568652810906554,0.7815623139696061,0.6751888186849423,0.5688153234002767,0.8347490616119388,0.5688153234002759,0.7815623139696074,0.5807653657098977
0.4398188397352998,0.39673638677615697,0.39673638677615697,0.3410459003944001,0.39673638677615686,0.46745920127619034,0.5081173595396716,0.3410459003943995,0.5638078459214274,0.45242687315791397,0.7158469769484224,0.6194983323031847,0.5638078459214281,0.7865697914484567,0.3560782285126758,0.4373945450396377,0.6751888186849412,0.578840174039704,0.6194983323031845,0.660156490566665,0.5638078459214274,0.5638078459214276,0.6194983323031847,0.6345306604214624,0.7158469769484226,0.5638078459214276,0.7865697914484552,0.6345306604214609,0.49308503142139437,0.6751888186849412,0.5081173595396707,0.6751888186849414,0.730879305066699,0.5231496876579471,0.7158469769484221,0.5638078459214274,0.6751888186849416,0.7308793050666983,0.5081173595396705,0.6194983323031847,0.6751888186849407,0.690221146803218,0.8272279497119366,0.5081173595396705,0.6751888186849416,0.6194983323031847,0.5638078459214274,0.7865697914484563,0.5081173595396703,0.6194983323031845,0.578840174039704,0.6044660041849084,0.7308793050666983,0.6194983323031847,0.6345306604214611,0.5487755178031515,0.6751888186849432,0.7865697914484574,0.5231496876579467,0.7158469769484233,0.6751888186849407,0.5788401740397038,0.6044660041849095,0.6751888186849407,0.7308793050666985,0.5638078459214276,0.6194983323031847,0.7459116331849749,0.4524268731579138,0.6601564905666657,0.6751888186849414,0.5638078459214276,0.6194983323031839,0.5081173595396703,0.6751888186849421,0.6751888186849416,0.5231496876579462,0.7158469769484235,0.5788401740397027,0.604466004184909,0.6194983323031841,0.5638078459214281,0.6751888186849407,0.5638078459214276,0.6751888186849423,0.6194983323031845,0.5788401740397047,0.7158469769484226,0.6194983323031841,0.6751888186849416,0.6751888186849416,0.5638078459214274,0.63453066042146,0.6601564905666657,0.6194983323031854,0.6194983323031841,0.5788401740397033,0.7158469769484226,0.6345306604214616,0.604466004184909,0.6194983323031847,0.619498332303185,0.6345306604214609,0.7158469769484224,0.5788401740397047,0.6601564905666661,0.5788401740397044,0.6601564905666661,0.675188818684941,0.5638078459214279,0.7308793050666983,0.6194983323031834,0.578840174039704,0.6601564905666659,0.619498332303185,0.675188818684941,0.6345306604214613,0.4930850314213946,0.7308793050666983,0.6194983323031863,0.5081173595396712,0.7865697914484556,0.5081173595396701,0.7308793050666994,0.5231496876579471
0.3954050733626806,0.33276658664439374,0.33276658664439374,0.2739938144539811,0.33459700308333684,0.44134959929300355,0.4558033803420489,0.317923808988618,0.523728234727176,0.4025218574684652,0.6831838067411945,0.5788401740397024,0.5164065689714041,0.7588193234888272,0.2926869754501435,0.3856591129112459,0.6357825297911719,0.5350997299675659,0.5751793411618162,0.6189197852339522,0.5145761525324604,0.5292194840440059,0.5770097576007591,0.5920420857190366,0.6740317245464789,0.5182369854103466,0.7514976577330533,0.5902116692800924,0.44443188510165776,0.6412737791080011,0.4612946296588773,0.6321216969132856,0.6945553019815849,0.4744965413382106,0.6758621409854217,0.5200674018492896,0.6321216969132856,0.6927248855426411,0.45946421321993414,0.5770097576007596,0.639443362669058,0.6471540250315619,0.7952381018051902,0.4594642132199338,0.6339521133522288,0.5788401740397024,0.5182369854103464,0.751497657733054,0.4612946296588771,0.5806705904786457,0.5350997299675662,0.5601470130435403,0.6927248855426411,0.5770097576007593,0.5920420857190353,0.5068654901699567,0.63395211335223,0.7551584906109414,0.4744965413382102,0.6795229738633087,0.6357825297911712,0.5350997299675662,0.5619774294824841,0.6376129462301146,0.6908944691036983,0.5218978182882336,0.5751793411618158,0.7095876300998606,0.40435227390740813,0.618919785233953,0.6394433626690584,0.5164065689714032,0.5788401740397021,0.4612946296588772,0.633952113352229,0.637612946230115,0.47632695777715334,0.6795229738633091,0.5350997299675657,0.5619774294824834,0.5806705904786457,0.52006740184929,0.6394433626690578,0.5200674018492898,0.6339521133522296,0.5788401740397024,0.5332693135286236,0.6795229738633085,0.5751793411618158,0.6339521133522286,0.6357825297911721,0.5200674018492898,0.5920420857190348,0.6244110345507824,0.5770097576007602,0.5788401740397021,0.5332693135286226,0.6795229738633083,0.5902116692800928,0.5619774294824836,0.5770097576007591,0.5806705904786457,0.5883812528411493,0.6813533903022518,0.5296084806507377,0.6280718674286689,0.5350997299675666,0.6207502016728962,0.6357825297911714,0.5182369854103472,0.6927248855426411,0.5788401740397019,0.5314388970896798,0.6225806181118388,0.5751793411618162,0.637612946230115,0.593872502157979,0.44626230154060104,0.694555301981584,0.5788401740397036,0.4594642132199349,0.7551584906109399,0.4631250460978202,0.6908944691036986,0.47815737421609766
0.5508629223302705,0.5264116282473754,0.5264116282473754,0.476307166413698,0.5245812118084319,0.5536882200507517,0.6211293025978999,0.43237717187906033,0.6620816822368594,0.5655335914473933,0.8022754418672146,0.7158469769484235,0.6694033479926335,0.86249952957157,0.4845963758454317,0.5554139655767153,0.7677818552210439,0.6776925574243671,0.7195078098263099,0.7576622293503665,0.6712337644315759,0.6565904329200304,0.7176773933873668,0.7296274356969891,0.8114275240619304,0.6675729315536895,0.8698211953273414,0.731457852135931,0.6055184274103913,0.7622906059042143,0.6156380532810691,0.7714426880989305,0.8178863170547213,0.6294185120296335,0.8095971076229869,0.6657425151147457,0.7714426880989309,0.819716733493664,0.6174684697200121,0.7176773933873668,0.7641210223431568,0.7833927304085518,0.9079756148513982,0.6174684697200121,0.7696122716599875,0.7158469769484237,0.6675729315536892,0.8698211953273423,0.6156380532810686,0.7140165605094804,0.6776925574243671,0.7075577675166892,0.8197167334936645,0.7176773933873668,0.7296274356969882,0.6519620563661818,0.7696122716599888,0.8661603624494564,0.6294185120296328,0.8059362747451014,0.7677818552210439,0.6776925574243666,0.7057273510777471,0.7659514387821001,0.8215471499326078,0.6639120986758027,0.7195078098263106,0.8298363593643421,0.5637031750084494,0.757662229350367,0.7641210223431573,0.6694033479926326,0.7158469769484228,0.6156380532810687,0.7696122716599879,0.765951438782101,0.6275880955906893,0.8059362747451012,0.677692557424366,0.7057273510777468,0.7140165605094795,0.6657425151147467,0.7641210223431573,0.6657425151147461,0.7696122716599881,0.7158469769484233,0.6795229738633111,0.8059362747451001,0.7195078098263097,0.7696122716599875,0.7677818552210446,0.6657425151147461,0.7296274356969871,0.7521709800335373,0.7176773933873672,0.715846976948423,0.67952297386331,0.8059362747451005,0.7314578521359315,0.7057273510777465,0.7176773933873672,0.7140165605094807,0.7332882685748741,0.804105858306157,0.6831838067411977,0.7485101471556513,0.6776925574243673,0.7558318129114243,0.7677818552210437,0.6675729315536899,0.819716733493664,0.7158469769484226,0.6813533903022537,0.7540013964724811,0.7195078098263104,0.7659514387821006,0.7277970192580446,0.6036880109714482,0.8178863170547209,0.7158469769484247,0.6174684697200127,0.8661603624494547,0.6138076368421254,0.8215471499326082,0.625757679151747
0.4434796726131857,0.39673638677615686,0.39673638677615686,0.3410459003943995,0.3967363867761566,0.46379836839830335,0.5081173595396712,0.341045900394399,0.563807845921427,0.45242687315791347,0.7195078098263087,0.6194983323031843,0.5638078459214279,0.7865697914484563,0.352417395634789,0.4410553779175237,0.6751888186849412,0.5751793411618171,0.6194983323031843,0.6638173234445511,0.5638078459214274,0.5638078459214272,0.6194983323031843,0.630869827543575,0.7195078098263091,0.5638078459214274,0.786569791448455,0.6308698275435745,0.4967458642992804,0.6751888186849412,0.5081173595396701,0.6751888186849414,0.7308793050666987,0.51948885478006,0.7195078098263087,0.563807845921427,0.6751888186849416,0.7308793050666983,0.5081173595396701,0.6194983323031845,0.6751888186849405,0.6865603139253317,0.8308887825898227,0.5081173595396699,0.6751888186849416,0.6194983323031843,0.563807845921427,0.7865697914484558,0.5081173595396696,0.6194983323031843,0.5751793411618171,0.608126837062795,0.7308793050666983,0.6194983323031845,0.6308698275435742,0.5524363506810374,0.6751888186849427,0.7865697914484567,0.5194888547800598,0.7195078098263094,0.6751888186849407,0.5751793411618171,0.6081268370627957,0.6751888186849407,0.7308793050666987,0.5638078459214274,0.6194983323031845,0.7422508003070885,0.45242687315791325,0.663817323444552,0.6751888186849412,0.5638078459214272,0.6194983323031839,0.5081173595396699,0.6751888186849416,0.6751888186849416,0.5194888547800598,0.7195078098263097,0.5751793411618165,0.608126837062795,0.6194983323031839,0.5638078459214274,0.6751888186849407,0.563807845921427,0.6751888186849423,0.6194983323031841,0.5751793411618177,0.7195078098263087,0.6194983323031841,0.6751888186849412,0.6751888186849414,0.563807845921427,0.6308698275435738,0.663817323444552,0.6194983323031847,0.6194983323031839,0.5751793411618167,0.7195078098263089,0.6308698275435748,0.608126837062795,0.6194983323031845,0.6194983323031845,0.6308698275435745,0.7195078098263089,0.5751793411618181,0.6638173234445524,0.5751793411618175,0.6638173234445522,0.6751888186849407,0.5638078459214276,0.7308793050666983,0.6194983323031834,0.5751793411618171,0.663817323444552,0.6194983323031847,0.675188818684941,0.6308698275435745,0.4967458642992802,0.7308793050666981,0.6194983323031854,0.5081173595396705,0.7865697914484552,0.5081173595396699,0.730879305066699,0.5194888547800603
0.5064491559576516,0.4624418281156121,0.4624418281156121,0.4092550804732793,0.4624418281156118,0.5275786180675651,0.5688153234002776,0.409255080473279,0.6220020710426086,0.5156285757579446,0.7696122716599856,0.6751888186849412,0.6220020710426093,0.8347490616119397,0.42120512278289973,0.5036785334483237,0.7283755663272735,0.6339521133522293,0.6751888186849412,0.7164255240176528,0.6220020710426091,0.6220020710426089,0.6751888186849412,0.6871388609945632,0.769612271659986,0.6220020710426089,0.8347490616119385,0.6871388609945623,0.5568652810906554,0.7283755663272735,0.5688153234002763,0.7283755663272737,0.7815623139696067,0.5807653657098975,0.7696122716599856,0.6220020710426086,0.728375566327274,0.7815623139696061,0.5688153234002763,0.6751888186849414,0.7283755663272733,0.7403256086368949,0.8759857669446507,0.5688153234002761,0.728375566327274,0.6751888186849414,0.6220020710426086,0.8347490616119391,0.5688153234002761,0.6751888186849412,0.6339521133522298,0.6632387763753209,0.7815623139696063,0.6751888186849414,0.6871388609945623,0.6100520287329881,0.7283755663272751,0.83474906161194,0.580765365709897,0.7696122716599862,0.7283755663272735,0.6339521133522293,0.6632387763753216,0.7283755663272732,0.7815623139696065,0.6220020710426089,0.6751888186849416,0.7935123562792274,0.5156285757579442,0.7164255240176535,0.7283755663272737,0.6220020710426089,0.6751888186849407,0.5688153234002761,0.7283755663272742,0.728375566327274,0.5807653657098968,0.7696122716599865,0.6339521133522288,0.6632387763753211,0.6751888186849407,0.6220020710426093,0.7283755663272733,0.6220020710426089,0.7283755663272746,0.6751888186849412,0.6339521133522302,0.7696122716599858,0.675188818684941,0.728375566327274,0.728375566327274,0.6220020710426086,0.6871388609945616,0.7164255240176535,0.6751888186849418,0.6751888186849407,0.6339521133522292,0.7696122716599856,0.6871388609945628,0.6632387763753209,0.6751888186849416,0.6751888186849416,0.6871388609945621,0.7696122716599858,0.6339521133522302,0.7164255240176539,0.6339521133522298,0.7164255240176539,0.7283755663272735,0.6220020710426091,0.7815623139696061,0.6751888186849404,0.6339521133522296,0.7164255240176537,0.6751888186849416,0.7283755663272735,0.6871388609945623,0.5568652810906556,0.7815623139696061,0.6751888186849423,0.568815323400277,0.8347490616119386,0.5688153234002761,0.781562313969607,0.5807653657098977
0.5046187395187088,0.4624418281156125,0.4624418281156125,0.40925508047327963,0.4624418281156123,0.5294090345065089,0.5688153234002781,0.40925508047327913,0.6220020710426093,0.5156285757579451,0.7677818552210435,0.6751888186849421,0.6220020710426102,0.8347490616119408,0.4230355392218434,0.5018481170093807,0.7283755663272744,0.6357825297911736,0.6751888186849421,0.7145951075787106,0.6220020710426097,0.6220020710426093,0.6751888186849421,0.688969277433507,0.7677818552210435,0.6220020710426095,0.8347490616119395,0.688969277433506,0.5550348646517128,0.7283755663272746,0.5688153234002767,0.7283755663272744,0.781562313969607,0.5825957821488412,0.7677818552210429,0.6220020710426093,0.7283755663272746,0.781562313969607,0.5688153234002767,0.6751888186849423,0.7283755663272735,0.7421560250758389,0.8741553505057087,0.5688153234002765,0.7283755663272746,0.6751888186849421,0.6220020710426093,0.8347490616119404,0.5688153234002763,0.6751888186849421,0.6357825297911736,0.6614083599363781,0.781562313969607,0.6751888186849421,0.6889692774335063,0.6082216122940454,0.728375566327276,0.8347490616119408,0.5825957821488406,0.7677818552210439,0.728375566327274,0.6357825297911733,0.6614083599363793,0.728375566327274,0.7815623139696076,0.6220020710426097,0.6751888186849423,0.7953427727181709,0.5156285757579446,0.7145951075787106,0.7283755663272744,0.6220020710426095,0.6751888186849412,0.5688153234002765,0.7283755663272746,0.7283755663272744,0.5825957821488404,0.7677818552210439,0.6357825297911726,0.6614083599363784,0.6751888186849412,0.6220020710426102,0.7283755663272742,0.6220020710426093,0.7283755663272751,0.6751888186849416,0.6357825297911742,0.7677818552210431,0.6751888186849416,0.7283755663272746,0.7283755663272746,0.6220020710426093,0.6889692774335053,0.7145951075787111,0.6751888186849423,0.6751888186849416,0.6357825297911732,0.7677818552210435,0.6889692774335068,0.6614083599363784,0.6751888186849423,0.6751888186849421,0.688969277433506,0.7677818552210427,0.6357825297911744,0.7145951075787111,0.635782529791174,0.7145951075787111,0.728375566327274,0.6220020710426097,0.781562313969607,0.6751888186849412,0.6357825297911736,0.7145951075787114,0.6751888186849425,0.728375566327274,0.688969277433506,0.5550348646517126,0.781562313969607,0.6751888186849432,0.5688153234002772,0.8347490616119393,0.5688153234002763,0.7815623139696076,0.5825957821488412
0.376849356390833,0.33103094543670114,0.33103094543670114,0.27283672031551937,0.33103094543670103,0.40367895160692746,0.4474193956790646,0.2728367203155189,0.5056136208002451,0.38922517055788214,0.6657425151147441,0.5638078459214265,0.5056136208002455,0.7383905212849715,0.2872905013645644,0.3747713895088371,0.6220020710426079,0.5200674018492902,0.5638078459214265,0.6075482899935625,0.5056136208002453,0.5056136208002449,0.5638078459214265,0.5782616269704727,0.6657425151147446,0.5056136208002451,0.7383905212849707,0.5782616269704719,0.4329656146300183,0.6220020710426076,0.4474193956790633,0.622002071042608,0.6801962961637896,0.4618731767281089,0.6657425151147441,0.5056136208002449,0.622002071042608,0.6801962961637893,0.44741939567906347,0.563807845921427,0.6220020710426074,0.6364558520916536,0.7821309653571072,0.4474193956790632,0.6220020710426082,0.5638078459214265,0.5056136208002449,0.7383905212849713,0.4474193956790632,0.5638078459214263,0.5200674018492903,0.5493540648723819,0.6801962961637895,0.5638078459214267,0.5782616269704719,0.4911598397511998,0.6220020710426093,0.7383905212849717,0.46187317672810857,0.6657425151147448,0.6220020710426074,0.5200674018492903,0.5493540648723821,0.6220020710426074,0.6801962961637898,0.5056136208002453,0.5638078459214267,0.6946500772128346,0.3892251705578819,0.6075482899935631,0.622002071042608,0.5056136208002451,0.5638078459214261,0.4474193956790632,0.6220020710426082,0.622002071042608,0.46187317672810857,0.665742515114745,0.5200674018492898,0.5493540648723819,0.5638078459214261,0.5056136208002453,0.6220020710426074,0.5056136208002449,0.6220020710426086,0.5638078459214263,0.5200674018492908,0.6657425151147446,0.5638078459214261,0.6220020710426079,0.622002071042608,0.5056136208002451,0.5782616269704712,0.6075482899935629,0.5638078459214272,0.5638078459214263,0.52006740184929,0.6657425151147444,0.5782616269704725,0.5493540648723817,0.5638078459214267,0.5638078459214265,0.5782616269704719,0.6657425151147444,0.520067401849291,0.6075482899935631,0.5200674018492906,0.6075482899935634,0.6220020710426074,0.5056136208002453,0.6801962961637893,0.563807845921426,0.5200674018492903,0.6075482899935629,0.563807845921427,0.6220020710426076,0.5782616269704719,0.4329656146300182,0.6801962961637891,0.5638078459214274,0.44741939567906414,0.7383905212849705,0.4474193956790632,0.6801962961637898,0.4618731767281094
0.4583745567071472,0.3984720279838499,0.3984720279838499,0.34220299453286157,0.40030244442279284,0.5051298489622661,0.5165013442026555,0.3861329890674983,0.5819224598483588,0.4657235600684967,0.733288268574873,0.6345306604214604,0.5746007940925865,0.806998593652312,0.361474702598255,0.44828226844204644,0.6889692774335056,0.5938725021579797,0.6308698275435742,0.671527985807055,0.572770377653643,0.5874137091651886,0.6327002439825171,0.6483111191700254,0.7241361863801571,0.5764312105315293,0.7996769278965381,0.6464807027310814,0.5045513018930341,0.6944605267503353,0.5219925935194843,0.6853084445556192,0.7452383108844935,0.5357730522680486,0.7259666028190997,0.5782616269704722,0.6853084445556192,0.7434078944455501,0.5201621770805411,0.6327002439825176,0.6926301103113912,0.7009193197431267,0.8403350861600193,0.5201621770805409,0.6871388609945623,0.6345306604214604,0.5764312105315291,0.7996769278965385,0.5219925935194841,0.6363610768604038,0.5938725021579799,0.6152589523560672,0.7434078944455501,0.6327002439825173,0.6483111191700248,0.5644811682219084,0.6871388609945634,0.8033377607744254,0.5357730522680482,0.729627435696987,0.6889692774335053,0.5938725021579797,0.6170893687950112,0.6907996938724482,0.7415774780066074,0.5800920434094157,0.6308698275435745,0.7608491860720002,0.46755397650743963,0.671527985807055,0.6926301103113918,0.5746007940925862,0.63453066042146,0.5219925935194841,0.6871388609945623,0.6907996938724487,0.5376034687069915,0.729627435696987,0.593872502157979,0.6170893687950105,0.6363610768604034,0.5782616269704727,0.6926301103113918,0.5782616269704722,0.6871388609945628,0.6345306604214604,0.5920420857190373,0.7296274356969861,0.630869827543574,0.6871388609945623,0.6889692774335058,0.5782616269704725,0.6483111191700242,0.6770192351238854,0.6327002439825176,0.6345306604214602,0.5920420857190362,0.7296274356969863,0.646480702731082,0.6170893687950105,0.6327002439825176,0.6363610768604038,0.644650286292138,0.7314578521359292,0.5883812528411507,0.6806800680017717,0.5938725021579802,0.6733584022459987,0.6889692774335051,0.5764312105315296,0.7434078944455501,0.6345306604214598,0.5902116692800936,0.6751888186849421,0.6308698275435746,0.6907996938724482,0.6501415356089677,0.5063817183319771,0.7452383108844931,0.6345306604214616,0.5201621770805414,0.8033377607744242,0.5238230099584272,0.7415774780066072,0.5394338851459352
0.484232606107918,0.4607061869079197,0.4607061869079197,0.4080979863348177,0.45887577046897626,0.4935688032593762,0.560431338737293,0.3641679918001799,0.6038874571156777,0.5023318888473619,0.7485101471556505,0.6601564905666659,0.6112091228714513,0.8143202594080854,0.41946948157520725,0.48912997716802864,0.7145951075787107,0.6225806181118404,0.6638173234445524,0.701393195899378,0.6130395393103939,0.5983962077988481,0.6619869070056092,0.6770192351238865,0.7576622293503663,0.6093787064325074,0.8216419251638566,0.6788496515628287,0.5417381777411295,0.7091038582618812,0.5549400894204624,0.7182559404565975,0.7672033081518127,0.5718028339776823,0.7558318129114225,0.6075482899935638,0.7182559404565975,0.7690337245907554,0.5567705058594057,0.6619869070056095,0.7109342747008238,0.7332882685748738,0.8592177976186828,0.5567705058594055,0.7164255240176541,0.6601564905666661,0.6093787064325071,0.8216419251638575,0.5549400894204621,0.6583260741277226,0.6225806181118404,0.6487849953262764,0.7690337245907556,0.6619869070056092,0.6770192351238856,0.5906855454363444,0.7164255240176554,0.8179810922859718,0.5718028339776816,0.7521709800335371,0.7145951075787107,0.6225806181118402,0.646954578887334,0.7127646911397671,0.7708641410296991,0.605717873554621,0.6638173234445526,0.7822356362700889,0.5005014724084181,0.7013931958993782,0.7109342747008243,0.6112091228714507,0.6601564905666653,0.5549400894204624,0.7164255240176544,0.712764691139768,0.5699724175387383,0.7521709800335371,0.6225806181118397,0.6469545788873333,0.6583260741277221,0.6075482899935645,0.710934274700824,0.607548289993564,0.7164255240176549,0.6601564905666657,0.6244110345507844,0.7521709800335363,0.6638173234445522,0.7164255240176541,0.7145951075787111,0.607548289993564,0.677019235123885,0.6959019465825488,0.6619869070056095,0.6601564905666655,0.6244110345507833,0.7521709800335366,0.6788496515628294,0.6469545788873333,0.6619869070056095,0.658326074127723,0.6806800680017719,0.7503405635945929,0.628071867428671,0.6922411137046627,0.6225806181118408,0.6995627794604354,0.7145951075787106,0.6093787064325078,0.7690337245907556,0.6601564905666653,0.626241450989727,0.6977323630214921,0.6638173234445526,0.7127646911397674,0.6751888186849423,0.5399077613021861,0.7672033081518123,0.6601564905666671,0.5567705058594061,0.8179810922859704,0.5531096729815187,0.7708641410296996,0.568142001099796
0.4416492561742417,0.3967363867761559,0.3967363867761559,0.341045900394399,0.3967363867761558,0.4656287848372456,0.5081173595396703,0.3410459003943986,0.5638078459214263,0.4524268731579128,0.7176773933873645,0.6194983323031834,0.5638078459214267,0.7865697914484552,0.3542478120737317,0.4392249614785797,0.6751888186849404,0.5770097576007591,0.6194983323031834,0.6619869070056071,0.5638078459214265,0.5638078459214263,0.6194983323031833,0.6327002439825169,0.7176773933873649,0.5638078459214263,0.7865697914484544,0.6327002439825165,0.4949154478603364,0.6751888186849402,0.5081173595396692,0.6751888186849405,0.7308793050666977,0.5213192712190027,0.7176773933873647,0.5638078459214261,0.6751888186849405,0.7308793050666973,0.5081173595396694,0.6194983323031834,0.6751888186849402,0.6883907303642738,0.8290583661508789,0.5081173595396692,0.6751888186849404,0.6194983323031833,0.5638078459214261,0.7865697914484548,0.5081173595396692,0.6194983323031833,0.5770097576007596,0.6062964206238507,0.7308793050666975,0.6194983323031834,0.6327002439825162,0.5506059342420934,0.6751888186849416,0.7865697914484552,0.5213192712190022,0.7176773933873649,0.6751888186849402,0.5770097576007593,0.6062964206238513,0.6751888186849397,0.7308793050666978,0.5638078459214265,0.6194983323031836,0.7440812167460309,0.45242687315791247,0.661986907005608,0.6751888186849404,0.5638078459214263,0.6194983323031833,0.5081173595396692,0.6751888186849405,0.6751888186849405,0.5213192712190022,0.7176773933873654,0.5770097576007589,0.6062964206238509,0.6194983323031833,0.5638078459214265,0.6751888186849402,0.5638078459214261,0.6751888186849412,0.6194983323031833,0.5770097576007598,0.7176773933873647,0.6194983323031833,0.6751888186849404,0.6751888186849405,0.5638078459214263,0.632700243982516,0.6619869070056076,0.6194983323031839,0.6194983323031833,0.5770097576007591,0.7176773933873647,0.6327002439825169,0.6062964206238507,0.6194983323031834,0.6194983323031834,0.6327002439825167,0.7176773933873647,0.57700975760076,0.6619869070056082,0.5770097576007596,0.661986907005608,0.6751888186849402,0.5638078459214265,0.7308793050666973,0.6194983323031829,0.5770097576007596,0.6619869070056076,0.6194983323031834,0.6751888186849402,0.6327002439825165,0.4949154478603364,0.7308793050666973,0.6194983323031843,0.5081173595396701,0.7865697914484544,0.5081173595396692,0.7308793050666978,0.5213192712190031
0.43981883973529934,0.39673638677615697,0.39673638677615697,0.34104590039439997,0.39673638677615675,0.46745920127619006,0.5081173595396716,0.34104590039439925,0.563807845921427,0.4524268731579137,0.7158469769484224,0.6194983323031845,0.5638078459214281,0.7865697914484565,0.35607822851267573,0.4373945450396373,0.6751888186849412,0.5788401740397036,0.6194983323031843,0.660156490566665,0.5638078459214274,0.5638078459214272,0.6194983323031845,0.634530660421462,0.7158469769484228,0.5638078459214274,0.786569791448455,0.6345306604214607,0.49308503142139415,0.6751888186849414,0.5081173595396703,0.6751888186849416,0.7308793050666987,0.5231496876579471,0.7158469769484221,0.563807845921427,0.6751888186849418,0.7308793050666983,0.5081173595396703,0.6194983323031847,0.6751888186849407,0.6902211468032182,0.8272279497119364,0.5081173595396701,0.6751888186849418,0.6194983323031845,0.5638078459214272,0.7865697914484561,0.5081173595396701,0.6194983323031843,0.5788401740397036,0.6044660041849084,0.7308793050666983,0.6194983323031843,0.6345306604214609,0.5487755178031513,0.6751888186849432,0.7865697914484567,0.5231496876579464,0.715846976948423,0.6751888186849407,0.5788401740397036,0.6044660041849093,0.6751888186849407,0.7308793050666987,0.5638078459214274,0.6194983323031845,0.7459116331849747,0.45242687315791336,0.6601564905666657,0.6751888186849414,0.5638078459214274,0.6194983323031834,0.5081173595396701,0.6751888186849421,0.6751888186849416,0.5231496876579462,0.7158469769484233,0.5788401740397024,0.6044660041849086,0.6194983323031839,0.5638078459214276,0.675188818684941,0.5638078459214274,0.6751888186849423,0.6194983323031843,0.5788401740397044,0.7158469769484224,0.6194983323031839,0.6751888186849416,0.6751888186849416,0.563807845921427,0.63453066042146,0.6601564905666657,0.6194983323031852,0.6194983323031839,0.5788401740397031,0.7158469769484224,0.6345306604214616,0.6044660041849088,0.6194983323031847,0.6194983323031847,0.6345306604214604,0.7158469769484224,0.5788401740397047,0.6601564905666659,0.578840174039704,0.6601564905666661,0.675188818684941,0.5638078459214276,0.7308793050666983,0.6194983323031834,0.5788401740397038,0.6601564905666659,0.619498332303185,0.6751888186849412,0.6345306604214611,0.4930850314213939,0.7308793050666981,0.6194983323031859,0.5081173595396712,0.7865697914484552,0.5081173595396701,0.730879305066699,0.5231496876579473
0.3954050733626809,0.3327665866443939,0.3327665866443939,0.2739938144539811,0.33459700308333695,0.44134959929300366,0.45580338034204915,0.3179238089886181,0.5237282347271764,0.4025218574684654,0.6831838067411947,0.5788401740397027,0.5164065689714044,0.7588193234888274,0.2926869754501436,0.3856591129112461,0.6357825297911721,0.5350997299675662,0.5751793411618167,0.6189197852339524,0.5145761525324606,0.5292194840440063,0.5770097576007596,0.5920420857190366,0.6740317245464791,0.5182369854103468,0.7514976577330538,0.5902116692800928,0.4444318851016581,0.6412737791080013,0.4612946296588775,0.6321216969132858,0.6945553019815849,0.47449654133821084,0.6758621409854217,0.5200674018492898,0.6321216969132856,0.6927248855426411,0.45946421321993436,0.57700975760076,0.639443362669058,0.6471540250315622,0.7952381018051904,0.45946421321993414,0.6339521133522288,0.5788401740397027,0.5182369854103466,0.7514976577330544,0.4612946296588773,0.5806705904786461,0.5350997299675664,0.5601470130435405,0.6927248855426413,0.5770097576007598,0.5920420857190355,0.506865490169957,0.63395211335223,0.7551584906109414,0.4744965413382103,0.679522973863309,0.6357825297911717,0.5350997299675664,0.5619774294824843,0.6376129462301146,0.6908944691036983,0.5218978182882338,0.5751793411618165,0.7095876300998608,0.4043522739074083,0.618919785233953,0.6394433626690584,0.5164065689714037,0.5788401740397024,0.4612946296588775,0.6339521133522288,0.6376129462301152,0.4763269577771538,0.6795229738633091,0.5350997299675662,0.5619774294824836,0.5806705904786459,0.5200674018492902,0.639443362669058,0.5200674018492898,0.6339521133522293,0.5788401740397027,0.5332693135286236,0.6795229738633085,0.5751793411618162,0.6339521133522286,0.6357825297911723,0.52006740184929,0.5920420857190353,0.6244110345507824,0.5770097576007602,0.5788401740397023,0.5332693135286227,0.6795229738633085,0.590211669280093,0.5619774294824836,0.5770097576007596,0.5806705904786461,0.5883812528411495,0.6813533903022516,0.5296084806507377,0.6280718674286692,0.5350997299675667,0.6207502016728962,0.6357825297911717,0.5182369854103475,0.6927248855426411,0.5788401740397023,0.5314388970896801,0.6225806181118391,0.5751793411618165,0.637612946230115,0.5938725021579793,0.44626230154060126,0.6945553019815842,0.5788401740397038,0.4594642132199352,0.7551584906109401,0.4631250460978205,0.6908944691036986,0.4781573742160979
0.55086292233027,0.5264116282473748,0.5264116282473748,0.47630716641369747,0.5245812118084312,0.5536882200507514,0.6211293025978992,0.4323771718790599,0.6620816822368594,0.5655335914473927,0.8022754418672134,0.7158469769484228,0.6694033479926328,0.8624995295715686,0.48459637584543125,0.5554139655767149,0.7677818552210431,0.6776925574243666,0.7195078098263095,0.7576622293503658,0.6712337644315757,0.6565904329200299,0.7176773933873661,0.7296274356969877,0.8114275240619295,0.667572931553689,0.8698211953273403,0.7314578521359303,0.6055184274103911,0.7622906059042137,0.6156380532810687,0.7714426880989296,0.8178863170547205,0.6294185120296331,0.809597107622986,0.6657425151147457,0.7714426880989298,0.8197167334936634,0.6174684697200121,0.7176773933873661,0.7641210223431562,0.7833927304085507,0.9079756148513971,0.6174684697200119,0.7696122716599867,0.715846976948423,0.667572931553689,0.8698211953273409,0.6156380532810684,0.7140165605094799,0.6776925574243668,0.7075577675166888,0.8197167334936636,0.7176773933873661,0.7296274356969875,0.6519620563661818,0.7696122716599877,0.8661603624494553,0.6294185120296324,0.8059362747451001,0.7677818552210431,0.6776925574243664,0.7057273510777465,0.7659514387820995,0.8215471499326069,0.6639120986758025,0.7195078098263097,0.8298363593643412,0.5637031750084489,0.7576622293503659,0.7641210223431566,0.6694033479926323,0.7158469769484224,0.6156380532810686,0.7696122716599867,0.7659514387821001,0.6275880955906891,0.8059362747451003,0.6776925574243657,0.7057273510777459,0.7140165605094793,0.6657425151147464,0.7641210223431566,0.6657425151147457,0.7696122716599871,0.7158469769484228,0.6795229738633104,0.8059362747450995,0.7195078098263091,0.7696122716599865,0.7677818552210437,0.6657425151147457,0.7296274356969867,0.7521709800335368,0.7176773933873666,0.7158469769484224,0.6795229738633095,0.8059362747450998,0.7314578521359307,0.7057273510777459,0.7176773933873666,0.7140165605094799,0.7332882685748734,0.8041058583061561,0.6831838067411969,0.7485101471556505,0.6776925574243666,0.7558318129114232,0.7677818552210429,0.6675729315536895,0.8197167334936634,0.7158469769484221,0.6813533903022533,0.7540013964724801,0.7195078098263097,0.7659514387820997,0.7277970192580437,0.603688010971448,0.81788631705472,0.7158469769484239,0.6174684697200123,0.8661603624494538,0.6138076368421251,0.8215471499326071,0.6257576791517465
0.4602049731460913,0.39847202798385023,0.3984720279838501,0.342202994532862,0.4003024444227931,0.5032994325233233,0.5165013442026564,0.3861329890674989,0.5819224598483594,0.46572356006849747,0.7351186850138163,0.6345306604214609,0.574600794092587,0.8069985936523129,0.3596442861593121,0.4501126848809902,0.6889692774335056,0.592042085719037,0.6308698275435745,0.6733584022459983,0.5727703776536435,0.5874137091651894,0.6327002439825178,0.6464807027310829,0.7259666028191004,0.57643121053153,0.7996769278965383,0.6446502862921385,0.5063817183319781,0.6944605267503353,0.5219925935194849,0.6853084445556195,0.7452383108844941,0.5339426358291061,0.7277970192580431,0.5782616269704727,0.6853084445556197,0.7434078944455503,0.5201621770805418,0.632700243982518,0.6926301103113913,0.6990889033041837,0.8421655025989633,0.5201621770805416,0.6871388609945628,0.6345306604214609,0.5764312105315296,0.7996769278965394,0.5219925935194847,0.6363610768604042,0.5920420857190375,0.6170893687950108,0.7434078944455506,0.6327002439825178,0.646480702731082,0.5663115846608524,0.6871388609945641,0.8033377607744268,0.5339426358291057,0.7314578521359307,0.6889692774335053,0.592042085719037,0.618919785233955,0.6907996938724482,0.7415774780066077,0.5800920434094162,0.630869827543575,0.759018769633058,0.46755397650744046,0.673358402245999,0.692630110311392,0.5746007940925867,0.6345306604214602,0.5219925935194847,0.687138860994563,0.6907996938724491,0.5357730522680486,0.731457852135931,0.5920420857190364,0.6189197852339541,0.6363610768604037,0.5782616269704733,0.6926301103113915,0.5782616269704729,0.6871388609945634,0.6345306604214607,0.5902116692800943,0.7314578521359301,0.6308698275435745,0.6871388609945626,0.688969277433506,0.5782616269704729,0.6464807027310814,0.6788496515628286,0.6327002439825182,0.6345306604214604,0.5902116692800935,0.7314578521359301,0.6446502862921394,0.6189197852339541,0.632700243982518,0.6363610768604042,0.6428198698531956,0.733288268574873,0.5865508364022078,0.6825104844407153,0.5920420857190373,0.6751888186849423,0.6889692774335053,0.5764312105315302,0.7434078944455506,0.63453066042146,0.5883812528411507,0.6770192351238856,0.6308698275435748,0.6907996938724484,0.6483111191700252,0.5082121347709211,0.7452383108844935,0.634530660421462,0.5201621770805418,0.8033377607744251,0.5238230099584281,0.7415774780066083,0.5376034687069926
0.4249239556413366,0.3950007455684624,0.3950007455684624,0.33988880625593676,0.3931703291295191,0.42612772071222627,0.4997333748766855,0.2959588117212992,0.5456932319944939,0.439130186247329,0.7020665181998563,0.6044660041849069,0.5530148977502676,0.7661409892445992,0.3470209215492087,0.43016765451511324,0.6614083599363758,0.5601470130435392,0.6081268370627931,0.6524458282041598,0.55484531418921,0.5402019826776643,0.6062964206238498,0.6170893687950096,0.7112186003945731,0.5511844813113238,0.7734626550003708,0.618919785233952,0.4852795938276389,0.6559171106195458,0.4942421255598546,0.6650691928142624,0.7165202992489023,0.5068654901699565,0.7093881839556295,0.5493540648723801,0.6650691928142624,0.718350715687845,0.49607254199879774,0.6062964206238503,0.6577475270584892,0.6758621409854213,0.8177816461417385,0.4960725419987975,0.6632387763753191,0.6044660041849067,0.5511844813113234,0.7734626550003717,0.49424212555985414,0.602635587745963,0.5601470130435392,0.5973338888916347,0.718350715687845,0.60629642062385,0.6170893687950086,0.5367307002622784,0.6632387763753205,0.769801822122486,0.5068654901699565,0.7057273510777438,0.6614083599363751,0.5601470130435392,0.5955034724526919,0.6595779434974318,0.7201811321267886,0.5475236484334379,0.6081268370627929,0.7273132474200611,0.4372997698083856,0.6524458282041611,0.6577475270584894,0.5530148977502669,0.6044660041849063,0.49424212555985436,0.6632387763753194,0.6595779434974329,0.5050350737310132,0.7057273510777441,0.5601470130435388,0.5955034724526914,0.6026355877459633,0.5493540648723806,0.6577475270584889,0.5493540648723804,0.66323877637532,0.6044660041849067,0.5619774294824832,0.7057273510777438,0.6081268370627927,0.6632387763753188,0.661408359936376,0.5493540648723806,0.6170893687950082,0.6469545788873305,0.6062964206238507,0.6044660041849063,0.5619774294824821,0.7057273510777433,0.6189197852339524,0.5955034724526914,0.6062964206238498,0.6026355877459637,0.6207502016728953,0.7038969346388003,0.5656382623603701,0.6432937460094449,0.5601470130435399,0.6506154117652176,0.6614083599363756,0.5511844813113244,0.718350715687845,0.6044660041849058,0.563807845921426,0.6487849953262739,0.6081268370627931,0.6595779434974325,0.6152589523560661,0.4834491773886958,0.7165202992489017,0.6044660041849077,0.4960725419987988,0.7698018221224849,0.49241170912091103,0.720181132126789,0.5032046572920711
0.4416492561742423,0.3967363867761566,0.3967363867761566,0.3410459003943994,0.39673638677615647,0.46562878483724646,0.5081173595396705,0.3410459003943988,0.5638078459214265,0.45242687315791336,0.7176773933873649,0.6194983323031839,0.5638078459214272,0.7865697914484556,0.3542478120737321,0.4392249614785803,0.6751888186849407,0.5770097576007596,0.6194983323031839,0.6619869070056076,0.5638078459214265,0.5638078459214265,0.6194983323031839,0.6327002439825178,0.7176773933873654,0.5638078459214265,0.7865697914484548,0.6327002439825169,0.49491544786033687,0.6751888186849404,0.5081173595396696,0.675188818684941,0.7308793050666983,0.5213192712190029,0.7176773933873649,0.5638078459214263,0.6751888186849412,0.7308793050666978,0.5081173595396696,0.6194983323031839,0.6751888186849404,0.6883907303642742,0.8290583661508794,0.5081173595396694,0.6751888186849412,0.6194983323031839,0.5638078459214263,0.7865697914484552,0.5081173595396694,0.6194983323031834,0.5770097576007596,0.606296420623851,0.7308793050666978,0.6194983323031839,0.6327002439825169,0.5506059342420936,0.6751888186849421,0.7865697914484556,0.5213192712190027,0.7176773933873655,0.6751888186849405,0.5770097576007596,0.6062964206238517,0.6751888186849404,0.7308793050666983,0.563807845921427,0.6194983323031839,0.7440812167460313,0.45242687315791313,0.6619869070056084,0.6751888186849407,0.5638078459214265,0.6194983323031833,0.5081173595396696,0.6751888186849412,0.6751888186849412,0.5213192712190027,0.7176773933873657,0.5770097576007589,0.6062964206238513,0.6194983323031836,0.563807845921427,0.6751888186849404,0.5638078459214265,0.6751888186849416,0.6194983323031839,0.5770097576007602,0.7176773933873651,0.6194983323031834,0.6751888186849407,0.6751888186849412,0.5638078459214265,0.6327002439825165,0.661986907005608,0.6194983323031845,0.6194983323031833,0.5770097576007593,0.7176773933873649,0.6327002439825173,0.6062964206238513,0.6194983323031839,0.6194983323031841,0.6327002439825169,0.7176773933873654,0.5770097576007607,0.6619869070056084,0.5770097576007602,0.6619869070056084,0.6751888186849407,0.5638078459214272,0.7308793050666978,0.6194983323031833,0.5770097576007598,0.6619869070056082,0.6194983323031836,0.6751888186849407,0.6327002439825171,0.49491544786033687,0.7308793050666975,0.6194983323031847,0.5081173595396701,0.7865697914484546,0.5081173595396694,0.7308793050666983,0.5213192712190029
0.4379884232963562,0.39673638677615697,0.39673638677615697,0.3410459003944001,0.39673638677615675,0.4692896177151333,0.5081173595396716,0.34104590039439964,0.5638078459214272,0.4524268731579138,0.7140165605094795,0.6194983323031847,0.5638078459214285,0.7865697914484567,0.35790864495161906,0.43556412860069427,0.6751888186849414,0.5806705904786469,0.6194983323031847,0.6583260741277221,0.5638078459214274,0.5638078459214274,0.619498332303185,0.6363610768604056,0.7140165605094795,0.5638078459214274,0.786569791448455,0.6363610768604042,0.491254614982451,0.6751888186849412,0.5081173595396703,0.6751888186849416,0.730879305066699,0.52498010409689,0.714016560509479,0.5638078459214272,0.6751888186849418,0.7308793050666985,0.5081173595396703,0.619498332303185,0.675188818684941,0.6920515632421613,0.8253975332729935,0.5081173595396703,0.6751888186849418,0.619498332303185,0.5638078459214272,0.7865697914484563,0.5081173595396701,0.6194983323031847,0.5806705904786469,0.6026355877459655,0.7308793050666983,0.6194983323031847,0.6363610768604044,0.5469451013642082,0.6751888186849432,0.7865697914484574,0.5249801040968896,0.7140165605094801,0.675188818684941,0.5806705904786467,0.6026355877459665,0.6751888186849407,0.7308793050666987,0.5638078459214276,0.6194983323031847,0.7477420496239184,0.45242687315791347,0.6583260741277228,0.6751888186849416,0.5638078459214276,0.6194983323031839,0.5081173595396703,0.6751888186849421,0.6751888186849416,0.5249801040968893,0.7140165605094804,0.5806705904786459,0.6026355877459659,0.6194983323031843,0.5638078459214279,0.6751888186849407,0.5638078459214274,0.6751888186849425,0.6194983323031847,0.580670590478648,0.7140165605094795,0.6194983323031843,0.6751888186849416,0.6751888186849418,0.5638078459214272,0.6363610768604034,0.6583260741277226,0.6194983323031854,0.6194983323031841,0.5806705904786464,0.7140165605094795,0.6363610768604049,0.6026355877459659,0.6194983323031847,0.619498332303185,0.6363610768604042,0.7140165605094795,0.5806705904786482,0.658326074127723,0.5806705904786476,0.658326074127723,0.6751888186849412,0.5638078459214281,0.7308793050666983,0.6194983323031836,0.5806705904786469,0.6583260741277228,0.619498332303185,0.6751888186849412,0.6363610768604044,0.491254614982451,0.7308793050666983,0.6194983323031863,0.5081173595396712,0.7865697914484556,0.5081173595396701,0.7308793050666994,0.5249801040968904
0.4620353895850334,0.39847202798384934,0.39847202798384945,0.3422029945328613,0.4003024444227924,0.5014690160843793,0.5165013442026554,0.3861329890674982,0.5819224598483583,0.46572356006849647,0.7369491014527586,0.6345306604214598,0.574600794092586,0.8069985936523113,0.35781386972036816,0.4519431013199326,0.6889692774335047,0.5902116692800926,0.6308698275435733,0.6751888186849404,0.5727703776536425,0.5874137091651882,0.6327002439825165,0.644650286292138,0.727797019258043,0.5764312105315289,0.7996769278965377,0.6428198698531943,0.5082121347709202,0.6944605267503343,0.5219925935194841,0.6853084445556186,0.7452383108844931,0.5321122193901621,0.7296274356969856,0.5782616269704717,0.6853084445556186,0.7434078944455496,0.5201621770805409,0.6327002439825169,0.6926301103113908,0.6972584868652395,0.8439959190379052,0.5201621770805406,0.6871388609945618,0.6345306604214598,0.5764312105315285,0.7996769278965381,0.5219925935194837,0.636361076860403,0.590211669280093,0.618919785233953,0.7434078944455497,0.6327002439825167,0.6446502862921374,0.5681420010997945,0.6871388609945628,0.8033377607744251,0.5321122193901617,0.7332882685748725,0.6889692774335044,0.5902116692800928,0.6207502016728969,0.6907996938724476,0.741577478006607,0.5800920434094152,0.6308698275435736,0.7571883531941138,0.4675539765074394,0.675188818684941,0.692630110311391,0.5746007940925856,0.6345306604214594,0.5219925935194839,0.6871388609945618,0.6907996938724482,0.5339426358291046,0.733288268574873,0.5902116692800922,0.6207502016728962,0.6363610768604028,0.5782616269704722,0.692630110311391,0.5782616269704719,0.6871388609945623,0.6345306604214598,0.5883812528411498,0.7332882685748721,0.6308698275435731,0.6871388609945616,0.6889692774335049,0.5782616269704721,0.6446502862921372,0.6806800680017706,0.6327002439825171,0.6345306604214596,0.5883812528411493,0.7332882685748721,0.642819869853195,0.620750201672896,0.6327002439825169,0.636361076860403,0.6409894534142512,0.7351186850138155,0.5847204199632634,0.6843409008796574,0.5902116692800928,0.6770192351238845,0.6889692774335044,0.5764312105315289,0.7434078944455496,0.6345306604214594,0.5865508364022063,0.6788496515628275,0.6308698275435738,0.6907996938724478,0.6464807027310808,0.5100425512098631,0.7452383108844927,0.6345306604214609,0.5201621770805411,0.8033377607744238,0.523823009958427,0.741577478006607,0.5357730522680486
0.5490325058913269,0.5264116282473748,0.5264116282473748,0.4763071664136976,0.5245812118084314,0.5555186364896949,0.6211293025978999,0.4323771718790599,0.6620816822368591,0.5655335914473929,0.8004450254282711,0.7158469769484233,0.6694033479926335,0.8624995295715695,0.4864267922843746,0.553583549137772,0.7677818552210437,0.67952297386331,0.7195078098263099,0.755831812911423,0.6712337644315757,0.6565904329200302,0.7176773933873668,0.7314578521359322,0.8095971076229873,0.6675729315536892,0.8698211953273411,0.7332882685748741,0.603688010971448,0.7622906059042142,0.6156380532810691,0.7714426880989305,0.8178863170547211,0.6312489284685764,0.8077666911840435,0.6657425151147457,0.7714426880989307,0.819716733493664,0.6174684697200121,0.7176773933873668,0.7641210223431566,0.785223146847495,0.9061451984124547,0.6174684697200121,0.7696122716599875,0.7158469769484237,0.667572931553689,0.8698211953273418,0.6156380532810684,0.7140165605094804,0.6795229738633102,0.7057273510777461,0.8197167334936645,0.7176773933873666,0.7314578521359313,0.6501316399272387,0.7696122716599886,0.8661603624494557,0.6312489284685759,0.8041058583061581,0.7677818552210435,0.6795229738633097,0.7038969346388038,0.7659514387821001,0.8215471499326082,0.6639120986758027,0.7195078098263101,0.831666775803285,0.5637031750084491,0.7558318129114237,0.7641210223431573,0.6694033479926323,0.7158469769484226,0.6156380532810686,0.7696122716599877,0.765951438782101,0.6294185120296322,0.8041058583061581,0.679522973863309,0.7038969346388033,0.7140165605094795,0.6657425151147465,0.7641210223431568,0.6657425151147459,0.7696122716599879,0.7158469769484235,0.6813533903022542,0.804105858306157,0.7195078098263095,0.7696122716599875,0.7677818552210444,0.6657425151147457,0.7314578521359303,0.7503405635945942,0.7176773933873672,0.7158469769484228,0.6813533903022531,0.8041058583061572,0.733288268574875,0.7038969346388031,0.7176773933873668,0.7140165605094807,0.7351186850138172,0.8022754418672141,0.6850142231801412,0.7466797307167079,0.6795229738633104,0.7540013964724808,0.7677818552210435,0.6675729315536899,0.819716733493664,0.7158469769484224,0.6831838067411967,0.7521709800335376,0.7195078098263099,0.7659514387821004,0.7296274356969877,0.6018575945325051,0.8178863170547209,0.7158469769484249,0.6174684697200126,0.8661603624494545,0.6138076368421251,0.821547149932608,0.6275880955906903
0.399065906240567,0.3327665866443935,0.3327665866443935,0.27399381445398097,0.3345970030833365,0.43768876641511684,0.4558033803420484,0.3179238089886179,0.5237282347271762,0.4025218574684651,0.6868446396190806,0.5788401740397023,0.5164065689714037,0.7588193234888267,0.2890261425722569,0.38931994578913215,0.6357825297911717,0.5314388970896794,0.575179341161816,0.6225806181118384,0.5145761525324601,0.5292194840440059,0.5770097576007587,0.5883812528411496,0.6776925574243651,0.5182369854103466,0.7514976577330533,0.5865508364022058,0.4480927179795445,0.6412737791080011,0.4612946296588772,0.6321216969132856,0.6945553019815844,0.47083570846032424,0.6795229738633081,0.5200674018492896,0.6321216969132853,0.6927248855426409,0.45946421321993425,0.5770097576007593,0.639443362669058,0.6434931921536755,0.7988989346830763,0.4594642132199338,0.6339521133522286,0.5788401740397023,0.5182369854103462,0.7514976577330538,0.4612946296588772,0.5806705904786454,0.5314388970896796,0.5638078459214263,0.6927248855426411,0.5770097576007591,0.5883812528411488,0.5105263230478431,0.6339521133522296,0.7551584906109403,0.4708357084603239,0.6831838067411947,0.6357825297911714,0.5314388970896796,0.5656382623603701,0.6376129462301146,0.6908944691036983,0.5218978182882331,0.575179341161816,0.705926797221974,0.40435227390740813,0.6225806181118391,0.639443362669058,0.5164065689714032,0.5788401740397021,0.4612946296588773,0.6339521133522286,0.637612946230115,0.47266612489926707,0.6831838067411952,0.5314388970896792,0.5656382623603697,0.5806705904786454,0.5200674018492898,0.6394433626690578,0.5200674018492896,0.6339521133522292,0.5788401740397023,0.5296084806507367,0.6831838067411943,0.5751793411618158,0.6339521133522281,0.6357825297911719,0.5200674018492898,0.5883812528411484,0.6280718674286685,0.5770097576007598,0.5788401740397019,0.5296084806507358,0.6831838067411943,0.5865508364022063,0.5656382623603697,0.5770097576007593,0.5806705904786457,0.5847204199632627,0.6850142231801379,0.5259476477728504,0.6317327003065553,0.5314388970896798,0.6244110345507824,0.6357825297911714,0.5182369854103468,0.6927248855426409,0.5788401740397019,0.5277780642117934,0.6262414509897254,0.575179341161816,0.6376129462301146,0.5902116692800924,0.4499231344184875,0.6945553019815838,0.5788401740397029,0.4594642132199346,0.7551584906109396,0.4631250460978202,0.6908944691036981,0.47449654133821084
0.480571773230031,0.4607061869079192,0.4607061869079192,0.4080979863348175,0.4588757704689757,0.497229636137262,0.560431338737293,0.3641679918001798,0.603887457115677,0.5023318888473615,0.7448493142777634,0.6601564905666655,0.6112091228714509,0.8143202594080847,0.42313031445309335,0.48546914429014176,0.7145951075787106,0.6262414509897264,0.663817323444552,0.697732363021491,0.6130395393103937,0.5983962077988478,0.6619869070056088,0.6806800680017727,0.7540013964724797,0.6093787064325069,0.8216419251638566,0.6825104844407148,0.5380773448632428,0.7091038582618807,0.5549400894204621,0.718255940456597,0.7672033081518125,0.5754636668555685,0.7521709800335361,0.6075482899935634,0.7182559404565972,0.7690337245907551,0.5567705058594052,0.661986907005609,0.7109342747008236,0.7369491014527602,0.8555569647407959,0.5567705058594052,0.7164255240176541,0.6601564905666657,0.6093787064325069,0.8216419251638573,0.5549400894204619,0.6583260741277221,0.6262414509897264,0.6451241624483895,0.7690337245907554,0.6619869070056088,0.6806800680017719,0.5870247125584578,0.7164255240176551,0.8179810922859713,0.5754636668555678,0.7485101471556502,0.7145951075787104,0.6262414509897262,0.6432937460094472,0.7127646911397667,0.7708641410296991,0.6057178735546207,0.6638173234445524,0.7858964691479746,0.5005014724084179,0.6977323630214917,0.7109342747008238,0.6112091228714502,0.660156490566665,0.5549400894204621,0.7164255240176541,0.7127646911397676,0.5736332504166245,0.7485101471556505,0.6262414509897256,0.6432937460094469,0.6583260741277221,0.607548289993564,0.7109342747008236,0.6075482899935636,0.7164255240176547,0.6601564905666655,0.6280718674286704,0.7485101471556496,0.6638173234445518,0.7164255240176537,0.7145951075787109,0.6075482899935638,0.680680068001771,0.6922411137046618,0.6619869070056095,0.660156490566665,0.6280718674286694,0.7485101471556498,0.6825104844407153,0.6432937460094467,0.661986907005609,0.6583260741277228,0.6843409008796582,0.7466797307167067,0.6317327003065571,0.6885802808267758,0.6262414509897268,0.6959019465825488,0.7145951075787104,0.6093787064325076,0.7690337245907551,0.6601564905666648,0.6299022838676132,0.6940715301436052,0.663817323444552,0.7127646911397671,0.6788496515628287,0.5362469284242997,0.7672033081518118,0.6601564905666668,0.5567705058594061,0.8179810922859702,0.5531096729815185,0.7708641410296989,0.5718028339776823
0.39357465692373894,0.3327665866443949,0.3327665866443949,0.273993814453982,0.33459700308333773,0.44318001573194804,0.4558033803420498,0.3179238089886189,0.5237282347271771,0.4025218574684666,0.6813533903022518,0.5788401740397033,0.5164065689714048,0.7588193234888283,0.2945173918890876,0.38382869647230394,0.6357825297911723,0.5369301464065102,0.5751793411618167,0.6170893687950094,0.5145761525324613,0.529219484044007,0.57700975760076,0.5938725021579806,0.6722013081075361,0.5182369854103477,0.751497657733054,0.5920420857190364,0.44260146866271616,0.6412737791080018,0.4612946296588786,0.632121696913286,0.6945553019815854,0.47632695777715517,0.6740317245464786,0.5200674018492906,0.6321216969132862,0.6927248855426414,0.4594642132199355,0.5770097576007602,0.6394433626690584,0.6489844414705057,0.7934076853662477,0.4594642132199352,0.6339521133522293,0.5788401740397031,0.5182369854103472,0.7514976577330549,0.46129462965887824,0.5806705904786463,0.5369301464065104,0.5583165966045975,0.6927248855426414,0.57700975760076,0.5938725021579795,0.5050350737310146,0.6339521133522307,0.7551584906109424,0.4763269577771547,0.677692557424366,0.6357825297911714,0.5369301464065102,0.5601470130435415,0.6376129462301146,0.6908944691036986,0.521897818288234,0.5751793411618167,0.7114180465388048,0.4043522739074095,0.6170893687950105,0.6394433626690588,0.5164065689714044,0.5788401740397024,0.4612946296588786,0.6339521133522296,0.6376129462301154,0.4781573742160978,0.6776925574243664,0.5369301464065093,0.5601470130435411,0.5806705904786461,0.520067401849291,0.639443362669058,0.5200674018492906,0.6339521133522302,0.5788401740397031,0.5350997299675676,0.677692557424366,0.5751793411618162,0.6339521133522292,0.6357825297911726,0.5200674018492906,0.5938725021579787,0.6225806181118395,0.5770097576007607,0.5788401740397027,0.5350997299675664,0.6776925574243655,0.5920420857190368,0.5601470130435411,0.57700975760076,0.5806705904786464,0.590211669280093,0.679522973863309,0.5314388970896814,0.6262414509897264,0.5369301464065106,0.6189197852339534,0.6357825297911719,0.5182369854103479,0.6927248855426414,0.5788401740397023,0.5332693135286238,0.6207502016728966,0.5751793411618171,0.6376129462301154,0.595702918596923,0.44443188510165915,0.6945553019815847,0.5788401740397044,0.45946421321993564,0.7551584906109408,0.4631250460978215,0.6908944691036994,0.47998779065504155
0.487893438985803,0.46070618690791854,0.4607061869079184,0.40809798633481703,0.4588757704689753,0.4899079703814888,0.5604313387372926,0.3641679918001798,0.6038874571156767,0.5023318888473608,0.7521709800335352,0.660156490566665,0.6112091228714502,0.8143202594080843,0.41580864869732004,0.4927908100459141,0.7145951075787097,0.618919785233953,0.6638173234445514,0.7050540287772628,0.613039539310393,0.5983962077988473,0.6619869070056082,0.6733584022459992,0.7613230622282515,0.6093787064325067,0.8216419251638558,0.6751888186849414,0.545399010619015,0.7091038582618798,0.5549400894204617,0.7182559404565961,0.7672033081518118,0.5681420010997948,0.759492645789308,0.6075482899935629,0.7182559404565964,0.7690337245907545,0.5567705058594048,0.6619869070056084,0.7109342747008227,0.7296274356969863,0.8628786304965682,0.5567705058594046,0.7164255240176532,0.660156490566665,0.6093787064325062,0.8216419251638566,0.5549400894204612,0.6583260741277217,0.6189197852339532,0.6524458282041619,0.7690337245907547,0.6619869070056082,0.6733584022459981,0.5943463783142303,0.7164255240176546,0.817981092285971,0.5681420010997946,0.7558318129114221,0.7145951075787093,0.618919785233953,0.6506154117652194,0.7127646911397661,0.7708641410296981,0.6057178735546203,0.6638173234445516,0.7785748033922014,0.500501472408417,0.7050540287772638,0.7109342747008234,0.6112091228714497,0.6601564905666643,0.5549400894204615,0.7164255240176535,0.7127646911397667,0.5663115846608511,0.7558318129114225,0.6189197852339524,0.6506154117652188,0.6583260741277213,0.6075482899935638,0.7109342747008227,0.6075482899935631,0.7164255240176539,0.6601564905666648,0.6207502016728971,0.7558318129114218,0.6638173234445509,0.716425524017653,0.7145951075787101,0.6075482899935631,0.6733584022459976,0.699562779460434,0.6619869070056086,0.6601564905666646,0.620750201672896,0.7558318129114218,0.6751888186849421,0.6506154117652185,0.6619869070056082,0.6583260741277219,0.6770192351238845,0.7540013964724788,0.6244110345507835,0.6959019465825479,0.6189197852339534,0.7032236123383206,0.7145951075787095,0.6093787064325069,0.7690337245907545,0.6601564905666643,0.6225806181118395,0.7013931958993771,0.6638173234445516,0.7127646911397664,0.671527985807055,0.543568594180072,0.7672033081518111,0.6601564905666661,0.5567705058594057,0.8179810922859695,0.5531096729815179,0.7708641410296985,0.5644811682219091
0.5046187395187088,0.4624418281156125,0.4624418281156125,0.40925508047327963,0.4624418281156123,0.5294090345065089,0.5688153234002781,0.4092550804732792,0.6220020710426093,0.5156285757579451,0.7677818552210439,0.6751888186849421,0.6220020710426104,0.8347490616119411,0.4230355392218434,0.5018481170093807,0.7283755663272746,0.6357825297911736,0.6751888186849421,0.7145951075787109,0.6220020710426097,0.6220020710426097,0.6751888186849423,0.6889692774335077,0.7677818552210439,0.6220020710426097,0.8347490616119395,0.6889692774335063,0.5550348646517128,0.7283755663272746,0.5688153234002767,0.7283755663272748,0.7815623139696078,0.5825957821488412,0.7677818552210435,0.6220020710426093,0.7283755663272751,0.7815623139696074,0.5688153234002767,0.6751888186849423,0.7283755663272742,0.7421560250758393,0.8741553505057087,0.5688153234002767,0.7283755663272751,0.6751888186849423,0.6220020710426095,0.8347490616119404,0.5688153234002765,0.6751888186849423,0.6357825297911738,0.6614083599363784,0.7815623139696074,0.6751888186849423,0.688969277433507,0.6082216122940456,0.7283755663272765,0.8347490616119413,0.5825957821488406,0.7677818552210446,0.7283755663272744,0.6357825297911736,0.6614083599363795,0.7283755663272742,0.7815623139696078,0.6220020710426095,0.6751888186849427,0.7953427727181714,0.5156285757579446,0.7145951075787111,0.7283755663272746,0.6220020710426097,0.6751888186849414,0.5688153234002767,0.7283755663272755,0.7283755663272751,0.5825957821488404,0.7677818552210446,0.6357825297911726,0.6614083599363786,0.6751888186849416,0.6220020710426102,0.7283755663272744,0.6220020710426095,0.7283755663272757,0.6751888186849421,0.6357825297911744,0.7677818552210435,0.6751888186849418,0.7283755663272753,0.7283755663272751,0.6220020710426093,0.6889692774335058,0.7145951075787116,0.6751888186849427,0.6751888186849418,0.6357825297911732,0.7677818552210437,0.6889692774335072,0.6614083599363786,0.6751888186849427,0.6751888186849425,0.6889692774335063,0.7677818552210435,0.6357825297911747,0.7145951075787118,0.635782529791174,0.714595107578712,0.7283755663272744,0.6220020710426102,0.7815623139696074,0.6751888186849412,0.6357825297911738,0.7145951075787118,0.6751888186849427,0.7283755663272744,0.6889692774335063,0.5550348646517128,0.7815623139696072,0.6751888186849435,0.5688153234002774,0.8347490616119395,0.5688153234002765,0.7815623139696081,0.5825957821488414
0.37867977282977594,0.3310309454367008,0.3310309454367009,0.27283672031551914,0.3310309454367007,0.4018485351679842,0.447419395679064,0.2728367203155187,0.5056136208002443,0.389225170557882,0.6675729315536865,0.563807845921426,0.5056136208002449,0.7383905212849712,0.28546008492562097,0.3766018059477801,0.6220020710426074,0.5182369854103462,0.563807845921426,0.609378706432505,0.5056136208002443,0.5056136208002443,0.563807845921426,0.5764312105315289,0.6675729315536871,0.5056136208002444,0.7383905212849703,0.576431210531528,0.43479603106896136,0.622002071042607,0.4474193956790631,0.6220020710426074,0.6801962961637893,0.46004276028916513,0.6675729315536867,0.5056136208002441,0.6220020710426074,0.6801962961637888,0.4474193956790631,0.5638078459214261,0.6220020710426067,0.6346254356527098,0.78396138179605,0.44741939567906275,0.6220020710426074,0.563807845921426,0.5056136208002443,0.738390521284971,0.44741939567906275,0.5638078459214255,0.5182369854103466,0.5511844813113241,0.6801962961637888,0.563807845921426,0.5764312105315279,0.49299025619014253,0.6220020710426086,0.7383905212849717,0.46004276028916513,0.6675729315536871,0.6220020710426067,0.5182369854103466,0.5511844813113246,0.6220020710426067,0.6801962961637891,0.5056136208002449,0.5638078459214257,0.6928196607738912,0.3892251705578818,0.6093787064325058,0.6220020710426074,0.5056136208002443,0.5638078459214253,0.44741939567906286,0.6220020710426076,0.6220020710426074,0.460042760289165,0.6675729315536879,0.518236985410346,0.5511844813113241,0.5638078459214257,0.5056136208002444,0.6220020710426067,0.5056136208002443,0.6220020710426082,0.563807845921426,0.518236985410347,0.6675729315536871,0.5638078459214255,0.6220020710426072,0.6220020710426074,0.5056136208002444,0.5764312105315275,0.6093787064325055,0.5638078459214265,0.5638078459214255,0.5182369854103462,0.6675729315536871,0.5764312105315285,0.5511844813113241,0.563807845921426,0.563807845921426,0.5764312105315279,0.6675729315536871,0.5182369854103472,0.6093787064325058,0.5182369854103468,0.6093787064325058,0.622002071042607,0.5056136208002449,0.6801962961637886,0.5638078459214251,0.5182369854103464,0.6093787064325055,0.563807845921426,0.6220020710426072,0.5764312105315282,0.43479603106896114,0.6801962961637886,0.563807845921427,0.4474193956790638,0.7383905212849705,0.44741939567906286,0.6801962961637895,0.46004276028916563
0.5694186393021179,0.5281472694550678,0.5281472694550678,0.4774642605521596,0.5281472694550674,0.5913588677368277,0.6295132872608843,0.4774642605521592,0.680196296163791,0.5788302783579761,0.8197167334936645,0.7308793050666992,0.6801962961637918,0.8829283317754247,0.4899928499310107,0.566301688979124,0.7815623139696076,0.692724885542643,0.7308793050666994,0.7690337245907558,0.6801962961637914,0.6801962961637914,0.7308793050666994,0.7434078944455521,0.8197167334936645,0.6801962961637912,0.8829283317754234,0.7434078944455512,0.6169846978820314,0.7815623139696074,0.6295132872608832,0.7815623139696076,0.8322453228725156,0.6420418766397352,0.819716733493664,0.680196296163791,0.7815623139696078,0.8322453228725156,0.629513287260883,0.7308793050666996,0.781562313969607,0.7940909033484597,0.9210827512994803,0.6295132872608827,0.7815623139696078,0.7308793050666994,0.680196296163791,0.8829283317754243,0.6295132872608827,0.7308793050666996,0.6927248855426432,0.718350715687848,0.8322453228725156,0.7308793050666994,0.7434078944455517,0.6676677067849391,0.7815623139696088,0.8829283317754247,0.6420418766397346,0.8197167334936649,0.7815623139696076,0.6927248855426428,0.7183507156878487,0.7815623139696072,0.8322453228725163,0.680196296163791,0.7308793050666998,0.8447739122513674,0.5788302783579754,0.769033724590756,0.7815623139696074,0.6801962961637912,0.730879305066699,0.6295132872608827,0.7815623139696078,0.7815623139696076,0.6420418766397343,0.8197167334936649,0.6927248855426421,0.7183507156878483,0.730879305066699,0.6801962961637916,0.7815623139696074,0.680196296163791,0.7815623139696083,0.7308793050666992,0.6927248855426437,0.8197167334936638,0.7308793050666994,0.7815623139696078,0.7815623139696078,0.680196296163791,0.743407894445551,0.7690337245907565,0.7308793050666996,0.730879305066699,0.6927248855426428,0.819716733493664,0.7434078944455517,0.718350715687848,0.7308793050666998,0.7308793050666996,0.7434078944455514,0.8197167334936638,0.6927248855426441,0.7690337245907567,0.6927248855426432,0.7690337245907565,0.7815623139696072,0.6801962961637916,0.8322453228725156,0.7308793050666987,0.6927248855426432,0.7690337245907567,0.7308793050666996,0.7815623139696074,0.7434078944455512,0.6169846978820314,0.8322453228725154,0.7308793050667003,0.6295132872608836,0.8829283317754232,0.6295132872608827,0.8322453228725163,0.6420418766397352
0.43981883973529934,0.39673638677615697,0.39673638677615697,0.34104590039439997,0.39673638677615675,0.46745920127619006,0.5081173595396716,0.3410459003943994,0.5638078459214272,0.4524268731579138,0.7158469769484224,0.6194983323031845,0.5638078459214281,0.7865697914484567,0.3560782285126758,0.43739454503963743,0.6751888186849414,0.5788401740397033,0.6194983323031843,0.6601564905666653,0.5638078459214276,0.5638078459214272,0.6194983323031847,0.634530660421462,0.7158469769484228,0.5638078459214274,0.786569791448455,0.6345306604214609,0.49308503142139415,0.6751888186849416,0.5081173595396703,0.6751888186849416,0.730879305066699,0.5231496876579471,0.7158469769484221,0.563807845921427,0.6751888186849418,0.7308793050666983,0.5081173595396703,0.6194983323031847,0.6751888186849407,0.6902211468032182,0.8272279497119366,0.5081173595396701,0.6751888186849418,0.6194983323031845,0.5638078459214272,0.7865697914484561,0.5081173595396701,0.6194983323031843,0.5788401740397036,0.6044660041849086,0.7308793050666983,0.6194983323031845,0.6345306604214609,0.5487755178031513,0.6751888186849432,0.7865697914484572,0.5231496876579464,0.715846976948423,0.675188818684941,0.5788401740397036,0.6044660041849093,0.6751888186849407,0.7308793050666987,0.5638078459214274,0.6194983323031847,0.7459116331849747,0.45242687315791336,0.6601564905666657,0.6751888186849414,0.5638078459214274,0.6194983323031834,0.5081173595396701,0.6751888186849421,0.6751888186849416,0.5231496876579462,0.7158469769484233,0.5788401740397027,0.6044660041849088,0.6194983323031839,0.5638078459214276,0.675188818684941,0.5638078459214274,0.6751888186849423,0.6194983323031843,0.5788401740397044,0.7158469769484224,0.6194983323031841,0.6751888186849416,0.6751888186849416,0.5638078459214274,0.63453066042146,0.6601564905666659,0.619498332303185,0.6194983323031839,0.5788401740397031,0.7158469769484226,0.6345306604214616,0.6044660041849086,0.6194983323031847,0.6194983323031847,0.6345306604214607,0.7158469769484224,0.5788401740397047,0.6601564905666659,0.578840174039704,0.6601564905666661,0.675188818684941,0.5638078459214276,0.7308793050666983,0.6194983323031834,0.5788401740397038,0.6601564905666659,0.6194983323031847,0.6751888186849412,0.6345306604214609,0.49308503142139415,0.7308793050666981,0.6194983323031859,0.5081173595396712,0.7865697914484552,0.5081173595396701,0.730879305066699,0.5231496876579473
0.39723548980162426,0.3327665866443939,0.3327665866443939,0.2739938144539812,0.33459700308333695,0.4395191828540605,0.45580338034204926,0.3179238089886181,0.5237282347271764,0.4025218574684656,0.6850142231801382,0.5788401740397029,0.5164065689714044,0.7588193234888274,0.2908565590112005,0.38748952935018943,0.6357825297911721,0.533269313528623,0.5751793411618167,0.6207502016728957,0.5145761525324608,0.5292194840440063,0.5770097576007596,0.5902116692800933,0.6758621409854222,0.5182369854103468,0.7514976577330538,0.5883812528411496,0.44626230154060126,0.6412737791080015,0.4612946296588775,0.6321216969132858,0.6945553019815849,0.4726661248992678,0.6776925574243651,0.5200674018492898,0.6321216969132858,0.6927248855426413,0.45946421321993436,0.57700975760076,0.6394433626690582,0.6453236085926188,0.7970685182441335,0.45946421321993414,0.633952113352229,0.5788401740397027,0.5182369854103468,0.7514976577330544,0.4612946296588773,0.5806705904786461,0.5332693135286234,0.5619774294824839,0.6927248855426414,0.5770097576007598,0.5902116692800924,0.5086959066089001,0.63395211335223,0.7551584906109414,0.47266612489926735,0.6813533903022523,0.6357825297911717,0.5332693135286232,0.5638078459214276,0.6376129462301146,0.6908944691036986,0.5218978182882338,0.5751793411618165,0.7077572136609178,0.4043522739074085,0.6207502016728964,0.6394433626690585,0.5164065689714037,0.5788401740397024,0.4612946296588775,0.633952113352229,0.6376129462301154,0.4744965413382104,0.6813533903022525,0.5332693135286227,0.563807845921427,0.5806705904786459,0.5200674018492902,0.6394433626690582,0.52006740184929,0.6339521133522296,0.5788401740397027,0.5314388970896807,0.6813533903022518,0.5751793411618162,0.6339521133522288,0.6357825297911723,0.5200674018492902,0.5902116692800922,0.6262414509897258,0.5770097576007602,0.5788401740397024,0.5314388970896798,0.6813533903022518,0.5883812528411498,0.563807845921427,0.5770097576007596,0.5806705904786461,0.5865508364022065,0.6831838067411949,0.5277780642117949,0.6299022838676125,0.5332693135286238,0.6225806181118393,0.6357825297911717,0.5182369854103477,0.6927248855426413,0.5788401740397024,0.529608480650737,0.6244110345507824,0.5751793411618167,0.637612946230115,0.5920420857190362,0.4480927179795445,0.6945553019815844,0.578840174039704,0.4594642132199353,0.7551584906109401,0.4631250460978205,0.6908944691036988,0.47632695777715484
0.48606302254686096,0.4607061869079197,0.4607061869079195,0.4080979863348179,0.45887577046897626,0.491738386820433,0.560431338737293,0.3641679918001801,0.603887457115677,0.5023318888473619,0.7503405635945928,0.6601564905666655,0.6112091228714511,0.8143202594080854,0.41763906513626403,0.4909603936069718,0.7145951075787104,0.6207502016728966,0.663817323444552,0.7032236123383204,0.6130395393103932,0.5983962077988478,0.661986907005609,0.6751888186849434,0.7594926457893091,0.6093787064325069,0.8216419251638566,0.6770192351238852,0.5435685941800724,0.7091038582618803,0.5549400894204624,0.718255940456597,0.7672033081518125,0.5699724175387386,0.7576622293503655,0.6075482899935634,0.718255940456597,0.7690337245907551,0.5567705058594052,0.6619869070056088,0.7109342747008234,0.7314578521359303,0.8610482140576258,0.5567705058594052,0.7164255240176539,0.6601564905666657,0.6093787064325067,0.8216419251638579,0.5549400894204619,0.6583260741277221,0.6207502016728966,0.6506154117652194,0.7690337245907554,0.6619869070056086,0.6751888186849421,0.5925159618752874,0.7164255240176551,0.8179810922859723,0.5699724175387383,0.7540013964724801,0.7145951075787099,0.6207502016728962,0.6487849953262769,0.7127646911397666,0.7708641410296987,0.6057178735546208,0.663817323444552,0.7804052198311454,0.5005014724084181,0.7032236123383213,0.7109342747008238,0.61120912287145,0.6601564905666646,0.5549400894204621,0.7164255240176541,0.7127646911397674,0.5681420010997948,0.7540013964724801,0.6207502016728957,0.6487849953262762,0.6583260741277219,0.6075482899935643,0.7109342747008234,0.6075482899935638,0.7164255240176547,0.6601564905666655,0.6225806181118408,0.7540013964724792,0.6638173234445516,0.7164255240176537,0.7145951075787107,0.6075482899935636,0.6751888186849412,0.697732363021491,0.6619869070056095,0.6601564905666648,0.6225806181118397,0.7540013964724792,0.6770192351238856,0.648784995326276,0.6619869070056086,0.6583260741277226,0.6788496515628284,0.7521709800335363,0.6262414509897277,0.6940715301436053,0.6207502016728972,0.701393195899378,0.7145951075787101,0.6093787064325076,0.7690337245907551,0.6601564905666646,0.6244110345507831,0.6995627794604345,0.663817323444552,0.7127646911397669,0.6733584022459992,0.5417381777411295,0.7672033081518118,0.660156490566667,0.5567705058594061,0.8179810922859706,0.5531096729815187,0.7708641410296994,0.5663115846608529
0.44347967261318655,0.3967363867761574,0.3967363867761573,0.34104590039439997,0.3967363867761571,0.4637983683983041,0.5081173595396719,0.3410459003943994,0.5638078459214276,0.45242687315791463,0.7195078098263097,0.619498332303185,0.5638078459214283,0.7865697914484574,0.3524173956347893,0.44105537791752464,0.6751888186849421,0.5751793411618175,0.619498332303185,0.6638173234445524,0.5638078459214276,0.5638078459214276,0.619498332303185,0.6308698275435761,0.7195078098263099,0.5638078459214276,0.7865697914484561,0.6308698275435748,0.4967458642992811,0.6751888186849421,0.5081173595396712,0.6751888186849423,0.7308793050666994,0.519488854780061,0.7195078098263095,0.5638078459214274,0.6751888186849425,0.730879305066699,0.508117359539671,0.6194983323031852,0.6751888186849416,0.6865603139253326,0.8308887825898238,0.5081173595396707,0.6751888186849425,0.619498332303185,0.5638078459214276,0.7865697914484567,0.5081173595396705,0.619498332303185,0.5751793411618175,0.6081268370627952,0.7308793050666992,0.619498332303185,0.630869827543575,0.5524363506810379,0.6751888186849435,0.7865697914484574,0.5194888547800606,0.7195078098263101,0.6751888186849418,0.5751793411618172,0.6081268370627961,0.6751888186849416,0.7308793050666996,0.5638078459214276,0.619498332303185,0.7422508003070889,0.45242687315791397,0.6638173234445526,0.6751888186849421,0.5638078459214276,0.6194983323031843,0.5081173595396707,0.6751888186849427,0.6751888186849423,0.5194888547800603,0.7195078098263101,0.5751793411618167,0.6081268370627957,0.6194983323031845,0.5638078459214281,0.6751888186849418,0.5638078459214276,0.675188818684943,0.6194983323031847,0.5751793411618181,0.7195078098263094,0.6194983323031847,0.6751888186849423,0.6751888186849423,0.5638078459214276,0.6308698275435745,0.663817323444553,0.6194983323031854,0.6194983323031845,0.5751793411618171,0.7195078098263095,0.6308698275435755,0.6081268370627957,0.6194983323031854,0.6194983323031852,0.6308698275435748,0.7195078098263094,0.5751793411618181,0.663817323444553,0.5751793411618177,0.663817323444553,0.6751888186849416,0.5638078459214281,0.730879305066699,0.6194983323031841,0.5751793411618177,0.663817323444553,0.6194983323031852,0.6751888186849418,0.630869827543575,0.4967458642992811,0.7308793050666987,0.6194983323031861,0.5081173595396712,0.7865697914484558,0.5081173595396707,0.7308793050666994,0.5194888547800608
0.5027883230797648,0.4624418281156118,0.4624418281156117,0.4092550804732792,0.4624418281156116,0.5312394509454514,0.5688153234002774,0.4092550804732788,0.6220020710426086,0.5156285757579444,0.7659514387820995,0.6751888186849412,0.6220020710426093,0.83474906161194,0.424865955660786,0.5000177005704369,0.728375566327274,0.6376129462301157,0.6751888186849414,0.7127646911397667,0.6220020710426086,0.6220020710426086,0.6751888186849414,0.69079969387245,0.7659514387820999,0.6220020710426086,0.8347490616119391,0.6907996938724489,0.5532044482127688,0.7283755663272735,0.5688153234002761,0.728375566327274,0.781562313969607,0.5844261985877838,0.7659514387820995,0.6220020710426084,0.7283755663272744,0.7815623139696065,0.5688153234002761,0.6751888186849416,0.7283755663272735,0.7439864415147814,0.8723249340667648,0.5688153234002761,0.7283755663272744,0.6751888186849416,0.6220020710426086,0.8347490616119395,0.5688153234002759,0.6751888186849412,0.6376129462301161,0.6595779434974346,0.7815623139696067,0.6751888186849416,0.6907996938724489,0.6063911958551014,0.7283755663272755,0.8347490616119404,0.5844261985877831,0.7659514387821001,0.7283755663272737,0.6376129462301157,0.659577943497435,0.7283755663272733,0.781562313969607,0.6220020710426089,0.6751888186849416,0.7971731891571142,0.515628575757944,0.7127646911397674,0.728375566327274,0.6220020710426086,0.6751888186849407,0.5688153234002759,0.7283755663272744,0.7283755663272744,0.5844261985877829,0.7659514387821006,0.637612946230115,0.6595779434974348,0.6751888186849407,0.6220020710426091,0.7283755663272735,0.6220020710426086,0.7283755663272748,0.6751888186849412,0.6376129462301166,0.7659514387820995,0.6751888186849412,0.728375566327274,0.7283755663272744,0.6220020710426086,0.6907996938724482,0.7127646911397669,0.6751888186849421,0.6751888186849407,0.6376129462301154,0.7659514387820995,0.6907996938724493,0.6595779434974344,0.6751888186849416,0.6751888186849416,0.6907996938724489,0.7659514387820997,0.637612946230117,0.7127646911397676,0.6376129462301163,0.7127646911397676,0.7283755663272737,0.6220020710426091,0.7815623139696065,0.6751888186849404,0.6376129462301159,0.7127646911397674,0.6751888186849414,0.7283755663272737,0.6907996938724491,0.553204448212769,0.7815623139696065,0.6751888186849423,0.5688153234002767,0.8347490616119391,0.5688153234002759,0.7815623139696074,0.584426198587784
0.4565441402682047,0.39847202798385023,0.39847202798385023,0.342202994532862,0.4003024444227932,0.5069602654012096,0.5165013442026564,0.38613298906749877,0.5819224598483592,0.4657235600684976,0.7314578521359301,0.6345306604214609,0.574600794092587,0.8069985936523124,0.3633051190371985,0.4464518520031037,0.6889692774335056,0.5957029185969235,0.6308698275435745,0.669697569368112,0.5727703776536435,0.5874137091651893,0.632700243982518,0.6501415356089694,0.7223057699412141,0.5764312105315298,0.7996769278965381,0.6483111191700252,0.5027208854540917,0.6944605267503353,0.5219925935194849,0.6853084445556195,0.7452383108844941,0.5376034687069926,0.7241361863801569,0.5782616269704727,0.6853084445556197,0.7434078944455503,0.5201621770805418,0.632700243982518,0.6926301103113915,0.7027497361820703,0.8385046697210764,0.5201621770805416,0.6871388609945628,0.6345306604214609,0.5764312105315298,0.7996769278965388,0.5219925935194847,0.6363610768604042,0.5957029185969239,0.6134285359171244,0.7434078944455503,0.6327002439825178,0.6501415356089688,0.5626507517829659,0.6871388609945641,0.8033377607744261,0.5376034687069919,0.7277970192580442,0.6889692774335053,0.5957029185969235,0.6152589523560684,0.6907996938724482,0.7415774780066077,0.5800920434094161,0.6308698275435748,0.7626796025109442,0.46755397650744046,0.6696975693681124,0.692630110311392,0.5746007940925867,0.6345306604214602,0.5219925935194847,0.687138860994563,0.6907996938724491,0.5394338851459352,0.7277970192580442,0.5957029185969227,0.6152589523560679,0.6363610768604037,0.5782616269704733,0.6926301103113915,0.5782616269704729,0.6871388609945634,0.6345306604214609,0.593872502157981,0.7277970192580433,0.6308698275435745,0.6871388609945628,0.688969277433506,0.5782616269704729,0.6501415356089677,0.6751888186849423,0.6327002439825185,0.6345306604214604,0.5938725021579797,0.7277970192580433,0.6483111191700258,0.6152589523560679,0.6327002439825182,0.6363610768604042,0.6464807027310818,0.7296274356969867,0.5902116692800943,0.678849651562829,0.5957029185969237,0.6715279858070562,0.6889692774335053,0.57643121053153,0.7434078944455503,0.63453066042146,0.5920420857190373,0.6733584022459992,0.630869827543575,0.6907996938724484,0.6519719520479117,0.5045513018930348,0.7452383108844935,0.6345306604214622,0.520162177080542,0.8033377607744246,0.5238230099584279,0.7415774780066079,0.5412643015848789
0.29715457251346267,0.26358986288955266,0.26358986288955266,0.20347044609817785,0.26175944645060933,0.30039763781264656,0.37833744715547396,0.15954045156354021,0.4293047817521318,0.31272678104726825,0.6000271780935591,0.4930850314213933,0.43662644750790536,0.6697824489176324,0.21127588369193126,0.30309092701457147,0.5550348646517109,0.4444318851016581,0.4967458642992796,0.5453990106190139,0.43845686394684785,0.42381353243530206,0.4949154478603364,0.5063817183319775,0.609179260288276,0.4347960310689614,0.6771041146734041,0.5082121347709198,0.36321034380594674,0.5495436153348808,0.37284619783864315,0.5586956975295976,0.6151542814430867,0.3861428847492264,0.6073488438493325,0.432965614630018,0.5586956975295976,0.6169846978820293,0.37467661427758653,0.49491544786033664,0.5513740317738245,0.5701619680012379,0.7257572609931395,0.3746766142775862,0.5568652810906545,0.4930850314213935,0.43479603106896125,0.6771041146734048,0.37284619783864315,0.4912546149824497,0.4444318851016583,0.4852795938276398,0.6169846978820293,0.4949154478603364,0.506381718331976,0.41966892771943504,0.5568652810906558,0.6734432817955189,0.3861428847492264,0.6036880109714465,0.5550348646517105,0.4444318851016583,0.4834491773886971,0.5532044482127672,0.6188151143209726,0.4311351981910755,0.4967458642992796,0.6266205519147268,0.310896364608325,0.5453990106190152,0.5513740317738248,0.4366264475079046,0.49308503142139265,0.37284619783864315,0.5568652810906547,0.553204448212768,0.38431246831028304,0.6036880109714471,0.44443188510165776,0.48344917738869686,0.4912546149824497,0.4329656146300184,0.551374031773824,0.4329656146300182,0.5568652810906554,0.4930850314213931,0.4462623015406022,0.6036880109714468,0.49674586429927914,0.5568652810906538,0.5550348646517114,0.4329656146300182,0.5063817183319758,0.5399077613021847,0.4949154478603371,0.49308503142139265,0.44626230154060115,0.6036880109714461,0.5082121347709202,0.48344917738869664,0.4949154478603362,0.49125461498245016,0.5100425512098631,0.6018575945325033,0.449923134418489,0.536246928424299,0.4444318851016588,0.543568594180072,0.5550348646517109,0.434796031068962,0.6169846978820293,0.4930850314213922,0.4480927179795446,0.541738177741128,0.4967458642992796,0.5532044482127678,0.5045513018930339,0.36137992736700325,0.615154281443086,0.49308503142139437,0.37467661427758714,0.6734432817955178,0.37101578139970004,0.6188151143209735,0.38248205187134077
0.5675882228631746,0.5281472694550678,0.5281472694550678,0.4774642605521595,0.5281472694550674,0.5931892841757708,0.6295132872608843,0.4774642605521592,0.6801962961637907,0.5788302783579761,0.8178863170547209,0.730879305066699,0.6801962961637918,0.8829283317754245,0.4918232663699539,0.5644712725401808,0.7815623139696072,0.6945553019815859,0.730879305066699,0.7672033081518123,0.6801962961637912,0.6801962961637914,0.730879305066699,0.745238310884495,0.8178863170547209,0.680196296163791,0.8829283317754234,0.7452383108844941,0.615154281443088,0.7815623139696072,0.6295132872608832,0.7815623139696074,0.8322453228725154,0.6438722930786783,0.8178863170547205,0.6801962961637907,0.7815623139696074,0.8322453228725152,0.6295132872608827,0.730879305066699,0.7815623139696065,0.7959213197874025,0.9192523348605369,0.6295132872608827,0.7815623139696074,0.730879305066699,0.680196296163791,0.8829283317754238,0.6295132872608825,0.7308793050666992,0.6945553019815863,0.7165202992489045,0.8322453228725152,0.730879305066699,0.7452383108844945,0.665837290345996,0.7815623139696085,0.8829283317754243,0.6438722930786777,0.8178863170547211,0.781562313969607,0.6945553019815859,0.7165202992489053,0.7815623139696065,0.8322453228725158,0.680196296163791,0.7308793050666994,0.8466043286903105,0.5788302783579752,0.7672033081518125,0.781562313969607,0.680196296163791,0.7308793050666985,0.6295132872608827,0.7815623139696074,0.7815623139696074,0.6438722930786774,0.8178863170547213,0.6945553019815853,0.7165202992489047,0.7308793050666985,0.6801962961637914,0.781562313969607,0.680196296163791,0.7815623139696078,0.730879305066699,0.6945553019815865,0.8178863170547205,0.730879305066699,0.7815623139696076,0.7815623139696074,0.680196296163791,0.7452383108844937,0.7672033081518129,0.7308793050666994,0.7308793050666987,0.6945553019815857,0.8178863170547207,0.7452383108844948,0.7165202992489045,0.7308793050666994,0.7308793050666992,0.7452383108844941,0.8178863170547203,0.6945553019815868,0.767203308151813,0.6945553019815863,0.7672033081518129,0.7815623139696067,0.6801962961637914,0.8322453228725154,0.7308793050666983,0.6945553019815861,0.767203308151813,0.7308793050666994,0.781562313969607,0.7452383108844939,0.615154281443088,0.8322453228725152,0.7308793050667003,0.6295132872608836,0.8829283317754232,0.6295132872608825,0.8322453228725158,0.6438722930786783
0.43981883973529967,0.39673638677615697,0.39673638677615697,0.34104590039439997,0.39673638677615675,0.46745920127619023,0.5081173595396716,0.34104590039439925,0.563807845921427,0.45242687315791386,0.7158469769484224,0.6194983323031847,0.5638078459214281,0.7865697914484563,0.35607822851267573,0.4373945450396376,0.6751888186849412,0.5788401740397038,0.6194983323031845,0.660156490566665,0.5638078459214274,0.5638078459214274,0.6194983323031847,0.634530660421462,0.7158469769484226,0.5638078459214276,0.7865697914484548,0.6345306604214609,0.49308503142139415,0.6751888186849412,0.5081173595396705,0.6751888186849416,0.7308793050666987,0.5231496876579471,0.7158469769484221,0.5638078459214272,0.6751888186849418,0.7308793050666983,0.5081173595396705,0.6194983323031847,0.6751888186849407,0.6902211468032182,0.8272279497119364,0.5081173595396703,0.6751888186849418,0.6194983323031847,0.5638078459214272,0.7865697914484561,0.5081173595396701,0.6194983323031845,0.578840174039704,0.6044660041849084,0.7308793050666983,0.6194983323031845,0.6345306604214611,0.5487755178031515,0.6751888186849432,0.786569791448457,0.5231496876579467,0.715846976948423,0.6751888186849407,0.5788401740397038,0.6044660041849097,0.6751888186849407,0.7308793050666987,0.5638078459214274,0.6194983323031847,0.7459116331849747,0.45242687315791347,0.6601564905666659,0.6751888186849414,0.5638078459214274,0.6194983323031839,0.5081173595396703,0.6751888186849421,0.6751888186849416,0.5231496876579462,0.7158469769484233,0.5788401740397027,0.604466004184909,0.6194983323031841,0.5638078459214281,0.6751888186849407,0.5638078459214274,0.6751888186849425,0.6194983323031845,0.5788401740397047,0.7158469769484224,0.6194983323031841,0.6751888186849414,0.6751888186849416,0.5638078459214272,0.63453066042146,0.6601564905666657,0.6194983323031854,0.6194983323031839,0.5788401740397031,0.7158469769484224,0.6345306604214616,0.604466004184909,0.6194983323031847,0.619498332303185,0.6345306604214609,0.7158469769484224,0.5788401740397047,0.6601564905666661,0.5788401740397042,0.6601564905666661,0.6751888186849412,0.5638078459214276,0.7308793050666983,0.6194983323031834,0.578840174039704,0.6601564905666657,0.619498332303185,0.6751888186849412,0.6345306604214613,0.49308503142139437,0.7308793050666981,0.6194983323031861,0.508117359539671,0.7865697914484552,0.5081173595396701,0.730879305066699,0.5231496876579473
0.31571028948530994,0.2653255040972455,0.2653255040972455,0.20462754023663948,0.26532550409724526,0.33806828549872203,0.38672143181845725,0.20462754023663904,0.4474193956790622,0.32602346795785075,0.6174684697200091,0.5081173595396689,0.4474193956790631,0.6902112511214871,0.21667235777751045,0.31397865041698,0.5688153234002746,0.4594642132199334,0.5081173595396689,0.5567705058594034,0.4474193956790622,0.4474193956790622,0.5081173595396689,0.5201621770805409,0.6174684697200096,0.4474193956790623,0.6902112511214862,0.5201621770805399,0.3746766142775855,0.5688153234002744,0.3867214318184563,0.5688153234002749,0.6295132872608808,0.39876624935932736,0.6174684697200093,0.44741939567906197,0.5688153234002749,0.6295132872608802,0.38672143181845653,0.508117359539669,0.5688153234002742,0.5808601409411459,0.7388643974412216,0.3867214318184562,0.5688153234002749,0.5081173595396689,0.4474193956790621,0.6902112511214868,0.3867214318184562,0.5081173595396682,0.4594642132199334,0.4960725419987979,0.6295132872608804,0.5081173595396689,0.5201621770805392,0.43537457813819147,0.5688153234002759,0.6902112511214875,0.3987662493593276,0.6174684697200096,0.568815323400274,0.4594642132199337,0.49607254199879813,0.5688153234002742,0.6295132872608806,0.4474193956790631,0.5081173595396682,0.6415581048017515,0.32602346795785064,0.5567705058594041,0.5688153234002746,0.4474193956790623,0.5081173595396682,0.3867214318184563,0.5688153234002749,0.5688153234002746,0.39876624935932736,0.6174684697200099,0.45946421321993286,0.4960725419987979,0.5081173595396686,0.4474193956790625,0.5688153234002742,0.4474193956790623,0.5688153234002754,0.5081173595396686,0.45946421321993425,0.6174684697200097,0.5081173595396682,0.5688153234002742,0.5688153234002746,0.4474193956790623,0.5201621770805388,0.5567705058594035,0.5081173595396696,0.5081173595396682,0.4594642132199331,0.6174684697200093,0.5201621770805404,0.49607254199879813,0.5081173595396684,0.5081173595396689,0.5201621770805397,0.6174684697200096,0.4594642132199348,0.5567705058594037,0.45946421321993425,0.5567705058594039,0.5688153234002744,0.4474193956790631,0.6295132872608802,0.508117359539668,0.4594642132199336,0.5567705058594035,0.5081173595396686,0.5688153234002744,0.5201621770805404,0.3746766142775855,0.62951328726088,0.5081173595396701,0.38672143181845714,0.6902112511214862,0.3867214318184562,0.6295132872608808,0.39876624935932814
0.6287272897686975,0.5938527107945231,0.5938527107945231,0.5456734406310394,0.593852710794523,0.6587999502839762,0.6902112511214908,0.5456734406310393,0.7383905212849728,0.6420319809580072,0.8661603624494562,0.786569791448457,0.738390521284974,0.9311076019389094,0.5624414099570082,0.6252640116320376,0.8347490616119406,0.7551584906109424,0.786569791448457,0.8179810922859715,0.7383905212849733,0.7383905212849735,0.7865697914484572,0.8033377607744281,0.8661603624494559,0.7383905212849733,0.9311076019389082,0.8033377607744263,0.6734432817955203,0.8347490616119406,0.6902112511214896,0.8347490616119406,0.8829283317754247,0.706979220447459,0.8661603624494553,0.7383905212849728,0.8347490616119411,0.8829283317754245,0.6902112511214894,0.7865697914484572,0.8347490616119395,0.8515170309379106,0.9625189027764235,0.6902112511214894,0.8347490616119413,0.7865697914484572,0.7383905212849728,0.9311076019389088,0.690211251121489,0.7865697914484572,0.7551584906109426,0.7698018221224877,0.8829283317754247,0.7865697914484567,0.8033377607744272,0.7216225519590039,0.8347490616119427,0.9311076019389094,0.7069792204474585,0.8661603624494568,0.8347490616119402,0.755158490610942,0.7698018221224893,0.83474906161194,0.882928331775425,0.7383905212849728,0.7865697914484574,0.8996963011013939,0.6420319809580066,0.817981092285972,0.8347490616119404,0.7383905212849733,0.7865697914484561,0.690211251121489,0.8347490616119416,0.8347490616119411,0.7069792204474576,0.8661603624494564,0.755158490610941,0.7698018221224884,0.7865697914484561,0.738390521284974,0.8347490616119402,0.7383905212849733,0.8347490616119416,0.7865697914484567,0.7551584906109435,0.8661603624494553,0.7865697914484565,0.8347490616119413,0.8347490616119413,0.7383905212849728,0.8033377607744256,0.8179810922859723,0.7865697914484576,0.7865697914484563,0.755158490610942,0.8661603624494557,0.8033377607744274,0.7698018221224884,0.7865697914484576,0.7865697914484576,0.8033377607744263,0.8661603624494555,0.7551584906109438,0.8179810922859725,0.7551584906109429,0.8179810922859727,0.8347490616119404,0.7383905212849735,0.8829283317754243,0.7865697914484556,0.7551584906109426,0.8179810922859727,0.7865697914484576,0.8347490616119404,0.8033377607744265,0.6734432817955204,0.8829283317754243,0.7865697914484586,0.6902112511214901,0.9311076019389077,0.690211251121489,0.8829283317754253,0.7069792204474592
0.31204945660742484,0.2653255040972462,0.2653255040972462,0.2046275402366398,0.26532550409724615,0.3417291183766096,0.38672143181845864,0.20462754023663957,0.4474193956790631,0.32602346795785214,0.6138076368421237,0.5081173595396694,0.447419395679064,0.6902112511214883,0.22033319065539705,0.31031781753909476,0.5688153234002754,0.4631250460978205,0.5081173595396694,0.5531096729815175,0.4474193956790632,0.4474193956790631,0.5081173595396692,0.5238230099584281,0.6138076368421244,0.4474193956790632,0.6902112511214871,0.523823009958427,0.37101578139970026,0.5688153234002749,0.3867214318184575,0.5688153234002754,0.6295132872608818,0.40242708223721496,0.6138076368421239,0.44741939567906286,0.5688153234002756,0.6295132872608813,0.3867214318184576,0.5081173595396696,0.5688153234002752,0.584520973819033,0.7352035645633361,0.38672143181845725,0.5688153234002756,0.5081173595396694,0.44741939567906286,0.6902112511214878,0.38672143181845725,0.508117359539669,0.4631250460978206,0.4924117091209123,0.6295132872608813,0.5081173595396694,0.5238230099584266,0.4317137452603057,0.5688153234002767,0.6902112511214887,0.40242708223721474,0.6138076368421244,0.5688153234002749,0.4631250460978205,0.49241170912091276,0.5688153234002749,0.6295132872608816,0.4474193956790638,0.5081173595396692,0.6452189376796392,0.3260234679578519,0.5531096729815187,0.5688153234002754,0.4474193956790631,0.5081173595396689,0.3867214318184575,0.5688153234002759,0.5688153234002756,0.40242708223721463,0.6138076368421247,0.4631250460978201,0.4924117091209123,0.5081173595396692,0.4474193956790633,0.5688153234002749,0.4474193956790631,0.5688153234002763,0.5081173595396692,0.4631250460978213,0.6138076368421244,0.5081173595396689,0.5688153234002752,0.5688153234002756,0.4474193956790632,0.5238230099584263,0.5531096729815179,0.5081173595396701,0.5081173595396689,0.4631250460978202,0.6138076368421239,0.5238230099584275,0.4924117091209121,0.5081173595396692,0.5081173595396696,0.5238230099584272,0.6138076368421244,0.463125046097822,0.5531096729815185,0.4631250460978212,0.5531096729815187,0.5688153234002752,0.4474193956790638,0.6295132872608813,0.5081173595396686,0.4631250460978205,0.5531096729815179,0.5081173595396692,0.5688153234002752,0.5238230099584275,0.37101578139970015,0.6295132872608813,0.5081173595396705,0.38672143181845825,0.6902112511214875,0.38672143181845725,0.6295132872608818,0.40242708223721557
0.571249055741061,0.5281472694550678,0.5281472694550678,0.4774642605521596,0.5281472694550676,0.5895284512978844,0.6295132872608843,0.4774642605521592,0.6801962961637914,0.5788302783579761,0.8215471499326082,0.7308793050666994,0.6801962961637921,0.8829283317754252,0.4881624334920676,0.5681321054180674,0.7815623139696076,0.6908944691036999,0.7308793050666998,0.7708641410296991,0.6801962961637916,0.6801962961637916,0.7308793050666998,0.7415774780066096,0.8215471499326082,0.6801962961637914,0.8829283317754238,0.7415774780066083,0.6188151143209745,0.7815623139696076,0.6295132872608832,0.7815623139696078,0.8322453228725163,0.6402114602007922,0.8215471499326076,0.680196296163791,0.7815623139696081,0.8322453228725161,0.6295132872608832,0.7308793050666998,0.7815623139696074,0.7922604869095169,0.9229131677384238,0.629513287260883,0.7815623139696083,0.7308793050666998,0.6801962961637912,0.8829283317754245,0.6295132872608827,0.7308793050666998,0.6908944691037001,0.7201811321267911,0.8322453228725161,0.7308793050666998,0.7415774780066089,0.6694981232238827,0.7815623139696093,0.8829283317754252,0.6402114602007914,0.8215471499326085,0.7815623139696076,0.6908944691036999,0.7201811321267922,0.7815623139696074,0.8322453228725165,0.6801962961637914,0.7308793050667003,0.8429434958124249,0.5788302783579756,0.7708641410296998,0.7815623139696078,0.6801962961637914,0.730879305066699,0.629513287260883,0.7815623139696085,0.7815623139696083,0.6402114602007914,0.8215471499326085,0.690894469103699,0.7201811321267916,0.730879305066699,0.6801962961637918,0.7815623139696074,0.6801962961637912,0.7815623139696087,0.7308793050666996,0.6908944691037007,0.8215471499326074,0.7308793050666994,0.7815623139696081,0.7815623139696085,0.6801962961637912,0.7415774780066081,0.7708641410296998,0.7308793050667001,0.730879305066699,0.6908944691036999,0.8215471499326078,0.7415774780066089,0.7201811321267914,0.7308793050667001,0.7308793050667003,0.7415774780066084,0.8215471499326076,0.6908944691037009,0.7708641410297002,0.6908944691037002,0.7708641410297002,0.7815623139696076,0.6801962961637916,0.8322453228725161,0.7308793050666987,0.6908944691037001,0.7708641410297002,0.7308793050667001,0.7815623139696076,0.7415774780066084,0.6188151143209745,0.8322453228725156,0.7308793050667008,0.6295132872608836,0.8829283317754236,0.6295132872608827,0.8322453228725167,0.6402114602007924
0.32877475714032883,0.2670611453049385,0.2670611453049385,0.20578463437510172,0.2688915617438815,0.3812301825016286,0.3951054164814428,0.24971462890973856,0.46553400960599484,0.33932015486843475,0.6294185120296315,0.5231496876579458,0.45821234385022264,0.7106400533253437,0.22756008117991947,0.3193751245025598,0.5825957821488398,0.47998779065504016,0.5194888547800594,0.5626507517829646,0.4563819274112789,0.4710252589228246,0.5213192712190022,0.5394338851459352,0.6202664298349154,0.4600427602891655,0.7033183875695701,0.5376034687069912,0.380651635432397,0.5880870314656694,0.4005966657982716,0.5789349492709535,0.6438722930786769,0.41688086328626023,0.6220968462738583,0.4618731767281081,0.5789349492709535,0.6420418766397331,0.3987662493593286,0.5213192712190029,0.5862566150267257,0.5970495631978853,0.7464802845724758,0.39876624935932825,0.5807653657098966,0.5231496876579456,0.460042760289165,0.7033183875695705,0.4005966657982716,0.5249801040968892,0.47998779065504055,0.501374240853128,0.6420418766397331,0.5213192712190027,0.539433885145934,0.44558897924012025,0.5807653657098977,0.7069792204474575,0.41688086328626,0.6257576791517455,0.5825957821488391,0.4799877906550405,0.503204657292072,0.5844261985877824,0.6402114602007906,0.463703593167052,0.5194888547800594,0.661986907005608,0.34115057130737775,0.5626507517829651,0.586256615026726,0.4582123438502221,0.5231496876579451,0.4005966657982716,0.5807653657098966,0.5844261985877827,0.41871127972520317,0.6257576791517457,0.4799877906550396,0.5032046572920713,0.5249801040968888,0.4618731767281088,0.5862566150267257,0.46187317672810857,0.580765365709897,0.5231496876579453,0.47815737421609766,0.6257576791517451,0.5194888547800591,0.5807653657098965,0.5825957821488398,0.46187317672810846,0.5394338851459336,0.5681420010997948,0.5213192712190033,0.5231496876579453,0.47815737421609666,0.6257576791517451,0.5376034687069915,0.5032046572920715,0.5213192712190027,0.5249801040968888,0.5357730522680477,0.627588095590688,0.47449654133821145,0.5718028339776812,0.47998779065504066,0.5644811682219084,0.5825957821488391,0.46004276028916563,0.6420418766397331,0.5231496876579451,0.4763269577771539,0.5663115846608515,0.5194888547800598,0.5844261985877824,0.5412643015848774,0.38248205187134005,0.6438722930786762,0.5231496876579467,0.39876624935932886,0.7069792204474564,0.40242708223721463,0.6402114602007906,0.4205416961641468
