1.0,0.700119550031626,0.7192012637303571,0.631346613642325,0.7001195500316262,0.6147828727454687,0.6835558091347695,0.7879742001196584,0.6479103545391816,0.6147828727454691,0.6835558091347697,0.6313466136423254,0.5791374181498806,0.735765004627214,0.595701159046737,0.614782872745469,0.6313466136423252,0.6479103545391816,0.6669920682379133,0.6835558091347699,0.631346613642325,0.6313466136423254,0.579137418149881,0.6313466136423252,0.6313466136423254,0.5791374181498806,0.6835558091347699,0.6313466136423254,0.6835558091347699,0.735765004627214,0.6313466136423254,0.6313466136423254,0.6835558091347699,0.6835558091347699,0.6313466136423254,0.6835558091347697,0.6313466136423254,0.6835558091347697,0.6313466136423252,0.6835558091347695,0.6313466136423254,0.6835558091347695,0.6313466136423254,0.6313466136423254,0.579137418149881,0.7357650046272142,0.6835558091347699,0.6835558091347699,0.6835558091347699,0.6313466136423254,0.7357650046272134,0.7001195500316264,0.8236196547152459,0.595701159046737,0.7714104592228023,0.7357650046272137,0.7879742001196584,0.5791374181498806,0.7001195500316254,0.7714104592228023,0.6313466136423254,0.6313466136423252,0.6835558091347699,0.6835558091347699,0.6835558091347699,0.579137418149881,0.579137418149881,0.631346613642325,0.6313466136423252,0.7357650046272138,0.6835558091347699,0.7357650046272142,0.5957011590467369,0.6669920682379135,0.6835558091347697,0.683555809134769,0.7357650046272142,0.6313466136423254,0.7523287455240705,0.7192012637303576,0.6835558091347695,0.7879742001196588,0.579137418149881,0.7357650046272143,0.5791374181498807,0.6313466136423254,0.735765004627214,0.631346613642325,0.6313466136423254,0.6835558091347692,0.6835558091347695,0.6835558091347699,0.6313466136423254,0.6313466136423254,0.6313466136423254,0.735765004627214,0.6313466136423254,0.6313466136423257,0.6835558091347697,0.6313466136423252,0.6313466136423252,0.6835558091347697,0.6313466136423254,0.6313466136423254,0.7357650046272144,0.6313466136423254,0.6835558091347695,0.5957011590467373,0.7192012637303579,0.6313466136423252,0.6835558091347699,0.579137418149881,0.7357650046272147,0.579137418149881,0.6835558091347699,0.579137418149881,0.7357650046272142,0.5791374181498806,0.7357650046272143,0.6313466136423252,0.7357650046272142,0.579137418149881,0.6835558091347697,0.5791374181498807,0.6313466136423249
0.7001195500316243,0.33385241677913846,0.33513323085315505,0.2168497229659678,0.33572515461667213,0.19388191169902944,0.3071391298371331,0.4165539057531868,0.24356300990797333,0.18451822251136163,0.2827935379491966,0.21310424729090063,0.1471604323076718,0.35248282860749225,0.17387371924967715,0.18639096034889516,0.21310424729090063,0.24356300990797317,0.2542075131696575,0.2809208001116631,0.21497698512843413,0.21310424729090058,0.1452876944701382,0.2149769851284342,0.2131042472909007,0.1490331701452054,0.2809208001116629,0.21310424729090058,0.28092080011166304,0.35810104212009275,0.21310424729090063,0.21310424729090063,0.28092080011166304,0.28092080011166304,0.21310424729090058,0.2809208001116631,0.21310424729090063,0.2809208001116631,0.21310424729090063,0.3146300811872676,0.21310424729090052,0.29028448929933093,0.21310424729090058,0.21310424729090063,0.1452876944701382,0.34873735293242525,0.28092080011166315,0.2809208001116631,0.2809208001116631,0.21310424729090063,0.35997377995762636,0.30950682489120207,0.4707663364946777,0.1851101462748787,0.3992043079988494,0.35435556644502575,0.4165539057531868,0.14716043230767176,0.31325230056626924,0.38796788097364787,0.21310424729090063,0.21310424729090058,0.2809208001116629,0.28092080011166304,0.28092080011166315,0.1452876944701382,0.1490331701452053,0.2149769851284342,0.2131042472909008,0.35248282860749236,0.28092080011166315,0.34873735293242525,0.1851101462748787,0.2579529888447246,0.2809208001116631,0.2865390136242636,0.34873735293242525,0.21310424729090063,0.3773233777119637,0.32202406599041994,0.2827935379491966,0.416553905753187,0.1452876944701382,0.34873735293242525,0.1452876944701382,0.21310424729090063,0.34873735293242525,0.22246793647856855,0.21310424729090063,0.2884117514617974,0.28466627578673004,0.2809208001116631,0.21310424729090063,0.21310424729090063,0.21310424729090063,0.34873735293242536,0.21310424729090058,0.21310424729090063,0.2809208001116631,0.21310424729090058,0.21310424729090063,0.2809208001116631,0.21310424729090063,0.21310424729090058,0.348737352932425,0.21310424729090063,0.2827935379491965,0.17387371924967715,0.3201513281528864,0.21497698512843424,0.2809208001116631,0.1452876944701382,0.34873735293242525,0.1452876944701382,0.2809208001116629,0.14528769447013815,0.34873735293242525,0.14716043230767187,0.34873735293242525,0.21310424729090052,0.34873735293242525,0.1452876944701382,0.2827935379491965,0.15090590798273884,0.2168497229659679
0.7192012637303546,0.3351332308531546,0.37879812487994413,0.2767773337670424,0.333260493015621,0.256274184101155,0.3183755568623345,0.47273604087919324,0.2935350077578626,0.26563787328882277,0.34272114875027115,0.2805228094421096,0.21457899445888082,0.4049194880584319,0.23133666844970124,0.2637651354512892,0.2805228094421096,0.2935350077578626,0.3278362125969845,0.3445938865878049,0.27865007160457594,0.2805228094421096,0.21645173229641443,0.2786500716045759,0.28052280944210956,0.2127062566213473,0.3445938865878047,0.28052280944210956,0.3445938865878047,0.399301274545831,0.2805228094421096,0.2805228094421096,0.3445938865878046,0.3445938865878047,0.28052280944210956,0.3445938865878049,0.2805228094421096,0.3445938865878049,0.28052280944210956,0.31088460551220015,0.28052280944210956,0.3352301974001369,0.28052280944210956,0.2805228094421096,0.21645173229641443,0.4086649637334995,0.3445938865878049,0.34459388658780493,0.34459388658780493,0.2805228094421096,0.3974285367082976,0.35947882274109155,0.5069402791713321,0.22010024142449972,0.4466146777007062,0.40304675022089875,0.47273604087919324,0.21457899445888082,0.3557333470660241,0.4578511047259074,0.2805228094421096,0.2805228094421096,0.3445938865878047,0.3445938865878048,0.3445938865878049,0.21645173229641443,0.2127062566213473,0.278650071604576,0.28052280944210956,0.40491948805843203,0.3445938865878049,0.40866496373349903,0.22010024142449972,0.32409073692191714,0.3445938865878049,0.338975673075204,0.40866496373349914,0.2805228094421096,0.42354989988678604,0.39190728974267885,0.34272114875027093,0.47273604087919313,0.21645173229641443,0.40866496373349903,0.21645173229641443,0.2805228094421096,0.40866496373349903,0.27115912025444167,0.2805228094421096,0.3371029352376705,0.34084841091273743,0.3445938865878049,0.2805228094421096,0.2805228094421096,0.2805228094421096,0.40866496373349914,0.28052280944210956,0.2805228094421099,0.34459388658780493,0.28052280944210956,0.28052280944210983,0.3445938865878049,0.28052280944210956,0.28052280944210956,0.4086649637334989,0.2805228094421096,0.3427211487502711,0.23133666844970124,0.39378002758021247,0.27865007160457594,0.3445938865878047,0.21645173229641443,0.4086649637334997,0.21645173229641443,0.34459388658780465,0.21645173229641443,0.40866496373349903,0.21457899445888093,0.40866496373349903,0.2805228094421095,0.4086649637334997,0.21645173229641443,0.3427211487502711,0.21083351878381373,0.2767773337670424
0.6313466136423224,0.2168497229659674,0.2767773337670422,0.14213414255858844,0.21684972296596752,0.13720481935648685,0.21192039976386595,0.3514929141744206,0.14706346576069002,0.13720481935648685,0.21192039976386598,0.1421341425585884,0.07234788535331062,0.2817066569691437,0.07727720855541212,0.13720481935648685,0.14213414255858844,0.14706346576069002,0.2069910765617644,0.21192039976386595,0.14213414255858844,0.1421341425585884,0.07234788535331062,0.14213414255858844,0.14213414255858844,0.07234788535331062,0.21192039976386595,0.14213414255858844,0.21192039976386595,0.2817066569691436,0.1421341425585884,0.1421341425585884,0.21192039976386598,0.21192039976386598,0.14213414255858844,0.21192039976386595,0.14213414255858844,0.21192039976386598,0.14213414255858844,0.21192039976386595,0.1421341425585884,0.21192039976386598,0.14213414255858844,0.1421341425585884,0.07234788535331056,0.281706656969144,0.21192039976386598,0.21192039976386595,0.21192039976386595,0.1421341425585884,0.2817066569691437,0.2168497229659678,0.41634984817759557,0.07727720855541215,0.34656359097231965,0.28170665696914404,0.3514929141744206,0.07234788535331056,0.2168497229659677,0.34656359097231954,0.1421341425585884,0.1421341425585884,0.21192039976386595,0.21192039976386595,0.21192039976386598,0.07234788535331062,0.07234788535331056,0.14213414255858844,0.14213414255858844,0.28170665696914376,0.21192039976386598,0.2817066569691438,0.07727720855541215,0.20699107656176435,0.21192039976386598,0.21192039976386595,0.2817066569691438,0.1421341425585884,0.2866359801712456,0.2767773337670422,0.21192039976386598,0.35149291417442047,0.07234788535331056,0.28170665696914376,0.07234788535331056,0.14213414255858844,0.2817066569691438,0.1421341425585885,0.1421341425585884,0.21192039976386598,0.2119203997638659,0.21192039976386598,0.14213414255858844,0.1421341425585884,0.1421341425585884,0.28170665696914393,0.14213414255858844,0.1421341425585884,0.21192039976386595,0.1421341425585884,0.1421341425585884,0.21192039976386595,0.14213414255858844,0.14213414255858844,0.28170665696914376,0.1421341425585884,0.21192039976386598,0.07727720855541212,0.2767773337670422,0.14213414255858844,0.21192039976386598,0.07234788535331056,0.28170665696914404,0.07234788535331056,0.21192039976386595,0.07234788535331056,0.2817066569691438,0.07234788535331062,0.2817066569691438,0.1421341425585884,0.281706656969144,0.07234788535331056,0.21192039976386595,0.07234788535331056,0.14213414255858844
0.7001195500316223,0.33572515461667113,0.33326049301562005,0.21684972296596713,0.3375978924542049,0.1920091738614957,0.30713912983713215,0.41655390575318524,0.2454357477455061,0.18264548467382785,0.2827935379491956,0.21310424729089988,0.14716043230767187,0.3524828286074909,0.17574645708721082,0.18451822251136146,0.21310424729089988,0.2454357477455061,0.2523347753321229,0.28092080011166193,0.2149769851284334,0.21310424729089988,0.14528769447013826,0.2149769851284334,0.21310424729089988,0.14903317014520545,0.28092080011166193,0.21310424729089988,0.2809208001116619,0.35810104212009175,0.21310424729089988,0.21310424729089988,0.28092080011166193,0.28092080011166193,0.21310424729090005,0.28092080011166193,0.21310424729089988,0.28092080011166193,0.21310424729089988,0.31463008118726654,0.21310424729089988,0.29028448929932993,0.21310424729089988,0.21310424729089988,0.14528769447013826,0.3487373529324247,0.28092080011166193,0.28092080011166193,0.28092080011166193,0.21310424729089988,0.35997377995762536,0.3113795627287354,0.4688935986571431,0.1869828841124123,0.39733157016131543,0.3543555664450254,0.41655390575318524,0.14716043230767187,0.31512503840380174,0.3860951431361139,0.21310424729089988,0.21310424729089988,0.28092080011166193,0.2809208001116619,0.28092080011166193,0.14528769447013826,0.1490331701452054,0.2149769851284334,0.21310424729090005,0.352482828607491,0.28092080011166193,0.3487373529324239,0.1869828841124123,0.25608025100718995,0.28092080011166193,0.2865390136242627,0.3487373529324239,0.21310424729089988,0.3791961155494971,0.32015132815288494,0.2827935379491956,0.4165539057531851,0.1452876944701383,0.3487373529324238,0.1452876944701383,0.21310424729089988,0.3487373529324239,0.2224679364785678,0.21310424729089988,0.28841175146179626,0.28466627578672904,0.28092080011166193,0.21310424729089988,0.21310424729089988,0.21310424729089988,0.3487373529324239,0.21310424729089988,0.2131042472909004,0.28092080011166193,0.21310424729089994,0.21310424729090052,0.28092080011166204,0.21310424729089988,0.21310424729089988,0.3487373529324238,0.21310424729089988,0.2827935379491955,0.17574645708721082,0.3182785903153514,0.2149769851284334,0.28092080011166193,0.14528769447013826,0.3487373529324247,0.1452876944701383,0.2809208001116619,0.14528769447013826,0.3487373529324239,0.14716043230767187,0.3487373529324239,0.21310424729089994,0.3487373529324247,0.14528769447013826,0.28279353794919543,0.150905907982739,0.21684972296596702
0.6147828727454662,0.19388191169902944,0.25627418410115493,0.137204819356487,0.19200917386149588,0.1235037307302347,0.18392629874784444,0.34853329535683486,0.14716043230767217,0.13286741991790263,0.2082718906357809,0.14095029503155418,0.06988322375225985,0.2755934862400079,0.07983883670344499,0.13099468208036907,0.14095029503155418,0.14716043230767217,0.20018901552212934,0.2101446284733145,0.13907755719402057,0.14095029503155418,0.07175596158979343,0.13907755719402062,0.14095029503155423,0.06801048591472626,0.2101446284733145,0.14095029503155423,0.2101446284733145,0.26997527272740707,0.14095029503155418,0.14095029503155418,0.2101446284733145,0.2101446284733145,0.14095029503155423,0.2101446284733145,0.14095029503155418,0.2101446284733145,0.14095029503155423,0.17643534739771022,0.14095029503155418,0.20078093928564655,0.14095029503155418,0.14095029503155418,0.07175596158979343,0.2793389619150753,0.2101446284733145,0.21014462847331444,0.21014462847331444,0.14095029503155418,0.26810253488987357,0.21822750358696616,0.39466285098467435,0.06860240967824345,0.32921399321798217,0.27372074840247446,0.34853329535683486,0.06988322375225985,0.21448202791189894,0.34045042024318356,0.14095029503155418,0.14095029503155418,0.2101446284733145,0.21014462847331444,0.2101446284733145,0.07175596158979343,0.06801048591472621,0.13907755719402057,0.14095029503155423,0.27559348624000796,0.2101446284733145,0.27933896191507507,0.06860240967824345,0.19644353984706212,0.2101446284733145,0.20452641496071378,0.27933896191507507,0.14095029503155418,0.2874218370287267,0.26938334896389005,0.20827189063578094,0.3485332953568351,0.07175596158979343,0.27933896191507507,0.07175596158979343,0.14095029503155418,0.27933896191507507,0.13158660584388626,0.14095029503155418,0.20265367712318016,0.20639915279824728,0.2101446284733145,0.14095029503155418,0.14095029503155418,0.14095029503155418,0.2793389619150751,0.14095029503155423,0.1409502950315538,0.21014462847331444,0.14095029503155418,0.14095029503155385,0.2101446284733145,0.14095029503155423,0.14095029503155423,0.279338961915075,0.14095029503155418,0.2082718906357809,0.07983883670344499,0.27125608680142355,0.13907755719402057,0.2101446284733145,0.07175596158979343,0.2793389619150753,0.07175596158979343,0.21014462847331444,0.07175596158979343,0.27933896191507507,0.06988322375225985,0.27933896191507507,0.14095029503155418,0.2793389619150753,0.07175596158979343,0.2082718906357809,0.06613774807719264,0.13720481935648707
0.6835558091347658,0.30713912983713215,0.31837555686233343,0.21192039976386562,0.3071391298371324,0.18392629874784422,0.2791450288211103,0.4135942869355992,0.23991450077988738,0.18392629874784422,0.2791450288211105,0.21192039976386556,0.14469577070662112,0.346369657878355,0.17268987172264286,0.18392629874784422,0.21192039976386556,0.23991450077988738,0.2511509278050886,0.2791450288211104,0.21192039976386556,0.21192039976386556,0.14469577070662112,0.21192039976386556,0.21192039976386545,0.14469577070662112,0.2791450288211102,0.21192039976386556,0.27914502882111036,0.346369657878355,0.21192039976386556,0.21192039976386556,0.2791450288211104,0.2791450288211105,0.21192039976386562,0.2791450288211104,0.21192039976386556,0.2791450288211104,0.21192039976386556,0.2791450288211104,0.21192039976386562,0.2791450288211105,0.21192039976386556,0.21192039976386556,0.14469577070662112,0.34636965787835594,0.2791450288211104,0.2791450288211104,0.2791450288211104,0.21192039976386556,0.3463696578783551,0.30713912983713293,0.4528248149768218,0.17268987172264286,0.3856001859195788,0.34636965787835594,0.4135942869355992,0.14469577070662112,0.3071391298371324,0.3856001859195788,0.21192039976386556,0.21192039976386556,0.2791450288211102,0.27914502882111036,0.2791450288211104,0.14469577070662112,0.14469577070662112,0.21192039976386556,0.21192039976386556,0.346369657878355,0.2791450288211104,0.3463696578783552,0.1726898717226429,0.25115092780508846,0.2791450288211104,0.2791450288211105,0.3463696578783551,0.21192039976386556,0.3743637588943777,0.3183755568623335,0.2791450288211105,0.41359428693559896,0.14469577070662112,0.3463696578783551,0.14469577070662112,0.21192039976386545,0.3463696578783551,0.21192039976386556,0.21192039976386556,0.27914502882111036,0.27914502882111036,0.2791450288211104,0.21192039976386545,0.21192039976386556,0.21192039976386556,0.3463696578783552,0.21192039976386556,0.21192039976386598,0.2791450288211104,0.21192039976386562,0.2119203997638662,0.2791450288211105,0.21192039976386556,0.21192039976386556,0.3463696578783551,0.21192039976386556,0.27914502882111036,0.1726898717226429,0.31837555686233343,0.21192039976386545,0.2791450288211104,0.14469577070662112,0.34636965787835583,0.14469577070662112,0.27914502882111036,0.14469577070662112,0.3463696578783551,0.14469577070662112,0.3463696578783551,0.21192039976386562,0.34636965787835583,0.14469577070662112,0.27914502882111036,0.14469577070662112,0.21192039976386562
0.7879742001196554,0.416553905753186,0.4727360408791927,0.35149291417442163,0.41655390575318624,0.34853329535683547,0.4135942869356002,0.5377970324579578,0.3544525329920076,0.34853329535683547,0.4135942869356001,0.35149291417442174,0.2893915414132422,0.4756956596967786,0.2923511602308283,0.34853329535683547,0.3514929141744215,0.35445253299200746,0.41063466811801413,0.4135942869356003,0.3514929141744215,0.35149291417442174,0.28939154141324225,0.3514929141744215,0.3514929141744215,0.2893915414132422,0.4135942869356002,0.3514929141744215,0.4135942869356003,0.4756956596967786,0.35149291417442174,0.35149291417442174,0.4135942869356001,0.4135942869356002,0.3514929141744215,0.4135942869356003,0.35149291417442174,0.4135942869356003,0.3514929141744215,0.4135942869356003,0.35149291417442163,0.4135942869356002,0.35149291417442163,0.35149291417442174,0.28939154141324225,0.47569565969678,0.4135942869356003,0.4135942869356003,0.4135942869356004,0.35149291417442174,0.47569565969677874,0.4165539057531871,0.5969387864015505,0.29235116023082836,0.5348374136403728,0.4756956596967799,0.5377970324579578,0.2893915414132422,0.41655390575318624,0.5348374136403728,0.35149291417442174,0.35149291417442174,0.4135942869356002,0.4135942869356002,0.4135942869356003,0.28939154141324225,0.28939154141324225,0.3514929141744215,0.3514929141744215,0.47569565969677874,0.4135942869356004,0.47569565969677885,0.29235116023082836,0.4106346681180139,0.4135942869356003,0.4135942869356001,0.47569565969677885,0.35149291417442174,0.47865527851436607,0.4727360408791928,0.41359428693559996,0.5377970324579577,0.28939154141324225,0.47569565969677885,0.28939154141324225,0.35149291417442174,0.47569565969677874,0.3514929141744215,0.35149291417442174,0.4135942869356003,0.41359428693559996,0.4135942869356003,0.35149291417442174,0.35149291417442174,0.35149291417442174,0.47569565969677896,0.35149291417442163,0.3514929141744221,0.4135942869356003,0.35149291417442163,0.35149291417442197,0.4135942869356003,0.3514929141744215,0.3514929141744215,0.4756956596967786,0.35149291417442174,0.4135942869356001,0.29235116023082836,0.4727360408791928,0.3514929141744215,0.4135942869356002,0.28939154141324225,0.47569565969678,0.28939154141324225,0.4135942869356002,0.28939154141324225,0.47569565969677885,0.28939154141324225,0.47569565969677885,0.3514929141744215,0.47569565969678,0.28939154141324225,0.4135942869356002,0.2893915414132422,0.3514929141744215
0.647910354539178,0.2435630099079729,0.2935350077578615,0.14706346576069018,0.24543574774550644,0.14716043230767212,0.2399145007798876,0.3544525329920066,0.1507119748887754,0.1377967431200042,0.215568908891951,0.14331799008562304,0.07481254695436151,0.2878198276982788,0.07846105608244668,0.1396694809575378,0.14331799008562304,0.1507119748887754,0.21004766192633234,0.21369617105441743,0.14519072792315657,0.143317990085623,0.07293980911682786,0.14519072792315657,0.143317990085623,0.07668528479189507,0.21369617105441743,0.14331799008562304,0.21369617105441743,0.2934380412108796,0.143317990085623,0.143317990085623,0.21369617105441743,0.21369617105441743,0.14331799008562304,0.21369617105441743,0.143317990085623,0.21369617105441743,0.143317990085623,0.24740545213002205,0.14331799008562304,0.22305986024208538,0.14331799008562304,0.143317990085623,0.07293980911682786,0.2840743520232125,0.21369617105441743,0.21369617105441743,0.21369617105441743,0.143317990085623,0.29531077904841313,0.2192174180200366,0.43429136969545046,0.08969748310764813,0.36016771305159,0.28969256553581324,0.3544525329920066,0.07481254695436146,0.2229628936951034,0.34893128602638845,0.14331799008562304,0.14331799008562304,0.21369617105441743,0.21369617105441743,0.21369617105441743,0.07293980911682786,0.07668528479189507,0.14519072792315657,0.14331799008562304,0.2878198276982789,0.21369617105441743,0.28407435202321174,0.08969748310764816,0.21379313760139942,0.21369617105441743,0.2193143845670182,0.28407435202321163,0.143317990085623,0.28959559898883114,0.2804258428951264,0.215568908891951,0.35445253299200646,0.07293980911682788,0.28407435202321174,0.07293980911682788,0.143317990085623,0.28407435202321174,0.15268167927329085,0.14331799008562304,0.22118712240455182,0.21744164672948466,0.21369617105441743,0.143317990085623,0.143317990085623,0.143317990085623,0.28407435202321174,0.14331799008562304,0.14331799008562265,0.21369617105441743,0.14331799008562304,0.14331799008562265,0.21369617105441743,0.143317990085623,0.143317990085623,0.2840743520232117,0.143317990085623,0.215568908891951,0.07846105608244668,0.2785531050575929,0.14519072792315657,0.21369617105441743,0.07293980911682788,0.28407435202321246,0.07293980911682788,0.21369617105441743,0.07293980911682786,0.28407435202321174,0.07481254695436143,0.28407435202321174,0.14331799008562304,0.2840743520232123,0.07293980911682788,0.215568908891951,0.07855802262942865,0.14706346576069018
0.6147828727454647,0.18451822251136168,0.26563787328882166,0.13720481935648712,0.18264548467382813,0.13286741991790268,0.1839262987478445,0.3485332953568331,0.13779674312000426,0.14223110910557066,0.20827189063578067,0.14095029503155423,0.06988322375225993,0.27559348624000657,0.07047514751577717,0.14035837126803705,0.14095029503155423,0.13779674312000437,0.20955270470979698,0.21014462847331422,0.13907755719402068,0.1409502950315543,0.07175596158979354,0.13907755719402073,0.14095029503155423,0.06801048591472632,0.21014462847331422,0.14095029503155423,0.21014462847331422,0.2699752727274059,0.1409502950315543,0.14095029503155423,0.21014462847331422,0.21014462847331422,0.14095029503155423,0.21014462847331422,0.1409502950315543,0.21014462847331422,0.14095029503155423,0.17643534739771027,0.14095029503155423,0.20078093928564644,0.14095029503155423,0.14095029503155423,0.07175596158979354,0.2793389619150746,0.21014462847331422,0.21014462847331428,0.21014462847331428,0.1409502950315543,0.26810253488987235,0.20886381439929835,0.40402654017234063,0.05923872049057564,0.3385776824056494,0.2737207484024739,0.3485332953568332,0.06988322375225996,0.2051183387242308,0.34981410943085084,0.14095029503155423,0.14095029503155423,0.21014462847331422,0.21014462847331422,0.21014462847331422,0.07175596158979354,0.06801048591472632,0.13907755719402068,0.14095029503155423,0.27559348624000657,0.21014462847331422,0.2793389619150737,0.05923872049057564,0.20580722903472987,0.21014462847331422,0.20452641496071355,0.27933896191507374,0.1409502950315543,0.2780581478410584,0.27874703815155655,0.20827189063578067,0.3485332953568332,0.07175596158979354,0.27933896191507374,0.07175596158979354,0.14095029503155423,0.2793389619150737,0.13158660584388637,0.14095029503155423,0.20265367712318,0.2063991527982471,0.21014462847331422,0.14095029503155423,0.1409502950315543,0.14095029503155423,0.27933896191507374,0.1409502950315543,0.14095029503155423,0.21014462847331428,0.1409502950315543,0.14095029503155423,0.21014462847331417,0.14095029503155423,0.14095029503155423,0.2793389619150737,0.14095029503155423,0.20827189063578067,0.07047514751577717,0.28061977598909005,0.13907755719402068,0.21014462847331417,0.07175596158979354,0.2793389619150746,0.07175596158979354,0.21014462847331422,0.07175596158979354,0.2793389619150737,0.06988322375225993,0.2793389619150737,0.14095029503155423,0.2793389619150746,0.07175596158979354,0.20827189063578067,0.06613774807719275,0.13720481935648712
0.6835558091347658,0.28279353794919626,0.3427211487502699,0.2119203997638662,0.28279353794919626,0.20827189063578105,0.2791450288211112,0.4135942869355992,0.2155689088919515,0.20827189063578105,0.279145028821111,0.2119203997638662,0.14469577070662112,0.3463696578783551,0.14834427983470633,0.20827189063578105,0.2119203997638663,0.21556890889195143,0.2754965196930259,0.2791450288211112,0.21192039976386615,0.2119203997638662,0.14469577070662112,0.21192039976386615,0.2119203997638662,0.14469577070662112,0.27914502882111114,0.2119203997638662,0.2791450288211112,0.346369657878355,0.2119203997638662,0.2119203997638662,0.2791450288211111,0.27914502882111114,0.2119203997638662,0.2791450288211112,0.2119203997638662,0.27914502882111114,0.2119203997638662,0.27914502882111114,0.2119203997638662,0.2791450288211111,0.21192039976386615,0.2119203997638662,0.14469577070662112,0.34636965787835583,0.27914502882111114,0.2791450288211112,0.2791450288211112,0.2119203997638662,0.3463696578783551,0.2827935379491966,0.4771704068647578,0.14834427983470633,0.4099457778075149,0.3463696578783557,0.4135942869355992,0.14469577070662112,0.28279353794919637,0.4099457778075148,0.2119203997638662,0.2119203997638662,0.2791450288211112,0.27914502882111114,0.2791450288211112,0.14469577070662112,0.14469577070662112,0.2119203997638663,0.2119203997638663,0.3463696578783551,0.2791450288211112,0.3463696578783551,0.14834427983470638,0.27549651969302585,0.27914502882111114,0.2791450288211111,0.3463696578783551,0.2119203997638662,0.350018167006441,0.34272114875026993,0.279145028821111,0.4135942869355991,0.14469577070662112,0.3463696578783551,0.14469577070662112,0.2119203997638662,0.3463696578783551,0.2119203997638662,0.2119203997638662,0.27914502882111114,0.279145028821111,0.2791450288211112,0.2119203997638662,0.2119203997638662,0.2119203997638662,0.3463696578783551,0.21192039976386615,0.21192039976386637,0.27914502882111114,0.2119203997638662,0.21192039976386637,0.27914502882111114,0.2119203997638662,0.2119203997638662,0.3463696578783551,0.2119203997638662,0.2791450288211111,0.14834427983470633,0.3427211487502699,0.2119203997638663,0.27914502882111114,0.14469577070662112,0.34636965787835594,0.14469577070662112,0.27914502882111114,0.14469577070662112,0.3463696578783551,0.14469577070662112,0.3463696578783551,0.21192039976386615,0.34636965787835583,0.14469577070662112,0.27914502882111114,0.14469577070662112,0.2119203997638663
0.6313466136423214,0.21310424729090008,0.2805228094421083,0.14213414255858856,0.21310424729090005,0.14095029503155412,0.21192039976386562,0.35149291417442036,0.143317990085623,0.14095029503155412,0.21192039976386567,0.1421341425585885,0.07234788535331067,0.2817066569691427,0.07353173288034501,0.14095029503155407,0.14213414255858856,0.14331799008562293,0.21073655223683124,0.21192039976386562,0.1421341425585885,0.1421341425585885,0.07234788535331062,0.14213414255858856,0.14213414255858856,0.07234788535331065,0.21192039976386562,0.1421341425585885,0.21192039976386562,0.2817066569691427,0.1421341425585885,0.1421341425585885,0.21192039976386567,0.21192039976386562,0.14213414255858856,0.21192039976386562,0.1421341425585885,0.21192039976386562,0.14213414255858856,0.21192039976386562,0.14213414255858856,0.21192039976386562,0.14213414255858856,0.1421341425585885,0.07234788535331062,0.2817066569691436,0.21192039976386562,0.21192039976386562,0.21192039976386562,0.1421341425585885,0.2817066569691426,0.21310424729090058,0.4200953238526627,0.07353173288034504,0.3503090666473867,0.2817066569691436,0.35149291417442036,0.07234788535331065,0.21310424729090008,0.3503090666473867,0.1421341425585885,0.1421341425585885,0.21192039976386562,0.21192039976386562,0.21192039976386562,0.07234788535331062,0.07234788535331065,0.1421341425585885,0.1421341425585886,0.28170665696914277,0.21192039976386562,0.2817066569691427,0.07353173288034504,0.2107365522368312,0.21192039976386562,0.21192039976386562,0.2817066569691426,0.1421341425585885,0.2828905044961779,0.2805228094421083,0.21192039976386567,0.35149291417442025,0.07234788535331065,0.2817066569691427,0.07234788535331065,0.14213414255858856,0.28170665696914277,0.14213414255858856,0.1421341425585885,0.21192039976386567,0.21192039976386562,0.21192039976386562,0.14213414255858856,0.1421341425585885,0.14213414255858856,0.2817066569691427,0.1421341425585885,0.14213414255858833,0.21192039976386562,0.14213414255858856,0.14213414255858833,0.21192039976386562,0.14213414255858856,0.1421341425585885,0.2817066569691426,0.14213414255858856,0.21192039976386562,0.07353173288034509,0.28052280944210833,0.14213414255858856,0.21192039976386562,0.07234788535331065,0.28170665696914354,0.07234788535331065,0.21192039976386567,0.07234788535331062,0.28170665696914277,0.07234788535331062,0.2817066569691427,0.14213414255858856,0.2817066569691435,0.07234788535331065,0.21192039976386567,0.07234788535331065,0.14213414255858856
0.5791374181498775,0.14716043230767223,0.2145789944588804,0.07234788535331076,0.14716043230767217,0.06988322375225996,0.14469577070662135,0.2893915414132406,0.07481254695436151,0.06988322375225993,0.1446957707066214,0.07234788535331073,1.3681620592788513e-16,0.21704365605993112,0.00246466160105093,0.06988322375225993,0.07234788535331073,0.07481254695436154,0.14223110910557055,0.1446957707066214,0.07234788535331076,0.07234788535331073,1.3681620592788513e-16,0.07234788535331076,0.07234788535331073,1.3681620592788513e-16,0.14469577070662135,0.07234788535331073,0.14469577070662146,0.21704365605993117,0.07234788535331073,0.07234788535331073,0.14469577070662135,0.14469577070662135,0.07234788535331073,0.1446957707066214,0.07234788535331073,0.14469577070662135,0.07234788535331073,0.14469577070662146,0.07234788535331073,0.14469577070662135,0.07234788535331073,0.07234788535331073,1.3681620592788513e-16,0.2170436560599314,0.1446957707066214,0.1446957707066214,0.14469577070662146,0.07234788535331073,0.21704365605993117,0.14716043230767212,0.3592747651654993,0.00246466160105093,0.28692687981219056,0.21704365605993156,0.2893915414132406,1.3681620592788513e-16,0.14716043230767223,0.2869268798121905,0.07234788535331073,0.07234788535331073,0.14469577070662135,0.14469577070662135,0.1446957707066214,1.3681620592788513e-16,1.3681620592788513e-16,0.07234788535331076,0.07234788535331073,0.21704365605993112,0.14469577070662146,0.21704365605993117,0.0024646616010509026,0.14223110910557055,0.14469577070662135,0.14469577070662135,0.21704365605993112,0.07234788535331073,0.21950831766098225,0.2145789944588804,0.14469577070662135,0.2893915414132406,1.094529647423081e-16,0.21704365605993112,1.094529647423081e-16,0.07234788535331073,0.21704365605993117,0.07234788535331076,0.07234788535331073,0.1446957707066214,0.1446957707066214,0.14469577070662135,0.07234788535331073,0.07234788535331073,0.07234788535331073,0.21704365605993112,0.07234788535331073,0.07234788535331078,0.1446957707066214,0.07234788535331073,0.07234788535331078,0.14469577070662135,0.07234788535331073,0.07234788535331073,0.21704365605993117,0.07234788535331073,0.14469577070662146,0.0024646616010509026,0.21457899445888046,0.07234788535331076,0.14469577070662135,1.3681620592788513e-16,0.21704365605993145,1.094529647423081e-16,0.14469577070662146,1.3681620592788513e-16,0.21704365605993117,1.3681620592788513e-16,0.21704365605993117,0.07234788535331073,0.21704365605993145,1.3681620592788513e-16,0.14469577070662146,1.094529647423081e-16,0.07234788535331073
0.7357650046272097,0.3524828286074908,0.4049194880584303,0.2817066569691436,0.3524828286074908,0.2755934862400077,0.346369657878355,0.4756956596967775,0.2878198276982795,0.2755934862400076,0.3463696578783549,0.2817066569691437,0.21704365605993167,0.4110326587875661,0.22315682678906776,0.2755934862400076,0.2817066569691436,0.2878198276982794,0.3402564871492189,0.346369657878355,0.2817066569691436,0.2817066569691437,0.21704365605993167,0.28170665696914354,0.28170665696914354,0.21704365605993167,0.346369657878355,0.2817066569691436,0.346369657878355,0.4110326587875661,0.2817066569691437,0.2817066569691437,0.3463696578783549,0.3463696578783549,0.28170665696914354,0.346369657878355,0.2817066569691437,0.346369657878355,0.2817066569691436,0.346369657878355,0.2817066569691436,0.346369657878355,0.2817066569691436,0.2817066569691437,0.21704365605993173,0.41103265878756756,0.346369657878355,0.346369657878355,0.346369657878355,0.2817066569691437,0.4110326587875661,0.352482828607492,0.5342454898768529,0.22315682678906776,0.4695824889676432,0.41103265878756756,0.4756956596967775,0.21704365605993167,0.3524828286074908,0.4695824889676431,0.2817066569691437,0.2817066569691437,0.346369657878355,0.346369657878355,0.346369657878355,0.21704365605993167,0.21704365605993167,0.2817066569691436,0.28170665696914354,0.41103265878756623,0.346369657878355,0.4110326587875661,0.22315682678906779,0.34025648714921886,0.346369657878355,0.3463696578783549,0.41103265878756623,0.2817066569691437,0.41714582951670365,0.4049194880584303,0.3463696578783548,0.4756956596967775,0.21704365605993167,0.41103265878756623,0.21704365605993167,0.2817066569691437,0.4110326587875661,0.2817066569691436,0.2817066569691437,0.346369657878355,0.3463696578783548,0.346369657878355,0.2817066569691437,0.2817066569691437,0.2817066569691437,0.41103265878756623,0.2817066569691436,0.2817066569691443,0.346369657878355,0.2817066569691436,0.2817066569691442,0.346369657878355,0.2817066569691436,0.2817066569691436,0.4110326587875661,0.2817066569691437,0.3463696578783549,0.22315682678906776,0.4049194880584303,0.2817066569691436,0.346369657878355,0.21704365605993167,0.4110326587875677,0.21704365605993167,0.3463696578783549,0.21704365605993173,0.4110326587875661,0.21704365605993173,0.4110326587875661,0.28170665696914354,0.4110326587875677,0.21704365605993167,0.3463696578783549,0.21704365605993167,0.2817066569691436
0.5957011590467334,0.17387371924967776,0.23133666844970102,0.07727720855541248,0.17574645708721137,0.07983883670344523,0.17268987172264333,0.2923511602308269,0.07846105608244687,0.07047514751577731,0.14834427983470683,0.07353173288034529,0.002464661601051012,0.22315682678906748,0.0036485091280854115,0.07234788535331088,0.07353173288034529,0.07846105608244687,0.14528769447013878,0.14647154199717322,0.0754044707178789,0.07353173288034529,0.0005919237635174051,0.0754044707178789,0.07353173288034529,0.004337399438584536,0.14647154199717322,0.07353173288034529,0.14647154199717322,0.2287750403016683,0.07353173288034529,0.07353173288034529,0.14647154199717322,0.14647154199717322,0.07353173288034529,0.14647154199717316,0.07353173288034529,0.14647154199717322,0.07353173288034529,0.18018082307277766,0.07353173288034529,0.1558352311848411,0.07353173288034529,0.07353173288034529,0.0005919237635174051,0.2194113511140006,0.14647154199717322,0.14647154199717322,0.14647154199717316,0.07353173288034529,0.23064777813920184,0.1495281273617411,0.37721628668335416,0.014884936153286888,0.3005310018914612,0.22502956462660134,0.2923511602308269,0.002464661601051012,0.15327360303680843,0.28929457486625965,0.07353173288034529,0.07353173288034529,0.14647154199717322,0.14647154199717322,0.14647154199717322,0.0005919237635174051,0.004337399438584536,0.0754044707178789,0.07353173288034529,0.22315682678906754,0.14647154199717316,0.21941135111400037,0.014884936153286888,0.14903317014520595,0.14647154199717322,0.152089755509774,0.2194113511140003,0.07353173288034529,0.22246793647856866,0.21822750358696594,0.14834427983470683,0.292351160230827,0.0005919237635174051,0.21941135111400037,0.0005919237635174051,0.07353173288034529,0.21941135111400037,0.08289542206801319,0.07353173288034529,0.15396249334730755,0.15021701767224038,0.14647154199717322,0.07353173288034529,0.07353173288034529,0.07353173288034529,0.2194113511140003,0.07353173288034529,0.07353173288034501,0.14647154199717316,0.07353173288034529,0.07353173288034501,0.14647154199717322,0.07353173288034529,0.07353173288034529,0.21941135111400037,0.07353173288034529,0.14834427983470683,0.0036485091280854115,0.21635476574943233,0.0754044707178789,0.14647154199717322,0.0005919237635174051,0.21941135111400065,0.0005919237635174051,0.14647154199717322,0.0005919237635174051,0.21941135111400037,0.0024646616010509845,0.21941135111400037,0.07353173288034529,0.21941135111400065,0.0005919237635174051,0.14834427983470683,0.006210137276118143,0.07727720855541245
0.6147828727454654,0.1863909603488952,0.2637651354512881,0.137204819356487,0.18451822251136168,0.13099468208036902,0.18392629874784444,0.3485332953568341,0.1396694809575378,0.140358371268037,0.20827189063578067,0.14095029503155418,0.06988322375225987,0.27559348624000657,0.07234788535331073,0.13848563343050344,0.14095029503155418,0.1396694809575378,0.20767996687226342,0.21014462847331417,0.13907755719402057,0.14095029503155423,0.07175596158979348,0.13907755719402062,0.14095029503155423,0.06801048591472629,0.21014462847331417,0.14095029503155423,0.21014462847331422,0.2699752727274059,0.14095029503155418,0.14095029503155418,0.21014462847331422,0.21014462847331417,0.14095029503155423,0.21014462847331417,0.14095029503155418,0.21014462847331417,0.14095029503155423,0.17643534739771022,0.14095029503155423,0.20078093928564644,0.14095029503155418,0.14095029503155418,0.07175596158979348,0.27933896191507446,0.21014462847331417,0.21014462847331417,0.21014462847331417,0.14095029503155418,0.26810253488987235,0.2107365522368317,0.40215380233480824,0.061111458328109165,0.3367049445681161,0.27372074840247385,0.3485332953568341,0.06988322375225993,0.20699107656176435,0.34794137159331767,0.14095029503155418,0.14095029503155418,0.21014462847331417,0.21014462847331422,0.21014462847331417,0.07175596158979348,0.06801048591472629,0.13907755719402057,0.14095029503155423,0.27559348624000657,0.21014462847331417,0.2793389619150737,0.06111145832810919,0.20393449119719625,0.21014462847331417,0.20452641496071355,0.27933896191507374,0.14095029503155418,0.27993088567859176,0.2768743003140229,0.20827189063578067,0.34853329535683397,0.07175596158979351,0.27933896191507374,0.07175596158979351,0.14095029503155418,0.2793389619150737,0.13158660584388626,0.14095029503155418,0.20265367712318,0.20639915279824705,0.21014462847331417,0.14095029503155418,0.14095029503155418,0.14095029503155418,0.2793389619150737,0.14095029503155423,0.1409502950315538,0.21014462847331417,0.14095029503155418,0.14095029503155385,0.21014462847331417,0.14095029503155423,0.14095029503155423,0.2793389619150737,0.14095029503155418,0.2082718906357806,0.07234788535331073,0.27874703815155655,0.13907755719402057,0.21014462847331422,0.07175596158979348,0.2793389619150745,0.07175596158979351,0.21014462847331422,0.07175596158979348,0.2793389619150737,0.06988322375225985,0.2793389619150737,0.14095029503155418,0.2793389619150745,0.07175596158979348,0.20827189063578067,0.06613774807719272,0.13720481935648707
0.6313466136423209,0.2131042472909003,0.2805228094421081,0.14213414255858872,0.21310424729090036,0.14095029503155423,0.21192039976386584,0.35149291417441925,0.1433179900856231,0.14095029503155423,0.21192039976386584,0.14213414255858867,0.07234788535331073,0.2817066569691425,0.07353173288034512,0.14095029503155423,0.1421341425585886,0.1433179900856231,0.2107365522368314,0.2119203997638659,0.14213414255858872,0.14213414255858872,0.07234788535331073,0.14213414255858872,0.1421341425585886,0.07234788535331073,0.21192039976386584,0.14213414255858872,0.2119203997638659,0.2817066569691425,0.14213414255858872,0.14213414255858867,0.21192039976386584,0.21192039976386584,0.14213414255858872,0.21192039976386584,0.14213414255858867,0.21192039976386584,0.1421341425585886,0.2119203997638659,0.14213414255858872,0.21192039976386584,0.14213414255858867,0.14213414255858872,0.07234788535331073,0.2817066569691433,0.21192039976386584,0.21192039976386584,0.2119203997638659,0.14213414255858867,0.2817066569691425,0.21310424729090063,0.4200953238526616,0.07353173288034512,0.350309066647386,0.28170665696914343,0.35149291417441925,0.07234788535331076,0.2131042472909003,0.350309066647386,0.14213414255858867,0.14213414255858867,0.21192039976386584,0.21192039976386584,0.21192039976386584,0.07234788535331073,0.07234788535331073,0.14213414255858872,0.1421341425585886,0.2817066569691425,0.2119203997638659,0.28170665696914254,0.07353173288034515,0.21073655223683146,0.21192039976386584,0.21192039976386584,0.2817066569691425,0.14213414255858867,0.2828905044961779,0.2805228094421081,0.21192039976386584,0.35149291417441925,0.07234788535331073,0.2817066569691425,0.07234788535331076,0.1421341425585886,0.2817066569691425,0.14213414255858867,0.14213414255858867,0.21192039976386584,0.21192039976386584,0.21192039976386584,0.1421341425585886,0.14213414255858872,0.1421341425585886,0.2817066569691425,0.14213414255858878,0.14213414255858856,0.21192039976386584,0.14213414255858872,0.14213414255858856,0.21192039976386573,0.1421341425585886,0.14213414255858872,0.2817066569691425,0.1421341425585886,0.21192039976386584,0.0735317328803452,0.28052280944210806,0.14213414255858867,0.21192039976386584,0.07234788535331073,0.28170665696914343,0.07234788535331076,0.2119203997638659,0.07234788535331073,0.2817066569691425,0.07234788535331073,0.2817066569691425,0.14213414255858872,0.2817066569691433,0.07234788535331073,0.2119203997638659,0.07234788535331076,0.14213414255858872
0.6479103545391778,0.2435630099079729,0.2935350077578613,0.14706346576069018,0.24543574774550644,0.14716043230767212,0.23991450077988755,0.3544525329920053,0.1507119748887754,0.1377967431200042,0.215568908891951,0.14331799008562304,0.07481254695436146,0.2878198276982785,0.07846105608244668,0.1396694809575378,0.14331799008562304,0.1507119748887754,0.21004766192633234,0.21369617105441738,0.14519072792315657,0.143317990085623,0.07293980911682788,0.14519072792315657,0.143317990085623,0.07668528479189507,0.21369617105441738,0.14331799008562304,0.21369617105441738,0.2934380412108793,0.14331799008562304,0.143317990085623,0.21369617105441743,0.21369617105441743,0.14331799008562304,0.21369617105441738,0.14331799008562293,0.21369617105441743,0.143317990085623,0.24740545213002205,0.14331799008562304,0.22305986024208538,0.14331799008562304,0.14331799008562304,0.07293980911682788,0.2840743520232122,0.21369617105441738,0.21369617105441738,0.21369617105441738,0.14331799008562304,0.29531077904841285,0.2192174180200366,0.43429136969544974,0.08969748310764816,0.36016771305158923,0.2896925655358131,0.3544525329920053,0.07481254695436151,0.22296289369510333,0.34893128602638773,0.14331799008562304,0.14331799008562304,0.21369617105441738,0.21369617105441743,0.21369617105441738,0.07293980911682788,0.07668528479189507,0.14519072792315657,0.14331799008562304,0.2878198276982785,0.21369617105441738,0.2840743520232114,0.08969748310764819,0.21379313760139937,0.21369617105441743,0.2193143845670181,0.2840743520232113,0.143317990085623,0.2895955989888311,0.2804258428951262,0.215568908891951,0.3544525329920054,0.0729398091168279,0.2840743520232113,0.0729398091168279,0.143317990085623,0.2840743520232114,0.15268167927329085,0.14331799008562304,0.22118712240455182,0.21744164672948466,0.21369617105441743,0.14331799008562293,0.14331799008562304,0.14331799008562304,0.2840743520232113,0.14331799008562304,0.14331799008562277,0.21369617105441738,0.14331799008562304,0.14331799008562277,0.21369617105441743,0.143317990085623,0.14331799008562304,0.2840743520232114,0.14331799008562304,0.21556890889195093,0.07846105608244668,0.2785531050575926,0.14519072792315657,0.21369617105441743,0.07293980911682788,0.28407435202321224,0.0729398091168279,0.21369617105441743,0.07293980911682788,0.2840743520232114,0.07481254695436146,0.2840743520232114,0.14331799008562304,0.28407435202321224,0.07293980911682788,0.215568908891951,0.07855802262942865,0.14706346576069018
0.6669920682379098,0.2542075131696577,0.3278362125969834,0.20699107656176474,0.252334775332124,0.20018901552212948,0.2511509278050897,0.41063466811801325,0.2100476619263328,0.20955270470979748,0.2754965196930259,0.21073655223683188,0.14223110910557032,0.34025648714921913,0.14528769447013837,0.20767996687226387,0.21073655223683194,0.21004766192633276,0.27431267216599153,0.27736925753055963,0.2088638143992983,0.21073655223683194,0.14410384694310388,0.2088638143992983,0.21073655223683188,0.14035837126803677,0.2773692575305596,0.21073655223683188,0.27736925753055963,0.3346382736366184,0.21073655223683188,0.21073655223683188,0.27736925753055947,0.2773692575305596,0.21073655223683188,0.27736925753055963,0.21073655223683188,0.2773692575305596,0.21073655223683188,0.24365997645495538,0.21073655223683188,0.2680055683428918,0.21073655223683185,0.21073655223683188,0.14410384694310388,0.344001962824287,0.27736925753055963,0.27736925753055963,0.27736925753055963,0.21073655223683188,0.3327655357990849,0.2785531050575941,0.461101623184437,0.13405126744493684,0.3982143935657785,0.3383837493116863,0.41063466811801325,0.14223110910557032,0.27480762938252695,0.40945082059097976,0.21073655223683188,0.21073655223683188,0.2773692575305596,0.27736925753055963,0.27736925753055963,0.14410384694310388,0.14035837126803677,0.20886381439929835,0.21073655223683194,0.34025648714921924,0.27736925753055963,0.34400196282428636,0.13405126744493684,0.2705671964909243,0.2773692575305596,0.2717510440179588,0.3440019628242864,0.21073655223683188,0.3451858103513215,0.3409453774597183,0.27549651969302585,0.410634668118013,0.14410384694310388,0.3440019628242864,0.14410384694310394,0.21073655223683188,0.34400196282428636,0.20137286304916396,0.21073655223683188,0.26987830618042535,0.2736237818554923,0.27736925753055963,0.21073655223683188,0.21073655223683188,0.21073655223683188,0.3440019628242864,0.21073655223683188,0.21073655223683188,0.27736925753055963,0.21073655223683188,0.21073655223683194,0.2773692575305596,0.21073655223683188,0.21073655223683188,0.34400196282428624,0.21073655223683188,0.2754965196930259,0.14528769447013837,0.3428181152972519,0.20886381439929835,0.2773692575305596,0.14410384694310388,0.34400196282428713,0.14410384694310394,0.2773692575305596,0.14410384694310388,0.34400196282428636,0.14223110910557032,0.34400196282428636,0.21073655223683185,0.344001962824287,0.14410384694310388,0.275496519693026,0.13848563343050316,0.2069910765617648
0.6835558091347667,0.2809208001116624,0.3445938865878037,0.2119203997638659,0.28092080011166254,0.21014462847331422,0.27914502882111086,0.4135942869356004,0.21369617105441743,0.21014462847331422,0.2791450288211108,0.21192039976386584,0.14469577070662107,0.3463696578783552,0.14647154199717263,0.21014462847331422,0.21192039976386584,0.21369617105441743,0.27736925753055924,0.2791450288211109,0.21192039976386584,0.21192039976386573,0.144695770706621,0.21192039976386573,0.21192039976386584,0.14469577070662107,0.27914502882111086,0.21192039976386584,0.27914502882111086,0.3463696578783552,0.21192039976386584,0.21192039976386584,0.2791450288211108,0.27914502882111086,0.2119203997638659,0.2791450288211109,0.21192039976386584,0.2791450288211109,0.21192039976386584,0.27914502882111086,0.21192039976386573,0.27914502882111086,0.21192039976386573,0.21192039976386584,0.144695770706621,0.34636965787835594,0.2791450288211109,0.2791450288211109,0.2791450288211109,0.21192039976386584,0.3463696578783552,0.28092080011166287,0.47904314470229264,0.1464715419971727,0.4118185156450493,0.34636965787835594,0.4135942869356004,0.14469577070662107,0.28092080011166254,0.4118185156450492,0.21192039976386584,0.21192039976386584,0.27914502882111086,0.27914502882111086,0.2791450288211109,0.144695770706621,0.144695770706621,0.21192039976386584,0.21192039976386595,0.34636965787835533,0.2791450288211109,0.34636965787835533,0.1464715419971727,0.27736925753055913,0.2791450288211109,0.2791450288211108,0.34636965787835533,0.21192039976386584,0.3481454291689075,0.34459388658780365,0.2791450288211108,0.4135942869356001,0.144695770706621,0.34636965787835533,0.144695770706621,0.21192039976386584,0.34636965787835533,0.21192039976386584,0.21192039976386584,0.27914502882111086,0.2791450288211108,0.2791450288211109,0.21192039976386584,0.21192039976386584,0.21192039976386584,0.34636965787835544,0.21192039976386573,0.2119203997638661,0.2791450288211109,0.21192039976386584,0.21192039976386615,0.2791450288211109,0.21192039976386584,0.21192039976386584,0.3463696578783552,0.21192039976386584,0.27914502882111086,0.14647154199717263,0.3445938865878037,0.21192039976386584,0.27914502882111086,0.14469577070662107,0.34636965787835594,0.144695770706621,0.2791450288211108,0.144695770706621,0.34636965787835533,0.14469577070662107,0.34636965787835533,0.21192039976386573,0.34636965787835583,0.14469577070662107,0.27914502882111086,0.144695770706621,0.2119203997638659
0.6313466136423219,0.21497698512843358,0.2786500716045745,0.1421341425585884,0.21497698512843358,0.1390775571940204,0.21192039976386556,0.35149291417442025,0.14519072792315638,0.1390775571940204,0.21192039976386556,0.14213414255858833,0.07234788535331062,0.2817066569691425,0.07540447071787859,0.1390775571940204,0.1421341425585884,0.14519072792315638,0.20886381439929758,0.21192039976386556,0.1421341425585884,0.1421341425585884,0.07234788535331056,0.1421341425585884,0.14213414255858833,0.07234788535331062,0.21192039976386545,0.14213414255858833,0.21192039976386556,0.28170665696914254,0.1421341425585884,0.14213414255858833,0.21192039976386556,0.21192039976386556,0.14213414255858844,0.21192039976386545,0.1421341425585884,0.21192039976386545,0.14213414255858833,0.21192039976386562,0.1421341425585884,0.21192039976386556,0.1421341425585884,0.14213414255858833,0.07234788535331056,0.2817066569691433,0.21192039976386545,0.21192039976386556,0.21192039976386556,0.14213414255858833,0.2817066569691425,0.2149769851284339,0.4182225860151294,0.07540447071787859,0.3484363288098529,0.2817066569691433,0.35149291417442025,0.07234788535331062,0.21497698512843363,0.3484363288098529,0.14213414255858833,0.14213414255858833,0.21192039976386545,0.21192039976386556,0.21192039976386545,0.07234788535331056,0.07234788535331062,0.1421341425585884,0.1421341425585884,0.28170665696914254,0.21192039976386556,0.28170665696914254,0.07540447071787859,0.20886381439929752,0.21192039976386545,0.21192039976386556,0.28170665696914243,0.14213414255858833,0.28476324233371114,0.27865007160457445,0.21192039976386556,0.35149291417442013,0.07234788535331062,0.2817066569691425,0.07234788535331062,0.14213414255858833,0.28170665696914254,0.14213414255858844,0.14213414255858833,0.21192039976386556,0.21192039976386556,0.21192039976386545,0.14213414255858833,0.1421341425585884,0.14213414255858833,0.2817066569691425,0.14213414255858833,0.14213414255858844,0.21192039976386545,0.1421341425585884,0.14213414255858844,0.21192039976386545,0.14213414255858833,0.14213414255858833,0.2817066569691425,0.14213414255858833,0.21192039976386556,0.07540447071787859,0.27865007160457445,0.1421341425585884,0.21192039976386545,0.07234788535331062,0.28170665696914327,0.07234788535331062,0.21192039976386562,0.07234788535331056,0.28170665696914254,0.07234788535331056,0.28170665696914254,0.1421341425585884,0.2817066569691431,0.07234788535331062,0.21192039976386562,0.07234788535331062,0.14213414255858844
0.6313466136423225,0.21310424729090052,0.28052280944210944,0.1421341425585884,0.21310424729090063,0.14095029503155396,0.21192039976386615,0.3514929141744212,0.14331799008562277,0.14095029503155396,0.2119203997638662,0.14213414255858833,0.07234788535331053,0.2817066569691437,0.07353173288034495,0.14095029503155396,0.14213414255858833,0.14331799008562277,0.21073655223683185,0.21192039976386615,0.14213414255858833,0.1421341425585884,0.07234788535331053,0.1421341425585884,0.14213414255858833,0.07234788535331053,0.2119203997638662,0.14213414255858833,0.21192039976386615,0.2817066569691437,0.14213414255858833,0.14213414255858833,0.2119203997638662,0.2119203997638663,0.14213414255858833,0.21192039976386615,0.14213414255858833,0.2119203997638662,0.14213414255858833,0.21192039976386615,0.1421341425585884,0.2119203997638663,0.1421341425585884,0.14213414255858833,0.07234788535331053,0.28170665696914393,0.21192039976386615,0.21192039976386615,0.21192039976386615,0.14213414255858833,0.28170665696914376,0.21310424729090052,0.42009532385266424,0.07353173288034495,0.35030906664738704,0.281706656969144,0.3514929141744212,0.07234788535331053,0.21310424729090063,0.35030906664738704,0.14213414255858833,0.14213414255858833,0.2119203997638662,0.21192039976386615,0.21192039976386615,0.07234788535331053,0.0723478853533105,0.14213414255858833,0.1421341425585884,0.28170665696914376,0.21192039976386615,0.2817066569691438,0.07353173288034495,0.2107365522368317,0.2119203997638662,0.2119203997638662,0.28170665696914376,0.14213414255858833,0.2828905044961784,0.28052280944210944,0.2119203997638662,0.35149291417442097,0.07234788535331053,0.28170665696914376,0.07234788535331053,0.14213414255858833,0.2817066569691438,0.14213414255858833,0.14213414255858833,0.21192039976386615,0.2119203997638662,0.2119203997638662,0.14213414255858833,0.14213414255858833,0.14213414255858833,0.2817066569691438,0.14213414255858833,0.14213414255858828,0.21192039976386615,0.1421341425585884,0.14213414255858822,0.2119203997638662,0.14213414255858833,0.14213414255858833,0.28170665696914376,0.14213414255858833,0.21192039976386615,0.07353173288034495,0.28052280944210933,0.14213414255858833,0.2119203997638662,0.07234788535331053,0.281706656969144,0.07234788535331053,0.21192039976386615,0.0723478853533105,0.2817066569691438,0.07234788535331056,0.2817066569691438,0.1421341425585884,0.281706656969144,0.07234788535331053,0.21192039976386615,0.0723478853533105,0.14213414255858844
0.5791374181498767,0.14528769447013865,0.21645173229641398,0.07234788535331081,0.14528769447013865,0.07175596158979362,0.14469577070662146,0.2893915414132406,0.07293980911682801,0.07175596158979362,0.14469577070662146,0.07234788535331078,1.6417944711346214e-16,0.21704365605993117,0.0005919237635173503,0.07175596158979357,0.07234788535331081,0.07293980911682801,0.1441038469431042,0.14469577070662146,0.07234788535331081,0.07234788535331078,1.6417944711346214e-16,0.07234788535331081,0.07234788535331081,1.6417944711346214e-16,0.14469577070662146,0.07234788535331078,0.14469577070662146,0.21704365605993117,0.07234788535331081,0.07234788535331081,0.14469577070662146,0.14469577070662146,0.07234788535331078,0.14469577070662146,0.07234788535331081,0.14469577070662146,0.07234788535331081,0.14469577070662146,0.07234788535331078,0.14469577070662146,0.07234788535331081,0.07234788535331081,1.6417944711346214e-16,0.21704365605993156,0.14469577070662146,0.14469577070662146,0.14469577070662146,0.07234788535331078,0.21704365605993117,0.1452876944701387,0.3611475030030328,0.0005919237635173776,0.28879961764972417,0.21704365605993162,0.2893915414132406,1.6417944711346214e-16,0.1452876944701386,0.28879961764972417,0.07234788535331078,0.07234788535331078,0.14469577070662146,0.14469577070662146,0.14469577070662146,1.6417944711346214e-16,1.6417944711346214e-16,0.07234788535331078,0.07234788535331081,0.21704365605993112,0.14469577070662146,0.21704365605993117,0.0005919237635173503,0.1441038469431042,0.14469577070662146,0.14469577070662146,0.21704365605993117,0.07234788535331081,0.21763557982344892,0.21645173229641398,0.14469577070662146,0.2893915414132406,1.6417944711346214e-16,0.21704365605993117,1.6417944711346214e-16,0.07234788535331081,0.21704365605993117,0.07234788535331081,0.07234788535331078,0.14469577070662146,0.14469577070662146,0.14469577070662146,0.07234788535331081,0.07234788535331081,0.07234788535331081,0.21704365605993117,0.07234788535331078,0.07234788535331073,0.14469577070662146,0.07234788535331078,0.07234788535331073,0.14469577070662146,0.07234788535331081,0.07234788535331081,0.21704365605993117,0.07234788535331081,0.14469577070662146,0.0005919237635173503,0.21645173229641398,0.07234788535331081,0.14469577070662146,1.6417944711346214e-16,0.21704365605993162,1.6417944711346214e-16,0.14469577070662146,1.6417944711346214e-16,0.21704365605993117,1.6417944711346214e-16,0.21704365605993117,0.07234788535331078,0.21704365605993167,1.6417944711346214e-16,0.1446957707066214,1.6417944711346214e-16,0.07234788535331078
0.6313466136423219,0.21497698512843397,0.2786500716045759,0.14213414255858856,0.21497698512843413,0.1390775571940205,0.21192039976386615,0.3514929141744206,0.14519072792315654,0.1390775571940205,0.21192039976386615,0.14213414255858844,0.07234788535331065,0.28170665696914376,0.07540447071787859,0.1390775571940205,0.14213414255858856,0.1451907279231565,0.20886381439929813,0.2119203997638661,0.1421341425585885,0.14213414255858844,0.07234788535331062,0.14213414255858856,0.1421341425585885,0.07234788535331062,0.21192039976386615,0.1421341425585885,0.2119203997638661,0.2817066569691437,0.1421341425585885,0.1421341425585885,0.21192039976386615,0.21192039976386615,0.1421341425585885,0.2119203997638661,0.1421341425585885,0.21192039976386615,0.1421341425585885,0.2119203997638661,0.14213414255858844,0.21192039976386615,0.14213414255858856,0.1421341425585885,0.07234788535331062,0.2817066569691441,0.21192039976386615,0.2119203997638661,0.2119203997638661,0.14213414255858844,0.28170665696914376,0.2149769851284344,0.4182225860151292,0.07540447071787859,0.34843632880985326,0.28170665696914404,0.3514929141744206,0.07234788535331062,0.2149769851284342,0.34843632880985326,0.14213414255858844,0.14213414255858844,0.21192039976386615,0.2119203997638661,0.21192039976386615,0.07234788535331062,0.07234788535331056,0.14213414255858844,0.14213414255858856,0.28170665696914376,0.2119203997638661,0.2817066569691438,0.07540447071787856,0.20886381439929808,0.21192039976386615,0.21192039976386615,0.2817066569691438,0.1421341425585885,0.28476324233371214,0.2786500716045759,0.2119203997638662,0.35149291417442047,0.07234788535331062,0.2817066569691438,0.07234788535331062,0.1421341425585885,0.2817066569691438,0.1421341425585885,0.14213414255858844,0.21192039976386615,0.21192039976386615,0.21192039976386615,0.1421341425585885,0.1421341425585885,0.1421341425585885,0.28170665696914393,0.1421341425585885,0.14213414255858833,0.2119203997638661,0.14213414255858844,0.14213414255858833,0.21192039976386615,0.1421341425585885,0.1421341425585885,0.28170665696914376,0.1421341425585885,0.2119203997638661,0.07540447071787859,0.2786500716045759,0.1421341425585885,0.21192039976386615,0.07234788535331062,0.2817066569691441,0.07234788535331062,0.2119203997638661,0.07234788535331056,0.2817066569691438,0.07234788535331065,0.2817066569691438,0.14213414255858844,0.2817066569691442,0.07234788535331062,0.2119203997638661,0.07234788535331062,0.14213414255858856
0.631346613642321,0.2131042472909002,0.28052280944210806,0.14213414255858867,0.2131042472909003,0.14095029503155418,0.21192039976386584,0.35149291417441914,0.14331799008562304,0.14095029503155418,0.21192039976386584,0.1421341425585886,0.07234788535331073,0.28170665696914243,0.07353173288034512,0.14095029503155423,0.1421341425585886,0.1433179900856231,0.21073655223683135,0.21192039976386584,0.14213414255858867,0.14213414255858867,0.07234788535331073,0.14213414255858867,0.1421341425585886,0.07234788535331073,0.21192039976386573,0.14213414255858872,0.21192039976386584,0.2817066569691425,0.1421341425585886,0.1421341425585886,0.21192039976386584,0.21192039976386584,0.14213414255858872,0.21192039976386573,0.1421341425585886,0.21192039976386573,0.1421341425585886,0.21192039976386584,0.14213414255858872,0.21192039976386584,0.14213414255858867,0.1421341425585886,0.07234788535331073,0.2817066569691433,0.21192039976386573,0.21192039976386573,0.21192039976386573,0.1421341425585886,0.2817066569691425,0.21310424729090058,0.4200953238526614,0.07353173288034512,0.35030906664738587,0.28170665696914343,0.35149291417441914,0.07234788535331076,0.2131042472909002,0.350309066647386,0.1421341425585886,0.14213414255858867,0.21192039976386584,0.21192039976386584,0.21192039976386573,0.07234788535331073,0.07234788535331073,0.14213414255858867,0.1421341425585886,0.28170665696914243,0.21192039976386584,0.28170665696914243,0.07353173288034515,0.2107365522368314,0.21192039976386573,0.21192039976386584,0.28170665696914243,0.1421341425585886,0.2828905044961778,0.28052280944210806,0.21192039976386584,0.35149291417441914,0.07234788535331073,0.28170665696914243,0.07234788535331076,0.1421341425585886,0.28170665696914243,0.1421341425585886,0.1421341425585886,0.21192039976386573,0.21192039976386584,0.21192039976386573,0.1421341425585886,0.1421341425585886,0.1421341425585886,0.28170665696914243,0.14213414255858872,0.1421341425585885,0.21192039976386573,0.1421341425585886,0.1421341425585885,0.21192039976386573,0.1421341425585886,0.1421341425585886,0.2817066569691425,0.1421341425585886,0.21192039976386573,0.07353173288034512,0.280522809442108,0.1421341425585886,0.21192039976386573,0.07234788535331073,0.2817066569691433,0.07234788535331076,0.21192039976386584,0.07234788535331073,0.2817066569691425,0.07234788535331073,0.2817066569691425,0.14213414255858867,0.2817066569691433,0.07234788535331073,0.21192039976386584,0.07234788535331076,0.14213414255858867
0.5791374181498774,0.14903317014520573,0.21270625662134685,0.07234788535331076,0.14903317014520578,0.06801048591472637,0.14469577070662135,0.2893915414132406,0.0766852847918951,0.06801048591472637,0.1446957707066214,0.07234788535331073,1.3681620592788513e-16,0.21704365605993112,0.0043373994385845095,0.06801048591472637,0.07234788535331076,0.07668528479189513,0.140358371268037,0.1446957707066214,0.07234788535331076,0.07234788535331073,1.6417944711346214e-16,0.07234788535331076,0.07234788535331073,1.3681620592788513e-16,0.14469577070662135,0.07234788535331073,0.1446957707066214,0.21704365605993112,0.07234788535331073,0.07234788535331073,0.1446957707066214,0.1446957707066214,0.07234788535331073,0.1446957707066214,0.07234788535331076,0.1446957707066214,0.07234788535331073,0.14469577070662146,0.07234788535331073,0.1446957707066214,0.07234788535331076,0.07234788535331073,1.6417944711346214e-16,0.21704365605993145,0.1446957707066214,0.1446957707066214,0.14469577070662146,0.07234788535331073,0.21704365605993112,0.14903317014520567,0.35740202732796567,0.0043373994385845095,0.28505414197465695,0.21704365605993162,0.2893915414132406,1.3681620592788513e-16,0.14903317014520578,0.28505414197465695,0.07234788535331073,0.07234788535331073,0.14469577070662135,0.1446957707066214,0.1446957707066214,1.6417944711346214e-16,1.3681620592788513e-16,0.07234788535331076,0.07234788535331073,0.21704365605993112,0.14469577070662146,0.21704365605993117,0.0043373994385845095,0.140358371268037,0.1446957707066214,0.14469577070662135,0.21704365605993117,0.07234788535331073,0.22138105549851592,0.2127062566213469,0.14469577070662135,0.2893915414132406,1.3681620592788513e-16,0.21704365605993112,1.3681620592788513e-16,0.07234788535331076,0.21704365605993117,0.07234788535331078,0.07234788535331073,0.1446957707066214,0.14469577070662135,0.1446957707066214,0.07234788535331076,0.07234788535331073,0.07234788535331073,0.21704365605993117,0.07234788535331073,0.07234788535331076,0.1446957707066214,0.07234788535331073,0.07234788535331076,0.14469577070662135,0.07234788535331073,0.07234788535331073,0.21704365605993117,0.07234788535331073,0.14469577070662146,0.0043373994385845095,0.21270625662134685,0.07234788535331076,0.14469577070662135,1.3681620592788513e-16,0.21704365605993156,1.3681620592788513e-16,0.1446957707066214,1.6417944711346214e-16,0.21704365605993117,1.6417944711346214e-16,0.21704365605993117,0.07234788535331073,0.21704365605993145,1.3681620592788513e-16,0.1446957707066214,1.3681620592788513e-16,0.07234788535331073
0.6835558091347658,0.2809208001116626,0.3445938865878034,0.2119203997638663,0.2809208001116627,0.21014462847331467,0.2791450288211111,0.41359428693559896,0.21369617105441793,0.21014462847331467,0.279145028821111,0.2119203997638663,0.14469577070662112,0.346369657878355,0.1464715419971728,0.2101446284733146,0.2119203997638663,0.21369617105441788,0.2773692575305594,0.27914502882111114,0.2119203997638662,0.2119203997638663,0.14469577070662112,0.2119203997638663,0.2119203997638663,0.14469577070662112,0.2791450288211111,0.2119203997638662,0.2791450288211111,0.3463696578783549,0.2119203997638663,0.2119203997638663,0.279145028821111,0.2791450288211111,0.2119203997638662,0.27914502882111114,0.2119203997638663,0.2791450288211111,0.2119203997638663,0.2791450288211111,0.2119203997638662,0.2791450288211111,0.2119203997638662,0.2119203997638663,0.14469577070662107,0.34636965787835583,0.27914502882111114,0.27914502882111114,0.27914502882111114,0.2119203997638663,0.346369657878355,0.28092080011166304,0.4790431447022912,0.1464715419971728,0.4118185156450485,0.34636965787835583,0.41359428693559896,0.14469577070662112,0.28092080011166265,0.4118185156450485,0.2119203997638663,0.2119203997638662,0.2791450288211111,0.2791450288211111,0.27914502882111114,0.14469577070662112,0.14469577070662107,0.2119203997638663,0.21192039976386637,0.346369657878355,0.27914502882111114,0.346369657878355,0.1464715419971728,0.27736925753055935,0.2791450288211111,0.279145028821111,0.346369657878355,0.2119203997638663,0.3481454291689075,0.3445938865878034,0.2791450288211109,0.41359428693559874,0.14469577070662112,0.346369657878355,0.14469577070662112,0.2119203997638663,0.346369657878355,0.2119203997638662,0.2119203997638663,0.2791450288211111,0.279145028821111,0.27914502882111114,0.2119203997638663,0.2119203997638663,0.2119203997638663,0.346369657878355,0.2119203997638662,0.21192039976386637,0.27914502882111114,0.2119203997638662,0.21192039976386637,0.2791450288211111,0.2119203997638663,0.2119203997638662,0.346369657878355,0.2119203997638663,0.279145028821111,0.1464715419971728,0.3445938865878034,0.2119203997638663,0.2791450288211111,0.14469577070662112,0.34636965787835583,0.14469577070662112,0.279145028821111,0.14469577070662112,0.346369657878355,0.14469577070662112,0.346369657878355,0.21192039976386615,0.34636965787835583,0.14469577070662112,0.279145028821111,0.14469577070662112,0.2119203997638663
0.6313466136423219,0.21310424729090005,0.2805228094421082,0.14213414255858844,0.21310424729089994,0.140950295031554,0.21192039976386556,0.35149291417442036,0.14331799008562282,0.140950295031554,0.21192039976386562,0.1421341425585884,0.07234788535331062,0.2817066569691427,0.07353173288034501,0.140950295031554,0.14213414255858844,0.14331799008562282,0.2107365522368312,0.21192039976386556,0.14213414255858844,0.1421341425585884,0.07234788535331062,0.14213414255858844,0.14213414255858844,0.07234788535331062,0.21192039976386556,0.14213414255858844,0.21192039976386556,0.2817066569691427,0.1421341425585884,0.1421341425585884,0.21192039976386562,0.21192039976386556,0.14213414255858844,0.21192039976386556,0.14213414255858844,0.21192039976386556,0.14213414255858844,0.21192039976386562,0.1421341425585884,0.21192039976386556,0.14213414255858844,0.1421341425585884,0.07234788535331062,0.28170665696914343,0.21192039976386556,0.21192039976386556,0.21192039976386556,0.1421341425585884,0.2817066569691426,0.2131042472909004,0.4200953238526627,0.07353173288034501,0.3503090666473866,0.28170665696914343,0.35149291417442036,0.07234788535331062,0.21310424729090005,0.3503090666473866,0.1421341425585884,0.1421341425585884,0.21192039976386556,0.21192039976386556,0.21192039976386556,0.07234788535331062,0.07234788535331062,0.14213414255858844,0.14213414255858844,0.2817066569691427,0.21192039976386556,0.2817066569691427,0.07353173288034501,0.21073655223683113,0.21192039976386556,0.21192039976386556,0.2817066569691426,0.1421341425585884,0.28289050449617775,0.2805228094421082,0.21192039976386556,0.35149291417442025,0.07234788535331062,0.2817066569691426,0.07234788535331062,0.14213414255858844,0.2817066569691427,0.14213414255858844,0.1421341425585884,0.21192039976386556,0.21192039976386545,0.21192039976386556,0.14213414255858844,0.1421341425585884,0.1421341425585884,0.2817066569691427,0.14213414255858844,0.1421341425585884,0.21192039976386556,0.1421341425585884,0.14213414255858844,0.21192039976386545,0.14213414255858844,0.14213414255858844,0.2817066569691426,0.1421341425585884,0.21192039976386562,0.07353173288034501,0.2805228094421083,0.14213414255858844,0.21192039976386556,0.07234788535331062,0.28170665696914343,0.07234788535331062,0.21192039976386562,0.07234788535331062,0.2817066569691427,0.07234788535331062,0.2817066569691427,0.1421341425585884,0.28170665696914327,0.07234788535331062,0.21192039976386562,0.07234788535331056,0.14213414255858844
0.6835558091347667,0.2809208001116624,0.34459388658780327,0.2119203997638662,0.28092080011166254,0.21014462847331472,0.27914502882111086,0.41359428693559985,0.21369617105441793,0.21014462847331478,0.27914502882111086,0.2119203997638663,0.14469577070662107,0.3463696578783548,0.1464715419971727,0.21014462847331467,0.21192039976386637,0.21369617105441788,0.27736925753055924,0.2791450288211109,0.2119203997638662,0.2119203997638663,0.144695770706621,0.2119203997638662,0.21192039976386637,0.14469577070662107,0.27914502882111086,0.2119203997638662,0.27914502882111086,0.3463696578783548,0.2119203997638663,0.2119203997638663,0.2791450288211108,0.27914502882111086,0.2119203997638662,0.2791450288211109,0.2119203997638663,0.2791450288211109,0.21192039976386637,0.2791450288211109,0.2119203997638662,0.2791450288211109,0.2119203997638662,0.2119203997638663,0.144695770706621,0.3463696578783557,0.2791450288211109,0.2791450288211109,0.2791450288211109,0.2119203997638663,0.3463696578783549,0.2809208001116629,0.47904314470229264,0.1464715419971727,0.41181851564504895,0.3463696578783556,0.41359428693559985,0.14469577070662107,0.28092080011166254,0.41181851564504884,0.2119203997638663,0.2119203997638663,0.27914502882111086,0.27914502882111086,0.2791450288211109,0.144695770706621,0.144695770706621,0.2119203997638663,0.21192039976386642,0.3463696578783549,0.2791450288211109,0.3463696578783549,0.1464715419971727,0.27736925753055913,0.2791450288211109,0.2791450288211108,0.3463696578783549,0.2119203997638663,0.3481454291689073,0.34459388658780327,0.2791450288211107,0.41359428693559963,0.14469577070662107,0.346369657878355,0.14469577070662107,0.21192039976386637,0.3463696578783549,0.2119203997638663,0.2119203997638663,0.27914502882111086,0.2791450288211108,0.2791450288211109,0.21192039976386637,0.2119203997638663,0.2119203997638663,0.346369657878355,0.2119203997638662,0.2119203997638662,0.2791450288211109,0.2119203997638662,0.2119203997638662,0.2791450288211109,0.2119203997638663,0.2119203997638663,0.3463696578783548,0.2119203997638663,0.2791450288211108,0.1464715419971727,0.3445938865878032,0.21192039976386637,0.27914502882111086,0.14469577070662107,0.3463696578783557,0.14469577070662107,0.27914502882111086,0.144695770706621,0.3463696578783549,0.14469577070662107,0.3463696578783549,0.21192039976386615,0.3463696578783556,0.14469577070662107,0.27914502882111086,0.144695770706621,0.21192039976386642
0.7357650046272107,0.35810104212009153,0.39930127454583014,0.2817066569691435,0.35810104212009164,0.2699752727274069,0.3463696578783551,0.47569565969677896,0.29343804121087996,0.26997527272740685,0.3463696578783549,0.2817066569691435,0.21704365605993156,0.411032658787567,0.2287750403016684,0.2699752727274069,0.2817066569691435,0.29343804121087985,0.3346382736366182,0.346369657878355,0.2817066569691435,0.2817066569691435,0.21704365605993156,0.28170665696914343,0.28170665696914343,0.21704365605993156,0.3463696578783551,0.2817066569691435,0.3463696578783549,0.4110326587875667,0.2817066569691435,0.2817066569691435,0.346369657878355,0.3463696578783549,0.2817066569691435,0.346369657878355,0.2817066569691435,0.346369657878355,0.28170665696914343,0.346369657878355,0.2817066569691435,0.346369657878355,0.2817066569691435,0.2817066569691435,0.21704365605993156,0.4110326587875679,0.346369657878355,0.346369657878355,0.3463696578783549,0.2817066569691435,0.4110326587875669,0.35810104212009264,0.5286272763642534,0.22877504030166834,0.46396427545504304,0.4110326587875678,0.47569565969677896,0.21704365605993156,0.35810104212009153,0.46396427545504304,0.2817066569691435,0.28170665696914354,0.3463696578783551,0.3463696578783548,0.346369657878355,0.21704365605993156,0.21704365605993156,0.28170665696914343,0.28170665696914343,0.4110326587875671,0.346369657878355,0.4110326587875668,0.2287750403016684,0.3346382736366181,0.346369657878355,0.3463696578783549,0.4110326587875668,0.2817066569691435,0.4227640430293044,0.39930127454583014,0.3463696578783549,0.47569565969677874,0.21704365605993156,0.4110326587875669,0.21704365605993156,0.2817066569691435,0.4110326587875669,0.28170665696914343,0.2817066569691435,0.346369657878355,0.3463696578783548,0.346369657878355,0.2817066569691435,0.2817066569691435,0.2817066569691435,0.4110326587875669,0.28170665696914343,0.28170665696914404,0.346369657878355,0.2817066569691435,0.2817066569691438,0.346369657878355,0.28170665696914343,0.28170665696914343,0.4110326587875667,0.2817066569691435,0.3463696578783549,0.22877504030166834,0.39930127454583014,0.28170665696914343,0.3463696578783549,0.21704365605993156,0.4110326587875679,0.21704365605993156,0.3463696578783549,0.21704365605993156,0.4110326587875668,0.21704365605993162,0.4110326587875668,0.28170665696914343,0.4110326587875679,0.21704365605993156,0.3463696578783549,0.21704365605993145,0.28170665696914343
0.6313466136423219,0.2131042472909009,0.28052280944210944,0.14213414255858856,0.21310424729090086,0.14095029503155412,0.2119203997638666,0.3514929141744206,0.143317990085623,0.14095029503155412,0.2119203997638666,0.14213414255858856,0.07234788535331062,0.2817066569691438,0.07353173288034501,0.14095029503155412,0.14213414255858856,0.143317990085623,0.21073655223683216,0.2119203997638666,0.14213414255858856,0.14213414255858856,0.07234788535331062,0.14213414255858856,0.14213414255858856,0.07234788535331062,0.2119203997638666,0.14213414255858856,0.21192039976386648,0.2817066569691437,0.14213414255858856,0.14213414255858856,0.21192039976386648,0.2119203997638666,0.14213414255858856,0.2119203997638666,0.14213414255858856,0.21192039976386665,0.14213414255858856,0.21192039976386648,0.14213414255858856,0.2119203997638666,0.14213414255858856,0.14213414255858856,0.07234788535331062,0.2817066569691442,0.2119203997638666,0.2119203997638666,0.2119203997638666,0.14213414255858856,0.28170665696914376,0.21310424729090097,0.4200953238526627,0.07353173288034501,0.3503090666473869,0.2817066569691442,0.3514929141744206,0.07234788535331062,0.21310424729090097,0.3503090666473868,0.14213414255858856,0.14213414255858856,0.2119203997638666,0.21192039976386648,0.2119203997638666,0.07234788535331062,0.07234788535331056,0.14213414255858856,0.1421341425585886,0.2817066569691438,0.2119203997638666,0.2817066569691438,0.07353173288034501,0.21073655223683216,0.21192039976386665,0.2119203997638666,0.2817066569691438,0.14213414255858856,0.2828905044961786,0.28052280944210944,0.21192039976386648,0.35149291417442047,0.07234788535331062,0.2817066569691438,0.07234788535331056,0.14213414255858856,0.2817066569691438,0.14213414255858856,0.14213414255858856,0.2119203997638666,0.21192039976386648,0.2119203997638666,0.14213414255858856,0.14213414255858856,0.14213414255858856,0.28170665696914393,0.14213414255858856,0.14213414255858828,0.2119203997638666,0.14213414255858856,0.14213414255858833,0.21192039976386665,0.14213414255858856,0.14213414255858856,0.28170665696914376,0.14213414255858856,0.21192039976386648,0.07353173288034501,0.28052280944210944,0.14213414255858856,0.2119203997638666,0.07234788535331062,0.2817066569691442,0.07234788535331056,0.21192039976386642,0.07234788535331056,0.2817066569691438,0.07234788535331065,0.2817066569691438,0.14213414255858856,0.28170665696914426,0.07234788535331062,0.21192039976386642,0.07234788535331056,0.1421341425585886
0.6313466136423214,0.2131042472909002,0.28052280944210806,0.1421341425585886,0.21310424729090013,0.14095029503155418,0.21192039976386573,0.3514929141744198,0.143317990085623,0.14095029503155412,0.21192039976386584,0.1421341425585886,0.07234788535331067,0.28170665696914243,0.07353173288034509,0.14095029503155412,0.1421341425585886,0.143317990085623,0.2107365522368314,0.21192039976386573,0.14213414255858856,0.14213414255858856,0.07234788535331065,0.1421341425585886,0.1421341425585886,0.07234788535331067,0.21192039976386573,0.1421341425585886,0.21192039976386573,0.28170665696914243,0.14213414255858856,0.1421341425585886,0.21192039976386584,0.21192039976386573,0.1421341425585886,0.21192039976386567,0.14213414255858856,0.21192039976386573,0.1421341425585886,0.21192039976386573,0.1421341425585886,0.21192039976386573,0.1421341425585886,0.1421341425585886,0.07234788535331065,0.2817066569691433,0.21192039976386573,0.21192039976386573,0.21192039976386567,0.14213414255858856,0.28170665696914243,0.21310424729090058,0.42009532385266257,0.07353173288034509,0.3503090666473864,0.28170665696914343,0.3514929141744198,0.07234788535331073,0.2131042472909002,0.3503090666473863,0.1421341425585886,0.1421341425585886,0.21192039976386573,0.21192039976386573,0.21192039976386573,0.07234788535331065,0.07234788535331067,0.14213414255858856,0.1421341425585886,0.28170665696914243,0.21192039976386567,0.28170665696914243,0.07353173288034512,0.21073655223683124,0.21192039976386573,0.21192039976386584,0.2817066569691423,0.14213414255858856,0.2828905044961778,0.28052280944210806,0.21192039976386584,0.3514929141744198,0.07234788535331067,0.28170665696914243,0.07234788535331067,0.14213414255858856,0.28170665696914243,0.14213414255858856,0.1421341425585886,0.21192039976386573,0.21192039976386573,0.21192039976386573,0.14213414255858856,0.14213414255858856,0.1421341425585886,0.2817066569691423,0.14213414255858856,0.14213414255858828,0.21192039976386567,0.1421341425585886,0.14213414255858833,0.21192039976386573,0.1421341425585886,0.1421341425585886,0.28170665696914243,0.1421341425585886,0.21192039976386573,0.07353173288034515,0.280522809442108,0.14213414255858856,0.21192039976386573,0.07234788535331067,0.2817066569691433,0.07234788535331067,0.21192039976386584,0.07234788535331065,0.28170665696914243,0.07234788535331065,0.28170665696914243,0.1421341425585886,0.2817066569691433,0.07234788535331067,0.21192039976386584,0.07234788535331065,0.1421341425585886
0.6835558091347655,0.2809208001116621,0.3445938865878035,0.21192039976386567,0.28092080011166215,0.210144628473314,0.2791450288211106,0.4135942869355992,0.21369617105441727,0.21014462847331394,0.2791450288211106,0.21192039976386562,0.14469577070662112,0.3463696578783551,0.1464715419971728,0.21014462847331394,0.21192039976386562,0.21369617105441727,0.2773692575305589,0.2791450288211106,0.21192039976386562,0.21192039976386562,0.14469577070662112,0.21192039976386562,0.21192039976386556,0.14469577070662112,0.2791450288211106,0.21192039976386562,0.2791450288211105,0.346369657878355,0.21192039976386556,0.21192039976386562,0.2791450288211105,0.2791450288211106,0.21192039976386562,0.2791450288211106,0.21192039976386556,0.2791450288211106,0.21192039976386556,0.2791450288211106,0.21192039976386567,0.2791450288211106,0.21192039976386562,0.21192039976386562,0.14469577070662112,0.34636965787835594,0.2791450288211106,0.2791450288211106,0.2791450288211106,0.21192039976386562,0.3463696578783551,0.2809208001116628,0.4790431447022914,0.1464715419971728,0.4118185156450485,0.34636965787835583,0.4135942869355992,0.14469577070662112,0.2809208001116623,0.4118185156450485,0.21192039976386562,0.21192039976386562,0.2791450288211106,0.2791450288211105,0.2791450288211106,0.14469577070662112,0.14469577070662112,0.21192039976386562,0.21192039976386562,0.3463696578783551,0.2791450288211106,0.3463696578783552,0.1464715419971728,0.27736925753055885,0.2791450288211106,0.2791450288211106,0.3463696578783551,0.21192039976386562,0.3481454291689075,0.3445938865878036,0.2791450288211105,0.4135942869355991,0.14469577070662112,0.3463696578783551,0.14469577070662112,0.21192039976386556,0.3463696578783551,0.21192039976386562,0.21192039976386562,0.2791450288211106,0.2791450288211105,0.2791450288211106,0.21192039976386556,0.21192039976386556,0.21192039976386556,0.3463696578783552,0.21192039976386567,0.21192039976386615,0.2791450288211106,0.21192039976386556,0.2119203997638662,0.2791450288211106,0.21192039976386556,0.21192039976386562,0.3463696578783551,0.21192039976386556,0.2791450288211105,0.1464715419971728,0.3445938865878035,0.21192039976386562,0.2791450288211106,0.14469577070662112,0.34636965787835583,0.14469577070662112,0.2791450288211105,0.14469577070662112,0.3463696578783551,0.14469577070662112,0.3463696578783551,0.21192039976386562,0.34636965787835583,0.14469577070662112,0.2791450288211106,0.14469577070662118,0.21192039976386562
0.6835558091347664,0.2809208001116626,0.34459388658780343,0.21192039976386595,0.28092080011166265,0.21014462847331428,0.279145028821111,0.41359428693559896,0.21369617105441754,0.21014462847331428,0.2791450288211109,0.21192039976386595,0.14469577070662112,0.346369657878355,0.1464715419971727,0.21014462847331428,0.21192039976386595,0.21369617105441754,0.2773692575305594,0.2791450288211111,0.21192039976386595,0.2119203997638659,0.14469577070662107,0.2119203997638659,0.2119203997638659,0.14469577070662112,0.279145028821111,0.21192039976386595,0.279145028821111,0.3463696578783549,0.21192039976386595,0.2119203997638659,0.2791450288211111,0.279145028821111,0.2119203997638661,0.2791450288211111,0.2119203997638659,0.2791450288211111,0.2119203997638659,0.279145028821111,0.2119203997638659,0.2791450288211111,0.2119203997638659,0.21192039976386595,0.14469577070662107,0.34636965787835583,0.2791450288211111,0.2791450288211111,0.2791450288211111,0.21192039976386595,0.346369657878355,0.2809208001116629,0.47904314470229176,0.14647154199717274,0.4118185156450485,0.34636965787835583,0.41359428693559896,0.14469577070662112,0.28092080011166265,0.4118185156450484,0.21192039976386595,0.21192039976386595,0.279145028821111,0.279145028821111,0.2791450288211111,0.14469577070662107,0.14469577070662107,0.2119203997638659,0.21192039976386598,0.346369657878355,0.2791450288211111,0.346369657878355,0.1464715419971728,0.27736925753055924,0.2791450288211111,0.279145028821111,0.346369657878355,0.2119203997638659,0.3481454291689075,0.34459388658780343,0.2791450288211109,0.41359428693559896,0.14469577070662107,0.346369657878355,0.14469577070662107,0.2119203997638659,0.346369657878355,0.2119203997638659,0.21192039976386595,0.279145028821111,0.279145028821111,0.2791450288211111,0.2119203997638659,0.21192039976386595,0.21192039976386595,0.346369657878355,0.2119203997638659,0.2119203997638661,0.2791450288211111,0.21192039976386595,0.21192039976386615,0.2791450288211111,0.2119203997638659,0.21192039976386595,0.346369657878355,0.21192039976386595,0.279145028821111,0.1464715419971727,0.3445938865878034,0.2119203997638659,0.279145028821111,0.14469577070662107,0.34636965787835583,0.14469577070662112,0.2791450288211109,0.14469577070662107,0.346369657878355,0.14469577070662112,0.346369657878355,0.2119203997638659,0.34636965787835583,0.14469577070662107,0.279145028821111,0.14469577070662112,0.21192039976386595
0.6313466136423215,0.21310424729090005,0.28052280944210783,0.1421341425585885,0.21310424729090005,0.14095029503155412,0.21192039976386556,0.3514929141744198,0.14331799008562293,0.14095029503155407,0.21192039976386562,0.14213414255858844,0.07234788535331065,0.2817066569691422,0.07353173288034504,0.14095029503155407,0.14213414255858856,0.14331799008562293,0.2107365522368312,0.21192039976386556,0.1421341425585885,0.14213414255858844,0.07234788535331062,0.14213414255858844,0.1421341425585885,0.07234788535331065,0.21192039976386556,0.1421341425585885,0.21192039976386556,0.28170665696914227,0.1421341425585885,0.1421341425585885,0.21192039976386556,0.21192039976386556,0.1421341425585885,0.21192039976386556,0.1421341425585885,0.21192039976386556,0.1421341425585885,0.21192039976386562,0.14213414255858844,0.21192039976386562,0.14213414255858856,0.1421341425585885,0.07234788535331062,0.28170665696914327,0.21192039976386556,0.21192039976386556,0.21192039976386556,0.14213414255858844,0.28170665696914227,0.21310424729090058,0.4200953238526627,0.07353173288034504,0.3503090666473863,0.2817066569691432,0.3514929141744198,0.07234788535331065,0.21310424729090005,0.3503090666473863,0.14213414255858844,0.14213414255858844,0.21192039976386556,0.21192039976386556,0.21192039976386556,0.07234788535331062,0.07234788535331062,0.14213414255858844,0.14213414255858856,0.2817066569691422,0.21192039976386556,0.2817066569691422,0.07353173288034504,0.21073655223683113,0.21192039976386556,0.21192039976386562,0.2817066569691422,0.1421341425585885,0.28289050449617775,0.28052280944210783,0.21192039976386562,0.3514929141744198,0.07234788535331065,0.28170665696914227,0.07234788535331065,0.1421341425585885,0.2817066569691422,0.1421341425585885,0.14213414255858844,0.21192039976386556,0.21192039976386556,0.21192039976386556,0.1421341425585885,0.1421341425585885,0.1421341425585885,0.2817066569691422,0.1421341425585885,0.14213414255858833,0.21192039976386556,0.14213414255858844,0.1421341425585884,0.21192039976386556,0.1421341425585885,0.1421341425585885,0.2817066569691422,0.1421341425585885,0.21192039976386556,0.07353173288034504,0.2805228094421078,0.1421341425585885,0.21192039976386556,0.07234788535331065,0.28170665696914327,0.07234788535331065,0.21192039976386562,0.07234788535331062,0.2817066569691422,0.07234788535331062,0.2817066569691422,0.14213414255858844,0.2817066569691432,0.07234788535331065,0.21192039976386562,0.07234788535331062,0.14213414255858856
0.6835558091347665,0.2809208001116622,0.3445938865878036,0.21192039976386573,0.28092080011166237,0.2101446284733141,0.2791450288211107,0.4135942869356003,0.21369617105441732,0.21014462847331417,0.2791450288211108,0.21192039976386567,0.14469577070662112,0.3463696578783551,0.14647154199717274,0.21014462847331417,0.21192039976386567,0.21369617105441732,0.27736925753055913,0.2791450288211108,0.21192039976386567,0.21192039976386567,0.14469577070662107,0.21192039976386562,0.21192039976386573,0.14469577070662112,0.2791450288211107,0.21192039976386573,0.2791450288211107,0.3463696578783551,0.21192039976386567,0.21192039976386567,0.2791450288211107,0.2791450288211107,0.21192039976386584,0.2791450288211108,0.21192039976386567,0.2791450288211108,0.21192039976386573,0.2791450288211108,0.21192039976386567,0.2791450288211108,0.21192039976386567,0.21192039976386567,0.14469577070662107,0.34636965787835594,0.2791450288211108,0.2791450288211108,0.2791450288211108,0.21192039976386567,0.3463696578783552,0.2809208001116628,0.47904314470229287,0.14647154199717274,0.4118185156450493,0.34636965787835594,0.4135942869356003,0.14469577070662107,0.2809208001116624,0.4118185156450492,0.21192039976386567,0.21192039976386567,0.2791450288211107,0.2791450288211107,0.2791450288211108,0.14469577070662107,0.14469577070662107,0.21192039976386567,0.21192039976386584,0.34636965787835533,0.2791450288211108,0.34636965787835533,0.1464715419971728,0.27736925753055897,0.2791450288211108,0.2791450288211108,0.3463696578783552,0.21192039976386567,0.3481454291689075,0.3445938865878036,0.2791450288211107,0.4135942869356001,0.14469577070662112,0.34636965787835533,0.14469577070662112,0.21192039976386567,0.34636965787835533,0.21192039976386567,0.21192039976386567,0.2791450288211108,0.27914502882111064,0.2791450288211108,0.21192039976386567,0.21192039976386567,0.21192039976386567,0.34636965787835533,0.21192039976386567,0.2119203997638659,0.2791450288211108,0.21192039976386567,0.21192039976386595,0.2791450288211108,0.21192039976386573,0.21192039976386573,0.3463696578783552,0.21192039976386567,0.2791450288211107,0.1464715419971728,0.34459388658780365,0.21192039976386567,0.2791450288211107,0.14469577070662112,0.34636965787835594,0.14469577070662112,0.2791450288211107,0.14469577070662107,0.34636965787835533,0.14469577070662112,0.34636965787835533,0.21192039976386567,0.34636965787835583,0.14469577070662112,0.2791450288211107,0.14469577070662112,0.21192039976386584
0.6313466136423219,0.21310424729090097,0.2805228094421096,0.1421341425585886,0.21310424729090097,0.14095029503155423,0.2119203997638667,0.35149291417442075,0.14331799008562304,0.14095029503155423,0.2119203997638667,0.1421341425585886,0.07234788535331067,0.281706656969144,0.07353173288034501,0.14095029503155423,0.1421341425585886,0.14331799008562304,0.21073655223683233,0.2119203997638667,0.1421341425585886,0.1421341425585886,0.07234788535331065,0.1421341425585886,0.1421341425585886,0.07234788535331065,0.2119203997638667,0.1421341425585886,0.21192039976386665,0.28170665696914393,0.1421341425585886,0.1421341425585886,0.21192039976386665,0.2119203997638667,0.1421341425585886,0.2119203997638667,0.1421341425585886,0.2119203997638668,0.1421341425585886,0.21192039976386665,0.1421341425585886,0.2119203997638667,0.1421341425585886,0.1421341425585886,0.07234788535331065,0.2817066569691442,0.2119203997638667,0.2119203997638667,0.2119203997638667,0.1421341425585886,0.281706656969144,0.2131042472909009,0.4200953238526629,0.07353173288034504,0.35030906664738704,0.2817066569691442,0.35149291417442075,0.07234788535331065,0.21310424729090113,0.3503090666473869,0.1421341425585886,0.1421341425585886,0.2119203997638667,0.21192039976386665,0.2119203997638667,0.07234788535331065,0.07234788535331062,0.1421341425585886,0.14213414255858867,0.28170665696914404,0.2119203997638667,0.28170665696914404,0.07353173288034504,0.21073655223683221,0.2119203997638668,0.2119203997638667,0.28170665696914404,0.1421341425585886,0.2828905044961787,0.2805228094421096,0.21192039976386665,0.3514929141744207,0.07234788535331065,0.28170665696914404,0.07234788535331065,0.1421341425585886,0.28170665696914404,0.1421341425585886,0.1421341425585886,0.21192039976386665,0.21192039976386665,0.2119203997638667,0.1421341425585886,0.1421341425585886,0.1421341425585886,0.2817066569691441,0.1421341425585886,0.14213414255858822,0.2119203997638667,0.1421341425585886,0.14213414255858822,0.2119203997638668,0.1421341425585886,0.1421341425585886,0.281706656969144,0.1421341425585886,0.21192039976386665,0.07353173288034509,0.2805228094421096,0.1421341425585886,0.2119203997638667,0.07234788535331065,0.28170665696914426,0.07234788535331065,0.2119203997638666,0.07234788535331062,0.28170665696914404,0.07234788535331067,0.28170665696914404,0.1421341425585886,0.28170665696914426,0.07234788535331065,0.2119203997638666,0.07234788535331065,0.14213414255858867
0.6835558091347658,0.2809208001116627,0.3445938865878035,0.21192039976386615,0.28092080011166287,0.21014462847331444,0.27914502882111114,0.4135942869355992,0.21369617105441777,0.2101446284733145,0.2791450288211111,0.2119203997638661,0.14469577070662112,0.3463696578783551,0.14647154199717274,0.21014462847331444,0.2119203997638661,0.21369617105441777,0.27736925753055947,0.2791450288211113,0.2119203997638661,0.2119203997638661,0.14469577070662112,0.2119203997638661,0.21192039976386615,0.14469577070662112,0.27914502882111114,0.2119203997638661,0.2791450288211112,0.346369657878355,0.2119203997638661,0.2119203997638661,0.2791450288211111,0.27914502882111114,0.21192039976386615,0.2791450288211112,0.2119203997638661,0.2791450288211112,0.21192039976386615,0.2791450288211112,0.2119203997638661,0.27914502882111114,0.2119203997638661,0.2119203997638661,0.14469577070662112,0.34636965787835594,0.2791450288211112,0.2791450288211112,0.2791450288211113,0.2119203997638661,0.3463696578783551,0.28092080011166304,0.47904314470229153,0.1464715419971728,0.4118185156450486,0.34636965787835594,0.4135942869355992,0.14469577070662112,0.28092080011166287,0.4118185156450485,0.2119203997638661,0.2119203997638661,0.27914502882111114,0.27914502882111114,0.2791450288211112,0.14469577070662112,0.14469577070662112,0.2119203997638661,0.21192039976386615,0.3463696578783551,0.2791450288211113,0.3463696578783552,0.1464715419971728,0.27736925753055947,0.2791450288211112,0.2791450288211111,0.3463696578783551,0.2119203997638661,0.3481454291689075,0.3445938865878036,0.279145028821111,0.4135942869355991,0.14469577070662112,0.3463696578783551,0.14469577070662112,0.2119203997638661,0.3463696578783551,0.2119203997638661,0.2119203997638661,0.2791450288211112,0.2791450288211111,0.2791450288211112,0.2119203997638661,0.2119203997638661,0.2119203997638661,0.34636965787835533,0.2119203997638661,0.2119203997638663,0.2791450288211112,0.21192039976386615,0.2119203997638663,0.27914502882111114,0.21192039976386615,0.2119203997638661,0.3463696578783551,0.2119203997638661,0.27914502882111114,0.1464715419971728,0.3445938865878035,0.2119203997638661,0.27914502882111114,0.14469577070662112,0.34636965787835594,0.14469577070662112,0.27914502882111114,0.14469577070662112,0.3463696578783552,0.14469577070662112,0.3463696578783552,0.2119203997638661,0.34636965787835594,0.14469577070662112,0.27914502882111114,0.14469577070662118,0.2119203997638662
0.6313466136423215,0.2131042472909002,0.28052280944210806,0.14213414255858867,0.2131042472909002,0.14095029503155412,0.21192039976386573,0.35149291417441914,0.14331799008562304,0.14095029503155412,0.21192039976386573,0.1421341425585886,0.07234788535331067,0.28170665696914243,0.07353173288034512,0.14095029503155423,0.1421341425585886,0.14331799008562304,0.21073655223683135,0.21192039976386573,0.1421341425585886,0.1421341425585886,0.07234788535331067,0.14213414255858867,0.1421341425585886,0.07234788535331067,0.21192039976386573,0.14213414255858872,0.21192039976386573,0.2817066569691425,0.1421341425585886,0.1421341425585886,0.21192039976386584,0.21192039976386584,0.14213414255858872,0.21192039976386573,0.1421341425585886,0.21192039976386573,0.1421341425585886,0.21192039976386584,0.14213414255858867,0.21192039976386573,0.1421341425585886,0.1421341425585886,0.07234788535331067,0.2817066569691433,0.21192039976386573,0.21192039976386573,0.21192039976386573,0.1421341425585886,0.2817066569691425,0.21310424729090058,0.4200953238526617,0.07353173288034512,0.35030906664738587,0.28170665696914343,0.35149291417441914,0.07234788535331073,0.2131042472909002,0.350309066647386,0.1421341425585886,0.14213414255858867,0.21192039976386573,0.21192039976386573,0.21192039976386573,0.07234788535331067,0.07234788535331073,0.1421341425585886,0.1421341425585886,0.28170665696914243,0.21192039976386573,0.28170665696914243,0.07353173288034515,0.2107365522368314,0.21192039976386573,0.21192039976386584,0.28170665696914243,0.1421341425585886,0.2828905044961778,0.28052280944210806,0.21192039976386584,0.35149291417441914,0.07234788535331073,0.28170665696914243,0.07234788535331073,0.1421341425585886,0.28170665696914243,0.1421341425585886,0.1421341425585886,0.21192039976386573,0.21192039976386584,0.21192039976386573,0.14213414255858856,0.1421341425585886,0.1421341425585886,0.28170665696914243,0.14213414255858872,0.1421341425585884,0.21192039976386573,0.14213414255858867,0.1421341425585884,0.21192039976386573,0.1421341425585886,0.1421341425585886,0.2817066569691425,0.1421341425585886,0.21192039976386573,0.07353173288034512,0.280522809442108,0.1421341425585886,0.21192039976386573,0.07234788535331067,0.2817066569691433,0.07234788535331073,0.21192039976386584,0.07234788535331067,0.2817066569691425,0.07234788535331067,0.2817066569691425,0.14213414255858867,0.2817066569691433,0.07234788535331067,0.21192039976386584,0.07234788535331076,0.1421341425585886
0.6835558091347665,0.31463008118726676,0.3108846055121992,0.2119203997638663,0.3146300811872659,0.17643534739771,0.2791450288211111,0.41359428693559896,0.24740545213002257,0.17643534739771,0.2791450288211109,0.2119203997638662,0.14469577070662112,0.3463696578783556,0.18018082307277727,0.17643534739771,0.2119203997638663,0.24740545213002244,0.2436599764549552,0.27914502882111114,0.21192039976386615,0.2119203997638663,0.14469577070662112,0.2119203997638662,0.2119203997638663,0.14469577070662112,0.2791450288211113,0.2119203997638662,0.2791450288211111,0.3463696578783548,0.2119203997638663,0.2119203997638662,0.2791450288211109,0.279145028821111,0.2119203997638662,0.2791450288211111,0.2119203997638663,0.2791450288211111,0.2119203997638663,0.2791450288211103,0.2119203997638662,0.2791450288211108,0.2119203997638662,0.2119203997638663,0.14469577070662112,0.3463696578783551,0.2791450288211111,0.2791450288211111,0.27914502882111114,0.2119203997638663,0.3463696578783548,0.31463008118726715,0.44533386362668737,0.18018082307277727,0.3781092345694433,0.346369657878355,0.41359428693559896,0.14469577070662112,0.31463008118726654,0.3781092345694434,0.2119203997638663,0.2119203997638662,0.2791450288211113,0.279145028821111,0.2791450288211111,0.14469577070662112,0.14469577070662112,0.2119203997638663,0.21192039976386637,0.3463696578783557,0.27914502882111114,0.346369657878355,0.18018082307277727,0.2436599764549552,0.2791450288211111,0.2791450288211109,0.346369657878355,0.2119203997638663,0.38185471024451045,0.31088460551219943,0.27914502882111086,0.41359428693559996,0.14469577070662112,0.346369657878355,0.14469577070662112,0.2119203997638663,0.346369657878355,0.2119203997638662,0.2119203997638662,0.2791450288211109,0.27914502882111086,0.2791450288211111,0.2119203997638663,0.2119203997638663,0.2119203997638663,0.3463696578783551,0.2119203997638662,0.21192039976386637,0.2791450288211111,0.2119203997638663,0.21192039976386637,0.279145028821111,0.2119203997638663,0.2119203997638662,0.3463696578783549,0.2119203997638663,0.2791450288211109,0.18018082307277727,0.31088460551219943,0.2119203997638663,0.279145028821111,0.14469577070662112,0.34636965787835583,0.14469577070662112,0.279145028821111,0.14469577070662112,0.346369657878355,0.14469577070662112,0.346369657878355,0.2119203997638662,0.3463696578783557,0.14469577070662112,0.279145028821111,0.14469577070662118,0.21192039976386637
0.6313466136423221,0.21310424729090005,0.280522809442109,0.1421341425585884,0.21310424729089994,0.14095029503155396,0.21192039976386556,0.3514929141744206,0.14331799008562282,0.14095029503155396,0.21192039976386556,0.14213414255858833,0.07234788535331062,0.2817066569691433,0.07353173288034501,0.14095029503155396,0.1421341425585884,0.14331799008562282,0.21073655223683113,0.21192039976386556,0.1421341425585884,0.1421341425585884,0.07234788535331056,0.1421341425585884,0.14213414255858833,0.07234788535331062,0.21192039976386545,0.14213414255858833,0.21192039976386556,0.28170665696914327,0.1421341425585884,0.14213414255858833,0.21192039976386562,0.21192039976386545,0.14213414255858844,0.21192039976386545,0.1421341425585884,0.21192039976386545,0.14213414255858833,0.21192039976386556,0.1421341425585884,0.21192039976386556,0.1421341425585884,0.14213414255858833,0.07234788535331056,0.28170665696914376,0.21192039976386545,0.21192039976386556,0.21192039976386556,0.14213414255858833,0.2817066569691433,0.21310424729090036,0.4200953238526631,0.07353173288034501,0.3503090666473867,0.2817066569691437,0.3514929141744206,0.07234788535331056,0.21310424729090005,0.3503090666473867,0.14213414255858833,0.14213414255858833,0.21192039976386545,0.21192039976386556,0.21192039976386545,0.07234788535331056,0.07234788535331056,0.1421341425585884,0.1421341425585884,0.28170665696914327,0.21192039976386556,0.28170665696914327,0.07353173288034501,0.21073655223683108,0.21192039976386545,0.21192039976386556,0.28170665696914327,0.14213414255858833,0.28289050449617803,0.28052280944210894,0.21192039976386562,0.35149291417442047,0.07234788535331056,0.28170665696914327,0.07234788535331056,0.14213414255858833,0.2817066569691433,0.14213414255858844,0.14213414255858833,0.21192039976386556,0.21192039976386545,0.21192039976386545,0.14213414255858833,0.1421341425585884,0.14213414255858833,0.28170665696914327,0.14213414255858833,0.1421341425585884,0.21192039976386545,0.1421341425585884,0.1421341425585884,0.21192039976386545,0.14213414255858833,0.14213414255858833,0.2817066569691432,0.14213414255858833,0.21192039976386556,0.07353173288034501,0.28052280944210883,0.1421341425585884,0.21192039976386556,0.07234788535331056,0.2817066569691436,0.07234788535331056,0.21192039976386562,0.07234788535331056,0.28170665696914327,0.07234788535331056,0.28170665696914327,0.1421341425585884,0.2817066569691436,0.07234788535331056,0.21192039976386567,0.07234788535331056,0.14213414255858844
0.6835558091347664,0.2902844892993305,0.3352301974001357,0.21192039976386637,0.2902844892993305,0.20078093928564683,0.27914502882111114,0.4135942869355992,0.22305986024208607,0.20078093928564683,0.2791450288211111,0.21192039976386642,0.14469577070662112,0.346369657878355,0.1558352311848406,0.20078093928564683,0.21192039976386637,0.2230598602420859,0.2680055683428917,0.27914502882111114,0.21192039976386637,0.21192039976386637,0.14469577070662112,0.21192039976386637,0.21192039976386642,0.14469577070662112,0.279145028821111,0.21192039976386637,0.2791450288211111,0.346369657878355,0.21192039976386637,0.21192039976386637,0.2791450288211111,0.27914502882111114,0.21192039976386637,0.27914502882111114,0.21192039976386637,0.27914502882111114,0.21192039976386637,0.2791450288211112,0.2119203997638663,0.27914502882111114,0.21192039976386637,0.21192039976386637,0.14469577070662112,0.34636965787835583,0.27914502882111114,0.27914502882111114,0.27914502882111114,0.21192039976386642,0.3463696578783551,0.2902844892993309,0.4696794555146236,0.15583523118484066,0.4024548264573807,0.34636965787835583,0.4135942869355992,0.14469577070662112,0.2902844892993305,0.40245482645738057,0.21192039976386642,0.21192039976386637,0.279145028821111,0.2791450288211111,0.27914502882111114,0.14469577070662112,0.14469577070662112,0.21192039976386637,0.21192039976386642,0.3463696578783551,0.27914502882111114,0.3463696578783551,0.15583523118484072,0.2680055683428917,0.27914502882111114,0.2791450288211111,0.3463696578783551,0.21192039976386637,0.35750911835657545,0.3352301974001357,0.279145028821111,0.41359428693559896,0.14469577070662112,0.3463696578783551,0.14469577070662112,0.21192039976386637,0.3463696578783551,0.2119203997638663,0.21192039976386642,0.2791450288211111,0.2791450288211111,0.27914502882111114,0.21192039976386637,0.21192039976386637,0.21192039976386637,0.3463696578783551,0.21192039976386637,0.2119203997638662,0.27914502882111114,0.21192039976386637,0.2119203997638663,0.27914502882111114,0.21192039976386637,0.2119203997638663,0.3463696578783551,0.21192039976386637,0.279145028821111,0.15583523118484072,0.3352301974001357,0.21192039976386637,0.2791450288211111,0.14469577070662112,0.34636965787835583,0.14469577070662112,0.2791450288211111,0.14469577070662112,0.3463696578783551,0.14469577070662112,0.3463696578783551,0.2119203997638663,0.34636965787835583,0.14469577070662112,0.2791450288211111,0.14469577070662118,0.21192039976386648
0.6313466136423215,0.2131042472909002,0.2805228094421086,0.1421341425585886,0.2131042472909003,0.14095029503155423,0.21192039976386584,0.35149291417442075,0.14331799008562304,0.14095029503155423,0.21192039976386584,0.1421341425585886,0.07234788535331073,0.2817066569691431,0.07353173288034512,0.14095029503155423,0.1421341425585886,0.14331799008562304,0.2107365522368314,0.21192039976386584,0.1421341425585886,0.1421341425585886,0.07234788535331065,0.1421341425585886,0.1421341425585886,0.07234788535331067,0.21192039976386573,0.1421341425585886,0.21192039976386584,0.28170665696914304,0.1421341425585886,0.1421341425585886,0.21192039976386584,0.21192039976386584,0.1421341425585886,0.21192039976386584,0.1421341425585886,0.21192039976386573,0.1421341425585886,0.21192039976386584,0.14213414255858867,0.21192039976386584,0.1421341425585886,0.1421341425585886,0.07234788535331065,0.28170665696914376,0.21192039976386584,0.21192039976386584,0.21192039976386584,0.1421341425585886,0.2817066569691431,0.21310424729090058,0.4200953238526629,0.07353173288034509,0.35030906664738704,0.28170665696914376,0.35149291417442075,0.07234788535331067,0.2131042472909003,0.3503090666473869,0.1421341425585886,0.1421341425585886,0.21192039976386584,0.21192039976386584,0.21192039976386573,0.07234788535331065,0.07234788535331065,0.1421341425585886,0.14213414255858867,0.2817066569691432,0.21192039976386584,0.2817066569691431,0.07353173288034512,0.2107365522368314,0.21192039976386573,0.21192039976386584,0.28170665696914304,0.1421341425585886,0.28289050449617803,0.2805228094421087,0.21192039976386584,0.3514929141744207,0.07234788535331067,0.2817066569691431,0.07234788535331067,0.1421341425585886,0.2817066569691431,0.1421341425585886,0.1421341425585886,0.21192039976386584,0.21192039976386584,0.21192039976386584,0.1421341425585886,0.1421341425585886,0.1421341425585886,0.2817066569691431,0.1421341425585886,0.14213414255858822,0.21192039976386573,0.1421341425585886,0.14213414255858822,0.21192039976386573,0.1421341425585886,0.1421341425585886,0.28170665696914304,0.1421341425585886,0.21192039976386573,0.07353173288034512,0.2805228094421087,0.1421341425585886,0.21192039976386584,0.07234788535331067,0.2817066569691437,0.07234788535331067,0.21192039976386584,0.07234788535331065,0.2817066569691431,0.07234788535331065,0.2817066569691431,0.1421341425585886,0.2817066569691436,0.07234788535331067,0.21192039976386584,0.07234788535331067,0.14213414255858867
0.6313466136423215,0.21310424729090013,0.280522809442109,0.14213414255858856,0.21310424729090013,0.14095029503155418,0.21192039976386567,0.3514929141744206,0.143317990085623,0.14095029503155412,0.21192039976386573,0.14213414255858856,0.07234788535331067,0.2817066569691435,0.07353173288034501,0.14095029503155412,0.1421341425585886,0.143317990085623,0.21073655223683135,0.21192039976386567,0.14213414255858856,0.14213414255858856,0.07234788535331065,0.14213414255858856,0.14213414255858856,0.07234788535331065,0.21192039976386567,0.14213414255858856,0.21192039976386567,0.2817066569691433,0.14213414255858856,0.14213414255858856,0.21192039976386573,0.21192039976386567,0.1421341425585886,0.21192039976386567,0.14213414255858856,0.21192039976386567,0.14213414255858856,0.21192039976386567,0.14213414255858856,0.21192039976386573,0.14213414255858856,0.14213414255858856,0.07234788535331062,0.28170665696914404,0.21192039976386567,0.21192039976386567,0.21192039976386567,0.14213414255858856,0.28170665696914343,0.21310424729090058,0.4200953238526627,0.07353173288034504,0.3503090666473869,0.28170665696914393,0.3514929141744206,0.07234788535331065,0.21310424729090013,0.3503090666473868,0.14213414255858856,0.14213414255858856,0.21192039976386567,0.21192039976386567,0.21192039976386567,0.07234788535331065,0.07234788535331062,0.14213414255858856,0.1421341425585886,0.2817066569691435,0.21192039976386567,0.28170665696914343,0.07353173288034504,0.21073655223683124,0.21192039976386567,0.21192039976386573,0.28170665696914343,0.14213414255858856,0.2828905044961783,0.280522809442109,0.21192039976386573,0.35149291417442047,0.07234788535331065,0.28170665696914343,0.07234788535331065,0.14213414255858856,0.2817066569691435,0.14213414255858856,0.14213414255858856,0.21192039976386573,0.21192039976386567,0.21192039976386567,0.14213414255858856,0.14213414255858856,0.14213414255858856,0.28170665696914343,0.14213414255858856,0.14213414255858828,0.21192039976386567,0.14213414255858856,0.14213414255858833,0.21192039976386567,0.14213414255858856,0.14213414255858856,0.2817066569691433,0.14213414255858856,0.21192039976386567,0.07353173288034509,0.280522809442109,0.14213414255858856,0.21192039976386573,0.07234788535331065,0.28170665696914393,0.07234788535331065,0.21192039976386573,0.07234788535331062,0.28170665696914343,0.07234788535331065,0.28170665696914343,0.14213414255858856,0.281706656969144,0.07234788535331065,0.21192039976386573,0.07234788535331065,0.1421341425585886
0.5791374181498767,0.14528769447013873,0.21645173229641398,0.07234788535331085,0.1452876944701387,0.07175596158979365,0.1446957707066215,0.2893915414132406,0.07293980911682804,0.07175596158979365,0.1446957707066215,0.07234788535331085,1.9154268829903917e-16,0.21704365605993123,0.0005919237635173776,0.07175596158979365,0.07234788535331085,0.07293980911682804,0.14410384694310432,0.1446957707066215,0.07234788535331085,0.07234788535331085,1.6417944711346214e-16,0.07234788535331085,0.07234788535331085,1.6417944711346214e-16,0.1446957707066215,0.07234788535331085,0.1446957707066215,0.21704365605993117,0.07234788535331085,0.07234788535331085,0.1446957707066215,0.1446957707066215,0.07234788535331085,0.1446957707066215,0.07234788535331085,0.14469577070662157,0.07234788535331085,0.1446957707066215,0.07234788535331085,0.1446957707066215,0.07234788535331085,0.07234788535331085,1.6417944711346214e-16,0.21704365605993167,0.1446957707066215,0.1446957707066215,0.1446957707066215,0.07234788535331085,0.21704365605993117,0.1452876944701387,0.3611475030030328,0.0005919237635174051,0.28879961764972434,0.21704365605993173,0.2893915414132406,1.6417944711346214e-16,0.1452876944701387,0.28879961764972434,0.07234788535331085,0.07234788535331085,0.1446957707066215,0.1446957707066215,0.1446957707066215,1.6417944711346214e-16,1.6417944711346214e-16,0.07234788535331085,0.07234788535331085,0.21704365605993117,0.1446957707066215,0.21704365605993117,0.0005919237635173776,0.14410384694310432,0.14469577070662157,0.1446957707066215,0.21704365605993117,0.07234788535331085,0.21763557982344892,0.21645173229641398,0.1446957707066215,0.2893915414132406,1.6417944711346214e-16,0.21704365605993117,1.6417944711346214e-16,0.07234788535331085,0.21704365605993117,0.07234788535331085,0.07234788535331085,0.14469577070662157,0.1446957707066215,0.1446957707066215,0.07234788535331085,0.07234788535331085,0.07234788535331085,0.21704365605993117,0.07234788535331085,0.07234788535331065,0.1446957707066215,0.07234788535331085,0.07234788535331065,0.14469577070662157,0.07234788535331085,0.07234788535331085,0.21704365605993117,0.07234788535331085,0.1446957707066215,0.0005919237635173776,0.21645173229641398,0.07234788535331085,0.1446957707066215,1.6417944711346214e-16,0.21704365605993167,1.6417944711346214e-16,0.1446957707066215,1.6417944711346214e-16,0.21704365605993117,1.6417944711346214e-16,0.21704365605993117,0.07234788535331085,0.21704365605993173,1.6417944711346214e-16,0.1446957707066215,1.6417944711346214e-16,0.07234788535331085
0.73576500462721,0.3487373529324235,0.4086649637334978,0.2817066569691433,0.34873735293242364,0.2793389619150745,0.3463696578783548,0.47569565969677874,0.28407435202321224,0.2793389619150745,0.3463696578783549,0.2817066569691433,0.21704365605993123,0.4110326587875667,0.21941135111400004,0.2793389619150745,0.28170665696914327,0.2840743520232121,0.344001962824286,0.346369657878355,0.2817066569691433,0.2817066569691433,0.21704365605993117,0.2817066569691433,0.2817066569691433,0.21704365605993123,0.3463696578783549,0.28170665696914327,0.3463696578783549,0.41103265878756656,0.2817066569691433,0.2817066569691433,0.3463696578783548,0.3463696578783549,0.2817066569691432,0.3463696578783549,0.28170665696914343,0.3463696578783549,0.2817066569691433,0.3463696578783549,0.2817066569691433,0.3463696578783549,0.28170665696914327,0.2817066569691433,0.21704365605993117,0.411032658787568,0.3463696578783549,0.346369657878355,0.346369657878355,0.2817066569691433,0.41103265878756656,0.3487373529324249,0.5379909655519213,0.2194113511140001,0.4733279646427111,0.4110326587875679,0.47569565969677874,0.21704365605993112,0.34873735293242375,0.4733279646427111,0.2817066569691433,0.2817066569691433,0.3463696578783548,0.3463696578783549,0.346369657878355,0.21704365605993117,0.21704365605993117,0.2817066569691433,0.2817066569691433,0.4110326587875667,0.346369657878355,0.4110326587875667,0.21941135111400004,0.3440019628242859,0.3463696578783549,0.3463696578783548,0.4110326587875667,0.2817066569691433,0.41340035384163665,0.4086649637334977,0.3463696578783548,0.4756956596967785,0.21704365605993117,0.4110326587875667,0.21704365605993117,0.2817066569691433,0.4110326587875667,0.2817066569691433,0.2817066569691433,0.3463696578783549,0.3463696578783548,0.3463696578783549,0.2817066569691433,0.2817066569691433,0.2817066569691433,0.4110326587875667,0.28170665696914327,0.28170665696914426,0.346369657878355,0.2817066569691433,0.28170665696914426,0.3463696578783549,0.28170665696914327,0.28170665696914327,0.41103265878756656,0.2817066569691433,0.3463696578783548,0.21941135111400004,0.4086649637334978,0.2817066569691433,0.3463696578783549,0.21704365605993117,0.4110326587875679,0.21704365605993117,0.3463696578783549,0.21704365605993117,0.4110326587875667,0.21704365605993123,0.4110326587875667,0.2817066569691432,0.4110326587875679,0.21704365605993117,0.3463696578783549,0.21704365605993112,0.28170665696914343
0.6835558091347664,0.2809208001116626,0.34459388658780343,0.21192039976386595,0.28092080011166265,0.21014462847331428,0.279145028821111,0.41359428693559974,0.21369617105441754,0.21014462847331428,0.2791450288211109,0.21192039976386595,0.14469577070662112,0.346369657878355,0.1464715419971727,0.21014462847331428,0.21192039976386595,0.21369617105441754,0.2773692575305594,0.2791450288211111,0.2119203997638659,0.2119203997638659,0.14469577070662107,0.21192039976386584,0.2119203997638659,0.14469577070662112,0.279145028821111,0.21192039976386595,0.279145028821111,0.346369657878355,0.2119203997638659,0.2119203997638659,0.2791450288211111,0.2791450288211111,0.21192039976386598,0.2791450288211111,0.2119203997638659,0.2791450288211111,0.2119203997638659,0.279145028821111,0.2119203997638659,0.2791450288211111,0.2119203997638659,0.2119203997638659,0.14469577070662107,0.34636965787835583,0.2791450288211111,0.2791450288211111,0.2791450288211111,0.2119203997638659,0.346369657878355,0.2809208001116629,0.47904314470229253,0.14647154199717274,0.41181851564504907,0.34636965787835583,0.41359428693559974,0.14469577070662107,0.28092080011166265,0.41181851564504884,0.2119203997638659,0.21192039976386595,0.279145028821111,0.279145028821111,0.2791450288211111,0.14469577070662107,0.14469577070662107,0.2119203997638659,0.21192039976386598,0.346369657878355,0.2791450288211111,0.3463696578783551,0.1464715419971728,0.27736925753055924,0.2791450288211111,0.279145028821111,0.346369657878355,0.2119203997638659,0.3481454291689075,0.34459388658780343,0.279145028821111,0.4135942869355995,0.14469577070662112,0.346369657878355,0.14469577070662107,0.2119203997638659,0.3463696578783551,0.2119203997638659,0.21192039976386595,0.279145028821111,0.279145028821111,0.2791450288211111,0.2119203997638659,0.2119203997638659,0.21192039976386595,0.3463696578783551,0.21192039976386584,0.21192039976386598,0.2791450288211111,0.21192039976386595,0.2119203997638661,0.2791450288211111,0.2119203997638659,0.21192039976386595,0.346369657878355,0.21192039976386595,0.279145028821111,0.1464715419971728,0.34459388658780343,0.2119203997638659,0.279145028821111,0.14469577070662107,0.34636965787835583,0.14469577070662107,0.2791450288211111,0.14469577070662107,0.3463696578783551,0.14469577070662107,0.3463696578783551,0.2119203997638659,0.34636965787835583,0.14469577070662107,0.279145028821111,0.14469577070662107,0.21192039976386595
0.6835558091347664,0.2809208001116624,0.3445938865878041,0.2119203997638659,0.28092080011166254,0.21014462847331422,0.2791450288211109,0.41359428693560063,0.21369617105441743,0.21014462847331422,0.2791450288211108,0.21192039976386584,0.14469577070662112,0.3463696578783556,0.14647154199717263,0.21014462847331422,0.2119203997638659,0.21369617105441743,0.27736925753055924,0.2791450288211109,0.21192039976386584,0.21192039976386584,0.144695770706621,0.21192039976386584,0.21192039976386584,0.14469577070662107,0.27914502882111086,0.21192039976386584,0.27914502882111086,0.34636965787835544,0.21192039976386584,0.21192039976386584,0.2791450288211108,0.27914502882111086,0.21192039976386595,0.2791450288211109,0.21192039976386584,0.2791450288211109,0.21192039976386584,0.27914502882111086,0.21192039976386584,0.27914502882111086,0.21192039976386584,0.21192039976386584,0.144695770706621,0.34636965787835616,0.2791450288211109,0.2791450288211109,0.2791450288211109,0.21192039976386584,0.34636965787835555,0.2809208001116629,0.47904314470229264,0.1464715419971727,0.4118185156450495,0.34636965787835605,0.41359428693560063,0.14469577070662107,0.28092080011166254,0.4118185156450494,0.21192039976386584,0.21192039976386584,0.27914502882111086,0.27914502882111086,0.2791450288211109,0.144695770706621,0.144695770706621,0.21192039976386584,0.21192039976386598,0.3463696578783557,0.2791450288211109,0.3463696578783556,0.1464715419971727,0.27736925753055913,0.2791450288211109,0.27914502882111086,0.3463696578783556,0.21192039976386584,0.3481454291689077,0.344593886587804,0.2791450288211108,0.4135942869356003,0.14469577070662107,0.3463696578783556,0.14469577070662107,0.2119203997638659,0.3463696578783557,0.21192039976386584,0.21192039976386584,0.27914502882111086,0.2791450288211108,0.2791450288211109,0.2119203997638659,0.21192039976386584,0.21192039976386584,0.3463696578783557,0.21192039976386573,0.21192039976386598,0.2791450288211109,0.2119203997638659,0.2119203997638661,0.2791450288211109,0.21192039976386584,0.21192039976386584,0.34636965787835555,0.21192039976386584,0.27914502882111086,0.14647154199717263,0.344593886587804,0.21192039976386584,0.27914502882111086,0.14469577070662107,0.34636965787835605,0.14469577070662107,0.2791450288211108,0.144695770706621,0.3463696578783556,0.14469577070662107,0.3463696578783556,0.21192039976386584,0.34636965787835616,0.14469577070662107,0.27914502882111086,0.14469577070662107,0.2119203997638659
0.6835558091347674,0.28092080011166265,0.34459388658780465,0.2119203997638661,0.2809208001116628,0.2101446284733145,0.2791450288211112,0.41359428693560063,0.21369617105441777,0.2101446284733146,0.2791450288211111,0.2119203997638661,0.144695770706621,0.3463696578783563,0.14647154199717258,0.21014462847331444,0.21192039976386615,0.21369617105441777,0.27736925753055947,0.2791450288211112,0.21192039976386598,0.2119203997638661,0.14469577070662096,0.2119203997638661,0.21192039976386615,0.144695770706621,0.27914502882111114,0.21192039976386598,0.2791450288211112,0.34636965787835616,0.21192039976386615,0.2119203997638661,0.27914502882111114,0.2791450288211112,0.2119203997638661,0.2791450288211112,0.21192039976386615,0.2791450288211112,0.2119203997638661,0.2791450288211111,0.21192039976386598,0.2791450288211112,0.2119203997638661,0.2119203997638661,0.14469577070662096,0.3463696578783564,0.2791450288211112,0.2791450288211112,0.2791450288211112,0.2119203997638661,0.3463696578783563,0.2809208001116627,0.4790431447022935,0.14647154199717263,0.4118185156450494,0.3463696578783563,0.41359428693560063,0.14469577070662096,0.28092080011166287,0.4118185156450493,0.2119203997638661,0.2119203997638661,0.2791450288211112,0.27914502882111114,0.2791450288211112,0.14469577070662096,0.14469577070662096,0.21192039976386615,0.2119203997638662,0.3463696578783563,0.2791450288211112,0.3463696578783564,0.14647154199717263,0.2773692575305594,0.2791450288211112,0.27914502882111114,0.3463696578783563,0.2119203997638661,0.34814542916890795,0.3445938865878047,0.27914502882111114,0.4135942869356003,0.14469577070662096,0.3463696578783563,0.14469577070662096,0.21192039976386615,0.3463696578783564,0.2119203997638661,0.2119203997638661,0.2791450288211112,0.2791450288211111,0.2791450288211112,0.21192039976386615,0.21192039976386615,0.2119203997638661,0.3463696578783565,0.21192039976386598,0.21192039976386615,0.27914502882111114,0.2119203997638661,0.2119203997638662,0.2791450288211112,0.2119203997638661,0.21192039976386598,0.3463696578783563,0.2119203997638661,0.27914502882111114,0.14647154199717258,0.34459388658780465,0.21192039976386615,0.2791450288211113,0.14469577070662096,0.3463696578783564,0.14469577070662096,0.2791450288211111,0.14469577070662096,0.3463696578783564,0.144695770706621,0.3463696578783564,0.21192039976386598,0.3463696578783564,0.14469577070662096,0.2791450288211111,0.14469577070662096,0.2119203997638663
0.6313466136423219,0.21310424729090013,0.2805228094421092,0.14213414255858856,0.2131042472909002,0.14095029503155412,0.21192039976386584,0.3514929141744206,0.14331799008562293,0.14095029503155407,0.21192039976386573,0.14213414255858844,0.07234788535331062,0.2817066569691436,0.07353173288034501,0.14095029503155407,0.14213414255858856,0.14331799008562293,0.21073655223683135,0.21192039976386573,0.1421341425585885,0.14213414255858844,0.07234788535331062,0.14213414255858856,0.1421341425585885,0.07234788535331062,0.21192039976386573,0.1421341425585885,0.21192039976386584,0.2817066569691435,0.1421341425585885,0.1421341425585885,0.21192039976386584,0.21192039976386573,0.1421341425585885,0.21192039976386584,0.1421341425585885,0.21192039976386573,0.1421341425585885,0.21192039976386573,0.14213414255858844,0.21192039976386584,0.14213414255858856,0.1421341425585885,0.07234788535331062,0.28170665696914404,0.21192039976386573,0.21192039976386573,0.21192039976386573,0.14213414255858844,0.2817066569691436,0.21310424729090063,0.4200953238526627,0.07353173288034501,0.3503090666473868,0.281706656969144,0.3514929141744206,0.07234788535331062,0.2131042472909002,0.3503090666473867,0.14213414255858844,0.14213414255858844,0.21192039976386584,0.21192039976386573,0.21192039976386573,0.07234788535331062,0.07234788535331056,0.14213414255858844,0.14213414255858856,0.28170665696914354,0.21192039976386573,0.2817066569691436,0.07353173288034501,0.21073655223683135,0.21192039976386584,0.21192039976386584,0.2817066569691436,0.1421341425585885,0.2828905044961785,0.2805228094421092,0.21192039976386584,0.35149291417442047,0.07234788535331062,0.2817066569691436,0.07234788535331062,0.1421341425585885,0.2817066569691436,0.1421341425585885,0.14213414255858844,0.21192039976386584,0.21192039976386573,0.21192039976386584,0.1421341425585885,0.1421341425585885,0.1421341425585885,0.2817066569691437,0.1421341425585885,0.14213414255858833,0.21192039976386573,0.14213414255858844,0.1421341425585884,0.21192039976386584,0.1421341425585885,0.1421341425585885,0.28170665696914354,0.1421341425585885,0.21192039976386584,0.07353173288034501,0.2805228094421091,0.1421341425585885,0.21192039976386584,0.07234788535331065,0.28170665696914404,0.07234788535331062,0.21192039976386573,0.07234788535331056,0.2817066569691436,0.07234788535331062,0.2817066569691436,0.14213414255858844,0.28170665696914404,0.07234788535331065,0.21192039976386573,0.07234788535331056,0.14213414255858856
0.7357650046272112,0.35997377995762614,0.3974285367082975,0.28170665696914354,0.3599737799576258,0.2681025348898733,0.34636965787835605,0.4756956596967793,0.29531077904841363,0.26810253488987335,0.3463696578783557,0.2817066569691436,0.21704365605993145,0.4110326587875681,0.2306477781392019,0.26810253488987335,0.28170665696914354,0.29531077904841363,0.3327655357990856,0.34636965787835583,0.28170665696914354,0.2817066569691436,0.21704365605993145,0.2817066569691435,0.2817066569691435,0.21704365605993145,0.34636965787835605,0.28170665696914354,0.3463696578783557,0.41103265878756745,0.28170665696914354,0.28170665696914354,0.3463696578783557,0.3463696578783557,0.28170665696914354,0.34636965787835583,0.28170665696914354,0.34636965787835583,0.2817066569691435,0.3463696578783556,0.28170665696914354,0.3463696578783557,0.28170665696914354,0.28170665696914354,0.21704365605993145,0.4110326587875679,0.34636965787835583,0.34636965787835583,0.34636965787835583,0.2817066569691436,0.4110326587875677,0.35997377995762636,0.5267545385267204,0.23064777813920195,0.46209153761750943,0.4110326587875679,0.4756956596967793,0.21704365605993145,0.35997377995762603,0.46209153761750943,0.2817066569691436,0.2817066569691436,0.34636965787835605,0.3463696578783557,0.34636965787835583,0.21704365605993145,0.21704365605993145,0.2817066569691435,0.2817066569691435,0.41103265878756823,0.34636965787835583,0.4110326587875678,0.23064777813920195,0.3327655357990854,0.34636965787835583,0.3463696578783557,0.4110326587875678,0.28170665696914354,0.42463678086683804,0.3974285367082976,0.3463696578783557,0.47569565969677935,0.21704365605993145,0.4110326587875678,0.21704365605993145,0.2817066569691435,0.4110326587875678,0.2817066569691435,0.2817066569691436,0.3463696578783557,0.3463696578783556,0.34636965787835583,0.2817066569691435,0.28170665696914354,0.28170665696914354,0.4110326587875679,0.28170665696914354,0.281706656969144,0.34636965787835583,0.28170665696914354,0.2817066569691435,0.34636965787835583,0.2817066569691435,0.2817066569691435,0.4110326587875677,0.28170665696914354,0.3463696578783556,0.2306477781392019,0.3974285367082976,0.2817066569691435,0.3463696578783557,0.21704365605993145,0.41103265878756834,0.21704365605993145,0.3463696578783556,0.21704365605993145,0.4110326587875678,0.21704365605993156,0.4110326587875678,0.2817066569691435,0.41103265878756834,0.21704365605993145,0.3463696578783556,0.21704365605993156,0.2817066569691435
0.700119550031622,0.30950682489120024,0.3594788227410887,0.2168497229659672,0.3113795627287339,0.21822750358696555,0.3071391298371313,0.416553905753184,0.21921741802003594,0.20886381439929758,0.2827935379491948,0.21310424729090005,0.14716043230767192,0.35248282860748953,0.14952812736174076,0.2107365522368312,0.21310424729090005,0.219217418020036,0.27855310505759234,0.28092080011166115,0.21497698512843358,0.21310424729090005,0.1452876944701383,0.21497698512843358,0.21310424729089994,0.1490331701452055,0.28092080011166115,0.21310424729090005,0.28092080011166126,0.3581010421200904,0.21310424729089994,0.21310424729089994,0.28092080011166126,0.28092080011166115,0.21310424729090005,0.28092080011166115,0.21310424729089994,0.2809208001116611,0.21310424729089994,0.3146300811872658,0.21310424729090008,0.29028448929932915,0.21310424729090005,0.21310424729090005,0.1452876944701383,0.3487373529324238,0.28092080011166115,0.28092080011166115,0.28092080011166115,0.21310424729090005,0.3599737799576239,0.28516123300326474,0.4951119283826118,0.16076455438694223,0.42354989988678465,0.35435556644502464,0.416553905753184,0.14716043230767192,0.2889067086783308,0.4123134728615831,0.21310424729090005,0.21310424729090005,0.28092080011166115,0.28092080011166126,0.28092080011166115,0.1452876944701383,0.14903317014520545,0.21497698512843358,0.21310424729090005,0.35248282860748964,0.28092080011166115,0.3487373529324224,0.1607645543869423,0.2822985807326595,0.28092080011166115,0.28653901362426193,0.3487373529324224,0.21310424729090005,0.3529777858240263,0.34636965787835355,0.2827935379491948,0.416553905753184,0.1452876944701383,0.3487373529324224,0.14528769447013837,0.21310424729089994,0.3487373529324224,0.22246793647856786,0.21310424729090005,0.28841175146179554,0.2846662757867284,0.28092080011166115,0.21310424729089994,0.21310424729089994,0.21310424729089994,0.3487373529324224,0.21310424729090005,0.21310424729090058,0.28092080011166115,0.21310424729090005,0.21310424729090058,0.28092080011166115,0.21310424729089994,0.21310424729090005,0.3487373529324224,0.21310424729089994,0.2827935379491948,0.14952812736174076,0.3444969200408201,0.21497698512843347,0.28092080011166126,0.1452876944701383,0.3487373529324239,0.14528769447013837,0.28092080011166126,0.1452876944701383,0.3487373529324224,0.14716043230767192,0.3487373529324224,0.21310424729090005,0.3487373529324238,0.1452876944701383,0.2827935379491949,0.15090590798273906,0.2168497229659672
0.823619654715243,0.4707663364946775,0.5069402791713322,0.4163498481775968,0.46889359865714375,0.394662850984675,0.4528248149768231,0.5969387864015511,0.43429136969545123,0.40402654017234296,0.47717040686475926,0.4200953238526641,0.3592747651655012,0.5342454898768552,0.37721628668335594,0.40215380233480935,0.4200953238526639,0.4342913696954511,0.46110162318443837,0.4790431447022931,0.4182225860151303,0.420095323852664,0.36114750300303505,0.41822258601513007,0.4200953238526639,0.3574020273279677,0.47904314470229337,0.4200953238526639,0.47904314470229287,0.5286272763642539,0.4200953238526641,0.4200953238526641,0.47904314470229287,0.4790431447022931,0.4200953238526639,0.4790431447022931,0.4200953238526641,0.4790431447022931,0.4200953238526639,0.4453338636266886,0.4200953238526639,0.46967945551462503,0.4200953238526639,0.4200953238526641,0.36114750300303505,0.5379909655519227,0.4790431447022931,0.4790431447022931,0.4790431447022931,0.4200953238526641,0.5267545385267204,0.49511192838261525,0.6248359208705898,0.3659798596581545,0.5696335756960291,0.5323727520393218,0.5969387864015508,0.35927476516550133,0.4913664527075468,0.5808700027212306,0.4200953238526641,0.4200953238526641,0.47904314470229326,0.47904314470229287,0.4790431447022931,0.36114750300303505,0.35740202732796783,0.4182225860151303,0.4200953238526639,0.5342454898768552,0.4790431447022931,0.5379909655519219,0.3659798596581545,0.457356147509371,0.4790431447022931,0.47342493118969214,0.537990965551922,0.4200953238526641,0.5540597492322437,0.5200494440340674,0.47717040686475926,0.5969387864015511,0.36114750300303505,0.537990965551922,0.36114750300303505,0.4200953238526641,0.537990965551922,0.41073163466499596,0.4200953238526641,0.47155219335215864,0.47529766902722564,0.4790431447022931,0.4200953238526641,0.4200953238526641,0.4200953238526641,0.5379909655519222,0.4200953238526639,0.4200953238526655,0.4790431447022931,0.4200953238526639,0.4200953238526651,0.4790431447022932,0.4200953238526639,0.4200953238526639,0.5379909655519217,0.4200953238526641,0.47717040686475926,0.37721628668335594,0.5219221818716009,0.4182225860151303,0.479043144702293,0.36114750300303505,0.5379909655519229,0.36114750300303505,0.47904314470229287,0.36114750300303505,0.537990965551922,0.35927476516550144,0.5379909655519219,0.4200953238526638,0.5379909655519229,0.36114750300303505,0.47717040686475926,0.3555292894904341,0.4163498481775967
0.5957011590467334,0.18511014627487912,0.2201002414244996,0.07727720855541248,0.18698288411241246,0.0686024096782437,0.17268987172264327,0.2923511602308269,0.0896974831076484,0.059238720490575776,0.14834427983470677,0.07353173288034529,0.002464661601051012,0.22315682678906779,0.014884936153286888,0.06111145832810935,0.07353173288034529,0.0896974831076484,0.13405126744493726,0.14647154199717316,0.0754044707178789,0.07353173288034526,0.0005919237635174051,0.07540447071787884,0.07353173288034529,0.004337399438584536,0.14647154199717316,0.07353173288034529,0.14647154199717316,0.22877504030166818,0.07353173288034529,0.07353173288034529,0.14647154199717322,0.14647154199717322,0.07353173288034529,0.14647154199717316,0.07353173288034526,0.14647154199717322,0.07353173288034529,0.18018082307277739,0.07353173288034529,0.1558352311848411,0.07353173288034529,0.07353173288034529,0.0005919237635174051,0.21941135111400015,0.14647154199717316,0.14647154199717316,0.14647154199717316,0.07353173288034529,0.23064777813920173,0.16076455438694262,0.3659798596581527,0.02612136317848842,0.28929457486625954,0.22502956462660098,0.29235116023082686,0.0024646616010509845,0.1645100300620099,0.2780581478410579,0.07353173288034529,0.07353173288034529,0.14647154199717316,0.14647154199717322,0.14647154199717316,0.0005919237635174051,0.004337399438584536,0.07540447071787884,0.07353173288034529,0.2231568267890679,0.14647154199717316,0.2194113511140003,0.02612136317848842,0.13779674312000442,0.14647154199717322,0.152089755509774,0.2194113511140003,0.07353173288034526,0.2337043635037695,0.20699107656176452,0.14834427983470683,0.29235116023082736,0.0005919237635174051,0.2194113511140003,0.0005919237635174051,0.07353173288034529,0.2194113511140003,0.08289542206801319,0.07353173288034529,0.15396249334730755,0.15021701767224038,0.14647154199717322,0.07353173288034529,0.07353173288034529,0.07353173288034529,0.2194113511140002,0.07353173288034529,0.07353173288034501,0.14647154199717316,0.07353173288034529,0.07353173288034501,0.14647154199717322,0.07353173288034529,0.07353173288034529,0.2194113511140003,0.07353173288034529,0.14834427983470677,0.014884936153286944,0.20511833872423096,0.0754044707178789,0.14647154199717322,0.0005919237635174051,0.2194113511140006,0.0005919237635174051,0.14647154199717322,0.0005919237635174051,0.2194113511140003,0.0024646616010509845,0.2194113511140003,0.07353173288034529,0.21941135111400065,0.0005919237635174051,0.14834427983470677,0.006210137276118143,0.07727720855541245
0.7714104592227979,0.3992043079988488,0.4466146777007049,0.34656359097231965,0.39733157016131543,0.3292139932179821,0.3856001859195788,0.5348374136403714,0.36016771305159,0.3385776824056501,0.4099457778075149,0.3503090666473869,0.28692687981219106,0.46958248896764265,0.30053100189146137,0.3367049445681164,0.3503090666473868,0.3601677130515899,0.3982143935657785,0.41181851564504873,0.34843632880985326,0.3503090666473869,0.28879961764972467,0.34843632880985315,0.3503090666473868,0.28505414197465756,0.4118185156450485,0.3503090666473868,0.4118185156450485,0.46396427545504193,0.3503090666473869,0.3503090666473868,0.4118185156450485,0.4118185156450485,0.3503090666473867,0.41181851564504873,0.3503090666473869,0.41181851564504873,0.3503090666473868,0.37810923456944445,0.3503090666473868,0.4024548264573808,0.3503090666473868,0.3503090666473868,0.28879961764972467,0.47332796464271126,0.41181851564504873,0.41181851564504873,0.41181851564504873,0.3503090666473869,0.46209153761750854,0.42354989988678615,0.5696335756960276,0.2892945748662599,0.5118696023734347,0.4677097511301106,0.5348374136403714,0.28692687981219106,0.419804424211718,0.5231060293986358,0.3503090666473868,0.3503090666473869,0.4118185156450485,0.4118185156450486,0.41181851564504873,0.28879961764972467,0.28505414197465756,0.34843632880985326,0.3503090666473867,0.46958248896764276,0.41181851564504873,0.4733279646427099,0.2892945748662599,0.39446891789071115,0.41181851564504873,0.4062003021324478,0.47332796464271,0.3503090666473868,0.48505934888444785,0.4597238425634398,0.4099457778075147,0.5348374136403711,0.28879961764972467,0.4733279646427099,0.2887996176497247,0.3503090666473869,0.4733279646427099,0.3409453774597189,0.3503090666473869,0.4043275642949144,0.4080730399699813,0.41181851564504873,0.3503090666473869,0.3503090666473869,0.3503090666473869,0.4733279646427101,0.3503090666473868,0.3503090666473877,0.41181851564504873,0.3503090666473868,0.3503090666473877,0.4118185156450486,0.3503090666473867,0.3503090666473868,0.47332796464270976,0.3503090666473869,0.4099457778075148,0.30053100189146137,0.4615965804009733,0.34843632880985326,0.4118185156450485,0.28879961764972467,0.47332796464271126,0.28879961764972467,0.4118185156450485,0.28879961764972467,0.4733279646427099,0.2869268798121911,0.4733279646427099,0.3503090666473867,0.47332796464271126,0.28879961764972467,0.4099457778075148,0.28318140413712384,0.34656359097231976
0.7357650046272107,0.35435556644502453,0.40304675022089764,0.28170665696914327,0.35435556644502475,0.27372074840247373,0.3463696578783552,0.47569565969677896,0.28969256553581285,0.27372074840247373,0.3463696578783551,0.28170665696914327,0.21704365605993117,0.4110326587875671,0.22502956462660076,0.2737207484024737,0.2817066569691432,0.28969256553581274,0.3383837493116856,0.3463696578783552,0.28170665696914327,0.28170665696914327,0.21704365605993112,0.2817066569691432,0.28170665696914327,0.21704365605993117,0.3463696578783552,0.28170665696914327,0.3463696578783551,0.4110326587875671,0.28170665696914327,0.28170665696914327,0.3463696578783551,0.3463696578783551,0.28170665696914327,0.3463696578783552,0.28170665696914327,0.3463696578783552,0.2817066569691432,0.3463696578783552,0.2817066569691432,0.34636965787835533,0.2817066569691432,0.28170665696914327,0.21704365605993112,0.41103265878756823,0.3463696578783552,0.3463696578783552,0.3463696578783552,0.28170665696914327,0.41103265878756723,0.35435556644502564,0.532372752039321,0.22502956462660081,0.4677097511301104,0.4110326587875681,0.47569565969677896,0.21704365605993112,0.35435556644502486,0.46770975113011026,0.28170665696914327,0.28170665696914327,0.3463696578783552,0.3463696578783551,0.3463696578783552,0.21704365605993112,0.21704365605993112,0.28170665696914327,0.28170665696914327,0.4110326587875671,0.3463696578783552,0.41103265878756723,0.22502956462660076,0.33838374931168536,0.3463696578783552,0.3463696578783551,0.41103265878756723,0.28170665696914327,0.41901856735423776,0.40304675022089764,0.3463696578783552,0.47569565969677874,0.21704365605993112,0.41103265878756723,0.21704365605993112,0.28170665696914327,0.41103265878756734,0.2817066569691432,0.28170665696914327,0.34636965787835533,0.3463696578783551,0.3463696578783552,0.28170665696914327,0.28170665696914327,0.28170665696914327,0.41103265878756734,0.28170665696914327,0.28170665696914404,0.3463696578783552,0.2817066569691432,0.281706656969144,0.34636965787835533,0.2817066569691432,0.28170665696914327,0.4110326587875671,0.28170665696914327,0.3463696578783551,0.22502956462660076,0.40304675022089753,0.28170665696914327,0.3463696578783552,0.21704365605993112,0.4110326587875681,0.21704365605993112,0.3463696578783551,0.21704365605993112,0.41103265878756734,0.21704365605993117,0.41103265878756723,0.2817066569691431,0.4110326587875681,0.21704365605993112,0.3463696578783551,0.21704365605993106,0.2817066569691433
0.7879742001196555,0.416553905753186,0.472736040879193,0.3514929141744213,0.4165539057531861,0.3485332953568353,0.4135942869356001,0.5377970324579584,0.35445253299200735,0.3485332953568353,0.41359428693559996,0.3514929141744215,0.28939154141324197,0.47569565969677907,0.29235116023082797,0.3485332953568353,0.3514929141744213,0.35445253299200724,0.410634668118014,0.4135942869356003,0.3514929141744214,0.3514929141744215,0.28939154141324197,0.3514929141744213,0.3514929141744213,0.28939154141324197,0.4135942869356001,0.3514929141744214,0.4135942869356001,0.47569565969677885,0.3514929141744214,0.3514929141744215,0.41359428693559996,0.4135942869356001,0.3514929141744213,0.4135942869356002,0.3514929141744214,0.4135942869356002,0.3514929141744213,0.4135942869356001,0.3514929141744213,0.4135942869356001,0.3514929141744213,0.3514929141744215,0.28939154141324197,0.47569565969678024,0.4135942869356002,0.4135942869356003,0.4135942869356002,0.3514929141744214,0.47569565969677907,0.416553905753187,0.596938786401551,0.2923511602308281,0.5348374136403731,0.4756956596967801,0.5377970324579585,0.2893915414132419,0.4165539057531861,0.5348374136403728,0.3514929141744215,0.3514929141744215,0.4135942869356001,0.4135942869356001,0.4135942869356002,0.28939154141324197,0.28939154141324197,0.3514929141744213,0.3514929141744213,0.4756956596967792,0.4135942869356002,0.4756956596967792,0.2923511602308281,0.4106346681180138,0.4135942869356002,0.4135942869356001,0.47569565969677907,0.3514929141744214,0.47865527851436607,0.472736040879193,0.41359428693559996,0.5377970324579583,0.2893915414132419,0.4756956596967792,0.28939154141324197,0.3514929141744214,0.4756956596967792,0.3514929141744213,0.3514929141744215,0.4135942869356001,0.41359428693559996,0.4135942869356002,0.3514929141744214,0.3514929141744214,0.3514929141744214,0.4756956596967793,0.3514929141744213,0.3514929141744221,0.4135942869356002,0.3514929141744213,0.35149291417442197,0.4135942869356002,0.3514929141744213,0.3514929141744213,0.47569565969677896,0.3514929141744214,0.41359428693559996,0.29235116023082797,0.47273604087919313,0.3514929141744213,0.4135942869356001,0.28939154141324197,0.47569565969678024,0.28939154141324197,0.41359428693559996,0.28939154141324197,0.4756956596967792,0.28939154141324197,0.4756956596967792,0.3514929141744212,0.47569565969678,0.28939154141324197,0.4135942869356001,0.28939154141324186,0.3514929141744213
0.5791374181498781,0.14716043230767212,0.21457899445888143,0.07234788535331062,0.14716043230767217,0.06988322375225976,0.14469577070662135,0.28939154141324225,0.0748125469543614,0.06988322375225976,0.14469577070662135,0.07234788535331062,0.0,0.21704365605993223,0.002464661601050793,0.06988322375225982,0.07234788535331056,0.0748125469543614,0.14223110910557055,0.14469577070662135,0.07234788535331062,0.07234788535331062,0.0,0.07234788535331065,0.07234788535331062,2.7363241185577025e-17,0.14469577070662135,0.07234788535331062,0.14469577070662135,0.21704365605993212,0.07234788535331062,0.07234788535331062,0.14469577070662135,0.14469577070662135,0.07234788535331067,0.14469577070662135,0.07234788535331056,0.14469577070662135,0.07234788535331062,0.14469577070662135,0.07234788535331065,0.14469577070662135,0.07234788535331056,0.07234788535331062,0.0,0.21704365605993212,0.14469577070662135,0.14469577070662135,0.14469577070662135,0.07234788535331062,0.21704365605993217,0.14716043230767198,0.35927476516550066,0.0024646616010508206,0.28692687981219156,0.21704365605993195,0.28939154141324225,2.7363241185577025e-17,0.14716043230767217,0.28692687981219145,0.07234788535331062,0.07234788535331062,0.14469577070662135,0.14469577070662135,0.14469577070662135,0.0,2.7363241185577025e-17,0.07234788535331062,0.07234788535331065,0.21704365605993217,0.14469577070662135,0.21704365605993217,0.0024646616010508206,0.1422311091055705,0.14469577070662135,0.14469577070662135,0.21704365605993217,0.07234788535331062,0.21950831766098275,0.21457899445888137,0.14469577070662135,0.2893915414132422,0.0,0.21704365605993217,0.0,0.07234788535331056,0.21704365605993223,0.07234788535331062,0.07234788535331062,0.14469577070662135,0.14469577070662135,0.14469577070662135,0.07234788535331056,0.07234788535331062,0.07234788535331062,0.21704365605993217,0.07234788535331062,0.07234788535331037,0.14469577070662135,0.07234788535331065,0.07234788535331037,0.14469577070662135,0.07234788535331062,0.07234788535331062,0.21704365605993212,0.07234788535331062,0.14469577070662135,0.002464661601050793,0.21457899445888137,0.07234788535331056,0.14469577070662135,0.0,0.21704365605993195,0.0,0.14469577070662135,0.0,0.21704365605993217,0.0,0.21704365605993217,0.07234788535331065,0.21704365605993206,0.0,0.14469577070662135,2.7363241185577025e-17,0.07234788535331065
0.700119550031623,0.3132523005662685,0.3557333470660229,0.2168497229659674,0.3151250384038022,0.2144820279118985,0.3071391298371326,0.41655390575318524,0.22296289369510333,0.20511833872423058,0.282793537949196,0.21310424729090013,0.14716043230767187,0.3524828286074908,0.15327360303680782,0.20699107656176424,0.21310424729090008,0.22296289369510333,0.27480762938252634,0.2809208001116624,0.2149769851284337,0.21310424729090008,0.14528769447013826,0.21497698512843363,0.21310424729090013,0.14903317014520545,0.2809208001116624,0.21310424729090013,0.28092080011166237,0.35810104212009164,0.21310424729090013,0.21310424729090013,0.28092080011166237,0.28092080011166237,0.2131042472909003,0.2809208001116624,0.21310424729090008,0.2809208001116624,0.21310424729090013,0.31463008118726693,0.21310424729090013,0.2902844892993304,0.21310424729090008,0.21310424729090013,0.14528769447013826,0.34873735293242447,0.2809208001116624,0.2809208001116624,0.2809208001116624,0.21310424729090013,0.35997377995762525,0.28890670867833235,0.49136645270754614,0.16451003006200934,0.4198044242117181,0.3543555664450252,0.41655390575318524,0.14716043230767187,0.29265218435339907,0.40856799718651654,0.21310424729090013,0.21310424729090013,0.2809208001116624,0.28092080011166237,0.2809208001116624,0.14528769447013826,0.1490331701452054,0.2149769851284337,0.2131042472909002,0.352482828607491,0.2809208001116624,0.3487373529324238,0.16451003006200934,0.2785531050575934,0.2809208001116624,0.2865390136242631,0.3487373529324238,0.21310424729090013,0.35672326149909417,0.34262418220328783,0.28279353794919593,0.41655390575318524,0.14528769447013826,0.3487373529324238,0.14528769447013826,0.21310424729090013,0.3487373529324238,0.22246793647856808,0.21310424729090013,0.2884117514617968,0.2846662757867295,0.2809208001116624,0.21310424729090008,0.21310424729090013,0.21310424729090013,0.3487373529324239,0.21310424729090008,0.21310424729090058,0.2809208001116624,0.21310424729090013,0.2131042472909004,0.2809208001116624,0.21310424729090013,0.21310424729090013,0.34873735293242375,0.21310424729090013,0.2827935379491959,0.15327360303680793,0.34075144436575433,0.2149769851284337,0.28092080011166237,0.14528769447013826,0.3487373529324246,0.14528769447013826,0.28092080011166237,0.14528769447013826,0.3487373529324238,0.14716043230767187,0.3487373529324238,0.21310424729090013,0.3487373529324246,0.14528769447013826,0.28279353794919593,0.150905907982739,0.21684972296596725
0.7714104592227987,0.38796788097364776,0.4578511047259064,0.34656359097232,0.38609514313611426,0.340450420243184,0.385600185919579,0.5348374136403715,0.3489312860263888,0.3498141094308518,0.409945777807515,0.35030906664738726,0.2869268798121913,0.46958248896764276,0.28929457486626003,0.3479413715933182,0.35030906664738704,0.3489312860263887,0.40945082059097976,0.41181851564504873,0.34843632880985353,0.35030906664738726,0.2887996176497249,0.3484363288098534,0.35030906664738704,0.2850541419746577,0.4118185156450486,0.35030906664738715,0.41181851564504873,0.46396427545504204,0.35030906664738726,0.35030906664738726,0.4118185156450485,0.4118185156450486,0.35030906664738704,0.41181851564504873,0.35030906664738726,0.41181851564504873,0.35030906664738704,0.3781092345694448,0.35030906664738704,0.4024548264573809,0.35030906664738704,0.35030906664738726,0.2887996176497249,0.4733279646427114,0.41181851564504873,0.41181851564504873,0.41181851564504873,0.35030906664738726,0.46209153761750865,0.412313472861585,0.5808700027212292,0.27805814784105853,0.523106029398636,0.4677097511301107,0.5348374136403715,0.2869268798121911,0.40856799718651676,0.5343424564238373,0.35030906664738726,0.35030906664738726,0.4118185156450486,0.41181851564504873,0.41181851564504873,0.2887996176497249,0.2850541419746577,0.34843632880985353,0.35030906664738704,0.469582488967643,0.41181851564504873,0.4733279646427101,0.27805814784105853,0.4057053449159124,0.41181851564504873,0.4062003021324479,0.4733279646427101,0.35030906664738726,0.4738229218592466,0.4709602695886411,0.4099457778075148,0.5348374136403713,0.28879961764972484,0.4733279646427101,0.28879961764972484,0.35030906664738726,0.4733279646427101,0.34094537745971926,0.35030906664738726,0.4043275642949145,0.4080730399699814,0.41181851564504873,0.35030906664738726,0.35030906664738726,0.35030906664738726,0.4733279646427102,0.35030906664738715,0.3503090666473878,0.41181851564504873,0.35030906664738704,0.3503090666473877,0.41181851564504873,0.35030906664738704,0.35030906664738704,0.4733279646427099,0.35030906664738726,0.4099457778075149,0.28929457486626003,0.47283300742617473,0.34843632880985353,0.41181851564504873,0.2887996176497249,0.4733279646427114,0.28879961764972484,0.4118185156450485,0.2887996176497249,0.4733279646427101,0.2869268798121913,0.4733279646427101,0.3503090666473869,0.4733279646427114,0.2887996176497249,0.409945777807515,0.283181404137124,0.34656359097232
0.6313466136423214,0.21310424729090005,0.2805228094421086,0.14213414255858856,0.21310424729090005,0.14095029503155412,0.21192039976386556,0.3514929141744206,0.14331799008562293,0.14095029503155407,0.21192039976386562,0.14213414255858844,0.07234788535331067,0.28170665696914304,0.07353173288034501,0.14095029503155407,0.14213414255858856,0.14331799008562293,0.2107365522368312,0.21192039976386556,0.1421341425585885,0.14213414255858844,0.07234788535331062,0.14213414255858856,0.1421341425585885,0.07234788535331065,0.21192039976386556,0.1421341425585885,0.21192039976386562,0.28170665696914293,0.1421341425585885,0.1421341425585885,0.21192039976386562,0.21192039976386556,0.1421341425585885,0.21192039976386556,0.1421341425585885,0.21192039976386556,0.1421341425585885,0.21192039976386562,0.14213414255858844,0.21192039976386562,0.14213414255858856,0.1421341425585885,0.07234788535331062,0.2817066569691437,0.21192039976386556,0.21192039976386556,0.21192039976386556,0.14213414255858844,0.281706656969143,0.21310424729090058,0.4200953238526627,0.07353173288034501,0.3503090666473868,0.2817066569691436,0.3514929141744206,0.07234788535331062,0.21310424729090005,0.3503090666473867,0.14213414255858844,0.14213414255858844,0.21192039976386556,0.21192039976386562,0.21192039976386556,0.07234788535331062,0.07234788535331062,0.14213414255858844,0.14213414255858856,0.28170665696914304,0.21192039976386556,0.281706656969143,0.07353173288034504,0.21073655223683113,0.21192039976386556,0.21192039976386562,0.281706656969143,0.1421341425585885,0.2828905044961781,0.28052280944210856,0.21192039976386562,0.35149291417442047,0.07234788535331065,0.281706656969143,0.07234788535331065,0.1421341425585885,0.28170665696914304,0.1421341425585885,0.14213414255858844,0.21192039976386562,0.21192039976386556,0.21192039976386556,0.1421341425585885,0.1421341425585885,0.1421341425585885,0.281706656969143,0.1421341425585885,0.14213414255858833,0.21192039976386556,0.14213414255858844,0.1421341425585884,0.21192039976386556,0.1421341425585885,0.1421341425585885,0.28170665696914293,0.1421341425585885,0.21192039976386562,0.07353173288034501,0.28052280944210856,0.1421341425585885,0.21192039976386562,0.07234788535331065,0.2817066569691436,0.07234788535331065,0.21192039976386562,0.07234788535331062,0.281706656969143,0.07234788535331062,0.281706656969143,0.14213414255858844,0.2817066569691436,0.07234788535331065,0.21192039976386562,0.07234788535331065,0.14213414255858856
0.6313466136423218,0.21310424729090005,0.2805228094421078,0.1421341425585885,0.21310424729090005,0.140950295031554,0.21192039976386556,0.35149291417441947,0.14331799008562282,0.14095029503155407,0.21192039976386562,0.14213414255858844,0.07234788535331065,0.28170665696914216,0.07353173288034504,0.140950295031554,0.14213414255858844,0.14331799008562293,0.21073655223683113,0.21192039976386556,0.14213414255858844,0.14213414255858844,0.07234788535331062,0.14213414255858844,0.1421341425585885,0.07234788535331062,0.21192039976386556,0.1421341425585885,0.21192039976386556,0.28170665696914227,0.14213414255858844,0.14213414255858844,0.21192039976386556,0.21192039976386556,0.1421341425585885,0.21192039976386556,0.14213414255858844,0.21192039976386556,0.1421341425585885,0.21192039976386562,0.14213414255858844,0.21192039976386556,0.14213414255858844,0.14213414255858844,0.07234788535331062,0.2817066569691431,0.21192039976386556,0.21192039976386556,0.21192039976386556,0.14213414255858844,0.2817066569691422,0.21310424729090052,0.42009532385266235,0.07353173288034504,0.350309066647386,0.2817066569691432,0.35149291417441947,0.07234788535331065,0.21310424729090005,0.350309066647386,0.14213414255858844,0.14213414255858844,0.21192039976386556,0.21192039976386556,0.21192039976386556,0.07234788535331062,0.07234788535331062,0.14213414255858844,0.14213414255858856,0.28170665696914216,0.21192039976386556,0.2817066569691422,0.07353173288034504,0.21073655223683113,0.21192039976386556,0.21192039976386556,0.2817066569691422,0.14213414255858844,0.2828905044961777,0.28052280944210783,0.21192039976386556,0.35149291417441947,0.07234788535331065,0.28170665696914216,0.07234788535331065,0.14213414255858844,0.2817066569691422,0.14213414255858844,0.14213414255858844,0.21192039976386556,0.21192039976386556,0.21192039976386556,0.14213414255858844,0.14213414255858844,0.14213414255858844,0.2817066569691422,0.1421341425585885,0.14213414255858844,0.21192039976386556,0.14213414255858844,0.14213414255858844,0.21192039976386545,0.1421341425585885,0.1421341425585885,0.2817066569691422,0.14213414255858844,0.21192039976386556,0.07353173288034504,0.2805228094421078,0.14213414255858844,0.21192039976386545,0.07234788535331065,0.2817066569691431,0.07234788535331065,0.21192039976386556,0.07234788535331062,0.2817066569691422,0.07234788535331062,0.2817066569691422,0.14213414255858844,0.2817066569691431,0.07234788535331065,0.21192039976386556,0.07234788535331062,0.1421341425585885
0.6835558091347652,0.2809208001116616,0.3445938865878032,0.21192039976386556,0.28092080011166176,0.2101446284733139,0.27914502882111014,0.41359428693559896,0.21369617105441713,0.2101446284733139,0.2791450288211101,0.21192039976386545,0.14469577070662112,0.3463696578783548,0.1464715419971728,0.2101446284733139,0.21192039976386545,0.21369617105441713,0.27736925753055847,0.2791450288211101,0.21192039976386545,0.21192039976386545,0.14469577070662112,0.21192039976386556,0.21192039976386545,0.14469577070662112,0.27914502882111014,0.21192039976386545,0.2791450288211101,0.3463696578783548,0.21192039976386545,0.21192039976386545,0.27914502882111014,0.27914502882111014,0.21192039976386556,0.2791450288211101,0.21192039976386545,0.2791450288211101,0.21192039976386545,0.27914502882111003,0.21192039976386556,0.27914502882111014,0.21192039976386545,0.21192039976386545,0.14469577070662107,0.34636965787835583,0.2791450288211101,0.2791450288211101,0.2791450288211101,0.21192039976386545,0.3463696578783548,0.28092080011166265,0.4790431447022912,0.1464715419971728,0.4118185156450485,0.3463696578783557,0.41359428693559896,0.14469577070662112,0.28092080011166176,0.4118185156450485,0.21192039976386545,0.21192039976386545,0.27914502882111014,0.2791450288211101,0.2791450288211101,0.14469577070662112,0.14469577070662107,0.21192039976386545,0.21192039976386556,0.3463696578783549,0.2791450288211101,0.3463696578783549,0.1464715419971728,0.27736925753055836,0.2791450288211101,0.27914502882111014,0.3463696578783549,0.21192039976386545,0.3481454291689074,0.3445938865878032,0.2791450288211102,0.41359428693559874,0.14469577070662112,0.3463696578783549,0.14469577070662112,0.21192039976386545,0.3463696578783549,0.21192039976386545,0.21192039976386545,0.2791450288211101,0.2791450288211101,0.27914502882111014,0.21192039976386545,0.21192039976386545,0.21192039976386545,0.346369657878355,0.21192039976386545,0.2119203997638662,0.2791450288211101,0.21192039976386545,0.21192039976386615,0.27914502882111014,0.21192039976386545,0.21192039976386545,0.3463696578783548,0.21192039976386545,0.2791450288211101,0.1464715419971728,0.3445938865878032,0.21192039976386545,0.27914502882111014,0.14469577070662112,0.34636965787835583,0.14469577070662112,0.2791450288211101,0.14469577070662112,0.3463696578783549,0.14469577070662112,0.3463696578783549,0.21192039976386545,0.34636965787835583,0.14469577070662112,0.2791450288211101,0.14469577070662112,0.21192039976386556
0.6835558091347664,0.28092080011166254,0.34459388658780327,0.21192039976386615,0.28092080011166254,0.2101446284733145,0.2791450288211109,0.41359428693559896,0.21369617105441777,0.2101446284733145,0.2791450288211109,0.21192039976386615,0.14469577070662107,0.3463696578783548,0.14647154199717274,0.2101446284733145,0.21192039976386615,0.21369617105441777,0.27736925753055935,0.279145028821111,0.2119203997638661,0.2119203997638661,0.14469577070662107,0.2119203997638661,0.21192039976386615,0.14469577070662112,0.2791450288211109,0.2119203997638661,0.2791450288211109,0.3463696578783548,0.2119203997638661,0.2119203997638661,0.2791450288211109,0.2791450288211109,0.2119203997638662,0.279145028821111,0.2119203997638661,0.279145028821111,0.21192039976386615,0.2791450288211109,0.2119203997638661,0.2791450288211109,0.21192039976386598,0.2119203997638661,0.14469577070662107,0.3463696578783557,0.279145028821111,0.279145028821111,0.279145028821111,0.21192039976386615,0.3463696578783548,0.2809208001116629,0.4790431447022913,0.14647154199717274,0.4118185156450484,0.3463696578783557,0.41359428693559896,0.14469577070662107,0.2809208001116626,0.4118185156450484,0.21192039976386615,0.21192039976386615,0.2791450288211109,0.2791450288211109,0.279145028821111,0.14469577070662107,0.14469577070662107,0.21192039976386615,0.2119203997638662,0.3463696578783549,0.279145028821111,0.3463696578783549,0.1464715419971728,0.2773692575305592,0.279145028821111,0.27914502882111086,0.3463696578783549,0.2119203997638661,0.3481454291689074,0.34459388658780327,0.27914502882111086,0.41359428693559885,0.14469577070662107,0.3463696578783549,0.14469577070662107,0.21192039976386615,0.346369657878355,0.2119203997638661,0.21192039976386615,0.279145028821111,0.27914502882111086,0.279145028821111,0.21192039976386615,0.2119203997638661,0.21192039976386615,0.346369657878355,0.21192039976386598,0.2119203997638662,0.279145028821111,0.21192039976386615,0.2119203997638663,0.279145028821111,0.21192039976386615,0.2119203997638661,0.3463696578783548,0.21192039976386615,0.27914502882111086,0.14647154199717274,0.34459388658780327,0.21192039976386615,0.2791450288211109,0.14469577070662107,0.3463696578783557,0.14469577070662107,0.2791450288211109,0.14469577070662107,0.346369657878355,0.14469577070662112,0.3463696578783549,0.2119203997638661,0.3463696578783557,0.14469577070662107,0.2791450288211109,0.14469577070662107,0.21192039976386615
0.6835558091347665,0.2809208001116627,0.3445938865878035,0.2119203997638663,0.2809208001116627,0.21014462847331478,0.27914502882111114,0.41359428693559996,0.21369617105441804,0.21014462847331486,0.2791450288211111,0.21192039976386637,0.14469577070662107,0.3463696578783551,0.14647154199717274,0.21014462847331472,0.21192039976386637,0.21369617105441793,0.27736925753055947,0.2791450288211112,0.2119203997638663,0.21192039976386637,0.14469577070662107,0.2119203997638663,0.21192039976386642,0.14469577070662112,0.2791450288211111,0.2119203997638663,0.27914502882111114,0.346369657878355,0.21192039976386637,0.21192039976386637,0.2791450288211111,0.27914502882111114,0.21192039976386637,0.2791450288211112,0.21192039976386637,0.27914502882111114,0.21192039976386637,0.27914502882111114,0.2119203997638663,0.27914502882111114,0.2119203997638663,0.21192039976386637,0.14469577070662107,0.34636965787835583,0.2791450288211112,0.2791450288211112,0.2791450288211112,0.21192039976386637,0.3463696578783551,0.28092080011166287,0.47904314470229276,0.14647154199717274,0.41181851564504907,0.34636965787835583,0.41359428693559996,0.14469577070662112,0.2809208001116628,0.41181851564504884,0.21192039976386637,0.21192039976386637,0.27914502882111114,0.27914502882111114,0.27914502882111114,0.14469577070662107,0.14469577070662107,0.21192039976386637,0.21192039976386648,0.3463696578783551,0.2791450288211112,0.3463696578783551,0.1464715419971728,0.27736925753055935,0.27914502882111114,0.2791450288211111,0.3463696578783551,0.21192039976386637,0.3481454291689075,0.3445938865878036,0.2791450288211111,0.41359428693559974,0.14469577070662112,0.3463696578783551,0.14469577070662112,0.21192039976386637,0.3463696578783551,0.2119203997638663,0.21192039976386637,0.27914502882111114,0.279145028821111,0.2791450288211112,0.21192039976386637,0.21192039976386637,0.21192039976386637,0.3463696578783552,0.2119203997638663,0.21192039976386598,0.27914502882111114,0.21192039976386637,0.2119203997638661,0.27914502882111114,0.21192039976386637,0.2119203997638663,0.3463696578783551,0.21192039976386637,0.2791450288211111,0.1464715419971728,0.3445938865878035,0.21192039976386637,0.27914502882111114,0.14469577070662107,0.34636965787835583,0.14469577070662112,0.27914502882111114,0.14469577070662107,0.3463696578783551,0.14469577070662112,0.3463696578783551,0.2119203997638663,0.34636965787835583,0.14469577070662107,0.27914502882111114,0.14469577070662112,0.21192039976386648
0.5791374181498767,0.1452876944701387,0.21645173229641398,0.07234788535331081,0.14528769447013865,0.07175596158979362,0.14469577070662146,0.2893915414132406,0.07293980911682801,0.07175596158979362,0.14469577070662146,0.07234788535331081,1.6417944711346214e-16,0.21704365605993117,0.0005919237635173776,0.07175596158979362,0.07234788535331085,0.07293980911682801,0.1441038469431042,0.14469577070662146,0.07234788535331081,0.07234788535331081,1.6417944711346214e-16,0.07234788535331081,0.07234788535331081,1.6417944711346214e-16,0.14469577070662146,0.07234788535331081,0.14469577070662146,0.21704365605993117,0.07234788535331081,0.07234788535331081,0.14469577070662146,0.14469577070662146,0.07234788535331081,0.14469577070662146,0.07234788535331081,0.14469577070662146,0.07234788535331081,0.14469577070662146,0.07234788535331081,0.14469577070662146,0.07234788535331081,0.07234788535331081,1.6417944711346214e-16,0.21704365605993162,0.14469577070662146,0.14469577070662146,0.14469577070662146,0.07234788535331081,0.21704365605993117,0.1452876944701387,0.3611475030030328,0.0005919237635173776,0.28879961764972417,0.21704365605993167,0.2893915414132406,1.6417944711346214e-16,0.14528769447013865,0.2887996176497242,0.07234788535331081,0.07234788535331081,0.14469577070662146,0.14469577070662146,0.14469577070662146,1.6417944711346214e-16,1.6417944711346214e-16,0.07234788535331081,0.07234788535331085,0.21704365605993117,0.14469577070662146,0.21704365605993117,0.0005919237635173503,0.1441038469431042,0.14469577070662146,0.14469577070662146,0.21704365605993117,0.07234788535331081,0.21763557982344892,0.21645173229641398,0.14469577070662146,0.2893915414132406,1.6417944711346214e-16,0.21704365605993117,1.6417944711346214e-16,0.07234788535331085,0.21704365605993117,0.07234788535331081,0.07234788535331081,0.14469577070662146,0.14469577070662146,0.14469577070662146,0.07234788535331085,0.07234788535331081,0.07234788535331081,0.21704365605993117,0.07234788535331081,0.07234788535331067,0.14469577070662146,0.07234788535331081,0.07234788535331067,0.14469577070662146,0.07234788535331081,0.07234788535331081,0.21704365605993117,0.07234788535331081,0.14469577070662146,0.0005919237635173503,0.21645173229641398,0.07234788535331081,0.14469577070662146,1.6417944711346214e-16,0.21704365605993162,1.6417944711346214e-16,0.14469577070662146,1.6417944711346214e-16,0.21704365605993117,1.6417944711346214e-16,0.21704365605993117,0.07234788535331081,0.21704365605993167,1.6417944711346214e-16,0.14469577070662146,1.6417944711346214e-16,0.07234788535331081
0.579137418149878,0.14903317014520578,0.21270625662134712,0.07234788535331065,0.14903317014520573,0.06801048591472621,0.14469577070662135,0.28939154141324197,0.07668528479189501,0.06801048591472621,0.14469577070662135,0.07234788535331065,2.7363241185577025e-17,0.21704365605993156,0.0043373994385844,0.06801048591472626,0.07234788535331062,0.07668528479189501,0.140358371268037,0.14469577070662135,0.07234788535331065,0.07234788535331065,5.472648237115405e-17,0.07234788535331065,0.07234788535331062,5.472648237115405e-17,0.14469577070662135,0.07234788535331067,0.14469577070662135,0.21704365605993156,0.07234788535331062,0.07234788535331062,0.14469577070662135,0.14469577070662135,0.07234788535331067,0.14469577070662135,0.07234788535331062,0.14469577070662135,0.07234788535331062,0.14469577070662135,0.07234788535331065,0.14469577070662135,0.07234788535331065,0.07234788535331062,5.472648237115405e-17,0.21704365605993173,0.14469577070662135,0.14469577070662135,0.14469577070662135,0.07234788535331065,0.21704365605993156,0.1490331701452055,0.35740202732796716,0.004337399438584455,0.2850541419746577,0.21704365605993173,0.28939154141324197,5.472648237115405e-17,0.14903317014520578,0.28505414197465784,0.07234788535331065,0.07234788535331065,0.14469577070662135,0.14469577070662135,0.14469577070662135,5.472648237115405e-17,5.472648237115405e-17,0.07234788535331065,0.07234788535331062,0.21704365605993162,0.14469577070662135,0.21704365605993162,0.004337399438584455,0.14035837126803694,0.14469577070662135,0.14469577070662135,0.21704365605993145,0.07234788535331062,0.22138105549851597,0.21270625662134712,0.14469577070662135,0.28939154141324197,5.472648237115405e-17,0.21704365605993156,5.472648237115405e-17,0.07234788535331056,0.21704365605993162,0.07234788535331065,0.07234788535331065,0.14469577070662135,0.14469577070662135,0.14469577070662135,0.07234788535331056,0.07234788535331062,0.07234788535331062,0.21704365605993156,0.07234788535331067,0.07234788535331048,0.14469577070662135,0.07234788535331065,0.0723478853533105,0.14469577070662135,0.07234788535331062,0.07234788535331062,0.21704365605993156,0.07234788535331062,0.14469577070662135,0.0043373994385844,0.21270625662134723,0.07234788535331062,0.14469577070662135,5.472648237115405e-17,0.21704365605993167,5.472648237115405e-17,0.14469577070662135,5.472648237115405e-17,0.21704365605993162,2.7363241185577025e-17,0.21704365605993162,0.07234788535331065,0.21704365605993162,5.472648237115405e-17,0.14469577070662135,5.472648237115405e-17,0.07234788535331065
0.6313466136423219,0.21497698512843408,0.27865007160457594,0.14213414255858856,0.21497698512843413,0.13907755719402057,0.21192039976386615,0.3514929141744207,0.14519072792315654,0.1390775571940205,0.21192039976386615,0.14213414255858856,0.07234788535331062,0.2817066569691438,0.07540447071787856,0.1390775571940205,0.1421341425585886,0.14519072792315654,0.20886381439929813,0.2119203997638661,0.14213414255858856,0.14213414255858856,0.07234788535331062,0.14213414255858856,0.14213414255858856,0.07234788535331065,0.21192039976386615,0.14213414255858856,0.2119203997638661,0.28170665696914376,0.14213414255858856,0.14213414255858856,0.21192039976386615,0.21192039976386615,0.14213414255858856,0.2119203997638661,0.14213414255858856,0.21192039976386615,0.14213414255858856,0.21192039976386598,0.14213414255858856,0.21192039976386615,0.14213414255858856,0.14213414255858856,0.07234788535331062,0.2817066569691442,0.21192039976386615,0.2119203997638661,0.2119203997638661,0.14213414255858856,0.2817066569691438,0.21497698512843436,0.41822258601512907,0.07540447071787865,0.3484363288098534,0.2817066569691442,0.3514929141744206,0.07234788535331065,0.21497698512843413,0.34843632880985326,0.14213414255858856,0.14213414255858856,0.21192039976386615,0.2119203997638661,0.21192039976386615,0.07234788535331062,0.07234788535331062,0.14213414255858856,0.1421341425585886,0.28170665696914393,0.2119203997638661,0.28170665696914393,0.07540447071787859,0.20886381439929808,0.21192039976386615,0.21192039976386615,0.28170665696914393,0.14213414255858856,0.28476324233371225,0.27865007160457594,0.2119203997638662,0.35149291417442047,0.07234788535331062,0.28170665696914393,0.07234788535331062,0.14213414255858856,0.28170665696914393,0.14213414255858856,0.14213414255858856,0.21192039976386615,0.2119203997638661,0.21192039976386615,0.14213414255858856,0.14213414255858856,0.14213414255858856,0.281706656969144,0.14213414255858856,0.14213414255858828,0.2119203997638661,0.14213414255858856,0.14213414255858833,0.21192039976386615,0.14213414255858856,0.14213414255858856,0.2817066569691438,0.14213414255858856,0.2119203997638661,0.07540447071787865,0.27865007160457594,0.14213414255858856,0.21192039976386615,0.07234788535331062,0.2817066569691442,0.07234788535331062,0.2119203997638661,0.07234788535331056,0.28170665696914393,0.07234788535331065,0.28170665696914393,0.14213414255858856,0.28170665696914426,0.07234788535331062,0.21192039976386598,0.07234788535331056,0.1421341425585886
0.6313466136423209,0.2131042472909002,0.28052280944210806,0.14213414255858867,0.2131042472909003,0.14095029503155423,0.21192039976386584,0.35149291417441914,0.1433179900856231,0.14095029503155423,0.21192039976386573,0.14213414255858867,0.07234788535331073,0.28170665696914243,0.07353173288034512,0.14095029503155423,0.1421341425585886,0.1433179900856231,0.2107365522368314,0.21192039976386584,0.14213414255858867,0.14213414255858872,0.07234788535331073,0.14213414255858867,0.1421341425585886,0.07234788535331073,0.21192039976386573,0.14213414255858872,0.21192039976386584,0.2817066569691425,0.1421341425585886,0.1421341425585886,0.21192039976386573,0.21192039976386584,0.14213414255858867,0.21192039976386584,0.1421341425585886,0.21192039976386573,0.1421341425585886,0.21192039976386584,0.14213414255858872,0.21192039976386584,0.14213414255858867,0.14213414255858867,0.07234788535331073,0.2817066569691433,0.21192039976386573,0.21192039976386584,0.21192039976386584,0.14213414255858867,0.2817066569691425,0.21310424729090063,0.4200953238526614,0.07353173288034512,0.35030906664738587,0.28170665696914343,0.35149291417441914,0.07234788535331076,0.2131042472909003,0.350309066647386,0.14213414255858867,0.14213414255858867,0.21192039976386584,0.21192039976386584,0.21192039976386584,0.07234788535331073,0.07234788535331073,0.14213414255858867,0.1421341425585886,0.28170665696914243,0.21192039976386584,0.2817066569691425,0.07353173288034515,0.2107365522368314,0.21192039976386573,0.21192039976386584,0.28170665696914243,0.14213414255858867,0.2828905044961778,0.28052280944210806,0.21192039976386584,0.35149291417441914,0.07234788535331073,0.28170665696914243,0.07234788535331076,0.1421341425585886,0.28170665696914243,0.14213414255858867,0.14213414255858867,0.21192039976386573,0.21192039976386584,0.21192039976386584,0.1421341425585886,0.1421341425585886,0.1421341425585886,0.28170665696914243,0.14213414255858872,0.14213414255858856,0.21192039976386573,0.1421341425585886,0.14213414255858856,0.21192039976386573,0.1421341425585886,0.14213414255858867,0.2817066569691425,0.1421341425585886,0.21192039976386584,0.07353173288034512,0.280522809442108,0.1421341425585886,0.21192039976386584,0.07234788535331073,0.2817066569691433,0.07234788535331076,0.21192039976386584,0.07234788535331073,0.2817066569691425,0.07234788535331073,0.2817066569691425,0.14213414255858867,0.2817066569691433,0.07234788535331073,0.21192039976386584,0.07234788535331076,0.14213414255858867
0.7357650046272097,0.3524828286074907,0.4049194880584301,0.28170665696914293,0.3524828286074908,0.27559348624000696,0.3463696578783549,0.47569565969677774,0.2878198276982791,0.275593486240007,0.3463696578783548,0.28170665696914293,0.21704365605993098,0.411032658787566,0.22315682678906698,0.2755934862400069,0.28170665696914293,0.2878198276982789,0.3402564871492188,0.3463696578783549,0.2817066569691428,0.28170665696914293,0.21704365605993098,0.28170665696914293,0.28170665696914293,0.21704365605993106,0.3463696578783548,0.2817066569691428,0.3463696578783549,0.4110326587875661,0.28170665696914293,0.28170665696914293,0.3463696578783548,0.3463696578783548,0.2817066569691428,0.3463696578783549,0.28170665696914293,0.3463696578783549,0.28170665696914293,0.346369657878355,0.28170665696914293,0.3463696578783548,0.2817066569691428,0.28170665696914293,0.21704365605993098,0.41103265878756745,0.3463696578783549,0.3463696578783549,0.3463696578783549,0.28170665696914293,0.411032658787566,0.3524828286074918,0.5342454898768534,0.22315682678906704,0.4695824889676432,0.41103265878756745,0.47569565969677774,0.21704365605993092,0.3524828286074908,0.4695824889676431,0.28170665696914293,0.28170665696914293,0.3463696578783548,0.3463696578783549,0.3463696578783549,0.21704365605993098,0.21704365605993098,0.281706656969143,0.281706656969143,0.4110326587875661,0.346369657878355,0.4110326587875661,0.22315682678906698,0.34025648714921863,0.3463696578783549,0.3463696578783548,0.4110326587875661,0.281706656969143,0.41714582951670354,0.4049194880584302,0.3463696578783548,0.47569565969677763,0.21704365605993098,0.4110326587875661,0.21704365605993098,0.28170665696914293,0.4110326587875661,0.28170665696914293,0.28170665696914293,0.3463696578783549,0.3463696578783548,0.3463696578783549,0.28170665696914293,0.28170665696914293,0.28170665696914293,0.41103265878756623,0.2817066569691428,0.28170665696914404,0.3463696578783549,0.2817066569691428,0.2817066569691441,0.3463696578783549,0.28170665696914293,0.28170665696914293,0.411032658787566,0.28170665696914293,0.3463696578783548,0.22315682678906698,0.4049194880584302,0.28170665696914293,0.3463696578783548,0.21704365605993098,0.41103265878756756,0.21704365605993098,0.3463696578783548,0.21704365605993098,0.4110326587875661,0.21704365605993106,0.4110326587875661,0.2817066569691428,0.41103265878756745,0.21704365605993098,0.3463696578783548,0.21704365605993098,0.28170665696914304
0.6835558091347671,0.2809208001116624,0.3445938865878034,0.21192039976386584,0.28092080011166254,0.21014462847331417,0.27914502882111086,0.41359428693559996,0.21369617105441738,0.21014462847331417,0.2791450288211108,0.21192039976386573,0.14469577070662107,0.3463696578783549,0.14647154199717263,0.21014462847331417,0.21192039976386573,0.21369617105441738,0.27736925753055913,0.2791450288211109,0.21192039976386573,0.21192039976386567,0.144695770706621,0.21192039976386567,0.21192039976386573,0.14469577070662107,0.27914502882111086,0.21192039976386573,0.27914502882111086,0.346369657878355,0.21192039976386573,0.21192039976386573,0.2791450288211108,0.2791450288211108,0.21192039976386584,0.2791450288211109,0.21192039976386573,0.27914502882111086,0.21192039976386573,0.27914502882111086,0.21192039976386567,0.27914502882111086,0.21192039976386567,0.21192039976386573,0.144695770706621,0.3463696578783557,0.2791450288211109,0.2791450288211109,0.2791450288211109,0.21192039976386573,0.346369657878355,0.2809208001116627,0.47904314470229264,0.1464715419971727,0.41181851564504907,0.3463696578783557,0.41359428693559996,0.144695770706621,0.28092080011166254,0.41181851564504895,0.21192039976386573,0.21192039976386573,0.27914502882111086,0.27914502882111086,0.2791450288211109,0.144695770706621,0.144695770706621,0.21192039976386573,0.2119203997638659,0.346369657878355,0.2791450288211109,0.3463696578783551,0.1464715419971727,0.27736925753055913,0.27914502882111086,0.2791450288211108,0.346369657878355,0.21192039976386573,0.3481454291689073,0.3445938865878034,0.2791450288211107,0.41359428693559985,0.144695770706621,0.3463696578783551,0.144695770706621,0.21192039976386573,0.346369657878355,0.21192039976386573,0.21192039976386573,0.27914502882111086,0.2791450288211108,0.27914502882111086,0.21192039976386573,0.21192039976386573,0.21192039976386573,0.3463696578783551,0.21192039976386567,0.21192039976386615,0.2791450288211109,0.21192039976386573,0.2119203997638662,0.2791450288211108,0.21192039976386573,0.21192039976386573,0.346369657878355,0.21192039976386573,0.27914502882111086,0.14647154199717263,0.3445938865878034,0.21192039976386573,0.27914502882111086,0.144695770706621,0.3463696578783557,0.144695770706621,0.2791450288211108,0.144695770706621,0.346369657878355,0.14469577070662107,0.3463696578783551,0.21192039976386567,0.34636965787835555,0.144695770706621,0.27914502882111086,0.14469577070662107,0.21192039976386584
0.7357650046272107,0.34873735293242425,0.4086649637334988,0.28170665696914354,0.34873735293242447,0.2793389619150746,0.3463696578783556,0.47569565969677907,0.2840743520232123,0.2793389619150746,0.3463696578783557,0.28170665696914354,0.2170436560599314,0.41103265878756756,0.2194113511140002,0.27933896191507473,0.2817066569691435,0.28407435202321224,0.3440019628242869,0.3463696578783557,0.2817066569691435,0.28170665696914354,0.21704365605993134,0.28170665696914343,0.28170665696914343,0.2170436560599314,0.3463696578783557,0.2817066569691435,0.34636965787835555,0.41103265878756745,0.28170665696914354,0.28170665696914354,0.3463696578783556,0.3463696578783557,0.28170665696914354,0.3463696578783557,0.2817066569691435,0.3463696578783557,0.2817066569691435,0.3463696578783556,0.28170665696914354,0.3463696578783557,0.2817066569691435,0.28170665696914354,0.21704365605993134,0.41103265878756834,0.3463696578783557,0.3463696578783557,0.3463696578783557,0.28170665696914354,0.41103265878756756,0.348737352932425,0.5379909655519213,0.2194113511140002,0.47332796464271115,0.41103265878756834,0.47569565969677907,0.21704365605993134,0.34873735293242447,0.4733279646427111,0.28170665696914354,0.28170665696914354,0.3463696578783557,0.3463696578783556,0.3463696578783557,0.21704365605993134,0.21704365605993134,0.2817066569691435,0.28170665696914343,0.4110326587875677,0.3463696578783557,0.4110326587875677,0.2194113511140002,0.3440019628242867,0.3463696578783557,0.3463696578783557,0.4110326587875677,0.2817066569691435,0.4134003538416372,0.4086649637334988,0.3463696578783556,0.47569565969677885,0.21704365605993134,0.4110326587875677,0.21704365605993134,0.2817066569691435,0.4110326587875677,0.2817066569691435,0.28170665696914354,0.3463696578783556,0.34636965787835555,0.3463696578783557,0.2817066569691435,0.28170665696914354,0.28170665696914354,0.4110326587875678,0.2817066569691435,0.28170665696914404,0.3463696578783557,0.28170665696914354,0.281706656969144,0.34636965787835583,0.2817066569691435,0.2817066569691435,0.41103265878756756,0.28170665696914354,0.34636965787835555,0.2194113511140002,0.4086649637334988,0.28170665696914343,0.3463696578783557,0.21704365605993134,0.41103265878756834,0.21704365605993134,0.34636965787835555,0.21704365605993134,0.4110326587875677,0.2170436560599314,0.4110326587875677,0.2817066569691435,0.41103265878756834,0.21704365605993134,0.34636965787835555,0.21704365605993134,0.2817066569691435
0.5957011590467338,0.1851101462748789,0.22010024142449938,0.07727720855541226,0.1869828841124123,0.0686024096782435,0.17268987172264305,0.2923511602308269,0.08969748310764816,0.059238720490575526,0.1483442798347066,0.07353173288034504,0.0024646616010508752,0.22315682678906765,0.014884936153286834,0.06111145832810911,0.07353173288034504,0.08969748310764825,0.13405126744493703,0.14647154199717294,0.07540447071787867,0.07353173288034512,0.0005919237635172956,0.0754044707178787,0.07353173288034504,0.004337399438584455,0.14647154199717294,0.07353173288034504,0.14647154199717294,0.22877504030166806,0.07353173288034509,0.07353173288034504,0.14647154199717294,0.146471541997173,0.07353173288034504,0.14647154199717294,0.07353173288034509,0.14647154199717294,0.07353173288034504,0.18018082307277716,0.07353173288034509,0.15583523118484094,0.07353173288034509,0.07353173288034509,0.000591923763517323,0.21941135111399987,0.14647154199717294,0.14647154199717294,0.14647154199717294,0.07353173288034509,0.2306477781392015,0.16076455438694234,0.3659798596581538,0.026121363178488313,0.28929457486625937,0.2250295646266007,0.2923511602308269,0.0024646616010509026,0.16451003006200973,0.2780581478410578,0.07353173288034509,0.07353173288034504,0.14647154199717294,0.14647154199717294,0.14647154199717294,0.0005919237635172956,0.004337399438584455,0.0754044707178787,0.07353173288034504,0.22315682678906765,0.14647154199717294,0.2194113511140001,0.026121363178488313,0.13779674312000414,0.14647154199717294,0.15208975550977372,0.21941135111400004,0.07353173288034509,0.23370436350376922,0.20699107656176435,0.14834427983470655,0.2923511602308274,0.0005919237635172956,0.21941135111400004,0.0005919237635172956,0.07353173288034504,0.2194113511140001,0.082895422068013,0.07353173288034504,0.15396249334730727,0.1502170176722401,0.14647154199717294,0.07353173288034504,0.07353173288034509,0.07353173288034504,0.21941135111400004,0.07353173288034509,0.07353173288034509,0.14647154199717294,0.07353173288034509,0.07353173288034509,0.14647154199717294,0.07353173288034504,0.07353173288034504,0.2194113511140001,0.07353173288034504,0.14834427983470655,0.014884936153286834,0.20511833872423074,0.07540447071787867,0.14647154199717294,0.0005919237635172956,0.2194113511140003,0.0005919237635172956,0.14647154199717294,0.000591923763517323,0.2194113511140001,0.0024646616010509026,0.2194113511140001,0.07353173288034509,0.2194113511140003,0.0005919237635172956,0.1483442798347066,0.006210137276118062,0.07727720855541231
0.6669920682379092,0.2579529888447238,0.32409073692191637,0.20699107656176408,0.25608025100719023,0.1964435398470619,0.2511509278050887,0.410634668118013,0.21379313760139923,0.20580722903472964,0.27549651969302535,0.2107365522368312,0.14223110910557032,0.34025648714921913,0.14903317014520545,0.20393449119719603,0.2107365522368312,0.21379313760139923,0.2705671964909238,0.2773692575305589,0.20886381439929763,0.2107365522368312,0.14410384694310394,0.2088638143992977,0.2107365522368312,0.14035837126803677,0.2773692575305589,0.2107365522368312,0.27736925753055885,0.3346382736366184,0.21073655223683113,0.2107365522368312,0.27736925753055885,0.2773692575305589,0.2107365522368312,0.27736925753055897,0.21073655223683113,0.27736925753055897,0.2107365522368312,0.2436599764549542,0.2107365522368312,0.268005568342891,0.2107365522368312,0.2107365522368312,0.14410384694310394,0.3440019628242872,0.2773692575305589,0.2773692575305589,0.2773692575305589,0.2107365522368312,0.3327655357990849,0.28229858073266123,0.45735614750936987,0.13779674312000403,0.39446891789071137,0.33838374931168635,0.41063466811801314,0.14223110910557032,0.27855310505759334,0.40570534491591265,0.2107365522368312,0.2107365522368312,0.2773692575305589,0.27736925753055885,0.2773692575305589,0.14410384694310394,0.14035837126803677,0.20886381439929763,0.21073655223683124,0.34025648714921924,0.2773692575305589,0.34400196282428636,0.13779674312000403,0.26682172081585653,0.27736925753055897,0.27175104401795824,0.3440019628242864,0.2107365522368312,0.3489312860263887,0.3371999017846512,0.2754965196930253,0.410634668118013,0.14410384694310394,0.34400196282428636,0.14410384694310394,0.2107365522368312,0.34400196282428636,0.20137286304916344,0.2107365522368312,0.2698783061804245,0.27362378185549174,0.2773692575305589,0.2107365522368312,0.21073655223683113,0.2107365522368312,0.3440019628242864,0.2107365522368312,0.21073655223683188,0.27736925753055897,0.2107365522368312,0.21073655223683188,0.2773692575305589,0.2107365522368312,0.2107365522368312,0.34400196282428624,0.2107365522368312,0.2754965196930253,0.14903317014520545,0.33907263962218476,0.20886381439929763,0.27736925753055885,0.14410384694310394,0.34400196282428724,0.14410384694310394,0.27736925753055874,0.14410384694310394,0.34400196282428636,0.14223110910557038,0.34400196282428636,0.2107365522368312,0.3440019628242872,0.14410384694310394,0.2754965196930252,0.1384856334305032,0.20699107656176413
0.6835558091347657,0.2809208001116622,0.3445938865878035,0.21192039976386573,0.2809208001116622,0.2101446284733141,0.27914502882111064,0.4135942869355992,0.21369617105441732,0.210144628473314,0.27914502882111064,0.21192039976386567,0.14469577070662118,0.346369657878355,0.1464715419971728,0.210144628473314,0.21192039976386567,0.21369617105441732,0.27736925753055897,0.2791450288211107,0.21192039976386567,0.21192039976386567,0.14469577070662112,0.21192039976386567,0.21192039976386562,0.14469577070662112,0.27914502882111064,0.21192039976386567,0.27914502882111064,0.346369657878355,0.21192039976386567,0.21192039976386567,0.2791450288211106,0.27914502882111064,0.21192039976386567,0.2791450288211107,0.21192039976386567,0.27914502882111064,0.21192039976386562,0.2791450288211107,0.21192039976386573,0.27914502882111064,0.21192039976386567,0.21192039976386567,0.14469577070662112,0.34636965787835594,0.2791450288211107,0.2791450288211107,0.2791450288211107,0.21192039976386567,0.3463696578783551,0.28092080011166287,0.4790431447022914,0.1464715419971728,0.4118185156450485,0.34636965787835583,0.4135942869355992,0.14469577070662112,0.28092080011166237,0.4118185156450485,0.21192039976386567,0.21192039976386567,0.27914502882111064,0.27914502882111064,0.2791450288211107,0.14469577070662112,0.14469577070662112,0.21192039976386567,0.21192039976386567,0.3463696578783551,0.2791450288211107,0.3463696578783551,0.1464715419971728,0.27736925753055897,0.27914502882111064,0.27914502882111064,0.3463696578783551,0.21192039976386567,0.3481454291689075,0.3445938865878035,0.2791450288211106,0.4135942869355991,0.14469577070662112,0.3463696578783551,0.14469577070662112,0.21192039976386562,0.3463696578783551,0.21192039976386567,0.21192039976386567,0.27914502882111064,0.27914502882111064,0.2791450288211107,0.21192039976386562,0.21192039976386567,0.21192039976386562,0.3463696578783552,0.21192039976386567,0.2119203997638662,0.2791450288211107,0.21192039976386567,0.2119203997638662,0.27914502882111064,0.21192039976386567,0.21192039976386567,0.3463696578783551,0.21192039976386562,0.2791450288211106,0.1464715419971728,0.34459388658780343,0.21192039976386567,0.27914502882111064,0.14469577070662112,0.34636965787835594,0.14469577070662112,0.27914502882111064,0.14469577070662112,0.3463696578783551,0.14469577070662112,0.3463696578783551,0.21192039976386573,0.34636965787835583,0.14469577070662112,0.27914502882111064,0.14469577070662112,0.21192039976386567
0.6835558091347664,0.2865390136242629,0.33897567307520277,0.21192039976386567,0.2865390136242628,0.20452641496071328,0.2791450288211106,0.41359428693559896,0.21931438456701804,0.20452641496071322,0.27914502882111064,0.21192039976386567,0.14469577070662107,0.346369657878355,0.15208975550977344,0.20452641496071328,0.21192039976386567,0.21931438456701804,0.2717510440179583,0.27914502882111064,0.21192039976386567,0.21192039976386562,0.14469577070662107,0.21192039976386562,0.21192039976386567,0.14469577070662112,0.27914502882111064,0.21192039976386573,0.27914502882111064,0.3463696578783549,0.21192039976386562,0.21192039976386567,0.27914502882111064,0.27914502882111064,0.21192039976386584,0.2791450288211107,0.21192039976386562,0.2791450288211107,0.21192039976386567,0.2791450288211106,0.21192039976386567,0.27914502882111064,0.21192039976386567,0.21192039976386567,0.14469577070662107,0.3463696578783557,0.27914502882111064,0.27914502882111064,0.27914502882111064,0.21192039976386567,0.346369657878355,0.2865390136242636,0.4734249311896908,0.1520897555097735,0.4062003021324478,0.3463696578783557,0.41359428693559896,0.14469577070662112,0.28653901362426304,0.4062003021324477,0.21192039976386567,0.21192039976386567,0.27914502882111064,0.27914502882111064,0.2791450288211107,0.14469577070662107,0.14469577070662107,0.21192039976386562,0.21192039976386567,0.3463696578783551,0.27914502882111064,0.346369657878355,0.1520897555097735,0.27175104401795824,0.2791450288211107,0.2791450288211107,0.346369657878355,0.21192039976386562,0.353763642681508,0.33897567307520277,0.2791450288211106,0.41359428693559896,0.14469577070662107,0.346369657878355,0.14469577070662107,0.21192039976386567,0.346369657878355,0.21192039976386562,0.21192039976386567,0.27914502882111064,0.2791450288211106,0.2791450288211107,0.21192039976386562,0.21192039976386562,0.21192039976386567,0.346369657878355,0.21192039976386562,0.2119203997638661,0.2791450288211107,0.21192039976386567,0.2119203997638661,0.2791450288211107,0.21192039976386567,0.21192039976386573,0.346369657878355,0.21192039976386567,0.2791450288211106,0.1520897555097735,0.3389756730752027,0.21192039976386567,0.27914502882111064,0.14469577070662107,0.3463696578783557,0.14469577070662107,0.2791450288211106,0.14469577070662107,0.346369657878355,0.14469577070662112,0.346369657878355,0.21192039976386567,0.34636965787835583,0.14469577070662107,0.2791450288211106,0.14469577070662107,0.21192039976386573
0.7357650046272114,0.3487373529324247,0.4086649637334988,0.2817066569691437,0.3487373529324248,0.2793389619150748,0.34636965787835594,0.47569565969677957,0.28407435202321246,0.27933896191507485,0.34636965787835594,0.28170665696914376,0.21704365605993156,0.41103265878756756,0.21941135111400037,0.27933896191507485,0.2817066569691437,0.2840743520232124,0.3440019628242872,0.34636965787835605,0.2817066569691437,0.2817066569691437,0.21704365605993156,0.28170665696914354,0.2817066569691437,0.21704365605993156,0.34636965787835594,0.28170665696914376,0.34636965787835594,0.41103265878756745,0.2817066569691437,0.28170665696914376,0.34636965787835594,0.34636965787835605,0.28170665696914376,0.34636965787835605,0.2817066569691437,0.34636965787835616,0.2817066569691437,0.34636965787835605,0.2817066569691437,0.34636965787835605,0.2817066569691437,0.28170665696914376,0.21704365605993156,0.41103265878756834,0.34636965787835605,0.34636965787835605,0.34636965787835605,0.2817066569691437,0.41103265878756756,0.34873735293242514,0.5379909655519225,0.21941135111400042,0.4733279646427115,0.41103265878756834,0.47569565969677946,0.21704365605993156,0.3487373529324249,0.47332796464271126,0.28170665696914376,0.28170665696914376,0.34636965787835594,0.34636965787835605,0.34636965787835605,0.21704365605993156,0.21704365605993156,0.2817066569691436,0.2817066569691437,0.4110326587875677,0.34636965787835605,0.4110326587875677,0.21941135111400042,0.344001962824287,0.34636965787835616,0.34636965787835605,0.4110326587875677,0.2817066569691437,0.4134003538416372,0.4086649637334988,0.34636965787835583,0.4756956596967793,0.21704365605993156,0.4110326587875677,0.21704365605993156,0.28170665696914376,0.4110326587875677,0.2817066569691436,0.28170665696914376,0.34636965787835605,0.34636965787835594,0.34636965787835616,0.28170665696914376,0.2817066569691437,0.28170665696914376,0.4110326587875678,0.2817066569691436,0.281706656969144,0.34636965787835605,0.2817066569691437,0.28170665696914393,0.34636965787835616,0.2817066569691437,0.28170665696914376,0.41103265878756756,0.28170665696914376,0.34636965787835583,0.21941135111400037,0.4086649637334988,0.2817066569691437,0.34636965787835605,0.21704365605993156,0.41103265878756834,0.21704365605993156,0.34636965787835594,0.21704365605993156,0.4110326587875677,0.21704365605993162,0.4110326587875677,0.2817066569691436,0.41103265878756834,0.21704365605993156,0.34636965787835594,0.21704365605993156,0.2817066569691437
0.6313466136423219,0.21310424729090052,0.28052280944210956,0.1421341425585886,0.21310424729090058,0.14095029503155418,0.21192039976386615,0.35149291417442075,0.143317990085623,0.14095029503155412,0.21192039976386615,0.14213414255858856,0.07234788535331067,0.281706656969144,0.07353173288034501,0.14095029503155412,0.1421341425585886,0.143317990085623,0.21073655223683174,0.21192039976386615,0.14213414255858856,0.14213414255858856,0.07234788535331065,0.14213414255858856,0.14213414255858856,0.07234788535331065,0.21192039976386615,0.14213414255858856,0.21192039976386615,0.2817066569691438,0.14213414255858856,0.14213414255858856,0.2119203997638662,0.2119203997638662,0.1421341425585886,0.21192039976386615,0.14213414255858856,0.2119203997638662,0.14213414255858856,0.2119203997638661,0.1421341425585886,0.2119203997638662,0.1421341425585886,0.14213414255858856,0.07234788535331062,0.2817066569691442,0.21192039976386615,0.21192039976386615,0.2119203997638661,0.14213414255858856,0.281706656969144,0.2131042472909008,0.4200953238526627,0.07353173288034504,0.35030906664738704,0.2817066569691442,0.3514929141744207,0.07234788535331065,0.21310424729090063,0.3503090666473868,0.14213414255858856,0.14213414255858856,0.21192039976386615,0.21192039976386615,0.21192039976386615,0.07234788535331065,0.07234788535331062,0.14213414255858856,0.1421341425585886,0.281706656969144,0.21192039976386615,0.281706656969144,0.07353173288034504,0.2107365522368317,0.2119203997638662,0.2119203997638662,0.281706656969144,0.14213414255858856,0.2828905044961787,0.28052280944210956,0.2119203997638663,0.3514929141744206,0.07234788535331065,0.281706656969144,0.07234788535331065,0.14213414255858856,0.281706656969144,0.14213414255858856,0.14213414255858856,0.21192039976386615,0.21192039976386615,0.2119203997638662,0.14213414255858856,0.14213414255858856,0.14213414255858856,0.28170665696914404,0.14213414255858856,0.14213414255858822,0.21192039976386615,0.1421341425585886,0.14213414255858822,0.2119203997638662,0.14213414255858856,0.14213414255858856,0.28170665696914393,0.14213414255858856,0.21192039976386615,0.07353173288034509,0.28052280944210956,0.14213414255858856,0.2119203997638662,0.07234788535331065,0.28170665696914426,0.07234788535331065,0.21192039976386615,0.07234788535331062,0.281706656969144,0.07234788535331065,0.281706656969144,0.1421341425585886,0.2817066569691443,0.07234788535331065,0.2119203997638661,0.07234788535331065,0.1421341425585886
0.7523287455240679,0.37732337771196406,0.42354989988678604,0.2866359801712456,0.3791961155494978,0.2874218370287266,0.3743637588943781,0.47865527851436673,0.2895955989888315,0.2780581478410587,0.35001816700644145,0.2828905044961784,0.21950831766098225,0.4171458295167042,0.22246793647856836,0.27993088567859226,0.2828905044961784,0.2895955989888314,0.3451858103513219,0.34814542916890817,0.28476324233371186,0.2828905044961783,0.2176355798234487,0.28476324233371175,0.2828905044961783,0.22138105549851592,0.34814542916890795,0.2828905044961783,0.34814542916890795,0.42276404302930465,0.2828905044961784,0.2828905044961784,0.34814542916890795,0.34814542916890806,0.2828905044961784,0.34814542916890806,0.2828905044961784,0.34814542916890817,0.2828905044961783,0.38185471024451256,0.2828905044961783,0.357509118356576,0.2828905044961783,0.2828905044961784,0.2176355798234487,0.4134003538416376,0.34814542916890817,0.34814542916890817,0.34814542916890806,0.2828905044961784,0.42463678086683837,0.3529777858240277,0.554059749232244,0.23370436350376989,0.48505934888444896,0.4190185673542382,0.47865527851436673,0.2195083176609822,0.35672326149909483,0.4738229218592473,0.2828905044961784,0.2828905044961784,0.34814542916890795,0.34814542916890795,0.34814542916890817,0.2176355798234487,0.2213810554985158,0.28476324233371186,0.2828905044961784,0.41714582951670437,0.34814542916890806,0.4134003538416372,0.23370436350376989,0.3489312860263888,0.34814542916890817,0.35376364268150867,0.4134003538416371,0.2828905044961784,0.41823271049675703,0.41044073502405093,0.35001816700644134,0.4786552785143664,0.2176355798234487,0.4134003538416372,0.2176355798234487,0.2828905044961784,0.4134003538416372,0.29225419368384625,0.2828905044961784,0.3556363805190424,0.35189090484397506,0.34814542916890817,0.2828905044961784,0.2828905044961784,0.2828905044961784,0.4134003538416373,0.28289050449617825,0.2828905044961783,0.34814542916890806,0.2828905044961783,0.2828905044961783,0.34814542916890817,0.2828905044961783,0.2828905044961783,0.413400353841637,0.2828905044961784,0.35001816700644145,0.22246793647856836,0.40856799718651754,0.28476324233371186,0.34814542916890795,0.2176355798234487,0.41340035384163754,0.2176355798234487,0.34814542916890795,0.2176355798234487,0.4134003538416372,0.21950831766098236,0.4134003538416372,0.28289050449617825,0.4134003538416374,0.2176355798234487,0.35001816700644145,0.22325379333604936,0.2866359801712454
0.7192012637303542,0.3220240659904187,0.3919072897426773,0.2767773337670421,0.3201513281528852,0.2693833489638898,0.31837555686233354,0.4727360408791926,0.28042584289512723,0.27874703815155755,0.34272114875026966,0.2805228094421093,0.21457899445888082,0.40491948805843053,0.2182275035869661,0.276874300314024,0.2805228094421092,0.2804258428951272,0.3409453774597181,0.3445938865878034,0.27865007160457567,0.2805228094421093,0.21645173229641443,0.27865007160457567,0.2805228094421092,0.21270625662134723,0.34459388658780327,0.2805228094421092,0.34459388658780327,0.3993012745458297,0.2805228094421093,0.2805228094421093,0.3445938865878032,0.34459388658780327,0.2805228094421092,0.3445938865878034,0.2805228094421093,0.3445938865878034,0.2805228094421092,0.3108846055121995,0.2805228094421092,0.3352301974001355,0.2805228094421092,0.2805228094421093,0.21645173229641443,0.40866496373349914,0.3445938865878034,0.3445938865878034,0.3445938865878034,0.2805228094421093,0.3974285367082962,0.34636965787835605,0.5200494440340664,0.20699107656176458,0.45972384256344057,0.4030467502208983,0.47273604087919247,0.21457899445888076,0.34262418220328783,0.4709602695886421,0.2805228094421093,0.2805228094421093,0.3445938865878032,0.34459388658780327,0.3445938865878034,0.21645173229641443,0.21270625662134723,0.27865007160457567,0.2805228094421091,0.40491948805843053,0.3445938865878034,0.4086649637334977,0.20699107656176452,0.33719990178465087,0.34459388658780327,0.33897567307520254,0.4086649637334977,0.2805228094421093,0.4104407350240506,0.40501645460541247,0.3427211487502696,0.47273604087919235,0.21645173229641437,0.4086649637334977,0.21645173229641437,0.2805228094421093,0.4086649637334977,0.27115912025444144,0.2805228094421093,0.33710293523766904,0.3408484109127361,0.34459388658780327,0.2805228094421093,0.2805228094421093,0.2805228094421093,0.4086649637334978,0.2805228094421092,0.28052280944210983,0.3445938865878034,0.2805228094421092,0.2805228094421098,0.34459388658780327,0.2805228094421092,0.2805228094421092,0.4086649637334976,0.2805228094421093,0.34272114875026966,0.21822750358696605,0.4068891924429462,0.27865007160457567,0.34459388658780327,0.21645173229641437,0.40866496373349903,0.21645173229641437,0.34459388658780327,0.21645173229641443,0.4086649637334977,0.21457899445888087,0.4086649637334977,0.2805228094421091,0.4086649637334989,0.21645173229641437,0.34272114875026966,0.21083351878381368,0.276777333767042
0.6835558091347654,0.2827935379491949,0.34272114875026904,0.21192039976386562,0.28279353794919493,0.2082718906357804,0.2791450288211096,0.41359428693559885,0.21556890889195066,0.20827189063578033,0.2791450288211096,0.21192039976386556,0.14469577070662112,0.34636965787835433,0.14834427983470633,0.2082718906357804,0.21192039976386556,0.21556890889195066,0.2754965196930244,0.2791450288211096,0.21192039976386556,0.21192039976386556,0.14469577070662112,0.21192039976386562,0.21192039976386545,0.14469577070662112,0.27914502882110953,0.21192039976386556,0.2791450288211096,0.3463696578783542,0.21192039976386556,0.21192039976386556,0.27914502882110964,0.2791450288211096,0.21192039976386556,0.2791450288211096,0.21192039976386556,0.27914502882110953,0.21192039976386545,0.2791450288211096,0.21192039976386562,0.2791450288211096,0.21192039976386556,0.21192039976386556,0.14469577070662112,0.34636965787835544,0.2791450288211096,0.2791450288211096,0.2791450288211096,0.21192039976386556,0.3463696578783542,0.28279353794919593,0.4771704068647579,0.14834427983470633,0.4099457778075148,0.34636965787835544,0.41359428693559896,0.14469577070662112,0.28279353794919493,0.4099457778075148,0.21192039976386556,0.21192039976386556,0.2791450288211096,0.2791450288211096,0.27914502882110953,0.14469577070662112,0.14469577070662112,0.21192039976386556,0.21192039976386556,0.34636965787835433,0.2791450288211096,0.3463696578783542,0.14834427983470638,0.2754965196930244,0.27914502882110953,0.2791450288211096,0.3463696578783542,0.21192039976386556,0.35001816700644056,0.34272114875026904,0.27914502882110964,0.41359428693559885,0.14469577070662112,0.3463696578783542,0.14469577070662112,0.21192039976386545,0.34636965787835433,0.21192039976386556,0.21192039976386556,0.27914502882110964,0.2791450288211096,0.2791450288211096,0.21192039976386545,0.21192039976386556,0.21192039976386545,0.3463696578783542,0.21192039976386562,0.21192039976386615,0.27914502882110953,0.21192039976386556,0.21192039976386615,0.27914502882110953,0.21192039976386545,0.21192039976386556,0.3463696578783542,0.21192039976386545,0.2791450288211096,0.14834427983470633,0.3427211487502691,0.21192039976386556,0.27914502882110964,0.14469577070662112,0.34636965787835533,0.14469577070662112,0.27914502882110964,0.14469577070662112,0.3463696578783542,0.14469577070662112,0.3463696578783542,0.21192039976386556,0.34636965787835533,0.14469577070662112,0.27914502882110964,0.14469577070662118,0.21192039976386562
0.7879742001196547,0.41655390575318624,0.4727360408791938,0.3514929141744212,0.41655390575318646,0.3485332953568352,0.4135942869356005,0.537797032457959,0.35445253299200724,0.3485332953568352,0.4135942869356003,0.3514929141744212,0.28939154141324186,0.4756956596967797,0.2923511602308279,0.3485332953568351,0.3514929141744212,0.354452532992007,0.41063466811801436,0.41359428693560074,0.3514929141744212,0.3514929141744213,0.2893915414132419,0.3514929141744211,0.3514929141744212,0.2893915414132419,0.4135942869356005,0.3514929141744212,0.4135942869356005,0.47569565969677946,0.3514929141744212,0.3514929141744213,0.4135942869356004,0.4135942869356005,0.35149291417442097,0.41359428693560074,0.3514929141744213,0.41359428693560063,0.3514929141744212,0.4135942869356005,0.3514929141744212,0.4135942869356005,0.3514929141744212,0.3514929141744212,0.2893915414132419,0.4756956596967807,0.41359428693560063,0.41359428693560063,0.41359428693560063,0.3514929141744213,0.4756956596967797,0.4165539057531872,0.5969387864015513,0.2923511602308279,0.5348374136403735,0.47569565969678046,0.537797032457959,0.28939154141324175,0.41655390575318657,0.5348374136403735,0.3514929141744212,0.3514929141744212,0.4135942869356005,0.4135942869356005,0.41359428693560063,0.2893915414132419,0.2893915414132419,0.3514929141744212,0.3514929141744212,0.4756956596967798,0.41359428693560074,0.4756956596967798,0.2923511602308279,0.41063466811801425,0.41359428693560063,0.4135942869356004,0.4756956596967798,0.3514929141744213,0.4786552785143665,0.4727360408791937,0.4135942869356003,0.5377970324579586,0.2893915414132419,0.4756956596967798,0.28939154141324186,0.3514929141744213,0.4756956596967798,0.3514929141744212,0.3514929141744212,0.4135942869356005,0.4135942869356003,0.41359428693560063,0.3514929141744213,0.3514929141744212,0.3514929141744212,0.47569565969678,0.3514929141744212,0.3514929141744221,0.41359428693560063,0.3514929141744211,0.3514929141744221,0.41359428693560063,0.3514929141744212,0.3514929141744212,0.47569565969677957,0.3514929141744212,0.4135942869356004,0.2923511602308279,0.4727360408791937,0.3514929141744212,0.4135942869356005,0.2893915414132419,0.47569565969678057,0.28939154141324186,0.4135942869356003,0.2893915414132419,0.4756956596967798,0.2893915414132419,0.4756956596967798,0.35149291417442097,0.47569565969678057,0.2893915414132419,0.4135942869356003,0.28939154141324186,0.3514929141744212
0.5791374181498775,0.1452876944701386,0.21645173229641398,0.07234788535331067,0.14528769447013865,0.07175596158979348,0.1446957707066214,0.2893915414132406,0.0729398091168279,0.07175596158979348,0.1446957707066214,0.07234788535331067,1.094529647423081e-16,0.21704365605993112,0.000591923763517323,0.07175596158979348,0.07234788535331067,0.0729398091168279,0.14410384694310416,0.1446957707066214,0.07234788535331067,0.07234788535331073,1.094529647423081e-16,0.07234788535331073,0.07234788535331067,1.094529647423081e-16,0.14469577070662135,0.07234788535331067,0.14469577070662146,0.21704365605993117,0.07234788535331073,0.07234788535331067,0.14469577070662135,0.14469577070662135,0.07234788535331067,0.14469577070662135,0.07234788535331073,0.14469577070662135,0.07234788535331067,0.1446957707066214,0.07234788535331067,0.1446957707066214,0.07234788535331067,0.07234788535331067,1.094529647423081e-16,0.2170436560599314,0.14469577070662135,0.1446957707066214,0.1446957707066214,0.07234788535331067,0.21704365605993117,0.14528769447013842,0.36114750300303344,0.0005919237635173503,0.2887996176497241,0.21704365605993156,0.2893915414132406,1.094529647423081e-16,0.14528769447013865,0.2887996176497241,0.07234788535331067,0.07234788535331067,0.14469577070662135,0.14469577070662146,0.14469577070662135,1.094529647423081e-16,1.094529647423081e-16,0.07234788535331073,0.07234788535331067,0.21704365605993112,0.1446957707066214,0.21704365605993117,0.000591923763517323,0.1441038469431041,0.14469577070662135,0.1446957707066214,0.21704365605993112,0.07234788535331067,0.2176355798234487,0.21645173229641398,0.14469577070662146,0.2893915414132406,1.094529647423081e-16,0.21704365605993112,1.094529647423081e-16,0.07234788535331067,0.21704365605993117,0.07234788535331073,0.07234788535331067,0.14469577070662135,0.1446957707066214,0.14469577070662135,0.07234788535331067,0.07234788535331073,0.07234788535331067,0.21704365605993112,0.07234788535331067,0.07234788535331073,0.14469577070662135,0.07234788535331073,0.07234788535331073,0.14469577070662135,0.07234788535331067,0.07234788535331067,0.21704365605993117,0.07234788535331067,0.14469577070662135,0.000591923763517323,0.21645173229641396,0.07234788535331067,0.14469577070662135,1.094529647423081e-16,0.21704365605993145,1.094529647423081e-16,0.14469577070662146,1.094529647423081e-16,0.21704365605993117,1.094529647423081e-16,0.21704365605993117,0.07234788535331067,0.21704365605993145,1.094529647423081e-16,0.14469577070662146,1.094529647423081e-16,0.07234788535331073
0.7357650046272103,0.348737352932424,0.4086649637334986,0.2817066569691436,0.34873735293242425,0.2793389619150748,0.34636965787835544,0.4756956596967793,0.2840743520232124,0.27933896191507473,0.34636965787835533,0.2817066569691436,0.21704365605993156,0.41103265878756734,0.21941135111400037,0.27933896191507473,0.28170665696914354,0.2840743520232123,0.3440019628242865,0.34636965787835555,0.28170665696914354,0.2817066569691437,0.21704365605993156,0.28170665696914354,0.28170665696914354,0.21704365605993156,0.34636965787835544,0.28170665696914354,0.34636965787835544,0.41103265878756734,0.2817066569691436,0.2817066569691436,0.34636965787835533,0.34636965787835544,0.2817066569691435,0.34636965787835555,0.2817066569691436,0.34636965787835555,0.28170665696914354,0.34636965787835544,0.2817066569691436,0.34636965787835544,0.2817066569691436,0.2817066569691436,0.21704365605993156,0.41103265878756834,0.34636965787835555,0.34636965787835555,0.34636965787835555,0.2817066569691436,0.41103265878756745,0.348737352932425,0.5379909655519215,0.21941135111400042,0.47332796464271126,0.41103265878756823,0.4756956596967793,0.21704365605993145,0.34873735293242425,0.4733279646427111,0.2817066569691436,0.2817066569691436,0.34636965787835544,0.34636965787835544,0.34636965787835555,0.21704365605993156,0.21704365605993156,0.2817066569691436,0.28170665696914354,0.41103265878756745,0.34636965787835555,0.41103265878756756,0.21941135111400037,0.3440019628242864,0.34636965787835555,0.34636965787835533,0.41103265878756745,0.2817066569691436,0.4134003538416371,0.4086649637334987,0.34636965787835533,0.47569565969677896,0.21704365605993156,0.41103265878756745,0.21704365605993156,0.2817066569691436,0.41103265878756745,0.28170665696914354,0.2817066569691436,0.34636965787835555,0.34636965787835533,0.34636965787835555,0.2817066569691436,0.2817066569691436,0.2817066569691436,0.4110326587875677,0.2817066569691436,0.2817066569691442,0.34636965787835555,0.2817066569691436,0.2817066569691441,0.34636965787835555,0.28170665696914354,0.28170665696914354,0.41103265878756734,0.2817066569691436,0.34636965787835533,0.21941135111400037,0.4086649637334986,0.28170665696914354,0.34636965787835544,0.21704365605993156,0.41103265878756834,0.21704365605993156,0.34636965787835533,0.21704365605993156,0.41103265878756745,0.21704365605993162,0.41103265878756756,0.28170665696914354,0.41103265878756834,0.21704365605993156,0.34636965787835533,0.21704365605993156,0.2817066569691436
0.5791374181498781,0.1452876944701386,0.21645173229641465,0.07234788535331065,0.1452876944701386,0.07175596158979337,0.14469577070662135,0.28939154141324225,0.07293980911682786,0.07175596158979337,0.14469577070662135,0.07234788535331065,2.7363241185577025e-17,0.2170436560599319,0.0005919237635172408,0.07175596158979343,0.07234788535331062,0.07293980911682786,0.14410384694310416,0.14469577070662135,0.07234788535331065,0.07234788535331065,2.7363241185577025e-17,0.07234788535331065,0.07234788535331062,5.472648237115405e-17,0.14469577070662135,0.07234788535331067,0.14469577070662135,0.21704365605993184,0.07234788535331062,0.07234788535331062,0.14469577070662135,0.14469577070662135,0.07234788535331067,0.14469577070662135,0.07234788535331062,0.14469577070662135,0.07234788535331062,0.14469577070662135,0.07234788535331065,0.14469577070662135,0.07234788535331065,0.07234788535331062,2.7363241185577025e-17,0.2170436560599319,0.14469577070662135,0.14469577070662135,0.14469577070662135,0.07234788535331065,0.21704365605993184,0.14528769447013837,0.3611475030030343,0.0005919237635172408,0.28879961764972517,0.2170436560599319,0.28939154141324225,5.472648237115405e-17,0.1452876944701386,0.2887996176497251,0.07234788535331065,0.07234788535331065,0.14469577070662135,0.14469577070662135,0.14469577070662135,2.7363241185577025e-17,5.472648237115405e-17,0.07234788535331062,0.07234788535331062,0.2170436560599319,0.14469577070662135,0.2170436560599319,0.0005919237635172408,0.1441038469431041,0.14469577070662135,0.14469577070662135,0.21704365605993184,0.07234788535331062,0.21763557982344897,0.21645173229641465,0.14469577070662135,0.28939154141324214,2.7363241185577025e-17,0.21704365605993184,2.7363241185577025e-17,0.07234788535331056,0.2170436560599319,0.07234788535331062,0.07234788535331065,0.14469577070662135,0.14469577070662135,0.14469577070662135,0.07234788535331056,0.07234788535331062,0.07234788535331062,0.2170436560599319,0.07234788535331067,0.07234788535331042,0.14469577070662135,0.07234788535331065,0.0723478853533104,0.14469577070662135,0.07234788535331062,0.07234788535331062,0.21704365605993184,0.07234788535331062,0.14469577070662135,0.0005919237635172408,0.21645173229641465,0.07234788535331062,0.14469577070662135,2.7363241185577025e-17,0.21704365605993184,2.7363241185577025e-17,0.14469577070662135,2.7363241185577025e-17,0.2170436560599319,2.7363241185577025e-17,0.2170436560599319,0.07234788535331065,0.21704365605993184,2.7363241185577025e-17,0.14469577070662135,2.7363241185577025e-17,0.07234788535331065
0.6313466136423208,0.2131042472909003,0.28052280944210806,0.14213414255858872,0.2131042472909003,0.14095029503155423,0.21192039976386584,0.35149291417441925,0.1433179900856231,0.14095029503155423,0.21192039976386584,0.14213414255858867,0.07234788535331073,0.2817066569691425,0.07353173288034515,0.14095029503155423,0.14213414255858867,0.1433179900856231,0.2107365522368314,0.2119203997638659,0.14213414255858867,0.14213414255858872,0.07234788535331073,0.14213414255858872,0.14213414255858867,0.07234788535331073,0.21192039976386584,0.14213414255858872,0.2119203997638659,0.2817066569691425,0.14213414255858872,0.14213414255858867,0.21192039976386584,0.21192039976386584,0.14213414255858872,0.21192039976386584,0.14213414255858872,0.21192039976386584,0.14213414255858867,0.2119203997638659,0.14213414255858872,0.21192039976386584,0.14213414255858872,0.14213414255858872,0.07234788535331073,0.28170665696914343,0.21192039976386584,0.21192039976386584,0.2119203997638659,0.14213414255858872,0.2817066569691425,0.21310424729090063,0.4200953238526616,0.07353173288034512,0.350309066647386,0.28170665696914343,0.35149291417441925,0.07234788535331076,0.21310424729090036,0.350309066647386,0.14213414255858872,0.14213414255858867,0.21192039976386584,0.2119203997638659,0.21192039976386584,0.07234788535331073,0.07234788535331073,0.14213414255858872,0.14213414255858867,0.2817066569691425,0.2119203997638659,0.28170665696914254,0.07353173288034515,0.2107365522368314,0.21192039976386584,0.21192039976386584,0.2817066569691425,0.14213414255858872,0.2828905044961779,0.2805228094421081,0.2119203997638659,0.35149291417441925,0.07234788535331073,0.2817066569691425,0.07234788535331076,0.14213414255858867,0.2817066569691425,0.14213414255858872,0.14213414255858867,0.21192039976386584,0.21192039976386584,0.21192039976386584,0.14213414255858867,0.14213414255858872,0.14213414255858867,0.2817066569691425,0.14213414255858878,0.14213414255858856,0.21192039976386584,0.14213414255858872,0.14213414255858856,0.21192039976386573,0.14213414255858867,0.14213414255858872,0.2817066569691425,0.14213414255858867,0.2119203997638659,0.07353173288034515,0.28052280944210806,0.14213414255858867,0.21192039976386584,0.07234788535331073,0.28170665696914343,0.07234788535331076,0.2119203997638659,0.07234788535331073,0.2817066569691425,0.07234788535331073,0.2817066569691425,0.14213414255858872,0.2817066569691433,0.07234788535331073,0.2119203997638659,0.07234788535331073,0.14213414255858872
0.7357650046272103,0.34873735293242414,0.4086649637334987,0.28170665696914354,0.34873735293242425,0.27933896191507473,0.34636965787835555,0.4756956596967792,0.2840743520232124,0.27933896191507473,0.34636965787835544,0.2817066569691436,0.21704365605993162,0.41103265878756745,0.21941135111400054,0.27933896191507473,0.28170665696914354,0.2840743520232123,0.3440019628242867,0.3463696578783556,0.28170665696914354,0.2817066569691436,0.21704365605993162,0.2817066569691435,0.2817066569691435,0.21704365605993162,0.34636965787835555,0.28170665696914354,0.34636965787835555,0.41103265878756734,0.2817066569691436,0.28170665696914354,0.34636965787835544,0.34636965787835555,0.2817066569691435,0.34636965787835555,0.2817066569691436,0.34636965787835555,0.2817066569691435,0.34636965787835555,0.2817066569691436,0.34636965787835555,0.28170665696914354,0.2817066569691436,0.21704365605993167,0.41103265878756834,0.34636965787835555,0.34636965787835555,0.34636965787835555,0.2817066569691436,0.41103265878756745,0.348737352932425,0.5379909655519215,0.21941135111400054,0.47332796464271115,0.41103265878756823,0.4756956596967792,0.21704365605993162,0.34873735293242436,0.4733279646427111,0.2817066569691436,0.2817066569691436,0.34636965787835555,0.34636965787835555,0.34636965787835555,0.21704365605993162,0.21704365605993162,0.28170665696914354,0.2817066569691435,0.41103265878756756,0.34636965787835555,0.4110326587875677,0.21941135111400054,0.3440019628242865,0.34636965787835555,0.34636965787835555,0.4110326587875677,0.2817066569691436,0.4134003538416371,0.4086649637334987,0.34636965787835544,0.47569565969677885,0.21704365605993162,0.4110326587875677,0.21704365605993167,0.28170665696914354,0.4110326587875677,0.28170665696914354,0.2817066569691436,0.34636965787835555,0.34636965787835544,0.3463696578783556,0.28170665696914354,0.2817066569691436,0.28170665696914354,0.4110326587875678,0.28170665696914354,0.2817066569691442,0.34636965787835555,0.28170665696914354,0.28170665696914404,0.34636965787835555,0.2817066569691435,0.28170665696914354,0.41103265878756745,0.28170665696914354,0.34636965787835544,0.21941135111400042,0.4086649637334987,0.28170665696914354,0.34636965787835555,0.21704365605993162,0.41103265878756834,0.21704365605993167,0.34636965787835544,0.21704365605993167,0.4110326587875677,0.21704365605993167,0.4110326587875677,0.2817066569691435,0.41103265878756834,0.21704365605993162,0.34636965787835555,0.21704365605993162,0.28170665696914354
0.6313466136423227,0.22246793647856855,0.27115912025444155,0.14213414255858844,0.2224679364785686,0.1315866058438861,0.2119203997638663,0.3514929141744206,0.1526816792732908,0.13158660584388604,0.21192039976386637,0.1421341425585884,0.07234788535331056,0.2817066569691437,0.08289542206801288,0.13158660584388604,0.1421341425585884,0.1526816792732908,0.2013728630491639,0.2119203997638663,0.14213414255858844,0.14213414255858844,0.07234788535331056,0.14213414255858844,0.14213414255858844,0.07234788535331053,0.2119203997638663,0.14213414255858844,0.2119203997638663,0.2817066569691436,0.14213414255858844,0.1421341425585884,0.2119203997638663,0.21192039976386637,0.14213414255858844,0.2119203997638663,0.14213414255858844,0.2119203997638663,0.14213414255858844,0.2119203997638663,0.1421341425585884,0.21192039976386637,0.1421341425585884,0.1421341425585884,0.07234788535331056,0.281706656969144,0.2119203997638663,0.21192039976386637,0.2119203997638663,0.1421341425585884,0.2817066569691437,0.22246793647856866,0.41073163466499507,0.08289542206801286,0.3409453774597189,0.28170665696914404,0.3514929141744206,0.07234788535331053,0.22246793647856872,0.34094537745971887,0.1421341425585884,0.1421341425585884,0.2119203997638663,0.2119203997638663,0.2119203997638663,0.07234788535331056,0.0723478853533105,0.14213414255858844,0.14213414255858844,0.28170665696914376,0.2119203997638663,0.2817066569691438,0.08289542206801286,0.20137286304916385,0.2119203997638663,0.2119203997638663,0.28170665696914376,0.1421341425585884,0.2922541936838463,0.27115912025444155,0.21192039976386637,0.35149291417442047,0.07234788535331053,0.28170665696914376,0.07234788535331053,0.1421341425585884,0.2817066569691438,0.1421341425585885,0.1421341425585884,0.2119203997638663,0.2119203997638663,0.2119203997638663,0.1421341425585884,0.14213414255858844,0.1421341425585884,0.2817066569691438,0.14213414255858844,0.1421341425585884,0.2119203997638663,0.14213414255858844,0.14213414255858844,0.21192039976386637,0.14213414255858844,0.14213414255858844,0.28170665696914376,0.1421341425585884,0.2119203997638663,0.0828954220680128,0.27115912025444167,0.14213414255858844,0.2119203997638663,0.07234788535331053,0.281706656969144,0.07234788535331053,0.2119203997638663,0.07234788535331053,0.2817066569691438,0.07234788535331062,0.2817066569691438,0.1421341425585884,0.281706656969144,0.07234788535331053,0.2119203997638663,0.07234788535331053,0.14213414255858844
0.6313466136423214,0.21310424729090005,0.28052280944210806,0.14213414255858856,0.21310424729090005,0.14095029503155412,0.21192039976386562,0.35149291417442025,0.14331799008562293,0.14095029503155407,0.21192039976386562,0.1421341425585885,0.07234788535331065,0.28170665696914254,0.07353173288034504,0.14095029503155407,0.14213414255858856,0.14331799008562293,0.2107365522368312,0.21192039976386556,0.1421341425585885,0.1421341425585885,0.07234788535331062,0.14213414255858856,0.1421341425585885,0.07234788535331065,0.21192039976386562,0.1421341425585885,0.21192039976386556,0.2817066569691425,0.1421341425585885,0.1421341425585885,0.21192039976386562,0.21192039976386562,0.14213414255858856,0.21192039976386556,0.1421341425585885,0.21192039976386556,0.1421341425585885,0.21192039976386562,0.14213414255858856,0.21192039976386562,0.14213414255858856,0.1421341425585885,0.07234788535331062,0.2817066569691435,0.21192039976386556,0.21192039976386556,0.21192039976386556,0.1421341425585885,0.2817066569691425,0.21310424729090058,0.4200953238526627,0.07353173288034504,0.3503090666473866,0.2817066569691435,0.35149291417442025,0.07234788535331065,0.21310424729090005,0.3503090666473866,0.1421341425585885,0.1421341425585885,0.21192039976386562,0.21192039976386556,0.21192039976386556,0.07234788535331062,0.07234788535331062,0.1421341425585885,0.1421341425585886,0.28170665696914254,0.21192039976386556,0.28170665696914254,0.07353173288034504,0.2107365522368312,0.21192039976386556,0.21192039976386562,0.2817066569691425,0.1421341425585885,0.2828905044961778,0.28052280944210806,0.21192039976386562,0.35149291417442013,0.07234788535331065,0.28170665696914254,0.07234788535331065,0.14213414255858856,0.28170665696914254,0.1421341425585885,0.1421341425585885,0.21192039976386562,0.21192039976386562,0.21192039976386556,0.14213414255858856,0.1421341425585885,0.1421341425585885,0.28170665696914254,0.1421341425585885,0.14213414255858833,0.21192039976386556,0.14213414255858856,0.14213414255858833,0.21192039976386556,0.1421341425585885,0.1421341425585885,0.2817066569691425,0.1421341425585885,0.21192039976386556,0.07353173288034504,0.2805228094421081,0.1421341425585885,0.21192039976386556,0.07234788535331065,0.28170665696914343,0.07234788535331065,0.21192039976386562,0.07234788535331062,0.28170665696914254,0.07234788535331062,0.28170665696914254,0.14213414255858856,0.2817066569691433,0.07234788535331065,0.21192039976386562,0.07234788535331062,0.14213414255858856
0.6835558091347671,0.2884117514617966,0.3371029352376692,0.21192039976386584,0.28841175146179665,0.20265367712317978,0.2791450288211108,0.4135942869356004,0.22118712240455177,0.20265367712317978,0.2791450288211108,0.21192039976386573,0.14469577070662107,0.3463696578783552,0.15396249334730688,0.20265367712317978,0.21192039976386573,0.22118712240455177,0.2698783061804248,0.2791450288211109,0.21192039976386573,0.21192039976386567,0.14469577070662096,0.21192039976386573,0.21192039976386573,0.14469577070662107,0.2791450288211107,0.21192039976386573,0.27914502882111086,0.3463696578783551,0.21192039976386573,0.21192039976386573,0.2791450288211108,0.2791450288211108,0.21192039976386584,0.2791450288211109,0.21192039976386573,0.27914502882111086,0.21192039976386573,0.27914502882111086,0.21192039976386567,0.27914502882111086,0.21192039976386567,0.21192039976386573,0.14469577070662096,0.34636965787835594,0.2791450288211109,0.2791450288211109,0.2791450288211109,0.21192039976386573,0.3463696578783552,0.28841175146179704,0.4715521933521584,0.15396249334730694,0.40432756429491484,0.34636965787835594,0.4135942869356004,0.144695770706621,0.2884117514617968,0.40432756429491484,0.21192039976386573,0.21192039976386573,0.2791450288211107,0.27914502882111086,0.2791450288211109,0.14469577070662096,0.14469577070662096,0.21192039976386573,0.2119203997638659,0.34636965787835533,0.2791450288211109,0.34636965787835533,0.15396249334730694,0.26987830618042474,0.27914502882111086,0.2791450288211108,0.3463696578783552,0.21192039976386573,0.35563638051904173,0.33710293523766927,0.2791450288211108,0.4135942869356001,0.144695770706621,0.34636965787835533,0.144695770706621,0.21192039976386573,0.34636965787835533,0.21192039976386584,0.21192039976386573,0.27914502882111086,0.2791450288211107,0.27914502882111086,0.21192039976386573,0.21192039976386573,0.21192039976386573,0.34636965787835533,0.21192039976386567,0.21192039976386615,0.2791450288211109,0.21192039976386573,0.2119203997638662,0.2791450288211108,0.21192039976386573,0.21192039976386573,0.3463696578783552,0.21192039976386573,0.2791450288211108,0.15396249334730688,0.3371029352376694,0.21192039976386573,0.27914502882111086,0.144695770706621,0.34636965787835583,0.144695770706621,0.2791450288211108,0.14469577070662096,0.34636965787835533,0.144695770706621,0.34636965787835533,0.21192039976386567,0.3463696578783557,0.144695770706621,0.27914502882111086,0.144695770706621,0.21192039976386584
0.6835558091347664,0.28466627578672976,0.3408484109127363,0.21192039976386598,0.28466627578672965,0.20639915279824717,0.2791450288211111,0.41359428693559896,0.21744164672948477,0.20639915279824717,0.2791450288211109,0.21192039976386598,0.14469577070662107,0.3463696578783551,0.15021701767223988,0.20639915279824728,0.21192039976386598,0.21744164672948488,0.27362378185549213,0.2791450288211109,0.21192039976386598,0.21192039976386595,0.14469577070662107,0.21192039976386595,0.21192039976386598,0.14469577070662112,0.2791450288211111,0.21192039976386598,0.2791450288211109,0.3463696578783549,0.21192039976386598,0.21192039976386598,0.2791450288211109,0.279145028821111,0.21192039976386615,0.279145028821111,0.21192039976386595,0.279145028821111,0.2119203997638661,0.2791450288211109,0.21192039976386598,0.279145028821111,0.21192039976386595,0.21192039976386598,0.14469577070662107,0.3463696578783557,0.279145028821111,0.279145028821111,0.2791450288211109,0.21192039976386598,0.346369657878355,0.28466627578673,0.4752976690272242,0.15021701767223994,0.4080730399699812,0.3463696578783557,0.41359428693559896,0.14469577070662112,0.2846662757867297,0.4080730399699812,0.21192039976386598,0.2119203997638661,0.2791450288211111,0.2791450288211109,0.279145028821111,0.14469577070662107,0.14469577070662107,0.21192039976386598,0.21192039976386598,0.3463696578783551,0.2791450288211109,0.346369657878355,0.15021701767223994,0.2736237818554921,0.279145028821111,0.2791450288211109,0.346369657878355,0.21192039976386595,0.3518909048439744,0.3408484109127363,0.27914502882111086,0.4135942869355991,0.14469577070662107,0.346369657878355,0.14469577070662112,0.21192039976386598,0.346369657878355,0.21192039976386595,0.21192039976386598,0.2791450288211109,0.2791450288211109,0.279145028821111,0.21192039976386598,0.21192039976386598,0.21192039976386598,0.346369657878355,0.21192039976386595,0.21192039976386615,0.279145028821111,0.2119203997638661,0.2119203997638662,0.279145028821111,0.2119203997638661,0.21192039976386598,0.346369657878355,0.21192039976386598,0.2791450288211109,0.15021701767223988,0.34084841091273627,0.21192039976386598,0.2791450288211109,0.14469577070662107,0.34636965787835583,0.14469577070662112,0.2791450288211109,0.14469577070662107,0.346369657878355,0.14469577070662112,0.346369657878355,0.21192039976386598,0.34636965787835583,0.14469577070662107,0.2791450288211109,0.14469577070662112,0.2119203997638661
0.6835558091347665,0.2809208001116623,0.3445938865878036,0.21192039976386573,0.2809208001116624,0.2101446284733141,0.2791450288211108,0.4135942869355992,0.21369617105441732,0.2101446284733141,0.27914502882111086,0.21192039976386573,0.14469577070662107,0.3463696578783551,0.14647154199717274,0.21014462847331417,0.21192039976386573,0.21369617105441732,0.2773692575305592,0.2791450288211108,0.21192039976386573,0.21192039976386573,0.14469577070662107,0.21192039976386567,0.21192039976386573,0.14469577070662112,0.2791450288211107,0.21192039976386584,0.2791450288211107,0.346369657878355,0.21192039976386573,0.21192039976386573,0.2791450288211108,0.2791450288211108,0.2119203997638659,0.27914502882111086,0.21192039976386567,0.27914502882111086,0.21192039976386573,0.2791450288211108,0.21192039976386573,0.2791450288211108,0.21192039976386573,0.21192039976386573,0.14469577070662107,0.34636965787835583,0.2791450288211108,0.2791450288211108,0.2791450288211108,0.21192039976386573,0.3463696578783551,0.2809208001116628,0.479043144702292,0.14647154199717274,0.4118185156450486,0.34636965787835583,0.4135942869355992,0.14469577070662112,0.28092080011166254,0.4118185156450485,0.21192039976386573,0.21192039976386573,0.2791450288211107,0.2791450288211107,0.27914502882111086,0.14469577070662107,0.14469577070662112,0.21192039976386567,0.21192039976386573,0.3463696578783551,0.2791450288211108,0.3463696578783552,0.1464715419971728,0.2773692575305591,0.27914502882111086,0.27914502882111086,0.3463696578783551,0.21192039976386567,0.3481454291689075,0.3445938865878036,0.2791450288211108,0.4135942869355992,0.14469577070662112,0.3463696578783551,0.14469577070662112,0.21192039976386567,0.3463696578783551,0.21192039976386567,0.21192039976386573,0.2791450288211108,0.2791450288211107,0.27914502882111086,0.21192039976386567,0.21192039976386573,0.21192039976386573,0.3463696578783552,0.21192039976386573,0.21192039976386598,0.27914502882111086,0.21192039976386573,0.21192039976386598,0.27914502882111086,0.21192039976386573,0.21192039976386584,0.3463696578783551,0.21192039976386573,0.2791450288211107,0.1464715419971728,0.3445938865878035,0.21192039976386573,0.2791450288211107,0.14469577070662107,0.34636965787835583,0.14469577070662112,0.2791450288211108,0.14469577070662107,0.3463696578783551,0.14469577070662112,0.3463696578783551,0.21192039976386573,0.34636965787835583,0.14469577070662107,0.2791450288211108,0.14469577070662112,0.21192039976386584
0.6313466136423208,0.2131042472909003,0.2805228094421081,0.14213414255858872,0.2131042472909003,0.1409502950315543,0.21192039976386584,0.35149291417441925,0.1433179900856231,0.1409502950315543,0.2119203997638659,0.14213414255858872,0.07234788535331076,0.2817066569691425,0.0735317328803452,0.1409502950315543,0.14213414255858872,0.1433179900856232,0.21073655223683146,0.2119203997638659,0.14213414255858872,0.14213414255858872,0.07234788535331076,0.14213414255858872,0.14213414255858872,0.07234788535331076,0.2119203997638659,0.14213414255858872,0.2119203997638659,0.2817066569691425,0.14213414255858872,0.14213414255858872,0.21192039976386584,0.2119203997638659,0.14213414255858872,0.21192039976386584,0.14213414255858872,0.21192039976386584,0.14213414255858872,0.2119203997638659,0.14213414255858872,0.21192039976386584,0.14213414255858872,0.14213414255858872,0.07234788535331076,0.28170665696914354,0.2119203997638659,0.2119203997638659,0.2119203997638659,0.14213414255858872,0.2817066569691425,0.2131042472909008,0.42009532385266146,0.07353173288034515,0.3503090666473861,0.2817066569691435,0.35149291417441925,0.07234788535331076,0.2131042472909003,0.3503090666473861,0.14213414255858872,0.14213414255858872,0.21192039976386584,0.2119203997638659,0.21192039976386584,0.07234788535331076,0.07234788535331076,0.14213414255858872,0.14213414255858872,0.2817066569691425,0.2119203997638659,0.2817066569691425,0.07353173288034515,0.21073655223683146,0.21192039976386584,0.21192039976386584,0.28170665696914254,0.14213414255858872,0.28289050449617803,0.2805228094421081,0.21192039976386584,0.35149291417441925,0.07234788535331076,0.2817066569691425,0.07234788535331076,0.14213414255858872,0.2817066569691425,0.14213414255858872,0.14213414255858872,0.2119203997638659,0.21192039976386584,0.21192039976386584,0.14213414255858872,0.14213414255858872,0.14213414255858872,0.2817066569691425,0.14213414255858872,0.14213414255858867,0.2119203997638659,0.14213414255858872,0.14213414255858867,0.21192039976386584,0.14213414255858872,0.14213414255858872,0.2817066569691425,0.14213414255858872,0.2119203997638659,0.0735317328803452,0.28052280944210806,0.14213414255858872,0.21192039976386584,0.07234788535331076,0.28170665696914354,0.07234788535331076,0.2119203997638659,0.07234788535331076,0.2817066569691425,0.07234788535331076,0.2817066569691425,0.14213414255858872,0.28170665696914354,0.07234788535331076,0.2119203997638659,0.07234788535331076,0.14213414255858872
0.6313466136423219,0.2131042472909009,0.28052280944210944,0.14213414255858856,0.21310424729090086,0.14095029503155412,0.2119203997638666,0.3514929141744206,0.143317990085623,0.14095029503155412,0.2119203997638666,0.14213414255858856,0.07234788535331062,0.2817066569691438,0.07353173288034501,0.14095029503155412,0.14213414255858856,0.143317990085623,0.21073655223683216,0.2119203997638666,0.14213414255858856,0.14213414255858856,0.07234788535331062,0.14213414255858856,0.14213414255858856,0.07234788535331062,0.2119203997638666,0.14213414255858856,0.21192039976386648,0.2817066569691437,0.14213414255858856,0.14213414255858856,0.21192039976386648,0.2119203997638666,0.14213414255858856,0.2119203997638666,0.14213414255858856,0.21192039976386665,0.14213414255858856,0.21192039976386648,0.14213414255858856,0.2119203997638666,0.14213414255858856,0.14213414255858856,0.07234788535331062,0.2817066569691442,0.2119203997638666,0.2119203997638666,0.2119203997638666,0.14213414255858856,0.28170665696914376,0.21310424729090097,0.4200953238526627,0.07353173288034501,0.3503090666473869,0.2817066569691442,0.3514929141744206,0.07234788535331062,0.21310424729090097,0.3503090666473868,0.14213414255858856,0.14213414255858856,0.2119203997638666,0.21192039976386648,0.2119203997638666,0.07234788535331062,0.07234788535331056,0.14213414255858856,0.1421341425585886,0.2817066569691438,0.2119203997638666,0.2817066569691438,0.07353173288034501,0.21073655223683216,0.21192039976386665,0.2119203997638666,0.2817066569691438,0.14213414255858856,0.2828905044961786,0.28052280944210944,0.21192039976386648,0.35149291417442047,0.07234788535331062,0.2817066569691438,0.07234788535331056,0.14213414255858856,0.2817066569691438,0.14213414255858856,0.14213414255858856,0.2119203997638666,0.21192039976386648,0.2119203997638666,0.14213414255858856,0.14213414255858856,0.14213414255858856,0.28170665696914393,0.14213414255858856,0.14213414255858828,0.2119203997638666,0.14213414255858856,0.14213414255858833,0.21192039976386665,0.14213414255858856,0.14213414255858856,0.28170665696914376,0.14213414255858856,0.21192039976386648,0.07353173288034501,0.28052280944210944,0.14213414255858856,0.2119203997638666,0.07234788535331062,0.2817066569691442,0.07234788535331056,0.21192039976386642,0.07234788535331056,0.2817066569691438,0.07234788535331065,0.2817066569691438,0.14213414255858856,0.28170665696914426,0.07234788535331062,0.21192039976386642,0.07234788535331056,0.1421341425585886
0.6313466136423214,0.21310424729090008,0.28052280944210783,0.1421341425585886,0.21310424729090008,0.14095029503155412,0.21192039976386562,0.3514929141744189,0.143317990085623,0.14095029503155412,0.21192039976386567,0.14213414255858856,0.07234788535331067,0.28170665696914227,0.07353173288034504,0.14095029503155412,0.14213414255858856,0.143317990085623,0.21073655223683124,0.21192039976386562,0.14213414255858856,0.14213414255858856,0.07234788535331065,0.1421341425585886,0.14213414255858856,0.07234788535331065,0.21192039976386562,0.14213414255858856,0.21192039976386562,0.28170665696914227,0.14213414255858856,0.14213414255858856,0.21192039976386567,0.21192039976386567,0.1421341425585886,0.21192039976386562,0.14213414255858856,0.21192039976386567,0.14213414255858856,0.21192039976386567,0.1421341425585886,0.21192039976386567,0.14213414255858856,0.14213414255858856,0.07234788535331065,0.28170665696914327,0.21192039976386562,0.21192039976386562,0.21192039976386562,0.14213414255858856,0.28170665696914227,0.21310424729090058,0.4200953238526616,0.07353173288034509,0.35030906664738587,0.2817066569691433,0.3514929141744189,0.07234788535331067,0.21310424729090008,0.35030906664738587,0.14213414255858856,0.1421341425585886,0.21192039976386562,0.21192039976386562,0.21192039976386562,0.07234788535331065,0.07234788535331067,0.14213414255858856,0.14213414255858856,0.2817066569691422,0.21192039976386562,0.28170665696914227,0.07353173288034509,0.21073655223683124,0.21192039976386567,0.21192039976386567,0.2817066569691422,0.14213414255858856,0.28289050449617775,0.28052280944210783,0.21192039976386567,0.3514929141744189,0.07234788535331067,0.2817066569691422,0.07234788535331067,0.14213414255858856,0.28170665696914227,0.14213414255858856,0.14213414255858856,0.21192039976386567,0.21192039976386567,0.21192039976386562,0.14213414255858856,0.14213414255858856,0.14213414255858856,0.2817066569691422,0.14213414255858856,0.14213414255858844,0.21192039976386562,0.1421341425585886,0.14213414255858844,0.21192039976386567,0.14213414255858856,0.14213414255858856,0.28170665696914227,0.14213414255858856,0.21192039976386562,0.07353173288034512,0.28052280944210783,0.14213414255858856,0.21192039976386562,0.07234788535331065,0.28170665696914327,0.07234788535331067,0.21192039976386567,0.07234788535331065,0.28170665696914227,0.07234788535331065,0.28170665696914227,0.1421341425585886,0.2817066569691433,0.07234788535331065,0.21192039976386567,0.07234788535331067,0.14213414255858856
0.7357650046272108,0.3487373529324239,0.4086649637334985,0.28170665696914343,0.348737352932424,0.27933896191507457,0.34636965787835533,0.47569565969677946,0.2840743520232122,0.27933896191507457,0.34636965787835533,0.28170665696914343,0.21704365605993156,0.41103265878756723,0.21941135111400042,0.27933896191507457,0.28170665696914343,0.2840743520232121,0.34400196282428647,0.34636965787835533,0.2817066569691433,0.28170665696914343,0.21704365605993162,0.2817066569691433,0.2817066569691433,0.21704365605993156,0.34636965787835533,0.2817066569691433,0.3463696578783552,0.4110326587875671,0.28170665696914343,0.28170665696914343,0.34636965787835533,0.34636965787835533,0.28170665696914343,0.34636965787835533,0.28170665696914343,0.34636965787835533,0.2817066569691433,0.3463696578783552,0.28170665696914343,0.34636965787835533,0.28170665696914343,0.28170665696914343,0.21704365605993162,0.41103265878756823,0.34636965787835533,0.34636965787835533,0.34636965787835533,0.28170665696914343,0.41103265878756734,0.3487373529324249,0.5379909655519223,0.21941135111400042,0.47332796464271126,0.4110326587875681,0.47569565969677946,0.21704365605993156,0.34873735293242414,0.47332796464271115,0.28170665696914343,0.28170665696914343,0.34636965787835533,0.3463696578783552,0.34636965787835533,0.21704365605993162,0.21704365605993162,0.2817066569691433,0.28170665696914343,0.41103265878756734,0.34636965787835533,0.41103265878756734,0.21941135111400042,0.3440019628242862,0.34636965787835533,0.34636965787835533,0.41103265878756734,0.28170665696914343,0.4134003538416371,0.4086649637334985,0.34636965787835533,0.4756956596967792,0.21704365605993162,0.41103265878756734,0.21704365605993162,0.28170665696914343,0.41103265878756734,0.2817066569691433,0.28170665696914343,0.34636965787835533,0.3463696578783552,0.34636965787835533,0.28170665696914343,0.28170665696914343,0.28170665696914343,0.41103265878756745,0.2817066569691433,0.281706656969144,0.34636965787835533,0.28170665696914343,0.28170665696914393,0.34636965787835544,0.2817066569691433,0.2817066569691433,0.41103265878756723,0.28170665696914343,0.3463696578783551,0.21941135111400042,0.4086649637334985,0.2817066569691433,0.34636965787835533,0.21704365605993162,0.41103265878756823,0.21704365605993162,0.3463696578783552,0.21704365605993162,0.41103265878756734,0.21704365605993167,0.41103265878756734,0.2817066569691433,0.41103265878756823,0.21704365605993162,0.3463696578783551,0.21704365605993162,0.28170665696914343
0.6313466136423223,0.21310424729090005,0.28052280944210906,0.1421341425585884,0.21310424729090008,0.14095029503155396,0.21192039976386562,0.3514929141744206,0.14331799008562282,0.14095029503155396,0.21192039976386562,0.14213414255858833,0.07234788535331056,0.2817066569691435,0.07353173288034498,0.14095029503155396,0.1421341425585884,0.14331799008562282,0.2107365522368312,0.21192039976386562,0.14213414255858833,0.1421341425585884,0.07234788535331056,0.1421341425585884,0.14213414255858833,0.07234788535331056,0.21192039976386556,0.14213414255858833,0.21192039976386562,0.28170665696914343,0.1421341425585884,0.14213414255858833,0.21192039976386567,0.21192039976386562,0.14213414255858844,0.21192039976386562,0.1421341425585884,0.21192039976386556,0.14213414255858833,0.21192039976386562,0.1421341425585884,0.21192039976386562,0.1421341425585884,0.14213414255858833,0.07234788535331053,0.2817066569691438,0.21192039976386562,0.21192039976386562,0.21192039976386562,0.14213414255858833,0.2817066569691435,0.21310424729090036,0.42009532385266335,0.07353173288034498,0.3503090666473867,0.28170665696914376,0.3514929141744206,0.07234788535331056,0.21310424729090013,0.3503090666473867,0.14213414255858833,0.14213414255858833,0.21192039976386562,0.21192039976386562,0.21192039976386556,0.07234788535331056,0.07234788535331053,0.1421341425585884,0.1421341425585884,0.28170665696914343,0.21192039976386562,0.28170665696914343,0.07353173288034498,0.21073655223683113,0.21192039976386556,0.21192039976386567,0.28170665696914343,0.14213414255858833,0.2828905044961782,0.28052280944210906,0.21192039976386573,0.35149291417442047,0.07234788535331056,0.28170665696914343,0.07234788535331056,0.14213414255858833,0.2817066569691435,0.14213414255858844,0.14213414255858833,0.21192039976386562,0.21192039976386562,0.21192039976386562,0.14213414255858833,0.1421341425585884,0.14213414255858833,0.2817066569691435,0.14213414255858833,0.14213414255858833,0.21192039976386556,0.1421341425585884,0.1421341425585884,0.21192039976386556,0.14213414255858833,0.14213414255858833,0.28170665696914343,0.14213414255858833,0.21192039976386556,0.07353173288034498,0.280522809442109,0.14213414255858833,0.21192039976386562,0.07234788535331056,0.28170665696914376,0.07234788535331056,0.21192039976386567,0.07234788535331053,0.2817066569691435,0.07234788535331056,0.2817066569691435,0.1421341425585884,0.28170665696914376,0.07234788535331056,0.21192039976386567,0.07234788535331053,0.14213414255858844
0.6313466136423221,0.21310424729090005,0.280522809442109,0.1421341425585884,0.21310424729090005,0.14095029503155396,0.21192039976386545,0.3514929141744212,0.14331799008562277,0.14095029503155396,0.21192039976386562,0.14213414255858833,0.07234788535331053,0.2817066569691433,0.07353173288034495,0.14095029503155396,0.14213414255858833,0.14331799008562277,0.21073655223683113,0.21192039976386545,0.14213414255858833,0.1421341425585884,0.07234788535331053,0.1421341425585884,0.14213414255858833,0.07234788535331056,0.21192039976386545,0.14213414255858833,0.21192039976386556,0.28170665696914327,0.14213414255858833,0.14213414255858833,0.21192039976386562,0.21192039976386556,0.14213414255858833,0.21192039976386545,0.14213414255858833,0.21192039976386545,0.14213414255858833,0.21192039976386556,0.1421341425585884,0.21192039976386556,0.1421341425585884,0.14213414255858833,0.07234788535331053,0.28170665696914376,0.21192039976386545,0.21192039976386545,0.21192039976386545,0.14213414255858833,0.2817066569691433,0.2131042472909002,0.42009532385266424,0.07353173288034495,0.35030906664738704,0.2817066569691437,0.3514929141744212,0.07234788535331056,0.21310424729090005,0.35030906664738704,0.14213414255858833,0.14213414255858833,0.21192039976386545,0.21192039976386556,0.21192039976386545,0.07234788535331053,0.07234788535331053,0.14213414255858833,0.1421341425585884,0.28170665696914327,0.21192039976386545,0.28170665696914327,0.07353173288034498,0.21073655223683108,0.21192039976386545,0.21192039976386556,0.28170665696914327,0.14213414255858833,0.28289050449617803,0.28052280944210894,0.21192039976386556,0.35149291417442097,0.07234788535331053,0.28170665696914327,0.07234788535331053,0.14213414255858833,0.2817066569691433,0.14213414255858833,0.14213414255858833,0.21192039976386556,0.21192039976386556,0.21192039976386545,0.14213414255858833,0.14213414255858833,0.14213414255858833,0.28170665696914327,0.14213414255858833,0.14213414255858828,0.21192039976386545,0.1421341425585884,0.14213414255858822,0.21192039976386545,0.14213414255858833,0.14213414255858833,0.2817066569691432,0.14213414255858833,0.21192039976386556,0.07353173288034495,0.28052280944210883,0.14213414255858833,0.21192039976386556,0.07234788535331053,0.2817066569691436,0.07234788535331053,0.21192039976386562,0.07234788535331053,0.28170665696914327,0.07234788535331053,0.28170665696914327,0.1421341425585884,0.2817066569691436,0.07234788535331053,0.21192039976386556,0.0723478853533105,0.14213414255858844
0.6835558091347665,0.28092080011166265,0.34459388658780443,0.2119203997638663,0.2809208001116628,0.21014462847331478,0.27914502882111114,0.41359428693560096,0.21369617105441804,0.21014462847331486,0.2791450288211111,0.21192039976386637,0.14469577070662112,0.34636965787835605,0.1464715419971727,0.21014462847331472,0.21192039976386637,0.21369617105441793,0.27736925753055947,0.2791450288211112,0.2119203997638663,0.2119203997638663,0.14469577070662107,0.2119203997638663,0.21192039976386642,0.14469577070662112,0.2791450288211111,0.2119203997638663,0.27914502882111114,0.34636965787835583,0.21192039976386637,0.21192039976386637,0.2791450288211111,0.27914502882111114,0.2119203997638663,0.2791450288211112,0.21192039976386637,0.27914502882111114,0.21192039976386637,0.27914502882111114,0.2119203997638663,0.27914502882111114,0.2119203997638663,0.21192039976386637,0.14469577070662107,0.3463696578783565,0.2791450288211112,0.2791450288211112,0.2791450288211112,0.21192039976386637,0.34636965787835605,0.2809208001116629,0.47904314470229287,0.14647154199717274,0.4118185156450496,0.3463696578783563,0.41359428693560096,0.14469577070662107,0.2809208001116628,0.4118185156450495,0.21192039976386637,0.2119203997638663,0.27914502882111114,0.27914502882111114,0.27914502882111114,0.14469577070662107,0.14469577070662107,0.21192039976386637,0.21192039976386648,0.34636965787835605,0.2791450288211112,0.34636965787835605,0.14647154199717274,0.2773692575305594,0.27914502882111114,0.2791450288211111,0.34636965787835605,0.21192039976386637,0.34814542916890795,0.34459388658780443,0.279145028821111,0.41359428693560063,0.14469577070662107,0.34636965787835605,0.14469577070662107,0.21192039976386637,0.34636965787835605,0.2119203997638663,0.21192039976386637,0.27914502882111114,0.2791450288211111,0.2791450288211112,0.21192039976386637,0.21192039976386637,0.21192039976386637,0.34636965787835605,0.2119203997638663,0.21192039976386598,0.27914502882111114,0.2119203997638663,0.2119203997638661,0.27914502882111114,0.21192039976386637,0.2119203997638663,0.34636965787835594,0.21192039976386637,0.279145028821111,0.14647154199717274,0.34459388658780443,0.21192039976386637,0.27914502882111114,0.14469577070662107,0.3463696578783563,0.14469577070662107,0.2791450288211111,0.14469577070662107,0.34636965787835605,0.14469577070662107,0.34636965787835605,0.2119203997638662,0.3463696578783563,0.14469577070662107,0.2791450288211111,0.14469577070662112,0.21192039976386648
0.6313466136423219,0.21310424729090052,0.28052280944210944,0.1421341425585885,0.21310424729090058,0.14095029503155412,0.2119203997638663,0.3514929141744206,0.14331799008562293,0.14095029503155407,0.2119203997638662,0.14213414255858844,0.07234788535331062,0.28170665696914376,0.07353173288034501,0.14095029503155407,0.14213414255858844,0.14331799008562293,0.21073655223683188,0.2119203997638662,0.14213414255858844,0.14213414255858844,0.07234788535331062,0.14213414255858844,0.1421341425585885,0.07234788535331062,0.2119203997638663,0.1421341425585885,0.2119203997638662,0.2817066569691437,0.14213414255858844,0.14213414255858844,0.2119203997638662,0.2119203997638663,0.1421341425585885,0.2119203997638662,0.14213414255858844,0.2119203997638662,0.1421341425585885,0.21192039976386615,0.14213414255858844,0.2119203997638663,0.14213414255858844,0.14213414255858844,0.07234788535331056,0.28170665696914404,0.2119203997638662,0.2119203997638662,0.2119203997638662,0.14213414255858844,0.28170665696914376,0.21310424729090086,0.4200953238526627,0.07353173288034501,0.3503090666473868,0.28170665696914404,0.3514929141744206,0.07234788535331056,0.21310424729090063,0.3503090666473867,0.14213414255858844,0.14213414255858844,0.2119203997638663,0.2119203997638662,0.2119203997638662,0.07234788535331062,0.07234788535331056,0.14213414255858844,0.14213414255858856,0.28170665696914376,0.21192039976386615,0.2817066569691438,0.07353173288034501,0.21073655223683174,0.2119203997638662,0.2119203997638663,0.2817066569691438,0.14213414255858844,0.2828905044961786,0.28052280944210944,0.2119203997638663,0.35149291417442047,0.07234788535331062,0.2817066569691438,0.07234788535331056,0.1421341425585885,0.2817066569691438,0.1421341425585885,0.14213414255858844,0.21192039976386615,0.2119203997638662,0.2119203997638662,0.1421341425585885,0.14213414255858844,0.14213414255858844,0.28170665696914393,0.1421341425585885,0.14213414255858833,0.2119203997638662,0.14213414255858844,0.1421341425585884,0.2119203997638663,0.1421341425585885,0.1421341425585885,0.28170665696914376,0.14213414255858844,0.2119203997638662,0.07353173288034501,0.28052280944210944,0.1421341425585885,0.2119203997638662,0.07234788535331062,0.2817066569691441,0.07234788535331056,0.21192039976386615,0.07234788535331056,0.2817066569691438,0.07234788535331062,0.2817066569691438,0.14213414255858844,0.2817066569691441,0.07234788535331062,0.2119203997638662,0.07234788535331056,0.14213414255858856
0.6313466136423208,0.2131042472909002,0.28052280944210806,0.14213414255858872,0.2131042472909002,0.14095029503155423,0.21192039976386584,0.35149291417441914,0.1433179900856231,0.14095029503155423,0.21192039976386584,0.14213414255858867,0.07234788535331076,0.2817066569691425,0.07353173288034515,0.1409502950315543,0.14213414255858867,0.1433179900856231,0.2107365522368314,0.21192039976386584,0.14213414255858872,0.14213414255858872,0.07234788535331076,0.14213414255858872,0.14213414255858867,0.07234788535331076,0.21192039976386584,0.14213414255858872,0.21192039976386584,0.2817066569691425,0.14213414255858872,0.14213414255858867,0.21192039976386584,0.21192039976386584,0.14213414255858867,0.21192039976386584,0.14213414255858872,0.21192039976386584,0.14213414255858867,0.21192039976386584,0.14213414255858872,0.21192039976386584,0.14213414255858867,0.14213414255858867,0.07234788535331076,0.2817066569691435,0.21192039976386584,0.21192039976386584,0.21192039976386584,0.14213414255858872,0.2817066569691425,0.2131042472909008,0.4200953238526614,0.07353173288034515,0.3503090666473861,0.2817066569691435,0.35149291417441914,0.07234788535331076,0.2131042472909002,0.3503090666473861,0.14213414255858867,0.14213414255858872,0.21192039976386584,0.21192039976386584,0.21192039976386584,0.07234788535331076,0.07234788535331076,0.14213414255858872,0.14213414255858867,0.28170665696914243,0.21192039976386584,0.28170665696914243,0.07353173288034515,0.2107365522368314,0.21192039976386584,0.21192039976386584,0.2817066569691425,0.14213414255858872,0.282890504496178,0.28052280944210806,0.21192039976386584,0.35149291417441914,0.07234788535331076,0.2817066569691425,0.07234788535331076,0.14213414255858867,0.28170665696914243,0.14213414255858872,0.14213414255858867,0.21192039976386584,0.21192039976386584,0.21192039976386584,0.14213414255858867,0.14213414255858872,0.14213414255858867,0.28170665696914243,0.14213414255858872,0.14213414255858872,0.21192039976386584,0.14213414255858872,0.14213414255858872,0.21192039976386584,0.14213414255858867,0.14213414255858867,0.2817066569691425,0.14213414255858867,0.21192039976386584,0.07353173288034515,0.28052280944210806,0.14213414255858872,0.21192039976386584,0.07234788535331076,0.2817066569691435,0.07234788535331076,0.21192039976386584,0.07234788535331076,0.28170665696914243,0.07234788535331076,0.28170665696914243,0.14213414255858867,0.28170665696914354,0.07234788535331076,0.21192039976386584,0.07234788535331076,0.14213414255858872
0.6835558091347652,0.28092080011166115,0.3445938865878019,0.21192039976386562,0.28092080011166126,0.21014462847331394,0.27914502882110953,0.413594286935598,0.21369617105441716,0.21014462847331394,0.2791450288211096,0.21192039976386556,0.14469577070662112,0.34636965787835344,0.1464715419971728,0.21014462847331394,0.21192039976386556,0.21369617105441716,0.27736925753055797,0.27914502882110953,0.21192039976386556,0.21192039976386562,0.14469577070662112,0.21192039976386562,0.21192039976386556,0.14469577070662112,0.27914502882110953,0.21192039976386556,0.2791450288211096,0.34636965787835355,0.21192039976386556,0.21192039976386556,0.27914502882110953,0.27914502882110953,0.21192039976386562,0.27914502882110953,0.21192039976386556,0.2791450288211094,0.21192039976386556,0.2791450288211096,0.21192039976386562,0.27914502882110953,0.21192039976386562,0.21192039976386556,0.14469577070662112,0.346369657878355,0.27914502882110953,0.27914502882110953,0.27914502882110953,0.21192039976386556,0.34636965787835355,0.28092080011166237,0.47904314470229076,0.1464715419971728,0.41181851564504784,0.346369657878355,0.413594286935598,0.14469577070662112,0.28092080011166126,0.41181851564504784,0.21192039976386556,0.21192039976386556,0.27914502882110953,0.2791450288211096,0.27914502882110953,0.14469577070662112,0.14469577070662112,0.21192039976386556,0.21192039976386562,0.34636965787835344,0.27914502882110953,0.34636965787835355,0.1464715419971728,0.2773692575305579,0.2791450288211094,0.27914502882110953,0.34636965787835355,0.21192039976386556,0.3481454291689068,0.34459388658780193,0.2791450288211096,0.413594286935598,0.14469577070662112,0.34636965787835355,0.14469577070662112,0.21192039976386556,0.34636965787835355,0.21192039976386556,0.21192039976386556,0.27914502882110953,0.27914502882110953,0.27914502882110953,0.21192039976386556,0.21192039976386556,0.21192039976386556,0.34636965787835355,0.21192039976386562,0.21192039976386615,0.27914502882110953,0.21192039976386562,0.21192039976386615,0.2791450288211094,0.21192039976386556,0.21192039976386556,0.34636965787835344,0.21192039976386556,0.2791450288211096,0.1464715419971728,0.34459388658780193,0.21192039976386556,0.27914502882110953,0.14469577070662112,0.3463696578783551,0.14469577070662112,0.2791450288211096,0.14469577070662112,0.34636965787835344,0.14469577070662112,0.34636965787835344,0.21192039976386562,0.346369657878355,0.14469577070662112,0.2791450288211096,0.14469577070662112,0.21192039976386567
0.6313466136423214,0.2131042472909002,0.28052280944210806,0.1421341425585886,0.2131042472909002,0.14095029503155412,0.21192039976386573,0.351492914174419,0.14331799008562304,0.14095029503155412,0.21192039976386573,0.1421341425585886,0.07234788535331073,0.28170665696914243,0.07353173288034512,0.14095029503155423,0.1421341425585886,0.14331799008562304,0.21073655223683135,0.21192039976386573,0.1421341425585886,0.1421341425585886,0.07234788535331067,0.1421341425585886,0.1421341425585886,0.07234788535331067,0.21192039976386573,0.1421341425585886,0.21192039976386573,0.28170665696914243,0.1421341425585886,0.1421341425585886,0.21192039976386573,0.21192039976386573,0.14213414255858872,0.21192039976386567,0.1421341425585886,0.21192039976386573,0.1421341425585886,0.21192039976386573,0.14213414255858867,0.21192039976386573,0.1421341425585886,0.1421341425585886,0.07234788535331067,0.2817066569691433,0.21192039976386573,0.21192039976386573,0.21192039976386567,0.1421341425585886,0.28170665696914243,0.21310424729090058,0.4200953238526614,0.07353173288034512,0.35030906664738587,0.28170665696914343,0.351492914174419,0.07234788535331076,0.2131042472909002,0.35030906664738587,0.1421341425585886,0.1421341425585886,0.21192039976386573,0.21192039976386573,0.21192039976386573,0.07234788535331067,0.07234788535331067,0.1421341425585886,0.1421341425585886,0.28170665696914243,0.21192039976386567,0.28170665696914243,0.07353173288034515,0.21073655223683135,0.21192039976386573,0.21192039976386584,0.2817066569691423,0.1421341425585886,0.2828905044961778,0.28052280944210806,0.21192039976386573,0.35149291417441914,0.07234788535331067,0.28170665696914243,0.07234788535331073,0.14213414255858856,0.28170665696914243,0.1421341425585886,0.1421341425585886,0.21192039976386573,0.21192039976386584,0.21192039976386573,0.14213414255858856,0.1421341425585886,0.1421341425585886,0.2817066569691423,0.1421341425585886,0.14213414255858844,0.21192039976386567,0.1421341425585886,0.14213414255858844,0.21192039976386573,0.1421341425585886,0.1421341425585886,0.28170665696914243,0.1421341425585886,0.21192039976386573,0.07353173288034512,0.280522809442108,0.1421341425585886,0.21192039976386573,0.07234788535331067,0.2817066569691433,0.07234788535331073,0.21192039976386573,0.07234788535331067,0.28170665696914243,0.07234788535331067,0.28170665696914243,0.14213414255858867,0.2817066569691433,0.07234788535331067,0.21192039976386573,0.07234788535331067,0.1421341425585886
0.6313466136423214,0.21310424729090008,0.28052280944210783,0.14213414255858856,0.21310424729090008,0.14095029503155412,0.21192039976386562,0.3514929141744198,0.143317990085623,0.14095029503155412,0.21192039976386567,0.14213414255858856,0.07234788535331067,0.28170665696914227,0.07353173288034504,0.14095029503155412,0.1421341425585886,0.143317990085623,0.21073655223683124,0.21192039976386562,0.14213414255858856,0.14213414255858856,0.07234788535331065,0.14213414255858856,0.14213414255858856,0.07234788535331065,0.21192039976386562,0.14213414255858856,0.21192039976386562,0.28170665696914227,0.14213414255858856,0.14213414255858856,0.21192039976386567,0.21192039976386567,0.14213414255858856,0.21192039976386562,0.14213414255858856,0.21192039976386567,0.14213414255858856,0.21192039976386567,0.14213414255858856,0.21192039976386567,0.14213414255858856,0.14213414255858856,0.07234788535331065,0.2817066569691433,0.21192039976386562,0.21192039976386562,0.21192039976386562,0.14213414255858856,0.28170665696914227,0.21310424729090058,0.4200953238526627,0.07353173288034504,0.35030906664738654,0.2817066569691433,0.3514929141744198,0.07234788535331067,0.21310424729090008,0.3503090666473864,0.14213414255858856,0.14213414255858856,0.21192039976386562,0.21192039976386562,0.21192039976386562,0.07234788535331065,0.07234788535331065,0.14213414255858856,0.1421341425585886,0.28170665696914227,0.21192039976386562,0.28170665696914227,0.07353173288034509,0.21073655223683124,0.21192039976386567,0.21192039976386567,0.2817066569691422,0.14213414255858856,0.28289050449617775,0.28052280944210783,0.21192039976386567,0.3514929141744198,0.07234788535331067,0.28170665696914227,0.07234788535331065,0.14213414255858856,0.28170665696914227,0.14213414255858856,0.14213414255858856,0.21192039976386567,0.21192039976386567,0.21192039976386562,0.14213414255858856,0.14213414255858856,0.14213414255858856,0.2817066569691422,0.14213414255858856,0.14213414255858833,0.21192039976386562,0.14213414255858856,0.14213414255858833,0.21192039976386567,0.14213414255858856,0.14213414255858856,0.28170665696914227,0.14213414255858856,0.21192039976386562,0.07353173288034504,0.28052280944210783,0.14213414255858856,0.21192039976386562,0.07234788535331065,0.2817066569691433,0.07234788535331065,0.21192039976386567,0.07234788535331065,0.28170665696914227,0.07234788535331065,0.28170665696914227,0.14213414255858856,0.2817066569691433,0.07234788535331065,0.21192039976386567,0.07234788535331067,0.1421341425585886
0.7357650046272103,0.34873735293242375,0.4086649637334979,0.2817066569691436,0.3487373529324238,0.2793389619150748,0.346369657878355,0.47569565969677896,0.2840743520232124,0.27933896191507473,0.3463696578783549,0.2817066569691436,0.21704365605993145,0.4110326587875668,0.2194113511140003,0.27933896191507473,0.28170665696914354,0.2840743520232123,0.344001962824286,0.3463696578783551,0.28170665696914354,0.2817066569691437,0.21704365605993145,0.28170665696914354,0.28170665696914354,0.21704365605993145,0.346369657878355,0.28170665696914354,0.346369657878355,0.4110326587875667,0.2817066569691436,0.2817066569691436,0.346369657878355,0.346369657878355,0.2817066569691435,0.3463696578783551,0.2817066569691436,0.346369657878355,0.28170665696914354,0.346369657878355,0.2817066569691436,0.346369657878355,0.2817066569691436,0.2817066569691436,0.21704365605993145,0.411032658787568,0.346369657878355,0.3463696578783551,0.3463696578783551,0.2817066569691436,0.4110326587875668,0.3487373529324249,0.5379909655519215,0.2194113511140003,0.4733279646427111,0.4110326587875679,0.47569565969677896,0.2170436560599314,0.3487373529324239,0.4733279646427111,0.2817066569691436,0.2817066569691436,0.346369657878355,0.346369657878355,0.346369657878355,0.21704365605993145,0.21704365605993145,0.2817066569691436,0.28170665696914354,0.4110326587875669,0.3463696578783551,0.4110326587875669,0.2194113511140003,0.34400196282428597,0.346369657878355,0.3463696578783549,0.4110326587875669,0.2817066569691436,0.41340035384163665,0.40866496373349803,0.3463696578783549,0.47569565969677874,0.2170436560599314,0.4110326587875669,0.2170436560599314,0.2817066569691436,0.4110326587875669,0.28170665696914354,0.2817066569691436,0.346369657878355,0.3463696578783549,0.346369657878355,0.2817066569691436,0.2817066569691436,0.2817066569691436,0.411032658787567,0.2817066569691436,0.2817066569691442,0.346369657878355,0.2817066569691436,0.2817066569691441,0.346369657878355,0.28170665696914354,0.28170665696914354,0.4110326587875667,0.2817066569691436,0.3463696578783549,0.2194113511140003,0.40866496373349803,0.28170665696914354,0.346369657878355,0.2170436560599314,0.4110326587875679,0.2170436560599314,0.346369657878355,0.21704365605993145,0.4110326587875669,0.21704365605993156,0.4110326587875669,0.28170665696914354,0.4110326587875679,0.2170436560599314,0.346369657878355,0.21704365605993145,0.2817066569691436
0.6313466136423214,0.21310424729090013,0.28052280944210795,0.1421341425585886,0.21310424729090008,0.14095029503155412,0.21192039976386567,0.3514929141744189,0.143317990085623,0.14095029503155412,0.21192039976386573,0.1421341425585886,0.07234788535331067,0.28170665696914227,0.07353173288034509,0.14095029503155412,0.14213414255858856,0.143317990085623,0.21073655223683135,0.21192039976386567,0.1421341425585886,0.1421341425585886,0.07234788535331067,0.1421341425585886,0.14213414255858856,0.07234788535331067,0.21192039976386567,0.1421341425585886,0.21192039976386567,0.28170665696914227,0.14213414255858856,0.14213414255858856,0.21192039976386573,0.21192039976386567,0.1421341425585886,0.21192039976386567,0.14213414255858856,0.21192039976386567,0.1421341425585886,0.21192039976386567,0.1421341425585886,0.21192039976386567,0.1421341425585886,0.14213414255858856,0.07234788535331067,0.28170665696914327,0.21192039976386567,0.21192039976386567,0.21192039976386567,0.1421341425585886,0.28170665696914227,0.21310424729090058,0.4200953238526614,0.07353173288034509,0.35030906664738587,0.28170665696914343,0.3514929141744189,0.07234788535331067,0.21310424729090008,0.35030906664738587,0.1421341425585886,0.1421341425585886,0.21192039976386567,0.21192039976386567,0.21192039976386567,0.07234788535331067,0.07234788535331067,0.14213414255858856,0.14213414255858856,0.28170665696914227,0.21192039976386567,0.28170665696914227,0.07353173288034512,0.21073655223683124,0.21192039976386567,0.21192039976386567,0.28170665696914227,0.14213414255858856,0.2828905044961778,0.28052280944210795,0.21192039976386573,0.351492914174419,0.07234788535331067,0.28170665696914227,0.07234788535331073,0.14213414255858856,0.28170665696914227,0.14213414255858856,0.1421341425585886,0.21192039976386567,0.21192039976386567,0.21192039976386567,0.14213414255858856,0.14213414255858856,0.1421341425585886,0.28170665696914227,0.1421341425585886,0.14213414255858844,0.21192039976386567,0.1421341425585886,0.14213414255858844,0.21192039976386567,0.1421341425585886,0.14213414255858856,0.28170665696914227,0.1421341425585886,0.21192039976386567,0.07353173288034509,0.28052280944210783,0.14213414255858856,0.21192039976386567,0.07234788535331067,0.28170665696914327,0.07234788535331073,0.21192039976386573,0.07234788535331067,0.28170665696914227,0.07234788535331067,0.28170665696914227,0.1421341425585886,0.2817066569691433,0.07234788535331067,0.21192039976386567,0.07234788535331073,0.14213414255858856
0.6835558091347664,0.28279353794919615,0.3427211487502698,0.2119203997638662,0.2827935379491962,0.2082718906357811,0.279145028821111,0.41359428693559996,0.2155689088919515,0.2082718906357811,0.2791450288211109,0.2119203997638663,0.14469577070662107,0.3463696578783549,0.14834427983470622,0.20827189063578105,0.21192039976386637,0.21556890889195143,0.27549651969302585,0.2791450288211111,0.2119203997638662,0.2119203997638662,0.14469577070662107,0.2119203997638662,0.21192039976386637,0.14469577070662107,0.279145028821111,0.2119203997638662,0.279145028821111,0.3463696578783549,0.2119203997638663,0.2119203997638663,0.2791450288211109,0.279145028821111,0.2119203997638663,0.2791450288211111,0.2119203997638663,0.2791450288211111,0.2119203997638663,0.279145028821111,0.21192039976386615,0.279145028821111,0.2119203997638663,0.2119203997638663,0.14469577070662107,0.34636965787835583,0.2791450288211111,0.2791450288211111,0.2791450288211111,0.2119203997638663,0.346369657878355,0.2827935379491965,0.47717040686475903,0.14834427983470627,0.40994577780751557,0.34636965787835583,0.41359428693559985,0.14469577070662107,0.28279353794919615,0.40994577780751545,0.2119203997638663,0.2119203997638663,0.279145028821111,0.279145028821111,0.2791450288211111,0.14469577070662107,0.14469577070662107,0.2119203997638663,0.21192039976386642,0.346369657878355,0.2791450288211111,0.346369657878355,0.14834427983470633,0.2754965196930257,0.2791450288211111,0.2791450288211109,0.346369657878355,0.2119203997638663,0.350018167006441,0.3427211487502697,0.27914502882111086,0.41359428693559963,0.14469577070662107,0.346369657878355,0.14469577070662107,0.21192039976386637,0.346369657878355,0.2119203997638662,0.2119203997638663,0.279145028821111,0.2791450288211109,0.2791450288211111,0.21192039976386637,0.2119203997638663,0.2119203997638663,0.346369657878355,0.2119203997638662,0.2119203997638661,0.2791450288211111,0.2119203997638663,0.21192039976386615,0.2791450288211111,0.2119203997638663,0.2119203997638662,0.3463696578783549,0.2119203997638663,0.2791450288211109,0.14834427983470627,0.3427211487502698,0.21192039976386637,0.279145028821111,0.14469577070662107,0.34636965787835583,0.14469577070662107,0.2791450288211109,0.14469577070662107,0.346369657878355,0.14469577070662107,0.346369657878355,0.2119203997638662,0.34636965787835583,0.14469577070662107,0.2791450288211109,0.14469577070662112,0.21192039976386642
0.5957011590467339,0.17387371924967754,0.2313366684497008,0.07727720855541226,0.17574645708721115,0.079838836703445,0.17268987172264305,0.2923511602308269,0.07846105608244662,0.07047514751577706,0.1483442798347066,0.07353173288034504,0.0024646616010508752,0.2231568267890672,0.0036485091280853295,0.07234788535331065,0.07353173288034504,0.0784610560824467,0.1452876944701386,0.14647154199717294,0.07540447071787867,0.07353173288034512,0.0005919237635172956,0.0754044707178787,0.07353173288034504,0.004337399438584455,0.14647154199717294,0.07353173288034504,0.14647154199717294,0.22877504030166806,0.07353173288034509,0.07353173288034504,0.14647154199717294,0.146471541997173,0.07353173288034504,0.14647154199717294,0.07353173288034509,0.14647154199717294,0.07353173288034504,0.1801808230727775,0.07353173288034509,0.15583523118484094,0.07353173288034509,0.07353173288034509,0.000591923763517323,0.2194113511140003,0.14647154199717294,0.14647154199717294,0.14647154199717294,0.07353173288034509,0.23064777813920162,0.14952812736174081,0.37721628668335516,0.014884936153286779,0.3005310018914611,0.22502956462660118,0.2923511602308269,0.0024646616010509026,0.1532736030368082,0.2892945748662596,0.07353173288034509,0.07353173288034504,0.14647154199717294,0.14647154199717294,0.14647154199717294,0.0005919237635172956,0.004337399438584455,0.0754044707178787,0.07353173288034504,0.22315682678906726,0.14647154199717294,0.21941135111400015,0.014884936153286779,0.14903317014520567,0.14647154199717294,0.15208975550977372,0.2194113511140001,0.07353173288034509,0.2224679364785684,0.21822750358696572,0.14834427983470655,0.292351160230827,0.0005919237635172956,0.2194113511140001,0.0005919237635172956,0.07353173288034504,0.21941135111400015,0.082895422068013,0.07353173288034504,0.15396249334730727,0.1502170176722401,0.14647154199717294,0.07353173288034504,0.07353173288034509,0.07353173288034504,0.2194113511140001,0.07353173288034509,0.07353173288034509,0.14647154199717294,0.07353173288034509,0.07353173288034509,0.14647154199717294,0.07353173288034504,0.07353173288034504,0.21941135111400015,0.07353173288034504,0.14834427983470655,0.003648509128085302,0.2163547657494321,0.07540447071787867,0.14647154199717294,0.0005919237635172956,0.21941135111400037,0.0005919237635172956,0.14647154199717294,0.000591923763517323,0.21941135111400015,0.0024646616010509026,0.21941135111400015,0.07353173288034509,0.21941135111400037,0.0005919237635172956,0.1483442798347066,0.006210137276118062,0.07727720855541231
0.7192012637303542,0.3201513281528852,0.39378002758021124,0.2767773337670421,0.3182785903153518,0.2712560868014234,0.31837555686233365,0.472736040879193,0.2785531050575936,0.2806197759890911,0.34272114875026966,0.2805228094421093,0.21457899445888087,0.4049194880584308,0.21635476574943255,0.27874703815155755,0.2805228094421092,0.27855310505759356,0.3428181152972517,0.34459388658780343,0.27865007160457567,0.2805228094421093,0.21645173229641448,0.27865007160457556,0.2805228094421092,0.2127062566213473,0.3445938865878034,0.2805228094421092,0.34459388658780327,0.3993012745458299,0.2805228094421093,0.2805228094421093,0.3445938865878034,0.3445938865878034,0.2805228094421092,0.34459388658780343,0.2805228094421093,0.34459388658780343,0.2805228094421092,0.3108846055121995,0.2805228094421092,0.3352301974001355,0.2805228094421092,0.2805228094421093,0.21645173229641448,0.40866496373349936,0.34459388658780343,0.34459388658780343,0.34459388658780343,0.2805228094421093,0.3974285367082964,0.3444969200408225,0.5219221818716007,0.20511833872423102,0.4615965804009745,0.4030467502208984,0.4727360408791929,0.21457899445888087,0.3407514443657543,0.47283300742617596,0.2805228094421093,0.2805228094421093,0.3445938865878034,0.34459388658780327,0.3445938865878034,0.21645173229641448,0.21270625662134734,0.27865007160457567,0.2805228094421091,0.4049194880584309,0.34459388658780343,0.40866496373349803,0.20511833872423102,0.3390726396221844,0.34459388658780343,0.33897567307520254,0.4086649637334979,0.2805228094421093,0.4085679971865172,0.40688919244294636,0.34272114875026966,0.4727360408791927,0.21645173229641448,0.40866496373349803,0.21645173229641448,0.2805228094421093,0.40866496373349814,0.27115912025444144,0.2805228094421093,0.33710293523766904,0.3408484109127361,0.34459388658780343,0.2805228094421093,0.2805228094421093,0.2805228094421093,0.40866496373349814,0.2805228094421092,0.28052280944210983,0.34459388658780343,0.2805228094421092,0.2805228094421098,0.34459388658780343,0.2805228094421092,0.2805228094421092,0.4086649637334979,0.2805228094421093,0.34272114875026966,0.2163547657494325,0.40876193028047997,0.27865007160457567,0.3445938865878034,0.21645173229641448,0.40866496373349914,0.21645173229641448,0.34459388658780327,0.21645173229641448,0.40866496373349814,0.21457899445888093,0.40866496373349803,0.2805228094421091,0.40866496373349914,0.21645173229641448,0.34272114875026966,0.21083351878381373,0.276777333767042
0.6313466136423213,0.21497698512843386,0.2786500716045745,0.14213414255858872,0.21497698512843375,0.13907755719402062,0.21192039976386584,0.35149291417441914,0.14519072792315663,0.13907755719402062,0.21192039976386584,0.14213414255858867,0.07234788535331073,0.28170665696914243,0.07540447071787876,0.13907755719402068,0.1421341425585886,0.14519072792315663,0.20886381439929785,0.21192039976386584,0.14213414255858872,0.14213414255858867,0.07234788535331073,0.14213414255858867,0.1421341425585886,0.07234788535331073,0.21192039976386573,0.14213414255858872,0.21192039976386584,0.2817066569691425,0.1421341425585886,0.14213414255858867,0.21192039976386584,0.21192039976386584,0.14213414255858872,0.21192039976386573,0.1421341425585886,0.21192039976386573,0.1421341425585886,0.21192039976386584,0.14213414255858872,0.21192039976386584,0.14213414255858867,0.1421341425585886,0.07234788535331073,0.2817066569691433,0.21192039976386573,0.21192039976386584,0.21192039976386584,0.14213414255858867,0.2817066569691425,0.21497698512843413,0.4182225860151279,0.0754044707178787,0.34843632880985237,0.28170665696914343,0.35149291417441914,0.07234788535331076,0.21497698512843386,0.34843632880985237,0.14213414255858867,0.14213414255858867,0.21192039976386584,0.21192039976386584,0.21192039976386573,0.07234788535331073,0.07234788535331073,0.14213414255858867,0.1421341425585886,0.2817066569691425,0.21192039976386584,0.2817066569691425,0.07540447071787876,0.20886381439929785,0.21192039976386573,0.21192039976386584,0.28170665696914243,0.14213414255858867,0.28476324233371136,0.2786500716045745,0.21192039976386584,0.35149291417441914,0.07234788535331073,0.28170665696914243,0.07234788535331076,0.1421341425585886,0.2817066569691425,0.14213414255858867,0.14213414255858867,0.21192039976386573,0.21192039976386584,0.21192039976386573,0.1421341425585886,0.1421341425585886,0.1421341425585886,0.2817066569691425,0.14213414255858872,0.1421341425585885,0.21192039976386573,0.14213414255858867,0.1421341425585885,0.21192039976386573,0.1421341425585886,0.1421341425585886,0.2817066569691425,0.1421341425585886,0.21192039976386584,0.07540447071787876,0.2786500716045745,0.1421341425585886,0.21192039976386584,0.07234788535331073,0.2817066569691433,0.07234788535331076,0.21192039976386584,0.07234788535331073,0.2817066569691425,0.07234788535331073,0.2817066569691425,0.14213414255858867,0.2817066569691433,0.07234788535331073,0.21192039976386584,0.07234788535331076,0.14213414255858867
0.6835558091347657,0.28092080011166126,0.3445938865878027,0.21192039976386556,0.2809208001116613,0.2101446284733139,0.2791450288211096,0.41359428693559896,0.21369617105441713,0.2101446284733139,0.27914502882110964,0.21192039976386545,0.14469577070662112,0.34636965787835433,0.1464715419971728,0.21014462847331394,0.21192039976386545,0.21369617105441713,0.277369257530558,0.2791450288211096,0.21192039976386545,0.21192039976386545,0.14469577070662107,0.21192039976386545,0.2119203997638654,0.14469577070662112,0.2791450288211096,0.21192039976386545,0.2791450288211096,0.34636965787835433,0.21192039976386545,0.21192039976386545,0.2791450288211097,0.2791450288211096,0.21192039976386562,0.2791450288211096,0.2119203997638654,0.2791450288211096,0.21192039976386545,0.2791450288211096,0.21192039976386556,0.27914502882110964,0.21192039976386545,0.21192039976386545,0.14469577070662107,0.34636965787835555,0.2791450288211096,0.2791450288211096,0.27914502882110953,0.21192039976386545,0.34636965787835433,0.28092080011166237,0.4790431447022913,0.1464715419971728,0.4118185156450485,0.34636965787835555,0.41359428693559896,0.14469577070662112,0.2809208001116613,0.4118185156450484,0.21192039976386545,0.21192039976386545,0.2791450288211096,0.2791450288211096,0.2791450288211096,0.14469577070662107,0.14469577070662107,0.21192039976386545,0.21192039976386545,0.34636965787835433,0.2791450288211096,0.34636965787835433,0.1464715419971728,0.27736925753055797,0.27914502882110964,0.2791450288211097,0.3463696578783542,0.2119203997638654,0.34814542916890706,0.34459388658780266,0.2791450288211097,0.41359428693559885,0.14469577070662112,0.34636965787835433,0.14469577070662112,0.2119203997638654,0.34636965787835433,0.21192039976386545,0.21192039976386545,0.27914502882110964,0.2791450288211096,0.27914502882110964,0.2119203997638654,0.21192039976386545,0.21192039976386545,0.3463696578783542,0.21192039976386545,0.2119203997638661,0.2791450288211096,0.21192039976386556,0.2119203997638661,0.27914502882110964,0.21192039976386545,0.21192039976386545,0.3463696578783542,0.21192039976386545,0.2791450288211096,0.1464715419971728,0.3445938865878027,0.2119203997638654,0.27914502882110964,0.14469577070662112,0.34636965787835544,0.14469577070662112,0.27914502882110964,0.14469577070662107,0.34636965787835433,0.14469577070662112,0.34636965787835433,0.21192039976386556,0.34636965787835544,0.14469577070662112,0.27914502882110964,0.14469577070662107,0.21192039976386556
0.5791374181498775,0.1452876944701386,0.21645173229641398,0.07234788535331067,0.14528769447013865,0.07175596158979348,0.1446957707066214,0.2893915414132406,0.0729398091168279,0.07175596158979348,0.14469577070662135,0.07234788535331067,1.094529647423081e-16,0.21704365605993112,0.0005919237635173503,0.07175596158979348,0.07234788535331067,0.0729398091168279,0.14410384694310416,0.1446957707066214,0.07234788535331073,0.07234788535331073,1.3681620592788513e-16,0.07234788535331073,0.07234788535331067,1.3681620592788513e-16,0.14469577070662135,0.07234788535331067,0.14469577070662146,0.21704365605993117,0.07234788535331073,0.07234788535331067,0.14469577070662135,0.14469577070662135,0.07234788535331067,0.14469577070662135,0.07234788535331073,0.14469577070662135,0.07234788535331067,0.14469577070662146,0.07234788535331067,0.1446957707066214,0.07234788535331067,0.07234788535331067,1.3681620592788513e-16,0.2170436560599314,0.14469577070662135,0.1446957707066214,0.1446957707066214,0.07234788535331067,0.21704365605993117,0.14528769447013848,0.361147503003033,0.0005919237635173503,0.2887996176497241,0.21704365605993156,0.2893915414132406,1.3681620592788513e-16,0.1452876944701387,0.2887996176497241,0.07234788535331067,0.07234788535331067,0.14469577070662135,0.14469577070662146,0.14469577070662135,1.3681620592788513e-16,1.3681620592788513e-16,0.07234788535331073,0.07234788535331067,0.21704365605993112,0.1446957707066214,0.21704365605993117,0.0005919237635173503,0.1441038469431041,0.14469577070662135,0.14469577070662135,0.21704365605993112,0.07234788535331067,0.2176355798234487,0.21645173229641398,0.14469577070662135,0.2893915414132406,1.094529647423081e-16,0.21704365605993112,1.094529647423081e-16,0.07234788535331067,0.21704365605993117,0.07234788535331073,0.07234788535331067,0.1446957707066214,0.1446957707066214,0.14469577070662135,0.07234788535331067,0.07234788535331073,0.07234788535331067,0.21704365605993112,0.07234788535331067,0.07234788535331078,0.14469577070662135,0.07234788535331073,0.07234788535331078,0.14469577070662135,0.07234788535331067,0.07234788535331067,0.21704365605993117,0.07234788535331067,0.14469577070662146,0.000591923763517323,0.21645173229641396,0.07234788535331073,0.14469577070662135,1.094529647423081e-16,0.21704365605993145,1.094529647423081e-16,0.14469577070662146,1.3681620592788513e-16,0.21704365605993117,1.3681620592788513e-16,0.21704365605993117,0.07234788535331067,0.21704365605993145,1.094529647423081e-16,0.14469577070662146,1.3681620592788513e-16,0.07234788535331073
0.7357650046272108,0.3487373529324235,0.4086649637334977,0.28170665696914343,0.34873735293242364,0.2793389619150745,0.34636965787835466,0.4756956596967785,0.2840743520232122,0.27933896191507446,0.3463696578783548,0.28170665696914343,0.21704365605993123,0.41103265878756656,0.21941135111400004,0.2793389619150745,0.2817066569691433,0.2840743520232122,0.3440019628242859,0.3463696578783548,0.28170665696914343,0.28170665696914343,0.21704365605993117,0.2817066569691433,0.2817066569691433,0.21704365605993123,0.3463696578783548,0.28170665696914343,0.3463696578783548,0.41103265878756645,0.28170665696914343,0.28170665696914343,0.3463696578783548,0.3463696578783548,0.28170665696914343,0.3463696578783548,0.28170665696914343,0.3463696578783548,0.28170665696914343,0.3463696578783548,0.2817066569691433,0.3463696578783548,0.2817066569691433,0.28170665696914343,0.21704365605993117,0.4110326587875679,0.3463696578783548,0.3463696578783548,0.3463696578783548,0.28170665696914343,0.41103265878756645,0.3487373529324247,0.5379909655519213,0.2194113511140001,0.4733279646427109,0.4110326587875678,0.4756956596967785,0.21704365605993117,0.3487373529324235,0.47332796464271076,0.28170665696914343,0.2817066569691435,0.3463696578783548,0.3463696578783548,0.3463696578783548,0.21704365605993117,0.21704365605993117,0.28170665696914343,0.2817066569691433,0.4110326587875667,0.3463696578783548,0.41103265878756656,0.2194113511140001,0.34400196282428575,0.3463696578783548,0.3463696578783548,0.41103265878756645,0.28170665696914343,0.41340035384163654,0.4086649637334976,0.34636965787835466,0.4756956596967783,0.21704365605993117,0.41103265878756656,0.21704365605993117,0.28170665696914343,0.41103265878756656,0.2817066569691433,0.28170665696914343,0.3463696578783548,0.34636965787835466,0.3463696578783548,0.28170665696914343,0.28170665696914343,0.28170665696914343,0.41103265878756656,0.28170665696914343,0.28170665696914404,0.3463696578783548,0.2817066569691433,0.28170665696914404,0.3463696578783548,0.28170665696914343,0.28170665696914343,0.41103265878756645,0.28170665696914343,0.34636965787835466,0.21941135111400004,0.4086649637334977,0.2817066569691433,0.3463696578783548,0.21704365605993117,0.4110326587875677,0.21704365605993117,0.3463696578783548,0.21704365605993117,0.41103265878756656,0.21704365605993123,0.41103265878756656,0.28170665696914327,0.4110326587875677,0.21704365605993117,0.3463696578783548,0.21704365605993117,0.28170665696914343
0.5791374181498777,0.1452876944701386,0.21645173229641432,0.07234788535331065,0.1452876944701386,0.0717559615897934,0.14469577070662135,0.28939154141324225,0.07293980911682786,0.07175596158979337,0.14469577070662135,0.07234788535331065,2.7363241185577025e-17,0.21704365605993156,0.0005919237635172408,0.07175596158979343,0.07234788535331062,0.07293980911682786,0.14410384694310416,0.14469577070662135,0.07234788535331065,0.07234788535331065,5.472648237115405e-17,0.07234788535331065,0.07234788535331062,5.472648237115405e-17,0.14469577070662135,0.07234788535331067,0.14469577070662135,0.21704365605993156,0.07234788535331062,0.07234788535331062,0.14469577070662135,0.14469577070662135,0.07234788535331067,0.14469577070662135,0.07234788535331062,0.14469577070662135,0.07234788535331062,0.14469577070662135,0.07234788535331065,0.14469577070662135,0.07234788535331065,0.07234788535331062,5.472648237115405e-17,0.21704365605993173,0.14469577070662135,0.14469577070662135,0.14469577070662135,0.07234788535331065,0.21704365605993156,0.14528769447013837,0.3611475030030343,0.0005919237635172682,0.28879961764972517,0.21704365605993173,0.28939154141324225,5.472648237115405e-17,0.1452876944701386,0.2887996176497251,0.07234788535331065,0.07234788535331065,0.14469577070662135,0.14469577070662135,0.14469577070662135,5.472648237115405e-17,5.472648237115405e-17,0.07234788535331065,0.07234788535331062,0.21704365605993162,0.14469577070662135,0.21704365605993162,0.0005919237635172682,0.1441038469431041,0.14469577070662135,0.14469577070662135,0.21704365605993145,0.07234788535331062,0.2176355798234488,0.21645173229641432,0.14469577070662135,0.28939154141324214,5.472648237115405e-17,0.21704365605993156,5.472648237115405e-17,0.07234788535331056,0.21704365605993162,0.07234788535331065,0.07234788535331065,0.14469577070662135,0.14469577070662135,0.14469577070662135,0.07234788535331056,0.07234788535331062,0.07234788535331062,0.21704365605993156,0.07234788535331067,0.07234788535331048,0.14469577070662135,0.07234788535331065,0.07234788535331048,0.14469577070662135,0.07234788535331062,0.07234788535331062,0.21704365605993156,0.07234788535331062,0.14469577070662135,0.0005919237635172408,0.21645173229641437,0.07234788535331062,0.14469577070662135,5.472648237115405e-17,0.21704365605993167,5.472648237115405e-17,0.14469577070662135,5.472648237115405e-17,0.21704365605993162,2.7363241185577025e-17,0.21704365605993162,0.07234788535331065,0.21704365605993162,5.472648237115405e-17,0.14469577070662135,5.472648237115405e-17,0.07234788535331065
0.6835558091347665,0.28092080011166265,0.3445938865878035,0.2119203997638662,0.2809208001116627,0.2101446284733146,0.2791450288211111,0.4135942869355992,0.21369617105441782,0.2101446284733146,0.2791450288211111,0.2119203997638662,0.14469577070662112,0.346369657878355,0.14647154199717274,0.2101446284733146,0.2119203997638662,0.21369617105441782,0.27736925753055947,0.27914502882111114,0.21192039976386615,0.21192039976386615,0.14469577070662107,0.21192039976386615,0.2119203997638662,0.14469577070662112,0.2791450288211111,0.21192039976386615,0.2791450288211111,0.346369657878355,0.2119203997638662,0.2119203997638662,0.2791450288211111,0.27914502882111114,0.2119203997638663,0.27914502882111114,0.21192039976386615,0.27914502882111114,0.2119203997638662,0.27914502882111114,0.21192039976386615,0.27914502882111114,0.2119203997638661,0.2119203997638662,0.14469577070662107,0.34636965787835583,0.27914502882111114,0.27914502882111114,0.27914502882111114,0.2119203997638662,0.3463696578783551,0.2809208001116629,0.4790431447022921,0.14647154199717274,0.41181851564504873,0.34636965787835583,0.4135942869355993,0.14469577070662112,0.2809208001116627,0.4118185156450486,0.2119203997638662,0.2119203997638662,0.2791450288211111,0.2791450288211111,0.27914502882111114,0.14469577070662107,0.14469577070662107,0.2119203997638662,0.2119203997638663,0.3463696578783551,0.27914502882111114,0.3463696578783551,0.1464715419971728,0.2773692575305594,0.27914502882111114,0.2791450288211111,0.3463696578783551,0.2119203997638662,0.3481454291689075,0.3445938865878035,0.279145028821111,0.4135942869355992,0.14469577070662112,0.3463696578783551,0.14469577070662112,0.2119203997638662,0.3463696578783551,0.21192039976386615,0.2119203997638662,0.27914502882111114,0.2791450288211111,0.27914502882111114,0.21192039976386615,0.2119203997638662,0.2119203997638662,0.3463696578783551,0.2119203997638661,0.2119203997638661,0.27914502882111114,0.2119203997638662,0.21192039976386615,0.27914502882111114,0.2119203997638662,0.21192039976386615,0.3463696578783551,0.2119203997638662,0.279145028821111,0.14647154199717274,0.3445938865878035,0.2119203997638662,0.2791450288211111,0.14469577070662112,0.34636965787835583,0.14469577070662112,0.2791450288211111,0.14469577070662107,0.3463696578783551,0.14469577070662112,0.3463696578783551,0.21192039976386615,0.34636965787835583,0.14469577070662112,0.2791450288211111,0.14469577070662112,0.2119203997638662
0.5791374181498767,0.14528769447013878,0.2164517322964142,0.07234788535331088,0.14528769447013878,0.07175596158979368,0.14469577070662162,0.2893915414132407,0.0729398091168281,0.07175596158979368,0.14469577070662162,0.07234788535331088,2.189059294846162e-16,0.2170436560599314,0.0005919237635174051,0.07175596158979368,0.07234788535331088,0.0729398091168281,0.14410384694310438,0.14469577070662162,0.07234788535331088,0.07234788535331088,1.9154268829903917e-16,0.07234788535331088,0.07234788535331088,1.9154268829903917e-16,0.14469577070662162,0.07234788535331088,0.14469577070662162,0.2170436560599314,0.07234788535331088,0.07234788535331088,0.14469577070662162,0.14469577070662162,0.07234788535331088,0.14469577070662157,0.07234788535331088,0.14469577070662162,0.07234788535331088,0.14469577070662162,0.07234788535331088,0.14469577070662162,0.07234788535331088,0.07234788535331088,1.9154268829903917e-16,0.21704365605993167,0.14469577070662162,0.14469577070662162,0.14469577070662157,0.07234788535331088,0.2170436560599314,0.1452876944701387,0.3611475030030329,0.0005919237635174051,0.2887996176497244,0.21704365605993173,0.2893915414132407,2.189059294846162e-16,0.14528769447013878,0.28879961764972434,0.07234788535331088,0.07234788535331088,0.14469577070662162,0.14469577070662162,0.14469577070662162,1.9154268829903917e-16,1.9154268829903917e-16,0.07234788535331088,0.07234788535331088,0.2170436560599314,0.14469577070662157,0.2170436560599314,0.0005919237635174051,0.14410384694310438,0.14469577070662162,0.14469577070662162,0.21704365605993134,0.07234788535331088,0.21763557982344897,0.2164517322964142,0.14469577070662162,0.2893915414132408,1.9154268829903917e-16,0.2170436560599314,1.9154268829903917e-16,0.07234788535331088,0.2170436560599314,0.07234788535331088,0.07234788535331088,0.14469577070662157,0.14469577070662162,0.14469577070662162,0.07234788535331088,0.07234788535331088,0.07234788535331088,0.21704365605993134,0.07234788535331088,0.07234788535331062,0.14469577070662157,0.07234788535331088,0.07234788535331062,0.14469577070662162,0.07234788535331088,0.07234788535331088,0.2170436560599314,0.07234788535331088,0.14469577070662162,0.0005919237635174051,0.21645173229641415,0.07234788535331088,0.14469577070662162,1.9154268829903917e-16,0.21704365605993173,1.9154268829903917e-16,0.14469577070662162,1.9154268829903917e-16,0.2170436560599314,1.9154268829903917e-16,0.2170436560599314,0.07234788535331088,0.21704365605993173,1.9154268829903917e-16,0.14469577070662162,1.9154268829903917e-16,0.07234788535331085
0.7357650046272108,0.3487373529324238,0.40866496373349825,0.2817066569691436,0.3487373529324239,0.2793389619150746,0.3463696578783551,0.4756956596967792,0.2840743520232124,0.2793389619150746,0.346369657878355,0.2817066569691436,0.21704365605993162,0.411032658787567,0.21941135111400054,0.27933896191507473,0.28170665696914354,0.2840743520232123,0.3440019628242862,0.3463696578783551,0.28170665696914354,0.2817066569691436,0.21704365605993167,0.2817066569691435,0.2817066569691435,0.21704365605993162,0.346369657878355,0.28170665696914354,0.3463696578783551,0.4110326587875669,0.2817066569691436,0.28170665696914354,0.3463696578783551,0.346369657878355,0.28170665696914354,0.3463696578783551,0.28170665696914354,0.3463696578783551,0.2817066569691435,0.346369657878355,0.2817066569691436,0.3463696578783551,0.28170665696914354,0.2817066569691436,0.21704365605993167,0.4110326587875681,0.3463696578783551,0.3463696578783551,0.3463696578783551,0.2817066569691436,0.411032658787567,0.3487373529324247,0.5379909655519215,0.21941135111400054,0.47332796464271115,0.4110326587875679,0.4756956596967792,0.21704365605993167,0.3487373529324239,0.4733279646427111,0.2817066569691436,0.2817066569691436,0.3463696578783551,0.346369657878355,0.3463696578783551,0.21704365605993167,0.21704365605993167,0.28170665696914354,0.2817066569691435,0.4110326587875671,0.3463696578783551,0.4110326587875671,0.2194113511140006,0.344001962824286,0.3463696578783551,0.3463696578783551,0.411032658787567,0.28170665696914354,0.41340035384163676,0.40866496373349814,0.346369657878355,0.47569565969677885,0.21704365605993167,0.4110326587875671,0.21704365605993167,0.28170665696914354,0.4110326587875671,0.28170665696914354,0.2817066569691436,0.3463696578783551,0.346369657878355,0.3463696578783551,0.28170665696914354,0.2817066569691436,0.28170665696914354,0.4110326587875671,0.28170665696914354,0.281706656969144,0.3463696578783551,0.2817066569691436,0.28170665696914393,0.3463696578783551,0.2817066569691435,0.28170665696914354,0.4110326587875669,0.28170665696914354,0.346369657878355,0.21941135111400054,0.40866496373349814,0.2817066569691435,0.3463696578783551,0.21704365605993167,0.4110326587875679,0.21704365605993167,0.346369657878355,0.21704365605993167,0.411032658787567,0.21704365605993173,0.411032658787567,0.28170665696914354,0.4110326587875679,0.21704365605993167,0.346369657878355,0.21704365605993167,0.28170665696914354
0.5791374181498767,0.14716043230767228,0.21457899445888057,0.07234788535331085,0.14716043230767228,0.06988322375226007,0.1446957707066215,0.2893915414132406,0.07481254695436165,0.06988322375226007,0.1446957707066215,0.07234788535331085,1.6417944711346214e-16,0.21704365605993117,0.002464661601050957,0.06988322375226007,0.07234788535331085,0.0748125469543616,0.1422311091055707,0.14469577070662146,0.07234788535331081,0.07234788535331081,1.6417944711346214e-16,0.07234788535331081,0.07234788535331085,1.6417944711346214e-16,0.1446957707066215,0.07234788535331081,0.14469577070662146,0.21704365605993123,0.07234788535331085,0.07234788535331085,0.1446957707066215,0.1446957707066215,0.07234788535331085,0.1446957707066215,0.07234788535331085,0.1446957707066215,0.07234788535331085,0.1446957707066215,0.07234788535331081,0.14469577070662146,0.07234788535331085,0.07234788535331085,1.6417944711346214e-16,0.21704365605993167,0.1446957707066215,0.14469577070662146,0.14469577070662146,0.07234788535331085,0.21704365605993117,0.14716043230767228,0.3592747651654993,0.0024646616010509845,0.28692687981219067,0.21704365605993173,0.2893915414132406,1.6417944711346214e-16,0.14716043230767223,0.28692687981219067,0.07234788535331085,0.07234788535331081,0.1446957707066215,0.14469577070662146,0.1446957707066215,1.6417944711346214e-16,1.6417944711346214e-16,0.07234788535331081,0.07234788535331085,0.21704365605993117,0.14469577070662146,0.21704365605993117,0.002464661601050957,0.1422311091055707,0.1446957707066215,0.14469577070662146,0.21704365605993117,0.07234788535331085,0.21950831766098247,0.21457899445888046,0.1446957707066215,0.2893915414132406,1.6417944711346214e-16,0.21704365605993117,1.6417944711346214e-16,0.07234788535331085,0.21704365605993117,0.07234788535331085,0.07234788535331085,0.1446957707066215,0.1446957707066215,0.1446957707066215,0.07234788535331085,0.07234788535331085,0.07234788535331085,0.21704365605993117,0.07234788535331081,0.07234788535331065,0.1446957707066215,0.07234788535331085,0.07234788535331065,0.1446957707066215,0.07234788535331085,0.07234788535331085,0.21704365605993117,0.07234788535331085,0.1446957707066215,0.002464661601050957,0.21457899445888046,0.07234788535331085,0.1446957707066215,1.6417944711346214e-16,0.21704365605993167,1.6417944711346214e-16,0.1446957707066215,1.6417944711346214e-16,0.21704365605993117,1.6417944711346214e-16,0.21704365605993117,0.07234788535331085,0.21704365605993173,1.6417944711346214e-16,0.14469577070662146,1.6417944711346214e-16,0.07234788535331081
0.7357650046272105,0.34873735293242375,0.4086649637334979,0.28170665696914354,0.3487373529324238,0.27933896191507473,0.346369657878355,0.47569565969677896,0.2840743520232124,0.2793389619150746,0.3463696578783549,0.2817066569691436,0.21704365605993134,0.4110326587875669,0.21941135111400015,0.27933896191507473,0.28170665696914354,0.2840743520232123,0.344001962824286,0.346369657878355,0.28170665696914354,0.2817066569691436,0.21704365605993134,0.28170665696914354,0.2817066569691435,0.21704365605993134,0.3463696578783549,0.28170665696914354,0.346369657878355,0.4110326587875667,0.2817066569691436,0.2817066569691436,0.346369657878355,0.346369657878355,0.28170665696914354,0.346369657878355,0.2817066569691436,0.346369657878355,0.2817066569691435,0.346369657878355,0.28170665696914354,0.346369657878355,0.28170665696914354,0.2817066569691436,0.21704365605993134,0.4110326587875679,0.346369657878355,0.346369657878355,0.346369657878355,0.2817066569691436,0.4110326587875668,0.3487373529324247,0.5379909655519215,0.2194113511140002,0.4733279646427111,0.4110326587875679,0.47569565969677896,0.21704365605993123,0.3487373529324239,0.473327964642711,0.2817066569691436,0.2817066569691436,0.346369657878355,0.346369657878355,0.346369657878355,0.21704365605993134,0.21704365605993123,0.28170665696914354,0.2817066569691435,0.4110326587875669,0.346369657878355,0.4110326587875669,0.21941135111400015,0.34400196282428597,0.346369657878355,0.346369657878355,0.4110326587875669,0.2817066569691436,0.41340035384163665,0.40866496373349803,0.346369657878355,0.47569565969677874,0.21704365605993123,0.4110326587875669,0.21704365605993134,0.28170665696914354,0.4110326587875669,0.28170665696914354,0.2817066569691436,0.346369657878355,0.3463696578783549,0.346369657878355,0.28170665696914354,0.2817066569691436,0.28170665696914354,0.4110326587875669,0.2817066569691436,0.2817066569691441,0.346369657878355,0.28170665696914354,0.281706656969144,0.346369657878355,0.2817066569691435,0.28170665696914354,0.4110326587875667,0.28170665696914354,0.3463696578783548,0.21941135111400015,0.40866496373349803,0.28170665696914354,0.346369657878355,0.21704365605993123,0.4110326587875679,0.21704365605993134,0.346369657878355,0.21704365605993134,0.4110326587875669,0.2170436560599314,0.4110326587875669,0.2817066569691435,0.4110326587875679,0.21704365605993123,0.346369657878355,0.21704365605993117,0.2817066569691435
0.6313466136423215,0.21310424729090005,0.28052280944210845,0.1421341425585885,0.21310424729090005,0.14095029503155412,0.21192039976386556,0.3514929141744206,0.14331799008562293,0.14095029503155407,0.21192039976386562,0.14213414255858844,0.07234788535331065,0.2817066569691428,0.07353173288034504,0.14095029503155407,0.14213414255858844,0.14331799008562293,0.2107365522368312,0.21192039976386556,0.14213414255858844,0.14213414255858844,0.07234788535331062,0.14213414255858844,0.1421341425585885,0.07234788535331065,0.21192039976386556,0.1421341425585885,0.21192039976386556,0.2817066569691428,0.14213414255858844,0.14213414255858844,0.21192039976386556,0.21192039976386556,0.1421341425585885,0.21192039976386556,0.14213414255858844,0.21192039976386556,0.1421341425585885,0.21192039976386562,0.14213414255858844,0.21192039976386562,0.14213414255858844,0.14213414255858844,0.07234788535331062,0.2817066569691436,0.21192039976386556,0.21192039976386556,0.21192039976386556,0.14213414255858844,0.2817066569691428,0.21310424729090058,0.4200953238526627,0.07353173288034501,0.3503090666473867,0.28170665696914354,0.3514929141744206,0.07234788535331065,0.21310424729090005,0.3503090666473867,0.14213414255858844,0.14213414255858844,0.21192039976386556,0.21192039976386556,0.21192039976386556,0.07234788535331062,0.07234788535331062,0.14213414255858844,0.14213414255858856,0.2817066569691428,0.21192039976386556,0.2817066569691428,0.07353173288034504,0.21073655223683113,0.21192039976386556,0.21192039976386562,0.28170665696914277,0.14213414255858844,0.282890504496178,0.28052280944210845,0.21192039976386562,0.35149291417442047,0.07234788535331065,0.2817066569691428,0.07234788535331062,0.1421341425585885,0.2817066569691428,0.1421341425585885,0.14213414255858844,0.21192039976386556,0.21192039976386556,0.21192039976386556,0.1421341425585885,0.14213414255858844,0.14213414255858844,0.2817066569691428,0.1421341425585885,0.14213414255858833,0.21192039976386556,0.14213414255858844,0.1421341425585884,0.21192039976386556,0.1421341425585885,0.1421341425585885,0.28170665696914277,0.14213414255858844,0.21192039976386556,0.07353173288034504,0.28052280944210845,0.1421341425585885,0.21192039976386556,0.07234788535331065,0.28170665696914354,0.07234788535331062,0.21192039976386562,0.07234788535331062,0.2817066569691428,0.07234788535331062,0.2817066569691428,0.14213414255858844,0.2817066569691435,0.07234788535331065,0.21192039976386562,0.07234788535331062,0.14213414255858856
0.7357650046272122,0.34873735293242525,0.40866496373350025,0.28170665696914426,0.34873735293242547,0.27933896191507535,0.3463696578783567,0.4756956596967808,0.284074352023213,0.2793389619150754,0.3463696578783565,0.28170665696914426,0.21704365605993162,0.411032658787569,0.21941135111400042,0.27933896191507535,0.28170665696914426,0.28407435202321296,0.3440019628242877,0.3463696578783567,0.2817066569691441,0.28170665696914426,0.21704365605993162,0.28170665696914404,0.28170665696914426,0.21704365605993162,0.3463696578783566,0.2817066569691442,0.3463696578783567,0.4110326587875688,0.28170665696914426,0.28170665696914426,0.3463696578783565,0.3463696578783566,0.2817066569691442,0.34636965787835683,0.28170665696914426,0.3463696578783567,0.28170665696914426,0.3463696578783566,0.2817066569691441,0.3463696578783567,0.2817066569691441,0.28170665696914426,0.21704365605993162,0.4110326587875692,0.3463696578783567,0.3463696578783567,0.3463696578783567,0.28170665696914426,0.411032658787569,0.34873735293242525,0.5379909655519229,0.21941135111400042,0.47332796464271226,0.411032658787569,0.4756956596967808,0.21704365605993156,0.34873735293242547,0.47332796464271204,0.28170665696914426,0.28170665696914426,0.3463696578783567,0.3463696578783566,0.3463696578783567,0.21704365605993162,0.21704365605993162,0.2817066569691442,0.2817066569691443,0.4110326587875691,0.3463696578783567,0.4110326587875691,0.21941135111400054,0.3440019628242876,0.34636965787835683,0.3463696578783565,0.4110326587875691,0.28170665696914426,0.4134003538416378,0.40866496373350025,0.3463696578783564,0.47569565969678046,0.21704365605993162,0.4110326587875691,0.21704365605993162,0.2817066569691443,0.4110326587875692,0.2817066569691442,0.28170665696914426,0.3463696578783567,0.3463696578783565,0.34636965787835683,0.2817066569691443,0.28170665696914426,0.2817066569691443,0.41103265878756934,0.2817066569691441,0.28170665696914393,0.3463696578783567,0.2817066569691442,0.281706656969144,0.34636965787835683,0.28170665696914426,0.2817066569691442,0.4110326587875689,0.2817066569691443,0.3463696578783565,0.21941135111400054,0.40866496373350025,0.28170665696914426,0.3463696578783567,0.21704365605993162,0.4110326587875692,0.21704365605993162,0.3463696578783565,0.21704365605993162,0.4110326587875691,0.21704365605993167,0.4110326587875691,0.28170665696914404,0.4110326587875691,0.21704365605993162,0.3463696578783565,0.21704365605993162,0.28170665696914426
0.5791374181498775,0.14528769447013865,0.21645173229641398,0.07234788535331073,0.1452876944701386,0.07175596158979351,0.1446957707066214,0.2893915414132406,0.0729398091168279,0.07175596158979351,0.1446957707066214,0.07234788535331073,1.094529647423081e-16,0.21704365605993112,0.0005919237635173503,0.07175596158979348,0.07234788535331073,0.0729398091168279,0.14410384694310416,0.1446957707066214,0.07234788535331073,0.07234788535331073,1.3681620592788513e-16,0.07234788535331073,0.07234788535331073,1.3681620592788513e-16,0.14469577070662135,0.07234788535331073,0.1446957707066214,0.21704365605993117,0.07234788535331073,0.07234788535331073,0.1446957707066214,0.14469577070662135,0.07234788535331073,0.1446957707066214,0.07234788535331073,0.14469577070662135,0.07234788535331073,0.14469577070662146,0.07234788535331073,0.14469577070662135,0.07234788535331073,0.07234788535331073,1.3681620592788513e-16,0.2170436560599314,0.1446957707066214,0.1446957707066214,0.14469577070662146,0.07234788535331073,0.21704365605993117,0.14528769447013848,0.3611475030030328,0.0005919237635173503,0.2887996176497241,0.21704365605993156,0.2893915414132406,1.3681620592788513e-16,0.1452876944701387,0.2887996176497241,0.07234788535331073,0.07234788535331073,0.14469577070662135,0.1446957707066214,0.1446957707066214,1.3681620592788513e-16,1.3681620592788513e-16,0.07234788535331073,0.07234788535331073,0.21704365605993117,0.14469577070662146,0.21704365605993117,0.0005919237635173503,0.14410384694310416,0.14469577070662135,0.14469577070662135,0.21704365605993117,0.07234788535331073,0.2176355798234488,0.21645173229641398,0.1446957707066214,0.2893915414132406,1.3681620592788513e-16,0.21704365605993117,1.3681620592788513e-16,0.07234788535331073,0.21704365605993117,0.07234788535331073,0.07234788535331073,0.1446957707066214,0.14469577070662135,0.14469577070662135,0.07234788535331073,0.07234788535331073,0.07234788535331073,0.21704365605993117,0.07234788535331073,0.07234788535331078,0.1446957707066214,0.07234788535331073,0.07234788535331078,0.14469577070662135,0.07234788535331073,0.07234788535331073,0.21704365605993117,0.07234788535331073,0.1446957707066214,0.0005919237635173503,0.21645173229641398,0.07234788535331073,0.14469577070662135,1.3681620592788513e-16,0.21704365605993145,1.3681620592788513e-16,0.1446957707066214,1.3681620592788513e-16,0.21704365605993117,1.3681620592788513e-16,0.21704365605993117,0.07234788535331073,0.21704365605993145,1.3681620592788513e-16,0.1446957707066214,1.3681620592788513e-16,0.07234788535331073
0.6835558091347665,0.282793537949196,0.3427211487502699,0.2119203997638661,0.2827935379491961,0.2082718906357809,0.27914502882111086,0.4135942869356002,0.21556890889195132,0.20827189063578094,0.27914502882111086,0.21192039976386598,0.14469577070662107,0.3463696578783551,0.14834427983470622,0.20827189063578083,0.2119203997638661,0.2155689088919512,0.2754965196930257,0.2791450288211109,0.21192039976386595,0.21192039976386598,0.144695770706621,0.21192039976386595,0.2119203997638661,0.14469577070662107,0.27914502882111086,0.21192039976386598,0.27914502882111086,0.3463696578783551,0.21192039976386598,0.21192039976386598,0.27914502882111086,0.2791450288211109,0.2119203997638661,0.2791450288211109,0.21192039976386598,0.2791450288211109,0.2119203997638661,0.2791450288211109,0.21192039976386595,0.2791450288211109,0.21192039976386595,0.21192039976386598,0.144695770706621,0.34636965787835594,0.2791450288211109,0.2791450288211109,0.2791450288211109,0.21192039976386598,0.3463696578783551,0.2827935379491964,0.47717040686475914,0.14834427983470622,0.40994577780751557,0.34636965787835594,0.4135942869356003,0.14469577070662107,0.2827935379491961,0.40994577780751557,0.21192039976386598,0.21192039976386598,0.27914502882111086,0.27914502882111086,0.2791450288211109,0.144695770706621,0.144695770706621,0.21192039976386598,0.2119203997638662,0.3463696578783552,0.2791450288211109,0.3463696578783552,0.14834427983470622,0.2754965196930256,0.2791450288211109,0.27914502882111086,0.3463696578783551,0.21192039976386598,0.350018167006441,0.3427211487502699,0.2791450288211108,0.41359428693559996,0.14469577070662107,0.3463696578783552,0.144695770706621,0.2119203997638661,0.3463696578783552,0.21192039976386598,0.21192039976386598,0.2791450288211109,0.27914502882111086,0.2791450288211109,0.2119203997638661,0.21192039976386598,0.2119203997638661,0.34636965787835533,0.21192039976386595,0.2119203997638661,0.2791450288211109,0.21192039976386598,0.2119203997638662,0.2791450288211109,0.2119203997638661,0.21192039976386598,0.3463696578783551,0.2119203997638661,0.2791450288211108,0.14834427983470622,0.34272114875026993,0.2119203997638661,0.27914502882111086,0.14469577070662107,0.34636965787835594,0.144695770706621,0.27914502882111086,0.144695770706621,0.3463696578783552,0.14469577070662107,0.3463696578783552,0.21192039976386595,0.3463696578783557,0.14469577070662107,0.27914502882111086,0.14469577070662107,0.21192039976386615
0.579137418149878,0.15090590798273934,0.21083351878381357,0.07234788535331065,0.15090590798273934,0.06613774807719264,0.14469577070662135,0.28939154141324197,0.07855802262942857,0.06613774807719264,0.14469577070662135,0.07234788535331065,2.7363241185577025e-17,0.21704365605993156,0.006210137276118007,0.06613774807719272,0.07234788535331062,0.07855802262942857,0.13848563343050332,0.14469577070662135,0.07234788535331065,0.07234788535331065,5.472648237115405e-17,0.07234788535331065,0.07234788535331062,5.472648237115405e-17,0.14469577070662135,0.07234788535331067,0.14469577070662135,0.21704365605993156,0.07234788535331062,0.07234788535331062,0.14469577070662135,0.14469577070662135,0.07234788535331067,0.14469577070662135,0.07234788535331062,0.14469577070662135,0.07234788535331062,0.14469577070662135,0.07234788535331065,0.14469577070662135,0.07234788535331065,0.07234788535331062,5.472648237115405e-17,0.21704365605993173,0.14469577070662135,0.14469577070662135,0.14469577070662135,0.07234788535331065,0.21704365605993156,0.15090590798273912,0.3555292894904336,0.006210137276118034,0.28318140413712406,0.21704365605993173,0.28939154141324197,5.472648237115405e-17,0.15090590798273934,0.2831814041371243,0.07234788535331065,0.07234788535331065,0.14469577070662135,0.14469577070662135,0.14469577070662135,5.472648237115405e-17,5.472648237115405e-17,0.07234788535331065,0.07234788535331062,0.21704365605993162,0.14469577070662135,0.21704365605993162,0.006210137276118034,0.13848563343050332,0.14469577070662135,0.14469577070662135,0.21704365605993145,0.07234788535331062,0.22325379333604958,0.2108335187838135,0.14469577070662135,0.28939154141324197,5.472648237115405e-17,0.21704365605993156,5.472648237115405e-17,0.07234788535331056,0.21704365605993162,0.07234788535331065,0.07234788535331065,0.14469577070662135,0.14469577070662135,0.14469577070662135,0.07234788535331056,0.07234788535331062,0.07234788535331062,0.21704365605993156,0.07234788535331067,0.07234788535331048,0.14469577070662135,0.07234788535331065,0.0723478853533105,0.14469577070662135,0.07234788535331062,0.07234788535331062,0.21704365605993156,0.07234788535331062,0.14469577070662135,0.006210137276118007,0.21083351878381357,0.07234788535331062,0.14469577070662135,5.472648237115405e-17,0.21704365605993167,5.472648237115405e-17,0.14469577070662135,5.472648237115405e-17,0.21704365605993162,2.7363241185577025e-17,0.21704365605993162,0.07234788535331065,0.21704365605993162,5.472648237115405e-17,0.14469577070662135,5.472648237115405e-17,0.07234788535331065
0.6313466136423219,0.21684972296596797,0.2767773337670425,0.1421341425585886,0.21684972296596802,0.137204819356487,0.21192039976386648,0.35149291417442075,0.14706346576069018,0.13720481935648696,0.21192039976386642,0.1421341425585886,0.07234788535331067,0.2817066569691441,0.0772772085554122,0.137204819356487,0.1421341425585886,0.14706346576069018,0.20699107656176485,0.21192039976386642,0.1421341425585886,0.1421341425585886,0.07234788535331065,0.1421341425585886,0.1421341425585886,0.07234788535331065,0.21192039976386642,0.1421341425585886,0.21192039976386642,0.28170665696914393,0.14213414255858856,0.1421341425585886,0.21192039976386642,0.21192039976386648,0.1421341425585886,0.21192039976386642,0.14213414255858856,0.21192039976386642,0.1421341425585886,0.21192039976386637,0.1421341425585886,0.21192039976386648,0.1421341425585886,0.1421341425585886,0.07234788535331065,0.28170665696914404,0.21192039976386642,0.21192039976386642,0.21192039976386637,0.1421341425585886,0.281706656969144,0.21684972296596802,0.4163498481775958,0.07727720855541223,0.34656359097231976,0.28170665696914404,0.35149291417442075,0.07234788535331065,0.21684972296596802,0.34656359097231976,0.1421341425585886,0.1421341425585886,0.21192039976386648,0.21192039976386642,0.21192039976386642,0.07234788535331065,0.07234788535331062,0.1421341425585886,0.14213414255858867,0.2817066569691442,0.21192039976386642,0.28170665696914404,0.07727720855541223,0.2069910765617648,0.21192039976386648,0.21192039976386648,0.28170665696914404,0.1421341425585886,0.28663598017124564,0.2767773337670425,0.21192039976386648,0.35149291417442075,0.07234788535331065,0.28170665696914404,0.07234788535331065,0.1421341425585886,0.28170665696914404,0.14213414255858856,0.1421341425585886,0.21192039976386637,0.21192039976386642,0.21192039976386648,0.1421341425585886,0.14213414255858856,0.1421341425585886,0.2817066569691441,0.1421341425585886,0.14213414255858822,0.21192039976386642,0.1421341425585886,0.14213414255858822,0.21192039976386648,0.1421341425585886,0.1421341425585886,0.281706656969144,0.1421341425585886,0.21192039976386637,0.07727720855541226,0.2767773337670425,0.1421341425585886,0.21192039976386648,0.07234788535331065,0.28170665696914426,0.07234788535331065,0.21192039976386637,0.07234788535331062,0.28170665696914404,0.07234788535331067,0.28170665696914404,0.1421341425585886,0.28170665696914426,0.07234788535331065,0.21192039976386642,0.07234788535331065,0.1421341425585886
