1.0,0.7321121710275934,0.7335435305417307,0.7364062495700062,0.7853254066316532,0.8542172222957058,0.8570799413239808,0.8186812011791961,0.7585591347413778,0.7364062495700063,0.7008702284534968,0.8022537540643748,0.9290824427532383,0.8046155727747498,0.8017528537464753,0.7676481921441032,0.7705109111723779,0.7349748900558687,0.6951447903969465,0.7321121710275938,0.7142533643986348,0.7883697178013366,0.8876393914387692,0.7912324368296122,0.7719422706865154,0.7364062495700061,0.7349748900558687,0.7364062495700067,0.8387202343771223,0.7690795516582404,0.6994388689393592,0.7008702284534968,0.7364062495700062,0.8046155727747505,0.7690795516582404,0.9381715001559628,0.8046155727747502,0.7321121710275933,0.6994388689393591,0.8372888748629851,0.8890707509529068,0.7201603945965935,0.7719422706865158,0.7008702284534968,0.830132077292297,0.7335435305417309,0.7142533643986347,0.7230231136248686,0.7364062495700062,0.7306808115134562,0.8420838537232981,0.8565790410060813,0.8151359896916126,0.7633541136016905,0.9069295575818656,0.7898010773154748,0.8060469322888875,0.7824626876033787,0.4627636487887793,0.0,0.0,0.0,0.0,0.0,0.0,0.0,0.0,0.0,0.0,0.0,0.0,0.0,0.0,0.0,0.0,0.0,0.0,0.0,0.0,0.0,0.0,0.0,0.0,0.0,0.0,0.0,0.0,0.0,0.0,0.0,0.0,0.0,0.0,0.0,0.0,0.0,0.0,0.0,0.0,0.0,0.0,0.0,0.0,0.0,0.0,0.0,0.0,0.0,0.0,0.0,0.0,0.0,0.0,0.0,0.0,0.0,0.0,0.0,0.0,0.0,0.0,0.0,0.0,0.0,0.0
0.7321121710275901,0.3259052919595142,0.3259052919595142,0.3259052919595142,0.3829373338930992,0.5314281589768722,0.5314281589768729,0.48004744222253337,0.3716346835346083,0.3259052919595141,0.2745245752051742,0.43431805064743956,0.6285382673063069,0.4286667254681929,0.428666725468193,0.3772860087138535,0.3772860087138535,0.32590529195951407,0.2745245752051741,0.3259052919595141,0.2801759003844199,0.4230154002889472,0.5370794841561183,0.42301540028894796,0.3772860087138535,0.3259052919595142,0.32590529195951407,0.32590529195951434,0.48004744222253287,0.3772860087138535,0.2745245752051741,0.2745245752051742,0.3259052919595142,0.42866672546819373,0.37728600871385337,0.6341895924855532,0.42866672546819373,0.325905291959514,0.2745245752051741,0.4800474422225337,0.5370794841561188,0.3202539667802685,0.37728600871385404,0.2745245752051742,0.4800474422225326,0.32590529195951407,0.28017590038442,0.3202539667802684,0.3259052919595142,0.325905291959514,0.4856987674017795,0.5257768337976275,0.43431805064743956,0.3772860087138535,0.5828088757312124,0.42301540028894796,0.428666725468193,0.3829373338930998,0.2087561504321556,0.0,0.0,0.0,0.0,0.0,0.0,0.0,0.0,0.0,0.0,0.0,0.0,0.0,0.0,0.0,0.0,0.0,0.0,0.0,0.0,0.0,0.0,0.0,0.0,0.0,0.0,0.0,0.0,0.0,0.0,0.0,0.0,0.0,0.0,0.0,0.0,0.0,0.0,0.0,0.0,0.0,0.0,0.0,0.0,0.0,0.0,0.0,0.0,0.0,0.0,0.0,0.0,0.0,0.0,0.0,0.0,0.0,0.0,0.0,0.0,0.0,0.0,0.0,0.0,0.0,0.0
0.7335435305417275,0.32590529195951357,0.32590529195951357,0.32590529195951357,0.38150597437896183,0.5314281589768722,0.5314281589768726,0.48004744222253326,0.3730660430487457,0.32590529195951357,0.27452457520517354,0.43288669113330225,0.6299696268204438,0.428666725468193,0.428666725468193,0.3772860087138535,0.3772860087138535,0.3259052919595134,0.27452457520517354,0.32590529195951357,0.2787445408702819,0.4244467598030847,0.5356481246419807,0.4244467598030855,0.3772860087138535,0.32590529195951357,0.32590529195951345,0.325905291959514,0.48004744222253287,0.3772860087138535,0.27452457520517354,0.27452457520517354,0.32590529195951357,0.42866672546819373,0.3772860087138535,0.6341895924855523,0.42866672546819373,0.32590529195951357,0.27452457520517354,0.4800474422225337,0.5356481246419814,0.3216853262944056,0.37728600871385404,0.27452457520517354,0.4800474422225327,0.32590529195951345,0.27874454087028183,0.32168532629440516,0.32590529195951357,0.32590529195951345,0.48426740788764183,0.5272081933117646,0.4328866911333021,0.3772860087138535,0.5828088757312124,0.42444675980308544,0.428666725468193,0.38150597437896233,0.21018750994629307,0.0,0.0,0.0,0.0,0.0,0.0,0.0,0.0,0.0,0.0,0.0,0.0,0.0,0.0,0.0,0.0,0.0,0.0,0.0,0.0,0.0,0.0,0.0,0.0,0.0,0.0,0.0,0.0,0.0,0.0,0.0,0.0,0.0,0.0,0.0,0.0,0.0,0.0,0.0,0.0,0.0,0.0,0.0,0.0,0.0,0.0,0.0,0.0,0.0,0.0,0.0,0.0,0.0,0.0,0.0,0.0,0.0,0.0,0.0,0.0,0.0,0.0,0.0,0.0,0.0,0.0
0.7364062495700017,0.32590529195951357,0.32590529195951357,0.32590529195951357,0.37864325535068694,0.5314281589768715,0.5314281589768722,0.4800474422225331,0.37592876207702075,0.32590529195951357,0.2745245752051736,0.43002397210502724,0.632832345848718,0.42866672546819273,0.42866672546819284,0.3772860087138535,0.3772860087138535,0.32590529195951345,0.27452457520517365,0.32590529195951357,0.27588182184200705,0.42730947883135934,0.5327854056137048,0.4273094788313603,0.3772860087138535,0.32590529195951357,0.32590529195951357,0.32590529195951423,0.4800474422225321,0.3772860087138535,0.2745245752051736,0.2745245752051736,0.32590529195951357,0.4286667254681937,0.3772860087138535,0.6341895924855521,0.4286667254681937,0.32590529195951357,0.27452457520517365,0.4800474422225332,0.5327854056137058,0.3245480453226808,0.37728600871385415,0.2745245752051736,0.480047442222532,0.32590529195951357,0.27588182184200705,0.3245480453226801,0.32590529195951357,0.32590529195951357,0.4814046888593665,0.5300709123400389,0.43002397210502713,0.3772860087138535,0.5828088757312115,0.42730947883136017,0.42866672546819284,0.37864325535068755,0.213050228974568,0.0,0.0,0.0,0.0,0.0,0.0,0.0,0.0,0.0,0.0,0.0,0.0,0.0,0.0,0.0,0.0,0.0,0.0,0.0,0.0,0.0,0.0,0.0,0.0,0.0,0.0,0.0,0.0,0.0,0.0,0.0,0.0,0.0,0.0,0.0,0.0,0.0,0.0,0.0,0.0,0.0,0.0,0.0,0.0,0.0,0.0,0.0,0.0,0.0,0.0,0.0,0.0,0.0,0.0,0.0,0.0,0.0,0.0,0.0,0.0,0.0,0.0,0.0,0.0,0.0,0.0
0.7853254066316497,0.3829373338930992,0.3815059743789617,0.37864325535068677,0.432211936955778,0.6024773445426154,0.5996146255143414,0.5526021001797183,0.42482506247139257,0.37864325535068677,0.3287680109877889,0.5006948550024637,0.6813580818565709,0.4812564631047575,0.48411918213303257,0.4328125782559971,0.42994985922772216,0.3800746148648242,0.3344934490443387,0.3829373338930992,0.3324614482299821,0.48042574489083933,0.5861317485868847,0.4775630258625655,0.4285184997135848,0.3786432553506869,0.3800746148648242,0.37864325535068766,0.5325630669817933,0.43138121874185964,0.33019937050192627,0.3287680109877889,0.37864325535068677,0.4812564631047587,0.43138121874185953,0.6893455976411771,0.4812564631047587,0.38293733389309903,0.33019937050192627,0.5339944264959314,0.5847003890727479,0.37781253713676927,0.4285184997135858,0.3287680109877889,0.5411512240666179,0.38150597437896167,0.3324614482299821,0.3749498181084936,0.37864325535068677,0.3843686934072365,0.5462760208229495,0.5830389526449112,0.48781261937522674,0.4371066567984093,0.635176274735865,0.47899438537670297,0.47982510359062025,0.43507465598405387,0.24921251949631115,0.0,0.0,0.0,0.0,0.0,0.0,0.0,0.0,0.0,0.0,0.0,0.0,0.0,0.0,0.0,0.0,0.0,0.0,0.0,0.0,0.0,0.0,0.0,0.0,0.0,0.0,0.0,0.0,0.0,0.0,0.0,0.0,0.0,0.0,0.0,0.0,0.0,0.0,0.0,0.0,0.0,0.0,0.0,0.0,0.0,0.0,0.0,0.0,0.0,0.0,0.0,0.0,0.0,0.0,0.0,0.0,0.0,0.0,0.0,0.0,0.0,0.0,0.0,0.0,0.0,0.0
0.8542172222957058,0.531428158976874,0.531428158976874,0.5314281589768743,0.6024773445426179,0.7056248190013906,0.7056248190013906,0.6620756539952612,0.5474773034233892,0.531428158976874,0.4878789939707448,0.6460265095487467,0.7652231284540363,0.6185264889891324,0.618526488989133,0.5749773239830036,0.5749773239830033,0.5314281589768739,0.48787899397074463,0.5314281589768739,0.515379014530359,0.5910264684295179,0.7331248395610058,0.5910264684295183,0.5749773239830035,0.5314281589768741,0.5314281589768739,0.5314281589768748,0.6620756539952624,0.5749773239830033,0.4878789939707445,0.4878789939707448,0.5314281589768741,0.6185264889891327,0.5749773239830032,0.7927231490136503,0.6185264889891327,0.5314281589768737,0.48787899397074463,0.6620756539952628,0.7331248395610063,0.5039281384172596,0.5749773239830035,0.4878789939707448,0.6620756539952616,0.5314281589768739,0.5153790145303591,0.5039281384172597,0.5314281589768743,0.5314281589768739,0.689575674554877,0.6781247984417768,0.6460265095487472,0.5749773239830032,0.7491739840075212,0.5910264684295186,0.6185264889891328,0.6024773445426176,0.3201057410256603,0.0,0.0,0.0,0.0,0.0,0.0,0.0,0.0,0.0,0.0,0.0,0.0,0.0,0.0,0.0,0.0,0.0,0.0,0.0,0.0,0.0,0.0,0.0,0.0,0.0,0.0,0.0,0.0,0.0,0.0,0.0,0.0,0.0,0.0,0.0,0.0,0.0,0.0,0.0,0.0,0.0,0.0,0.0,0.0,0.0,0.0,0.0,0.0,0.0,0.0,0.0,0.0,0.0,0.0,0.0,0.0,0.0,0.0,0.0,0.0,0.0,0.0,0.0,0.0,0.0,0.0
0.8570799413239811,0.5314281589768745,0.5314281589768743,0.5314281589768746,0.5996146255143436,0.7056248190013907,0.705624819001391,0.6620756539952619,0.5503400224516647,0.5314281589768746,0.4878789939707453,0.6431637905204726,0.7680858474823117,0.618526488989133,0.6185264889891331,0.5749773239830037,0.5749773239830039,0.5314281589768743,0.487878993970745,0.5314281589768746,0.5125162955020848,0.5938891874577934,0.7302621205327311,0.5938891874577938,0.5749773239830039,0.5314281589768746,0.5314281589768743,0.5314281589768751,0.6620756539952628,0.5749773239830037,0.487878993970745,0.4878789939707453,0.5314281589768746,0.6185264889891334,0.5749773239830036,0.7927231490136506,0.6185264889891335,0.5314281589768741,0.487878993970745,0.662075653995263,0.7302621205327317,0.5067908574455351,0.5749773239830043,0.4878789939707453,0.6620756539952622,0.5314281589768743,0.5125162955020847,0.506790857445535,0.5314281589768747,0.5314281589768745,0.6867129555266025,0.6809875174700525,0.6431637905204728,0.5749773239830035,0.7491739840075212,0.5938891874577936,0.6185264889891331,0.5996146255143435,0.3229684600539351,0.0,0.0,0.0,0.0,0.0,0.0,0.0,0.0,0.0,0.0,0.0,0.0,0.0,0.0,0.0,0.0,0.0,0.0,0.0,0.0,0.0,0.0,0.0,0.0,0.0,0.0,0.0,0.0,0.0,0.0,0.0,0.0,0.0,0.0,0.0,0.0,0.0,0.0,0.0,0.0,0.0,0.0,0.0,0.0,0.0,0.0,0.0,0.0,0.0,0.0,0.0,0.0,0.0,0.0,0.0,0.0,0.0,0.0,0.0,0.0,0.0,0.0,0.0,0.0,0.0,0.0
0.818681201179196,0.4800474422225342,0.4800474422225341,0.48004744222253426,0.5526021001797199,0.6620756539952612,0.662075653995261,0.6165686010520794,0.4985068901517133,0.4800474422225342,0.43454038927935207,0.5981091531229012,0.7260421548676229,0.5710615481088981,0.5710615481088984,0.5255544951657165,0.5255544951657163,0.48004744222253404,0.434540389279352,0.4800474422225342,0.4615879942933554,0.5440139430948949,0.689123259009265,0.5440139430948951,0.5255544951657165,0.48004744222253437,0.48004744222253404,0.48004744222253487,0.6165686010520802,0.5255544951657162,0.4345403892793519,0.43454038927935207,0.48004744222253426,0.5710615481088984,0.5255544951657161,0.753089759881626,0.5710615481088984,0.48004744222253387,0.4345403892793519,0.6165686010520806,0.6891232590092655,0.45299983720853093,0.5255544951657165,0.43454038927935207,0.6165686010520798,0.48004744222253404,0.46158799429335534,0.4529998372085309,0.48004744222253426,0.4800474422225339,0.6436162060660836,0.6350280489812586,0.5981091531229016,0.5255544951657161,0.707582706938444,0.544013943094895,0.5710615481088984,0.5526021001797197,0.287258585077803,0.0,0.0,0.0,0.0,0.0,0.0,0.0,0.0,0.0,0.0,0.0,0.0,0.0,0.0,0.0,0.0,0.0,0.0,0.0,0.0,0.0,0.0,0.0,0.0,0.0,0.0,0.0,0.0,0.0,0.0,0.0,0.0,0.0,0.0,0.0,0.0,0.0,0.0,0.0,0.0,0.0,0.0,0.0,0.0,0.0,0.0,0.0,0.0,0.0,0.0,0.0,0.0,0.0,0.0,0.0,0.0,0.0,0.0,0.0,0.0,0.0,0.0,0.0,0.0,0.0,0.0
0.7585591347413745,0.37163468353460827,0.3730660430487457,0.3759287620770207,0.4248250624713929,0.547477303423387,0.5503400224516627,0.4985068901517123,0.4249732882260014,0.3759287620770206,0.3269583488053443,0.4551878020592824,0.6626685570136932,0.4710068695920974,0.46814415056382264,0.4206050968062845,0.42346781583455934,0.374497402562883,0.3212329107487946,0.37163468353460827,0.3268842359280403,0.4682182634411266,0.5674422237440072,0.47108098246940233,0.42489917534869687,0.37592876207702064,0.37449740256288305,0.37592876207702114,0.5185459233496358,0.42203645632042197,0.3255269892912068,0.3269583488053443,0.37592876207702064,0.47100686959209814,0.42203645632042186,0.6583003655939774,0.47100686959209825,0.37163468353460816,0.3255269892912068,0.5171145638354993,0.5688735832581457,0.37314015592605015,0.42489917534869737,0.3269583488053443,0.509957766264811,0.37306604304874563,0.3268842359280403,0.37600287495432466,0.3759287620770207,0.37020332402047074,0.5084522938733705,0.5632963709562039,0.46807003768651934,0.4163110182638722,0.6136240308647126,0.46964962295526475,0.4724382291062349,0.4219623434431183,0.2425822503485392,0.0,0.0,0.0,0.0,0.0,0.0,0.0,0.0,0.0,0.0,0.0,0.0,0.0,0.0,0.0,0.0,0.0,0.0,0.0,0.0,0.0,0.0,0.0,0.0,0.0,0.0,0.0,0.0,0.0,0.0,0.0,0.0,0.0,0.0,0.0,0.0,0.0,0.0,0.0,0.0,0.0,0.0,0.0,0.0,0.0,0.0,0.0,0.0,0.0,0.0,0.0,0.0,0.0,0.0,0.0,0.0,0.0,0.0,0.0,0.0,0.0,0.0,0.0,0.0,0.0,0.0
0.7364062495700023,0.32590529195951407,0.32590529195951407,0.3259052919595141,0.3786432553506869,0.5314281589768715,0.5314281589768725,0.48004744222253304,0.3759287620770206,0.3259052919595141,0.2745245752051739,0.4300239721050271,0.6328323458487191,0.4286667254681927,0.42866672546819273,0.37728600871385337,0.37728600871385337,0.32590529195951407,0.27452457520517387,0.32590529195951407,0.2758818218420073,0.4273094788313593,0.532785405613705,0.42730947883136017,0.3772860087138535,0.3259052919595141,0.32590529195951407,0.32590529195951434,0.480047442222532,0.3772860087138535,0.27452457520517387,0.2745245752051739,0.3259052919595141,0.42866672546819357,0.37728600871385337,0.6341895924855531,0.42866672546819357,0.325905291959514,0.2745245752051739,0.4800474422225331,0.5327854056137059,0.32454804532268083,0.37728600871385404,0.2745245752051739,0.48004744222253193,0.32590529195951407,0.2758818218420074,0.32454804532268067,0.3259052919595142,0.325905291959514,0.48140468885936644,0.530070912340039,0.4300239721050271,0.37728600871385337,0.582808875731212,0.4273094788313601,0.4286667254681927,0.3786432553506874,0.21305022897456796,0.0,0.0,0.0,0.0,0.0,0.0,0.0,0.0,0.0,0.0,0.0,0.0,0.0,0.0,0.0,0.0,0.0,0.0,0.0,0.0,0.0,0.0,0.0,0.0,0.0,0.0,0.0,0.0,0.0,0.0,0.0,0.0,0.0,0.0,0.0,0.0,0.0,0.0,0.0,0.0,0.0,0.0,0.0,0.0,0.0,0.0,0.0,0.0,0.0,0.0,0.0,0.0,0.0,0.0,0.0,0.0,0.0,0.0,0.0,0.0,0.0,0.0,0.0,0.0,0.0,0.0
0.7008702284534927,0.27452457520517365,0.27452457520517365,0.2745245752051736,0.3287680109877881,0.48787899397074236,0.48787899397074325,0.43454038927935107,0.32695834880534413,0.27452457520517365,0.2211859705137814,0.3821066156791814,0.5936513722623052,0.3812017845879584,0.3812017845879585,0.3278631798965659,0.3278631798965659,0.27452457520517365,0.22118597051378147,0.27452457520517365,0.22209080160500377,0.38029695349673615,0.4887838250619647,0.3802969534967368,0.3278631798965659,0.2745245752051736,0.2745245752051736,0.27452457520517404,0.4345403892793505,0.32786317989656577,0.22118597051378142,0.2211859705137814,0.2745245752051736,0.381201784587959,0.32786317989656594,0.5945562033535281,0.38120178458795906,0.27452457520517365,0.22118597051378142,0.43454038927935124,0.4887838250619656,0.27361974411395174,0.3278631798965665,0.22118597051378142,0.43454038927935035,0.2745245752051736,0.22209080160500377,0.27361974411395135,0.2745245752051736,0.2745245752051736,0.4354452203705734,0.486974162879521,0.3821066156791813,0.32786317989656577,0.541217598662135,0.3802969534967368,0.3812017845879585,0.3287680109877888,0.1802030730267106,0.0,0.0,0.0,0.0,0.0,0.0,0.0,0.0,0.0,0.0,0.0,0.0,0.0,0.0,0.0,0.0,0.0,0.0,0.0,0.0,0.0,0.0,0.0,0.0,0.0,0.0,0.0,0.0,0.0,0.0,0.0,0.0,0.0,0.0,0.0,0.0,0.0,0.0,0.0,0.0,0.0,0.0,0.0,0.0,0.0,0.0,0.0,0.0,0.0,0.0,0.0,0.0,0.0,0.0,0.0,0.0,0.0,0.0,0.0,0.0,0.0,0.0,0.0,0.0,0.0,0.0
0.8022537540643735,0.43431805064743956,0.4328866911333021,0.4300239721050273,0.5006948550024644,0.6460265095487463,0.6431637905204717,0.5981091531229009,0.45518780205928244,0.43002397210502724,0.38210661567918147,0.5672198851120966,0.7019313817591981,0.5287214039849936,0.5315841230132688,0.4822354070732856,0.47937268804501054,0.43145533161916444,0.3878320537357312,0.43431805064743956,0.4048601421507725,0.5088305965416775,0.6487410028224135,0.5059678775134031,0.4779413285308733,0.4300239721050273,0.43145533161916455,0.4300239721050279,0.578070119924977,0.48080404755914796,0.3835379751933188,0.38210661567918147,0.4300239721050273,0.528721403984994,0.48080404755914796,0.7289789867732012,0.5287214039849941,0.4343180506474393,0.3835379751933188,0.579501479439115,0.6473096433082767,0.4101331646617114,0.47794132853087357,0.3821066156791814,0.5866582770098012,0.4328866911333019,0.4048601421507725,0.40727044563343623,0.4300239721050273,0.43574941016157687,0.6108431629955305,0.607528028421644,0.5543376494848601,0.4865294856156977,0.6767675518049435,0.5073992370275405,0.5272900444708564,0.5035575740307393,0.2634520017603816,0.0,0.0,0.0,0.0,0.0,0.0,0.0,0.0,0.0,0.0,0.0,0.0,0.0,0.0,0.0,0.0,0.0,0.0,0.0,0.0,0.0,0.0,0.0,0.0,0.0,0.0,0.0,0.0,0.0,0.0,0.0,0.0,0.0,0.0,0.0,0.0,0.0,0.0,0.0,0.0,0.0,0.0,0.0,0.0,0.0,0.0,0.0,0.0,0.0,0.0,0.0,0.0,0.0,0.0,0.0,0.0,0.0,0.0,0.0,0.0,0.0,0.0,0.0,0.0,0.0,0.0
0.9290824427532387,0.6285382673063091,0.6299696268204465,0.6328323458487218,0.6813580818565741,0.7652231284540361,0.768085847482311,0.7260421548676231,0.6626685570136963,0.6328323458487218,0.5936513722623087,0.7019313817591993,0.8514166273750751,0.7083315739932732,0.7054688549649987,0.6677192408927226,0.6705819599209976,0.6314009863345842,0.5879259342057586,0.6285382673063096,0.6029961346837477,0.6961240925435589,0.7946069240734003,0.6989868115718345,0.6720133194351351,0.6328323458487217,0.6314009863345844,0.632832345848722,0.746081188065549,0.6691506004068599,0.592220012748171,0.5936513722623087,0.6328323458487218,0.7083315739932735,0.6691506004068599,0.8564673112541009,0.7083315739932733,0.6285382673063089,0.592220012748171,0.7446498285514118,0.7960382835875381,0.6206248643990078,0.6720133194351352,0.5936513722623087,0.7374930309807237,0.6299696268204465,0.6029961346837477,0.6234875834272829,0.632832345848722,0.6271069077921719,0.7454064338880261,0.7716233206881106,0.7148136173864371,0.66342516235031,0.8215804162100997,0.6975554520576968,0.7097629335074107,0.678495362828299,0.39966123251713837,0.0,0.0,0.0,0.0,0.0,0.0,0.0,0.0,0.0,0.0,0.0,0.0,0.0,0.0,0.0,0.0,0.0,0.0,0.0,0.0,0.0,0.0,0.0,0.0,0.0,0.0,0.0,0.0,0.0,0.0,0.0,0.0,0.0,0.0,0.0,0.0,0.0,0.0,0.0,0.0,0.0,0.0,0.0,0.0,0.0,0.0,0.0,0.0,0.0,0.0,0.0,0.0,0.0,0.0,0.0,0.0,0.0,0.0,0.0,0.0,0.0,0.0,0.0,0.0,0.0,0.0
0.8046155727747469,0.42866672546819384,0.4286667254681939,0.4286667254681939,0.4812564631047593,0.6185264889891312,0.6185264889891317,0.5710615481088974,0.47100686959209864,0.42866672546819384,0.38120178458795917,0.5287214039849941,0.7083315739932703,0.523596607228663,0.5235966072286632,0.4761316663484287,0.4761316663484287,0.42866672546819373,0.38120178458795917,0.42866672546819384,0.38632658134428977,0.5184718104723325,0.6236512857454621,0.5184718104723331,0.4761316663484287,0.4286667254681939,0.42866672546819373,0.42866672546819456,0.5710615481088975,0.4761316663484286,0.38120178458795917,0.3812017845879592,0.4286667254681939,0.5235966072286636,0.4761316663484286,0.713456370749601,0.5235966072286637,0.42866672546819357,0.38120178458795917,0.5710615481088981,0.6236512857454628,0.42354192871186375,0.4761316663484292,0.3812017845879592,0.5710615481088971,0.42866672546819373,0.38632658134428977,0.42354192871186325,0.4286667254681939,0.42866672546819373,0.5761863448652287,0.6134016922328015,0.5287214039849942,0.4761316663484285,0.6659914298693662,0.5184718104723331,0.5235966072286632,0.4812564631047597,0.2758818218420077,0.0,0.0,0.0,0.0,0.0,0.0,0.0,0.0,0.0,0.0,0.0,0.0,0.0,0.0,0.0,0.0,0.0,0.0,0.0,0.0,0.0,0.0,0.0,0.0,0.0,0.0,0.0,0.0,0.0,0.0,0.0,0.0,0.0,0.0,0.0,0.0,0.0,0.0,0.0,0.0,0.0,0.0,0.0,0.0,0.0,0.0,0.0,0.0,0.0,0.0,0.0,0.0,0.0,0.0,0.0,0.0,0.0,0.0,0.0,0.0,0.0,0.0,0.0,0.0,0.0,0.0
0.8017528537464725,0.4286667254681937,0.4286667254681937,0.42866672546819373,0.4841191821330336,0.6185264889891312,0.6185264889891315,0.5710615481088971,0.4681441505638233,0.4286667254681937,0.3812017845879592,0.5315841230132686,0.7054688549649957,0.5235966072286624,0.5235966072286626,0.476131666348428,0.4761316663484279,0.42866672546819357,0.3812017845879592,0.4286667254681937,0.3891893003725648,0.5156090914440572,0.6265140047737373,0.5156090914440575,0.4761316663484281,0.42866672546819373,0.42866672546819357,0.4286667254681944,0.5710615481088971,0.4761316663484279,0.38120178458795917,0.3812017845879592,0.42866672546819373,0.523596607228663,0.47613166634842785,0.7134563707496013,0.5235966072286631,0.4286667254681935,0.38120178458795917,0.5710615481088974,0.6265140047737374,0.42067920968358874,0.47613166634842885,0.3812017845879592,0.5710615481088968,0.4286667254681935,0.38918930037256466,0.4206792096835883,0.42866672546819373,0.4286667254681935,0.579049063893503,0.6105389732045264,0.5315841230132685,0.47613166634842785,0.6659914298693662,0.5156090914440575,0.5235966072286626,0.4841191821330341,0.2730191028137321,0.0,0.0,0.0,0.0,0.0,0.0,0.0,0.0,0.0,0.0,0.0,0.0,0.0,0.0,0.0,0.0,0.0,0.0,0.0,0.0,0.0,0.0,0.0,0.0,0.0,0.0,0.0,0.0,0.0,0.0,0.0,0.0,0.0,0.0,0.0,0.0,0.0,0.0,0.0,0.0,0.0,0.0,0.0,0.0,0.0,0.0,0.0,0.0,0.0,0.0,0.0,0.0,0.0,0.0,0.0,0.0,0.0,0.0,0.0,0.0,0.0,0.0,0.0,0.0,0.0,0.0
0.7676481921441,0.3772860087138537,0.3772860087138537,0.3772860087138538,0.43281257825599784,0.5749773239830022,0.5749773239830024,0.5255544951657154,0.4206050968062847,0.37728600871385365,0.32786317989656644,0.4822354070732856,0.6677192408927201,0.4761316663484281,0.47613166634842835,0.4267088375311411,0.42670883753114097,0.3772860087138535,0.32786317989656644,0.37728600871385365,0.3339669206214233,0.4700279256235713,0.5810810647078595,0.470027925623572,0.4267088375311411,0.3772860087138537,0.37728600871385354,0.3772860087138543,0.5255544951657157,0.42670883753114097,0.32786317989656644,0.32786317989656644,0.3772860087138537,0.4761316663484286,0.4267088375311409,0.6738229816175769,0.4761316663484287,0.37728600871385365,0.32786317989656644,0.5255544951657161,0.5810810647078599,0.3711822679889972,0.4267088375311416,0.32786317989656644,0.5255544951657153,0.37728600871385365,0.3339669206214233,0.3711822679889968,0.3772860087138538,0.3772860087138535,0.5316582358905728,0.5688735832581461,0.4822354070732857,0.4267088375311408,0.6244001528002896,0.470027925623572,0.47613166634842835,0.43281257825599817,0.24160330638001287,0.0,0.0,0.0,0.0,0.0,0.0,0.0,0.0,0.0,0.0,0.0,0.0,0.0,0.0,0.0,0.0,0.0,0.0,0.0,0.0,0.0,0.0,0.0,0.0,0.0,0.0,0.0,0.0,0.0,0.0,0.0,0.0,0.0,0.0,0.0,0.0,0.0,0.0,0.0,0.0,0.0,0.0,0.0,0.0,0.0,0.0,0.0,0.0,0.0,0.0,0.0,0.0,0.0,0.0,0.0,0.0,0.0,0.0,0.0,0.0,0.0,0.0,0.0,0.0,0.0,0.0
0.7705109111723749,0.3772860087138537,0.3772860087138537,0.3772860087138538,0.42994985922772316,0.5749773239830017,0.5749773239830025,0.5255544951657154,0.42346781583455967,0.3772860087138537,0.32786317989656644,0.4793726880450107,0.6705819599209949,0.47613166634842774,0.47613166634842785,0.4267088375311411,0.4267088375311411,0.37728600871385354,0.32786317989656644,0.3772860087138537,0.3311042015931484,0.4728906446518458,0.5782183456795843,0.47289064465184666,0.42670883753114114,0.3772860087138537,0.37728600871385354,0.3772860087138543,0.5255544951657151,0.4267088375311411,0.32786317989656644,0.32786317989656644,0.3772860087138537,0.4761316663484286,0.42670883753114097,0.673822981617577,0.4761316663484287,0.37728600871385365,0.32786317989656644,0.5255544951657157,0.5782183456795849,0.3740449870172722,0.42670883753114175,0.32786317989656644,0.525554495165715,0.37728600871385365,0.3311042015931484,0.3740449870172716,0.3772860087138538,0.3772860087138535,0.5287955168622978,0.5717363022864208,0.4793726880450106,0.42670883753114097,0.6244001528002895,0.4728906446518466,0.47613166634842785,0.42994985922772366,0.24446602540828777,0.0,0.0,0.0,0.0,0.0,0.0,0.0,0.0,0.0,0.0,0.0,0.0,0.0,0.0,0.0,0.0,0.0,0.0,0.0,0.0,0.0,0.0,0.0,0.0,0.0,0.0,0.0,0.0,0.0,0.0,0.0,0.0,0.0,0.0,0.0,0.0,0.0,0.0,0.0,0.0,0.0,0.0,0.0,0.0,0.0,0.0,0.0,0.0,0.0,0.0,0.0,0.0,0.0,0.0,0.0,0.0,0.0,0.0,0.0,0.0,0.0,0.0,0.0,0.0,0.0,0.0
0.7349748900558659,0.325905291959514,0.32590529195951407,0.32590529195951407,0.3800746148648252,0.5314281589768725,0.531428158976873,0.4800474422225336,0.37449740256288355,0.325905291959514,0.2745245752051741,0.43145533161916505,0.6314009863345823,0.4286667254681937,0.42866672546819373,0.3772860087138542,0.3772860087138542,0.325905291959514,0.27452457520517404,0.32590529195951407,0.27731318135614497,0.42587811931722297,0.5342167651278439,0.4258781193172232,0.37728600871385437,0.32590529195951407,0.325905291959514,0.32590529195951423,0.4800474422225332,0.3772860087138542,0.27452457520517404,0.2745245752051741,0.32590529195951407,0.42866672546819407,0.3772860087138542,0.6341895924855535,0.42866672546819423,0.3259052919595139,0.27452457520517404,0.48004744222253376,0.5342167651278444,0.32311668580854336,0.37728600871385437,0.2745245752051741,0.4800474422225329,0.32590529195951395,0.277313181356145,0.3231166858085432,0.325905291959514,0.32590529195951395,0.48283604837350463,0.5286395528259028,0.43145533161916494,0.37728600871385415,0.5828088757312132,0.4258781193172232,0.42866672546819373,0.3800746148648252,0.21161886946043038,0.0,0.0,0.0,0.0,0.0,0.0,0.0,0.0,0.0,0.0,0.0,0.0,0.0,0.0,0.0,0.0,0.0,0.0,0.0,0.0,0.0,0.0,0.0,0.0,0.0,0.0,0.0,0.0,0.0,0.0,0.0,0.0,0.0,0.0,0.0,0.0,0.0,0.0,0.0,0.0,0.0,0.0,0.0,0.0,0.0,0.0,0.0,0.0,0.0,0.0,0.0,0.0,0.0,0.0,0.0,0.0,0.0,0.0,0.0,0.0,0.0,0.0,0.0,0.0,0.0,0.0
0.6951447903969437,0.27452457520517426,0.2745245752051742,0.2745245752051742,0.3344934490443387,0.4878789939707435,0.4878789939707437,0.4345403892793512,0.3212329107487948,0.2745245752051742,0.2211859705137813,0.38783205373573154,0.5879259342057567,0.381201784587959,0.38120178458795917,0.32786317989656666,0.32786317989656666,0.2745245752051741,0.22118597051378133,0.2745245752051742,0.22781623966155348,0.3745715154401871,0.49450926311851573,0.3745715154401874,0.3278631798965667,0.2745245752051742,0.2745245752051741,0.2745245752051741,0.4345403892793515,0.3278631798965667,0.2211859705137813,0.2211859705137813,0.2745245752051742,0.3812017845879594,0.32786317989656666,0.594556203353529,0.3812017845879594,0.27452457520517426,0.2211859705137813,0.434540389279352,0.49450926311851634,0.267894306057402,0.32786317989656677,0.2211859705137813,0.434540389279351,0.2745245752051741,0.22781623966155343,0.267894306057402,0.27452457520517426,0.2745245752051741,0.44117065842712366,0.4812487248229719,0.38783205373573154,0.32786317989656666,0.5412175986621363,0.37457151544018724,0.38120178458795917,0.33449344904433886,0.1744776349701607,0.0,0.0,0.0,0.0,0.0,0.0,0.0,0.0,0.0,0.0,0.0,0.0,0.0,0.0,0.0,0.0,0.0,0.0,0.0,0.0,0.0,0.0,0.0,0.0,0.0,0.0,0.0,0.0,0.0,0.0,0.0,0.0,0.0,0.0,0.0,0.0,0.0,0.0,0.0,0.0,0.0,0.0,0.0,0.0,0.0,0.0,0.0,0.0,0.0,0.0,0.0,0.0,0.0,0.0,0.0,0.0,0.0,0.0,0.0,0.0,0.0,0.0,0.0,0.0,0.0,0.0
0.7321121710275911,0.32590529195951395,0.32590529195951395,0.32590529195951395,0.3829373338930998,0.5314281589768722,0.5314281589768729,0.4800474422225336,0.3716346835346085,0.32590529195951395,0.27452457520517376,0.43431805064743995,0.628538267306307,0.4286667254681937,0.42866672546819373,0.3772860087138538,0.37728600871385387,0.32590529195951395,0.27452457520517376,0.32590529195951395,0.28017590038441953,0.42301540028894813,0.5370794841561183,0.42301540028894846,0.377286008713854,0.325905291959514,0.32590529195951395,0.32590529195951423,0.4800474422225331,0.37728600871385387,0.27452457520517376,0.27452457520517376,0.325905291959514,0.42866672546819407,0.37728600871385387,0.6341895924855531,0.42866672546819423,0.32590529195951384,0.27452457520517376,0.48004744222253376,0.5370794841561188,0.3202539667802685,0.3772860087138542,0.27452457520517376,0.4800474422225329,0.3259052919595139,0.28017590038441964,0.3202539667802682,0.32590529195951395,0.3259052919595139,0.4856987674017795,0.5257768337976272,0.4343180506474399,0.3772860087138538,0.5828088757312125,0.42301540028894835,0.42866672546819373,0.38293733389310003,0.2087561504321555,0.0,0.0,0.0,0.0,0.0,0.0,0.0,0.0,0.0,0.0,0.0,0.0,0.0,0.0,0.0,0.0,0.0,0.0,0.0,0.0,0.0,0.0,0.0,0.0,0.0,0.0,0.0,0.0,0.0,0.0,0.0,0.0,0.0,0.0,0.0,0.0,0.0,0.0,0.0,0.0,0.0,0.0,0.0,0.0,0.0,0.0,0.0,0.0,0.0,0.0,0.0,0.0,0.0,0.0,0.0,0.0,0.0,0.0,0.0,0.0,0.0,0.0,0.0,0.0,0.0,0.0
0.7142533643986301,0.28017590038441964,0.27874454087028216,0.27588182184200727,0.33246144822998125,0.5153790145303571,0.512516295502083,0.46158799429335484,0.32688423592804006,0.27588182184200727,0.2220908016050038,0.40486014215077243,0.6029961346837446,0.38632658134428893,0.38918930037256383,0.3339669206214227,0.3311042015931478,0.2773131813561447,0.2278162396615536,0.28017590038441964,0.22487940775597473,0.38640069422159296,0.49812858748340383,0.3835379751933187,0.32967284207901043,0.27588182184200727,0.2773131813561447,0.2758818218420075,0.44154896109542996,0.33253556110728527,0.22352216111914125,0.22209080160500377,0.27588182184200727,0.3863265813442896,0.3325355611072852,0.6100788193771284,0.3863265813442896,0.28017590038441964,0.22352216111914125,0.44298032060956816,0.49669722796926735,0.27595593471931146,0.329672842079011,0.22209080160500377,0.4501371181802545,0.2787445408702821,0.22487940775597473,0.2730932156910364,0.27588182184200727,0.28160725989855706,0.45435708384536366,0.4968454537238753,0.39197790652353537,0.33826099916383506,0.5519937205977117,0.3849693347074561,0.38489522183015146,0.3353241672582568,0.1835182076005967,0.0,0.0,0.0,0.0,0.0,0.0,0.0,0.0,0.0,0.0,0.0,0.0,0.0,0.0,0.0,0.0,0.0,0.0,0.0,0.0,0.0,0.0,0.0,0.0,0.0,0.0,0.0,0.0,0.0,0.0,0.0,0.0,0.0,0.0,0.0,0.0,0.0,0.0,0.0,0.0,0.0,0.0,0.0,0.0,0.0,0.0,0.0,0.0,0.0,0.0,0.0,0.0,0.0,0.0,0.0,0.0,0.0,0.0,0.0,0.0,0.0,0.0,0.0,0.0,0.0,0.0
0.7883697178013339,0.4230154002889478,0.42444675980308516,0.4273094788313601,0.4804257448908402,0.5910264684295161,0.5938891874577917,0.5440139430948939,0.4682182634411275,0.42730947883136,0.38029695349673664,0.5088305965416775,0.6961240925435563,0.5184718104723314,0.5156090914440566,0.4700279256235711,0.47289064465184594,0.4258781193172225,0.37457151544018674,0.4230154002889477,0.38640069422159345,0.5095053507191999,0.6171692423522975,0.5123680697474755,0.4743220041659834,0.42730947883136017,0.4258781193172225,0.427309478831361,0.5640529762928173,0.4714592851377086,0.37886559398259906,0.38029695349673664,0.42730947883136017,0.5184718104723323,0.47145928513770846,0.6979337547260013,0.5184718104723324,0.42301540028894763,0.37886559398259906,0.5626216167786805,0.6186006018664355,0.41834301907822913,0.4743220041659843,0.38029695349673664,0.5554648192079924,0.42444675980308516,0.38640069422159345,0.4212057381065031,0.4273094788313601,0.42158404077481015,0.5601372004187128,0.6006676823601718,0.5217128321689144,0.46573384708115867,0.6552153079337893,0.510936710233338,0.5199031699864689,0.4775630258625663,0.26970396823984627,0.0,0.0,0.0,0.0,0.0,0.0,0.0,0.0,0.0,0.0,0.0,0.0,0.0,0.0,0.0,0.0,0.0,0.0,0.0,0.0,0.0,0.0,0.0,0.0,0.0,0.0,0.0,0.0,0.0,0.0,0.0,0.0,0.0,0.0,0.0,0.0,0.0,0.0,0.0,0.0,0.0,0.0,0.0,0.0,0.0,0.0,0.0,0.0,0.0,0.0,0.0,0.0,0.0,0.0,0.0,0.0,0.0,0.0,0.0,0.0,0.0,0.0,0.0,0.0,0.0,0.0
0.8876393914387677,0.5370794841561197,0.5356481246419822,0.5327854056137076,0.586131748586887,0.7331248395610048,0.7302621205327305,0.6891232590092649,0.5674422237440098,0.5327854056137076,0.48878382506196694,0.648741002822414,0.7946069240733994,0.623651285745463,0.626514004773738,0.5810810647078603,0.5782183456795854,0.5342167651278448,0.49450926311851656,0.5370794841561198,0.4981285874834057,0.6171692423522989,0.7224305687845204,0.6143065233240248,0.576786986165448,0.5327854056137076,0.5342167651278449,0.5327854056137082,0.6690842258113411,0.5796497051937227,0.49021518457610425,0.48878382506196694,0.5327854056137076,0.6236512857454638,0.5796497051937227,0.8082457650372504,0.6236512857454638,0.5370794841561196,0.49021518457610425,0.670515585325479,0.7209992092703834,0.526303362220544,0.5767869861654487,0.48878382506196694,0.6776723828961654,0.5356481246419821,0.4981285874834059,0.5234406431922685,0.5327854056137076,0.5385108436702571,0.6884485048317427,0.7080351224840551,0.6358587671951774,0.5853751432502725,0.7599501059430968,0.6157378828381621,0.6222199262313257,0.5889944676151623,0.3434599087974704,0.0,0.0,0.0,0.0,0.0,0.0,0.0,0.0,0.0,0.0,0.0,0.0,0.0,0.0,0.0,0.0,0.0,0.0,0.0,0.0,0.0,0.0,0.0,0.0,0.0,0.0,0.0,0.0,0.0,0.0,0.0,0.0,0.0,0.0,0.0,0.0,0.0,0.0,0.0,0.0,0.0,0.0,0.0,0.0,0.0,0.0,0.0,0.0,0.0,0.0,0.0,0.0,0.0,0.0,0.0,0.0,0.0,0.0,0.0,0.0,0.0,0.0,0.0,0.0,0.0,0.0
0.7912324368296083,0.42301540028894763,0.424446759803085,0.42730947883136,0.4775630258625654,0.5910264684295162,0.5938891874577916,0.5440139430948939,0.47108098246940233,0.42730947883135983,0.3802969534967365,0.5059678775134027,0.6989868115718305,0.5184718104723315,0.5156090914440568,0.4700279256235711,0.47289064465184594,0.42587811931722236,0.37457151544018663,0.4230154002889475,0.3835379751933184,0.5123680697474747,0.6143065233240224,0.5152307887757503,0.4743220041659834,0.42730947883136,0.42587811931722236,0.427309478831361,0.5640529762928173,0.47145928513770835,0.378865593982599,0.3802969534967365,0.42730947883136,0.5184718104723323,0.47145928513770835,0.6979337547260005,0.5184718104723324,0.4230154002889475,0.378865593982599,0.5626216167786805,0.6157378828381603,0.4212057381065039,0.4743220041659843,0.3802969534967365,0.5554648192079925,0.424446759803085,0.38353797519331845,0.4240684571347779,0.42730947883136,0.42158404077481,0.5572744813904379,0.6035304013884466,0.5188501131406394,0.4657338470811586,0.655215307933789,0.5137994292616129,0.519903169986469,0.4747003068342913,0.2725666872681211,0.0,0.0,0.0,0.0,0.0,0.0,0.0,0.0,0.0,0.0,0.0,0.0,0.0,0.0,0.0,0.0,0.0,0.0,0.0,0.0,0.0,0.0,0.0,0.0,0.0,0.0,0.0,0.0,0.0,0.0,0.0,0.0,0.0,0.0,0.0,0.0,0.0,0.0,0.0,0.0,0.0,0.0,0.0,0.0,0.0,0.0,0.0,0.0,0.0,0.0,0.0,0.0,0.0,0.0,0.0,0.0,0.0,0.0,0.0,0.0,0.0,0.0,0.0,0.0,0.0,0.0
0.7719422706865112,0.3772860087138532,0.3772860087138532,0.37728600871385315,0.4285184997135848,0.5749773239830012,0.5749773239830019,0.525554495165715,0.42489917534869664,0.37728600871385315,0.32786317989656594,0.47794132853087296,0.6720133194351314,0.4761316663484271,0.47613166634842724,0.4267088375311401,0.4267088375311401,0.37728600871385315,0.32786317989656594,0.3772860087138532,0.32967284207901054,0.47432200416598264,0.576786986165446,0.47432200416598375,0.4267088375311401,0.3772860087138532,0.37728600871385304,0.3772860087138542,0.5255544951657143,0.4267088375311401,0.32786317989656594,0.32786317989656594,0.3772860087138532,0.47613166634842824,0.4267088375311401,0.6738229816175763,0.47613166634842835,0.37728600871385315,0.32786317989656594,0.5255544951657151,0.5767869861654467,0.3754763465314096,0.42670883753114125,0.32786317989656594,0.5255544951657142,0.3772860087138532,0.3296728420790106,0.3754763465314086,0.37728600871385315,0.37728600871385304,0.5273641573481598,0.5731676618005573,0.47794132853087296,0.4267088375311401,0.6244001528002888,0.47432200416598375,0.47613166634842724,0.4285184997135858,0.2458973849224252,0.0,0.0,0.0,0.0,0.0,0.0,0.0,0.0,0.0,0.0,0.0,0.0,0.0,0.0,0.0,0.0,0.0,0.0,0.0,0.0,0.0,0.0,0.0,0.0,0.0,0.0,0.0,0.0,0.0,0.0,0.0,0.0,0.0,0.0,0.0,0.0,0.0,0.0,0.0,0.0,0.0,0.0,0.0,0.0,0.0,0.0,0.0,0.0,0.0,0.0,0.0,0.0,0.0,0.0,0.0,0.0,0.0,0.0,0.0,0.0,0.0,0.0,0.0,0.0,0.0,0.0
0.7364062495700029,0.3259052919595142,0.3259052919595142,0.32590529195951423,0.3786432553506879,0.5314281589768725,0.5314281589768729,0.4800474422225337,0.37592876207702114,0.3259052919595142,0.27452457520517404,0.43002397210502774,0.6328323458487194,0.4286667254681939,0.428666725468194,0.37728600871385437,0.37728600871385437,0.3259052919595141,0.27452457520517404,0.3259052919595142,0.2758818218420075,0.4273094788313606,0.5327854056137061,0.42730947883136094,0.3772860087138545,0.32590529195951423,0.3259052919595141,0.32590529195951434,0.48004744222253337,0.3772860087138543,0.27452457520517404,0.27452457520517404,0.32590529195951423,0.42866672546819423,0.37728600871385437,0.6341895924855532,0.42866672546819434,0.32590529195951407,0.27452457520517404,0.48004744222253404,0.5327854056137067,0.3245480453226808,0.3772860087138546,0.2745245752051741,0.4800474422225331,0.3259052919595141,0.2758818218420075,0.3245480453226808,0.32590529195951423,0.32590529195951407,0.4814046888593673,0.5300709123400397,0.43002397210502774,0.3772860087138542,0.5828088757312124,0.42730947883136083,0.428666725468194,0.3786432553506879,0.2130502289745679,0.0,0.0,0.0,0.0,0.0,0.0,0.0,0.0,0.0,0.0,0.0,0.0,0.0,0.0,0.0,0.0,0.0,0.0,0.0,0.0,0.0,0.0,0.0,0.0,0.0,0.0,0.0,0.0,0.0,0.0,0.0,0.0,0.0,0.0,0.0,0.0,0.0,0.0,0.0,0.0,0.0,0.0,0.0,0.0,0.0,0.0,0.0,0.0,0.0,0.0,0.0,0.0,0.0,0.0,0.0,0.0,0.0,0.0,0.0,0.0,0.0,0.0,0.0,0.0,0.0,0.0
0.7349748900558648,0.325905291959514,0.325905291959514,0.325905291959514,0.3800746148648244,0.5314281589768722,0.5314281589768729,0.4800474422225336,0.3744974025628832,0.32590529195951395,0.2745245752051738,0.43145533161916505,0.6314009863345817,0.42866672546819334,0.4286667254681934,0.3772860087138535,0.3772860087138535,0.3259052919595139,0.2745245752051738,0.32590529195951395,0.2773131813561447,0.42587811931722264,0.5342167651278432,0.4258781193172232,0.37728600871385354,0.325905291959514,0.32590529195951395,0.3259052919595143,0.4800474422225331,0.3772860087138535,0.27452457520517376,0.27452457520517376,0.325905291959514,0.428666725468194,0.37728600871385337,0.634189592485553,0.42866672546819407,0.3259052919595139,0.27452457520517376,0.48004744222253387,0.534216765127844,0.3231166858085434,0.37728600871385415,0.2745245752051738,0.48004744222253287,0.32590529195951395,0.27731318135614474,0.3231166858085431,0.325905291959514,0.3259052919595139,0.48283604837350463,0.5286395528259021,0.43145533161916494,0.37728600871385337,0.5828088757312121,0.42587811931722314,0.42866672546819334,0.3800746148648249,0.2116188694604305,0.0,0.0,0.0,0.0,0.0,0.0,0.0,0.0,0.0,0.0,0.0,0.0,0.0,0.0,0.0,0.0,0.0,0.0,0.0,0.0,0.0,0.0,0.0,0.0,0.0,0.0,0.0,0.0,0.0,0.0,0.0,0.0,0.0,0.0,0.0,0.0,0.0,0.0,0.0,0.0,0.0,0.0,0.0,0.0,0.0,0.0,0.0,0.0,0.0,0.0,0.0,0.0,0.0,0.0,0.0,0.0,0.0,0.0,0.0,0.0,0.0,0.0,0.0,0.0,0.0,0.0
0.7364062495700032,0.3259052919595142,0.3259052919595142,0.32590529195951423,0.3786432553506879,0.5314281589768722,0.5314281589768729,0.4800474422225336,0.3759287620770212,0.3259052919595142,0.2745245752051739,0.43002397210502763,0.6328323458487194,0.4286667254681937,0.42866672546819373,0.37728600871385437,0.37728600871385437,0.32590529195951407,0.2745245752051739,0.3259052919595142,0.2758818218420074,0.42730947883136033,0.5327854056137059,0.4273094788313608,0.37728600871385437,0.3259052919595142,0.32590529195951407,0.3259052919595144,0.4800474422225331,0.37728600871385437,0.2745245752051739,0.2745245752051739,0.3259052919595142,0.42866672546819407,0.3772860087138543,0.6341895924855534,0.42866672546819423,0.32590529195951407,0.2745245752051739,0.48004744222253376,0.5327854056137065,0.3245480453226809,0.3772860087138546,0.2745245752051739,0.4800474422225329,0.32590529195951407,0.27588182184200744,0.32454804532268067,0.32590529195951423,0.32590529195951407,0.4814046888593671,0.5300709123400396,0.4300239721050276,0.3772860087138542,0.5828088757312123,0.42730947883136067,0.42866672546819373,0.3786432553506879,0.21305022897456788,0.0,0.0,0.0,0.0,0.0,0.0,0.0,0.0,0.0,0.0,0.0,0.0,0.0,0.0,0.0,0.0,0.0,0.0,0.0,0.0,0.0,0.0,0.0,0.0,0.0,0.0,0.0,0.0,0.0,0.0,0.0,0.0,0.0,0.0,0.0,0.0,0.0,0.0,0.0,0.0,0.0,0.0,0.0,0.0,0.0,0.0,0.0,0.0,0.0,0.0,0.0,0.0,0.0,0.0,0.0,0.0,0.0,0.0,0.0,0.0,0.0,0.0,0.0,0.0,0.0,0.0
0.8387202343771195,0.48004744222253376,0.48004744222253376,0.48004744222253387,0.5325630669817951,0.6620756539952607,0.6620756539952608,0.6165686010520791,0.5185459233496371,0.4800474422225337,0.4345403892793517,0.578070119924977,0.746081188065546,0.5710615481088974,0.5710615481088978,0.5255544951657157,0.5255544951657157,0.4800474422225336,0.43454038927935157,0.4800474422225337,0.4415489610954308,0.5640529762928184,0.6690842258113406,0.5640529762928188,0.5255544951657157,0.48004744222253387,0.4800474422225336,0.4800474422225346,0.6165686010520796,0.5255544951657157,0.43454038927935157,0.43454038927935174,0.48004744222253387,0.5710615481088979,0.5255544951657155,0.7530897598816252,0.5710615481088981,0.48004744222253354,0.43454038927935157,0.6165686010520799,0.6690842258113411,0.47303887040645526,0.5255544951657161,0.43454038927935174,0.6165686010520793,0.4800474422225336,0.44154896109543096,0.4730388704064545,0.48004744222253376,0.4800474422225336,0.6235771728681591,0.6550670821791824,0.5780701199249773,0.5255544951657155,0.7075827069384433,0.5640529762928187,0.5710615481088975,0.5325630669817951,0.30729761827572694,0.0,0.0,0.0,0.0,0.0,0.0,0.0,0.0,0.0,0.0,0.0,0.0,0.0,0.0,0.0,0.0,0.0,0.0,0.0,0.0,0.0,0.0,0.0,0.0,0.0,0.0,0.0,0.0,0.0,0.0,0.0,0.0,0.0,0.0,0.0,0.0,0.0,0.0,0.0,0.0,0.0,0.0,0.0,0.0,0.0,0.0,0.0,0.0,0.0,0.0,0.0,0.0,0.0,0.0,0.0,0.0,0.0,0.0,0.0,0.0,0.0,0.0,0.0,0.0,0.0,0.0
0.7690795516582377,0.3772860087138542,0.3772860087138542,0.3772860087138543,0.4313812187418607,0.5749773239830012,0.5749773239830019,0.5255544951657151,0.4220364563204222,0.37728600871385415,0.3278631798965667,0.4808040475591481,0.6691506004068576,0.47613166634842785,0.4761316663484281,0.4267088375311414,0.42670883753114125,0.37728600871385415,0.32786317989656666,0.3772860087138542,0.3325355611072861,0.4714592851377086,0.5796497051937209,0.4714592851377091,0.4267088375311414,0.3772860087138542,0.37728600871385415,0.3772860087138546,0.5255544951657148,0.42670883753114125,0.3278631798965666,0.32786317989656666,0.3772860087138543,0.4761316663484285,0.42670883753114114,0.6738229816175775,0.4761316663484286,0.37728600871385415,0.3278631798965666,0.5255544951657157,0.5796497051937219,0.3726136275031349,0.42670883753114164,0.3278631798965667,0.5255544951657146,0.37728600871385415,0.3325355611072861,0.3726136275031347,0.3772860087138543,0.37728600871385415,0.530226876376435,0.5703049427722828,0.48080404755914813,0.42670883753114114,0.6244001528002894,0.4714592851377091,0.476131666348428,0.431381218741861,0.2430346658941503,0.0,0.0,0.0,0.0,0.0,0.0,0.0,0.0,0.0,0.0,0.0,0.0,0.0,0.0,0.0,0.0,0.0,0.0,0.0,0.0,0.0,0.0,0.0,0.0,0.0,0.0,0.0,0.0,0.0,0.0,0.0,0.0,0.0,0.0,0.0,0.0,0.0,0.0,0.0,0.0,0.0,0.0,0.0,0.0,0.0,0.0,0.0,0.0,0.0,0.0,0.0,0.0,0.0,0.0,0.0,0.0,0.0,0.0,0.0,0.0,0.0,0.0,0.0,0.0,0.0,0.0
0.699438868939355,0.2745245752051741,0.2745245752051741,0.2745245752051741,0.3301993705019265,0.48787899397074236,0.48787899397074325,0.43454038927935107,0.3255269892912072,0.2745245752051741,0.22118597051378147,0.3835379751933188,0.5922200127481684,0.38120178458795856,0.38120178458795867,0.32786317989656677,0.32786317989656677,0.2745245752051739,0.2211859705137815,0.27452457520517404,0.22352216111914125,0.3788655939825989,0.4902151845761022,0.3788655939825994,0.32786317989656677,0.2745245752051741,0.2745245752051739,0.2745245752051742,0.4345403892793505,0.3278631798965667,0.22118597051378147,0.22118597051378147,0.2745245752051741,0.38120178458795917,0.3278631798965667,0.5945562033535288,0.38120178458795917,0.2745245752051741,0.22118597051378147,0.4345403892793514,0.4902151845761031,0.2721883845998145,0.32786317989656694,0.22118597051378147,0.43454038927935035,0.2745245752051741,0.22352216111914125,0.27218838459981426,0.2745245752051741,0.27452457520517404,0.43687657988471096,0.4855428033653835,0.3835379751933189,0.3278631798965667,0.5412175986621351,0.3788655939825994,0.38120178458795867,0.3301993705019266,0.17877171351257318,0.0,0.0,0.0,0.0,0.0,0.0,0.0,0.0,0.0,0.0,0.0,0.0,0.0,0.0,0.0,0.0,0.0,0.0,0.0,0.0,0.0,0.0,0.0,0.0,0.0,0.0,0.0,0.0,0.0,0.0,0.0,0.0,0.0,0.0,0.0,0.0,0.0,0.0,0.0,0.0,0.0,0.0,0.0,0.0,0.0,0.0,0.0,0.0,0.0,0.0,0.0,0.0,0.0,0.0,0.0,0.0,0.0,0.0,0.0,0.0,0.0,0.0,0.0,0.0,0.0,0.0
0.7008702284534929,0.2745245752051739,0.2745245752051739,0.2745245752051739,0.328768010987789,0.48787899397074236,0.48787899397074325,0.4345403892793512,0.3269583488053447,0.27452457520517387,0.22118597051378142,0.3821066156791814,0.5936513722623056,0.3812017845879585,0.38120178458795856,0.32786317989656666,0.3278631798965667,0.2745245752051738,0.22118597051378147,0.27452457520517387,0.22209080160500377,0.3802969534967363,0.4887838250619647,0.3802969534967368,0.32786317989656666,0.27452457520517387,0.27452457520517387,0.2745245752051741,0.4345403892793505,0.32786317989656666,0.22118597051378142,0.22118597051378142,0.27452457520517387,0.38120178458795917,0.32786317989656666,0.5945562033535287,0.38120178458795917,0.27452457520517387,0.22118597051378142,0.43454038927935124,0.4887838250619656,0.27361974411395185,0.327863179896567,0.22118597051378142,0.43454038927935035,0.2745245752051739,0.22209080160500377,0.27361974411395157,0.2745245752051739,0.27452457520517387,0.4354452203705734,0.486974162879521,0.3821066156791814,0.3278631798965666,0.541217598662135,0.3802969534967368,0.38120178458795867,0.3287680109877892,0.1802030730267106,0.0,0.0,0.0,0.0,0.0,0.0,0.0,0.0,0.0,0.0,0.0,0.0,0.0,0.0,0.0,0.0,0.0,0.0,0.0,0.0,0.0,0.0,0.0,0.0,0.0,0.0,0.0,0.0,0.0,0.0,0.0,0.0,0.0,0.0,0.0,0.0,0.0,0.0,0.0,0.0,0.0,0.0,0.0,0.0,0.0,0.0,0.0,0.0,0.0,0.0,0.0,0.0,0.0,0.0,0.0,0.0,0.0,0.0,0.0,0.0,0.0,0.0,0.0,0.0,0.0,0.0
0.7364062495700024,0.3259052919595142,0.3259052919595142,0.32590529195951423,0.37864325535068694,0.5314281589768718,0.5314281589768726,0.4800474422225331,0.3759287620770206,0.3259052919595142,0.27452457520517404,0.43002397210502713,0.6328323458487192,0.42866672546819273,0.42866672546819284,0.3772860087138535,0.3772860087138535,0.3259052919595141,0.2745245752051739,0.3259052919595142,0.27588182184200744,0.42730947883135945,0.5327854056137055,0.42730947883136017,0.37728600871385354,0.32590529195951423,0.3259052919595141,0.32590529195951434,0.48004744222253226,0.3772860087138535,0.2745245752051739,0.27452457520517404,0.32590529195951423,0.42866672546819357,0.3772860087138535,0.6341895924855531,0.42866672546819357,0.32590529195951407,0.2745245752051739,0.4800474422225332,0.5327854056137061,0.3245480453226808,0.37728600871385404,0.2745245752051739,0.48004744222253215,0.3259052919595141,0.27588182184200744,0.3245480453226808,0.32590529195951423,0.32590529195951407,0.4814046888593666,0.5300709123400392,0.4300239721050271,0.3772860087138535,0.5828088757312123,0.42730947883136017,0.42866672546819284,0.3786432553506874,0.2130502289745679,0.0,0.0,0.0,0.0,0.0,0.0,0.0,0.0,0.0,0.0,0.0,0.0,0.0,0.0,0.0,0.0,0.0,0.0,0.0,0.0,0.0,0.0,0.0,0.0,0.0,0.0,0.0,0.0,0.0,0.0,0.0,0.0,0.0,0.0,0.0,0.0,0.0,0.0,0.0,0.0,0.0,0.0,0.0,0.0,0.0,0.0,0.0,0.0,0.0,0.0,0.0,0.0,0.0,0.0,0.0,0.0,0.0,0.0,0.0,0.0,0.0,0.0,0.0,0.0,0.0,0.0
0.8046155727747475,0.4286667254681937,0.42866672546819373,0.42866672546819373,0.4812564631047591,0.6185264889891313,0.6185264889891318,0.5710615481088974,0.4710068695920984,0.42866672546819373,0.38120178458795917,0.5287214039849939,0.7083315739932707,0.5235966072286629,0.5235966072286632,0.4761316663484285,0.4761316663484284,0.42866672546819357,0.38120178458795906,0.42866672546819373,0.38632658134428965,0.5184718104723326,0.6236512857454624,0.5184718104723328,0.4761316663484286,0.42866672546819373,0.42866672546819357,0.4286667254681944,0.5710615481088974,0.4761316663484284,0.381201784587959,0.38120178458795917,0.42866672546819373,0.5235966072286632,0.4761316663484284,0.7134563707496012,0.5235966072286634,0.4286667254681935,0.381201784587959,0.5710615481088981,0.6236512857454628,0.4235419287118636,0.476131666348429,0.38120178458795917,0.5710615481088973,0.42866672546819357,0.38632658134428965,0.42354192871186314,0.42866672546819373,0.4286667254681935,0.5761863448652284,0.6134016922328015,0.5287214039849939,0.47613166634842835,0.6659914298693668,0.5184718104723328,0.5235966072286632,0.48125646310475945,0.27588182184200727,0.0,0.0,0.0,0.0,0.0,0.0,0.0,0.0,0.0,0.0,0.0,0.0,0.0,0.0,0.0,0.0,0.0,0.0,0.0,0.0,0.0,0.0,0.0,0.0,0.0,0.0,0.0,0.0,0.0,0.0,0.0,0.0,0.0,0.0,0.0,0.0,0.0,0.0,0.0,0.0,0.0,0.0,0.0,0.0,0.0,0.0,0.0,0.0,0.0,0.0,0.0,0.0,0.0,0.0,0.0,0.0,0.0,0.0,0.0,0.0,0.0,0.0,0.0,0.0,0.0,0.0
0.7690795516582372,0.3772860087138546,0.3772860087138546,0.37728600871385465,0.4313812187418607,0.574977323983001,0.574977323983002,0.5255544951657153,0.42203645632042247,0.3772860087138546,0.327863179896567,0.48080404755914824,0.6691506004068577,0.47613166634842785,0.4761316663484279,0.42670883753114125,0.4267088375311413,0.37728600871385437,0.3278631798965669,0.3772860087138546,0.3325355611072864,0.4714592851377086,0.5796497051937208,0.4714592851377094,0.4267088375311414,0.37728600871385465,0.3772860087138545,0.3772860087138548,0.5255544951657147,0.4267088375311413,0.32786317989656694,0.327863179896567,0.37728600871385465,0.4761316663484287,0.42670883753114114,0.6738229816175777,0.47613166634842885,0.3772860087138543,0.32786317989656694,0.5255544951657157,0.5796497051937218,0.3726136275031352,0.42670883753114186,0.327863179896567,0.5255544951657146,0.37728600871385437,0.33253556110728644,0.3726136275031352,0.3772860087138546,0.3772860087138545,0.5302268763764353,0.5703049427722829,0.48080404755914813,0.42670883753114114,0.6244001528002889,0.4714592851377093,0.4761316663484279,0.4313812187418612,0.24303466589415032,0.0,0.0,0.0,0.0,0.0,0.0,0.0,0.0,0.0,0.0,0.0,0.0,0.0,0.0,0.0,0.0,0.0,0.0,0.0,0.0,0.0,0.0,0.0,0.0,0.0,0.0,0.0,0.0,0.0,0.0,0.0,0.0,0.0,0.0,0.0,0.0,0.0,0.0,0.0,0.0,0.0,0.0,0.0,0.0,0.0,0.0,0.0,0.0,0.0,0.0,0.0,0.0,0.0,0.0,0.0,0.0,0.0,0.0,0.0,0.0,0.0,0.0,0.0,0.0,0.0,0.0
0.9381715001559622,0.634189592485554,0.6341895924855538,0.6341895924855543,0.6893455976411782,0.7927231490136498,0.7927231490136499,0.7530897598816256,0.6583003655939792,0.6341895924855544,0.5945562033535301,0.7289789867732018,0.8564673112540995,0.7134563707496024,0.7134563707496026,0.6738229816175784,0.6738229816175781,0.6341895924855543,0.5945562033535299,0.6341895924855543,0.6100788193771302,0.697933754726002,0.8082457650372504,0.6979337547260032,0.6738229816175784,0.6341895924855543,0.6341895924855543,0.6341895924855553,0.753089759881627,0.6738229816175781,0.5945562033535299,0.5945562033535301,0.6341895924855543,0.7134563707496032,0.6738229816175781,0.8719899272776989,0.7134563707496029,0.634189592485554,0.5945562033535299,0.7530897598816271,0.8082457650372507,0.618666976461955,0.6738229816175791,0.5945562033535301,0.7530897598816264,0.634189592485554,0.6100788193771302,0.6186669764619545,0.6341895924855543,0.6341895924855542,0.768612375905227,0.7772005329900511,0.7289789867732024,0.673822981617578,0.8323565381456748,0.6979337547260032,0.7134563707496026,0.6893455976411789,0.3986822885486115,0.0,0.0,0.0,0.0,0.0,0.0,0.0,0.0,0.0,0.0,0.0,0.0,0.0,0.0,0.0,0.0,0.0,0.0,0.0,0.0,0.0,0.0,0.0,0.0,0.0,0.0,0.0,0.0,0.0,0.0,0.0,0.0,0.0,0.0,0.0,0.0,0.0,0.0,0.0,0.0,0.0,0.0,0.0,0.0,0.0,0.0,0.0,0.0,0.0,0.0,0.0,0.0,0.0,0.0,0.0,0.0,0.0,0.0,0.0,0.0,0.0,0.0,0.0,0.0,0.0,0.0
0.8046155727747482,0.4286667254681945,0.4286667254681945,0.4286667254681947,0.4812564631047597,0.6185264889891315,0.618526488989132,0.5710615481088975,0.4710068695920988,0.4286667254681944,0.38120178458795956,0.528721403984994,0.7083315739932715,0.523596607228663,0.5235966072286633,0.47613166634842913,0.476131666348429,0.42866672546819434,0.3812017845879595,0.4286667254681945,0.3863265813442901,0.5184718104723326,0.6236512857454627,0.518471810472333,0.4761316663484292,0.42866672546819456,0.42866672546819423,0.42866672546819484,0.5710615481088975,0.476131666348429,0.3812017845879595,0.38120178458795956,0.42866672546819456,0.5235966072286635,0.47613166634842885,0.7134563707496022,0.5235966072286636,0.42866672546819423,0.3812017845879594,0.5710615481088982,0.6236512857454632,0.4235419287118639,0.47613166634842946,0.38120178458795956,0.5710615481088973,0.42866672546819434,0.3863265813442901,0.4235419287118638,0.4286667254681947,0.42866672546819423,0.5761863448652287,0.6134016922328018,0.5287214039849942,0.47613166634842885,0.6659914298693669,0.5184718104723328,0.5235966072286631,0.4812564631047598,0.2758818218420076,0.0,0.0,0.0,0.0,0.0,0.0,0.0,0.0,0.0,0.0,0.0,0.0,0.0,0.0,0.0,0.0,0.0,0.0,0.0,0.0,0.0,0.0,0.0,0.0,0.0,0.0,0.0,0.0,0.0,0.0,0.0,0.0,0.0,0.0,0.0,0.0,0.0,0.0,0.0,0.0,0.0,0.0,0.0,0.0,0.0,0.0,0.0,0.0,0.0,0.0,0.0,0.0,0.0,0.0,0.0,0.0,0.0,0.0,0.0,0.0,0.0,0.0,0.0,0.0,0.0,0.0
0.7321121710275897,0.3259052919595141,0.3259052919595141,0.3259052919595141,0.3829373338930991,0.5314281589768711,0.5314281589768721,0.48004744222253304,0.3716346835346083,0.3259052919595141,0.2745245752051742,0.4343180506474393,0.6285382673063062,0.4286667254681927,0.42866672546819273,0.3772860087138535,0.37728600871385337,0.32590529195951407,0.2745245752051741,0.32590529195951407,0.2801759003844199,0.423015400288947,0.5370794841561172,0.4230154002889478,0.3772860087138535,0.3259052919595142,0.32590529195951407,0.3259052919595144,0.480047442222532,0.37728600871385337,0.2745245752051742,0.2745245752051742,0.3259052919595142,0.4286667254681935,0.37728600871385337,0.6341895924855527,0.42866672546819357,0.325905291959514,0.2745245752051742,0.4800474422225332,0.537079484156118,0.3202539667802685,0.37728600871385404,0.2745245752051742,0.48004744222253193,0.32590529195951407,0.28017590038442003,0.3202539667802684,0.3259052919595141,0.32590529195951407,0.4856987674017788,0.5257768337976267,0.4343180506474393,0.37728600871385337,0.5828088757312115,0.4230154002889478,0.42866672546819273,0.3829373338930998,0.2087561504321556,0.0,0.0,0.0,0.0,0.0,0.0,0.0,0.0,0.0,0.0,0.0,0.0,0.0,0.0,0.0,0.0,0.0,0.0,0.0,0.0,0.0,0.0,0.0,0.0,0.0,0.0,0.0,0.0,0.0,0.0,0.0,0.0,0.0,0.0,0.0,0.0,0.0,0.0,0.0,0.0,0.0,0.0,0.0,0.0,0.0,0.0,0.0,0.0,0.0,0.0,0.0,0.0,0.0,0.0,0.0,0.0,0.0,0.0,0.0,0.0,0.0,0.0,0.0,0.0,0.0,0.0
0.6994388689393555,0.27452457520517426,0.27452457520517426,0.27452457520517426,0.33019937050192644,0.48787899397074236,0.4878789939707431,0.43454038927935107,0.3255269892912072,0.27452457520517426,0.2211859705137814,0.3835379751933188,0.5922200127481684,0.3812017845879585,0.38120178458795867,0.32786317989656677,0.3278631798965667,0.2745245752051741,0.22118597051378147,0.27452457520517426,0.2235221611191412,0.37886559398259884,0.4902151845761022,0.37886559398259934,0.3278631798965667,0.27452457520517426,0.2745245752051742,0.2745245752051743,0.4345403892793505,0.3278631798965667,0.22118597051378142,0.2211859705137814,0.27452457520517426,0.381201784587959,0.32786317989656666,0.594556203353529,0.38120178458795906,0.27452457520517426,0.22118597051378142,0.43454038927935124,0.490215184576103,0.27218838459981454,0.3278631798965669,0.22118597051378142,0.43454038927935035,0.27452457520517426,0.2235221611191412,0.2721883845998145,0.27452457520517426,0.2745245752051742,0.4368765798847108,0.48554280336538347,0.3835379751933188,0.32786317989656666,0.541217598662135,0.37886559398259934,0.38120178458795867,0.33019937050192655,0.17877171351257315,0.0,0.0,0.0,0.0,0.0,0.0,0.0,0.0,0.0,0.0,0.0,0.0,0.0,0.0,0.0,0.0,0.0,0.0,0.0,0.0,0.0,0.0,0.0,0.0,0.0,0.0,0.0,0.0,0.0,0.0,0.0,0.0,0.0,0.0,0.0,0.0,0.0,0.0,0.0,0.0,0.0,0.0,0.0,0.0,0.0,0.0,0.0,0.0,0.0,0.0,0.0,0.0,0.0,0.0,0.0,0.0,0.0,0.0,0.0,0.0,0.0,0.0,0.0,0.0,0.0,0.0
0.8372888748629836,0.48004744222253426,0.48004744222253426,0.48004744222253437,0.5339944264959332,0.6620756539952616,0.6620756539952619,0.6165686010520798,0.5171145638355003,0.48004744222253426,0.43454038927935235,0.579501479439115,0.7446498285514106,0.5710615481088984,0.5710615481088986,0.5255544951657165,0.5255544951657163,0.48004744222253404,0.4345403892793522,0.48004744222253426,0.44298032060956866,0.5626216167786818,0.6705155853254791,0.5626216167786822,0.5255544951657165,0.4800474422225344,0.48004744222253404,0.48004744222253476,0.6165686010520808,0.5255544951657165,0.4345403892793522,0.43454038927935235,0.4800474422225344,0.5710615481088988,0.5255544951657163,0.7530897598816267,0.5710615481088989,0.48004744222253404,0.4345403892793522,0.6165686010520812,0.6705155853254795,0.47160751089231795,0.5255544951657168,0.43454038927935235,0.6165686010520802,0.4800474422225341,0.44298032060956866,0.4716075108923176,0.4800474422225344,0.48004744222253404,0.6250085323822977,0.6536357226650465,0.5795014794391153,0.5255544951657162,0.7075827069384447,0.5626216167786822,0.5710615481088985,0.5339944264959333,0.30586625876159007,0.0,0.0,0.0,0.0,0.0,0.0,0.0,0.0,0.0,0.0,0.0,0.0,0.0,0.0,0.0,0.0,0.0,0.0,0.0,0.0,0.0,0.0,0.0,0.0,0.0,0.0,0.0,0.0,0.0,0.0,0.0,0.0,0.0,0.0,0.0,0.0,0.0,0.0,0.0,0.0,0.0,0.0,0.0,0.0,0.0,0.0,0.0,0.0,0.0,0.0,0.0,0.0,0.0,0.0,0.0,0.0,0.0,0.0,0.0,0.0,0.0,0.0,0.0,0.0,0.0,0.0
0.8890707509529066,0.5370794841561205,0.535648124641983,0.5327854056137085,0.5847003890727507,0.7331248395610059,0.7302621205327311,0.6891232590092653,0.5688735832581477,0.5327854056137082,0.4887838250619676,0.6473096433082769,0.7960382835875379,0.623651285745464,0.6265140047737391,0.5810810647078613,0.5782183456795864,0.5342167651278454,0.49450926311851706,0.5370794841561206,0.49669722796926885,0.6186006018664372,0.7209992092703842,0.6157378828381628,0.5767869861654492,0.5327854056137082,0.5342167651278454,0.5327854056137086,0.6690842258113425,0.5796497051937238,0.49021518457610486,0.4887838250619676,0.5327854056137085,0.6236512857454641,0.5796497051937237,0.8082457650372513,0.6236512857454642,0.5370794841561202,0.49021518457610486,0.6705155853254798,0.719567849756247,0.5277347217346816,0.5767869861654491,0.48878382506196755,0.6776723828961664,0.5356481246419829,0.49669722796926885,0.5248720027064068,0.5327854056137086,0.5385108436702577,0.6870171453176062,0.7094664819981937,0.6344274076810404,0.5853751432502735,0.759950105943098,0.6171692423523001,0.6222199262313268,0.5875631081010251,0.344891268311608,0.0,0.0,0.0,0.0,0.0,0.0,0.0,0.0,0.0,0.0,0.0,0.0,0.0,0.0,0.0,0.0,0.0,0.0,0.0,0.0,0.0,0.0,0.0,0.0,0.0,0.0,0.0,0.0,0.0,0.0,0.0,0.0,0.0,0.0,0.0,0.0,0.0,0.0,0.0,0.0,0.0,0.0,0.0,0.0,0.0,0.0,0.0,0.0,0.0,0.0,0.0,0.0,0.0,0.0,0.0,0.0,0.0,0.0,0.0,0.0,0.0,0.0,0.0,0.0,0.0,0.0
0.7201603945965891,0.32025396678026774,0.32168532629440516,0.32454804532268006,0.3778125371367685,0.5039281384172574,0.5067908574455329,0.45299983720852993,0.3731401559260499,0.32454804532268006,0.27361974411395135,0.41013316466171107,0.6206248643990044,0.42354192871186225,0.42067920968358746,0.37118226798899656,0.37404498701727146,0.3231166858085425,0.26789430605740167,0.32025396678026763,0.2759559347193111,0.41834301907822774,0.526303362220541,0.4212057381065034,0.3754763465314089,0.32454804532268006,0.3231166858085425,0.32454804532268083,0.47303887040645304,0.372613627503134,0.2721883845998139,0.27361974411395135,0.32454804532268006,0.4235419287118631,0.372613627503134,0.6186669764619526,0.42354192871186314,0.32025396678026763,0.2721883845998139,0.4716075108923168,0.5277347217346793,0.31934913568904616,0.3754763465314096,0.27361974411395135,0.4644507133216284,0.32168532629440516,0.2759559347193111,0.3222118547173203,0.3245480453226801,0.3188226072661302,0.46535554441285176,0.5173369024674103,0.423015400288948,0.36688818944658413,0.5720327537956353,0.41977437859236594,0.42497328822599967,0.3749498181084943,0.20687237537240705,0.0,0.0,0.0,0.0,0.0,0.0,0.0,0.0,0.0,0.0,0.0,0.0,0.0,0.0,0.0,0.0,0.0,0.0,0.0,0.0,0.0,0.0,0.0,0.0,0.0,0.0,0.0,0.0,0.0,0.0,0.0,0.0,0.0,0.0,0.0,0.0,0.0,0.0,0.0,0.0,0.0,0.0,0.0,0.0,0.0,0.0,0.0,0.0,0.0,0.0,0.0,0.0,0.0,0.0,0.0,0.0,0.0,0.0,0.0,0.0,0.0,0.0,0.0,0.0,0.0,0.0
0.7719422706865121,0.37728600871385365,0.37728600871385365,0.37728600871385365,0.42851849971358563,0.5749773239830018,0.5749773239830025,0.5255544951657154,0.42489917534869703,0.37728600871385354,0.3278631798965665,0.4779413285308734,0.6720133194351324,0.47613166634842785,0.476131666348428,0.42670883753114097,0.4267088375311409,0.37728600871385337,0.32786317989656644,0.3772860087138535,0.32967284207901104,0.47432200416598347,0.576786986165447,0.47432200416598425,0.4267088375311411,0.37728600871385354,0.3772860087138535,0.3772860087138542,0.5255544951657153,0.4267088375311409,0.32786317989656644,0.3278631798965665,0.37728600871385365,0.4761316663484287,0.4267088375311409,0.6738229816175771,0.4761316663484287,0.3772860087138535,0.32786317989656644,0.5255544951657157,0.5767869861654475,0.3754763465314096,0.4267088375311416,0.3278631798965665,0.5255544951657151,0.3772860087138535,0.32967284207901104,0.37547634653140893,0.37728600871385365,0.3772860087138535,0.5273641573481604,0.5731676618005584,0.4779413285308733,0.4267088375311409,0.6244001528002896,0.47432200416598413,0.476131666348428,0.42851849971358613,0.24589738492242513,0.0,0.0,0.0,0.0,0.0,0.0,0.0,0.0,0.0,0.0,0.0,0.0,0.0,0.0,0.0,0.0,0.0,0.0,0.0,0.0,0.0,0.0,0.0,0.0,0.0,0.0,0.0,0.0,0.0,0.0,0.0,0.0,0.0,0.0,0.0,0.0,0.0,0.0,0.0,0.0,0.0,0.0,0.0,0.0,0.0,0.0,0.0,0.0,0.0,0.0,0.0,0.0,0.0,0.0,0.0,0.0,0.0,0.0,0.0,0.0,0.0,0.0,0.0,0.0,0.0,0.0
0.7008702284534922,0.27452457520517376,0.2745245752051737,0.2745245752051737,0.32876801098778824,0.48787899397074236,0.48787899397074325,0.4345403892793512,0.3269583488053442,0.27452457520517376,0.22118597051378147,0.38210661567918147,0.5936513722623052,0.3812017845879584,0.3812017845879585,0.32786317989656594,0.32786317989656594,0.2745245752051737,0.2211859705137815,0.2745245752051737,0.2220908016050038,0.38029695349673615,0.4887838250619646,0.38029695349673687,0.32786317989656594,0.2745245752051737,0.2745245752051737,0.27452457520517404,0.4345403892793505,0.32786317989656594,0.22118597051378147,0.22118597051378147,0.2745245752051737,0.38120178458795906,0.32786317989656594,0.5945562033535281,0.38120178458795917,0.27452457520517376,0.22118597051378147,0.43454038927935135,0.4887838250619656,0.2736197441139517,0.32786317989656655,0.22118597051378147,0.43454038927935035,0.2745245752051737,0.2220908016050038,0.2736197441139514,0.2745245752051737,0.2745245752051737,0.43544522037057354,0.486974162879521,0.3821066156791814,0.32786317989656594,0.541217598662135,0.3802969534967368,0.3812017845879585,0.3287680109877888,0.18020307302671065,0.0,0.0,0.0,0.0,0.0,0.0,0.0,0.0,0.0,0.0,0.0,0.0,0.0,0.0,0.0,0.0,0.0,0.0,0.0,0.0,0.0,0.0,0.0,0.0,0.0,0.0,0.0,0.0,0.0,0.0,0.0,0.0,0.0,0.0,0.0,0.0,0.0,0.0,0.0,0.0,0.0,0.0,0.0,0.0,0.0,0.0,0.0,0.0,0.0,0.0,0.0,0.0,0.0,0.0,0.0,0.0,0.0,0.0,0.0,0.0,0.0,0.0,0.0,0.0,0.0,0.0
0.8301320772922949,0.4800474422225339,0.48004744222253404,0.48004744222253404,0.5411512240666192,0.6620756539952604,0.6620756539952608,0.6165686010520791,0.5099577662648125,0.4800474422225339,0.4345403892793519,0.5866582770098013,0.7374930309807219,0.5710615481088971,0.5710615481088974,0.5255544951657157,0.5255544951657154,0.48004744222253387,0.43454038927935174,0.4800474422225339,0.45013711818025565,0.5554648192079933,0.6776723828961647,0.5554648192079942,0.5255544951657157,0.4800474422225341,0.48004744222253387,0.48004744222253487,0.6165686010520794,0.5255544951657155,0.43454038927935185,0.4345403892793519,0.48004744222253404,0.5710615481088979,0.5255544951657154,0.7530897598816257,0.5710615481088979,0.4800474422225337,0.43454038927935185,0.61656860105208,0.6776723828961655,0.46445071332163057,0.5255544951657165,0.4345403892793519,0.616568601052079,0.48004744222253387,0.45013711818025565,0.4644507133216302,0.48004744222253404,0.48004744222253387,0.6321653299529838,0.6464789250943578,0.5866582770098016,0.5255544951657154,0.7075827069384432,0.5554648192079944,0.5710615481088974,0.54115122406662,0.2987094611909025,0.0,0.0,0.0,0.0,0.0,0.0,0.0,0.0,0.0,0.0,0.0,0.0,0.0,0.0,0.0,0.0,0.0,0.0,0.0,0.0,0.0,0.0,0.0,0.0,0.0,0.0,0.0,0.0,0.0,0.0,0.0,0.0,0.0,0.0,0.0,0.0,0.0,0.0,0.0,0.0,0.0,0.0,0.0,0.0,0.0,0.0,0.0,0.0,0.0,0.0,0.0,0.0,0.0,0.0,0.0,0.0,0.0,0.0,0.0,0.0,0.0,0.0,0.0,0.0,0.0,0.0
0.7335435305417276,0.3259052919595142,0.3259052919595142,0.3259052919595142,0.38150597437896183,0.5314281589768726,0.5314281589768729,0.48004744222253337,0.37306604304874574,0.3259052919595142,0.2745245752051739,0.43288669113330225,0.6299696268204443,0.4286667254681932,0.4286667254681932,0.3772860087138535,0.3772860087138535,0.32590529195951407,0.2745245752051739,0.3259052919595141,0.2787445408702823,0.42444675980308494,0.5356481246419811,0.4244467598030856,0.37728600871385354,0.32590529195951423,0.3259052919595141,0.32590529195951434,0.48004744222253304,0.3772860087138535,0.2745245752051739,0.2745245752051739,0.32590529195951423,0.42866672546819384,0.3772860087138535,0.6341895924855531,0.4286667254681939,0.32590529195951407,0.2745245752051739,0.48004744222253376,0.5356481246419815,0.32168532629440594,0.37728600871385404,0.2745245752051739,0.4800474422225327,0.32590529195951407,0.2787445408702824,0.32168532629440594,0.3259052919595142,0.3259052919595141,0.48426740788764194,0.5272081933117648,0.43288669113330225,0.3772860087138535,0.5828088757312124,0.4244467598030855,0.4286667254681932,0.38150597437896233,0.21018750994629307,0.0,0.0,0.0,0.0,0.0,0.0,0.0,0.0,0.0,0.0,0.0,0.0,0.0,0.0,0.0,0.0,0.0,0.0,0.0,0.0,0.0,0.0,0.0,0.0,0.0,0.0,0.0,0.0,0.0,0.0,0.0,0.0,0.0,0.0,0.0,0.0,0.0,0.0,0.0,0.0,0.0,0.0,0.0,0.0,0.0,0.0,0.0,0.0,0.0,0.0,0.0,0.0,0.0,0.0,0.0,0.0,0.0,0.0,0.0,0.0,0.0,0.0,0.0,0.0,0.0,0.0
0.7142533643986302,0.28017590038441964,0.27874454087028216,0.27588182184200727,0.33246144822998125,0.515379014530356,0.5125162955020823,0.46158799429335423,0.32688423592804006,0.27588182184200727,0.2220908016050038,0.404860142150772,0.6029961346837442,0.38632658134428827,0.3891893003725633,0.3339669206214227,0.3311042015931478,0.2773131813561447,0.22781623966155365,0.28017590038441964,0.22487940775597476,0.3864006942215923,0.4981285874834028,0.3835379751933182,0.3296728420790104,0.27588182184200727,0.27731318135614474,0.27588182184200755,0.4415489610954288,0.3325355611072853,0.22352216111914128,0.2220908016050038,0.27588182184200727,0.38632658134428927,0.3325355611072852,0.6100788193771284,0.38632658134428927,0.28017590038441964,0.22352216111914128,0.4429803206095673,0.4966972279692665,0.2759559347193115,0.329672842079011,0.2220908016050038,0.4501371181802535,0.2787445408702821,0.22487940775597473,0.2730932156910364,0.27588182184200727,0.28160725989855706,0.45435708384536283,0.4968454537238744,0.391977906523535,0.33826099916383506,0.551993720597711,0.3849693347074557,0.38489522183015085,0.3353241672582568,0.1835182076005967,0.0,0.0,0.0,0.0,0.0,0.0,0.0,0.0,0.0,0.0,0.0,0.0,0.0,0.0,0.0,0.0,0.0,0.0,0.0,0.0,0.0,0.0,0.0,0.0,0.0,0.0,0.0,0.0,0.0,0.0,0.0,0.0,0.0,0.0,0.0,0.0,0.0,0.0,0.0,0.0,0.0,0.0,0.0,0.0,0.0,0.0,0.0,0.0,0.0,0.0,0.0,0.0,0.0,0.0,0.0,0.0,0.0,0.0,0.0,0.0,0.0,0.0,0.0,0.0,0.0,0.0
0.7230231136248652,0.3202539667802684,0.32168532629440594,0.3245480453226808,0.3749498181084945,0.5039281384172581,0.5067908574455335,0.45299983720853043,0.37600287495432505,0.3245480453226808,0.2736197441139517,0.40727044563343673,0.6234875834272804,0.42354192871186325,0.4206792096835886,0.3711822679889972,0.3740449870172722,0.3231166858085432,0.26789430605740183,0.3202539667802684,0.27309321569103645,0.4212057381065037,0.5234406431922672,0.42406845713477886,0.37547634653140977,0.3245480453226808,0.32311668580854325,0.32454804532268083,0.47303887040645415,0.3726136275031347,0.27218838459981415,0.2736197441139517,0.3245480453226808,0.4235419287118636,0.3726136275031347,0.6186669764619533,0.42354192871186375,0.32025396678026835,0.27218838459981415,0.47160751089231734,0.5248720027064052,0.32221185471732106,0.3754763465314098,0.2736197441139517,0.4644507133216294,0.32168532629440577,0.27309321569103656,0.3250745737455959,0.3245480453226808,0.3188226072661309,0.46249282538457753,0.5201996214956857,0.4201526812606737,0.36688818944658486,0.5720327537956361,0.4226370976206414,0.4249732882260008,0.3720870990802197,0.20973509440068186,0.0,0.0,0.0,0.0,0.0,0.0,0.0,0.0,0.0,0.0,0.0,0.0,0.0,0.0,0.0,0.0,0.0,0.0,0.0,0.0,0.0,0.0,0.0,0.0,0.0,0.0,0.0,0.0,0.0,0.0,0.0,0.0,0.0,0.0,0.0,0.0,0.0,0.0,0.0,0.0,0.0,0.0,0.0,0.0,0.0,0.0,0.0,0.0,0.0,0.0,0.0,0.0,0.0,0.0,0.0,0.0,0.0,0.0,0.0,0.0,0.0,0.0,0.0,0.0,0.0,0.0
0.7364062495700013,0.32590529195951295,0.32590529195951295,0.32590529195951295,0.3786432553506857,0.531428158976871,0.5314281589768721,0.4800474422225327,0.37592876207702003,0.32590529195951295,0.2745245752051736,0.43002397210502663,0.6328323458487182,0.42866672546819173,0.42866672546819184,0.3772860087138522,0.3772860087138523,0.32590529195951295,0.27452457520517365,0.32590529195951295,0.27588182184200705,0.42730947883135834,0.5327854056137045,0.42730947883135967,0.3772860087138522,0.32590529195951295,0.325905291959513,0.325905291959514,0.4800474422225313,0.3772860087138522,0.2745245752051736,0.2745245752051736,0.32590529195951295,0.4286667254681932,0.3772860087138523,0.6341895924855523,0.4286667254681932,0.325905291959513,0.27452457520517365,0.4800474422225327,0.5327854056137056,0.3245480453226805,0.3772860087138535,0.2745245752051736,0.48004744222253143,0.32590529195951295,0.27588182184200705,0.3245480453226795,0.32590529195951295,0.32590529195951295,0.48140468885936616,0.5300709123400387,0.43002397210502663,0.3772860087138523,0.5828088757312115,0.42730947883135967,0.42866672546819184,0.37864325535068694,0.213050228974568,0.0,0.0,0.0,0.0,0.0,0.0,0.0,0.0,0.0,0.0,0.0,0.0,0.0,0.0,0.0,0.0,0.0,0.0,0.0,0.0,0.0,0.0,0.0,0.0,0.0,0.0,0.0,0.0,0.0,0.0,0.0,0.0,0.0,0.0,0.0,0.0,0.0,0.0,0.0,0.0,0.0,0.0,0.0,0.0,0.0,0.0,0.0,0.0,0.0,0.0,0.0,0.0,0.0,0.0,0.0,0.0,0.0,0.0,0.0,0.0,0.0,0.0,0.0,0.0,0.0,0.0
0.7306808115134538,0.32590529195951395,0.32590529195951395,0.32590529195951395,0.3843686934072374,0.531428158976873,0.5314281589768732,0.4800474422225336,0.37020332402047107,0.32590529195951395,0.2745245752051741,0.4357494101615774,0.62710690779217,0.42866672546819373,0.428666725468194,0.37728600871385415,0.37728600871385415,0.3259052919595139,0.2745245752051741,0.32590529195951395,0.28160725989855734,0.4215840407748107,0.5385108436702567,0.421584040774811,0.3772860087138542,0.32590529195951395,0.3259052919595139,0.3259052919595141,0.48004744222253404,0.37728600871385415,0.2745245752051741,0.2745245752051741,0.32590529195951395,0.42866672546819407,0.37728600871385415,0.6341895924855532,0.42866672546819423,0.32590529195951384,0.2745245752051741,0.4800474422225344,0.5385108436702571,0.3188226072661308,0.3772860087138542,0.2745245752051741,0.4800474422225336,0.32590529195951384,0.2816072598985574,0.31882260726613076,0.32590529195951395,0.3259052919595138,0.4871301269159173,0.5243454742834907,0.4357494101615774,0.37728600871385404,0.5828088757312134,0.421584040774811,0.428666725468194,0.3843686934072374,0.207324790918018,0.0,0.0,0.0,0.0,0.0,0.0,0.0,0.0,0.0,0.0,0.0,0.0,0.0,0.0,0.0,0.0,0.0,0.0,0.0,0.0,0.0,0.0,0.0,0.0,0.0,0.0,0.0,0.0,0.0,0.0,0.0,0.0,0.0,0.0,0.0,0.0,0.0,0.0,0.0,0.0,0.0,0.0,0.0,0.0,0.0,0.0,0.0,0.0,0.0,0.0,0.0,0.0,0.0,0.0,0.0,0.0,0.0,0.0,0.0,0.0,0.0,0.0,0.0,0.0,0.0,0.0
0.8420838537232949,0.4856987674017791,0.4842674078876416,0.48140468885936677,0.5462760208229497,0.6895756745548745,0.6867129555266003,0.6436162060660822,0.5084522938733707,0.48140468885936666,0.43544522037057376,0.6108431629955294,0.7454064338880229,0.5761863448652275,0.5790490638935026,0.5316582358905722,0.5287955168622972,0.48283604837350397,0.4411706584271235,0.4856987674017789,0.45435708384536344,0.5601372004187126,0.6884485048317405,0.5572744813904383,0.5273641573481598,0.48140468885936677,0.48283604837350397,0.481404688859368,0.623577172868158,0.5302268763764346,0.43687657988471096,0.4354452203705737,0.48140468885936677,0.576186344865228,0.5302268763764346,0.7686123759052252,0.576186344865228,0.4856987674017788,0.43687657988471096,0.6250085323822961,0.6870171453176038,0.46535554441285243,0.5273641573481604,0.43544522037057376,0.6321653299529824,0.48426740788764144,0.45435708384536344,0.46249282538457687,0.48140468885936677,0.48713012691591634,0.6525085529419106,0.6549188564245739,0.5979609273682929,0.5359523144329843,0.718358828874019,0.5587058409045758,0.57475498535109,0.5491387398512249,0.30059323625065104,0.0,0.0,0.0,0.0,0.0,0.0,0.0,0.0,0.0,0.0,0.0,0.0,0.0,0.0,0.0,0.0,0.0,0.0,0.0,0.0,0.0,0.0,0.0,0.0,0.0,0.0,0.0,0.0,0.0,0.0,0.0,0.0,0.0,0.0,0.0,0.0,0.0,0.0,0.0,0.0,0.0,0.0,0.0,0.0,0.0,0.0,0.0,0.0,0.0,0.0,0.0,0.0,0.0,0.0,0.0,0.0,0.0,0.0,0.0,0.0,0.0,0.0,0.0,0.0,0.0,0.0
0.8565790410060788,0.5257768337976275,0.527208193311765,0.5300709123400402,0.5830389526449122,0.6781247984417751,0.6809875174700506,0.6350280489812576,0.563296370956205,0.53007091234004,0.48697416287952194,0.6075280284216439,0.7716233206881082,0.6134016922328012,0.6105389732045267,0.5688735832581457,0.5717363022864206,0.5286395528259025,0.48124872482297215,0.5257768337976275,0.4968454537238759,0.6006676823601721,0.7080351224840541,0.603530401388448,0.5731676618005582,0.53007091234004,0.5286395528259025,0.5300709123400412,0.6550670821791821,0.5703049427722832,0.48554280336538447,0.48697416287952194,0.53007091234004,0.613401692232802,0.5703049427722832,0.7772005329900499,0.613401692232802,0.5257768337976275,0.48554280336538447,0.6536357226650454,0.7094664819981922,0.5173369024674119,0.5731676618005589,0.48697416287952194,0.646478925094357,0.5272081933117648,0.4968454537238759,0.5201996214956859,0.5300709123400402,0.52434547428349,0.6549188564245749,0.6839984622529341,0.6204102640488812,0.5645795047157333,0.7383978620719438,0.6020990418743105,0.6148330517469388,0.5801762336166378,0.3325355611072862,0.0,0.0,0.0,0.0,0.0,0.0,0.0,0.0,0.0,0.0,0.0,0.0,0.0,0.0,0.0,0.0,0.0,0.0,0.0,0.0,0.0,0.0,0.0,0.0,0.0,0.0,0.0,0.0,0.0,0.0,0.0,0.0,0.0,0.0,0.0,0.0,0.0,0.0,0.0,0.0,0.0,0.0,0.0,0.0,0.0,0.0,0.0,0.0,0.0,0.0,0.0,0.0,0.0,0.0,0.0,0.0,0.0,0.0,0.0,0.0,0.0,0.0,0.0,0.0,0.0,0.0
0.8151359896916103,0.43431805064744006,0.4328866911333026,0.4300239721050278,0.4878126193752277,0.646026509548746,0.6431637905204712,0.5981091531229008,0.46807003768652006,0.43002397210502763,0.38210661567918175,0.55433764948486,0.7148136173864348,0.5287214039849938,0.5315841230132688,0.48223540707328594,0.4793726880450111,0.43145533161916494,0.38783205373573143,0.43431805064744006,0.3919779065235358,0.5217128321689147,0.6358587671951761,0.5188501131406402,0.4779413285308738,0.4300239721050278,0.43145533161916494,0.43002397210502824,0.5780701199249769,0.48080404755914846,0.3835379751933191,0.38210661567918175,0.4300239721050278,0.528721403984994,0.4808040475591483,0.7289789867732015,0.5287214039849942,0.4343180506474398,0.3835379751933191,0.5795014794391146,0.6344274076810392,0.4230154002889488,0.4779413285308741,0.38210661567918175,0.586658277009801,0.4328866911333024,0.3919779065235357,0.4201526812606736,0.4300239721050278,0.43574941016157726,0.5979609273682932,0.6204102640488808,0.5414554138576231,0.48652948561569803,0.6767675518049427,0.5202814726547775,0.5272900444708566,0.4906753384035027,0.2763342373876183,0.0,0.0,0.0,0.0,0.0,0.0,0.0,0.0,0.0,0.0,0.0,0.0,0.0,0.0,0.0,0.0,0.0,0.0,0.0,0.0,0.0,0.0,0.0,0.0,0.0,0.0,0.0,0.0,0.0,0.0,0.0,0.0,0.0,0.0,0.0,0.0,0.0,0.0,0.0,0.0,0.0,0.0,0.0,0.0,0.0,0.0,0.0,0.0,0.0,0.0,0.0,0.0,0.0,0.0,0.0,0.0,0.0,0.0,0.0,0.0,0.0,0.0,0.0,0.0,0.0,0.0
0.7633541136016875,0.3772860087138535,0.37728600871385337,0.37728600871385337,0.43710665679840943,0.5749773239830009,0.5749773239830018,0.5255544951657151,0.41631101826387185,0.37728600871385337,0.3278631798965666,0.48652948561569737,0.6634251623503076,0.4761316663484269,0.47613166634842724,0.4267088375311404,0.42670883753114025,0.3772860087138533,0.3278631798965667,0.3772860087138535,0.33826099916383573,0.465733847081158,0.5853751432502705,0.46573384708115867,0.42670883753114025,0.37728600871385337,0.37728600871385337,0.37728600871385415,0.5255544951657143,0.42670883753114025,0.32786317989656655,0.3278631798965666,0.37728600871385337,0.4761316663484279,0.42670883753114014,0.6738229816175774,0.4761316663484279,0.37728600871385337,0.32786317989656655,0.5255544951657151,0.5853751432502713,0.36688818944658474,0.42670883753114097,0.3278631798965666,0.5255544951657141,0.37728600871385337,0.3382609991638357,0.36688818944658425,0.37728600871385337,0.37728600871385337,0.5359523144329843,0.5645795047157329,0.48652948561569737,0.42670883753114025,0.6244001528002889,0.46573384708115884,0.47613166634842724,0.43710665679841026,0.23730922783760056,0.0,0.0,0.0,0.0,0.0,0.0,0.0,0.0,0.0,0.0,0.0,0.0,0.0,0.0,0.0,0.0,0.0,0.0,0.0,0.0,0.0,0.0,0.0,0.0,0.0,0.0,0.0,0.0,0.0,0.0,0.0,0.0,0.0,0.0,0.0,0.0,0.0,0.0,0.0,0.0,0.0,0.0,0.0,0.0,0.0,0.0,0.0,0.0,0.0,0.0,0.0,0.0,0.0,0.0,0.0,0.0,0.0,0.0,0.0,0.0,0.0,0.0,0.0,0.0,0.0,0.0
0.9069295575818649,0.5828088757312139,0.5828088757312139,0.5828088757312142,0.6351762747358672,0.7491739840075197,0.7491739840075202,0.7075827069384435,0.6136240308647151,0.5828088757312141,0.5412175986621374,0.6767675518049439,0.8215804162100988,0.6659914298693673,0.6659914298693675,0.6244001528002907,0.6244001528002906,0.5828088757312139,0.5412175986621373,0.582808875731214,0.5519937205977137,0.6552153079337906,0.759950105943097,0.6552153079337917,0.6244001528002909,0.5828088757312141,0.582808875731214,0.5828088757312151,0.7075827069384443,0.6244001528002906,0.5412175986621373,0.5412175986621374,0.5828088757312142,0.6659914298693682,0.6244001528002906,0.832356538145675,0.665991429869368,0.5828088757312136,0.5412175986621373,0.707582706938445,0.7599501059430978,0.5720327537956381,0.6244001528002915,0.5412175986621374,0.7075827069384438,0.5828088757312138,0.5519937205977137,0.5720327537956378,0.5828088757312142,0.582808875731214,0.7183588288740212,0.7383978620719449,0.6767675518049442,0.6244001528002906,0.7907652610765975,0.6552153079337916,0.6659914298693675,0.6351762747358677,0.3701292111431671,0.0,0.0,0.0,0.0,0.0,0.0,0.0,0.0,0.0,0.0,0.0,0.0,0.0,0.0,0.0,0.0,0.0,0.0,0.0,0.0,0.0,0.0,0.0,0.0,0.0,0.0,0.0,0.0,0.0,0.0,0.0,0.0,0.0,0.0,0.0,0.0,0.0,0.0,0.0,0.0,0.0,0.0,0.0,0.0,0.0,0.0,0.0,0.0,0.0,0.0,0.0,0.0,0.0,0.0,0.0,0.0,0.0,0.0,0.0,0.0,0.0,0.0,0.0,0.0,0.0,0.0
0.7898010773154721,0.423015400288948,0.4244467598030855,0.42730947883136033,0.47899438537670297,0.5910264684295163,0.5938891874577918,0.5440139430948939,0.4696496229552649,0.42730947883136033,0.3802969534967372,0.5073992370275401,0.6975554520576946,0.5184718104723318,0.5156090914440571,0.47002792562357115,0.47289064465184594,0.4258781193172227,0.3745715154401874,0.42301540028894796,0.3849693347074566,0.5109367102333376,0.6157378828381603,0.5137994292616133,0.4743220041659836,0.42730947883136033,0.4258781193172228,0.42730947883136117,0.5640529762928179,0.4714592851377086,0.37886559398259967,0.3802969534967372,0.42730947883136033,0.5184718104723325,0.47145928513770835,0.6979337547260019,0.5184718104723326,0.4230154002889478,0.37886559398259967,0.5626216167786812,0.6171692423522986,0.4197743785923666,0.4743220041659843,0.3802969534967372,0.5554648192079931,0.4244467598030853,0.3849693347074566,0.4226370976206409,0.42730947883136033,0.4215840407748105,0.5587058409045758,0.60209904187431,0.5202814726547771,0.46573384708115867,0.6552153079337898,0.5123680697474756,0.5199031699864695,0.47613166634842874,0.2711353277539839,0.0,0.0,0.0,0.0,0.0,0.0,0.0,0.0,0.0,0.0,0.0,0.0,0.0,0.0,0.0,0.0,0.0,0.0,0.0,0.0,0.0,0.0,0.0,0.0,0.0,0.0,0.0,0.0,0.0,0.0,0.0,0.0,0.0,0.0,0.0,0.0,0.0,0.0,0.0,0.0,0.0,0.0,0.0,0.0,0.0,0.0,0.0,0.0,0.0,0.0,0.0,0.0,0.0,0.0,0.0,0.0,0.0,0.0,0.0,0.0,0.0,0.0,0.0,0.0,0.0,0.0
0.8060469322888847,0.42866672546819357,0.4286667254681937,0.42866672546819373,0.4798251035906216,0.6185264889891311,0.6185264889891315,0.5710615481088974,0.47243822910623595,0.4286667254681937,0.3812017845879592,0.5272900444708566,0.7097629335074077,0.5235966072286627,0.523596607228663,0.47613166634842824,0.47613166634842835,0.4286667254681935,0.3812017845879592,0.42866672546819357,0.38489522183015246,0.5199031699864697,0.6222199262313245,0.5199031699864703,0.4761316663484284,0.42866672546819373,0.4286667254681935,0.4286667254681945,0.5710615481088973,0.47613166634842824,0.3812017845879592,0.3812017845879592,0.42866672546819373,0.5235966072286633,0.47613166634842824,0.7134563707496013,0.5235966072286634,0.4286667254681935,0.3812017845879592,0.5710615481088978,0.6222199262313252,0.4249732882260012,0.47613166634842913,0.3812017845879592,0.5710615481088971,0.4286667254681935,0.38489522183015235,0.42497328822600045,0.42866672546819373,0.4286667254681935,0.5747549853510908,0.6148330517469388,0.5272900444708565,0.47613166634842824,0.665991429869366,0.5199031699864702,0.523596607228663,0.47982510359062214,0.2773131813561447,0.0,0.0,0.0,0.0,0.0,0.0,0.0,0.0,0.0,0.0,0.0,0.0,0.0,0.0,0.0,0.0,0.0,0.0,0.0,0.0,0.0,0.0,0.0,0.0,0.0,0.0,0.0,0.0,0.0,0.0,0.0,0.0,0.0,0.0,0.0,0.0,0.0,0.0,0.0,0.0,0.0,0.0,0.0,0.0,0.0,0.0,0.0,0.0,0.0,0.0,0.0,0.0,0.0,0.0,0.0,0.0,0.0,0.0,0.0,0.0,0.0,0.0,0.0,0.0,0.0,0.0
0.7824626876033758,0.3829373338930998,0.3815059743789622,0.3786432553506875,0.4350746559840541,0.6024773445426168,0.5996146255143424,0.5526021001797193,0.4219623434431183,0.3786432553506874,0.32876801098778885,0.5035575740307396,0.6784953628282968,0.4812564631047592,0.4841191821330344,0.43281257825599845,0.42994985922772344,0.3800746148648247,0.3344934490443386,0.3829373338930998,0.3353241672582568,0.4775630258625664,0.5889944676151612,0.4747003068342917,0.42851849971358613,0.3786432553506874,0.38007461486482474,0.3786432553506878,0.5325630669817953,0.431381218741861,0.3301993705019262,0.32876801098778885,0.3786432553506875,0.4812564631047596,0.4313812187418607,0.6893455976411773,0.4812564631047597,0.38293733389309964,0.3301993705019262,0.533994426495933,0.587563108101024,0.3749498181084945,0.4285184997135863,0.32876801098778885,0.5411512240666198,0.38150597437896216,0.3353241672582568,0.3720870990802194,0.37864325535068755,0.384368693407237,0.5491387398512256,0.5801762336166378,0.4906753384035027,0.4371066567984106,0.6351762747358661,0.47613166634842913,0.47982510359062197,0.4379373750123291,0.24634980046803628,0.0,0.0,0.0,0.0,0.0,0.0,0.0,0.0,0.0,0.0,0.0,0.0,0.0,0.0,0.0,0.0,0.0,0.0,0.0,0.0,0.0,0.0,0.0,0.0,0.0,0.0,0.0,0.0,0.0,0.0,0.0,0.0,0.0,0.0,0.0,0.0,0.0,0.0,0.0,0.0,0.0,0.0,0.0,0.0,0.0,0.0,0.0,0.0,0.0,0.0,0.0,0.0,0.0,0.0,0.0,0.0,0.0,0.0,0.0,0.0,0.0,0.0,0.0,0.0,0.0,0.0
0.4627636487887786,0.20875615043215565,0.21018750994629307,0.21305022897456796,0.24921251949631132,0.32010574102566053,0.3229684600539353,0.28725858507780305,0.2425822503485391,0.213050228974568,0.18020307302671054,0.26345200176038175,0.39966123251713803,0.27588182184200777,0.27301910281373293,0.24160330638001304,0.24446602540828788,0.2116188694604305,0.17447763497016072,0.2087561504321556,0.18351820760059662,0.26970396823984694,0.34345990879747074,0.2725666872681217,0.2458973849224253,0.21305022897456796,0.21161886946043054,0.21305022897456774,0.30729761827572766,0.24303466589415046,0.1787717135125731,0.18020307302671054,0.21305022897456796,0.2758818218420077,0.2430346658941505,0.3986822885486118,0.2758818218420077,0.20875615043215565,0.1787717135125731,0.30586625876159024,0.3448912683116083,0.20687237537240682,0.24589738492242513,0.18020307302671054,0.29870946119090275,0.21018750994629307,0.18351820760059662,0.2097350944006819,0.21305022897456796,0.20732479091801814,0.30059323625065143,0.33253556110728627,0.2763342373876189,0.23730922783760072,0.37012921114316694,0.2711353277539843,0.27731318135614536,0.2463498004680363,0.13251579351456358,0.0,0.0,0.0,0.0,0.0,0.0,0.0,0.0,0.0,0.0,0.0,0.0,0.0,0.0,0.0,0.0,0.0,0.0,0.0,0.0,0.0,0.0,0.0,0.0,0.0,0.0,0.0,0.0,0.0,0.0,0.0,0.0,0.0,0.0,0.0,0.0,0.0,0.0,0.0,0.0,0.0,0.0,0.0,0.0,0.0,0.0,0.0,0.0,0.0,0.0,0.0,0.0,0.0,0.0,0.0,0.0,0.0,0.0,0.0,0.0,0.0,0.0,0.0,0.0,0.0,0.0
0.0,0.0,0.0,0.0,0.0,0.0,0.0,0.0,0.0,0.0,0.0,0.0,0.0,0.0,0.0,0.0,0.0,0.0,0.0,0.0,0.0,0.0,0.0,0.0,0.0,0.0,0.0,0.0,0.0,0.0,0.0,0.0,0.0,0.0,0.0,0.0,0.0,0.0,0.0,0.0,0.0,0.0,0.0,0.0,0.0,0.0,0.0,0.0,0.0,0.0,0.0,0.0,0.0,0.0,0.0,0.0,0.0,0.0,0.0,0.0,0.0,0.0,0.0,0.0,0.0,0.0,0.0,0.0,0.0,0.0,0.0,0.0,0.0,0.0,0.0,0.0,0.0,0.0,0.0,0.0,0.0,0.0,0.0,0.0,0.0,0.0,0.0,0.0,0.0,0.0,0.0,0.0,0.0,0.0,0.0,0.0,0.0,0.0,0.0,0.0,0.0,0.0,0.0,0.0,0.0,0.0,0.0,0.0,0.0,0.0,0.0,0.0,0.0,0.0,0.0,0.0,0.0,0.0,0.0,0.0,0.0,0.0,0.0,0.0,0.0
0.0,0.0,0.0,0.0,0.0,0.0,0.0,0.0,0.0,0.0,0.0,0.0,0.0,0.0,0.0,0.0,0.0,0.0,0.0,0.0,0.0,0.0,0.0,0.0,0.0,0.0,0.0,0.0,0.0,0.0,0.0,0.0,0.0,0.0,0.0,0.0,0.0,0.0,0.0,0.0,0.0,0.0,0.0,0.0,0.0,0.0,0.0,0.0,0.0,0.0,0.0,0.0,0.0,0.0,0.0,0.0,0.0,0.0,0.0,0.0,0.0,0.0,0.0,0.0,0.0,0.0,0.0,0.0,0.0,0.0,0.0,0.0,0.0,0.0,0.0,0.0,0.0,0.0,0.0,0.0,0.0,0.0,0.0,0.0,0.0,0.0,0.0,0.0,0.0,0.0,0.0,0.0,0.0,0.0,0.0,0.0,0.0,0.0,0.0,0.0,0.0,0.0,0.0,0.0,0.0,0.0,0.0,0.0,0.0,0.0,0.0,0.0,0.0,0.0,0.0,0.0,0.0,0.0,0.0,0.0,0.0,0.0,0.0,0.0,0.0
0.0,0.0,0.0,0.0,0.0,0.0,0.0,0.0,0.0,0.0,0.0,0.0,0.0,0.0,0.0,0.0,0.0,0.0,0.0,0.0,0.0,0.0,0.0,0.0,0.0,0.0,0.0,0.0,0.0,0.0,0.0,0.0,0.0,0.0,0.0,0.0,0.0,0.0,0.0,0.0,0.0,0.0,0.0,0.0,0.0,0.0,0.0,0.0,0.0,0.0,0.0,0.0,0.0,0.0,0.0,0.0,0.0,0.0,0.0,0.0,0.0,0.0,0.0,0.0,0.0,0.0,0.0,0.0,0.0,0.0,0.0,0.0,0.0,0.0,0.0,0.0,0.0,0.0,0.0,0.0,0.0,0.0,0.0,0.0,0.0,0.0,0.0,0.0,0.0,0.0,0.0,0.0,0.0,0.0,0.0,0.0,0.0,0.0,0.0,0.0,0.0,0.0,0.0,0.0,0.0,0.0,0.0,0.0,0.0,0.0,0.0,0.0,0.0,0.0,0.0,0.0,0.0,0.0,0.0,0.0,0.0,0.0,0.0,0.0,0.0
0.0,0.0,0.0,0.0,0.0,0.0,0.0,0.0,0.0,0.0,0.0,0.0,0.0,0.0,0.0,0.0,0.0,0.0,0.0,0.0,0.0,0.0,0.0,0.0,0.0,0.0,0.0,0.0,0.0,0.0,0.0,0.0,0.0,0.0,0.0,0.0,0.0,0.0,0.0,0.0,0.0,0.0,0.0,0.0,0.0,0.0,0.0,0.0,0.0,0.0,0.0,0.0,0.0,0.0,0.0,0.0,0.0,0.0,0.0,0.0,0.0,0.0,0.0,0.0,0.0,0.0,0.0,0.0,0.0,0.0,0.0,0.0,0.0,0.0,0.0,0.0,0.0,0.0,0.0,0.0,0.0,0.0,0.0,0.0,0.0,0.0,0.0,0.0,0.0,0.0,0.0,0.0,0.0,0.0,0.0,0.0,0.0,0.0,0.0,0.0,0.0,0.0,0.0,0.0,0.0,0.0,0.0,0.0,0.0,0.0,0.0,0.0,0.0,0.0,0.0,0.0,0.0,0.0,0.0,0.0,0.0,0.0,0.0,0.0,0.0
0.0,0.0,0.0,0.0,0.0,0.0,0.0,0.0,0.0,0.0,0.0,0.0,0.0,0.0,0.0,0.0,0.0,0.0,0.0,0.0,0.0,0.0,0.0,0.0,0.0,0.0,0.0,0.0,0.0,0.0,0.0,0.0,0.0,0.0,0.0,0.0,0.0,0.0,0.0,0.0,0.0,0.0,0.0,0.0,0.0,0.0,0.0,0.0,0.0,0.0,0.0,0.0,0.0,0.0,0.0,0.0,0.0,0.0,0.0,0.0,0.0,0.0,0.0,0.0,0.0,0.0,0.0,0.0,0.0,0.0,0.0,0.0,0.0,0.0,0.0,0.0,0.0,0.0,0.0,0.0,0.0,0.0,0.0,0.0,0.0,0.0,0.0,0.0,0.0,0.0,0.0,0.0,0.0,0.0,0.0,0.0,0.0,0.0,0.0,0.0,0.0,0.0,0.0,0.0,0.0,0.0,0.0,0.0,0.0,0.0,0.0,0.0,0.0,0.0,0.0,0.0,0.0,0.0,0.0,0.0,0.0,0.0,0.0,0.0,0.0
0.0,0.0,0.0,0.0,0.0,0.0,0.0,0.0,0.0,0.0,0.0,0.0,0.0,0.0,0.0,0.0,0.0,0.0,0.0,0.0,0.0,0.0,0.0,0.0,0.0,0.0,0.0,0.0,0.0,0.0,0.0,0.0,0.0,0.0,0.0,0.0,0.0,0.0,0.0,0.0,0.0,0.0,0.0,0.0,0.0,0.0,0.0,0.0,0.0,0.0,0.0,0.0,0.0,0.0,0.0,0.0,0.0,0.0,0.0,0.0,0.0,0.0,0.0,0.0,0.0,0.0,0.0,0.0,0.0,0.0,0.0,0.0,0.0,0.0,0.0,0.0,0.0,0.0,0.0,0.0,0.0,0.0,0.0,0.0,0.0,0.0,0.0,0.0,0.0,0.0,0.0,0.0,0.0,0.0,0.0,0.0,0.0,0.0,0.0,0.0,0.0,0.0,0.0,0.0,0.0,0.0,0.0,0.0,0.0,0.0,0.0,0.0,0.0,0.0,0.0,0.0,0.0,0.0,0.0,0.0,0.0,0.0,0.0,0.0,0.0
0.0,0.0,0.0,0.0,0.0,0.0,0.0,0.0,0.0,0.0,0.0,0.0,0.0,0.0,0.0,0.0,0.0,0.0,0.0,0.0,0.0,0.0,0.0,0.0,0.0,0.0,0.0,0.0,0.0,0.0,0.0,0.0,0.0,0.0,0.0,0.0,0.0,0.0,0.0,0.0,0.0,0.0,0.0,0.0,0.0,0.0,0.0,0.0,0.0,0.0,0.0,0.0,0.0,0.0,0.0,0.0,0.0,0.0,0.0,0.0,0.0,0.0,0.0,0.0,0.0,0.0,0.0,0.0,0.0,0.0,0.0,0.0,0.0,0.0,0.0,0.0,0.0,0.0,0.0,0.0,0.0,0.0,0.0,0.0,0.0,0.0,0.0,0.0,0.0,0.0,0.0,0.0,0.0,0.0,0.0,0.0,0.0,0.0,0.0,0.0,0.0,0.0,0.0,0.0,0.0,0.0,0.0,0.0,0.0,0.0,0.0,0.0,0.0,0.0,0.0,0.0,0.0,0.0,0.0,0.0,0.0,0.0,0.0,0.0,0.0
0.0,0.0,0.0,0.0,0.0,0.0,0.0,0.0,0.0,0.0,0.0,0.0,0.0,0.0,0.0,0.0,0.0,0.0,0.0,0.0,0.0,0.0,0.0,0.0,0.0,0.0,0.0,0.0,0.0,0.0,0.0,0.0,0.0,0.0,0.0,0.0,0.0,0.0,0.0,0.0,0.0,0.0,0.0,0.0,0.0,0.0,0.0,0.0,0.0,0.0,0.0,0.0,0.0,0.0,0.0,0.0,0.0,0.0,0.0,0.0,0.0,0.0,0.0,0.0,0.0,0.0,0.0,0.0,0.0,0.0,0.0,0.0,0.0,0.0,0.0,0.0,0.0,0.0,0.0,0.0,0.0,0.0,0.0,0.0,0.0,0.0,0.0,0.0,0.0,0.0,0.0,0.0,0.0,0.0,0.0,0.0,0.0,0.0,0.0,0.0,0.0,0.0,0.0,0.0,0.0,0.0,0.0,0.0,0.0,0.0,0.0,0.0,0.0,0.0,0.0,0.0,0.0,0.0,0.0,0.0,0.0,0.0,0.0,0.0,0.0
0.0,0.0,0.0,0.0,0.0,0.0,0.0,0.0,0.0,0.0,0.0,0.0,0.0,0.0,0.0,0.0,0.0,0.0,0.0,0.0,0.0,0.0,0.0,0.0,0.0,0.0,0.0,0.0,0.0,0.0,0.0,0.0,0.0,0.0,0.0,0.0,0.0,0.0,0.0,0.0,0.0,0.0,0.0,0.0,0.0,0.0,0.0,0.0,0.0,0.0,0.0,0.0,0.0,0.0,0.0,0.0,0.0,0.0,0.0,0.0,0.0,0.0,0.0,0.0,0.0,0.0,0.0,0.0,0.0,0.0,0.0,0.0,0.0,0.0,0.0,0.0,0.0,0.0,0.0,0.0,0.0,0.0,0.0,0.0,0.0,0.0,0.0,0.0,0.0,0.0,0.0,0.0,0.0,0.0,0.0,0.0,0.0,0.0,0.0,0.0,0.0,0.0,0.0,0.0,0.0,0.0,0.0,0.0,0.0,0.0,0.0,0.0,0.0,0.0,0.0,0.0,0.0,0.0,0.0,0.0,0.0,0.0,0.0,0.0,0.0
0.0,0.0,0.0,0.0,0.0,0.0,0.0,0.0,0.0,0.0,0.0,0.0,0.0,0.0,0.0,0.0,0.0,0.0,0.0,0.0,0.0,0.0,0.0,0.0,0.0,0.0,0.0,0.0,0.0,0.0,0.0,0.0,0.0,0.0,0.0,0.0,0.0,0.0,0.0,0.0,0.0,0.0,0.0,0.0,0.0,0.0,0.0,0.0,0.0,0.0,0.0,0.0,0.0,0.0,0.0,0.0,0.0,0.0,0.0,0.0,0.0,0.0,0.0,0.0,0.0,0.0,0.0,0.0,0.0,0.0,0.0,0.0,0.0,0.0,0.0,0.0,0.0,0.0,0.0,0.0,0.0,0.0,0.0,0.0,0.0,0.0,0.0,0.0,0.0,0.0,0.0,0.0,0.0,0.0,0.0,0.0,0.0,0.0,0.0,0.0,0.0,0.0,0.0,0.0,0.0,0.0,0.0,0.0,0.0,0.0,0.0,0.0,0.0,0.0,0.0,0.0,0.0,0.0,0.0,0.0,0.0,0.0,0.0,0.0,0.0
0.0,0.0,0.0,0.0,0.0,0.0,0.0,0.0,0.0,0.0,0.0,0.0,0.0,0.0,0.0,0.0,0.0,0.0,0.0,0.0,0.0,0.0,0.0,0.0,0.0,0.0,0.0,0.0,0.0,0.0,0.0,0.0,0.0,0.0,0.0,0.0,0.0,0.0,0.0,0.0,0.0,0.0,0.0,0.0,0.0,0.0,0.0,0.0,0.0,0.0,0.0,0.0,0.0,0.0,0.0,0.0,0.0,0.0,0.0,0.0,0.0,0.0,0.0,0.0,0.0,0.0,0.0,0.0,0.0,0.0,0.0,0.0,0.0,0.0,0.0,0.0,0.0,0.0,0.0,0.0,0.0,0.0,0.0,0.0,0.0,0.0,0.0,0.0,0.0,0.0,0.0,0.0,0.0,0.0,0.0,0.0,0.0,0.0,0.0,0.0,0.0,0.0,0.0,0.0,0.0,0.0,0.0,0.0,0.0,0.0,0.0,0.0,0.0,0.0,0.0,0.0,0.0,0.0,0.0,0.0,0.0,0.0,0.0,0.0,0.0
0.0,0.0,0.0,0.0,0.0,0.0,0.0,0.0,0.0,0.0,0.0,0.0,0.0,0.0,0.0,0.0,0.0,0.0,0.0,0.0,0.0,0.0,0.0,0.0,0.0,0.0,0.0,0.0,0.0,0.0,0.0,0.0,0.0,0.0,0.0,0.0,0.0,0.0,0.0,0.0,0.0,0.0,0.0,0.0,0.0,0.0,0.0,0.0,0.0,0.0,0.0,0.0,0.0,0.0,0.0,0.0,0.0,0.0,0.0,0.0,0.0,0.0,0.0,0.0,0.0,0.0,0.0,0.0,0.0,0.0,0.0,0.0,0.0,0.0,0.0,0.0,0.0,0.0,0.0,0.0,0.0,0.0,0.0,0.0,0.0,0.0,0.0,0.0,0.0,0.0,0.0,0.0,0.0,0.0,0.0,0.0,0.0,0.0,0.0,0.0,0.0,0.0,0.0,0.0,0.0,0.0,0.0,0.0,0.0,0.0,0.0,0.0,0.0,0.0,0.0,0.0,0.0,0.0,0.0,0.0,0.0,0.0,0.0,0.0,0.0
0.0,0.0,0.0,0.0,0.0,0.0,0.0,0.0,0.0,0.0,0.0,0.0,0.0,0.0,0.0,0.0,0.0,0.0,0.0,0.0,0.0,0.0,0.0,0.0,0.0,0.0,0.0,0.0,0.0,0.0,0.0,0.0,0.0,0.0,0.0,0.0,0.0,0.0,0.0,0.0,0.0,0.0,0.0,0.0,0.0,0.0,0.0,0.0,0.0,0.0,0.0,0.0,0.0,0.0,0.0,0.0,0.0,0.0,0.0,0.0,0.0,0.0,0.0,0.0,0.0,0.0,0.0,0.0,0.0,0.0,0.0,0.0,0.0,0.0,0.0,0.0,0.0,0.0,0.0,0.0,0.0,0.0,0.0,0.0,0.0,0.0,0.0,0.0,0.0,0.0,0.0,0.0,0.0,0.0,0.0,0.0,0.0,0.0,0.0,0.0,0.0,0.0,0.0,0.0,0.0,0.0,0.0,0.0,0.0,0.0,0.0,0.0,0.0,0.0,0.0,0.0,0.0,0.0,0.0,0.0,0.0,0.0,0.0,0.0,0.0
0.0,0.0,0.0,0.0,0.0,0.0,0.0,0.0,0.0,0.0,0.0,0.0,0.0,0.0,0.0,0.0,0.0,0.0,0.0,0.0,0.0,0.0,0.0,0.0,0.0,0.0,0.0,0.0,0.0,0.0,0.0,0.0,0.0,0.0,0.0,0.0,0.0,0.0,0.0,0.0,0.0,0.0,0.0,0.0,0.0,0.0,0.0,0.0,0.0,0.0,0.0,0.0,0.0,0.0,0.0,0.0,0.0,0.0,0.0,0.0,0.0,0.0,0.0,0.0,0.0,0.0,0.0,0.0,0.0,0.0,0.0,0.0,0.0,0.0,0.0,0.0,0.0,0.0,0.0,0.0,0.0,0.0,0.0,0.0,0.0,0.0,0.0,0.0,0.0,0.0,0.0,0.0,0.0,0.0,0.0,0.0,0.0,0.0,0.0,0.0,0.0,0.0,0.0,0.0,0.0,0.0,0.0,0.0,0.0,0.0,0.0,0.0,0.0,0.0,0.0,0.0,0.0,0.0,0.0,0.0,0.0,0.0,0.0,0.0,0.0
0.0,0.0,0.0,0.0,0.0,0.0,0.0,0.0,0.0,0.0,0.0,0.0,0.0,0.0,0.0,0.0,0.0,0.0,0.0,0.0,0.0,0.0,0.0,0.0,0.0,0.0,0.0,0.0,0.0,0.0,0.0,0.0,0.0,0.0,0.0,0.0,0.0,0.0,0.0,0.0,0.0,0.0,0.0,0.0,0.0,0.0,0.0,0.0,0.0,0.0,0.0,0.0,0.0,0.0,0.0,0.0,0.0,0.0,0.0,0.0,0.0,0.0,0.0,0.0,0.0,0.0,0.0,0.0,0.0,0.0,0.0,0.0,0.0,0.0,0.0,0.0,0.0,0.0,0.0,0.0,0.0,0.0,0.0,0.0,0.0,0.0,0.0,0.0,0.0,0.0,0.0,0.0,0.0,0.0,0.0,0.0,0.0,0.0,0.0,0.0,0.0,0.0,0.0,0.0,0.0,0.0,0.0,0.0,0.0,0.0,0.0,0.0,0.0,0.0,0.0,0.0,0.0,0.0,0.0,0.0,0.0,0.0,0.0,0.0,0.0
0.0,0.0,0.0,0.0,0.0,0.0,0.0,0.0,0.0,0.0,0.0,0.0,0.0,0.0,0.0,0.0,0.0,0.0,0.0,0.0,0.0,0.0,0.0,0.0,0.0,0.0,0.0,0.0,0.0,0.0,0.0,0.0,0.0,0.0,0.0,0.0,0.0,0.0,0.0,0.0,0.0,0.0,0.0,0.0,0.0,0.0,0.0,0.0,0.0,0.0,0.0,0.0,0.0,0.0,0.0,0.0,0.0,0.0,0.0,0.0,0.0,0.0,0.0,0.0,0.0,0.0,0.0,0.0,0.0,0.0,0.0,0.0,0.0,0.0,0.0,0.0,0.0,0.0,0.0,0.0,0.0,0.0,0.0,0.0,0.0,0.0,0.0,0.0,0.0,0.0,0.0,0.0,0.0,0.0,0.0,0.0,0.0,0.0,0.0,0.0,0.0,0.0,0.0,0.0,0.0,0.0,0.0,0.0,0.0,0.0,0.0,0.0,0.0,0.0,0.0,0.0,0.0,0.0,0.0,0.0,0.0,0.0,0.0,0.0,0.0
0.0,0.0,0.0,0.0,0.0,0.0,0.0,0.0,0.0,0.0,0.0,0.0,0.0,0.0,0.0,0.0,0.0,0.0,0.0,0.0,0.0,0.0,0.0,0.0,0.0,0.0,0.0,0.0,0.0,0.0,0.0,0.0,0.0,0.0,0.0,0.0,0.0,0.0,0.0,0.0,0.0,0.0,0.0,0.0,0.0,0.0,0.0,0.0,0.0,0.0,0.0,0.0,0.0,0.0,0.0,0.0,0.0,0.0,0.0,0.0,0.0,0.0,0.0,0.0,0.0,0.0,0.0,0.0,0.0,0.0,0.0,0.0,0.0,0.0,0.0,0.0,0.0,0.0,0.0,0.0,0.0,0.0,0.0,0.0,0.0,0.0,0.0,0.0,0.0,0.0,0.0,0.0,0.0,0.0,0.0,0.0,0.0,0.0,0.0,0.0,0.0,0.0,0.0,0.0,0.0,0.0,0.0,0.0,0.0,0.0,0.0,0.0,0.0,0.0,0.0,0.0,0.0,0.0,0.0,0.0,0.0,0.0,0.0,0.0,0.0
0.0,0.0,0.0,0.0,0.0,0.0,0.0,0.0,0.0,0.0,0.0,0.0,0.0,0.0,0.0,0.0,0.0,0.0,0.0,0.0,0.0,0.0,0.0,0.0,0.0,0.0,0.0,0.0,0.0,0.0,0.0,0.0,0.0,0.0,0.0,0.0,0.0,0.0,0.0,0.0,0.0,0.0,0.0,0.0,0.0,0.0,0.0,0.0,0.0,0.0,0.0,0.0,0.0,0.0,0.0,0.0,0.0,0.0,0.0,0.0,0.0,0.0,0.0,0.0,0.0,0.0,0.0,0.0,0.0,0.0,0.0,0.0,0.0,0.0,0.0,0.0,0.0,0.0,0.0,0.0,0.0,0.0,0.0,0.0,0.0,0.0,0.0,0.0,0.0,0.0,0.0,0.0,0.0,0.0,0.0,0.0,0.0,0.0,0.0,0.0,0.0,0.0,0.0,0.0,0.0,0.0,0.0,0.0,0.0,0.0,0.0,0.0,0.0,0.0,0.0,0.0,0.0,0.0,0.0,0.0,0.0,0.0,0.0,0.0,0.0
0.0,0.0,0.0,0.0,0.0,0.0,0.0,0.0,0.0,0.0,0.0,0.0,0.0,0.0,0.0,0.0,0.0,0.0,0.0,0.0,0.0,0.0,0.0,0.0,0.0,0.0,0.0,0.0,0.0,0.0,0.0,0.0,0.0,0.0,0.0,0.0,0.0,0.0,0.0,0.0,0.0,0.0,0.0,0.0,0.0,0.0,0.0,0.0,0.0,0.0,0.0,0.0,0.0,0.0,0.0,0.0,0.0,0.0,0.0,0.0,0.0,0.0,0.0,0.0,0.0,0.0,0.0,0.0,0.0,0.0,0.0,0.0,0.0,0.0,0.0,0.0,0.0,0.0,0.0,0.0,0.0,0.0,0.0,0.0,0.0,0.0,0.0,0.0,0.0,0.0,0.0,0.0,0.0,0.0,0.0,0.0,0.0,0.0,0.0,0.0,0.0,0.0,0.0,0.0,0.0,0.0,0.0,0.0,0.0,0.0,0.0,0.0,0.0,0.0,0.0,0.0,0.0,0.0,0.0,0.0,0.0,0.0,0.0,0.0,0.0
0.0,0.0,0.0,0.0,0.0,0.0,0.0,0.0,0.0,0.0,0.0,0.0,0.0,0.0,0.0,0.0,0.0,0.0,0.0,0.0,0.0,0.0,0.0,0.0,0.0,0.0,0.0,0.0,0.0,0.0,0.0,0.0,0.0,0.0,0.0,0.0,0.0,0.0,0.0,0.0,0.0,0.0,0.0,0.0,0.0,0.0,0.0,0.0,0.0,0.0,0.0,0.0,0.0,0.0,0.0,0.0,0.0,0.0,0.0,0.0,0.0,0.0,0.0,0.0,0.0,0.0,0.0,0.0,0.0,0.0,0.0,0.0,0.0,0.0,0.0,0.0,0.0,0.0,0.0,0.0,0.0,0.0,0.0,0.0,0.0,0.0,0.0,0.0,0.0,0.0,0.0,0.0,0.0,0.0,0.0,0.0,0.0,0.0,0.0,0.0,0.0,0.0,0.0,0.0,0.0,0.0,0.0,0.0,0.0,0.0,0.0,0.0,0.0,0.0,0.0,0.0,0.0,0.0,0.0,0.0,0.0,0.0,0.0,0.0,0.0
0.0,0.0,0.0,0.0,0.0,0.0,0.0,0.0,0.0,0.0,0.0,0.0,0.0,0.0,0.0,0.0,0.0,0.0,0.0,0.0,0.0,0.0,0.0,0.0,0.0,0.0,0.0,0.0,0.0,0.0,0.0,0.0,0.0,0.0,0.0,0.0,0.0,0.0,0.0,0.0,0.0,0.0,0.0,0.0,0.0,0.0,0.0,0.0,0.0,0.0,0.0,0.0,0.0,0.0,0.0,0.0,0.0,0.0,0.0,0.0,0.0,0.0,0.0,0.0,0.0,0.0,0.0,0.0,0.0,0.0,0.0,0.0,0.0,0.0,0.0,0.0,0.0,0.0,0.0,0.0,0.0,0.0,0.0,0.0,0.0,0.0,0.0,0.0,0.0,0.0,0.0,0.0,0.0,0.0,0.0,0.0,0.0,0.0,0.0,0.0,0.0,0.0,0.0,0.0,0.0,0.0,0.0,0.0,0.0,0.0,0.0,0.0,0.0,0.0,0.0,0.0,0.0,0.0,0.0,0.0,0.0,0.0,0.0,0.0,0.0
0.0,0.0,0.0,0.0,0.0,0.0,0.0,0.0,0.0,0.0,0.0,0.0,0.0,0.0,0.0,0.0,0.0,0.0,0.0,0.0,0.0,0.0,0.0,0.0,0.0,0.0,0.0,0.0,0.0,0.0,0.0,0.0,0.0,0.0,0.0,0.0,0.0,0.0,0.0,0.0,0.0,0.0,0.0,0.0,0.0,0.0,0.0,0.0,0.0,0.0,0.0,0.0,0.0,0.0,0.0,0.0,0.0,0.0,0.0,0.0,0.0,0.0,0.0,0.0,0.0,0.0,0.0,0.0,0.0,0.0,0.0,0.0,0.0,0.0,0.0,0.0,0.0,0.0,0.0,0.0,0.0,0.0,0.0,0.0,0.0,0.0,0.0,0.0,0.0,0.0,0.0,0.0,0.0,0.0,0.0,0.0,0.0,0.0,0.0,0.0,0.0,0.0,0.0,0.0,0.0,0.0,0.0,0.0,0.0,0.0,0.0,0.0,0.0,0.0,0.0,0.0,0.0,0.0,0.0,0.0,0.0,0.0,0.0,0.0,0.0
0.0,0.0,0.0,0.0,0.0,0.0,0.0,0.0,0.0,0.0,0.0,0.0,0.0,0.0,0.0,0.0,0.0,0.0,0.0,0.0,0.0,0.0,0.0,0.0,0.0,0.0,0.0,0.0,0.0,0.0,0.0,0.0,0.0,0.0,0.0,0.0,0.0,0.0,0.0,0.0,0.0,0.0,0.0,0.0,0.0,0.0,0.0,0.0,0.0,0.0,0.0,0.0,0.0,0.0,0.0,0.0,0.0,0.0,0.0,0.0,0.0,0.0,0.0,0.0,0.0,0.0,0.0,0.0,0.0,0.0,0.0,0.0,0.0,0.0,0.0,0.0,0.0,0.0,0.0,0.0,0.0,0.0,0.0,0.0,0.0,0.0,0.0,0.0,0.0,0.0,0.0,0.0,0.0,0.0,0.0,0.0,0.0,0.0,0.0,0.0,0.0,0.0,0.0,0.0,0.0,0.0,0.0,0.0,0.0,0.0,0.0,0.0,0.0,0.0,0.0,0.0,0.0,0.0,0.0,0.0,0.0,0.0,0.0,0.0,0.0
0.0,0.0,0.0,0.0,0.0,0.0,0.0,0.0,0.0,0.0,0.0,0.0,0.0,0.0,0.0,0.0,0.0,0.0,0.0,0.0,0.0,0.0,0.0,0.0,0.0,0.0,0.0,0.0,0.0,0.0,0.0,0.0,0.0,0.0,0.0,0.0,0.0,0.0,0.0,0.0,0.0,0.0,0.0,0.0,0.0,0.0,0.0,0.0,0.0,0.0,0.0,0.0,0.0,0.0,0.0,0.0,0.0,0.0,0.0,0.0,0.0,0.0,0.0,0.0,0.0,0.0,0.0,0.0,0.0,0.0,0.0,0.0,0.0,0.0,0.0,0.0,0.0,0.0,0.0,0.0,0.0,0.0,0.0,0.0,0.0,0.0,0.0,0.0,0.0,0.0,0.0,0.0,0.0,0.0,0.0,0.0,0.0,0.0,0.0,0.0,0.0,0.0,0.0,0.0,0.0,0.0,0.0,0.0,0.0,0.0,0.0,0.0,0.0,0.0,0.0,0.0,0.0,0.0,0.0,0.0,0.0,0.0,0.0,0.0,0.0
0.0,0.0,0.0,0.0,0.0,0.0,0.0,0.0,0.0,0.0,0.0,0.0,0.0,0.0,0.0,0.0,0.0,0.0,0.0,0.0,0.0,0.0,0.0,0.0,0.0,0.0,0.0,0.0,0.0,0.0,0.0,0.0,0.0,0.0,0.0,0.0,0.0,0.0,0.0,0.0,0.0,0.0,0.0,0.0,0.0,0.0,0.0,0.0,0.0,0.0,0.0,0.0,0.0,0.0,0.0,0.0,0.0,0.0,0.0,0.0,0.0,0.0,0.0,0.0,0.0,0.0,0.0,0.0,0.0,0.0,0.0,0.0,0.0,0.0,0.0,0.0,0.0,0.0,0.0,0.0,0.0,0.0,0.0,0.0,0.0,0.0,0.0,0.0,0.0,0.0,0.0,0.0,0.0,0.0,0.0,0.0,0.0,0.0,0.0,0.0,0.0,0.0,0.0,0.0,0.0,0.0,0.0,0.0,0.0,0.0,0.0,0.0,0.0,0.0,0.0,0.0,0.0,0.0,0.0,0.0,0.0,0.0,0.0,0.0,0.0
0.0,0.0,0.0,0.0,0.0,0.0,0.0,0.0,0.0,0.0,0.0,0.0,0.0,0.0,0.0,0.0,0.0,0.0,0.0,0.0,0.0,0.0,0.0,0.0,0.0,0.0,0.0,0.0,0.0,0.0,0.0,0.0,0.0,0.0,0.0,0.0,0.0,0.0,0.0,0.0,0.0,0.0,0.0,0.0,0.0,0.0,0.0,0.0,0.0,0.0,0.0,0.0,0.0,0.0,0.0,0.0,0.0,0.0,0.0,0.0,0.0,0.0,0.0,0.0,0.0,0.0,0.0,0.0,0.0,0.0,0.0,0.0,0.0,0.0,0.0,0.0,0.0,0.0,0.0,0.0,0.0,0.0,0.0,0.0,0.0,0.0,0.0,0.0,0.0,0.0,0.0,0.0,0.0,0.0,0.0,0.0,0.0,0.0,0.0,0.0,0.0,0.0,0.0,0.0,0.0,0.0,0.0,0.0,0.0,0.0,0.0,0.0,0.0,0.0,0.0,0.0,0.0,0.0,0.0,0.0,0.0,0.0,0.0,0.0,0.0
0.0,0.0,0.0,0.0,0.0,0.0,0.0,0.0,0.0,0.0,0.0,0.0,0.0,0.0,0.0,0.0,0.0,0.0,0.0,0.0,0.0,0.0,0.0,0.0,0.0,0.0,0.0,0.0,0.0,0.0,0.0,0.0,0.0,0.0,0.0,0.0,0.0,0.0,0.0,0.0,0.0,0.0,0.0,0.0,0.0,0.0,0.0,0.0,0.0,0.0,0.0,0.0,0.0,0.0,0.0,0.0,0.0,0.0,0.0,0.0,0.0,0.0,0.0,0.0,0.0,0.0,0.0,0.0,0.0,0.0,0.0,0.0,0.0,0.0,0.0,0.0,0.0,0.0,0.0,0.0,0.0,0.0,0.0,0.0,0.0,0.0,0.0,0.0,0.0,0.0,0.0,0.0,0.0,0.0,0.0,0.0,0.0,0.0,0.0,0.0,0.0,0.0,0.0,0.0,0.0,0.0,0.0,0.0,0.0,0.0,0.0,0.0,0.0,0.0,0.0,0.0,0.0,0.0,0.0,0.0,0.0,0.0,0.0,0.0,0.0
0.0,0.0,0.0,0.0,0.0,0.0,0.0,0.0,0.0,0.0,0.0,0.0,0.0,0.0,0.0,0.0,0.0,0.0,0.0,0.0,0.0,0.0,0.0,0.0,0.0,0.0,0.0,0.0,0.0,0.0,0.0,0.0,0.0,0.0,0.0,0.0,0.0,0.0,0.0,0.0,0.0,0.0,0.0,0.0,0.0,0.0,0.0,0.0,0.0,0.0,0.0,0.0,0.0,0.0,0.0,0.0,0.0,0.0,0.0,0.0,0.0,0.0,0.0,0.0,0.0,0.0,0.0,0.0,0.0,0.0,0.0,0.0,0.0,0.0,0.0,0.0,0.0,0.0,0.0,0.0,0.0,0.0,0.0,0.0,0.0,0.0,0.0,0.0,0.0,0.0,0.0,0.0,0.0,0.0,0.0,0.0,0.0,0.0,0.0,0.0,0.0,0.0,0.0,0.0,0.0,0.0,0.0,0.0,0.0,0.0,0.0,0.0,0.0,0.0,0.0,0.0,0.0,0.0,0.0,0.0,0.0,0.0,0.0,0.0,0.0
0.0,0.0,0.0,0.0,0.0,0.0,0.0,0.0,0.0,0.0,0.0,0.0,0.0,0.0,0.0,0.0,0.0,0.0,0.0,0.0,0.0,0.0,0.0,0.0,0.0,0.0,0.0,0.0,0.0,0.0,0.0,0.0,0.0,0.0,0.0,0.0,0.0,0.0,0.0,0.0,0.0,0.0,0.0,0.0,0.0,0.0,0.0,0.0,0.0,0.0,0.0,0.0,0.0,0.0,0.0,0.0,0.0,0.0,0.0,0.0,0.0,0.0,0.0,0.0,0.0,0.0,0.0,0.0,0.0,0.0,0.0,0.0,0.0,0.0,0.0,0.0,0.0,0.0,0.0,0.0,0.0,0.0,0.0,0.0,0.0,0.0,0.0,0.0,0.0,0.0,0.0,0.0,0.0,0.0,0.0,0.0,0.0,0.0,0.0,0.0,0.0,0.0,0.0,0.0,0.0,0.0,0.0,0.0,0.0,0.0,0.0,0.0,0.0,0.0,0.0,0.0,0.0,0.0,0.0,0.0,0.0,0.0,0.0,0.0,0.0
0.0,0.0,0.0,0.0,0.0,0.0,0.0,0.0,0.0,0.0,0.0,0.0,0.0,0.0,0.0,0.0,0.0,0.0,0.0,0.0,0.0,0.0,0.0,0.0,0.0,0.0,0.0,0.0,0.0,0.0,0.0,0.0,0.0,0.0,0.0,0.0,0.0,0.0,0.0,0.0,0.0,0.0,0.0,0.0,0.0,0.0,0.0,0.0,0.0,0.0,0.0,0.0,0.0,0.0,0.0,0.0,0.0,0.0,0.0,0.0,0.0,0.0,0.0,0.0,0.0,0.0,0.0,0.0,0.0,0.0,0.0,0.0,0.0,0.0,0.0,0.0,0.0,0.0,0.0,0.0,0.0,0.0,0.0,0.0,0.0,0.0,0.0,0.0,0.0,0.0,0.0,0.0,0.0,0.0,0.0,0.0,0.0,0.0,0.0,0.0,0.0,0.0,0.0,0.0,0.0,0.0,0.0,0.0,0.0,0.0,0.0,0.0,0.0,0.0,0.0,0.0,0.0,0.0,0.0,0.0,0.0,0.0,0.0,0.0,0.0
0.0,0.0,0.0,0.0,0.0,0.0,0.0,0.0,0.0,0.0,0.0,0.0,0.0,0.0,0.0,0.0,0.0,0.0,0.0,0.0,0.0,0.0,0.0,0.0,0.0,0.0,0.0,0.0,0.0,0.0,0.0,0.0,0.0,0.0,0.0,0.0,0.0,0.0,0.0,0.0,0.0,0.0,0.0,0.0,0.0,0.0,0.0,0.0,0.0,0.0,0.0,0.0,0.0,0.0,0.0,0.0,0.0,0.0,0.0,0.0,0.0,0.0,0.0,0.0,0.0,0.0,0.0,0.0,0.0,0.0,0.0,0.0,0.0,0.0,0.0,0.0,0.0,0.0,0.0,0.0,0.0,0.0,0.0,0.0,0.0,0.0,0.0,0.0,0.0,0.0,0.0,0.0,0.0,0.0,0.0,0.0,0.0,0.0,0.0,0.0,0.0,0.0,0.0,0.0,0.0,0.0,0.0,0.0,0.0,0.0,0.0,0.0,0.0,0.0,0.0,0.0,0.0,0.0,0.0,0.0,0.0,0.0,0.0,0.0,0.0
0.0,0.0,0.0,0.0,0.0,0.0,0.0,0.0,0.0,0.0,0.0,0.0,0.0,0.0,0.0,0.0,0.0,0.0,0.0,0.0,0.0,0.0,0.0,0.0,0.0,0.0,0.0,0.0,0.0,0.0,0.0,0.0,0.0,0.0,0.0,0.0,0.0,0.0,0.0,0.0,0.0,0.0,0.0,0.0,0.0,0.0,0.0,0.0,0.0,0.0,0.0,0.0,0.0,0.0,0.0,0.0,0.0,0.0,0.0,0.0,0.0,0.0,0.0,0.0,0.0,0.0,0.0,0.0,0.0,0.0,0.0,0.0,0.0,0.0,0.0,0.0,0.0,0.0,0.0,0.0,0.0,0.0,0.0,0.0,0.0,0.0,0.0,0.0,0.0,0.0,0.0,0.0,0.0,0.0,0.0,0.0,0.0,0.0,0.0,0.0,0.0,0.0,0.0,0.0,0.0,0.0,0.0,0.0,0.0,0.0,0.0,0.0,0.0,0.0,0.0,0.0,0.0,0.0,0.0,0.0,0.0,0.0,0.0,0.0,0.0
0.0,0.0,0.0,0.0,0.0,0.0,0.0,0.0,0.0,0.0,0.0,0.0,0.0,0.0,0.0,0.0,0.0,0.0,0.0,0.0,0.0,0.0,0.0,0.0,0.0,0.0,0.0,0.0,0.0,0.0,0.0,0.0,0.0,0.0,0.0,0.0,0.0,0.0,0.0,0.0,0.0,0.0,0.0,0.0,0.0,0.0,0.0,0.0,0.0,0.0,0.0,0.0,0.0,0.0,0.0,0.0,0.0,0.0,0.0,0.0,0.0,0.0,0.0,0.0,0.0,0.0,0.0,0.0,0.0,0.0,0.0,0.0,0.0,0.0,0.0,0.0,0.0,0.0,0.0,0.0,0.0,0.0,0.0,0.0,0.0,0.0,0.0,0.0,0.0,0.0,0.0,0.0,0.0,0.0,0.0,0.0,0.0,0.0,0.0,0.0,0.0,0.0,0.0,0.0,0.0,0.0,0.0,0.0,0.0,0.0,0.0,0.0,0.0,0.0,0.0,0.0,0.0,0.0,0.0,0.0,0.0,0.0,0.0,0.0,0.0
0.0,0.0,0.0,0.0,0.0,0.0,0.0,0.0,0.0,0.0,0.0,0.0,0.0,0.0,0.0,0.0,0.0,0.0,0.0,0.0,0.0,0.0,0.0,0.0,0.0,0.0,0.0,0.0,0.0,0.0,0.0,0.0,0.0,0.0,0.0,0.0,0.0,0.0,0.0,0.0,0.0,0.0,0.0,0.0,0.0,0.0,0.0,0.0,0.0,0.0,0.0,0.0,0.0,0.0,0.0,0.0,0.0,0.0,0.0,0.0,0.0,0.0,0.0,0.0,0.0,0.0,0.0,0.0,0.0,0.0,0.0,0.0,0.0,0.0,0.0,0.0,0.0,0.0,0.0,0.0,0.0,0.0,0.0,0.0,0.0,0.0,0.0,0.0,0.0,0.0,0.0,0.0,0.0,0.0,0.0,0.0,0.0,0.0,0.0,0.0,0.0,0.0,0.0,0.0,0.0,0.0,0.0,0.0,0.0,0.0,0.0,0.0,0.0,0.0,0.0,0.0,0.0,0.0,0.0,0.0,0.0,0.0,0.0,0.0,0.0
0.0,0.0,0.0,0.0,0.0,0.0,0.0,0.0,0.0,0.0,0.0,0.0,0.0,0.0,0.0,0.0,0.0,0.0,0.0,0.0,0.0,0.0,0.0,0.0,0.0,0.0,0.0,0.0,0.0,0.0,0.0,0.0,0.0,0.0,0.0,0.0,0.0,0.0,0.0,0.0,0.0,0.0,0.0,0.0,0.0,0.0,0.0,0.0,0.0,0.0,0.0,0.0,0.0,0.0,0.0,0.0,0.0,0.0,0.0,0.0,0.0,0.0,0.0,0.0,0.0,0.0,0.0,0.0,0.0,0.0,0.0,0.0,0.0,0.0,0.0,0.0,0.0,0.0,0.0,0.0,0.0,0.0,0.0,0.0,0.0,0.0,0.0,0.0,0.0,0.0,0.0,0.0,0.0,0.0,0.0,0.0,0.0,0.0,0.0,0.0,0.0,0.0,0.0,0.0,0.0,0.0,0.0,0.0,0.0,0.0,0.0,0.0,0.0,0.0,0.0,0.0,0.0,0.0,0.0,0.0,0.0,0.0,0.0,0.0,0.0
0.0,0.0,0.0,0.0,0.0,0.0,0.0,0.0,0.0,0.0,0.0,0.0,0.0,0.0,0.0,0.0,0.0,0.0,0.0,0.0,0.0,0.0,0.0,0.0,0.0,0.0,0.0,0.0,0.0,0.0,0.0,0.0,0.0,0.0,0.0,0.0,0.0,0.0,0.0,0.0,0.0,0.0,0.0,0.0,0.0,0.0,0.0,0.0,0.0,0.0,0.0,0.0,0.0,0.0,0.0,0.0,0.0,0.0,0.0,0.0,0.0,0.0,0.0,0.0,0.0,0.0,0.0,0.0,0.0,0.0,0.0,0.0,0.0,0.0,0.0,0.0,0.0,0.0,0.0,0.0,0.0,0.0,0.0,0.0,0.0,0.0,0.0,0.0,0.0,0.0,0.0,0.0,0.0,0.0,0.0,0.0,0.0,0.0,0.0,0.0,0.0,0.0,0.0,0.0,0.0,0.0,0.0,0.0,0.0,0.0,0.0,0.0,0.0,0.0,0.0,0.0,0.0,0.0,0.0,0.0,0.0,0.0,0.0,0.0,0.0
0.0,0.0,0.0,0.0,0.0,0.0,0.0,0.0,0.0,0.0,0.0,0.0,0.0,0.0,0.0,0.0,0.0,0.0,0.0,0.0,0.0,0.0,0.0,0.0,0.0,0.0,0.0,0.0,0.0,0.0,0.0,0.0,0.0,0.0,0.0,0.0,0.0,0.0,0.0,0.0,0.0,0.0,0.0,0.0,0.0,0.0,0.0,0.0,0.0,0.0,0.0,0.0,0.0,0.0,0.0,0.0,0.0,0.0,0.0,0.0,0.0,0.0,0.0,0.0,0.0,0.0,0.0,0.0,0.0,0.0,0.0,0.0,0.0,0.0,0.0,0.0,0.0,0.0,0.0,0.0,0.0,0.0,0.0,0.0,0.0,0.0,0.0,0.0,0.0,0.0,0.0,0.0,0.0,0.0,0.0,0.0,0.0,0.0,0.0,0.0,0.0,0.0,0.0,0.0,0.0,0.0,0.0,0.0,0.0,0.0,0.0,0.0,0.0,0.0,0.0,0.0,0.0,0.0,0.0,0.0,0.0,0.0,0.0,0.0,0.0
0.0,0.0,0.0,0.0,0.0,0.0,0.0,0.0,0.0,0.0,0.0,0.0,0.0,0.0,0.0,0.0,0.0,0.0,0.0,0.0,0.0,0.0,0.0,0.0,0.0,0.0,0.0,0.0,0.0,0.0,0.0,0.0,0.0,0.0,0.0,0.0,0.0,0.0,0.0,0.0,0.0,0.0,0.0,0.0,0.0,0.0,0.0,0.0,0.0,0.0,0.0,0.0,0.0,0.0,0.0,0.0,0.0,0.0,0.0,0.0,0.0,0.0,0.0,0.0,0.0,0.0,0.0,0.0,0.0,0.0,0.0,0.0,0.0,0.0,0.0,0.0,0.0,0.0,0.0,0.0,0.0,0.0,0.0,0.0,0.0,0.0,0.0,0.0,0.0,0.0,0.0,0.0,0.0,0.0,0.0,0.0,0.0,0.0,0.0,0.0,0.0,0.0,0.0,0.0,0.0,0.0,0.0,0.0,0.0,0.0,0.0,0.0,0.0,0.0,0.0,0.0,0.0,0.0,0.0,0.0,0.0,0.0,0.0,0.0,0.0
0.0,0.0,0.0,0.0,0.0,0.0,0.0,0.0,0.0,0.0,0.0,0.0,0.0,0.0,0.0,0.0,0.0,0.0,0.0,0.0,0.0,0.0,0.0,0.0,0.0,0.0,0.0,0.0,0.0,0.0,0.0,0.0,0.0,0.0,0.0,0.0,0.0,0.0,0.0,0.0,0.0,0.0,0.0,0.0,0.0,0.0,0.0,0.0,0.0,0.0,0.0,0.0,0.0,0.0,0.0,0.0,0.0,0.0,0.0,0.0,0.0,0.0,0.0,0.0,0.0,0.0,0.0,0.0,0.0,0.0,0.0,0.0,0.0,0.0,0.0,0.0,0.0,0.0,0.0,0.0,0.0,0.0,0.0,0.0,0.0,0.0,0.0,0.0,0.0,0.0,0.0,0.0,0.0,0.0,0.0,0.0,0.0,0.0,0.0,0.0,0.0,0.0,0.0,0.0,0.0,0.0,0.0,0.0,0.0,0.0,0.0,0.0,0.0,0.0,0.0,0.0,0.0,0.0,0.0,0.0,0.0,0.0,0.0,0.0,0.0
0.0,0.0,0.0,0.0,0.0,0.0,0.0,0.0,0.0,0.0,0.0,0.0,0.0,0.0,0.0,0.0,0.0,0.0,0.0,0.0,0.0,0.0,0.0,0.0,0.0,0.0,0.0,0.0,0.0,0.0,0.0,0.0,0.0,0.0,0.0,0.0,0.0,0.0,0.0,0.0,0.0,0.0,0.0,0.0,0.0,0.0,0.0,0.0,0.0,0.0,0.0,0.0,0.0,0.0,0.0,0.0,0.0,0.0,0.0,0.0,0.0,0.0,0.0,0.0,0.0,0.0,0.0,0.0,0.0,0.0,0.0,0.0,0.0,0.0,0.0,0.0,0.0,0.0,0.0,0.0,0.0,0.0,0.0,0.0,0.0,0.0,0.0,0.0,0.0,0.0,0.0,0.0,0.0,0.0,0.0,0.0,0.0,0.0,0.0,0.0,0.0,0.0,0.0,0.0,0.0,0.0,0.0,0.0,0.0,0.0,0.0,0.0,0.0,0.0,0.0,0.0,0.0,0.0,0.0,0.0,0.0,0.0,0.0,0.0,0.0
0.0,0.0,0.0,0.0,0.0,0.0,0.0,0.0,0.0,0.0,0.0,0.0,0.0,0.0,0.0,0.0,0.0,0.0,0.0,0.0,0.0,0.0,0.0,0.0,0.0,0.0,0.0,0.0,0.0,0.0,0.0,0.0,0.0,0.0,0.0,0.0,0.0,0.0,0.0,0.0,0.0,0.0,0.0,0.0,0.0,0.0,0.0,0.0,0.0,0.0,0.0,0.0,0.0,0.0,0.0,0.0,0.0,0.0,0.0,0.0,0.0,0.0,0.0,0.0,0.0,0.0,0.0,0.0,0.0,0.0,0.0,0.0,0.0,0.0,0.0,0.0,0.0,0.0,0.0,0.0,0.0,0.0,0.0,0.0,0.0,0.0,0.0,0.0,0.0,0.0,0.0,0.0,0.0,0.0,0.0,0.0,0.0,0.0,0.0,0.0,0.0,0.0,0.0,0.0,0.0,0.0,0.0,0.0,0.0,0.0,0.0,0.0,0.0,0.0,0.0,0.0,0.0,0.0,0.0,0.0,0.0,0.0,0.0,0.0,0.0
0.0,0.0,0.0,0.0,0.0,0.0,0.0,0.0,0.0,0.0,0.0,0.0,0.0,0.0,0.0,0.0,0.0,0.0,0.0,0.0,0.0,0.0,0.0,0.0,0.0,0.0,0.0,0.0,0.0,0.0,0.0,0.0,0.0,0.0,0.0,0.0,0.0,0.0,0.0,0.0,0.0,0.0,0.0,0.0,0.0,0.0,0.0,0.0,0.0,0.0,0.0,0.0,0.0,0.0,0.0,0.0,0.0,0.0,0.0,0.0,0.0,0.0,0.0,0.0,0.0,0.0,0.0,0.0,0.0,0.0,0.0,0.0,0.0,0.0,0.0,0.0,0.0,0.0,0.0,0.0,0.0,0.0,0.0,0.0,0.0,0.0,0.0,0.0,0.0,0.0,0.0,0.0,0.0,0.0,0.0,0.0,0.0,0.0,0.0,0.0,0.0,0.0,0.0,0.0,0.0,0.0,0.0,0.0,0.0,0.0,0.0,0.0,0.0,0.0,0.0,0.0,0.0,0.0,0.0,0.0,0.0,0.0,0.0,0.0,0.0
0.0,0.0,0.0,0.0,0.0,0.0,0.0,0.0,0.0,0.0,0.0,0.0,0.0,0.0,0.0,0.0,0.0,0.0,0.0,0.0,0.0,0.0,0.0,0.0,0.0,0.0,0.0,0.0,0.0,0.0,0.0,0.0,0.0,0.0,0.0,0.0,0.0,0.0,0.0,0.0,0.0,0.0,0.0,0.0,0.0,0.0,0.0,0.0,0.0,0.0,0.0,0.0,0.0,0.0,0.0,0.0,0.0,0.0,0.0,0.0,0.0,0.0,0.0,0.0,0.0,0.0,0.0,0.0,0.0,0.0,0.0,0.0,0.0,0.0,0.0,0.0,0.0,0.0,0.0,0.0,0.0,0.0,0.0,0.0,0.0,0.0,0.0,0.0,0.0,0.0,0.0,0.0,0.0,0.0,0.0,0.0,0.0,0.0,0.0,0.0,0.0,0.0,0.0,0.0,0.0,0.0,0.0,0.0,0.0,0.0,0.0,0.0,0.0,0.0,0.0,0.0,0.0,0.0,0.0,0.0,0.0,0.0,0.0,0.0,0.0
0.0,0.0,0.0,0.0,0.0,0.0,0.0,0.0,0.0,0.0,0.0,0.0,0.0,0.0,0.0,0.0,0.0,0.0,0.0,0.0,0.0,0.0,0.0,0.0,0.0,0.0,0.0,0.0,0.0,0.0,0.0,0.0,0.0,0.0,0.0,0.0,0.0,0.0,0.0,0.0,0.0,0.0,0.0,0.0,0.0,0.0,0.0,0.0,0.0,0.0,0.0,0.0,0.0,0.0,0.0,0.0,0.0,0.0,0.0,0.0,0.0,0.0,0.0,0.0,0.0,0.0,0.0,0.0,0.0,0.0,0.0,0.0,0.0,0.0,0.0,0.0,0.0,0.0,0.0,0.0,0.0,0.0,0.0,0.0,0.0,0.0,0.0,0.0,0.0,0.0,0.0,0.0,0.0,0.0,0.0,0.0,0.0,0.0,0.0,0.0,0.0,0.0,0.0,0.0,0.0,0.0,0.0,0.0,0.0,0.0,0.0,0.0,0.0,0.0,0.0,0.0,0.0,0.0,0.0,0.0,0.0,0.0,0.0,0.0,0.0
0.0,0.0,0.0,0.0,0.0,0.0,0.0,0.0,0.0,0.0,0.0,0.0,0.0,0.0,0.0,0.0,0.0,0.0,0.0,0.0,0.0,0.0,0.0,0.0,0.0,0.0,0.0,0.0,0.0,0.0,0.0,0.0,0.0,0.0,0.0,0.0,0.0,0.0,0.0,0.0,0.0,0.0,0.0,0.0,0.0,0.0,0.0,0.0,0.0,0.0,0.0,0.0,0.0,0.0,0.0,0.0,0.0,0.0,0.0,0.0,0.0,0.0,0.0,0.0,0.0,0.0,0.0,0.0,0.0,0.0,0.0,0.0,0.0,0.0,0.0,0.0,0.0,0.0,0.0,0.0,0.0,0.0,0.0,0.0,0.0,0.0,0.0,0.0,0.0,0.0,0.0,0.0,0.0,0.0,0.0,0.0,0.0,0.0,0.0,0.0,0.0,0.0,0.0,0.0,0.0,0.0,0.0,0.0,0.0,0.0,0.0,0.0,0.0,0.0,0.0,0.0,0.0,0.0,0.0,0.0,0.0,0.0,0.0,0.0,0.0
0.0,0.0,0.0,0.0,0.0,0.0,0.0,0.0,0.0,0.0,0.0,0.0,0.0,0.0,0.0,0.0,0.0,0.0,0.0,0.0,0.0,0.0,0.0,0.0,0.0,0.0,0.0,0.0,0.0,0.0,0.0,0.0,0.0,0.0,0.0,0.0,0.0,0.0,0.0,0.0,0.0,0.0,0.0,0.0,0.0,0.0,0.0,0.0,0.0,0.0,0.0,0.0,0.0,0.0,0.0,0.0,0.0,0.0,0.0,0.0,0.0,0.0,0.0,0.0,0.0,0.0,0.0,0.0,0.0,0.0,0.0,0.0,0.0,0.0,0.0,0.0,0.0,0.0,0.0,0.0,0.0,0.0,0.0,0.0,0.0,0.0,0.0,0.0,0.0,0.0,0.0,0.0,0.0,0.0,0.0,0.0,0.0,0.0,0.0,0.0,0.0,0.0,0.0,0.0,0.0,0.0,0.0,0.0,0.0,0.0,0.0,0.0,0.0,0.0,0.0,0.0,0.0,0.0,0.0,0.0,0.0,0.0,0.0,0.0,0.0
0.0,0.0,0.0,0.0,0.0,0.0,0.0,0.0,0.0,0.0,0.0,0.0,0.0,0.0,0.0,0.0,0.0,0.0,0.0,0.0,0.0,0.0,0.0,0.0,0.0,0.0,0.0,0.0,0.0,0.0,0.0,0.0,0.0,0.0,0.0,0.0,0.0,0.0,0.0,0.0,0.0,0.0,0.0,0.0,0.0,0.0,0.0,0.0,0.0,0.0,0.0,0.0,0.0,0.0,0.0,0.0,0.0,0.0,0.0,0.0,0.0,0.0,0.0,0.0,0.0,0.0,0.0,0.0,0.0,0.0,0.0,0.0,0.0,0.0,0.0,0.0,0.0,0.0,0.0,0.0,0.0,0.0,0.0,0.0,0.0,0.0,0.0,0.0,0.0,0.0,0.0,0.0,0.0,0.0,0.0,0.0,0.0,0.0,0.0,0.0,0.0,0.0,0.0,0.0,0.0,0.0,0.0,0.0,0.0,0.0,0.0,0.0,0.0,0.0,0.0,0.0,0.0,0.0,0.0,0.0,0.0,0.0,0.0,0.0,0.0
0.0,0.0,0.0,0.0,0.0,0.0,0.0,0.0,0.0,0.0,0.0,0.0,0.0,0.0,0.0,0.0,0.0,0.0,0.0,0.0,0.0,0.0,0.0,0.0,0.0,0.0,0.0,0.0,0.0,0.0,0.0,0.0,0.0,0.0,0.0,0.0,0.0,0.0,0.0,0.0,0.0,0.0,0.0,0.0,0.0,0.0,0.0,0.0,0.0,0.0,0.0,0.0,0.0,0.0,0.0,0.0,0.0,0.0,0.0,0.0,0.0,0.0,0.0,0.0,0.0,0.0,0.0,0.0,0.0,0.0,0.0,0.0,0.0,0.0,0.0,0.0,0.0,0.0,0.0,0.0,0.0,0.0,0.0,0.0,0.0,0.0,0.0,0.0,0.0,0.0,0.0,0.0,0.0,0.0,0.0,0.0,0.0,0.0,0.0,0.0,0.0,0.0,0.0,0.0,0.0,0.0,0.0,0.0,0.0,0.0,0.0,0.0,0.0,0.0,0.0,0.0,0.0,0.0,0.0,0.0,0.0,0.0,0.0,0.0,0.0
0.0,0.0,0.0,0.0,0.0,0.0,0.0,0.0,0.0,0.0,0.0,0.0,0.0,0.0,0.0,0.0,0.0,0.0,0.0,0.0,0.0,0.0,0.0,0.0,0.0,0.0,0.0,0.0,0.0,0.0,0.0,0.0,0.0,0.0,0.0,0.0,0.0,0.0,0.0,0.0,0.0,0.0,0.0,0.0,0.0,0.0,0.0,0.0,0.0,0.0,0.0,0.0,0.0,0.0,0.0,0.0,0.0,0.0,0.0,0.0,0.0,0.0,0.0,0.0,0.0,0.0,0.0,0.0,0.0,0.0,0.0,0.0,0.0,0.0,0.0,0.0,0.0,0.0,0.0,0.0,0.0,0.0,0.0,0.0,0.0,0.0,0.0,0.0,0.0,0.0,0.0,0.0,0.0,0.0,0.0,0.0,0.0,0.0,0.0,0.0,0.0,0.0,0.0,0.0,0.0,0.0,0.0,0.0,0.0,0.0,0.0,0.0,0.0,0.0,0.0,0.0,0.0,0.0,0.0,0.0,0.0,0.0,0.0,0.0,0.0
0.0,0.0,0.0,0.0,0.0,0.0,0.0,0.0,0.0,0.0,0.0,0.0,0.0,0.0,0.0,0.0,0.0,0.0,0.0,0.0,0.0,0.0,0.0,0.0,0.0,0.0,0.0,0.0,0.0,0.0,0.0,0.0,0.0,0.0,0.0,0.0,0.0,0.0,0.0,0.0,0.0,0.0,0.0,0.0,0.0,0.0,0.0,0.0,0.0,0.0,0.0,0.0,0.0,0.0,0.0,0.0,0.0,0.0,0.0,0.0,0.0,0.0,0.0,0.0,0.0,0.0,0.0,0.0,0.0,0.0,0.0,0.0,0.0,0.0,0.0,0.0,0.0,0.0,0.0,0.0,0.0,0.0,0.0,0.0,0.0,0.0,0.0,0.0,0.0,0.0,0.0,0.0,0.0,0.0,0.0,0.0,0.0,0.0,0.0,0.0,0.0,0.0,0.0,0.0,0.0,0.0,0.0,0.0,0.0,0.0,0.0,0.0,0.0,0.0,0.0,0.0,0.0,0.0,0.0,0.0,0.0,0.0,0.0,0.0,0.0
0.0,0.0,0.0,0.0,0.0,0.0,0.0,0.0,0.0,0.0,0.0,0.0,0.0,0.0,0.0,0.0,0.0,0.0,0.0,0.0,0.0,0.0,0.0,0.0,0.0,0.0,0.0,0.0,0.0,0.0,0.0,0.0,0.0,0.0,0.0,0.0,0.0,0.0,0.0,0.0,0.0,0.0,0.0,0.0,0.0,0.0,0.0,0.0,0.0,0.0,0.0,0.0,0.0,0.0,0.0,0.0,0.0,0.0,0.0,0.0,0.0,0.0,0.0,0.0,0.0,0.0,0.0,0.0,0.0,0.0,0.0,0.0,0.0,0.0,0.0,0.0,0.0,0.0,0.0,0.0,0.0,0.0,0.0,0.0,0.0,0.0,0.0,0.0,0.0,0.0,0.0,0.0,0.0,0.0,0.0,0.0,0.0,0.0,0.0,0.0,0.0,0.0,0.0,0.0,0.0,0.0,0.0,0.0,0.0,0.0,0.0,0.0,0.0,0.0,0.0,0.0,0.0,0.0,0.0,0.0,0.0,0.0,0.0,0.0,0.0
0.0,0.0,0.0,0.0,0.0,0.0,0.0,0.0,0.0,0.0,0.0,0.0,0.0,0.0,0.0,0.0,0.0,0.0,0.0,0.0,0.0,0.0,0.0,0.0,0.0,0.0,0.0,0.0,0.0,0.0,0.0,0.0,0.0,0.0,0.0,0.0,0.0,0.0,0.0,0.0,0.0,0.0,0.0,0.0,0.0,0.0,0.0,0.0,0.0,0.0,0.0,0.0,0.0,0.0,0.0,0.0,0.0,0.0,0.0,0.0,0.0,0.0,0.0,0.0,0.0,0.0,0.0,0.0,0.0,0.0,0.0,0.0,0.0,0.0,0.0,0.0,0.0,0.0,0.0,0.0,0.0,0.0,0.0,0.0,0.0,0.0,0.0,0.0,0.0,0.0,0.0,0.0,0.0,0.0,0.0,0.0,0.0,0.0,0.0,0.0,0.0,0.0,0.0,0.0,0.0,0.0,0.0,0.0,0.0,0.0,0.0,0.0,0.0,0.0,0.0,0.0,0.0,0.0,0.0,0.0,0.0,0.0,0.0,0.0,0.0
0.0,0.0,0.0,0.0,0.0,0.0,0.0,0.0,0.0,0.0,0.0,0.0,0.0,0.0,0.0,0.0,0.0,0.0,0.0,0.0,0.0,0.0,0.0,0.0,0.0,0.0,0.0,0.0,0.0,0.0,0.0,0.0,0.0,0.0,0.0,0.0,0.0,0.0,0.0,0.0,0.0,0.0,0.0,0.0,0.0,0.0,0.0,0.0,0.0,0.0,0.0,0.0,0.0,0.0,0.0,0.0,0.0,0.0,0.0,0.0,0.0,0.0,0.0,0.0,0.0,0.0,0.0,0.0,0.0,0.0,0.0,0.0,0.0,0.0,0.0,0.0,0.0,0.0,0.0,0.0,0.0,0.0,0.0,0.0,0.0,0.0,0.0,0.0,0.0,0.0,0.0,0.0,0.0,0.0,0.0,0.0,0.0,0.0,0.0,0.0,0.0,0.0,0.0,0.0,0.0,0.0,0.0,0.0,0.0,0.0,0.0,0.0,0.0,0.0,0.0,0.0,0.0,0.0,0.0,0.0,0.0,0.0,0.0,0.0,0.0
0.0,0.0,0.0,0.0,0.0,0.0,0.0,0.0,0.0,0.0,0.0,0.0,0.0,0.0,0.0,0.0,0.0,0.0,0.0,0.0,0.0,0.0,0.0,0.0,0.0,0.0,0.0,0.0,0.0,0.0,0.0,0.0,0.0,0.0,0.0,0.0,0.0,0.0,0.0,0.0,0.0,0.0,0.0,0.0,0.0,0.0,0.0,0.0,0.0,0.0,0.0,0.0,0.0,0.0,0.0,0.0,0.0,0.0,0.0,0.0,0.0,0.0,0.0,0.0,0.0,0.0,0.0,0.0,0.0,0.0,0.0,0.0,0.0,0.0,0.0,0.0,0.0,0.0,0.0,0.0,0.0,0.0,0.0,0.0,0.0,0.0,0.0,0.0,0.0,0.0,0.0,0.0,0.0,0.0,0.0,0.0,0.0,0.0,0.0,0.0,0.0,0.0,0.0,0.0,0.0,0.0,0.0,0.0,0.0,0.0,0.0,0.0,0.0,0.0,0.0,0.0,0.0,0.0,0.0,0.0,0.0,0.0,0.0,0.0,0.0
0.0,0.0,0.0,0.0,0.0,0.0,0.0,0.0,0.0,0.0,0.0,0.0,0.0,0.0,0.0,0.0,0.0,0.0,0.0,0.0,0.0,0.0,0.0,0.0,0.0,0.0,0.0,0.0,0.0,0.0,0.0,0.0,0.0,0.0,0.0,0.0,0.0,0.0,0.0,0.0,0.0,0.0,0.0,0.0,0.0,0.0,0.0,0.0,0.0,0.0,0.0,0.0,0.0,0.0,0.0,0.0,0.0,0.0,0.0,0.0,0.0,0.0,0.0,0.0,0.0,0.0,0.0,0.0,0.0,0.0,0.0,0.0,0.0,0.0,0.0,0.0,0.0,0.0,0.0,0.0,0.0,0.0,0.0,0.0,0.0,0.0,0.0,0.0,0.0,0.0,0.0,0.0,0.0,0.0,0.0,0.0,0.0,0.0,0.0,0.0,0.0,0.0,0.0,0.0,0.0,0.0,0.0,0.0,0.0,0.0,0.0,0.0,0.0,0.0,0.0,0.0,0.0,0.0,0.0,0.0,0.0,0.0,0.0,0.0,0.0
0.0,0.0,0.0,0.0,0.0,0.0,0.0,0.0,0.0,0.0,0.0,0.0,0.0,0.0,0.0,0.0,0.0,0.0,0.0,0.0,0.0,0.0,0.0,0.0,0.0,0.0,0.0,0.0,0.0,0.0,0.0,0.0,0.0,0.0,0.0,0.0,0.0,0.0,0.0,0.0,0.0,0.0,0.0,0.0,0.0,0.0,0.0,0.0,0.0,0.0,0.0,0.0,0.0,0.0,0.0,0.0,0.0,0.0,0.0,0.0,0.0,0.0,0.0,0.0,0.0,0.0,0.0,0.0,0.0,0.0,0.0,0.0,0.0,0.0,0.0,0.0,0.0,0.0,0.0,0.0,0.0,0.0,0.0,0.0,0.0,0.0,0.0,0.0,0.0,0.0,0.0,0.0,0.0,0.0,0.0,0.0,0.0,0.0,0.0,0.0,0.0,0.0,0.0,0.0,0.0,0.0,0.0,0.0,0.0,0.0,0.0,0.0,0.0,0.0,0.0,0.0,0.0,0.0,0.0,0.0,0.0,0.0,0.0,0.0,0.0
0.0,0.0,0.0,0.0,0.0,0.0,0.0,0.0,0.0,0.0,0.0,0.0,0.0,0.0,0.0,0.0,0.0,0.0,0.0,0.0,0.0,0.0,0.0,0.0,0.0,0.0,0.0,0.0,0.0,0.0,0.0,0.0,0.0,0.0,0.0,0.0,0.0,0.0,0.0,0.0,0.0,0.0,0.0,0.0,0.0,0.0,0.0,0.0,0.0,0.0,0.0,0.0,0.0,0.0,0.0,0.0,0.0,0.0,0.0,0.0,0.0,0.0,0.0,0.0,0.0,0.0,0.0,0.0,0.0,0.0,0.0,0.0,0.0,0.0,0.0,0.0,0.0,0.0,0.0,0.0,0.0,0.0,0.0,0.0,0.0,0.0,0.0,0.0,0.0,0.0,0.0,0.0,0.0,0.0,0.0,0.0,0.0,0.0,0.0,0.0,0.0,0.0,0.0,0.0,0.0,0.0,0.0,0.0,0.0,0.0,0.0,0.0,0.0,0.0,0.0,0.0,0.0,0.0,0.0,0.0,0.0,0.0,0.0,0.0,0.0
0.0,0.0,0.0,0.0,0.0,0.0,0.0,0.0,0.0,0.0,0.0,0.0,0.0,0.0,0.0,0.0,0.0,0.0,0.0,0.0,0.0,0.0,0.0,0.0,0.0,0.0,0.0,0.0,0.0,0.0,0.0,0.0,0.0,0.0,0.0,0.0,0.0,0.0,0.0,0.0,0.0,0.0,0.0,0.0,0.0,0.0,0.0,0.0,0.0,0.0,0.0,0.0,0.0,0.0,0.0,0.0,0.0,0.0,0.0,0.0,0.0,0.0,0.0,0.0,0.0,0.0,0.0,0.0,0.0,0.0,0.0,0.0,0.0,0.0,0.0,0.0,0.0,0.0,0.0,0.0,0.0,0.0,0.0,0.0,0.0,0.0,0.0,0.0,0.0,0.0,0.0,0.0,0.0,0.0,0.0,0.0,0.0,0.0,0.0,0.0,0.0,0.0,0.0,0.0,0.0,0.0,0.0,0.0,0.0,0.0,0.0,0.0,0.0,0.0,0.0,0.0,0.0,0.0,0.0,0.0,0.0,0.0,0.0,0.0,0.0
0.0,0.0,0.0,0.0,0.0,0.0,0.0,0.0,0.0,0.0,0.0,0.0,0.0,0.0,0.0,0.0,0.0,0.0,0.0,0.0,0.0,0.0,0.0,0.0,0.0,0.0,0.0,0.0,0.0,0.0,0.0,0.0,0.0,0.0,0.0,0.0,0.0,0.0,0.0,0.0,0.0,0.0,0.0,0.0,0.0,0.0,0.0,0.0,0.0,0.0,0.0,0.0,0.0,0.0,0.0,0.0,0.0,0.0,0.0,0.0,0.0,0.0,0.0,0.0,0.0,0.0,0.0,0.0,0.0,0.0,0.0,0.0,0.0,0.0,0.0,0.0,0.0,0.0,0.0,0.0,0.0,0.0,0.0,0.0,0.0,0.0,0.0,0.0,0.0,0.0,0.0,0.0,0.0,0.0,0.0,0.0,0.0,0.0,0.0,0.0,0.0,0.0,0.0,0.0,0.0,0.0,0.0,0.0,0.0,0.0,0.0,0.0,0.0,0.0,0.0,0.0,0.0,0.0,0.0,0.0,0.0,0.0,0.0,0.0,0.0
0.0,0.0,0.0,0.0,0.0,0.0,0.0,0.0,0.0,0.0,0.0,0.0,0.0,0.0,0.0,0.0,0.0,0.0,0.0,0.0,0.0,0.0,0.0,0.0,0.0,0.0,0.0,0.0,0.0,0.0,0.0,0.0,0.0,0.0,0.0,0.0,0.0,0.0,0.0,0.0,0.0,0.0,0.0,0.0,0.0,0.0,0.0,0.0,0.0,0.0,0.0,0.0,0.0,0.0,0.0,0.0,0.0,0.0,0.0,0.0,0.0,0.0,0.0,0.0,0.0,0.0,0.0,0.0,0.0,0.0,0.0,0.0,0.0,0.0,0.0,0.0,0.0,0.0,0.0,0.0,0.0,0.0,0.0,0.0,0.0,0.0,0.0,0.0,0.0,0.0,0.0,0.0,0.0,0.0,0.0,0.0,0.0,0.0,0.0,0.0,0.0,0.0,0.0,0.0,0.0,0.0,0.0,0.0,0.0,0.0,0.0,0.0,0.0,0.0,0.0,0.0,0.0,0.0,0.0,0.0,0.0,0.0,0.0,0.0,0.0
0.0,0.0,0.0,0.0,0.0,0.0,0.0,0.0,0.0,0.0,0.0,0.0,0.0,0.0,0.0,0.0,0.0,0.0,0.0,0.0,0.0,0.0,0.0,0.0,0.0,0.0,0.0,0.0,0.0,0.0,0.0,0.0,0.0,0.0,0.0,0.0,0.0,0.0,0.0,0.0,0.0,0.0,0.0,0.0,0.0,0.0,0.0,0.0,0.0,0.0,0.0,0.0,0.0,0.0,0.0,0.0,0.0,0.0,0.0,0.0,0.0,0.0,0.0,0.0,0.0,0.0,0.0,0.0,0.0,0.0,0.0,0.0,0.0,0.0,0.0,0.0,0.0,0.0,0.0,0.0,0.0,0.0,0.0,0.0,0.0,0.0,0.0,0.0,0.0,0.0,0.0,0.0,0.0,0.0,0.0,0.0,0.0,0.0,0.0,0.0,0.0,0.0,0.0,0.0,0.0,0.0,0.0,0.0,0.0,0.0,0.0,0.0,0.0,0.0,0.0,0.0,0.0,0.0,0.0,0.0,0.0,0.0,0.0,0.0,0.0
0.0,0.0,0.0,0.0,0.0,0.0,0.0,0.0,0.0,0.0,0.0,0.0,0.0,0.0,0.0,0.0,0.0,0.0,0.0,0.0,0.0,0.0,0.0,0.0,0.0,0.0,0.0,0.0,0.0,0.0,0.0,0.0,0.0,0.0,0.0,0.0,0.0,0.0,0.0,0.0,0.0,0.0,0.0,0.0,0.0,0.0,0.0,0.0,0.0,0.0,0.0,0.0,0.0,0.0,0.0,0.0,0.0,0.0,0.0,0.0,0.0,0.0,0.0,0.0,0.0,0.0,0.0,0.0,0.0,0.0,0.0,0.0,0.0,0.0,0.0,0.0,0.0,0.0,0.0,0.0,0.0,0.0,0.0,0.0,0.0,0.0,0.0,0.0,0.0,0.0,0.0,0.0,0.0,0.0,0.0,0.0,0.0,0.0,0.0,0.0,0.0,0.0,0.0,0.0,0.0,0.0,0.0,0.0,0.0,0.0,0.0,0.0,0.0,0.0,0.0,0.0,0.0,0.0,0.0,0.0,0.0,0.0,0.0,0.0,0.0
0.0,0.0,0.0,0.0,0.0,0.0,0.0,0.0,0.0,0.0,0.0,0.0,0.0,0.0,0.0,0.0,0.0,0.0,0.0,0.0,0.0,0.0,0.0,0.0,0.0,0.0,0.0,0.0,0.0,0.0,0.0,0.0,0.0,0.0,0.0,0.0,0.0,0.0,0.0,0.0,0.0,0.0,0.0,0.0,0.0,0.0,0.0,0.0,0.0,0.0,0.0,0.0,0.0,0.0,0.0,0.0,0.0,0.0,0.0,0.0,0.0,0.0,0.0,0.0,0.0,0.0,0.0,0.0,0.0,0.0,0.0,0.0,0.0,0.0,0.0,0.0,0.0,0.0,0.0,0.0,0.0,0.0,0.0,0.0,0.0,0.0,0.0,0.0,0.0,0.0,0.0,0.0,0.0,0.0,0.0,0.0,0.0,0.0,0.0,0.0,0.0,0.0,0.0,0.0,0.0,0.0,0.0,0.0,0.0,0.0,0.0,0.0,0.0,0.0,0.0,0.0,0.0,0.0,0.0,0.0,0.0,0.0,0.0,0.0,0.0
0.0,0.0,0.0,0.0,0.0,0.0,0.0,0.0,0.0,0.0,0.0,0.0,0.0,0.0,0.0,0.0,0.0,0.0,0.0,0.0,0.0,0.0,0.0,0.0,0.0,0.0,0.0,0.0,0.0,0.0,0.0,0.0,0.0,0.0,0.0,0.0,0.0,0.0,0.0,0.0,0.0,0.0,0.0,0.0,0.0,0.0,0.0,0.0,0.0,0.0,0.0,0.0,0.0,0.0,0.0,0.0,0.0,0.0,0.0,0.0,0.0,0.0,0.0,0.0,0.0,0.0,0.0,0.0,0.0,0.0,0.0,0.0,0.0,0.0,0.0,0.0,0.0,0.0,0.0,0.0,0.0,0.0,0.0,0.0,0.0,0.0,0.0,0.0,0.0,0.0,0.0,0.0,0.0,0.0,0.0,0.0,0.0,0.0,0.0,0.0,0.0,0.0,0.0,0.0,0.0,0.0,0.0,0.0,0.0,0.0,0.0,0.0,0.0,0.0,0.0,0.0,0.0,0.0,0.0,0.0,0.0,0.0,0.0,0.0,0.0
0.0,0.0,0.0,0.0,0.0,0.0,0.0,0.0,0.0,0.0,0.0,0.0,0.0,0.0,0.0,0.0,0.0,0.0,0.0,0.0,0.0,0.0,0.0,0.0,0.0,0.0,0.0,0.0,0.0,0.0,0.0,0.0,0.0,0.0,0.0,0.0,0.0,0.0,0.0,0.0,0.0,0.0,0.0,0.0,0.0,0.0,0.0,0.0,0.0,0.0,0.0,0.0,0.0,0.0,0.0,0.0,0.0,0.0,0.0,0.0,0.0,0.0,0.0,0.0,0.0,0.0,0.0,0.0,0.0,0.0,0.0,0.0,0.0,0.0,0.0,0.0,0.0,0.0,0.0,0.0,0.0,0.0,0.0,0.0,0.0,0.0,0.0,0.0,0.0,0.0,0.0,0.0,0.0,0.0,0.0,0.0,0.0,0.0,0.0,0.0,0.0,0.0,0.0,0.0,0.0,0.0,0.0,0.0,0.0,0.0,0.0,0.0,0.0,0.0,0.0,0.0,0.0,0.0,0.0,0.0,0.0,0.0,0.0,0.0,0.0
0.0,0.0,0.0,0.0,0.0,0.0,0.0,0.0,0.0,0.0,0.0,0.0,0.0,0.0,0.0,0.0,0.0,0.0,0.0,0.0,0.0,0.0,0.0,0.0,0.0,0.0,0.0,0.0,0.0,0.0,0.0,0.0,0.0,0.0,0.0,0.0,0.0,0.0,0.0,0.0,0.0,0.0,0.0,0.0,0.0,0.0,0.0,0.0,0.0,0.0,0.0,0.0,0.0,0.0,0.0,0.0,0.0,0.0,0.0,0.0,0.0,0.0,0.0,0.0,0.0,0.0,0.0,0.0,0.0,0.0,0.0,0.0,0.0,0.0,0.0,0.0,0.0,0.0,0.0,0.0,0.0,0.0,0.0,0.0,0.0,0.0,0.0,0.0,0.0,0.0,0.0,0.0,0.0,0.0,0.0,0.0,0.0,0.0,0.0,0.0,0.0,0.0,0.0,0.0,0.0,0.0,0.0,0.0,0.0,0.0,0.0,0.0,0.0,0.0,0.0,0.0,0.0,0.0,0.0,0.0,0.0,0.0,0.0,0.0,0.0
