0.0,0.0795936490814312,0.5879105261062217,0.262178370103264,0.8408964152537145,0.004889913313226836,0.03321176449917576,0.4190186181225324,0.38393675497483076,0.01209154456637033,0.17176568293010913,0.3805345004003016,0.37983867733238924,0.17122696496222117,0.37697180944467484,0.0,0.4199480582014324,0.0,0.37768045539918554,0.0,0.37423208022363824,0.40987180607725704,0.0,0.39573286899068705,0.17051032780474432,0.37833517126958566,0.0,0.4210331780038712,0.0,0.37810683049083915,0.1732141650187712,0.3801543764479785,0.0,0.3808234615036176,0.4172597849713894,0.0,0.0,0.3775151253267519,0.4172166779986688,0.0,0.3755382376677221,0.17195976308644625,0.3793300538347768,0.03672969476526431,0.3743474234772038,0.17342560421572678,0.3889916108831076,0.0,0.41882846312937255,0.0,0.3772292021627747,0.4179403090484211,0.009572323771934675,0.38466345902814286,0.0,0.420453069498988,0.0,0.3786833031032677,0.007375197495061111,0.42507992244728066,0.37813422776399275,0.0,0.1745543882031888,0.37670251885938216,0.3842379934305353,0.1763292232688248,0.3745574240055533,0.0,0.3805914658058589,0.17456119449624466,0.39397721907096417,0.3771510768345038,0.17408936460582622,0.008661366799635278,0.3900049566834177,0.0,0.4119361195066817,0.0,0.0,0.3963427800268447,0.0,0.0,0.3789108441448095,0.1705848047745524,0.0,0.0,0.38405496499058667,0.0,0.0,0.0,0.41497337011910806,0.0,0.0,0.0,0.3762522432579532,0.0,0.008404676511128993,0.41229277954386684,0.0,0.007375197495061111,0.0,0.3770786797396454,0.0,0.1733570859396619,0.0,0.3380178072902177,0.0,0.0,0.3331292901254985,0.0,0.0,0.17450411817408001,0.38450736298667854,0.0,0.0,0.0,0.3862268109691872,0.17298556424191147,0.0,0.0,0.3916234919455442,0.0,0.0,0.3804029563436501,0.007350406823864139
0.0795936490814312,0.11256128859450565,0.592938908725228,0.27396401832495193,0.843547401330845,0.07974371289048429,0.08624467686037157,0.4263916231816107,0.3920081844203336,0.08050684084232745,0.18930200454955579,0.38867978668673264,0.38799921600584275,0.1888134284822431,0.38519572711478306,0.0795936490814312,0.4273039748002169,0.0795936490814312,0.38588862565583015,0.0795936490814312,0.3825173881754067,0.4174166254483509,0.0795936490814312,0.40355711249394677,0.18816391621283587,0.38652884005587396,0.0795936490814312,0.42836922788778314,0.0795936490814312,0.3863055516886187,0.1906170029121508,0.38830798875976724,0.0795936490814312,0.38896242860763003,0.4246653109819483,0.0795936490814312,0.0795936490814312,0.3857269647287084,0.4246230040948557,0.0795936490814312,0.38379417663923454,0.1894780868274859,0.3875017735311596,0.0876594924383451,0.38263013044639577,0.19080911825270036,0.3969554646082296,0.0795936490814312,0.4262049725610625,0.0795936490814312,0.3854473938930495,0.4253332235031886,0.08016717839167217,0.39271926608786506,0.0795936490814312,0.42779972897003404,0.0795936490814312,0.3868692795288969,0.07993460709157374,0.4323426697366277,0.3863323424606633,0.0795936490814312,0.19183542583082555,0.3849324347406424,0.3923029405010941,0.1934514335652533,0.38283539921093146,0.0795936490814312,0.3887355056501111,0.19184161769563543,0.40183740841146387,0.385371005786382,0.19141248002991534,0.08006351682302275,0.3979475472614006,0.0795936490814312,0.4194415730938751,0.0795936490814312,0.0795936490814312,0.40415460283096877,0.0795936490814312,0.0795936490814312,0.38709179971646984,0.18823139457487906,0.0795936490814312,0.0795936490814312,0.3921238495704551,0.0795936490814312,0.0795936490814312,0.0795936490814312,0.4224215354707142,0.0795936490814312,0.0795936490814312,0.0795936490814312,0.3844922060216853,0.0795936490814312,0.08003615513238667,0.4197914671480291,0.0795936490814312,0.07993460709157374,0.0795936490814312,0.38530021912064016,0.0795936490814312,0.19074685753829168,0.0795936490814312,0.3471993770940079,0.0795936490814312,0.0795936490814312,0.34244549186732165,0.0795936490814312,0.0795936490814312,0.19178969514085112,0.3925665212390669,0.0795936490814312,0.0795936490814312,0.0795936490814312,0.39424918963594224,0.1904093403433608,0.0795936490814312,0.0795936490814312,0.3995323260298568,0.0795936490814312,0.0795936490814312,0.3885511221948378,0.07993232363090307
0.5879105261062217,0.592938908725228,0.8054020770003544,0.6397830248587144,0.9528534262468998,0.5879296081622859,0.5887899591031235,0.7106510797613421,0.692954069812606,0.5880271911021189,0.6108792068105955,0.6912868366517999,0.6909469786866211,0.6107388119207051,0.6895507781619408,0.5879105261062217,0.7111318368713334,0.5879105261062217,0.6898952887701962,0.5879105261062217,0.6882226362233236,0.7059514835234373,0.5879105261062217,0.6988037525015062,0.610552668532118,0.6902139370731329,0.5879105261062217,0.7116938587628044,0.5879105261062217,0.6901027655082687,0.6112586717769941,0.6911011268704366,0.5879105261062217,0.6914280850777683,0.7097429215925949,0.5879105261062217,0.5879105261062217,0.6898148771411978,0.7097206901718404,0.5879105261062217,0.6888550713577668,0.6109298836547529,0.690698796152971,0.5889859049737579,0.6882784295019475,0.6113143041683502,0.6954477657004189,0.5879105261062217,0.7105527933932076,0.5879105261062217,0.6896758641113431,0.7100940542769832,0.5879836454383904,0.6933113554361948,0.5879105261062217,0.7113933012659186,0.5879105261062217,0.690383510765677,0.5879539330005481,0.7137967691075009,0.690116102142102,0.5879105261062217,0.6116123380165931,0.6894199668757062,0.693102124468759,0.6120844726636371,0.6883800375120516,0.5879105261062217,0.6913146769643796,0.6116141403779942,0.6979264432230349,0.689637891703054,0.611489346115726,0.587970391596547,0.6959500397161246,0.5879105261062217,0.7070070458566123,0.5879105261062217,0.5879105261062217,0.699109067336458,0.5879105261062217,0.5879105261062217,0.6904943971953825,0.610571980678221,0.5879105261062217,0.5879105261062217,0.6930121600208671,0.5879105261062217,0.5879105261062217,0.5879105261062217,0.70856551516431,0.5879105261062217,0.5879105261062217,0.5879105261062217,0.6892013695403362,0.5879105261062217,0.5879668960145256,0.7071897221761995,0.5879105261062217,0.5879539330005481,0.5879105261062217,0.6896027078268205,0.5879105261062217,0.611296269410626,0.5879105261062217,0.671259624450854,0.5879105261062217,0.5879105261062217,0.6690585212727654,0.5879105261062217,0.5879105261062217,0.6115990280691069,0.6932345758236684,0.5879105261062217,0.5879105261062217,0.5879105261062217,0.6940813708073673,0.6111985929121789,0.5879105261062217,0.5879105261062217,0.696753902790244,0.5879105261062217,0.5879105261062217,0.6912225578126929,0.587953641692689
0.262178370103264,0.27396401832495193,0.6397830248587144,0.3703374637252104,0.8683542304980475,0.2622238593799647,0.2642685534627696,0.49277889467221414,0.46372985714016957,0.26245639001062454,0.31327502701598003,0.4609522869902892,0.4603851535139369,0.3129812726016463,0.4580518786066193,0.262178370103264,0.4935578818771063,0.262178370103264,0.45862811992610625,0.262178370103264,0.4558272215445419,0.48513724227924726,0.262178370103264,0.47341680633459626,0.31259150068407465,0.4591608052591762,0.262178370103264,0.4944679172477825,0.262178370103264,0.45897499183740786,0.3140680425840064,0.4606424259484539,0.262178370103264,0.4611878993329072,0.49130601209990116,0.262178370103264,0.262178370103264,0.45849365040292045,0.4912699339244266,0.262178370103264,0.4568871877364574,0.31338101339366103,0.459970799477174,0.2647325345130167,0.45592077769822925,0.3141841877686166,0.46787029544389813,0.262178370103264,0.49261957662835926,0.262178370103264,0.45826114080204977,0.49187570358438215,0.26235264458439944,0.464324101478246,0.262178370103264,0.49398133338917233,0.262178370103264,0.459444165890708,0.26228183797850896,0.49786706079917914,0.4589972846715394,0.262178370103264,0.31480589465687403,0.45783299085362483,0.46397614634719175,0.31578904451040896,0.45609113461615736,0.262178370103264,0.46099873096131605,0.31480965184433946,0.4719696387034862,0.45819761964266925,0.31454943334146673,0.262321061668345,0.4687022625270399,0.262178370103264,0.48685791016249513,0.262178370103264,0.262178370103264,0.4739199847524029,0.262178370103264,0.262178370103264,0.4596294155256898,0.3126319547558243,0.262178370103264,0.262178370103264,0.4638264973831252,0.262178370103264,0.262178370103264,0.262178370103264,0.4893937710113943,0.262178370103264,0.262178370103264,0.262178370103264,0.4574671015687058,0.262178370103264,0.26231273146836626,0.48715543353663326,0.262178370103264,0.26228183797850896,0.262178370103264,0.4581387595686789,0.262178370103264,0.31414653940045884,0.262178370103264,0.426934604478315,0.262178370103264,0.262178370103264,0.42311412453130715,0.262178370103264,0.262178370103264,0.31477814789036057,0.46419642922455867,0.262178370103264,0.262178370103264,0.262178370103264,0.4656036381839251,0.31394258090823113,0.262178370103264,0.262178370103264,0.4700324162589024,0.262178370103264,0.262178370103264,0.4608450470791612,0.2622811437005797
0.8408964152537145,0.843547401330845,0.9528534262468998,0.8683542304980475,1.0,0.8409064685169391,0.841359795138429,0.9056896982548119,0.8964457817217465,0.840957880332956,0.8530305104899369,0.8955710649768789,0.8953926862510938,0.8529561768708359,0.8946596239754472,0.8408964152537145,0.9059396488002669,0.8408964152537145,0.894840542960437,0.8408964152537145,0.8939619314163659,0.9032428329079056,0.8408964152537145,0.8995099642384295,0.8528576236181079,0.8950078590280103,0.8408964152537145,0.906231762948433,0.8408964152537145,0.8949494873301925,0.8532314301478002,0.8954735958335871,0.8408964152537145,0.8956451939226647,0.9052173526438574,0.8408964152537145,0.8408964152537145,0.8947983171143321,0.9052057867657616,0.8408964152537145,0.8942942025286783,0.8530573422850187,0.8952624094266247,0.8414630559954439,0.8939912474557773,0.8532608874111063,0.8977529806455372,0.8408964152537145,0.9056385897879166,0.8408964152537145,0.8947253153528634,0.9054000101145308,0.8409349380159429,0.8966331550496393,0.8408964152537145,0.9060755581237117,0.8408964152537145,0.8950968904716687,0.8409192839861966,0.907323919130282,0.8949564899906148,0.8408964152537145,0.8534186999351484,0.894590922459319,0.8965234302108706,0.853668714827844,0.8940446348376898,0.8408964152537145,0.8955856762512793,0.8534196543280688,0.8990509149940511,0.8947053737193634,0.8533535734082387,0.8409279551989141,0.8980161055764002,0.8408964152537145,0.903792956396263,0.8408964152537145,0.8408964152537145,0.8996696759901874,0.8408964152537145,0.8408964152537145,0.8951551061054697,0.852867848267675,0.8408964152537145,0.8408964152537145,0.8964762481752515,0.8408964152537145,0.8408964152537145,0.8408964152537145,0.9046046122611923,0.8408964152537145,0.8408964152537145,0.8408964152537145,0.8944761084428152,0.8408964152537145,0.8409261135478521,0.9038881299561741,0.8408964152537145,0.8409192839861966,0.8408964152537145,0.8946868962554048,0.8408964152537145,0.8532513380090824,0.8408964152537145,0.8850239522362091,0.8408964152537145,0.8408964152537145,0.8838610612963262,0.8408964152537145,0.8408964152537145,0.8534116520113767,0.8965928914093837,0.8408964152537145,0.8408964152537145,0.8408964152537145,0.8970368842417712,0.8531996187539156,0.8408964152537145,0.8408964152537145,0.8984371032107613,0.8408964152537145,0.8408964152537145,0.895537329259493,0.8409191305109893
0.004889913313226836,0.07974371289048429,0.5879296081622859,0.2622238593799647,0.8409064685169391,0.00691538193621167,0.033569815897770215,0.4190467063387913,0.3839675530843848,0.013042879392402465,0.1718352427997423,0.3805655859136891,0.37986982221902343,0.17129674397322173,0.3770032011241362,0.004889913313226836,0.4199760802879793,0.004889913313226836,0.3777117857479521,0.004889913313226836,0.3742637110698962,0.4099005596387528,0.004889913313226836,0.39576270639920086,0.17058040047100556,0.3783664451469104,0.004889913313226836,0.4210611232193786,0.004889913313226836,0.3781381240424678,0.1732831424084499,0.3801854943713579,0.004889913313226836,0.3808545224202857,0.41728799906096875,0.004889913313226836,0.004889913313226836,0.3775464699648811,0.4172448951853717,0.004889913313226836,0.3755697540825634,0.1720292443429111,0.3793612422504961,0.037053767805095665,0.3743790441880813,0.1734944973902445,0.3890219906706579,0.004889913313226836,0.4188565649080077,0.004889913313226836,0.37726057154081094,0.41796847432112705,0.010748982986926628,0.38469419636646757,0.004889913313226836,0.420481055765228,0.004889913313226836,0.37871454702771706,0.008848999399617493,0.42510758412364535,0.37816551895383893,0.004889913313226836,0.17462283522930838,0.37673393390179494,0.38426876632269485,0.1763969803096747,0.374589026278465,0.004889913313226836,0.38062254646751115,0.17462963884964347,0.39400719607241724,0.37718245297857433,0.17415799473265414,0.009946382666521817,0.3900352538274387,0.004889913313226836,0.411964720552658,0.004889913313226836,0.004889913313226836,0.3963725692093094,0.004889913313226836,0.004889913313226836,0.37894206851979967,0.170654846807986,0.004889913313226836,0.004889913313226836,0.38408575320008626,0.004889913313226836,0.004889913313226836,0.004889913313226836,0.41500174928990735,0.004889913313226836,0.004889913313226836,0.004889913313226836,0.3762836974353205,0.004889913313226836,0.009723674242718043,0.41232135438066514,0.004889913313226836,0.008848999399617493,0.004889913313226836,0.37711006215600906,0.004889913313226836,0.17342600638223923,0.004889913313226836,0.3380529436034953,0.004889913313226836,0.004889913313226836,0.33316495533820806,0.004889913313226836,0.004889913313226836,0.1745725849468947,0.3845381133605546,0.004889913313226836,0.004889913313226836,0.004889913313226836,0.38625741829543386,0.17305463291295647,0.004889913313226836,0.004889913313226836,0.39165365791568263,0.004889913313226836,0.004889913313226836,0.3804340530658289,0.008828348303246566
0.03321176449917576,0.08624467686037157,0.5887899591031235,0.2642685534627696,0.841359795138429,0.033569815897770215,0.0469685134983156,0.4203122437451991,0.3853547896240101,0.035344400551894535,0.17494562874466707,0.38196572274595203,0.38127262388769023,0.17441675041097773,0.37841707892372617,0.03321176449917576,0.4212386464622941,0.03321176449917576,0.37912291110201407,0.03321176449917576,0.375688321787329,0.41119598761939574,0.03321176449917576,0.3971068116875892,0.1737132960397773,0.379775036078122,0.03321176449917576,0.42232023546855224,0.03321176449917576,0.37954759795699633,0.17636794900719457,0.3815870858612974,0.03321176449917576,0.3822535552665781,0.41855919182241236,0.03321176449917576,0.03321176449917576,0.3789582366133403,0.4185162270943441,0.03321176449917576,0.37698922966057735,0.17513617870169518,0.38076599758900176,0.0495185819086941,0.37580320008642987,0.17657560476244769,0.3903904481979775,0.03321176449917576,0.4201227116689321,0.03321176449917576,0.378673448487241,0.4192374738200678,0.03456371830807048,0.38607870498204394,0.03321176449917576,0.42174201249308285,0.03321176449917576,0.3801217936609,0.03402079958026885,0.42635395580391544,0.3795748868718453,0.03321176449917576,0.17768434112109377,0.37814886018542243,0.3856548709007547,0.17942815856104033,0.37601235477986716,0.03321176449917576,0.3820224655378894,0.17769102729530062,0.3953575693782856,0.378595633574944,0.17722754594861267,0.03432259500127191,0.39140000104947015,0.03321176449917576,0.41325329737453115,0.03321176449917576,0.03321176449917576,0.3977145089752983,0.03321176449917576,0.03321176449917576,0.3803484377568596,0.1737863979777098,0.03321176449917576,0.03321176449917576,0.3854725453460775,0.03321176449917576,0.03321176449917576,0.03321176449917576,0.4162803586182274,0.03321176449917576,0.03321176449917576,0.03321176449917576,0.3777003799998537,0.03321176449917576,0.03425871922554489,0.4136087538231469,0.03321176449917576,0.03402079958026885,0.03321176449917576,0.37852352424323826,0.03321176449917576,0.1765083115547106,0.03321176449917576,0.3396347545905424,0.03321176449917576,0.03321176449917576,0.3347704655016172,0.03321176449917576,0.03321176449917576,0.17763495854946668,0.3859232071263562,0.03321176449917576,0.03321176449917576,0.03321176449917576,0.3876360906754347,0.17614344885612132,0.03321176449917576,0.03321176449917576,0.3930125158252937,0.03321176449917576,0.03321176449917576,0.381834692984205,0.03401543395339577
0.4190186181225324,0.4263916231816107,0.7106510797613421,0.49277889467221414,0.9056896982548119,0.4190467063387913,0.4203122437451991,0.5879611473616808,0.5646026474065434,0.4191903323288375,0.45226685328630056,0.5623904980478688,0.5619392989912707,0.45206675968779975,0.5600847442290355,0.4190186181225324,0.5885928080009638,0.4190186181225324,0.5605424949685357,0.4190186181225324,0.5583191656286813,0.5817787469012689,0.4190186181225324,0.5723478010872688,0.4518014097744367,0.5609657995555852,0.4190186181225324,0.5893310612005949,0.4190186181225324,0.5608181240343502,0.4528074974396156,0.5621439588493917,0.4190186181225324,0.562577994677604,0.5867675390170703,0.4190186181225324,0.4190186181225324,0.5604356605030911,0.586738313421002,0.4190186181225324,0.5591600741447084,0.452339070242989,0.561609752611637,0.4206002333199644,0.558393363208031,0.4528867382406257,0.5679074538685381,0.4190186181225324,0.587831992575432,0.4190186181225324,0.5602509565410816,0.5872290997830253,0.41912624301883755,0.5650764319546338,0.4190186181225324,0.5889362829939851,0.4190186181225324,0.561191035333415,0.41908251055092766,0.5920916727593963,0.5608358403553528,0.4190186181225324,0.45331115298910474,0.559910910988223,0.5647989894809526,0.45398317220214013,0.5585284818491083,0.4190186181225324,0.5624274551821903,0.4533137191580232,0.5711878076960893,0.5602005006831782,0.4531360257167062,0.4191067355077725,0.5685725402184476,0.4190186181225324,0.5831685878920382,0.4190186181225324,0.4190186181225324,0.5727513650081955,0.4190186181225324,0.4190186181225324,0.5613383077769071,0.4518289423989602,0.4190186181225324,0.4190186181225324,0.5646796854793794,0.4190186181225324,0.4190186181225324,0.4190186181225324,0.5852192840405351,0.4190186181225324,0.4190186181225324,0.4190186181225324,0.559620389982755,0.4190186181225324,0.4191015905087575,0.5834090413490001,0.4190186181225324,0.41908251055092766,0.4190186181225324,0.5601537490756769,0.4190186181225324,0.45286105077855054,0.4190186181225324,0.5356379084361105,0.4190186181225324,0.4190186181225324,0.5326756134149708,0.4190186181225324,0.4190186181225324,0.4532922023522679,0.5649746252250208,0.4190186181225324,0.4190186181225324,0.4190186181225324,0.5660971960582208,0.45272191702622105,0.4190186181225324,0.4190186181225324,0.5696365909367729,0.4190186181225324,0.4190186181225324,0.5623051676331202,0.41908208177721584
0.38393675497483076,0.3920081844203336,0.692954069812606,0.46372985714016957,0.8964457817217465,0.3839675530843848,0.3853547896240101,0.5646026474065434,0.5399946885253781,0.38412502980891494,0.42014808352755917,0.5376600926180988,0.537183825541178,0.41993148934092434,0.5352258983204555,0.38393675497483076,0.5652670639046208,0.38393675497483076,0.5357092144339543,0.38393675497483076,0.533361399599607,0.5580969041760816,0.38393675497483076,0.548162715877098,0.41964423489587527,0.5361561310770028,0.38393675497483076,0.5660435359098102,0.38393675497483076,0.5360002213849318,0.4207332383923488,0.5373998599717286,0.38393675497483076,0.5378579969645875,0.5633470023543402,0.38393675497483076,0.38393675497483076,0.535596416234138,0.5633162554757672,0.38393675497483076,0.5342494838501579,0.4202262522114842,0.5368359498713828,0.3856703653612883,0.5334397642956852,0.4208189940594668,0.5434810272949879,0.38393675497483076,0.5644667887742509,0.38393675497483076,0.5354013974282369,0.5638325741214992,0.3840547612148033,0.5404945998759768,0.38393675497483076,0.5656283289751971,0.38393675497483076,0.536393919051164,0.38400681105599443,0.5689464518299122,0.5360189257237042,0.38393675497483076,0.42127826366759624,0.5350423477875392,0.540201862035908,0.42200533866878825,0.5335824692555937,0.38393675497483076,0.5376991016330637,0.42128104038307235,0.5469399538460296,0.5353481229087804,0.4210887620778215,0.38403337245567926,0.5441824478248444,0.38393675497483076,0.5595598744588608,0.38393675497483076,0.38393675497483076,0.5485880713904986,0.38393675497483076,0.38393675497483076,0.536549394542586,0.41967404152868776,0.38393675497483076,0.38393675497483076,0.5400759771965706,0.38393675497483076,0.38393675497483076,0.38393675497483076,0.5617180029179965,0.38393675497483076,0.38393675497483076,0.38393675497483076,0.5347355759105523,0.38393675497483076,0.3840277312569315,0.5598129536697605,0.38393675497483076,0.38400681105599443,0.38393675497483076,0.5352987592132706,0.38393675497483076,0.42079119492589107,0.38393675497483076,0.5093623452665957,0.38393675497483076,0.38393675497483076,0.5062210376993077,0.38393675497483076,0.38393675497483076,0.42125775811323574,0.5403871819230655,0.38393675497483076,0.38393675497483076,0.38393675497483076,0.5415715374658201,0.4206406193273155,0.38393675497483076,0.38393675497483076,0.5453044916217311,0.38393675497483076,0.38393675497483076,0.5375700237972664,0.3840063409254447
0.01209154456637033,0.08050684084232745,0.5880271911021189,0.26245639001062454,0.840957880332956,0.013042879392402465,0.035344400551894535,0.4191903323288375,0.38412502980891494,0.017100026224210516,0.17219056687491613,0.3807245315061459,0.3800290712546436,0.17165318469314053,0.37716371145240113,0.01209154456637033,0.42011936825638146,0.01209154456637033,0.37787198263272676,0.01209154456637033,0.37442544370169273,0.41004758648216916,0.01209154456637033,0.3959152730122387,0.1709383374836289,0.3785263534216055,0.01209154456637033,0.42120401826066944,0.01209154456637033,0.3782981328672358,0.17363549830427288,0.3803446056040223,0.01209154456637033,0.3810133423042483,0.41743226844905923,0.01209154456637033,0.01209154456637033,0.3777067398785515,0.41738918040428147,0.01209154456637033,0.3757309018944819,0.17238416783475163,0.3795207137528163,0.03866879594781896,0.37454072502154334,0.17384642413055804,0.38917732939255445,0.01209154456637033,0.41900026022194226,0.01209154456637033,0.3774209678930337,0.41811249418352425,0.015421894531117808,0.3848513624978694,0.01209154456637033,0.42062416063792857,0.01209154456637033,0.37887430222114604,0.014163297180215204,0.4252490298402945,0.3783255157081784,0.01209154456637033,0.17497248835991017,0.3768945636311184,0.384426114164814,0.17674311700845383,0.37475061288195843,0.01209154456637033,0.3807814672638167,0.17497927835948654,0.39416047615417,0.37734288391002857,0.17450858097272623,0.01487362511434865,0.390190170161357,0.01209154456637033,0.4121109678353729,0.01209154456637033,0.01209154456637033,0.39652488933475244,0.01209154456637033,0.01209154456637033,0.37910172380096435,0.17101262773611334,0.01209154456637033,0.01209154456637033,0.38424317932691016,0.01209154456637033,0.01209154456637033,0.01209154456637033,0.41514686248072946,0.01209154456637033,0.01209154456637033,0.01209154456637033,0.3764445271713896,0.01209154456637033,0.014725625168753672,0.4124674676984765,0.01209154456637033,0.014163297180215204,0.01209154456637033,0.3772705251433162,0.01209154456637033,0.17377807207939117,0.01209154456637033,0.3382325898309866,0.01209154456637033,0.01209154456637033,0.33334730405281693,0.01209154456637033,0.01209154456637033,0.1749223387105026,0.3846953461148846,0.01209154456637033,0.01209154456637033,0.01209154456637033,0.38641391995052204,0.1734074539690396,0.01209154456637033,0.01209154456637033,0.3918079038214295,0.01209154456637033,0.01209154456637033,0.38059305594393494,0.01415040386900049
0.17176568293010913,0.18930200454955579,0.6108792068105955,0.31327502701598003,0.8530305104899369,0.1718352427997423,0.17494562874466707,0.45226685328630056,0.42014808352755917,0.17219056687491613,0.24286047988741244,0.4170562933722086,0.41642451559486077,0.24248026152843075,0.4138235223334124,0.17176568293010913,0.4531231884934345,0.17176568293010913,0.4144661465181331,0.17176568293010913,0.4113409307344119,0.44385347631499356,0.17176568293010913,0.430901089208251,0.24197539801678733,0.41506004172748734,0.17176568293010913,0.45412328216677844,0.17176568293010913,0.4148528937380448,0.2438857385170812,0.4167111336406227,0.17176568293010913,0.41731871302458784,0.4506470667724433,0.17176568293010913,0.17176568293010913,0.41431620179016543,0.4506073793431026,0.17176568293010913,0.4125241225871127,0.24299760447335222,0.41596282642822086,0.17564710695756294,0.41144538747455284,0.24403575515251905,0.4247497385746383,0.17176568293010913,0.452091686565564,0.17176568293010913,0.41405691173340403,0.45127368113822963,0.17203208771295975,0.4208090459139201,0.17176568293010913,0.4535885856613176,0.17176568293010913,0.41537590223116044,0.1719238774801567,0.457855971824286,0.41487774712698977,0.17176568293010913,0.2448381548251562,0.4135793728153065,0.4204220460663544,0.24610494850035838,0.41163558123003546,0.17176568293010913,0.4171080238702033,0.2448430008589386,0.42929751259483856,0.4139860692489028,0.24450728105164304,0.17198382588823852,0.4256733665912057,0.17176568293010913,0.4457500028935853,0.17176568293010913,0.17176568293010913,0.4314584226989614,0.17176568293010913,0.17176568293010913,0.41558237628525924,0.24202781680833427,0.17176568293010913,0.17176568293010913,0.420255586012763,0.17176568293010913,0.17176568293010913,0.17176568293010913,0.4485428038369228,0.17176568293010913,0.17176568293010913,0.17176568293010913,0.41317119969028226,0.17176568293010913,0.171971095233909,0.4460778092159672,0.17176568293010913,0.1719238774801567,0.17176568293010913,0.41392042317621186,0.17176568293010913,0.24398713136169428,0.17176568293010913,0.37883577127333246,0.17176568293010913,0.17176568293010913,0.37449703142007507,0.17176568293010913,0.17176568293010913,0.24480236578176953,0.420667054361897,0.17176568293010913,0.17176568293010913,0.17176568293010913,0.4222316418559625,0.24372364754327078,0.17176568293010913,0.17176568293010913,0.42714937550905135,0.17176568293010913,0.17176568293010913,0.4169368425328252,0.17192281625780179
0.3805345004003016,0.38867978668673264,0.6912868366517999,0.4609522869902892,0.8955710649768789,0.3805655859136891,0.38196572274595203,0.5623904980478688,0.5376600926180988,0.3807245315061459,0.4170562933722086,0.5353134488636359,0.5348347141928919,0.4168379905545859,0.5328666075026491,0.3805345004003016,0.5630581128510115,0.3805345004003016,0.5333524417194789,0.3805345004003016,0.5309923618428232,0.5558531516656978,0.3805345004003016,0.5458696607001098,0.4165484675643822,0.5338016837281767,0.3805345004003016,0.5638383158245639,0.3805345004003016,0.5336449631547119,0.41764605621984474,0.5350518683357615,0.3805345004003016,0.5355123775949987,0.5611287940742637,0.3805345004003016,0.3805345004003016,0.5332390561463798,0.5610978985904511,0.3805345004003016,0.5318850952028398,0.41713507830214863,0.5344850340287465,0.38228422081683605,0.5310711372561474,0.41773248620707626,0.541164276758728,0.3805345004003016,0.5622539847748176,0.3805345004003016,0.533043021373177,0.5616167111678659,0.38065360762131695,0.5381625735212633,0.3805345004003016,0.5634211147109801,0.3805345004003016,0.5340407077356756,0.3806052101719835,0.5667551166695325,0.5336637647932139,0.3805345004003016,0.41819536288496234,0.5326820997479514,0.5378683314410226,0.4189281335384858,0.5312145899085238,0.3805345004003016,0.5353526598410385,0.41819816138658983,0.54464073914302,0.5329894692168823,0.41800437383936817,0.3806320193558429,0.5418692667928895,0.3805345004003016,0.5573232745892898,0.3805345004003016,0.3805345004003016,0.5462971541090863,0.3805345004003016,0.3805345004003016,0.5341969909432356,0.4165785097230189,0.3805345004003016,0.3805345004003016,0.5377417993597514,0.3805345004003016,0.3805345004003016,0.3805345004003016,0.5594919054187732,0.3805345004003016,0.3805345004003016,0.3805345004003016,0.532373726920882,0.3805345004003016,0.3806263255345868,0.5575775884007705,0.3805345004003016,0.3806052101719835,0.3805345004003016,0.532939848227744,0.3805345004003016,0.4177044685090188,0.3805345004003016,0.5068628960493629,0.3805345004003016,0.3805345004003016,0.5037037900981078,0.3805345004003016,0.3805345004003016,0.41817469643554284,0.5380546037420653,0.3805345004003016,0.3805345004003016,0.3805345004003016,0.5392450343873608,0.4175527085821946,0.3805345004003016,0.3805345004003016,0.5429970063060808,0.3805345004003016,0.3805345004003016,0.5352229136416888,0.38060473565541936
0.37983867733238924,0.38799921600584275,0.6909469786866211,0.4603851535139369,0.8953926862510938,0.37986982221902343,0.38127262388769023,0.5619392989912707,0.537183825541178,0.3800290712546436,0.41642451559486077,0.5348347141928919,0.5343554740946164,0.4162058607940976,0.5323852822955571,0.37983867733238924,0.5626075683081544,0.37983867733238924,0.5328716323206111,0.37983867733238924,0.5305090399907977,0.5553954845053505,0.37983867733238924,0.545401900329788,0.41591587046866096,0.5333213506494234,0.37983867733238924,0.5633885347851649,0.37983867733238924,0.5331644639785706,0.41701522767481325,0.5345728575847851,0.37983867733238924,0.5350338527425328,0.5606763550600528,0.37983867733238924,0.37983867733238924,0.5327581264307617,0.5606454291635996,0.37983867733238924,0.5314027257298003,0.4165034274720567,0.5340054243177236,0.38159172558484694,0.5305878995415368,0.41710179656702334,0.5406916643399917,0.37983867733238924,0.561802651748336,0.37983867733238924,0.5325618835470703,0.5611647521300681,0.3799580119984076,0.5376868327046777,0.37983867733238924,0.562970925586038,0.37983867733238924,0.5335606278388354,0.3799095221463227,0.566308176877548,0.5331832855475701,0.37983867733238924,0.41756541626092164,0.532200578461289,0.5373922825477895,0.4182993601077941,0.5307315053617354,0.37983867733238924,0.5348739665370975,0.41756821925018245,0.5441717175720255,0.5325082745194681,0.41737412081888803,0.3799363825183028,0.5413973853422207,0.37983867733238924,0.5568670714477334,0.37983867733238924,0.37983867733238924,0.5458298314741316,0.37983867733238924,0.37983867733238924,0.533717076493162,0.41594596114759663,0.37983867733238924,0.37983867733238924,0.5372656179068702,0.37983867733238924,0.37983867733238924,0.37983867733238924,0.5590378518057343,0.37983867733238924,0.37983867733238924,0.37983867733238924,0.5318918776890091,0.37983867733238924,0.3799306778261146,0.5571216379533284,0.37983867733238924,0.3799095221463227,0.37983867733238924,0.5324586008260443,0.37983867733238924,0.41707373384638124,0.37983867733238924,0.506352846796757,0.37983867733238924,0.37983867733238924,0.5031900912346738,0.37983867733238924,0.37983867733238924,0.4175447166694156,0.5375787499087826,0.37983867733238924,0.37983867733238924,0.37983867733238924,0.5387704247417492,0.4169217299556538,0.37983867733238924,0.37983867733238924,0.5425262911966188,0.37983867733238924,0.37983867733238924,0.534744083440478,0.3799090467236789
0.17122696496222117,0.1888134284822431,0.6107388119207051,0.3129812726016463,0.8529561768708359,0.17129674397322173,0.17441675041097773,0.45206675968779975,0.41993148934092434,0.17165318469314053,0.24248026152843075,0.4168379905545859,0.4162058607940976,0.24209944188588509,0.41360340811807644,0.17122696496222117,0.45292350632165623,0.17122696496222117,0.41424639443348027,0.17122696496222117,0.41111940781961026,0.44364926637863533,0.17122696496222117,0.43069026421655415,0.24159377707777785,0.4148406234033012,0.17122696496222117,0.4539240787699174,0.17122696496222117,0.41463335909877164,0.24350713225066048,0.41649263864424696,0.17122696496222117,0.41710055612373503,0.4504461911978489,0.17122696496222117,0.17122696496222117,0.41409636530064176,0.45040648454687254,0.17122696496222117,0.41230327298644204,0.24261760250747572,0.415743913789798,0.17512035113911287,0.41122392414516884,0.24365738364200945,0.4245356455714139,0.17122696496222117,0.4518915086398306,0.17122696496222117,0.41383692915606735,0.4510731086553772,0.1714942080641691,0.4205928140363633,0.17122696496222117,0.45338912651903884,0.17122696496222117,0.4151566610611146,0.1713856576307981,0.45765853922703925,0.41465822644867006,0.17122696496222117,0.24446103411858622,0.4133591207477026,0.42020560217885006,0.24572978604554613,0.4114142263220558,0.17122696496222117,0.4168897498302271,0.2444658876818095,0.42908584380728915,0.4137660467288011,0.2441296455557608,0.17144579456279554,0.4254597697150607,0.17122696496222117,0.4455467328150732,0.17122696496222117,0.17122696496222117,0.431247889653633,0.17122696496222117,0.17122696496222117,0.41536325078585284,0.2416462792203487,0.17122696496222117,0.17122696496222117,0.42003905082449317,0.17122696496222117,0.17122696496222117,0.17122696496222117,0.4483409049909816,0.17122696496222117,0.17122696496222117,0.17122696496222117,0.41295071682651147,0.17122696496222117,0.1714330238845083,0.44587470087134884,0.17122696496222117,0.1713856576307981,0.17122696496222117,0.4137003636320633,0.17122696496222117,0.24360868379283362,0.17122696496222117,0.3785942373059272,0.17122696496222117,0.17122696496222117,0.3742525817158858,0.17122696496222117,0.17122696496222117,0.24442518945944317,0.42045074473830224,0.17122696496222117,0.17122696496222117,0.17122696496222117,0.4220161862871704,0.24334478730408154,0.17122696496222117,0.17122696496222117,0.4269365674479026,0.17122696496222117,0.17122696496222117,0.41671847323991745,0.1713845930699506
0.37697180944467484,0.38519572711478306,0.6895507781619408,0.4580518786066193,0.8946596239754472,0.3770032011241362,0.37841707892372617,0.5600847442290355,0.5352258983204555,0.37716371145240113,0.4138235223334124,0.5328666075026491,0.5323852822955571,0.41360340811807644,0.530406488196049,0.37697180944467484,0.5607557116024413,0.37697180944467484,0.5308949662811732,0.37697180944467484,0.528522008075118,0.5535142641711733,0.37697180944467484,0.5434790600662821,0.4133114800683668,0.5313466497268421,0.37697180944467484,0.5615398253569818,0.37697180944467484,0.5311890778039506,0.41441817008447807,0.5326036119469985,0.37697180944467484,0.5330666116353031,0.5588166887768292,0.37697180944467484,0.37697180944467484,0.5307809640056292,0.558785637507136,0.37697180944467484,0.5294196232261072,0.41390296056258274,0.532033707686001,0.37873868936673033,0.5286012147719982,0.41450531488758424,0.5387488122333588,0.37697180944467484,0.5599475447255227,0.37697180944467484,0.5305838625253221,0.5593070644907248,0.37709208951295925,0.5357310763532123,0.37697180944467484,0.5611205339750936,0.37697180944467484,0.5315869714382983,0.3770432155788854,0.5644711789407107,0.5312079815984605,0.37697180944467484,0.4149720151333685,0.5302209753918262,0.5354352553575158,0.4157108228784642,0.5287454525516777,0.37697180944467484,0.5329060305016141,0.41497483672814217,0.5422436758592013,0.530530018864197,0.41477944937892247,0.3770702887199815,0.5394575482224466,0.37697180944467484,0.5549918871237379,0.37697180944467484,0.37697180944467484,0.5439087964780521,0.37697180944467484,0.37697180944467484,0.5317441026522903,0.41334177192985727,0.37697180944467484,0.37697180944467484,0.535308043894897,0.37697180944467484,0.37697180944467484,0.37697180944467484,0.557171529349334,0.37697180944467484,0.37697180944467484,0.37697180944467484,0.5299109215983602,0.37697180944467484,0.3770645388415941,0.5552474954388518,0.37697180944467484,0.3770432155788854,0.37697180944467484,0.5304801277287592,0.37697180944467484,0.4144770655001127,0.37697180944467484,0.5042554958773177,0.37697180944467484,0.37697180944467484,0.5010776694854808,0.37697180944467484,0.37697180944467484,0.4149511781362515,0.5356225273564251,0.37697180944467484,0.37697180944467484,0.37697180944467484,0.53681933445871,0.41432405011230744,0.37697180944467484,0.37697180944467484,0.5405912646971341,0.37697180944467484,0.37697180944467484,0.5327755826477312,0.37704273639001773
0.0,0.0795936490814312,0.5879105261062217,0.262178370103264,0.8408964152537145,0.004889913313226836,0.03321176449917576,0.4190186181225324,0.38393675497483076,0.01209154456637033,0.17176568293010913,0.3805345004003016,0.37983867733238924,0.17122696496222117,0.37697180944467484,0.0,0.4199480582014324,0.0,0.37768045539918554,0.0,0.37423208022363824,0.40987180607725704,0.0,0.39573286899068705,0.17051032780474432,0.37833517126958566,0.0,0.4210331780038712,0.0,0.37810683049083915,0.1732141650187712,0.3801543764479785,0.0,0.3808234615036176,0.4172597849713894,0.0,0.0,0.3775151253267519,0.4172166779986688,0.0,0.3755382376677221,0.17195976308644625,0.3793300538347768,0.03672969476526431,0.3743474234772038,0.17342560421572678,0.3889916108831076,0.0,0.41882846312937255,0.0,0.3772292021627747,0.4179403090484211,0.009572323771934675,0.38466345902814286,0.0,0.420453069498988,0.0,0.3786833031032677,0.007375197495061111,0.42507992244728066,0.37813422776399275,0.0,0.1745543882031888,0.37670251885938216,0.3842379934305353,0.1763292232688248,0.3745574240055533,0.0,0.3805914658058589,0.17456119449624466,0.39397721907096417,0.3771510768345038,0.17408936460582622,0.008661366799635278,0.3900049566834177,0.0,0.4119361195066817,0.0,0.0,0.3963427800268447,0.0,0.0,0.3789108441448095,0.1705848047745524,0.0,0.0,0.38405496499058667,0.0,0.0,0.0,0.41497337011910806,0.0,0.0,0.0,0.3762522432579532,0.0,0.008404676511128993,0.41229277954386684,0.0,0.007375197495061111,0.0,0.3770786797396454,0.0,0.1733570859396619,0.0,0.3380178072902177,0.0,0.0,0.3331292901254985,0.0,0.0,0.17450411817408001,0.38450736298667854,0.0,0.0,0.0,0.3862268109691872,0.17298556424191147,0.0,0.0,0.3916234919455442,0.0,0.0,0.3804029563436501,0.007350406823864139
0.4199480582014324,0.4273039748002169,0.7111318368713334,0.4935578818771063,0.9059396488002669,0.4199760802879793,0.4212386464622941,0.5885928080009638,0.5652670639046208,0.42011936825638146,0.4531231884934345,0.5630581128510115,0.5626075683081544,0.45292350632165623,0.5607557116024413,0.4199480582014324,0.5892236070225768,0.4199480582014324,0.5612127952190992,0.4199480582014324,0.5589927134188647,0.5824189049965759,0.4199480582014324,0.5730011558178122,0.45265870250393414,0.5616354835716725,0.4199480582014324,0.5899608547224877,0.4199480582014324,0.5614880229573335,0.4536627225771552,0.5628119311928602,0.4199480582014324,0.5632453377140426,0.5874008310858528,0.4199480582014324,0.4199480582014324,0.5611061163843613,0.5873716454896232,0.4199480582014324,0.5598323914901359,0.4531952570377262,0.5622785004405902,0.42152596215235955,0.5590668023236997,0.45374180087248106,0.5685671248284969,0.4199480582014324,0.5884638295363211,0.4199480582014324,0.5609216815884003,0.5878617604769893,0.4200554297537278,0.5657401657446472,0.4199480582014324,0.5895666140004661,0.4199480582014324,0.5618603917261007,0.42001180021581674,0.5927177206591753,0.5615057134921795,0.4199480582014324,0.4541653460818971,0.5605821319077056,0.5654631229592532,0.4548359913640764,0.5592017231142604,0.4199480582014324,0.5630950164077675,0.4541679069975782,0.5718428059528703,0.5608712992808753,0.4539905774373525,0.42003596815370303,0.5692312607871877,0.4199480582014324,0.5838068253961268,0.4199480582014324,0.4199480582014324,0.5734041490215682,0.4199480582014324,0.4199480582014324,0.5620074500506421,0.45268617843969783,0.4199480582014324,0.4199480582014324,0.5653439909135228,0.4199480582014324,0.4199480582014324,0.4199480582014324,0.5858546987289132,0.4199480582014324,0.4199480582014324,0.4199480582014324,0.5602920348939258,0.4199480582014324,0.4200308352641174,0.5840469471894,0.4199480582014324,0.42001180021581674,0.4199480582014324,0.560824615832391,0.4199480582014324,0.4537161660843808,0.4199480582014324,0.5363456961799916,0.4199480582014324,0.4199480582014324,0.5333880325434431,0.4199480582014324,0.4199480582014324,0.4541464342407575,0.5656385056476223,0.4199480582014324,0.4199480582014324,0.4199480582014324,0.5667594616758114,0.45357731772635207,0.4199480582014324,0.4199480582014324,0.5702937941986123,0.4199480582014324,0.4199480582014324,0.562972906160593,0.42001137245137554
