0.0,0.0,0.04831344862070452,0.1861279240798618,0.8408964152537145,0.668329166109014,0.7706471417524133,0.47867452083031814,0.04268031306240889,0.5310652331043293,0.0,0.5357116561671815,0.0,0.47986126113879773,0.47928808309613385,0.2144478763251368,0.0,0.47538836436982773,0.5325129070915541,0.0,0.4761448034881708,0.0,0.5218588004766561,0.46899376454996217,0.0,0.5495649390458366,0.0,0.4776267269174421,0.0,0.5336442680305282,0.0,0.4768884168489698,0.21693907941180407,0.47928516256271,0.010839525345008367,0.4801384486309246,0.5284172776924022,0.0,0.0,0.5284818990390255,0.4766507248218814,0.0,0.4735896403944141,0.21534204615595628,0.4806536495856123,0.0,0.5247608542444662,0.0,0.49130781428224685,0.4806458755758353,0.21348755749121484,0.0,0.47594501011332857,0.5301218446758904,0.009198885427830483,0.48560583848630967,0.0,0.5333785315015754,0.0,0.47779420019490554,0.21829278214458667,0.4877200966563315,0.47704271278546484,0.01667806956426978,0.5280959667547238,0.0,0.48478148678563077,0.2206826811827394,0.4723215976686425,0.48009695804374813,0.21849965338780175,0.0,0.4981370376148812,0.0,0.5285754401155598,0.49258926227055744,0.0,0.0,0.5216740426310903,0.0,0.5010164943931297,0.0,0.009198885427830483,0.0,0.4776182709516653,0.2136191576931162,0.0,0.0,0.48519473699367816,0.0,0.0,0.0,0.5261052675448625,0.0,0.0,0.474779382302189,0.0,0.0,0.18047413822610436,0.4862598746008212,0.0,0.0,0.0,0.4750747990604915,0.0,0.21698997709187573,0.0,0.42515139652375533,0.0,0.010518282636751872,0.4189887619161311,0.0,0.0,0.218428091234468,0.4850511065442266,0.0,0.009229910400608922,0.48760870646339693,0.0,0.21659305950396715,0.0,0.4948293844988433,0.0,0.0,0.0
0.0,0.0,0.04831344862070452,0.1861279240798618,0.8408964152537145,0.668329166109014,0.7706471417524133,0.47867452083031814,0.04268031306240889,0.5310652331043293,0.0,0.5357116561671815,0.0,0.47986126113879773,0.47928808309613385,0.2144478763251368,0.0,0.47538836436982773,0.5325129070915541,0.0,0.4761448034881708,0.0,0.5218588004766561,0.46899376454996217,0.0,0.5495649390458366,0.0,0.4776267269174421,0.0,0.5336442680305282,0.0,0.4768884168489698,0.21693907941180407,0.47928516256271,0.010839525345008367,0.4801384486309246,0.5284172776924022,0.0,0.0,0.5284818990390255,0.4766507248218814,0.0,0.4735896403944141,0.21534204615595628,0.4806536495856123,0.0,0.5247608542444662,0.0,0.49130781428224685,0.4806458755758353,0.21348755749121484,0.0,0.47594501011332857,0.5301218446758904,0.009198885427830483,0.48560583848630967,0.0,0.5333785315015754,0.0,0.47779420019490554,0.21829278214458667,0.4877200966563315,0.47704271278546484,0.01667806956426978,0.5280959667547238,0.0,0.48478148678563077,0.2206826811827394,0.4723215976686425,0.48009695804374813,0.21849965338780175,0.0,0.4981370376148812,0.0,0.5285754401155598,0.49258926227055744,0.0,0.0,0.5216740426310903,0.0,0.5010164943931297,0.0,0.009198885427830483,0.0,0.4776182709516653,0.2136191576931162,0.0,0.0,0.48519473699367816,0.0,0.0,0.0,0.5261052675448625,0.0,0.0,0.474779382302189,0.0,0.0,0.18047413822610436,0.4862598746008212,0.0,0.0,0.0,0.4750747990604915,0.0,0.21698997709187573,0.0,0.42515139652375533,0.0,0.010518282636751872,0.4189887619161311,0.0,0.0,0.218428091234468,0.4850511065442266,0.0,0.009229910400608922,0.48760870646339693,0.0,0.21659305950396715,0.0,0.4948293844988433,0.0,0.0,0.0
0.04831344862070452,0.04831344862070452,0.06832544121735434,0.19229222012238537,0.8418761048780513,0.6698888422255581,0.7718635568244934,0.48104133214175876,0.06446541402605127,0.5331687796337546,0.04831344862070452,0.5377938240389223,0.04831344862070452,0.4822215948352668,0.48165154203719074,0.2198169377411993,0.04831344862070452,0.47777325381207186,0.534609762493399,0.04831344862070452,0.4785255129854485,0.04831344862070452,0.5240055605239408,0.47141444289151524,0.04831344862070452,0.5515849749947064,0.04831344862070452,0.47999927980484347,0.04831344862070452,0.5357359134416179,0.04831344862070452,0.4792650281310025,0.22224769711154727,0.48164863744392433,0.049514485668505026,0.4824972732028785,0.5305331350561071,0.04831344862070452,0.04831344862070452,0.5305974548470105,0.47902864490950875,0.04831344862070452,0.47598451434265576,0.2206892584237357,0.48300967304865544,0.04831344862070452,0.5268938668817401,0.04831344862070452,0.4936070073982825,0.48300194126835333,0.218880279475624,0.04831344862070452,0.4783268225475737,0.532229766453447,0.0491813843998453,0.48793518986662565,0.04831344862070452,0.5354713991456908,0.04831344862070452,0.4801658339663924,0.22356910928365217,0.4900381977370594,0.47941847505217483,0.051111118888872036,0.5302133243540165,0.04831344862070452,0.4871152466560571,0.2259029275894847,0.4747235488673166,0.48245600841519926,0.2237710796826602,0.04831344862070452,0.500400856900249,0.04831344862070452,0.5306905595135714,0.4948817567711338,0.04831344862070452,0.04831344862070452,0.5238216819031675,0.04831344862070452,0.5032656339691067,0.04831344862070452,0.0491813843998453,0.04831344862070452,0.4799908702608687,0.21900862524250234,0.04831344862070452,0.04831344862070452,0.4875262853225666,0.04831344862070452,0.04831344862070452,0.04831344862070452,0.5282319511759406,0.04831344862070452,0.04831344862070452,0.47716764500229936,0.04831344862070452,0.04831344862070452,0.18682552474922431,0.488585737114794,0.04831344862070452,0.04831344862070452,0.04831344862070452,0.4774614244872551,0.04831344862070452,0.22229737372276862,0.04831344862070452,0.4278422127571655,0.04831344862070452,0.04944515417560138,0.4217215245564626,0.04831344862070452,0.04831344862070452,0.2237012118530444,0.4873834231689425,0.04831344862070452,0.04918719674001971,0.48992739825745224,0.04831344862070452,0.22190999301597267,0.04831344862070452,0.49711023724697706,0.04831344862070452,0.04831344862070452,0.04831344862070452
0.1861279240798618,0.1861279240798618,0.19229222012238537,0.2631456198093921,0.8550900851543496,0.6909352008697796,0.7882973556740982,0.5125560486775977,0.19095565534999517,0.5613361310328283,0.1861279240798618,0.5656863193895818,0.1861279240798618,0.5136547990406757,0.5131240788333995,0.2838436851686642,0.1861279240798618,0.5095152280295199,0.5626911366418689,0.1861279240798618,0.5102149721007977,0.1861279240798618,0.5527271287567929,0.5036053022930503,0.1861279240798618,0.5786761726723645,0.1861279240798618,0.5115862099499819,0.1861279240798618,0.5637503120266177,0.1861279240798618,0.5109029811918399,0.28572632184568586,0.5131213748279767,0.18644309765672645,0.5139114807593456,0.5588585599699597,0.1861279240798618,0.1861279240798618,0.5589190094921771,0.5106830488499015,0.1861279240798618,0.5078518555865896,0.2845183590226218,0.5143886143448806,0.1861279240798618,0.5554393219588071,0.1861279240798618,0.5242686909810501,0.5143814142988691,0.2831204378400164,0.1861279240798618,0.510030140285834,0.5604533138063709,0.18635496423885967,0.5189779181136905,0.1861279240798618,0.5635015121647212,0.1861279240798618,0.5117412064174417,0.2867531764311918,0.5209388900447011,0.5110457555549688,0.186873202510971,0.5585580024819616,0.1861279240798618,0.5182135967373497,0.28857253592099064,0.5066796897410213,0.5138730584552939,0.2869103348909733,0.1861279240798618,0.5306144075827769,0.1861279240798618,0.5590065129674818,0.5254586773714472,0.1861279240798618,0.1861279240798618,0.5525545072411646,0.1861279240798618,0.5332928401703303,0.1861279240798618,0.18635496423885967,0.1861279240798618,0.5115783841272116,0.2832194679349688,0.1861279240798618,0.1861279240798618,0.5185967349431724,0.1861279240798618,0.1861279240798618,0.1861279240798618,0.5566962652114211,0.1861279240798618,0.1861279240798618,0.5089519860802714,0.1861279240798618,0.1861279240798618,0.259184464027421,0.5195844321413696,0.1861279240798618,0.1861279240798618,0.1861279240798618,0.50922520351353,0.1861279240798618,0.2857648817864603,0.1861279240798618,0.46337692777956296,0.1861279240798618,0.1864247080441951,0.4577682834759558,0.1861279240798618,0.1861279240798618,0.2868559626416997,0.5184635660633763,0.1861279240798618,0.18635649735094043,0.5208355516217353,0.1861279240798618,0.2854642792923672,0.1861279240798618,0.5275397359008503,0.1861279240798618,0.1861279240798618,0.1861279240798618
0.8408964152537145,0.8408964152537145,0.8418761048780513,0.8550900851543496,1.0,0.9739038930904732,0.9944068857123622,0.9221246061422157,0.8416612621281826,0.9369245765801967,0.8408964152537145,0.9382389928286918,0.8408964152537145,0.9224577558925114,0.9222968286936611,0.8595795543727263,0.8408964152537145,0.9212029893911444,0.9373342010533922,0.8408964152537145,0.9214150161857698,0.8408964152537145,0.9343182818060983,0.9194136744135903,0.8408964152537145,0.9421503021432134,0.8408964152537145,0.9218306025610802,0.8408964152537145,0.9376542668389376,0.8408964152537145,0.9216235187303458,0.8600008867924472,0.9222960088148622,0.8409458115930234,0.9225355936650729,0.9361751470545403,0.8408964152537145,0.8408964152537145,0.9361934387497955,0.9215568644503668,0.8408964152537145,0.9206991128796586,0.8597303021914988,0.922680292244549,0.8408964152537145,0.9351400075054778,0.8408964152537145,0.9256788511095779,0.9226781086210285,0.8594182563972259,0.8408964152537145,0.9213590078163032,0.9366576017812297,0.840931991109914,0.9240726498407174,0.8408964152537145,0.937579093847015,0.8408964152537145,0.9218775854130783,0.8602315868520596,0.9246678659102534,0.9216667906161592,0.8410133418933865,0.9360841952795007,0.8408964152537145,0.9238406947790687,0.860641872973109,0.920344155414268,0.9225239420127479,0.8602669504407795,0.8408964152537145,0.9276061567596809,0.8408964152537145,0.9362199162569437,0.926040221482968,0.8408964152537145,0.8408964152537145,0.9342659645471216,0.8408964152537145,0.9284197408633149,0.8408964152537145,0.840931991109914,0.8408964152537145,0.9218282304207717,0.8594403234499685,0.8408964152537145,0.8408964152537145,0.9239569659688135,0.8408964152537145,0.8408964152537145,0.8408964152537145,0.9355206443942168,0.8408964152537145,0.8408964152537145,0.9210323477533623,0.8408964152537145,0.8408964152537145,0.854261507962849,0.9242567304207896,0.8408964152537145,0.8408964152537145,0.8408964152537145,0.9211151198771884,0.8408964152537145,0.8600095385868,0.8408964152537145,0.9073432475981638,0.8408964152537145,0.8409429273745508,0.9056816730652408,0.8408964152537145,0.8408964152537145,0.8602547140098818,0.9239165524343791,0.8408964152537145,0.8409322314719643,0.9246364960204404,0.8408964152537145,0.8599421150963092,0.8408964152537145,0.9266722546903324,0.8408964152537145,0.8408964152537145,0.8408964152537145
0.668329166109014,0.668329166109014,0.6698888422255581,0.6909352008697796,0.9739038930904732,0.8940145305335352,0.9437797335935314,0.799864507577963,0.6695468095907301,0.8251453153282606,0.668329166109014,0.8274312693444392,0.668329166109014,0.8004255547323791,0.8001545018230389,0.6980950894853678,0.668329166109014,0.7983141116422442,0.8258568931124228,0.668329166109014,0.7986705797802821,0.668329166109014,0.8206344841559385,0.7953108499405631,0.668329166109014,0.8342807997407167,0.668329166109014,0.799369653024073,0.668329166109014,0.8264134059848568,0.668329166109014,0.799021247767837,0.6987674207555971,0.8001531210783647,0.6684078055039215,0.8005566856471404,0.8238453226384121,0.668329166109014,0.668329166109014,0.8238770236241335,0.7989091323958404,0.668329166109014,0.7974674838335366,0.6983356334919056,0.8008005021899987,0.668329166109014,0.8220536330619036,0.668329166109014,0.8058672935866259,0.8007968223351498,0.6978377209837491,0.668329166109014,0.798576403788282,0.8246819329280171,0.6683858031771129,0.8031498054892651,0.668329166109014,0.8262826587150048,0.668329166109014,0.7994487158303258,0.6991355857230023,0.8041558985251626,0.7990940397596511,0.6685153143129483,0.8236877169248499,0.668329166109014,0.8027580260441435,0.6997903997985295,0.7968715011731454,0.8005370553342527,0.699192023006207,0.668329166109014,0.8091389296188085,0.668329166109014,0.8239229137990743,0.8064798065609705,0.668329166109014,0.668329166109014,0.8205442231357499,0.668329166109014,0.810523704924651,0.668329166109014,0.6683858031771129,0.668329166109014,0.7993656613519149,0.6978729307592829,0.668329166109014,0.668329166109014,0.80295439128766,0.668329166109014,0.668329166109014,0.668329166109014,0.8227119450795662,0.668329166109014,0.668329166109014,0.7980273145179859,0.668329166109014,0.668329166109014,0.6896144891861897,0.8034608403205501,0.668329166109014,0.668329166109014,0.668329166109014,0.7981664192059907,0.668329166109014,0.6987812274105806,0.668329166109014,0.7752594911800851,0.668329166109014,0.6684032138035826,0.7725241827540651,0.668329166109014,0.668329166109014,0.6991724946431046,0.8028861340048862,0.668329166109014,0.6683861858355474,0.8041028467513988,0.668329166109014,0.698673632870411,0.668329166109014,0.8075520977519843,0.668329166109014,0.668329166109014,0.668329166109014
0.7706471417524133,0.7706471417524133,0.7718635568244934,0.7882973556740982,0.9944068857123622,0.9437797335935314,0.9775628281770175,0.8731786233154354,0.7715967801195348,0.8925766137255428,0.7706471417524133,0.8943194300213801,0.7706471417524133,0.8736112740988609,0.8734022627458554,0.7938940861073607,0.7706471417524133,0.871982594251109,0.8931193468082549,0.7706471417524133,0.8722576432072917,0.7706471417524133,0.8891315476501722,0.869663971360935,0.7706471417524133,0.8995284675511761,0.7706471417524133,0.8727969457297903,0.7706471417524133,0.8935436682875423,0.7706471417524133,0.872528183674621,0.7944197325419528,0.8734011979896332,0.7707084680953072,0.8737123830991681,0.8915845705448903,0.7706471417524133,0.7706471417524133,0.8916087698769826,0.8724416902120827,0.7706471417524133,0.8713292056957868,0.7940821481273662,0.8739003662056357,0.7706471417524133,0.8902162338017994,0.7706471417524133,0.8778030640264903,0.8738975291510941,0.7936928724732393,0.7706471417524133,0.8721849807949033,0.8922230759322785,0.7706913096837811,0.8757108338518955,0.7706471417524133,0.8934439892642433,0.7706471417524133,0.8728579307290173,0.7947075797269209,0.8764856895196068,0.8725843385858936,0.7707923090263888,0.8914642545242456,0.7706471417524133,0.8754090211371258,0.7952195516209668,0.8708691407430552,0.8736972473711868,0.7947517051867434,0.7706471417524133,0.8803190073000395,0.7706471417524133,0.891643800007437,0.8782743447054353,0.7706471417524133,0.7706471417524133,0.8890625337866574,0.7706471417524133,0.8813829214903838,0.7706471417524133,0.7706913096837811,0.7706471417524133,0.8727938667135458,0.7937203997479609,0.7706471417524133,0.7706471417524133,0.8755602992968746,0.7706471417524133,0.7706471417524133,0.7706471417524133,0.8907191380985614,0.7706471417524133,0.7706471417524133,0.8717612785707946,0.7706471417524133,0.7706471417524133,0.7872652347380813,0.8759504125474262,0.7706471417524133,0.7706471417524133,0.7706471417524133,0.8718686256358447,0.7706471417524133,0.7944305271019934,0.7706471417524133,0.8541301779977576,0.7706471417524133,0.7707048872753365,0.852004925772881,0.7706471417524133,0.7706471417524133,0.7947364369355026,0.8755077156973724,0.7706471417524133,0.7706916080977589,0.8764448383170612,0.7706471417524133,0.7943464058184175,0.7706471417524133,0.8790991158971971,0.7706471417524133,0.7706471417524133,0.7706471417524133
0.47867452083031814,0.47867452083031814,0.48104133214175876,0.5125560486775977,0.9221246061422157,0.799864507577963,0.8731786233154354,0.6678825348722441,0.4805226984894038,0.7031038725235429,0.47867452083031814,0.7062880647990651,0.47867452083031814,0.6686649659859669,0.6682869658412508,0.5231169153004849,0.47867452083031814,0.6657200362569635,0.7040950157472019,0.47867452083031814,0.6662172837397029,0.47867452083031814,0.6968213839468759,0.6615295764699654,0.47867452083031814,0.7158322728685004,0.47867452083031814,0.6671923634273423,0.47867452083031814,0.7048701962130326,0.47867452083031814,0.6667064142952022,0.5241048752423434,0.6682850402702002,0.4787939690247346,0.6688478310937035,0.7012932148935291,0.47867452083031814,0.47867452083031814,0.7013373676557618,0.6665500325411634,0.47867452083031814,0.664538941234536,0.5234704551794493,0.6691878301669804,0.47867452083031814,0.6987978376727422,0.47867452083031814,0.6762510707247436,0.6691826987402623,0.5227385590579996,0.47867452083031814,0.6660859176076298,0.7024584529267165,0.4787605501158527,0.6724633474566417,0.47867452083031814,0.7046880730995975,0.47867452083031814,0.6673026352906465,0.5246456138662066,0.6738658050626094,0.6668079452686793,0.47895724852634725,0.7010737041985626,0.47867452083031814,0.6719171760052289,0.5256069088224438,0.6637074154019907,0.6688204563769535,0.5247284891875456,0.47867452083031814,0.6808098398474739,0.47867452083031814,0.7014012830398703,0.6771046622777437,0.47867452083031814,0.47867452083031814,0.6966956783109346,0.47867452083031814,0.6827390537656375,0.47867452083031814,0.4787605501158527,0.47867452083031814,0.6671867960586195,0.522790326200184,0.47867452083031814,0.47867452083031814,0.6721909278713836,0.47867452083031814,0.47867452083031814,0.47867452083031814,0.6997146885491399,0.47867452083031814,0.47867452083031814,0.6653199550952829,0.47867452083031814,0.47867452083031814,0.5105997697876565,0.6728969363492204,0.47867452083031814,0.47867452083031814,0.47867452083031814,0.6655140079500882,0.47867452083031814,0.5241251569778116,0.47867452083031814,0.6334825225073509,0.47867452083031814,0.4787869948576824,0.6296444871378645,0.47867452083031814,0.47867452083031814,0.524699813256997,0.6720957714523433,0.47867452083031814,0.47876113133640713,0.6737918568300866,0.47867452083031814,0.5239670955548302,0.47867452083031814,0.678598877239994,0.47867452083031814,0.47867452083031814,0.47867452083031814
0.04268031306240889,0.04268031306240889,0.06446541402605127,0.19095565534999517,0.8416612621281826,0.6695468095907301,0.7715967801195348,0.4805226984894038,0.060359027507680275,0.5327076831667081,0.04268031306240889,0.537337402939998,0.04268031306240889,0.4817043760263995,0.4811336406054534,0.21864925615247596,0.04268031306240889,0.4772506717637743,0.5341501292841411,0.04268031306240889,0.4780038438365583,0.04268031306240889,0.5235350148873779,0.47088404532457917,0.04268031306240889,0.5511421441609646,0.04268031306240889,0.4794793921124003,0.04268031306240889,0.5352774196153219,0.04268031306240889,0.4787442540499652,0.22109291433830625,0.48113073253052907,0.044035261157121586,0.48198038402406607,0.5300693464901444,0.04268031306240889,0.04268031306240889,0.5301337322226789,0.4785075849777375,0.04268031306240889,0.47545975175569266,0.21952623851750844,0.482493395707611,0.04268031306240889,0.5264263270909237,0.04268031306240889,0.4931031451262607,0.4824856547031901,0.21770755097074487,0.04268031306240889,0.47780491251557866,0.5317677132027433,0.043660376417804736,0.48742473884453136,0.04268031306240889,0.535012638024576,0.04268031306240889,0.47964614701928626,0.22242122081877905,0.4895302044843479,0.4788978864019902,0.04582321022847871,0.5297492077306358,0.04268031306240889,0.48660383258013173,0.2247670184713939,0.47419724072888786,0.48193906991604735,0.22262423779744908,0.04268031306240889,0.49990472403874747,0.04268031306240889,0.5302269323198026,0.49437935809069844,0.04268031306240889,0.04268031306240889,0.5233509440319729,0.04268031306240889,0.5027727090959938,0.04268031306240889,0.043660376417804736,0.04268031306240889,0.47947097242940157,0.2178365908476175,0.04268031306240889,0.04268031306240889,0.4870153543649487,0.04268031306240889,0.04268031306240889,0.04268031306240889,0.5277657952720817,0.04268031306240889,0.04268031306240889,0.47664432624864017,0.04268031306240889,0.04268031306240889,0.18544946253779254,0.4880760482652072,0.04268031306240889,0.04268031306240889,0.04268031306240889,0.47693846330569506,0.04268031306240889,0.22114285161471117,0.04268031306240889,0.42725286934351103,0.04268031306240889,0.04395728833694814,0.4211230358325055,0.04268031306240889,0.04268031306240889,0.2225540081373055,0.4868723243740654,0.04268031306240889,0.04366692365234799,0.4894192759526876,0.04268031306240889,0.22075343513251044,0.04268031306240889,0.4966103823028033,0.04268031306240889,0.04268031306240889,0.04268031306240889
0.5310652331043293,0.5310652331043293,0.5331687796337546,0.5613361310328283,0.9369245765801967,0.8251453153282606,0.8925766137255428,0.7031038725235429,0.5327076831667081,0.7356376887075372,0.5310652331043293,0.7385820326247668,0.5310652331043293,0.7038257561819196,0.70347700148146,0.5708352909068092,0.5310652331043293,0.7011089530663642,0.736554131237237,0.5310652331043293,0.7015676360786184,0.5310652331043293,0.7298296743778785,0.6972442460448054,0.5310652331043293,0.747409511172805,0.5310652331043293,0.7024671467071929,0.5310652331043293,0.7372709152026563,0.5310652331043293,0.7020188499014308,0.5717253356653448,0.7034752249165397,0.5311713523073907,0.703994476981206,0.7339636017205055,0.5310652331043293,0.5310652331043293,0.7340044225748974,0.7018745886888571,0.5310652331043293,0.7000195344628531,0.5711537649787889,0.7043081841874967,0.5310652331043293,0.7316566712884508,0.5310652331043293,0.7108270764503817,0.7043034495074761,0.5704944953302968,0.5310652331043293,0.7014464563436459,0.7350409348209501,0.5311416620916366,0.7073308334918362,0.5310652331043293,0.7371025097900863,0.5310652331043293,0.7025688769391545,0.5722125818381766,0.7086252526315995,0.70211251258726,0.5313164191156807,0.7337606572375117,0.5310652331043293,0.7068267733401808,0.5730789534677388,0.6992526159811555,0.7039692194971215,0.5722872649246937,0.5310652331043293,0.7150362833615946,0.5310652331043293,0.7340635148481364,0.7116151135200054,0.5310652331043293,0.5310652331043293,0.7297134805537633,0.5310652331043293,0.7168179591064714,0.5310652331043293,0.5311416620916366,0.5310652331043293,0.7024620106095286,0.57054112133314,0.5310652331043293,0.5310652331043293,0.7070794155882715,0.5310652331043293,0.5310652331043293,0.5310652331043293,0.732504251279753,0.5310652331043293,0.5310652331043293,0.7007399141922835,0.5310652331043293,0.5310652331043293,0.5595796269099553,0.7077310063085818,0.5310652331043293,0.5310652331043293,0.5310652331043293,0.7009189089676461,0.5310652331043293,0.5717436097689786,0.5310652331043293,0.6714170786215798,0.5310652331043293,0.531165156249151,0.6678888920070963,0.5310652331043293,0.5310652331043293,0.5722614234272356,0.7069915962982602,0.5310652331043293,0.5311421784598451,0.7085569976290875,0.5310652331043293,0.5716011970155277,0.5310652331043293,0.712994689338245,0.5310652331043293,0.5310652331043293,0.5310652331043293
0.0,0.0,0.04831344862070452,0.1861279240798618,0.8408964152537145,0.668329166109014,0.7706471417524133,0.47867452083031814,0.04268031306240889,0.5310652331043293,0.0,0.5357116561671815,0.0,0.47986126113879773,0.47928808309613385,0.2144478763251368,0.0,0.47538836436982773,0.5325129070915541,0.0,0.4761448034881708,0.0,0.5218588004766561,0.46899376454996217,0.0,0.5495649390458366,0.0,0.4776267269174421,0.0,0.5336442680305282,0.0,0.4768884168489698,0.21693907941180407,0.47928516256271,0.010839525345008367,0.4801384486309246,0.5284172776924022,0.0,0.0,0.5284818990390255,0.4766507248218814,0.0,0.4735896403944141,0.21534204615595628,0.4806536495856123,0.0,0.5247608542444662,0.0,0.49130781428224685,0.4806458755758353,0.21348755749121484,0.0,0.47594501011332857,0.5301218446758904,0.009198885427830483,0.48560583848630967,0.0,0.5333785315015754,0.0,0.47779420019490554,0.21829278214458667,0.4877200966563315,0.47704271278546484,0.01667806956426978,0.5280959667547238,0.0,0.48478148678563077,0.2206826811827394,0.4723215976686425,0.48009695804374813,0.21849965338780175,0.0,0.4981370376148812,0.0,0.5285754401155598,0.49258926227055744,0.0,0.0,0.5216740426310903,0.0,0.5010164943931297,0.0,0.009198885427830483,0.0,0.4776182709516653,0.2136191576931162,0.0,0.0,0.48519473699367816,0.0,0.0,0.0,0.5261052675448625,0.0,0.0,0.474779382302189,0.0,0.0,0.18047413822610436,0.4862598746008212,0.0,0.0,0.0,0.4750747990604915,0.0,0.21698997709187573,0.0,0.42515139652375533,0.0,0.010518282636751872,0.4189887619161311,0.0,0.0,0.218428091234468,0.4850511065442266,0.0,0.009229910400608922,0.48760870646339693,0.0,0.21659305950396715,0.0,0.4948293844988433,0.0,0.0,0.0
0.5357116561671815,0.5357116561671815,0.5377938240389223,0.5656863193895818,0.9382389928286918,0.8274312693444392,0.8943194300213801,0.7062880647990651,0.537337402939998,0.7385820326247668,0.5357116561671815,0.7415048522986624,0.5357116561671815,0.7070045727850431,0.7066584147907423,0.5750971507196097,0.5357116561671815,0.7043080168369061,0.739491773452783,0.5357116561671815,0.7047632784217988,0.5357116561671815,0.7328165422960393,0.7004721888271138,0.5357116561671815,0.7502679000150864,0.5357116561671815,0.7056560830206429,0.5357116561671815,0.7402033171591812,0.5357116561671815,0.7052111277571816,0.5759790220982512,0.7066566514553008,0.535816693824571,0.7071720375987683,0.7369201932020804,0.5357116561671815,0.5357116561671815,0.7369607153263394,0.7050679421004395,0.5357116561671815,0.7032267295611712,0.5754126982334428,0.7074834099492956,0.5357116561671815,0.7346301524358297,0.5357116561671815,0.713953905513788,0.7074787105043178,0.574759489265954,0.5357116561671815,0.7046430024732617,0.737989643750736,0.5357873061728501,0.7104835905470268,0.5357116561671815,0.7400361428162094,0.5357116561671815,0.7057570551343155,0.576461801099197,0.71176840289089,0.7053040921962533,0.5359602826659072,0.736718733947856,0.5357116561671815,0.709983273808016,0.5773202422828296,0.7024655396475685,0.707146968125198,0.576535799928666,0.5357116561671815,0.7181319782281851,0.5357116561671815,0.7370193751655949,0.7147361071723987,0.5357116561671815,0.5357116561671815,0.732701200187629,0.5357116561671815,0.7199005004399596,0.5357116561671815,0.5357873061728501,0.5357116561671815,0.7056509852000324,0.5748056863237562,0.5357116561671815,0.5357116561671815,0.7102340396317314,0.5357116561671815,0.5357116561671815,0.5357116561671815,0.735471525347226,0.5357116561671815,0.5357116561671815,0.7039417316313005,0.5357116561671815,0.5357116561671815,0.5639463744264107,0.7108807924468389,0.5357116561671815,0.5357116561671815,0.5357116561671815,0.7041193906933106,0.5357116561671815,0.5759971285686315,0.5357116561671815,0.6748407612642593,0.5357116561671815,0.5358105609063946,0.6713397444884782,0.5357116561671815,0.5357116561671815,0.5765101951810825,0.7101468725538854,0.5357116561671815,0.5357878172786887,0.7117006542351828,0.5357116561671815,0.5758560223967841,0.5357116561671815,0.7161054746017864,0.5357116561671815,0.5357116561671815,0.5357116561671815
0.0,0.0,0.04831344862070452,0.1861279240798618,0.8408964152537145,0.668329166109014,0.7706471417524133,0.47867452083031814,0.04268031306240889,0.5310652331043293,0.0,0.5357116561671815,0.0,0.47986126113879773,0.47928808309613385,0.2144478763251368,0.0,0.47538836436982773,0.5325129070915541,0.0,0.4761448034881708,0.0,0.5218588004766561,0.46899376454996217,0.0,0.5495649390458366,0.0,0.4776267269174421,0.0,0.5336442680305282,0.0,0.4768884168489698,0.21693907941180407,0.47928516256271,0.010839525345008367,0.4801384486309246,0.5284172776924022,0.0,0.0,0.5284818990390255,0.4766507248218814,0.0,0.4735896403944141,0.21534204615595628,0.4806536495856123,0.0,0.5247608542444662,0.0,0.49130781428224685,0.4806458755758353,0.21348755749121484,0.0,0.47594501011332857,0.5301218446758904,0.009198885427830483,0.48560583848630967,0.0,0.5333785315015754,0.0,0.47779420019490554,0.21829278214458667,0.4877200966563315,0.47704271278546484,0.01667806956426978,0.5280959667547238,0.0,0.48478148678563077,0.2206826811827394,0.4723215976686425,0.48009695804374813,0.21849965338780175,0.0,0.4981370376148812,0.0,0.5285754401155598,0.49258926227055744,0.0,0.0,0.5216740426310903,0.0,0.5010164943931297,0.0,0.009198885427830483,0.0,0.4776182709516653,0.2136191576931162,0.0,0.0,0.48519473699367816,0.0,0.0,0.0,0.5261052675448625,0.0,0.0,0.474779382302189,0.0,0.0,0.18047413822610436,0.4862598746008212,0.0,0.0,0.0,0.4750747990604915,0.0,0.21698997709187573,0.0,0.42515139652375533,0.0,0.010518282636751872,0.4189887619161311,0.0,0.0,0.218428091234468,0.4850511065442266,0.0,0.009229910400608922,0.48760870646339693,0.0,0.21659305950396715,0.0,0.4948293844988433,0.0,0.0,0.0
0.47986126113879773,0.47986126113879773,0.4822215948352668,0.5136547990406757,0.9224577558925114,0.8004255547323791,0.8736112740988609,0.6686649659859669,0.4817043760263995,0.7038257561819196,0.47986126113879773,0.7070045727850431,0.47986126113879773,0.6694460264318387,0.6690686883035185,0.5241901280607015,0.47986126113879773,0.6665062626599915,0.7048152246840735,0.47986126113879773,0.6670026365296543,0.47986126113879773,0.6975539149240586,0.6623231874142456,0.47986126113879773,0.7165327427086147,0.47986126113879773,0.6679760047005305,0.47986126113879773,0.7055890962502098,0.47986126113879773,0.6674909082709246,0.5251757401892696,0.669066766105643,0.47998038113293645,0.6696285713873681,0.7020181614471295,0.47986126113879773,0.47986126113879773,0.7020622394669762,0.6673348010337118,0.47986126113879773,0.6653272449299643,0.524542826988904,0.6699679753976696,0.47986126113879773,0.6995270129193751,0.47986126113879773,0.6770189089550821,0.6699628529500663,0.5238126727765472,0.47986126113879773,0.6668715011407256,0.7031814278557659,0.47994705403321475,0.6732377725500334,0.47986126113879773,0.7054072805820987,0.47986126113879773,0.6680860831407324,0.5257151966899127,0.6746377878702225,0.6675922610432036,0.4801432122243584,0.7017990223832509,0.47986126113879773,0.6726925533221783,0.5266742173984617,0.664497183471765,0.669601244592456,0.5257978756897185,0.47986126113879773,0.6815697880623488,0.47986126113879773,0.7021260466590872,0.6778710200935765,0.47986126113879773,0.47986126113879773,0.6974284229143853,0.47986126113879773,0.6834956749129284,0.47986126113879773,0.47994705403321475,0.47986126113879773,0.6679704470979996,0.5238643165887638,0.47986126113879773,0.47986126113879773,0.6729658278374041,0.47986126113879773,0.47986126113879773,0.47986126113879773,0.7004423090569715,0.47986126113879773,0.47986126113879773,0.6661068848026153,0.47986126113879773,0.47986126113879773,0.5117033419677134,0.6736706059430908,0.47986126113879773,0.47986126113879773,0.47986126113879773,0.6663005964861729,0.47986126113879773,0.525195973798576,0.47986126113879773,0.6343267106770711,0.47986126113879773,0.47997342612457955,0.6304957713725651,0.47986126113879773,0.47986126113879773,0.5257692676835257,0.6728708373282714,0.47986126113879773,0.47994763365693527,0.6745639683125435,0.47986126113879773,0.5250382875130674,0.47986126113879773,0.6793626470267026,0.47986126113879773,0.47986126113879773,0.47986126113879773
0.47928808309613385,0.47928808309613385,0.48165154203719074,0.5131240788333995,0.9222968286936611,0.8001545018230389,0.8734022627458554,0.6682869658412508,0.4811336406054534,0.70347700148146,0.47928808309613385,0.7066584147907423,0.47928808309613385,0.6690686883035185,0.6686910304288568,0.5236717326707327,0.47928808309613385,0.6661264294451866,0.7044672789511892,0.47928808309613385,0.6666232252561011,0.47928808309613385,0.6972000171380992,0.6619397876141168,0.47928808309613385,0.7161943320561808,0.47928808309613385,0.6675974200646423,0.47928808309613385,0.7052417827778859,0.47928808309613385,0.6671119117917648,0.52465847793483,0.6686891066017774,0.47940736143496304,0.6692513878890569,0.7016679272338493,0.47928808309613385,0.47928808309613385,0.7017120413574476,0.6669556719669609,0.47928808309613385,0.6649464084189952,0.5240248374698281,0.6695910793085297,0.47928808309613385,0.6991747360757828,0.47928808309613385,0.676647957096844,0.6695859525241055,0.5232938425551448,0.47928808309613385,0.6664919784218206,0.7028321460227024,0.4793739900406455,0.672863639245185,0.47928808309613385,0.7050598185989798,0.47928808309613385,0.6677075919255704,0.5251985532355804,0.6742648341813579,0.6672133506326432,0.479570408868256,0.7014486086564236,0.47928808309613385,0.6723179600980893,0.5261586715859371,0.6641156396960379,0.6692240379484156,0.5252813269876279,0.47928808309613385,0.6812026471276419,0.47928808309613385,0.7017759008109042,0.6775007832795614,0.47928808309613385,0.47928808309613385,0.6970744219393626,0.47928808309613385,0.6831301409893822,0.47928808309613385,0.4793739900406455,0.47928808309613385,0.6675918577451745,0.5233455458902977,0.47928808309613385,0.47928808309613385,0.6725914651713263,0.47928808309613385,0.47928808309613385,0.47928808309613385,0.7000907832134066,0.47928808309613385,0.47928808309613385,0.6657267119035531,0.47928808309613385,0.47928808309613385,0.5111702947873488,0.6732968375413916,0.47928808309613385,0.47928808309613385,0.47928808309613385,0.6659205883670748,0.47928808309613385,0.5246787347715607,0.47928808309613385,0.6339188846228564,0.47928808309613385,0.4794003971832283,0.6300845184968876,0.47928808309613385,0.47928808309613385,0.5252526861985505,0.6724963945285471,0.47928808309613385,0.4793745704347805,0.6741909524740062,0.47928808309613385,0.5245208674312416,0.47928808309613385,0.6789936602429206,0.47928808309613385,0.47928808309613385,0.47928808309613385
0.2144478763251368,0.2144478763251368,0.2198169377411993,0.2838436851686642,0.8595795543727263,0.6980950894853678,0.7938940861073607,0.5231169153004849,0.21864925615247596,0.5708352909068092,0.2144478763251368,0.5750971507196097,0.2144478763251368,0.5241901280607015,0.5236717326707327,0.30311461971797293,0.2144478763251368,0.5201472083869985,0.5721626848489451,0.2144478763251368,0.520830530574266,0.2144478763251368,0.5624038745166616,0.5143773765876267,0.2144478763251368,0.5878285371378367,0.2144478763251368,0.5221696873964716,0.2144478763251368,0.5732003394597611,0.2144478763251368,0.5215024267727704,0.30487654277875137,0.5236690915096123,0.21472135977153628,0.5244408558566473,0.5684084418031873,0.2144478763251368,0.2144478763251368,0.5684676501241311,0.5212876415445912,0.2144478763251368,0.5185230119093556,0.3037458711550033,0.5249069339791502,0.2144478763251368,0.5650597119802876,0.2144478763251368,0.5345615084640284,0.5248999006465846,0.30243812452758195,0.2144478763251368,0.5206500331140923,0.5699705120610784,0.21464487289661133,0.5293906884948081,0.2144478763251368,0.5729565899077804,0.2144478763251368,0.5223210658853018,0.305838148324199,0.5313069882764185,0.5216418615769203,0.21509475491939958,0.5681140583476548,0.2144478763251368,0.5286438476614724,0.30754291249094323,0.5173785717656618,0.5244033244985646,0.30598535706030094,0.2144478763251368,0.5407657086315291,0.2144478763251368,0.5685533572285603,0.5357247641408177,0.2144478763251368,0.2144478763251368,0.5622348528374659,0.2144478763251368,0.5433851549911068,0.2144478763251368,0.21464487289661133,0.2144478763251368,0.5221620442910296,0.30253074062801133,0.2144478763251368,0.2144478763251368,0.5290182183875364,0.2144478763251368,0.2144478763251368,0.2144478763251368,0.5662906665500071,0.2144478763251368,0.2144478763251368,0.5195972099711862,0.2144478763251368,0.2144478763251368,0.2801784184721744,0.529983358698243,0.2144478763251368,0.2144478763251368,0.2144478763251368,0.5198640004241363,0.2144478763251368,0.3049126450097421,0.2144478763251368,0.4751766715019729,0.2144478763251368,0.21470539955265766,0.46972285341409276,0.2144478763251368,0.2144478763251368,0.30593442603206866,0.5288880957486154,0.2144478763251368,0.21464620333699447,0.5312059976609641,0.2144478763251368,0.3046312177178159,0.2144478763251368,0.5377592910886957,0.2144478763251368,0.2144478763251368,0.2144478763251368
0.0,0.0,0.04831344862070452,0.1861279240798618,0.8408964152537145,0.668329166109014,0.7706471417524133,0.47867452083031814,0.04268031306240889,0.5310652331043293,0.0,0.5357116561671815,0.0,0.47986126113879773,0.47928808309613385,0.2144478763251368,0.0,0.47538836436982773,0.5325129070915541,0.0,0.4761448034881708,0.0,0.5218588004766561,0.46899376454996217,0.0,0.5495649390458366,0.0,0.4776267269174421,0.0,0.5336442680305282,0.0,0.4768884168489698,0.21693907941180407,0.47928516256271,0.010839525345008367,0.4801384486309246,0.5284172776924022,0.0,0.0,0.5284818990390255,0.4766507248218814,0.0,0.4735896403944141,0.21534204615595628,0.4806536495856123,0.0,0.5247608542444662,0.0,0.49130781428224685,0.4806458755758353,0.21348755749121484,0.0,0.47594501011332857,0.5301218446758904,0.009198885427830483,0.48560583848630967,0.0,0.5333785315015754,0.0,0.47779420019490554,0.21829278214458667,0.4877200966563315,0.47704271278546484,0.01667806956426978,0.5280959667547238,0.0,0.48478148678563077,0.2206826811827394,0.4723215976686425,0.48009695804374813,0.21849965338780175,0.0,0.4981370376148812,0.0,0.5285754401155598,0.49258926227055744,0.0,0.0,0.5216740426310903,0.0,0.5010164943931297,0.0,0.009198885427830483,0.0,0.4776182709516653,0.2136191576931162,0.0,0.0,0.48519473699367816,0.0,0.0,0.0,0.5261052675448625,0.0,0.0,0.474779382302189,0.0,0.0,0.18047413822610436,0.4862598746008212,0.0,0.0,0.0,0.4750747990604915,0.0,0.21698997709187573,0.0,0.42515139652375533,0.0,0.010518282636751872,0.4189887619161311,0.0,0.0,0.218428091234468,0.4850511065442266,0.0,0.009229910400608922,0.48760870646339693,0.0,0.21659305950396715,0.0,0.4948293844988433,0.0,0.0,0.0
0.47538836436982773,0.47538836436982773,0.47777325381207186,0.5095152280295199,0.9212029893911444,0.7983141116422442,0.871982594251109,0.6657200362569635,0.4772506717637743,0.7011089530663642,0.47538836436982773,0.7043080168369061,0.47538836436982773,0.6665062626599915,0.6661264294451866,0.5201472083869985,0.47538836436982773,0.6635470283218566,0.7021047294293509,0.47538836436982773,0.6640466949307706,0.47538836436982773,0.6947970060476742,0.6593361186711465,0.47538836436982773,0.7138965871560795,0.47538836436982773,0.6650265138942638,0.47538836436982773,0.7028835309100371,0.47538836436982773,0.6645382036014438,0.5211417042282229,0.6661244945340387,0.4755087285929379,0.6666900142368092,0.6992898216215594,0.47538836436982773,0.47538836436982773,0.699334181170529,0.6643810616949778,0.47538836436982773,0.6623601809292485,0.5205030893630226,0.6670316609678588,0.47538836436982773,0.696782744699999,0.47538836436982773,0.6741289748233336,0.6670265046791628,0.5197663439470981,0.47538836436982773,0.6639146898498823,0.7004605143976942,0.4754750534393357,0.6703230158746659,0.47538836436982773,0.7027005572680916,0.47538836436982773,0.6651373213480793,0.5216860119182107,0.6717322351393602,0.6646402280222923,0.47567325962549745,0.6990692827467347,0.47538836436982773,0.6697742080510146,0.5226536374907796,0.6615245998890723,0.6666625068296107,0.5217694337341326,0.47538836436982773,0.6787095850516356,0.47538836436982773,0.6993983958846868,0.6749866646468733,0.47538836436982773,0.47538836436982773,0.6946707093173692,0.47538836436982773,0.6806480081857782,0.47538836436982773,0.4754750534393357,0.47538836436982773,0.6650209194828156,0.5198184544331331,0.47538836436982773,0.47538836436982773,0.6700492815387672,0.47538836436982773,0.47538836436982773,0.47538836436982773,0.6977038972162071,0.47538836436982773,0.47538836436982773,0.6631449996133758,0.47538836436982773,0.47538836436982773,0.507545517509212,0.670758696453014,0.47538836436982773,0.47538836436982773,0.47538836436982773,0.6633399972211242,0.47538836436982773,0.5211621199350064,0.47538836436982773,0.6311489379986644,0.47538836436982773,0.4755017009528959,0.6272912333699259,0.47538836436982773,0.47538836436982773,0.5217405687247777,0.6699536657729629,0.47538836436982773,0.4754756391167514,0.671657930666655,0.47538836436982773,0.5210030142185352,0.47538836436982773,0.6764880439030134,0.47538836436982773,0.47538836436982773,0.47538836436982773
