0.0,0.0,0.045401094516394756,0.6641715644289814,0.4192172464193614,0.8408964152537145,0.036555318540447794,0.05928453963808891,0.45693452519259425,0.4184962395268561,0.013142436651195405,0.4570116240908299,0.0,0.4139069815560441,0.18606402226437457,0.41035736133394024,0.0,0.4580693508504634,0.0,0.41110799504333156,0.0,0.4489992831788414,0.0,0.4051290092793163,0.007989240311897348,0.471756477953309,0.4121694818791138,0.0,0.45930925119762617,0.0,0.4114059077583744,0.0,0.4568417415012615,0.0,0.4145505522170203,0.4546344908391957,0.0,0.0,0.4549479975651103,0.4115335698925017,0.0,0.40880011070898176,0.18733220696414987,0.41313509822132477,0.03955565073541982,0.40796048478488006,0.18845555502330563,0.4238052733268849,0.4152031051667085,0.18549367535806177,0.4110682417547122,0.0,0.45587493292438,0.010404267042319386,0.4190566586471233,0.0,0.45848383805734694,0.0,0.4124952036429382,0.00801618556787389,0.4638277615526507,0.4117493714638028,0.0,0.18962414569692035,0.41094622067688646,0.4186602412051633,0.19177853823354885,0.40770329626785873,0.0,0.414289080155815,0.19014754449454013,0.42950160362412276,0.0,0.4111535018519568,0.46763310176242845,0.0,0.0,0.44919919275473486,0.0,0.0,0.4321890651083168,0.0,0.0,0.0,0.4543726093995006,0.0,0.0,0.4186964389200661,0.0,0.0,0.0,0.45217126046801254,0.0,0.015795243193803144,0.410022561551066,0.0,0.0,0.0,0.18592522929371105,0.4070030779228598,0.011037833944857415,0.013216064309040142,0.4105360677557093,0.0,0.0,0.41519657830515005,0.0,0.0,0.0,0.36257001014999285,0.0,0.0,0.1897175521538986,0.4185759502364369,0.0,0.0,0.012572209830950946,0.4212340385115331,0.00861269073982162,0.18821580770729043,0.42662696675101996,0.009158712634085768,0.0,0.0,0.0
0.0,0.0,0.045401094516394756,0.6641715644289814,0.4192172464193614,0.8408964152537145,0.036555318540447794,0.05928453963808891,0.45693452519259425,0.4184962395268561,0.013142436651195405,0.4570116240908299,0.0,0.4139069815560441,0.18606402226437457,0.41035736133394024,0.0,0.4580693508504634,0.0,0.41110799504333156,0.0,0.4489992831788414,0.0,0.4051290092793163,0.007989240311897348,0.471756477953309,0.4121694818791138,0.0,0.45930925119762617,0.0,0.4114059077583744,0.0,0.4568417415012615,0.0,0.4145505522170203,0.4546344908391957,0.0,0.0,0.4549479975651103,0.4115335698925017,0.0,0.40880011070898176,0.18733220696414987,0.41313509822132477,0.03955565073541982,0.40796048478488006,0.18845555502330563,0.4238052733268849,0.4152031051667085,0.18549367535806177,0.4110682417547122,0.0,0.45587493292438,0.010404267042319386,0.4190566586471233,0.0,0.45848383805734694,0.0,0.4124952036429382,0.00801618556787389,0.4638277615526507,0.4117493714638028,0.0,0.18962414569692035,0.41094622067688646,0.4186602412051633,0.19177853823354885,0.40770329626785873,0.0,0.414289080155815,0.19014754449454013,0.42950160362412276,0.0,0.4111535018519568,0.46763310176242845,0.0,0.0,0.44919919275473486,0.0,0.0,0.4321890651083168,0.0,0.0,0.0,0.4543726093995006,0.0,0.0,0.4186964389200661,0.0,0.0,0.0,0.45217126046801254,0.0,0.015795243193803144,0.410022561551066,0.0,0.0,0.0,0.18592522929371105,0.4070030779228598,0.011037833944857415,0.013216064309040142,0.4105360677557093,0.0,0.0,0.41519657830515005,0.0,0.0,0.0,0.36257001014999285,0.0,0.0,0.1897175521538986,0.4185759502364369,0.0,0.0,0.012572209830950946,0.4212340385115331,0.00861269073982162,0.18821580770729043,0.42662696675101996,0.009158712634085768,0.0,0.0,0.0
0.045401094516394756,0.045401094516394756,0.06420677541112482,0.6655620176468872,0.4216300563529163,0.841761729647089,0.0582884724254973,0.07467192126662403,0.4591345634828687,0.420913447599859,0.04726502540436635,0.459211259075363,0.045401094516394756,0.41635250732743906,0.19151963503844024,0.4128251817442142,0.045401094516394756,0.4602634646734427,0.045401094516394756,0.4135710717882422,0.045401094516394756,0.45124147121121144,0.045401094516394756,0.40763031255310495,0.04609866814590975,0.47388106668714414,0.4146258772185738,0.045401094516394756,0.4614969208510432,0.045401094516394756,0.41386710617598754,0.045401094516394756,0.45904226530047515,0.045401094516394756,0.41699207279732575,0.4568466149679643,0.045401094516394756,0.045401094516394756,0.4571584681128297,0.4139939641593033,0.045401094516394756,0.41127782257928447,0.1927518377102022,0.4155854425894109,0.060215471777127307,0.41044355827153384,0.1938436992990959,0.42619041139032987,0.41764057610314226,0.19096562349614543,0.41353156932888174,0.045401094516394756,0.4580805258907408,0.04657797670492231,0.4214704469873648,0.045401094516394756,0.4606757943143641,0.045401094516394756,0.41494955500479574,0.046103345582280846,0.4659921977903519,0.41420840741109743,0.045401094516394756,0.19497991349193064,0.4134103184355846,0.4210764476714551,0.19707560573856694,0.41018801609911754,0.045401094516394756,0.41673222662329884,0.19548893448549895,0.43185312241947427,0.045401094516394756,0.4136162915188411,0.46977826995459493,0.045401094516394756,0.045401094516394756,0.4514403030530864,0.045401094516394756,0.045401094516394756,0.4345249971558882,0.045401094516394756,0.045401094516394756,0.045401094516394756,0.45658611632717794,0.045401094516394756,0.045401094516394756,0.42111242441130475,0.045401094516394756,0.045401094516394756,0.045401094516394756,0.45439644590412676,0.045401094516394756,0.04807024543997571,0.4124925028186774,0.045401094516394756,0.045401094516394756,0.045401094516394756,0.19138480844993863,0.4094922896478013,0.046723579565322124,0.047285551036121046,0.41300275739702524,0.045401094516394756,0.045401094516394756,0.417634089689407,0.045401094516394756,0.045401094516394756,0.045401094516394756,0.36537666113720374,0.045401094516394756,0.045401094516394756,0.19507074851149284,0.42099267140439345,0.045401094516394756,0.045401094516394756,0.04710965380616802,0.4236346179070073,0.04621079594260463,0.19361064177446205,0.428995351241186,0.04631566921380745,0.045401094516394756,0.045401094516394756,0.045401094516394756
0.6641715644289814,0.6641715644289814,0.6655620176468872,0.8898145323183295,0.7694012121064355,0.9728884786964341,0.6650734716888816,0.6665398396012165,0.7866249680533679,0.7690797427541339,0.6642882436082089,0.7866609440643635,0.6641715644289814,0.7670408737216715,0.6869707886536247,0.765472657120808,0.6641715644289814,0.787154798062209,0.6641715644289814,0.7658036410910674,0.6641715644289814,0.7829381401044827,0.6641715644289814,0.7631769852177932,0.6642146853696379,0.7935937425852376,0.7662722842658933,0.6641715644289814,0.7877344082850998,0.6641715644289814,0.7659350987553659,0.6641715644289814,0.7865816770727599,0.6641715644289814,0.7673260263634585,0.7855530782955761,0.6641715644289814,0.6641715644289814,0.7856990274572423,0.7659914479543012,0.6641715644289814,0.7647871150496138,0.6872747277957861,0.7666992007589004,0.6652274166252669,0.7644181149027012,0.6875455050150203,0.7714540330425027,0.7676154153665925,0.6868347027327901,0.7657861035918394,0.6641715644289814,0.7861308374521331,0.6642446927634393,0.769329585397051,0.6641715644289814,0.787348472656498,0.6641715644289814,0.76641622801792,0.6642149767132236,0.7898529609217171,0.7660867240723718,0.6641715644289814,0.6878287302373881,0.765732279039977,0.7691528376274909,0.6883549917803754,0.7643051732068293,0.6641715644289814,0.7672101432465817,0.687956092888712,0.774019763855429,0.6641715644289814,0.7658237179985226,0.7916446780075947,0.6641715644289814,0.6641715644289814,0.7830306282247586,0.6641715644289814,0.6641715644289814,0.775236663030258,0.6641715644289814,0.6641715644289814,0.6641715644289814,0.7854312003246164,0.6641715644289814,0.6641715644289814,0.7691689729589316,0.6641715644289814,0.6641715644289814,0.6641715644289814,0.7844080690477836,0.6641715644289814,0.6643400912667663,0.7653251428594987,0.6641715644289814,0.6641715644289814,0.6641715644289814,0.6869376377224797,0.7639978889999156,0.6642538693805065,0.6642895544375591,0.7655514243021003,0.6641715644289814,0.6641715644289814,0.7676125196094981,0.6641715644289814,0.6641715644289814,0.6641715644289814,0.7451653088739887,0.6641715644289814,0.6641715644289814,0.6878514364702352,0.769115267487561,0.6641715644289814,0.6641715644289814,0.6642783394402478,0.7703020597982765,0.664221677563385,0.6874875930690267,0.7727226448047957,0.6642282326458804,0.6641715644289814,0.6641715644289814,0.6641715644289814
0.4192172464193614,0.4192172464193614,0.4216300563529163,0.7694012121064355,0.5882309839386562,0.9057430947081117,0.4207831224582162,0.4233225354010479,0.6143365688967263,0.5877414482711857,0.41941999529707286,0.6143908716175339,0.4192172464193614,0.5846344474693614,0.4579505988099618,0.5822420252836991,0.4192172464193614,0.6151362186545365,0.4192172464193614,0.5827471588231424,0.4192172464193614,0.6087670979753499,0.4192172464193614,0.5787355396555238,0.4192921819977647,0.6248406798838825,0.5834622029578496,0.4192172464193614,0.6160107961213761,0.4192172464193614,0.5829477547833296,0.4192172464193614,0.6142712237537479,0.4192172464193614,0.5850692182086537,0.6127182593234882,0.4192172464193614,0.4192172464193614,0.6129386532852545,0.5830337349957159,0.4192172464193614,0.5811954447979829,0.4584561197228305,0.5841134001949408,0.421050094375817,0.5806319231507767,0.4589062684132111,0.5913548636962619,0.5855103706427068,0.4577241730446887,0.5827203964765353,0.4192172464193614,0.6135906366896091,0.41934432470397803,0.5881219183739125,0.4192172464193614,0.6154284789695846,0.4192172464193614,0.5836817868711243,0.41929268827078814,0.6192057295178051,0.5831791048188083,0.4192172464193614,0.4593768937830976,0.5826382579967411,0.5878527658203391,0.4602507768726724,0.580459416717459,0.4192172464193614,0.5848925409870946,0.45958845561065265,0.5952541400116895,0.4192172464193614,0.5827777959635331,0.6219056847244754,0.4192172464193614,0.4192172464193614,0.6089069266398521,0.4192172464193614,0.4192172464193614,0.5971016041943155,0.4192172464193614,0.4192172464193614,0.4192172464193614,0.6125342039195655,0.4192172464193614,0.4192172464193614,0.5878773379678772,0.4192172464193614,0.4192172464193614,0.4192172464193614,0.6109887225561579,0.4192172464193614,0.4195100724552302,0.5820168614555161,0.4192172464193614,0.4192172464193614,0.4192172464193614,0.4578954455909406,0.5799900094259949,0.41936026988276115,0.41942227278211264,0.5823622459037829,0.4192172464193614,0.4192172464193614,0.5855059566574349,0.4192172464193614,0.4192172464193614,0.4192172464193614,0.5510254097933818,0.4192172464193614,0.4192172464193614,0.4594146143345763,0.5877955501549421,0.4192172464193614,0.4192172464193614,0.4194027872071662,0.5896023073527873,0.4193043323708699,0.4588100108416631,0.5932835373389755,0.4193157230055333,0.4192172464193614,0.4192172464193614,0.4192172464193614
0.8408964152537145,0.8408964152537145,0.841761729647089,0.9728884786964341,0.9057430947081117,1.0,0.8414576938292789,0.8423702578667555,0.9160561433761167,0.9055493210189867,0.8409690271921796,0.9160775317429776,0.8408964152537145,0.9043193351581683,0.8550805920251504,0.9033721167743577,0.8408964152537145,0.9163710671638804,0.8408964152537145,0.9035721172811436,0.8408964152537145,0.9138606827729324,0.8408964152537145,0.9019837337132909,0.8409232503210188,0.9201860347999573,0.9038552241925154,0.8408964152537145,0.9167154082988479,0.8408964152537145,0.9036515396966767,0.8408964152537145,0.9160304052240174,0.8408964152537145,0.9044914624440896,0.915418573309541,0.8408964152537145,0.8408964152537145,0.9155054207010154,0.9036855819004596,0.8408964152537145,0.9029577312070197,0.8552695367309621,0.904113046488917,0.8415534979532044,0.9027346063865205,0.8554378609514844,0.9069794440365453,0.9046661127082802,0.854995991787543,0.9035615211713621,0.8408964152537145,0.9157623049200245,0.8409419245613293,0.9056999236999316,0.8408964152537145,0.9164861474462226,0.8408964152537145,0.9039421626148345,0.8409234316303035,0.9179724772657283,0.90374313807718,0.8408964152537145,0.8556139178749923,0.9035289997480436,0.9055933846147741,0.8559410348067509,0.9026663026914845,0.8408964152537145,0.9044215157061235,0.8556930865360034,0.9085221185144627,0.8408964152537145,0.9035842475422745,0.9190336864836126,0.8408964152537145,0.8408964152537145,0.9139158436298219,0.8408964152537145,0.8408964152537145,0.9092527627993453,0.8408964152537145,0.8408964152537145,0.8408964152537145,0.9153460410136102,0.8408964152537145,0.8408964152537145,0.9056031111317185,0.8408964152537145,0.8408964152537145,0.8408964152537145,0.914736848568667,0.8408964152537145,0.8410012931283786,0.9032829655688097,0.8408964152537145,0.8408964152537145,0.8408964152537145,0.8550599832716811,0.9024804410881442,0.8409476353670022,0.8409698429498094,0.9034197166577294,0.8408964152537145,0.8408964152537145,0.9046643652500557,0.8408964152537145,0.8408964152537145,0.8408964152537145,0.891024445703535,0.8408964152537145,0.8408964152537145,0.8556280321589543,0.9055707365847482,0.8408964152537145,0.8408964152537145,0.8409628636133597,0.9062858694729715,0.840927601711484,0.8554018613607721,0.9077425752718031,0.8409316810786979,0.8408964152537145,0.8408964152537145,0.8408964152537145
0.036555318540447794,0.036555318540447794,0.0582884724254973,0.6650734716888816,0.4207831224582162,0.8414576938292789,0.05169700417826368,0.06964866518601216,0.458362099498214,0.42006497511677476,0.0388460394421905,0.4584389363135625,0.036555318540447794,0.4154941293042775,0.1896187747848484,0.41195900597934426,0.036555318540447794,0.45949307524399424,0.036555318540447794,0.4127065550920972,0.036555318540447794,0.4504542492830543,0.036555318540447794,0.40675242742491136,0.03741816691396043,0.4731350265489243,0.41376369736760177,0.036555318540447794,0.4607287880189643,0.036555318540447794,0.41300324642396924,0.036555318540447794,0.458269631308749,0.036555318540447794,0.4161350957113028,0.45606991907960864,0.036555318540447794,0.036555318540447794,0.45638235121943055,0.41313038566045956,0.036555318540447794,0.410408187455679,0.19086328259508537,0.41472537915089636,0.05386035449209235,0.4095720480881232,0.1919659157022635,0.42535315858654005,0.4167850155298369,0.18905917839742226,0.4126669649057601,0.036555318540447794,0.4573061168873251,0.03800710435957749,0.42062317081675926,0.036555318540447794,0.45990616040714044,0.036555318540447794,0.41408809005699837,0.03742392930793299,0.46523220126780435,0.41334530398935093,0.036555318540447794,0.1931132095346967,0.412545444642786,0.4202283255747713,0.19522899912539934,0.4093159301671549,0.036555318540447794,0.41587468083070167,0.19362715197466127,0.431027633081694,0.036555318540447794,0.4127518752277267,0.4690250216772317,0.036555318540447794,0.036555318540447794,0.4506534584398743,0.036555318540447794,0.036555318540447794,0.4337049622714735,0.036555318540447794,0.036555318540447794,0.036555318540447794,0.4558089362603286,0.036555318540447794,0.036555318540447794,0.42026437961729146,0.036555318540447794,0.036555318540447794,0.036555318540447794,0.4536151767944701,0.036555318540447794,0.03982186279899552,0.4116255853086878,0.036555318540447794,0.036555318540447794,0.036555318540447794,0.18948259205495427,0.4086186328641195,0.03818540261809987,0.0388710109627097,0.4121369771084707,0.036555318540447794,0.036555318540447794,0.41677851496784624,0.036555318540447794,0.036555318540447794,0.036555318540447794,0.36439208237412263,0.036555318540447794,0.036555318540447794,0.19320492469048683,0.42014436925233783,0.036555318540447794,0.036555318540447794,0.03865684435896568,0.42279196275152603,0.0375562203277711,0.19173056930725133,0.42816396032840615,0.03768518609353394,0.036555318540447794,0.036555318540447794,0.036555318540447794
0.05928453963808891,0.05928453963808891,0.07467192126662403,0.6665398396012165,0.4233225354010479,0.8423702578667555,0.06964866518601216,0.0838407410761023,0.4606789193473349,0.42260898453886814,0.060723794032768647,0.46075533383143474,0.05928453963808891,0.41806772876863646,0.19527456656963704,0.4145558960654419,0.05928453963808891,0.46180369099447804,0.05928453963808891,0.4152984900218093,0.05928453963808891,0.4528151989025854,0.05928453963808891,0.40938428657946957,0.059820432964525855,0.47537281169037543,0.4163486526179202,0.05928453963808891,0.46303265507136104,0.05928453963808891,0.4155932192195217,0.05928453963808891,0.4605869595681663,0.05928453963808891,0.4187045105207549,0.4583993942044914,0.05928453963808891,0.05928453963808891,0.4587100949330126,0.41571951841470195,0.05928453963808891,0.4130154092581798,0.1964831564319782,0.4173040129062637,0.07126915306852952,0.41218486972478213,0.1975543373204774,0.427863647311534,0.41935019907400006,0.19473126763888596,0.4152591618534504,0.05928453963808891,0.45962875329518815,0.06019057005559245,0.42316360630563243,0.05928453963808891,0.46221451667537167,0.05928453963808891,0.41667090999047235,0.05982403753771518,0.46751173381211814,0.41593301778515007,0.05928453963808891,0.1986692687578146,0.4151384461265292,0.4227712882385183,0.20072632928928902,0.411930471236366,0.05928453963808891,0.41844579439943935,0.19916883280503123,0.4335029707846532,0.05928453963808891,0.41534351027295807,0.4712843692810266,0.05928453963808891,0.05928453963808891,0.4530132799046889,0.05928453963808891,0.05928453963808891,0.4361639992907135,0.05928453963808891,0.05928453963808891,0.05928453963808891,0.45813985924977146,0.05928453963808891,0.05928453963808891,0.4228071113432455,0.05928453963808891,0.05928453963808891,0.05928453963808891,0.4559583270979749,0.05928453963808891,0.06135262583865132,0.4142246907334943,0.05928453963808891,0.05928453963808891,0.05928453963808891,0.19514234152472143,0.4112378650980668,0.06030331367140041,0.06073977167955279,0.41473268603248903,0.05928453963808891,0.05928453963808891,0.41934374077468983,0.05928453963808891,0.05928453963808891,0.05928453963808891,0.367342287690612,0.05928453963808891,0.05928453963808891,0.1987584126794451,0.42268786982135415,0.05928453963808891,0.05928453963808891,0.06060293788215178,0.42531859258274374,0.05990688285920465,0.19732567513845067,0.4306569335542534,0.059987816484232896,0.05928453963808891,0.05928453963808891,0.05928453963808891
0.45693452519259425,0.45693452519259425,0.4591345634828687,0.7866249680533679,0.6143365688967263,0.9160561433761167,0.458362099498214,0.4606789193473349,0.6390423908520327,0.6138739345128225,0.4571193215423756,0.6390938483840767,0.45693452519259425,0.6109382746628211,0.49246403477880274,0.6086785072522797,0.45693452519259425,0.6398001689357934,0.45693452519259425,0.6091555793551552,0.45693452519259425,0.6337661192077063,0.45693452519259425,0.605367606684966,0.45700282397813946,0.6490007913697918,0.6098309494935482,0.45693452519259425,0.6406290147737109,0.45693452519259425,0.6093450395854983,0.45693452519259425,0.6389804698061565,0.45693452519259425,0.6113490060314303,0.6375089911317924,0.45693452519259425,0.45693452519259425,0.6377178078589677,0.6094262481273063,0.45693452519259425,0.6076901577157546,0.4929304983492778,0.6104460644924175,0.4586055717404896,0.6071580409646998,0.49334592260538307,0.6172893822997584,0.6117657873674364,0.49225512417628264,0.6091303030111456,0.45693452519259425,0.6383355678217821,0.45705034966925157,0.6142334945539674,0.45693452519259425,0.6400771396153706,0.45693452519259425,0.6100383612320383,0.45700328541854035,0.6436574411112935,0.6095635521824645,0.45693452519259425,0.49378029896536163,0.6090527258396248,0.6139791326132955,0.49458702143011124,0.6069951554286659,0.45693452519259425,0.611182095160573,0.4939755839229475,0.6209765575503432,0.45693452519259425,0.6091845154394558,0.6462173533805673,0.45693452519259425,0.45693452519259425,0.6338985526080793,0.45693452519259425,0.45693452519259425,0.6227240698860959,0.45693452519259425,0.45693452519259425,0.45693452519259425,0.6373346073983097,0.45693452519259425,0.45693452519259425,0.6140023541375069,0.45693452519259425,0.45693452519259425,0.45693452519259425,0.6358704561495105,0.45693452519259425,0.45720142709565786,0.6084658610132532,0.45693452519259425,0.45693452519259425,0.45693452519259425,0.49241314672944964,0.6065519446144408,0.4570648831486526,0.4571213974428009,0.6087920467357718,0.45693452519259425,0.45693452519259425,0.6117616171239091,0.45693452519259425,0.45693452519259425,0.45693452519259425,0.5792555999001646,0.45693452519259425,0.45693452519259425,0.49381511659265487,0.6139250620931428,0.45693452519259425,0.45693452519259425,0.4571036366289418,0.6156326704821663,0.4570138984074464,0.4932570860069312,0.6191129502650493,0.45702428041900206,0.45693452519259425,0.45693452519259425,0.45693452519259425
0.4184962395268561,0.4184962395268561,0.420913447599859,0.7690797427541339,0.5877414482711857,0.9055493210189867,0.42006497511677476,0.42260898453886814,0.6138739345128225,0.587251393819936,0.4186993597533525,0.6139282917326896,0.4184962395268561,0.5841410871371857,0.4572951367921867,0.5817461035569697,0.4184962395268561,0.6146743862423643,0.4184962395268561,0.5822517790681273,0.4184962395268561,0.6082988435479662,0.4184962395268561,0.5782358383324665,0.4185713123931349,0.6243884854761064,0.582967589327311,0.4184962395268561,0.6155498394338169,0.4184962395268561,0.5824525900800512,0.4184962395268561,0.6138085237809519,0.4184962395268561,0.5845763218652716,0.6122539981764995,0.4184962395268561,0.4184962395268561,0.6124746139808523,0.5825386624386529,0.4184962395268561,0.5806983981705836,0.45780144805296275,0.5836194831988722,0.4203324326381845,0.5801342697101576,0.45825229924300487,0.5908686253917759,0.585017944634386,0.4570683565319038,0.5822249880231323,0.4184962395268561,0.6131272531039587,0.41862355060251777,0.5876322671733413,0.4184962395268561,0.6149669393624311,0.4184962395268561,0.5831874082609525,0.4185718195935384,0.6187479597531245,0.5826841880156282,0.4184962395268561,0.4587236577859542,0.5821427614518582,0.587362829386999,0.45959889880968924,0.5799615773603659,0.4184962395268561,0.5843994561480624,0.45893554877336484,0.594771986203656,0.4184962395268561,0.5822824490598602,0.6214505934842881,0.4184962395268561,0.4184962395268561,0.608438814059486,0.4184962395268561,0.4184962395268561,0.5966213737335996,0.4184962395268561,0.4184962395268561,0.4184962395268561,0.6120697574351998,0.4184962395268561,0.4184962395268561,0.5873874275817869,0.4184962395268561,0.4184962395268561,0.4184962395268561,0.6105227172198866,0.4184962395268561,0.41878960178924657,0.581520697942651,0.4184962395268561,0.4184962395268561,0.4184962395268561,0.457239897252767,0.5794916637965796,0.41863952498173984,0.4187016414079083,0.5818664532217729,0.4184962395268561,0.4184962395268561,0.5850135259454508,0.4184962395268561,0.4184962395268561,0.4184962395268561,0.5504946830169104,0.4184962395268561,0.4184962395268561,0.4587614370445284,0.5873055530656891,0.4184962395268561,0.4184962395268561,0.4186821201583231,0.5891142219529617,0.4185834850224679,0.4581558915533483,0.5927993236142786,0.4185948965206556,0.4184962395268561,0.4184962395268561,0.4184962395268561
0.013142436651195405,0.013142436651195405,0.04726502540436635,0.6642882436082089,0.41941999529707286,0.8409690271921796,0.0388460394421905,0.060723794032768647,0.4571193215423756,0.4186993597533525,0.018586212005608917,0.4571963864343223,0.013142436651195405,0.4141124929931725,0.1865273169463991,0.4105647556974833,0.013142436651195405,0.45825364766407856,0.013142436651195405,0.41131498875016237,0.013142436651195405,0.4491876340055026,0.013142436651195405,0.40533923201694666,0.015380234099649974,0.4719349139014471,0.412375911286529,0.013142436651195405,0.45949300467525456,0.013142436651195405,0.411612742822532,0.013142436651195405,0.4570265787887231,0.013142436651195405,0.4147557254195099,0.454820306291719,0.013142436651195405,0.013142436651195405,0.4551336735798908,0.4117403370390561,0.013142436651195405,0.4090083405603145,0.18779236537288074,0.41334101659637285,0.04168180551791404,0.4081691675314239,0.18891297034175986,0.4240056860265343,0.41540793638970835,0.18595839440878195,0.4112752566466196,0.013142436651195405,0.4560601976466391,0.016762231680669832,0.4192594901338689,0.013142436651195405,0.45866795295484686,0.013142436651195405,0.4127014604247357,0.015394247989431247,0.4640095562934153,0.4119560238891654,0.013142436651195405,0.19007874168357597,0.41115330061891614,0.4188632768619024,0.19222802594439287,0.40791211808425654,0.013142436651195405,0.41449439066187,0.19060088888653004,0.42969917860521584,0.013142436651195405,0.41136047131217796,0.4678132722789718,0.013142436651195405,0.013142436651195405,0.4493874526849995,0.013142436651195405,0.013142436651195405,0.43238532465880714,0.013142436651195405,0.013142436651195405,0.013142436651195405,0.4545585414572128,0.013142436651195405,0.013142436651195405,0.41889945591905076,0.013142436651195405,0.013142436651195405,0.013142436651195405,0.4523581773605905,0.013142436651195405,0.020547830526535745,0.4102301350493536,0.013142436651195405,0.013142436651195405,0.013142436651195405,0.18638886979483052,0.40721227918590847,0.017162675088151325,0.018638347345037706,0.41074336661174415,0.013142436651195405,0.013142436651195405,0.4154014129437939,0.013142436651195405,0.013142436651195405,0.013142436651195405,0.36280605703635854,0.013142436651195405,0.013142436651195405,0.19017192427681698,0.41877902935147593,0.013142436651195405,0.013142436651195405,0.018187470861876606,0.42143575478265044,0.01571311811774999,0.1886738057337939,0.4268259652464112,0.016018915564201652,0.013142436651195405,0.013142436651195405,0.013142436651195405
0.4570116240908299,0.4570116240908299,0.459211259075363,0.7866609440643635,0.6143908716175339,0.9160775317429776,0.4584389363135625,0.46075533383143474,0.6390938483840767,0.6139282917326896,0.4571963864343223,0.6391453001144523,0.4570116240908299,0.6109929788371818,0.4925350004308371,0.6087334798491427,0.4570116240908299,0.6398515410792407,0.4570116240908299,0.6092104951848761,0.4570116240908299,0.6338181742111009,0.4570116240908299,0.6054229747294156,0.45707991030521955,0.6490511348001435,0.609885785051347,0.4570116240908299,0.6406802936388216,0.4570116240908299,0.6093999328859724,0.4570116240908299,0.6390319343202325,0.4570116240908299,0.6114036615446854,0.6375606217709522,0.4570116240908299,0.4570116240908299,0.6377694148992932,0.6094811317736085,0.4570116240908299,0.6077452480870233,0.4930013884492458,0.6105008270322024,0.45868236399933454,0.6072131948399119,0.4934167455193176,0.6173433382965228,0.6118203935423934,0.49232612370344675,0.6091852218471812,0.4570116240908299,0.6383871050944989,0.4571274272506261,0.6142878094129375,0.4570116240908299,0.640128480574813,0.4570116240908299,0.6100931721589609,0.45708037166069815,0.6437083801940231,0.6096184195093867,0.4570116240908299,0.4938510517279145,0.6091076539034557,0.6140334774364397,0.49465764417723845,0.6070503287564017,0.4570116240908299,0.6112367704437975,0.4940463051803068,0.6210300832647827,0.4570116240908299,0.609239427827764,0.6462680064919429,0.4570116240908299,0.4570116240908299,0.6339505925513379,0.4570116240908299,0.4570116240908299,0.6227773926837616,0.4570116240908299,0.4570116240908299,0.4570116240908299,0.6373862577510981,0.4570116240908299,0.4570116240908299,0.6140566962245222,0.4570116240908299,0.4570116240908299,0.4570116240908299,0.6359222722425347,0.4570116240908299,0.4572784768861894,0.6085208589302205,0.4570116240908299,0.4570116240908299,0.4570116240908299,0.49248412063086006,0.606607170904343,0.45714195805588453,0.4571984619528756,0.6088470058176618,0.4570116240908299,0.4570116240908299,0.6118162237923398,0.4570116240908299,0.4570116240908299,0.4570116240908299,0.5793141848835739,0.4570116240908299,0.4570116240908299,0.4938858637365985,0.6139794132877383,0.4570116240908299,0.4570116240908299,0.4571807044063024,0.6156868207749108,0.45709098269646203,0.4933279232804452,0.6191666930908819,0.45710136279745944,0.4570116240908299,0.4570116240908299,0.4570116240908299
0.0,0.0,0.045401094516394756,0.6641715644289814,0.4192172464193614,0.8408964152537145,0.036555318540447794,0.05928453963808891,0.45693452519259425,0.4184962395268561,0.013142436651195405,0.4570116240908299,0.0,0.4139069815560441,0.18606402226437457,0.41035736133394024,0.0,0.4580693508504634,0.0,0.41110799504333156,0.0,0.4489992831788414,0.0,0.4051290092793163,0.007989240311897348,0.471756477953309,0.4121694818791138,0.0,0.45930925119762617,0.0,0.4114059077583744,0.0,0.4568417415012615,0.0,0.4145505522170203,0.4546344908391957,0.0,0.0,0.4549479975651103,0.4115335698925017,0.0,0.40880011070898176,0.18733220696414987,0.41313509822132477,0.03955565073541982,0.40796048478488006,0.18845555502330563,0.4238052733268849,0.4152031051667085,0.18549367535806177,0.4110682417547122,0.0,0.45587493292438,0.010404267042319386,0.4190566586471233,0.0,0.45848383805734694,0.0,0.4124952036429382,0.00801618556787389,0.4638277615526507,0.4117493714638028,0.0,0.18962414569692035,0.41094622067688646,0.4186602412051633,0.19177853823354885,0.40770329626785873,0.0,0.414289080155815,0.19014754449454013,0.42950160362412276,0.0,0.4111535018519568,0.46763310176242845,0.0,0.0,0.44919919275473486,0.0,0.0,0.4321890651083168,0.0,0.0,0.0,0.4543726093995006,0.0,0.0,0.4186964389200661,0.0,0.0,0.0,0.45217126046801254,0.0,0.015795243193803144,0.410022561551066,0.0,0.0,0.0,0.18592522929371105,0.4070030779228598,0.011037833944857415,0.013216064309040142,0.4105360677557093,0.0,0.0,0.41519657830515005,0.0,0.0,0.0,0.36257001014999285,0.0,0.0,0.1897175521538986,0.4185759502364369,0.0,0.0,0.012572209830950946,0.4212340385115331,0.00861269073982162,0.18821580770729043,0.42662696675101996,0.009158712634085768,0.0,0.0,0.0
0.4139069815560441,0.4139069815560441,0.41635250732743906,0.7670408737216715,0.5846344474693614,0.9043193351581683,0.4154941293042775,0.41806772876863646,0.6109382746628211,0.5841410871371857,0.4141124929931725,0.6109929788371818,0.4139069815560441,0.5810097126935616,0.45312722331918537,0.5785984040663592,0.4139069815560441,0.6117438318775268,0.4139069815560441,0.5791075339625568,0.4139069815560441,0.6053274016214567,0.4139069815560441,0.5750640467620265,0.41398293845992895,0.6215192773902702,0.5798282271796432,0.4139069815560441,0.612624859917535,0.4139069815560441,0.5793097156384908,0.4139069815560441,0.6108724463749818,0.4139069815560441,0.5814479044894039,0.6093079816520361,0.4139069815560441,0.4139069815560441,0.6095300098358777,0.5793963753012809,0.4139069815560441,0.5775435286383469,0.4536386066971631,0.5804845609891442,0.41576471326510656,0.5769755322670602,0.45409396606724095,0.587782635141245,0.5818925247205583,0.4528981679967888,0.5790805600033248,0.4139069815560441,0.6101868235847021,0.414035791638882,0.5845245301575441,0.4139069815560441,0.612038249008087,0.4139069815560441,0.580049544007454,0.4139834516319867,0.6158432667341309,0.5795428935884718,0.4139069815560441,0.45457002946705294,0.578997771964256,0.5842532747632417,0.4554539840682177,0.5768016548426974,0.4139069815560441,0.5812698374682033,0.45478403265684153,0.5917120185883772,0.4139069815560441,0.5791384133378744,0.6185629490392609,0.4139069815560441,0.4139069815560441,0.6054682753396676,0.4139069815560441,0.4139069815560441,0.5935736585881515,0.4139069815560441,0.4139069815560441,0.4139069815560441,0.6091225609364826,0.4139069815560441,0.4139069815560441,0.5842780389414548,0.4139069815560441,0.4139069815560441,0.4139069815560441,0.6075655957921534,0.4139069815560441,0.4142037967040633,0.5783714573485513,0.4139069815560441,0.4139069815560441,0.4139069815560441,0.45307142980023096,0.5763285141406824,0.4140519540466397,0.4141148014960481,0.5787195762345053,0.4139069815560441,0.4139069815560441,0.5818880760552675,0.4139069815560441,0.4139069815560441,0.4139069815560441,0.5471249968392395,0.4139069815560441,0.4139069815560441,0.45460818544861487,0.5841956119177404,0.4139069815560441,0.4139069815560441,0.4140950505303814,0.5860164624583775,0.41399525440314283,0.45399659503145096,0.5897262325927061,0.4140068002470559,0.4139069815560441,0.4139069815560441,0.4139069815560441
0.18606402226437457,0.18606402226437457,0.19151963503844024,0.6869707886536247,0.4579505988099618,0.8550805920251504,0.1896187747848484,0.19527456656963704,0.49246403477880274,0.4572951367921867,0.1865273169463991,0.4925350004308371,0.18606402226437457,0.45312722331918537,0.26305538458847816,0.44990851037236135,0.18606402226437457,0.4935087418528079,0.18606402226437457,0.45058879699935195,0.18606402226437457,0.48516853706189617,0.18606402226437457,0.4451757646671571,0.18623536186941358,0.5061346973728349,0.4515511450934628,0.18606402226437457,0.4946505632053045,0.18606402226437457,0.45085884564653583,0.18606402226437457,0.49237863413487015,0.18606402226437457,0.4537112705394647,0.49034769048209553,0.18606402226437457,0.18606402226437457,0.49063607674489085,0.45097457702592625,0.18606402226437457,0.4484978415077722,0.2639522970365336,0.4524269210411704,0.19021958255410645,0.4477376098190422,0.2647492894001543,0.4621255957320379,0.45430361574354144,0.26265300107337686,0.45055276425143637,0.18606402226437457,0.4914888919775758,0.18635451178280726,0.457804594516154,0.18606402226437457,0.49389039771772314,0.18606402226437457,0.4518465253281302,0.18623651903201968,0.49881499029547527,0.4511702238007466,0.18606402226437457,0.2655808630877244,0.45044216671831516,0.457444214119092,0.2671204936583265,0.44750479176879665,0.18606402226437457,0.4534739645272704,0.26595413034480836,0.4673186453230389,0.18606402226437457,0.4506300454782844,0.5023261182248294,0.18606402226437457,0.18606402226437457,0.485352119730211,0.18606402226437457,0.18606402226437457,0.4697722248010521,0.18606402226437457,0.18606402226437457,0.18606402226437457,0.49010681299071196,0.18606402226437457,0.18606402226437457,0.4574771190197612,0.18606402226437457,0.18606402226437457,0.18606402226437457,0.4880827481541927,0.18606402226437457,0.18673285585495716,0.4496051516371131,0.18606402226437457,0.18606402226437457,0.18606402226437457,0.2629574085042622,0.4468710457608322,0.18639093558905087,0.18653251595184195,0.45007045081808583,0.18606402226437457,0.18606402226437457,0.4542976903542586,0.18606402226437457,0.18606402226437457,0.18606402226437457,0.40705969596005664,0.18606402226437457,0.18606402226437457,0.26564744004737717,0.4573675925976477,0.18606402226437457,0.18606402226437457,0.1864880308761948,0.4597849740817901,0.18626313178304382,0.26457899649557554,0.464696690429737,0.18628916230845874,0.18606402226437457,0.18606402226437457,0.18606402226437457
0.41035736133394024,0.41035736133394024,0.4128251817442142,0.765472657120808,0.5822420252836991,0.9033721167743577,0.41195900597934426,0.4145558960654419,0.6086785072522797,0.5817461035569697,0.4105647556974833,0.6087334798491427,0.41035736133394024,0.5785984040663592,0.44990851037236135,0.576174443339377,0.41035736133394024,0.609488014264897,0.41035736133394024,0.576686250577435,0.41035736133394024,0.6030399471297301,0.41035736133394024,0.5726214110204764,0.4104340143680783,0.6193109066681636,0.57741072821958,0.41035736133394024,0.6103733550299871,0.41035736133394024,0.5768894945718591,0.41035736133394024,0.6086123559198495,0.41035736133394024,0.5790388874272143,0.6070402014103388,0.41035736133394024,0.41035736133394024,0.6072633223753005,0.5769766094145075,0.41035736133394024,0.5751140104636743,0.45042386682329816,0.5780705029587095,0.4122320512129439,0.5745430159543559,0.45088275732512734,0.5854064901778325,0.5794858304653446,0.44967767287887894,0.5766591348514959,0.41035736133394024,0.6079233660254382,0.410487351796512,0.5821315375601989,0.41035736133394024,0.6097838734234908,0.41035736133394024,0.5776332059230617,0.4104345322424537,0.6136074538924016,0.5771238970789998,0.41035736133394024,0.45136250570774145,0.5765759116483521,0.5818588738844418,0.4522532845001756,0.5743682199210196,0.41035736133394024,0.5788598894686928,0.4515781631702772,0.5893560296477218,0.41035736133394024,0.5767172922341027,0.6163403216255338,0.41035736133394024,0.41035736133394024,0.6031815198235686,0.41035736133394024,0.41035736133394024,0.5912271583112506,0.41035736133394024,0.41035736133394024,0.41035736133394024,0.606853867719565,0.41035736133394024,0.41035736133394024,0.5818837666674403,0.41035736133394024,0.41035736133394024,0.41035736133394024,0.6052892230576759,0.41035736133394024,0.41065689539121153,0.5759463021534077,0.41035736133394024,0.41035736133394024,0.41035736133394024,0.4498522828976715,0.5738925776575852,0.41050366226402857,0.4105670853413725,0.5762962530011678,0.41035736133394024,0.41035736133394024,0.5794813585709451,0.41035736133394024,0.41035736133394024,0.41035736133394024,0.544528806359317,0.41035736133394024,0.41035736133394024,0.45140095674102515,0.5818009115573404,0.41035736133394024,0.41035736133394024,0.4105471534914927,0.5836312000364919,0.4104464431622178,0.4507846317429625,0.5873600793923957,0.41045809479499074,0.41035736133394024,0.41035736133394024,0.41035736133394024
0.0,0.0,0.045401094516394756,0.6641715644289814,0.4192172464193614,0.8408964152537145,0.036555318540447794,0.05928453963808891,0.45693452519259425,0.4184962395268561,0.013142436651195405,0.4570116240908299,0.0,0.4139069815560441,0.18606402226437457,0.41035736133394024,0.0,0.4580693508504634,0.0,0.41110799504333156,0.0,0.4489992831788414,0.0,0.4051290092793163,0.007989240311897348,0.471756477953309,0.4121694818791138,0.0,0.45930925119762617,0.0,0.4114059077583744,0.0,0.4568417415012615,0.0,0.4145505522170203,0.4546344908391957,0.0,0.0,0.4549479975651103,0.4115335698925017,0.0,0.40880011070898176,0.18733220696414987,0.41313509822132477,0.03955565073541982,0.40796048478488006,0.18845555502330563,0.4238052733268849,0.4152031051667085,0.18549367535806177,0.4110682417547122,0.0,0.45587493292438,0.010404267042319386,0.4190566586471233,0.0,0.45848383805734694,0.0,0.4124952036429382,0.00801618556787389,0.4638277615526507,0.4117493714638028,0.0,0.18962414569692035,0.41094622067688646,0.4186602412051633,0.19177853823354885,0.40770329626785873,0.0,0.414289080155815,0.19014754449454013,0.42950160362412276,0.0,0.4111535018519568,0.46763310176242845,0.0,0.0,0.44919919275473486,0.0,0.0,0.4321890651083168,0.0,0.0,0.0,0.4543726093995006,0.0,0.0,0.4186964389200661,0.0,0.0,0.0,0.45217126046801254,0.0,0.015795243193803144,0.410022561551066,0.0,0.0,0.0,0.18592522929371105,0.4070030779228598,0.011037833944857415,0.013216064309040142,0.4105360677557093,0.0,0.0,0.41519657830515005,0.0,0.0,0.0,0.36257001014999285,0.0,0.0,0.1897175521538986,0.4185759502364369,0.0,0.0,0.012572209830950946,0.4212340385115331,0.00861269073982162,0.18821580770729043,0.42662696675101996,0.009158712634085768,0.0,0.0,0.0
