0.0,0.0,0.08163928151456945,0.6111429270378039,0.2779959374369081,0.8408964121211313,0.17661169609217317,0.38909136711669706,0.007526023342020136,0.39231676338031074,0.42780619111020285,0.0,0.38862301541437333,0.17445162554942992,0.38460007240991617,0.0,0.39105094307137167,0.17218892716557332,0.38536509506571853,0.0075007257737895175,0.42044731671793045,0.0,0.37988001572339286,0.4417220950209878,0.0,0.3864720119327727,0.0075007257737895175,0.42998530747693287,0.0,0.38572187955197906,0.17673182788885547,0.3877262303932339,0.0,0.3886855746118955,0.17665156945898283,0.3857539991743938,0.3856504943766193,0.17741068958758544,0.3856020479630904,0.0,0.3833770418800286,0.17545144963642362,0.38723817298286306,0.38248894678474715,0.03647855782841844,0.17705948802073498,0.3973294135359647,0.0,0.42760555250509363,0.3850361118978456,0.0,0.42714687390217193,0.01233111720201125,0.39287698237550256,0.0,0.4293304703482779,0.0,0.3869469156624434,0.17788270174642867,0.39477058342330207,0.38610767280220587,0.0,0.42583218270432033,0.0,0.3920629220759487,0.0,0.4237809170627725,0.0,0.4287440264984999,0.0,0.4025439686271359,0.0,0.38507568434690925,0.4375010814222295,0.0,0.380717694360834,0.17549646581186146,0.4045084923005212,0.0,0.0,0.0,0.0,0.42559744170588737,0.0,0.0,0.39222856307138265,0.0,0.0,0.0,0.4235273490905833,0.0,0.0,0.0,0.38436923594672817,0.007526023342020136,0.1742769709298581,0.38169142652087296,0.0,0.0,0.0,0.38460697265839394,0.0,0.17693366041367775,0.34491126472519457,0.0,0.0,0.0,0.3403886852037261,0.0,0.0,0.17810408051312304,0.39258678779890155,0.0,0.0,0.008598688804938396,0.39426769407386497,0.0,0.1767140556560148,0.3998094239828281,0.0,0.0,0.0,0.3881379525114684,0.17900548546673165,0.0
0.0,0.0,0.08163928151456945,0.6111429270378039,0.2779959374369081,0.8408964121211313,0.17661169609217317,0.38909136711669706,0.007526023342020136,0.39231676338031074,0.42780619111020285,0.0,0.38862301541437333,0.17445162554942992,0.38460007240991617,0.0,0.39105094307137167,0.17218892716557332,0.38536509506571853,0.0075007257737895175,0.42044731671793045,0.0,0.37988001572339286,0.4417220950209878,0.0,0.3864720119327727,0.0075007257737895175,0.42998530747693287,0.0,0.38572187955197906,0.17673182788885547,0.3877262303932339,0.0,0.3886855746118955,0.17665156945898283,0.3857539991743938,0.3856504943766193,0.17741068958758544,0.3856020479630904,0.0,0.3833770418800286,0.17545144963642362,0.38723817298286306,0.38248894678474715,0.03647855782841844,0.17705948802073498,0.3973294135359647,0.0,0.42760555250509363,0.3850361118978456,0.0,0.42714687390217193,0.01233111720201125,0.39287698237550256,0.0,0.4293304703482779,0.0,0.3869469156624434,0.17788270174642867,0.39477058342330207,0.38610767280220587,0.0,0.42583218270432033,0.0,0.3920629220759487,0.0,0.4237809170627725,0.0,0.4287440264984999,0.0,0.4025439686271359,0.0,0.38507568434690925,0.4375010814222295,0.0,0.380717694360834,0.17549646581186146,0.4045084923005212,0.0,0.0,0.0,0.0,0.42559744170588737,0.0,0.0,0.39222856307138265,0.0,0.0,0.0,0.4235273490905833,0.0,0.0,0.0,0.38436923594672817,0.007526023342020136,0.1742769709298581,0.38169142652087296,0.0,0.0,0.0,0.38460697265839394,0.0,0.17693366041367775,0.34491126472519457,0.0,0.0,0.0,0.3403886852037261,0.0,0.0,0.17810408051312304,0.39258678779890155,0.0,0.0,0.008598688804938396,0.39426769407386497,0.0,0.1767140556560148,0.3998094239828281,0.0,0.0,0.0,0.3881379525114684,0.17900548546673165,0.0
0.08163928151456945,0.08163928151456945,0.1154540969334007,0.6161736950970155,0.28969822924432825,0.8436847262937441,0.19455777456049073,0.39746305461999626,0.08198543800554928,0.40061774798088506,0.4353923172518797,0.08163928151456945,0.39700505712379636,0.1925995294694753,0.3930719860023419,0.08163928151456945,0.39937955048842916,0.19055290674681988,0.3938197881330873,0.08198311967975554,0.42817289284054194,0.08163928151456945,0.3884595591480077,0.4490556144778051,0.08163928151456945,0.3949018972188891,0.08198311967975554,0.4375309410337181,0.08163928151456945,0.3941685625054585,0.1946668067664343,0.3961281607531863,0.08163928151456945,0.3970662319798789,0.19459396237917145,0.3941999616698794,0.3940987789196025,0.19528318883709184,0.3940514197483615,0.08163928151456945,0.39187661429038284,0.1935054032884786,0.39565096215302314,0.39100870337962085,0.08941824204538547,0.19496425878132728,0.40552256233072315,0.08163928151456945,0.4351954250253395,0.39349820276319025,0.08163928151456945,0.43474532253102194,0.08256527891923188,0.4011657928202708,0.08163928151456945,0.4368882345051324,0.08163928151456945,0.39536619676979246,0.19571200174409178,0.40301847325083273,0.3945457093723537,0.08163928151456945,0.4334553020479237,0.08163928151456945,0.4003694331898046,0.08163928151456945,0.43144279641941213,0.08163928151456945,0.4363126816966149,0.08163928151456945,0.41062748936473786,0.08163928151456945,0.39353688474975534,0.4449097510579053,0.08163928151456945,0.3892779607295623,0.19354621112325546,0.41255136589507463,0.08163928151456945,0.08163928151456945,0.08163928151456945,0.08163928151456945,0.4332249800715253,0.08163928151456945,0.08163928151456945,0.4005314672001361,0.08163928151456945,0.08163928151456945,0.08163928151456945,0.4311940425981502,0.08163928151456945,0.08163928151456945,0.08163928151456945,0.392846357755597,0.08198543800554928,0.19244138170339914,0.39022938095861004,0.08163928151456945,0.08163928151456945,0.08163928151456945,0.3930787306516179,0.08163928151456945,0.1948500202350793,0.3543709635738853,0.08163928151456945,0.08163928151456945,0.08163928151456945,0.34997423827043733,0.08163928151456945,0.08163928151456945,0.19591318776908828,0.4008819005914676,0.08163928151456945,0.08163928151456945,0.08209085256288419,0.4025264169659314,0.08163928151456945,0.1946506757804415,0.40795011610812065,0.08163928151456945,0.08163928151456945,0.08163928151456945,0.39653074155101653,0.19673281853200342,0.08163928151456945
0.6111429270378039,0.6111429270378039,0.6161736950970155,0.8324259873742524,0.6663840270709757,0.9591851460070112,0.6342305183778546,0.7138815201340223,0.6111859117276075,0.715415530133278,0.7327759741334361,0.6111429270378039,0.7136594082489005,0.6336826006366769,0.7117582881144116,0.6111429270378039,0.7148125896995678,0.6331152037621403,0.7121188822054858,0.6111856232530996,0.7291066784421506,0.6111429270378039,0.709543275142488,0.7398074346134763,0.6111429270378039,0.7126414055729494,0.6111856232530996,0.7338691486539651,0.6111429270378039,0.7122872031353022,0.6342611696108418,0.7132345694487975,0.6111429270378039,0.7136890670229825,0.634240689848608,0.7123023609563564,0.7122535179702816,0.6344347326407102,0.7122306593010993,0.6111429270378039,0.7111827270561687,0.6339354550957736,0.7130036106191163,0.7107654958161255,0.612151723545023,0.6343448667126333,0.7178146225533885,0.6111429270378039,0.7326754723502276,0.7119637618068684,0.6111429270378039,0.7324458115911507,0.6112583131281581,0.71568275003565,0.6111429270378039,0.7335403295584078,0.6111429270378039,0.7128658662000545,0.634555764898589,0.7165876740420474,0.7124693169325557,0.6111429270378039,0.7317882846037698,0.6111429270378039,0.7152945253914204,0.6111429270378039,0.7307645724265152,0.6111429270378039,0.7332460819143378,0.6111429270378039,0.7203294609729447,0.6111429270378039,0.7119824164976651,0.737662141162304,0.6111429270378039,0.7099351414492807,0.6339468704023254,0.7212818718763584,0.6111429270378039,0.6111429270378039,0.6111429270378039,0.6111429270378039,0.7316709974968781,0.6111429270378039,0.6111429270378039,0.7153734801933143,0.6111429270378039,0.6111429270378039,0.6111429270378039,0.7306382133680747,0.6111429270378039,0.6111429270378039,0.6111429270378039,0.7116495695911773,0.6111859117276075,0.6336385649229798,0.7103913268226411,0.6111429270378039,0.6111429270378039,0.6111429270378039,0.7117615385859504,0.6111429270378039,0.6343127089022799,0.6936843180838856,0.6111429270378039,0.6111429270378039,0.6111429270378039,0.6917078612199794,0.6111429270378039,0.6111429270378039,0.6346126302744685,0.7155443009749727,0.6111429270378039,0.6111429270378039,0.6111990371269975,0.7163470966489262,0.6111429270378039,0.6342566338973333,0.7190082574937137,0.6111429270378039,0.6111429270378039,0.6111429270378039,0.7134295426341336,0.6348448317928603,0.6111429270378039
0.2779959374369081,0.2779959374369081,0.28969822924432825,0.6663840270709757,0.39255729332173067,0.8715724130488224,0.32915428535274127,0.4767916719377669,0.27809748783170685,0.47938817868981526,0.5083770259907195,0.2779959374369081,0.47641520746298893,0.32800654955527275,0.47318755397982565,0.2779959374369081,0.47836835838348357,0.3268151175412619,0.473800504573363,0.27809680641051915,0.5023065812191027,0.2779959374369081,0.4694145833673007,0.5199338706928943,0.2779959374369081,0.4746880850220376,0.27809680641051915,0.5101801672857992,0.2779959374369081,0.4740865020094598,0.32921841073609964,0.4756947704820852,0.2779959374369081,0.4764654846081371,0.3291755660079742,0.47411225321122014,0.47402927299794406,0.329581361599835,0.47399043578933825,0.2779959374369081,0.4722084624170452,0.32853654876736704,0.47530291152321763,0.4714981404332551,0.2803718571867119,0.32939347004560016,0.48343679086743424,0.2779959374369081,0.5082111305781843,0.47353686861181876,0.2779959374369081,0.507831958331706,0.27826847114444625,0.4798398563133657,0.2779959374369081,0.5096380505240276,0.2779959374369081,0.4750691380607561,0.3298343007521556,0.48136807226159223,0.47439584912099353,0.2779959374369081,0.50674577325885,0.2779959374369081,0.47918358555396257,0.2779959374369081,0.5050528882647006,0.2779959374369081,0.5091527451361374,0.2779959374369081,0.4876652615482668,0.2779959374369081,0.4735685767677713,0.5164180581310903,0.2779959374369081,0.47008306187855725,0.32856046224300656,0.4892626264136129,0.2779959374369081,0.2779959374369081,0.2779959374369081,0.2779959374369081,0.5065519296860485,0.2779959374369081,0.2779959374369081,0.4793170855324152,0.2779959374369081,0.2779959374369081,0.2779959374369081,0.5048437793868975,0.2779959374369081,0.2779959374369081,0.2779959374369081,0.4730026811672453,0.27809748783170685,0.3279141881937019,0.47086072296086245,0.2779959374369081,0.2779959374369081,0.2779959374369081,0.4731930808213563,0.2779959374369081,0.3293262168467796,0.44197389866226255,0.2779959374369081,0.2779959374369081,0.2779959374369081,0.43849651289604097,0.2779959374369081,0.2779959374369081,0.3299530953406612,0.4796058610456747,0.2779959374369081,0.2779959374369081,0.27812849070844864,0.48096199491899416,0.2779959374369081,0.32920892211427644,0.48544572146350634,0.2779959374369081,0.2779959374369081,0.2779959374369081,0.4760254633852535,0.33043787496981536,0.2779959374369081
0.8408964121211313,0.8408964121211313,0.8436847262937441,0.9591851460070112,0.8715724130488224,1.0,0.853708714380635,0.8977788651547957,0.8409202257282558,0.8986177001955752,0.9080621023978127,0.8408964121211313,0.8976573566617381,0.8534042914537762,0.8966168014979656,0.8408964121211313,0.8982880728396007,0.853089057016924,0.896814240347697,0.8409200659121323,0.9060740071903651,0.8408964121211313,0.8954032761827908,0.9118582773634464,0.8408964121211313,0.8971002820964991,0.8409200659121323,0.9086534904098151,0.8408964121211313,0.8969063909459716,0.8537257444960628,0.8974249081124371,0.8408964121211313,0.8976735825418823,0.8537143657426866,0.896914689033878,0.8968879499259794,0.8538221783448321,0.8968754357288431,0.8408964121211313,0.896301591266662,0.8535447760380012,0.8972985201708261,0.8960730389919888,0.8414553383246727,0.8537722475571868,0.8999282924835784,0.8408964121211313,0.908007711270655,0.8967293101778547,0.8408964121211313,0.9078834064048582,0.8409603366938235,0.8987637576247719,0.8408964121211313,0.9084756502312141,0.8408964121211313,0.8972231354445745,0.8538894260042984,0.8992582266241702,0.8970060844772494,0.8408964121211313,0.9075274140237855,0.8408964121211313,0.8985515548502175,0.8408964121211313,0.9069728635374982,0.8408964121211313,0.908316474867961,0.8408964121211313,0.9013003629441346,0.8408964121211313,0.8967395241589936,0.9107020397574254,0.8408964121211313,0.8956180548238879,0.8535511183732296,0.9018195054743012,0.8408964121211313,0.8408964121211313,0.8408964121211313,0.8408964121211313,0.9074638975041522,0.8408964121211313,0.8408964121211313,0.8985947147068364,0.8408964121211313,0.8408964121211313,0.8408964121211313,0.9069043889165461,0.8408964121211313,0.8408964121211313,0.8408964121211313,0.8965572674715143,0.8409202257282558,0.8533798256744438,0.8958680382416114,0.8408964121211313,0.8408964121211313,0.8408964121211313,0.8966185814025504,0.8408964121211313,0.8537543802848566,0.8866822545392661,0.8408964121211313,0.8408964121211313,0.8408964121211313,0.8855918809637014,0.8408964121211313,0.8408964121211313,0.8539210215744908,0.8986880863765812,0.8408964121211313,0.8408964121211313,0.8409274972654791,0.8991267922698098,0.8408964121211313,0.8537232244087009,0.9005797556520463,0.8408964121211313,0.8408964121211313,0.8408964121211313,0.8975315926771231,0.8540500385736699,0.8408964121211313
0.17661169609217317,0.17661169609217317,0.19455777456049073,0.6342305183778546,0.32915428535274127,0.853708714380635,0.2497058828664062,0.42679104600937817,0.1767718999549453,0.4297180221216476,0.46216223712400706,0.17661169609217317,0.4263663545237821,0.24818502079519428,0.42272191441470097,0.17661169609217317,0.42856885125574234,0.2466020650016462,0.42341447492610174,0.17677082524611978,0.45540134782200337,0.17661169609217317,0.41845406803579327,0.4749901535747968,0.17661169609217317,0.4244169502938891,0.17677082524611978,0.46416736198635006,0.17661169609217317,0.42373754342862535,0.24979073987968192,0.42555340281527115,0.17661169609217317,0.4264230770460553,0.24973404486745077,0.42376663019652777,0.4236729001478164,0.25027080393273043,0.4236290303345668,0.17661169609217317,0.42161520610258074,0.2488878094351012,0.4251110998166658,0.42081194864073096,0.18033774224544116,0.2500223338628102,0.4342745530070722,0.17661169609217317,0.4619776882402518,0.42311662460293953,0.17661169609217317,0.46155583669034195,0.17704144514675538,0.4302268059786827,0.17661169609217317,0.46356466508771915,0.17661169609217317,0.4248471910487209,0.25060513031244197,0.43194741026692696,0.42408693520801805,0.17661169609217317,0.46034704548105854,0.17661169609217317,0.4294875251006081,0.17661169609217317,0.45846203968324195,0.17661169609217317,0.46302502146925734,0.17661169609217317,0.4390242133373874,0.17661169609217317,0.4231524499300172,0.47109345213278836,0.17661169609217317,0.4192108404116243,0.2489194993383484,0.44081606189281836,0.17661169609217317,0.17661169609217317,0.17661169609217317,0.17661169609217317,0.46013126708699337,0.17661169609217317,0.17661169609217317,0.42963793034999914,0.17661169609217317,0.17661169609217317,0.17661169609217317,0.45822911168968306,0.17661169609217317,0.17661169609217317,0.17661169609217317,0.422512987633227,0.1767718999549453,0.24806246170846655,0.42009088145482143,0.17661169609217317,0.17661169609217317,0.17661169609217317,0.42272816005326497,0.17661169609217317,0.24993337219973805,0.38713832357974326,0.17661169609217317,0.17661169609217317,0.17661169609217317,0.38313143436234254,0.17661169609217317,0.17661169609217317,0.2507620844346054,0.4299632403396505,0.17661169609217317,0.17661169609217317,0.17682079228307632,0.43149033538182463,0.17661169609217317,0.24977818436700114,0.43653226265792194,0.17661169609217317,0.17661169609217317,0.17661169609217317,0.42592659802681915,0.2514021607183918,0.17661169609217317
0.38909136711669706,0.38909136711669706,0.39746305461999626,0.7138815201340223,0.4767916719377669,0.8977788651547957,0.42679104600937817,0.5470779012078093,0.3891633074854924,0.5492964534652862,0.5742330895865211,0.38909136711669706,0.5467564537758536,0.4259161361886353,0.5440027861668695,0.38909136711669706,0.5484247691432419,0.4250092014913738,0.5445254063827292,0.3891628247106316,0.568987016933351,0.38909136711669706,0.540789162213781,0.5842531326914329,0.38909136711669706,0.545282449173602,0.3891628247106316,0.5757936815222571,0.38909136711669706,0.5447693076343991,0.4268399639254989,0.5461414574027953,0.38909136711669706,0.5467993801383221,0.42680727949590164,0.5447912700922412,0.5447204996031493,0.4271169111351624,0.5446873778487101,0.38909136711669706,0.5431682945710469,0.4263199999620952,0.5458070352440235,0.5425631194243751,0.3907778209584403,0.4269735267149007,0.5527609041560594,0.38909136711669706,0.5740895622971233,0.5443006040328576,0.38909136711669706,0.5737615483754082,0.3892844641534525,0.5496826498889953,0.38909136711669706,0.575324377526274,0.38909136711669706,0.5456075560065589,0.42730998580531465,0.5509898951061185,0.5450331582853765,0.38909136711669706,0.5728221715092378,0.38909136711669706,0.5491215467128248,0.38909136711669706,0.5713588662969287,0.38909136711669706,0.5749043345708614,0.38909136711669706,0.5563858397490823,0.38909136711669706,0.5443276401086444,0.5812004450710976,0.38909136711669706,0.5413581181036284,0.4263382283192174,0.5577569258003748,0.38909136711669706,0.38909136711669706,0.38909136711669706,0.38909136711669706,0.5726545682370949,0.38909136711669706,0.38909136711669706,0.5492356740686434,0.38909136711669706,0.38909136711669706,0.38909136711669706,0.5711781811349952,0.38909136711669706,0.38909136711669706,0.38909136711669706,0.5438451874432881,0.3891633074854924,0.42584578253558486,0.5420202301799784,0.38909136711669706,0.38909136711669706,0.38909136711669706,0.5440074978495649,0.38909136711669706,0.42692221207550785,0.5175998207141408,0.38909136711669706,0.38909136711669706,0.38909136711669706,0.5146857782848727,0.38909136711669706,0.38909136711669706,0.42740068477579357,0.549482567895213,0.38909136711669706,0.38909136711669706,0.389185273078447,0.5506424470297114,0.38909136711669706,0.4268327253126837,0.5544822694840269,0.38909136711669706,0.38909136711669706,0.38909136711669706,0.5464237259540321,0.42777094441560876,0.38909136711669706
0.007526023342020136,0.007526023342020136,0.08198543800554928,0.6111859117276075,0.27809748783170685,0.8409202257282558,0.1767718999549453,0.3891633074854924,0.010643404281021363,0.39238808430315963,0.4278712670803662,0.007526023342020136,0.38869504652693354,0.17461381502983817,0.3846728914574645,0.007526023342020136,0.39112250596512455,0.17235324980207678,0.38543776309341743,0.010625531235448783,0.420513608396249,0.007526023342020136,0.3799537791144449,0.4417849717750868,0.007526023342020136,0.3865444624373734,0.010625531235448783,0.4300500306588132,0.007526023342020136,0.3857944773397315,0.17689192274073054,0.38779843582908896,0.007526023342020136,0.3887575935917391,0.17681173712319337,0.38582659064472913,0.3857231062082162,0.1775701711841278,0.38567466932847794,0.007526023342020136,0.3834501035307101,0.17561271398903994,0.3873104736069787,0.382562185509226,0.03724682746837597,0.17721928629353884,0.3973997903185216,0.007526023342020136,0.4276706611202707,0.38510884479999463,0.007526023342020136,0.427212057250629,0.014446365551350022,0.39294819667098496,0.007526023342020136,0.4293952992066365,0.007526023342020136,0.38701927319861823,0.17804175969373762,0.39484143938721433,0.3861801947754766,0.007526023342020136,0.4258975810613125,0.007526023342020136,0.3921342914060118,0.007526023342020136,0.42384665329311705,0.007526023342020136,0.42880895024239235,0.007526023342020136,0.4026133863563249,0.007526023342020136,0.38514840944001694,0.43756461204493474,0.007526023342020136,0.3807912885570901,0.17565768875838225,0.40457755463583894,0.007526023342020136,0.007526023342020136,0.007526023342020136,0.007526023342020136,0.425662878579141,0.007526023342020136,0.007526023342020136,0.3922999008073176,0.007526023342020136,0.007526023342020136,0.007526023342020136,0.4235931272925642,0.007526023342020136,0.007526023342020136,0.007526023342020136,0.38444210067302453,0.010643404281021363,0.1744393231010566,0.3817648249169186,0.007526023342020136,0.007526023342020136,0.007526023342020136,0.3846797903412852,0.007526023342020136,0.1770935724490202,0.3449927812869474,0.007526023342020136,0.007526023342020136,0.007526023342020136,0.34047131506335343,0.007526023342020136,0.007526023342020136,0.17826294053459465,0.3926580572922847,0.007526023342020136,0.007526023342020136,0.011427093940813005,0.3943386448894603,0.007526023342020136,0.1768741666256015,0.39987934176415063,0.007526023342020136,0.007526023342020136,0.007526023342020136,0.3882100778206957,0.17916354461130868,0.007526023342020136
0.39231676338031074,0.39231676338031074,0.40061774798088506,0.715415530133278,0.47938817868981526,0.8986177001955752,0.4297180221216476,0.5492964534652862,0.39238808430315963,0.5515043021073488,0.5763247115545791,0.39231676338031074,0.5489765621355631,0.4288494966546631,0.5462362799366394,0.39231676338031074,0.5506368157912024,0.4279492047254974,0.5467563520924221,0.3923876056845529,0.5711024992804592,0.39231676338031074,0.5430384038956588,0.5862999849649885,0.39231676338031074,0.547509710250234,0.3923876056845529,0.5778782625218073,0.39231676338031074,0.5469990654217127,0.42976658376432547,0.5483645466422951,0.39231676338031074,0.5490192806175107,0.4297341373702128,0.5470209209496264,0.5469504950477073,0.4300415153136354,0.5469175345883306,0.39231676338031074,0.5454058644233918,0.4292504104700525,0.5480317474860056,0.5448036510407307,0.3939887510450642,0.429899174174501,0.55495216301825,0.39231676338031074,0.5761818331170669,0.5465326453363175,0.39231676338031074,0.5758553028896961,0.392508198221334,0.5518886417120715,0.39231676338031074,0.5774110731937435,0.39231676338031074,0.547833237045824,0.4302331861355812,0.553189615742918,0.5472616318658854,0.39231676338031074,0.5749201814348327,0.39231676338031074,0.5513302369240174,0.39231676338031074,0.5734635239537129,0.39231676338031074,0.5769929249072834,0.39231676338031074,0.55855989968171,0.39231676338031074,0.5465595496142546,0.5832608283355986,0.39231676338031074,0.5436045616305512,0.42926850579852793,0.5599245220850264,0.39231676338031074,0.39231676338031074,0.39231676338031074,0.39231676338031074,0.5747533384061094,0.39231676338031074,0.39231676338031074,0.5514438151084928,0.39231676338031074,0.39231676338031074,0.39231676338031074,0.5732836612438245,0.39231676338031074,0.39231676338031074,0.39231676338031074,0.5460794503000272,0.39238808430315963,0.4287796573985311,0.5442634228834498,0.39231676338031074,0.39231676338031074,0.39231676338031074,0.5462409686312161,0.39231676338031074,0.42984823305777947,0.5199670322336065,0.39231676338031074,0.39231676338031074,0.39231676338031074,0.5170683907361351,0.39231676338031074,0.39231676338031074,0.43032322602252104,0.5516895214691705,0.39231676338031074,0.39231676338031074,0.3924098608022665,0.5528438323601268,0.39231676338031074,0.4297593978663734,0.5566653410588726,0.39231676338031074,0.39231676338031074,0.39231676338031074,0.5486454464321836,0.4306907976714589,0.39231676338031074
0.42780619111020285,0.42780619111020285,0.4353923172518797,0.7327759741334361,0.5083770259907195,0.9080621023978127,0.46216223712400706,0.5742330895865211,0.4278712670803662,0.5763247115545791,0.5998781143756889,0.42780619111020285,0.5739300889194202,0.46135961969350064,0.5713350300385283,0.42780619111020285,0.5755028191382452,0.4605278687697584,0.5718274667662204,0.4278708303641649,0.5949167376931036,0.42780619111020285,0.5683078520305672,0.6093629799370468,0.42780619111020285,0.5725408547491893,0.4278708303641649,0.6013546243268457,0.42780619111020285,0.5720572947601704,0.46220711986132285,0.5733504246857275,0.42780619111020285,0.5739705510642277,0.46217713145014044,0.5720779903771319,0.5720113023197108,0.4624612356389741,0.5719800914502876,0.42780619111020285,0.5705488131505728,0.4617300840695168,0.5730352373042147,0.5699787082450003,0.42933225409605336,0.4623296688951813,0.5795922766031526,0.42780619111020285,0.5997423339372396,0.5716156430066116,0.42780619111020285,0.5994320332887761,0.42798086777767774,0.5766888807183526,0.42780619111020285,0.6009105767004818,0.42780619111020285,0.5728472387702083,0.4626384069632954,0.5779217142047999,0.572305930392113,0.42780619111020285,0.5985434522354748,0.42780619111020285,0.5761597874833552,0.42780619111020285,0.5971594757315845,0.42780619111020285,0.6005131601076252,0.42780619111020285,0.5830129012516836,0.42780619111020285,0.5716411178260531,0.6064721781365672,0.42780619111020285,0.568843691855539,0.4617468061129773,0.5843071524580211,0.42780619111020285,0.42780619111020285,0.42780619111020285,0.42780619111020285,0.5983849225615882,0.42780619111020285,0.42780619111020285,0.5762674006308587,0.42780619111020285,0.42780619111020285,0.42780619111020285,0.5969886030473183,0.42780619111020285,0.42780619111020285,0.42780619111020285,0.5711865407958306,0.4278712670803662,0.4612950893222524,0.5694673237982546,0.42780619111020285,0.42780619111020285,0.42780619111020285,0.5713394694313181,0.42780619111020285,0.4622825850892888,0.5465097239094335,0.42780619111020285,0.42780619111020285,0.42780619111020285,0.5437765799301725,0.42780619111020285,0.42780619111020285,0.46272163903073965,0.5765002081719921,0.42780619111020285,0.42780619111020285,0.4278911371633571,0.5775940214039719,0.42780619111020285,0.46220047830728217,0.5812164076433685,0.42780619111020285,0.42780619111020285,0.42780619111020285,0.5736164701655527,0.46306144222320894,0.42780619111020285
0.0,0.0,0.08163928151456945,0.6111429270378039,0.2779959374369081,0.8408964121211313,0.17661169609217317,0.38909136711669706,0.007526023342020136,0.39231676338031074,0.42780619111020285,0.0,0.38862301541437333,0.17445162554942992,0.38460007240991617,0.0,0.39105094307137167,0.17218892716557332,0.38536509506571853,0.0075007257737895175,0.42044731671793045,0.0,0.37988001572339286,0.4417220950209878,0.0,0.3864720119327727,0.0075007257737895175,0.42998530747693287,0.0,0.38572187955197906,0.17673182788885547,0.3877262303932339,0.0,0.3886855746118955,0.17665156945898283,0.3857539991743938,0.3856504943766193,0.17741068958758544,0.3856020479630904,0.0,0.3833770418800286,0.17545144963642362,0.38723817298286306,0.38248894678474715,0.03647855782841844,0.17705948802073498,0.3973294135359647,0.0,0.42760555250509363,0.3850361118978456,0.0,0.42714687390217193,0.01233111720201125,0.39287698237550256,0.0,0.4293304703482779,0.0,0.3869469156624434,0.17788270174642867,0.39477058342330207,0.38610767280220587,0.0,0.42583218270432033,0.0,0.3920629220759487,0.0,0.4237809170627725,0.0,0.4287440264984999,0.0,0.4025439686271359,0.0,0.38507568434690925,0.4375010814222295,0.0,0.380717694360834,0.17549646581186146,0.4045084923005212,0.0,0.0,0.0,0.0,0.42559744170588737,0.0,0.0,0.39222856307138265,0.0,0.0,0.0,0.4235273490905833,0.0,0.0,0.0,0.38436923594672817,0.007526023342020136,0.1742769709298581,0.38169142652087296,0.0,0.0,0.0,0.38460697265839394,0.0,0.17693366041367775,0.34491126472519457,0.0,0.0,0.0,0.3403886852037261,0.0,0.0,0.17810408051312304,0.39258678779890155,0.0,0.0,0.008598688804938396,0.39426769407386497,0.0,0.1767140556560148,0.3998094239828281,0.0,0.0,0.0,0.3881379525114684,0.17900548546673165,0.0
0.38862301541437333,0.38862301541437333,0.39700505712379636,0.7136594082489005,0.47641520746298893,0.8976573566617381,0.4263663545237821,0.5467564537758536,0.38869504652693354,0.5489765621355631,0.5739300889194202,0.38862301541437333,0.5464347801076526,0.42549051178016556,0.5436791663507737,0.38862301541437333,0.5481042675154916,0.4245826063477138,0.5442021570497579,0.3886945631432176,0.5686805497054431,0.38862301541437333,0.5404632525504075,0.5839566351062074,0.38862301541437333,0.5449597355689475,0.3886945631432176,0.5754917037117271,0.38862301541437333,0.5444462310210937,0.42641532449945496,0.5458193503488556,0.38862301541437333,0.5464777366932668,0.4263826052875433,0.5444682090261025,0.5443973884354324,0.4266925662395481,0.5443642432293081,0.38862301541437333,0.5428440820880239,0.4258948066264725,0.5454846922207714,0.5422384762881356,0.390311588302996,0.42654902937453865,0.5524434244627715,0.38862301541437333,0.5737864673678135,0.5439771954033406,0.38862301541437333,0.5734582379004904,0.38881635594808484,0.5493630284950192,0.38862301541437333,0.575022092517801,0.38862301541437333,0.5452850721281528,0.4268858460386603,0.5506711853654161,0.5447102683897141,0.38862301541437333,0.5725182428136222,0.38862301541437333,0.5488015330386631,0.38862301541437333,0.5710539717967105,0.38862301541437333,0.5746017743205071,0.38862301541437333,0.5560708599858335,0.38862301541437333,0.5440042506422567,0.5809019821999934,0.38862301541437333,0.5410326153263678,0.4259130544226246,0.557442885485612,0.38862301541437333,0.38862301541437333,0.38862301541437333,0.38862301541437333,0.5723505290926746,0.38862301541437333,0.38862301541437333,0.5489157402312029,0.38862301541437333,0.38862301541437333,0.38862301541437333,0.5708731671435846,0.38862301541437333,0.38862301541437333,0.38862301541437333,0.5435214558022453,0.38869504652693354,0.42542008295802936,0.5416952001034457,0.38862301541437333,0.38862301541437333,0.38862301541437333,0.5436838813759244,0.38862301541437333,0.42649766015551904,0.5172567501847264,0.38862301541437333,0.38862301541437333,0.38862301541437333,0.5143404664380786,0.38862301541437333,0.38862301541437333,0.4269766413129962,0.5491628066867317,0.38862301541437333,0.38862301541437333,0.388717039820491,0.5503234952930176,0.38862301541437333,0.4264080781838234,0.5541659798767937,0.38862301541437333,0.38862301541437333,0.38862301541437333,0.5461018179032892,0.4273472937109091,0.38862301541437333
0.17445162554942992,0.17445162554942992,0.1925995294694753,0.6336826006366769,0.32800654955527275,0.8534042914537762,0.24818502079519428,0.4259161361886353,0.17461381502983817,0.4288494966546631,0.46135961969350064,0.17445162554942992,0.42549051178016556,0.24665470946589702,0.42183799611150147,0.17445162554942992,0.4276978285969919,0.2450617950763814,0.4225321009423339,0.17461272701290712,0.45458568086672957,0.17445162554942992,0.41756053045003527,0.4742114094904571,0.17445162554942992,0.42353680359327806,0.17461272701290712,0.46336855111879105,0.17445162554942992,0.4228558882774558,0.24827040165142797,0.42467576955368525,0.17445162554942992,0.42554735900252194,0.24821335668648775,0.4228850397150663,0.422791101243946,0.2487534225831697,0.4227471338510211,0.17445162554942992,0.4207288104173151,0.24736187891864764,0.42423248978198397,0.4199237474320533,0.1782229264633467,0.24850342351525953,0.4334158117586718,0.17445162554942992,0.46117471901947177,0.4222335870145593,0.17445162554942992,0.46075206241178235,0.17488669281369254,0.42935938227359827,0.17445162554942992,0.4627647130496677,0.17445162554942992,0.42396799732527934,0.2490898015181704,0.4310836951633936,0.42320605634032105,0.17445162554942992,0.4595409572585916,0.17445162554942992,0.4286184997217962,0.17445162554942992,0.4576523218857257,0.17445162554942992,0.4622240454652768,0.17445162554942992,0.4381754767526858,0.17445162554942992,0.4222694922046347,0.4703075742887407,0.17445162554942992,0.4183190215215471,0.2473937657783445,0.4399710495487523,0.17445162554942992,0.17445162554942992,0.17445162554942992,0.17445162554942992,0.45932476469620104,0.17445162554942992,0.17445162554942992,0.42876923123140204,0.17445162554942992,0.17445162554942992,0.17445162554942992,0.4574189435836847,0.17445162554942992,0.17445162554942992,0.17445162554942992,0.4216286025477696,0.17461381502983817,0.24653138387387755,0.41920105411403497,0.17445162554942992,0.17445162554942992,0.17445162554942992,0.4218442556975597,0.17445162554942992,0.24841391367592028,0.3861682615109869,0.17445162554942992,0.17445162554942992,0.17445162554942992,0.3821507428742159,0.17445162554942992,0.17445162554942992,0.2492477173576926,0.42909524618165534,0.17445162554942992,0.17445162554942992,0.17466331261715903,0.4306256376944018,0.17445162554942992,0.24825776865289817,0.4356783013449984,0.17445162554942992,0.17445162554942992,0.17445162554942992,0.42504978749242106,0.24989170323047277,0.17445162554942992
0.38460007240991617,0.38460007240991617,0.3930719860023419,0.7117582881144116,0.47318755397982565,0.8966168014979656,0.42272191441470097,0.5440027861668695,0.3846728914574645,0.5462362799366394,0.5713350300385283,0.38460007240991617,0.5436791663507737,0.42183799611150147,0.5409068103334271,0.38460007240991617,0.5453587357328411,0.42092168726061024,0.5414329883442709,0.3846724027870267,0.5660556958833028,0.38460007240991617,0.5376711953203814,0.5814174563552524,0.38460007240991617,0.5421951756908023,0.3846724027870267,0.5729054352710696,0.38460007240991617,0.5416785482230059,0.42277133501266495,0.543060008421795,0.38460007240991617,0.5437223829257252,0.4227383147286895,0.5417006599796413,0.5416294083667936,0.4230511261485977,0.5415960614062298,0.38460007240991617,0.5400666271556345,0.4222460224712742,0.5427233203489789,0.5394573162002836,0.386307043740505,0.42290626975909146,0.5497238847515532,0.38460007240991617,0.5711905983743857,0.5412066562576623,0.38460007240991617,0.570860516441214,0.38479552723399724,0.546625068142067,0.38460007240991617,0.5724331840608757,0.38460007240991617,0.5425224885268156,0.4232461814721937,0.5479410663372406,0.5419441919085434,0.38460007240991617,0.5699152080652826,0.38460007240991617,0.546060198486251,0.38460007240991617,0.568442636131568,0.38460007240991617,0.5720105004396412,0.38460007240991617,0.5533728194644101,0.38460007240991617,0.5412338763590293,0.5783459178552907,0.38460007240991617,0.5382440590052822,0.4222644385356969,0.5547529234338971,0.38460007240991617,0.38460007240991617,0.38460007240991617,0.38460007240991617,0.5697465450766787,0.38460007240991617,0.38460007240991617,0.5461750924001942,0.38460007240991617,0.38460007240991617,0.38460007240991617,0.5682608044457256,0.38460007240991617,0.38460007240991617,0.38460007240991617,0.540748137728988,0.3846728914574645,0.42176691658886084,0.5389107108758681,0.38460007240991617,0.38460007240991617,0.38460007240991617,0.5409115541144079,0.38460007240991617,0.42285442810880886,0.5143169686876413,0.38460007240991617,0.38460007240991617,0.38460007240991617,0.5113813809750171,0.38460007240991617,0.38460007240991617,0.4233378103104263,0.5464236437266505,0.38460007240991617,0.38460007240991617,0.38469512527638516,0.5475912948415415,0.38460007240991617,0.42276402202232655,0.5514566751492249,0.38460007240991617,0.38460007240991617,0.38460007240991617,0.5433441878976102,0.42371186219321555,0.38460007240991617
0.0,0.0,0.08163928151456945,0.6111429270378039,0.2779959374369081,0.8408964121211313,0.17661169609217317,0.38909136711669706,0.007526023342020136,0.39231676338031074,0.42780619111020285,0.0,0.38862301541437333,0.17445162554942992,0.38460007240991617,0.0,0.39105094307137167,0.17218892716557332,0.38536509506571853,0.0075007257737895175,0.42044731671793045,0.0,0.37988001572339286,0.4417220950209878,0.0,0.3864720119327727,0.0075007257737895175,0.42998530747693287,0.0,0.38572187955197906,0.17673182788885547,0.3877262303932339,0.0,0.3886855746118955,0.17665156945898283,0.3857539991743938,0.3856504943766193,0.17741068958758544,0.3856020479630904,0.0,0.3833770418800286,0.17545144963642362,0.38723817298286306,0.38248894678474715,0.03647855782841844,0.17705948802073498,0.3973294135359647,0.0,0.42760555250509363,0.3850361118978456,0.0,0.42714687390217193,0.01233111720201125,0.39287698237550256,0.0,0.4293304703482779,0.0,0.3869469156624434,0.17788270174642867,0.39477058342330207,0.38610767280220587,0.0,0.42583218270432033,0.0,0.3920629220759487,0.0,0.4237809170627725,0.0,0.4287440264984999,0.0,0.4025439686271359,0.0,0.38507568434690925,0.4375010814222295,0.0,0.380717694360834,0.17549646581186146,0.4045084923005212,0.0,0.0,0.0,0.0,0.42559744170588737,0.0,0.0,0.39222856307138265,0.0,0.0,0.0,0.4235273490905833,0.0,0.0,0.0,0.38436923594672817,0.007526023342020136,0.1742769709298581,0.38169142652087296,0.0,0.0,0.0,0.38460697265839394,0.0,0.17693366041367775,0.34491126472519457,0.0,0.0,0.0,0.3403886852037261,0.0,0.0,0.17810408051312304,0.39258678779890155,0.0,0.0,0.008598688804938396,0.39426769407386497,0.0,0.1767140556560148,0.3998094239828281,0.0,0.0,0.0,0.3881379525114684,0.17900548546673165,0.0
0.39105094307137167,0.39105094307137167,0.39937955048842916,0.7148125896995678,0.47836835838348357,0.8982880728396007,0.42856885125574234,0.5484247691432419,0.39112250596512455,0.5506368157912024,0.5755028191382452,0.39105094307137167,0.5481042675154916,0.4276978285969919,0.5453587357328411,0.39105094307137167,0.5497676829808469,0.426794938471847,0.5458798071868303,0.3911220257229801,0.5702712454483043,0.39105094307137167,0.542154683862335,0.5854956594075024,0.39105094307137167,0.5466346103988746,0.3911220257229801,0.5770591327012562,0.39105094307137167,0.5461229863983893,0.4286175522540992,0.5474910829399567,0.39105094307137167,0.5481470675272955,0.4285850127528366,0.54614488386243,0.5460743228192458,0.42889327222912166,0.5460412991027245,0.39105094307137167,0.5445267216789842,0.428099896257715,0.5471576472571309,0.5439233467778978,0.39272858176606856,0.4287505230096399,0.5540911835772295,0.39105094307137167,0.5753596861200946,0.5456556707597314,0.39105094307137167,0.5750325737589278,0.3912430272087394,0.5510218836635745,0.39105094307137167,0.5765911136553856,0.39105094307137167,0.546958756865248,0.4290854921704247,0.5523253173647117,0.5463860564879383,0.39105094307137167,0.574095782690105,0.39105094307137167,0.5504624205353751,0.39105094307137167,0.5726365170104397,0.39105094307137167,0.576172221975193,0.39105094307137167,0.5577056664062857,0.39105094307137167,0.545682626726191,0.5824511931973688,0.39105094307137167,0.5427219389209424,0.4281180436193021,0.5590728242288949,0.39105094307137167,0.39105094307137167,0.39105094307137167,0.39105094307137167,0.5739286413815926,0.39105094307137167,0.39105094307137167,0.5505762141106758,0.39105094307137167,0.39105094307137167,0.39105094307137167,0.5724563316200263,0.39105094307137167,0.39105094307137167,0.39105094307137167,0.5452016044773489,0.39112250596512455,0.42762778814136504,0.5433820750287034,0.39105094307137167,0.39105094307137167,0.39105094307137167,0.5453634334428606,0.39105094307137167,0.4286994357896337,0.5190370586133557,0.39105094307137167,0.39105094307137167,0.39105094307137167,0.5161323801086158,0.39105094307137167,0.39105094307137167,0.4291757898609673,0.5508223862093891,0.39105094307137167,0.39105094307137167,0.39114435632910444,0.551978881054721,0.39105094307137167,0.42861034573681545,0.5558075729801737,0.39105094307137167,0.39105094307137167,0.39105094307137167,0.5477725195480001,0.42954441293760515,0.39105094307137167
