0.024893518374631232,0.020240387596277786,0.04882589138631534,0.18125633800443333,0.8410266581896736,0.4203356952353424,0.6620380020362632,0.0485833062277971,0.05014840119329939,0.3987363809879171,0.3388672180056125,0.021635254865988093,0.20788990157850412,0.33894593958073876,0.3354996043015643,0.20728969495803334,0.3380678617684742,0.01760237607586513,0.3908764715997334,0.01760237607586513,0.3363226871306456,0.01760237607586513,0.33597925687042063,0.2047759558760803,0.3227762510744266,0.33157982218928744,0.20658018659829333,0.3362647332989962,0.01760237607586513,0.39400502980687624,0.01760237607586513,0.32510498904738,0.21018006057198496,0.3311228642756968,0.020468657583526145,0.326612499519221,0.39561997169608404,0.01760237607586513,0.01760237607586513,0.40152459402963536,0.33974140406767145,0.01760237607586513,0.3391664304279566,0.01760237607586513,0.21293413404434947,0.3452563111802083,0.40071558419252645,0.026823812424715456,0.3391029329795443,0.3391919860678357,0.20647642114036135,0.01760237607586513,0.339010263017554,0.3982983257368684,0.024376194030185736,0.33948534997465596,0.01760237607586513,0.4006518111025247,0.01760237607586513,0.3388144611529807,0.21095776111484763,0.33840573946962244,0.02270703717225338,0.3396401203619076,0.21124662099553837,0.33926864238050825,0.3391213044330913,0.213285912073238,0.33871372256158794,0.01760237607586513,0.3286940403549246,0.21156718928198434,0.33533137472760943,0.3391241000089343,0.21083402473320545,0.01760237607586513,0.3391608398960005,0.01760237607586513,0.3993520918624767,0.018599791375926076,0.01760237607586513,0.34153242163755787,0.01970870213339027,0.01760237607586513,0.3390382262327799,0.20716829071214282,0.022666076117010533,0.01760237607586513,0.3388292498198484,0.01760237607586513,0.01760237607586513,0.20721583302912325,0.3388288501339461,0.024893518374631232,0.020240387596277786,0.34000764006379985,0.01760237607586513,0.01760237607586513,0.01760237607586513,0.20677211347233848,0.3399638119660629,0.024893518374631232,0.020240387596277786,0.33836732351554716,0.01760237607586513,0.01760237607586513,0.21003622265539118,0.33604249164626093,0.01760237607586513,0.026142079356855887,0.33911491446596964,0.01760237607586513,0.21148095388184224,0.01760237607586513,0.3398031974397793,0.01760237607586513,0.020220701689316667,0.02645002990775885,0.33877129084113017,0.01760237607586513,0.20962254218931972,0.338519763227723,0.01760237607586513,0.01760237607586513,0.02270703717225338
0.020240387596277786,0.014130085096626699,0.046625681979804046,0.18067639226286442,0.8409383853098645,0.420089731777987,0.6618954141541425,0.04637158810315548,0.04800884040595138,0.3984762921235144,0.3385592476159707,0.016064565727846505,0.2073846485558729,0.3386380426948465,0.3351884584286424,0.20678296995218937,0.33775914314050753,0.00999147901839436,0.39061088610998174,0.00999147901839436,0.336012323035665,0.00999147901839436,0.3356685670282246,0.20426297244289143,0.3224525311814593,0.3312649019175279,0.20607171053949191,0.3359543142791493,0.00999147901839436,0.39374165659659893,0.00999147901839436,0.32478364169582563,0.20968034699062899,0.33080749838393886,0.014455170651665848,0.3262926705645281,0.39535772771643973,0.00999147901839436,0.00999147901839436,0.4012664070534999,0.33943424808288586,0.00999147901839436,0.3388587392436104,0.00999147901839436,0.21244092456993313,0.34495420156900486,0.4004568478970757,0.022572172199174702,0.3387951825831862,0.3388843187083629,0.20596768798349782,0.00999147901839436,0.3387024261672303,0.39803793582861113,0.019600634317059055,0.3391779558637775,0.00999147901839436,0.4003930314178528,0.00999147901839436,0.3385064414849287,0.21045990134051673,0.338097337527461,0.017481291715430072,0.33933287022621833,0.21074944630903594,0.33896104646505937,0.3388135711704922,0.21279352130191864,0.33840560875596754,0.00999147901839436,0.32837628582186096,0.21107077270124433,0.33502006861230876,0.3388163693534141,0.21033587092086015,0.00999147901839436,0.3388531434992819,0.00999147901839436,0.39909242509813525,0.011659256008727371,0.00999147901839436,0.34122692167067276,0.013357355777672187,0.00999147901839436,0.33873041547477944,0.20666126693199374,0.017428052938101735,0.00999147901839436,0.3385212439668848,0.00999147901839436,0.00999147901839436,0.20670892629163956,0.33852084390762455,0.020240387596277786,0.014130085096626699,0.3397007313083689,0.00999147901839436,0.00999147901839436,0.00999147901839436,0.20626411226892152,0.3396568625370314,0.020240387596277786,0.014130085096626699,0.3380588855975694,0.00999147901839436,0.00999147901839436,0.209536164706295,0.33573186183108994,0.00999147901839436,0.021757627475268902,0.33880717524410175,0.00999147901839436,0.21098433359008567,0.00999147901839436,0.33949609887012033,0.00999147901839436,0.014101871912105837,0.022126683535184676,0.33846323083815066,0.00999147901839436,0.2091214912040617,0.33821146802039204,0.00999147901839436,0.00999147901839436,0.017481291715430072
0.04882589138631534,0.046625681979804046,0.0644068370725427,0.18605681452646197,0.8417671221342145,0.4223959607919136,0.6632340657792268,0.06422313268379509,0.06541509279129779,0.4009143228579992,0.3414431486938433,0.04724791050529928,0.21208672091070416,0.34152126045336284,0.3381018764940982,0.21149847043319273,0.3406499999217945,0.04554256022981491,0.3931001736263784,0.04554256022981491,0.3389184749038988,0.04554256022981491,0.3385777465893535,0.20903553938444697,0.3254827592686426,0.3342133950006396,0.21080318194252134,0.3388609766576393,0.04554256022981491,0.3962103164550175,0.04554256022981491,0.3277918379034174,0.2143318653317062,0.3337601319043468,0.04672522714829076,0.32928676454384626,0.397815857323136,0.04554256022981491,0.04554256022981491,0.40368669828108333,0.3423105779313176,0.04554256022981491,0.3417400447011468,0.04554256022981491,0.21703304391597453,0.3477836070539478,0.4028822630145883,0.049837707133236424,0.34167703850715697,0.3417654026764913,0.21070150403859317,0.04554256022981491,0.34158508580907065,0.40047877429941303,0.04856417728040468,0.3420564995317974,0.04554256022981491,0.4028188512498422,0.04554256022981491,0.34139080067194577,0.21509449424206284,0.34098525041043204,0.04774819594472547,0.34221007538491705,0.2153777833774001,0.3418414662470926,0.3416952678101524,0.21737816067770452,0.34129084307377466,0.04554256022981491,0.33135111081486757,0.2156921866041255,0.33793497599075933,0.34169804175629037,0.21497314865949999,0.04554256022981491,0.34173449741389844,0.04554256022981491,0.40152651895575814,0.045937275832808655,0.04554256022981491,0.3440878547218796,0.04639734817741354,0.04554256022981491,0.34161283255029745,0.2113794926914042,0.04772873023555486,0.04554256022981491,0.3414054747242341,0.04554256022981491,0.04554256022981491,0.21142608445435854,0.3414050781358375,0.04882589138631534,0.046625681979804046,0.3425747626647529,0.04554256022981491,0.04554256022981491,0.04554256022981491,0.21099125295688598,0.3425312720388537,0.04882589138631534,0.046625681979804046,0.340947132913722,0.04554256022981491,0.04554256022981491,0.2141908267600234,0.3386404834700029,0.04554256022981491,0.04947412003591707,0.341688927284241,0.04554256022981491,0.2156076078797594,0.04554256022981491,0.34237189493365916,0.04554256022981491,0.0466171396459546,0.049637528920085175,0.3413479649913733,0.04554256022981491,0.2137852179252306,0.3410983886852592,0.04554256022981491,0.04554256022981491,0.04774819594472547
0.18125633800443333,0.18067639226286442,0.18605681452646197,0.2550566344401454,0.854250804527962,0.45641830353739693,0.6834032006364013,0.18599333937725718,0.18640803187616925,0.4367293900530713,0.3831352095546911,0.18083787906221885,0.27459085027763863,0.3832045416245203,0.38017251267636265,0.27413758860857523,0.3824313914702625,0.18040006128158198,0.4296057172815428,0.18040006128158198,0.3808960399388866,0.18040006128158198,0.3805941024365681,0.27224538367756607,0.3690385447194878,0.3767321700422875,0.2736025066566788,0.38084508332795086,0.18040006128158198,0.43243844177539614,0.18040006128158198,0.37106910029171225,0.27632541375506914,0.3763316839518062,0.1807020930181891,0.3723853590662532,0.4339021261056095,0.18040006128158198,0.18040006128158198,0.4392619179660342,0.3839053196501385,0.18040006128158198,0.38339875174004884,0.18040006128158198,0.27842186226334803,0.3887732568674354,0.43852680670643945,0.18153136282708005,0.38334281991441793,0.3834212630949639,0.27352431683252976,0.18040006128158198,0.3832611954430943,0.43633176221012776,0.1811860518617155,0.3836797062541082,0.18040006128158198,0.43846886895113657,0.18040006128158198,0.3830887471926077,0.2769162592341854,0.38272884302626686,0.18096916405008623,0.38381607261666645,0.2771359482115032,0.3834887899844188,0.38335900220814856,0.2786904565867435,0.3830000321486518,0.18040006128158198,0.37420508578027495,0.277379899400218,0.3800246785528007,0.38336146467690924,0.27682219141705633,0.18040006128158198,0.38339382722170534,0.18040006128158198,0.4372883964403118,0.18050005972318042,0.18040006128158198,0.3854844210880049,0.18061763391769703,0.18040006128158198,0.3832858251737837,0.27404597496356325,0.18096403179351922,0.18040006128158198,0.38310177124808587,0.18040006128158198,0.18040006128158198,0.2740818484514151,0.38310141925185703,0.18125633800443333,0.18067639226286442,0.38413994281519903,0.18040006128158198,0.18040006128158198,0.18040006128158198,0.2737471725934676,0.3841013161767968,0.18125633800443333,0.18067639226286442,0.38269502023148744,0.18040006128158198,0.18040006128158198,0.2762162355061282,0.3806496922624849,0.18040006128158198,0.18143193398871094,0.38335337365436484,0.18040006128158198,0.27731425944624194,0.18040006128158198,0.38395977220478317,0.18040006128158198,0.18067418917051464,0.1814765374983616,0.38305072873750534,0.18040006128158198,0.2759024120318738,0.38282923850200207,0.18040006128158198,0.18040006128158198,0.18096916405008623
0.8410266581896736,0.8409383853098645,0.8417671221342145,0.854250804527962,1.0,0.9059462949354317,0.9723115739724912,0.8417572176122982,0.8418219801772141,0.9001968295464595,0.8851183822669786,0.8409629393438409,0.8583685318165085,0.8851372387193961,0.8843143789329444,0.8582702799578295,0.8849270695087943,0.8408964152537145,0.8981407658159102,0.8408964152537145,0.8845104058122225,0.8408964152537145,0.884428575881714,0.8578614798236919,0.8813246605210273,0.8833851493183944,0.8581544547929865,0.8844965932086329,0.8408964152537145,0.8989566982442802,0.8408964152537145,0.8818660849973872,0.8587456902435369,0.8832772896691042,0.8409422917773219,0.8822179747014147,0.8993791613349762,0.8408964152537145,0.8408964152537145,0.9009310485153911,0.8853279370261333,0.8408964152537145,0.8851900686550426,0.8408964152537145,0.8592039879425106,0.886657863788513,0.9007177566432284,0.8410686087521075,0.8851748523065217,0.885196193253083,0.858137544386321,0.8408964152537145,0.8851526484277846,0.9000817036235965,0.8410159464017201,0.8852665213220203,0.8408964152537145,0.900700951994778,0.8408964152537145,0.8851057468123557,0.8588745820607827,0.8850078994431235,0.8409829158120095,0.885303640129232,0.8589225611013128,0.885214566284484,0.8851792546012317,0.8592628976139485,0.8850816230780295,0.8408964152537145,0.8827056483609617,0.8589758733547282,0.8842743515492494,0.8851799245098859,0.8588540470886059,0.8408964152537145,0.8851887288822748,0.8408964152537145,0.9003587501496941,0.8409115966377569,0.8408964152537145,0.8857583491243378,0.8409294560369535,0.8408964152537145,0.8851593480499775,0.8582504365450793,0.8409821346360895,0.8408964152537145,0.8851092886231585,0.8408964152537145,0.8408964152537145,0.8582582060875671,0.8851091928991013,0.8410266581896736,0.8409383853098645,0.885391826405267,0.8408964152537145,0.8408964152537145,0.8408964152537145,0.8581857521630009,0.8853813066503362,0.8410266581896736,0.8409383853098645,0.8849987066331917,0.8408964152537145,0.8408964152537145,0.8587218965470088,0.8844436388992443,0.8408964152537145,0.8410534358690442,0.8851777233757389,0.8408964152537145,0.8589615250604805,0.8408964152537145,0.8853427628898987,0.8408964152537145,0.8409380504672636,0.8410602414549174,0.8850954083106048,0.8408964152537145,0.8586535441796724,0.8850351889101478,0.8408964152537145,0.8408964152537145,0.8409829158120095
0.4203356952353424,0.420089731777987,0.4223959607919136,0.45641830353739693,0.9059462949354317,0.5892571529065385,0.7679232618894999,0.4223684371526878,0.42254838869082595,0.5747515408013488,0.5366045402329032,0.4201581567172168,0.4673870315872407,0.5366524678424038,0.5345602530305007,0.46712656675924785,0.5361182341886118,0.4199727598714746,0.5695633970088966,0.4199727598714746,0.5350588136920248,0.4199727598714746,0.5348507041227741,0.4660422035445492,0.5269447781468475,0.5321956863752804,0.466819439188644,0.5350236866118608,0.4199727598714746,0.5716224772575154,0.4199727598714746,0.5283256027727721,0.46838632835374966,0.5319210863434433,0.42010061835707074,0.5292226296766109,0.5726884852122445,0.4199727598714746,0.4199727598714746,0.5766038933297876,0.5371371232731916,0.4199727598714746,0.5367867419580313,0.4199727598714746,0.4695994492223087,0.5405149367175639,0.5760657933361464,0.4204525597059682,0.5367480682727261,0.536802308017145,0.4667745918417726,0.4199727598714746,0.5366916342476039,0.5744610793637007,0.4203058519577054,0.536981045391433,0.4199727598714746,0.5760233976365864,0.4199727598714746,0.5365724241465176,0.46872763468820416,0.5363237092013096,0.4202138209883156,0.5370753777069113,0.46885465788148384,0.5368490037592446,0.5367592571437195,0.46975529265447663,0.5365111068139672,0.4199727598714746,0.5304652626323356,0.4689957843516318,0.5344584393222748,0.5367609597796115,0.4686732646721116,0.4199727598714746,0.5367833368284876,0.4199727598714746,0.5751600588234884,0.42001507286078055,0.4199727598714746,0.538230714444851,0.4200648470412166,0.4199727598714746,0.5367086623174606,0.46707395486169057,0.42021164432066294,0.4199727598714746,0.5365814265573206,0.4199727598714746,0.4199727598714746,0.46709455495147445,0.5365811832507074,0.4203356952353424,0.420089731777987,0.5372994788234907,0.4199727598714746,0.4199727598714746,0.4199727598714746,0.4669024369272881,0.5372727466588435,0.4203356952353424,0.420089731777987,0.5363003412097674,0.4199727598714746,0.4199727598714746,0.4683233115148331,0.5348890134901857,0.4199727598714746,0.42041029356819004,0.5367553653862972,0.4199727598714746,0.4689578036937104,0.4199727598714746,0.5371747995212367,0.4199727598714746,0.42008879862866755,0.42042925173321116,0.5365461460619014,0.4199727598714746,0.46814226339155623,0.5363930775258897,0.4199727598714746,0.4199727598714746,0.4202138209883156
0.6620380020362632,0.6618954141541425,0.6632340657792268,0.6834032006364013,0.9723115739724912,0.7679232618894999,0.8874253411374275,0.6632180672458609,0.6633226765841145,0.7583655209938027,0.7335438006002316,0.6619350765187708,0.6900622158381299,0.7335746598653377,0.7322283805495232,0.6899032657965916,0.7332307324082952,0.6618276194523277,0.7549615359234273,0.6618276194523277,0.7325490332247009,0.6618276194523277,0.7324151741807825,0.6892419516344852,0.7273428792731513,0.7307089410475313,0.6897158902178951,0.7325264377844299,0.6618276194523277,0.7563115536924353,0.6618276194523277,0.728226950658036,0.6906724068083671,0.7305326319298957,0.6619017243102184,0.7288016934625585,0.7570109728755432,0.6618276194523277,0.6618276194523277,0.7595827847474812,0.7338867665269003,0.6618276194523277,0.7336611200440515,0.6618276194523277,0.6914139377866227,0.7360645239822506,0.7592290730520697,0.6621057649779805,0.733636217025954,0.7336711436098372,0.6896885338735383,0.6618276194523277,0.7335998786995637,0.7581747360770639,0.6620206992208727,0.7337862460478262,0.6618276194523277,0.759201208435434,0.6618276194523277,0.7335231224411451,0.6908809476638816,0.7333629993110989,0.6619673446754906,0.7338469987453411,0.6909585769875076,0.7337012133067349,0.7336434217785313,0.6915092598151859,0.7334836439830662,0.6618276194523277,0.7295984183157478,0.6910448363296192,0.7321629104781041,0.7336445181463694,0.6908477226565864,0.6618276194523277,0.733658927366806,0.6618276194523277,0.7586338910797007,0.6618521421224259,0.6618276194523277,0.7345913492424331,0.6618809906071198,0.6618276194523277,0.7336108430807177,0.6898711638910466,0.6619660828358435,0.6618276194523277,0.7335289186634393,0.6618276194523277,0.6618276194523277,0.6898837331403258,0.7335287620095163,0.6620380020362632,0.6618954141541425,0.7339913401512699,0.6618276194523277,0.6618276194523277,0.6618276194523277,0.6897665209313764,0.7339741211899048,0.6620380020362632,0.6618954141541425,0.7333479562009453,0.6618276194523277,0.6618276194523277,0.6906339103771995,0.7324398140261617,0.6618276194523277,0.6620812561580857,0.7336409157874083,0.6618276194523277,0.6910216206581855,0.6618276194523277,0.7339110329796489,0.6618276194523277,0.6618948732794939,0.6620922492500712,0.7335062034190217,0.6618276194523277,0.6905233224399057,0.733407656328028,0.6618276194523277,0.6618276194523277,0.6619673446754906
0.0485833062277971,0.04637158810315548,0.06422313268379509,0.18599333937725718,0.8417572176122982,0.4223684371526878,0.6632180672458609,0.06403890129793131,0.0652342278863819,0.4008852346660035,0.3414087796193757,0.04699718090757263,0.21203106140164402,0.3414868994571731,0.3380671585126665,0.21144265544994167,0.3406155486189669,0.04528238896522007,0.3930704774005234,0.04528238896522007,0.33888384280450395,0.04528238896522007,0.33854307870380007,0.2089790640016311,0.32544666142818834,0.3341782625314643,0.21074718208238083,0.33882633852414357,0.04528238896522007,0.3961808648966899,0.04528238896522007,0.3277560002108733,0.21427679141297026,0.3337249505154177,0.046471677564241996,0.3292510933949165,0.397786530680264,0.04528238896522007,0.04528238896522007,0.4036578205783455,0.342276298367464,0.04528238896522007,0.34170570631264996,0.04528238896522007,0.21697865857049436,0.347749882383013,0.40285332451116307,0.049600070890895236,0.34164269361087257,0.34173106690652166,0.210645477040653,0.04528238896522007,0.3415507314110349,0.40044965279458433,0.04832027822622555,0.34202219379452165,0.04528238896522007,0.4027899079441258,0.04528238896522007,0.3413564261816878,0.21503961647095118,0.34095083390892666,0.047500107206388545,0.34217578547243493,0.215322978116349,0.3418071383293972,0.34166092479697335,0.21732386208265228,0.34125645823773343,0.04528238896522007,0.3313156672619834,0.21563746159538347,0.3379002404072329,0.34166369902964666,0.21491823977093175,0.04528238896522007,0.34170015845252577,0.04528238896522007,0.40149747747463593,0.04567935278489531,0.04528238896522007,0.34405375720436143,0.04614199692162934,0.04528238896522007,0.34157848101993316,0.21132364615780083,0.04748053978679652,0.04528238896522007,0.34137110175227603,0.04528238896522007,0.04528238896522007,0.21137025028010234,0.34137070512284695,0.0485833062277971,0.04637158810315548,0.3425405102759162,0.04528238896522007,0.04528238896522007,0.04528238896522007,0.21093530322429152,0.3424970151791754,0.0485833062277971,0.04637158810315548,0.3409127124586667,0.04528238896522007,0.04528238896522007,0.21413571641413387,0.33860582217880225,0.04528238896522007,0.049234728914747054,0.3416545836161013,0.04528238896522007,0.21555286130493287,0.04528238896522007,0.3423376216806838,0.04528238896522007,0.0463629989522003,0.0493989297072058,0.34131358606826107,0.04528238896522007,0.21373000255324462,0.341063983913473,0.04528238896522007,0.04528238896522007,0.047500107206388545
0.05014840119329939,0.04800884040595138,0.06541509279129779,0.18640803187616925,0.8418219801772141,0.42254838869082595,0.6633226765841145,0.0652342278863819,0.0664080416424645,0.40107541170060756,0.3416334659709999,0.04861336819012241,0.21239477201990423,0.34171153302561663,0.33829412459007285,0.21180738055349665,0.3408407722465895,0.04695763364910969,0.3932646282033552,0.04695763364910969,0.3391102477402594,0.04695763364910969,0.3387697174617816,0.20934809814294253,0.3256826429891548,0.33440793678244946,0.2111131135107854,0.339052782885977,0.04695763364910969,0.39637341670201837,0.04695763364910969,0.32799028211049547,0.21463668088295504,0.33395494439385565,0.048105523449452056,0.3294842871796553,0.39797826610812886,0.04695763364910969,0.04695763364910969,0.40384662194972026,0.34250039985875935,0.04695763364910969,0.3419301921631221,0.04695763364910969,0.2173340546771212,0.3479703581599282,0.40304252324974765,0.05113405413463936,0.34186722198305003,0.34195553564760994,0.2110115855422042,0.04695763364910969,0.3417753218673612,0.4006400475458018,0.049893624799555,0.3422464663026277,0.04695763364910969,0.40297913806838753,0.04695763364910969,0.3415811479198853,0.21539822598147298,0.3411758301467048,0.04909974257778764,0.3423999545815712,0.21568111445825772,0.34203155576391664,0.3418854408649886,0.2176786920725995,0.3414812475748574,0.04695763364910969,0.331547374030172,0.2159950742431082,0.3381273214940656,0.34188821322545243,0.21527705233940198,0.04695763364910969,0.34192464804615436,0.04695763364910969,0.4016873492289944,0.04734055202903844,0.04695763364910969,0.34427666920116573,0.04778711605775498,0.04695763364910969,0.3418030527389827,0.2116885771291861,0.04908081290759611,0.04695763364910969,0.3415958135699576,0.04695763364910969,0.04695763364910969,0.21173510060612077,0.3415954172086356,0.05014840119329939,0.04800884040595138,0.3427644342057619,0.04695763364910969,0.04695763364910969,0.04695763364910969,0.21130090757133435,0.3427209683214999,0.05014840119329939,0.04800884040595138,0.3411377345287343,0.04695763364910969,0.04695763364910969,0.21449584358701115,0.33883241785014756,0.04695763364910969,0.05077974995226415,0.34187910396361415,0.04695763364910969,0.21591061468454467,0.04695763364910969,0.34256168193675135,0.04695763364910969,0.04800054422633966,0.050938970580734814,0.34153833677055356,0.04695763364910969,0.2140908150630226,0.3412889035098584,0.04695763364910969,0.04695763364910969,0.04909974257778764
0.3987363809879171,0.3984762921235144,0.4009143228579992,0.4367293900530713,0.9001968295464595,0.5747515408013488,0.7583655209938027,0.4008852346660035,0.40107541170060756,0.559775210723768,0.5203007198179058,0.3985486482835514,0.44822272892535586,0.5203504078796165,0.5181811041163447,0.44795007395569814,0.5197965365810524,0.39835259687169283,0.5544145202450967,0.39835259687169283,0.5186980790821503,0.39835259687169283,0.518482286402492,0.4468148246154457,0.5102808058434164,0.5157288187888615,0.4476285560953591,0.5186616555016095,0.39835259687169283,0.556542356991231,0.39835259687169283,0.5117137764080877,0.449268677302491,0.5154439905048824,0.39848780425495084,0.5126445581819682,0.5576438175654441,0.39835259687169283,0.39835259687169283,0.5616886171010388,0.5208528511026848,0.39835259687169283,0.5204896127242306,0.39835259687169283,0.450538184248323,0.5243539198506332,0.5611328106637511,0.3988599510903765,0.5204495190935907,0.5205057502608491,0.44758160597636487,0.39835259687169283,0.5203910127355313,0.5594751496302377,0.39870482472131047,0.5206910477032766,0.39835259687169283,0.5610890188923147,0.39835259687169283,0.520267423917193,0.4496258749941343,0.5200095683133109,0.3986075096961453,0.5207888408017332,0.44975880695344334,0.5205541601847709,0.5204611187929044,0.45070125173404835,0.520203853716951,0.39835259687169283,0.5139337952685877,0.4499064947518707,0.5180755264816425,0.5204628839442561,0.4495689749274894,0.39835259687169283,0.5204860825784117,0.39835259687169283,0.5601972181629433,0.3983973423697499,0.39835259687169283,0.5219864838074645,0.39844997736678534,0.39835259687169283,0.5204086661361552,0.447894998207429,0.3986052080249204,0.39835259687169283,0.5202767570514988,0.39835259687169283,0.39835259687169283,0.4479165630748609,0.5202765048065966,0.3987363809879171,0.3984762921235144,0.5210211595976841,0.39835259687169283,0.39835259687169283,0.39835259687169283,0.4477154443839411,0.5209934474693415,0.3987363809879171,0.3984762921235144,0.5199853411581752,0.39835259687169283,0.39835259687169283,0.4492027240228259,0.5185220104633294,0.39835259687169283,0.39881526016848834,0.5204570841411247,0.39835259687169283,0.4498667486369833,0.39835259687169283,0.5208919090516226,0.39835259687169283,0.3984753053531173,0.39883530601257766,0.5202401803974038,0.39835259687169283,0.449013235385543,0.5200814867231471,0.39835259687169283,0.39835259687169283,0.3986075096961453
0.3388672180056125,0.3385592476159707,0.3414431486938433,0.3831352095546911,0.8851183822669786,0.5366045402329032,0.7335438006002316,0.3414087796193757,0.3416334659709999,0.5203007198179058,0.47701089110416234,0.33864493195798867,0.39628784570138853,0.4770657134253644,0.474671389491213,0.3959769203972935,0.47645455830318567,0.33841275372806306,0.5144502279345061,0.33841275372806306,0.4752421514968053,0.33841275372806306,0.4750039197032012,0.3946817720527804,0.46593620346876685,0.4719625690010305,0.39561020774097966,0.475201941665843,0.33841275372806306,0.5167734506918285,0.33841275372806306,0.4675224427314688,0.3974801312779687,0.47164779400724693,0.33857288070480424,0.46855233758690745,0.5179755485062336,0.33841275372806306,0.33841275372806306,0.5223870206996696,0.4776200221261595,0.33841275372806306,0.477219297360247,0.33841275372806306,0.39892625093311834,0.48147989971514166,0.5217810947624564,0.3390135103146223,0.47717506302323925,0.4772371013459224,0.3955566519987911,0.33841275372806306,0.47711051328780635,0.51997345437194,0.33882985638816804,0.47744152662183914,0.33841275372806306,0.5217333505263739,0.33841275372806306,0.4769741542256141,0.3978871326426478,0.47668963635386097,0.3387146314379776,0.4775494095066643,0.39803857698285533,0.477290509755127,0.47718786075395964,0.3991119251720962,0.4769040131839799,0.33841275372806306,0.4699782878142962,0.39820681801417945,0.47455481485025897,0.47718980820792856,0.3978223048819209,0.33841275372806306,0.4772154026595435,0.33841275372806306,0.5207609456970884,0.33846574839269694,0.33841275372806306,0.4788703303722614,0.3385280841537017,0.33841275372806306,0.4771299903203352,0.3959141078904755,0.33871190603660284,0.33841275372806306,0.47698445193823635,0.33841275372806306,0.33841275372806306,0.3959387023294636,0.476984173624283,0.3388672180056125,0.3385592476159707,0.47780568344503993,0.33841275372806306,0.33841275372806306,0.33841275372806306,0.39570931670617027,0.47777511488666435,0.3388672180056125,0.3385592476159707,0.4766629028282616,0.33841275372806306,0.33841275372806306,0.39740497269292885,0.4750477757831304,0.33841275372806306,0.3389606035561993,0.47718340940402654,0.33841275372806306,0.3981615420172836,0.33841275372806306,0.4776631079415398,0.33841275372806306,0.3385580790392777,0.3389843348416304,0.47694409490452344,0.33841275372806306,0.3971890200033179,0.47676899363621106,0.33841275372806306,0.33841275372806306,0.3387146314379776
0.021635254865988093,0.016064565727846505,0.04724791050529928,0.18083787906221885,0.8409629393438409,0.4201581567172168,0.6619350765187708,0.04699718090757263,0.04861336819012241,0.3985486482835514,0.33864493195798867,0.017789919570728605,0.2075252979880046,0.3387237065735642,0.3352750268282286,0.20692402986560632,0.3378450357911599,0.012579372848886754,0.3906847721085721,0.012579372848886754,0.3360986737858479,0.012579372848886754,0.3357550084673085,0.2044057776693218,0.3225426003804659,0.3313525211370072,0.20621325876458277,0.3360406803205492,0.012579372848886754,0.3938149268608331,0.012579372848886754,0.3248730503206954,0.20981945173525995,0.3308952416689524,0.01635123621192455,0.326381656435703,0.3954306836896068,0.012579372848886754,0.012579372848886754,0.40133823388456896,0.3395197056967238,0.012579372848886754,0.33894434585547145,0.012579372848886754,0.21257821574012165,0.34503825431186297,0.4005288276128134,0.02383094454751008,0.3388808056795332,0.33896991868743676,0.20610930790562126,0.012579372848886754,0.3387880733321701,0.39811037577495256,0.02103796162648008,0.33926347977117344,0.012579372848886754,0.40046502320954935,0.012579372848886754,0.3385921395459647,0.21059848916603244,0.3381831420130505,0.0190789550416755,0.33941835405136134,0.21088784310583458,0.3390466265542951,0.33889918949684017,0.21293058419734606,0.3384913330247413,0.012579372848886754,0.328464694137221,0.21120895811069867,0.3351066816240064,0.33890198695395785,0.210474540735839,0.012579372848886754,0.33893875156225595,0.012579372848886754,0.39916466377982607,0.013940918843063215,0.012579372848886754,0.34131191825710167,0.015389279413334898,0.012579372848886754,0.33881605537567305,0.20680241016320394,0.019030186404288798,0.012579372848886754,0.3386069381818253,0.012579372848886754,0.012579372848886754,0.2068500368836796,0.33860653822650766,0.021635254865988093,0.016064565727846505,0.33978612009443565,0.012579372848886754,0.012579372848886754,0.012579372848886754,0.20640552807141635,0.33974226264647633,0.021635254865988093,0.016064565727846505,0.33814470009878683,0.012579372848886754,0.012579372848886754,0.20967536547617582,0.33581828655847484,0.012579372848886754,0.023060904465080197,0.338892795229496,0.012579372848886754,0.21112257580138807,0.012579372848886754,0.33958154049978184,0.012579372848886754,0.01603975557277076,0.02340942300019043,0.33854894012835934,0.012579372848886754,0.20926096887910678,0.33829724279113454,0.012579372848886754,0.012579372848886754,0.0190789550416755
0.20788990157850412,0.2073846485558729,0.21208672091070416,0.27459085027763863,0.8583685318165085,0.4673870315872407,0.6900622158381299,0.21203106140164402,0.21239477201990423,0.44822272892535586,0.39628784570138853,0.2075252979880046,0.2928109836394125,0.3963547702753813,0.3934287511516879,0.2923863243823035,0.39560851076595804,0.20714404399048933,0.44129886382194305,0.20714404399048933,0.39412684586142605,0.20714404399048933,0.3938355112935664,0.2906144392218973,0.3826972748555656,0.390110522150482,0.29188511653565596,0.3940776776155195,0.20714404399048933,0.44405146186972877,0.20714404399048933,0.38465282822751795,0.29443686208579584,0.3897243796847991,0.20740703100524369,0.3859208571970934,0.4454740949807077,0.20714404399048933,0.20714404399048933,0.4506855557207232,0.39703125754796303,0.20714404399048933,0.39654224071160105,0.20714404399048933,0.2964035618885589,0.4017325963073547,0.44997060598930355,0.2081296407674454,0.39648824927082094,0.39656397124464865,0.29181188650298295,0.20714404399048933,0.39640945741106126,0.44783610719195255,0.20782864709380305,0.3968134559270423,0.20714404399048933,0.4499142597038786,0.20714404399048933,0.39624299713554223,0.29499096312858547,0.3958956054017443,0.20763966492956498,0.39694509968763103,0.295197025345821,0.3966291564034813,0.3965038701175535,0.29665565875095207,0.3961573644289803,0.20714404399048933,0.38767440282053617,0.29542586739004806,0.39328612406037083,0.39650624715428184,0.2949027359962089,0.20714404399048933,0.3965374870143762,0.20714404399048933,0.44876629113937744,0.20723110354003044,0.20714404399048933,0.39855590945703423,0.20733347956492068,0.20714404399048933,0.39643323230459765,0.29230050211262043,0.20763519366722272,0.20714404399048933,0.39625556878626433,0.20714404399048933,0.20714404399048933,0.29233410744009286,0.3962552290166507,0.20788990157850412,0.2073846485558729,0.39725776558009845,0.20714404399048933,0.20714404399048933,0.20714404399048933,0.2920206125703793,0.39722047435527696,0.20788990157850412,0.2073846485558729,0.3958629595602776,0.20714404399048933,0.20714404399048933,0.2943344889152718,0.39388914789111834,0.20714404399048933,0.20804295859944535,0.39649843684249697,0.20714404399048933,0.2953642905245577,0.20714404399048933,0.3970838259197247,0.20714404399048933,0.20738272994739587,0.2080818425833372,0.3962062994484714,0.20714404399048933,0.2940402527640932,0.3959925084352604,0.20714404399048933,0.20714404399048933,0.20763966492956498
0.33894593958073876,0.3386380426948465,0.34152126045336284,0.3832045416245203,0.8851372387193961,0.5366524678424038,0.7335746598653377,0.3414868994571731,0.34171153302561663,0.5203504078796165,0.4770657134253644,0.3387237065735642,0.3963547702753813,0.4771205287592129,0.4747265112669085,0.3960439001669517,0.47650945160855557,0.3384915838159432,0.5145005688139882,0.3384915838159432,0.4752971999847072,0.3384915838159432,0.47505899876269186,0.39474898260495733,0.46599246594662236,0.4720180406530751,0.3956772527130211,0.47525699531192894,0.3384915838159432,0.5168235309419258,0.3384915838159432,0.46757849535655843,0.3975468449380514,0.4717033065382283,0.33865167252713274,0.4686082546147106,0.5180254946256944,0.3384915838159432,0.3384915838159432,0.5224364787495417,0.47767476688712485,0.3384915838159432,0.47727409312636315,0.3384915838159432,0.39899271034238043,0.48153415685688594,0.5218306194665642,0.33909219701887455,0.47722986442404447,0.4772918948443683,0.3956237065025465,0.3384915838159432,0.4771653229127182,0.520023178645344,0.33890858687360803,0.4774962940931654,0.3384915838159432,0.5217828804876771,0.3384915838159432,0.4770289812298594,0.39795377457257175,0.47674449964779486,0.33879338941512155,0.47760416325010563,0.3981051922567868,0.4773452964518736,0.4772426605244645,0.3991783520603038,0.4769588491311693,0.3384915838159432,0.4700340179407719,0.39827340369769354,0.47460995161295283,0.47724460773035426,0.39788895822803444,0.3384915838159432,0.47727019892174166,0.3384915838159432,0.5208105828955193,0.3385445658125892,0.3384915838159432,0.4789249164553027,0.33860688667756184,0.3384915838159432,0.47718479746353276,0.39598109882040256,0.33879066466422203,0.3384915838159432,0.4770392776297165,0.3384915838159432,0.3384915838159432,0.3960056888891608,0.4770389993512423,0.33894593958073876,0.3386380426948465,0.47786040459915424,0.3384915838159432,0.3384915838159432,0.3384915838159432,0.3957763440453586,0.4778298399265061,0.33894593958073876,0.3386380426948465,0.47671776953388934,0.3384915838159432,0.3384915838159432,0.39747169961387524,0.47510284921274337,0.3384915838159432,0.3390393028682011,0.47723820974157954,0.3384915838159432,0.3982281356617152,0.3384915838159432,0.47771784722275734,0.3384915838159432,0.3386368743973029,0.33906302849796927,0.4769989257410429,0.3384915838159432,0.39725578505246645,0.47682384680459217,0.3384915838159432,0.3384915838159432,0.33879338941512155
0.3354996043015643,0.3351884584286424,0.3381018764940982,0.38017251267636265,0.8843143789329444,0.5345602530305007,0.7322283805495232,0.3380671585126665,0.33829412459007285,0.5181811041163447,0.474671389491213,0.3352750268282286,0.3934287511516879,0.4747265112669085,0.4723190537207826,0.3931154515478121,0.47411201451466445,0.33504045206157884,0.5123026702174659,0.33504045206157884,0.47289295682664495,0.33504045206157884,0.47265341474858685,0.39181037537281815,0.46353496912834413,0.46959523671632913,0.39274593408548664,0.47285252591902677,0.33504045206157884,0.5146370490307279,0.33504045206157884,0.4651302053442402,0.39463010900804696,0.4692787094606341,0.3352022322075842,0.46616591333670215,0.5158448879247197,0.33504045206157884,0.33504045206157884,0.520277248908469,0.4752838444517651,0.33504045206157884,0.47488093380592467,0.33504045206157884,0.3960871641924778,0.47916461793050086,0.5196684704011658,0.3356474030577316,0.4748364579864343,0.47489883497566887,0.3926919683131231,0.33504045206157884,0.4747715557947434,0.5178522888520237,0.3354618577487683,0.47510437567459907,0.33504045206157884,0.5196205011733327,0.33504045206157884,0.4746344519128597,0.3950401956377008,0.4743483787757431,0.3353454451181462,0.47521284688095755,0.39519278648934736,0.4749525348805303,0.47484932558599535,0.3962742371208815,0.47456392760536287,0.33504045206157884,0.46759987577207723,0.3953623002338709,0.47220183673216737,0.474851283671752,0.39497487684758587,0.33504045206157884,0.4748770178449493,0.33504045206157884,0.5186435068609357,0.3350939940182906,0.33504045206157884,0.4765409528121623,0.3351569733255899,0.33504045206157884,0.47479113918489574,0.39305215896488244,0.3353426916151642,0.33504045206157884,0.47464480588630126,0.33504045206157884,0.33504045206157884,0.39307694139624183,0.4746445260518267,0.3354996043015643,0.3351884584286424,0.47547051745691615,0.33504045206157884,0.33504045206157884,0.33504045206157884,0.3928458015678544,0.4754397823737342,0.3354996043015643,0.3351884584286424,0.4743214990345447,0.33504045206157884,0.33504045206157884,0.3945543800372684,0.47269751212336486,0.33504045206157884,0.33559395163771555,0.4748448499344094,0.33504045206157884,0.39531668183126006,0.33504045206157884,0.4753271651057364,0.33504045206157884,0.33518727779201085,0.33561792725120565,0.4746042283529253,0.33504045206157884,0.39433678733612354,0.4744281700099671,0.33504045206157884,0.33504045206157884,0.3353454451181462
0.20728969495803334,0.20678296995218937,0.21149847043319273,0.27413758860857523,0.8582702799578295,0.46712656675924785,0.6899032657965916,0.21144265544994167,0.21180738055349665,0.44795007395569814,0.3959769203972935,0.20692402986560632,0.2923863243823035,0.3960439001669517,0.3931154515478121,0.29196103834781767,0.3952970242035307,0.2065416618984453,0.4410215770338827,0.2065416618984453,0.3938141289345404,0.2065416618984453,0.393522551432656,0.29018651858786004,0.3823747689502526,0.3897944264062459,0.2914590884412529,0.39376491971231914,0.2065416618984453,0.44377603178157016,0.2065416618984453,0.38433203570510405,0.29401458616897247,0.3894079556729678,0.20680541776129271,0.38560116698372804,0.4451996165221549,0.2065416618984453,0.2065416618984453,0.45041451796627147,0.3967209443994519,0.2065416618984453,0.39623152512633186,0.2065416618984453,0.29598413467803947,0.4014261058023555,0.4496991003677718,0.2075301300961688,0.3961774891968166,0.3962532735620818,0.2913857497790926,0.2065416618984453,0.396098632392701,0.4475631969250725,0.20722826239784112,0.39650296365214927,0.2065416618984453,0.4496427171534492,0.2065416618984453,0.39593203483316397,0.29456949357489304,0.395584356251545,0.2070387301743107,0.3966347157021844,0.29477585491054803,0.39631851241279786,0.39619312291622144,0.29623659402063807,0.3958463314614375,0.2065416618984453,0.3873562258671208,0.29500502866124806,0.3929727051736922,0.3961955019117117,0.29448113824746697,0.2065416618984453,0.3962267675125305,0.2065416618984453,0.4484939944434233,0.20662897618424705,0.2065416618984453,0.3982468451440346,0.2067316514880204,0.2065416618984453,0.39612242688526633,0.2918750891915806,0.2070342458856213,0.2065416618984453,0.39594461685578236,0.2065416618984453,0.2065416618984453,0.29190874421257657,0.395944276805859,0.20728969495803334,0.20678296995218937,0.39694763852517123,0.2065416618984453,0.2065416618984453,0.2065416618984453,0.2915947853300386,0.3969103166763024,0.20728969495803334,0.20678296995218937,0.3955516834297839,0.2065416618984453,0.2065416618984453,0.29391206369297773,0.39357623278103754,0.2065416618984453,0.20744319647967174,0.39618768516387226,0.2065416618984453,0.29494336258961606,0.2065416618984453,0.3967735559776722,0.2065416618984453,0.20678104574046466,0.2074821932844889,0.3958953068661806,0.2065416618984453,0.2936173978479449,0.39568133934666916,0.2065416618984453,0.2065416618984453,0.2070387301743107
