0.0,0.46505213415761487,0.8408964152537145,0.7082462622173437,0.6459228246024328,0.24512061919936062,0.4006403660304001,0.0,0.3988557655641286,0.2436115865476225,0.3989736740839271,0.18319752634073708,0.3482656824609326,0.24269933301834581,0.3965393933197968,0.39037218856836375,0.23907858474177318,0.39569088320861573,0.0,0.3950131820481818,0.23934321811993592,0.3784185142724723,0.0,0.4622544295712968,0.010411751937516561,0.39560436139057215,0.0,0.4649664587156314,0.0,0.38186665067580083,0.46369787174938976,0.016091171714369863,0.3839580502942769,0.24499439969595382,0.39316700401621774,0.0,0.4001173515231273,0.4734529569303525,0.0,0.0,0.39887247502650863,0.24378004382385401,0.40187734046270057,0.40040248665961253,0.0,0.2459799265683569,0.39914404086020544,0.47013066279261967,0.0,0.39903333325407914,0.01193583367004411,0.4702712625873099,0.3992098805918623,0.0,0.24803380258618438,0.39821463339807306,0.3989731967804085,0.0,0.4723445912458704,0.011905110746832186,0.39894073901781896,0.24723510993293715,0.39951558216976135,0.0,0.3989674691008383,0.47400419552547945,0.0,0.0,0.4617465900945253,0.3944145067864874,0.0,0.39952702428888365,0.2464570496739002,0.3991139805648854,0.0,0.47116766245598257,0.0,0.0,0.0,0.4019731635145078,0.0,0.0,0.39871920337824024,0.2419054819437942,0.0,0.0,0.39879226425195996,0.011905110746832186,0.0,0.0,0.4703411310628603,0.0,0.010446867556912369,0.39989112180682473,0.0,0.0,0.2420659768842134,0.40017258294527125,0.0,0.0,0.0,0.39826530574889646,0.0,0.24588259610531518,0.0,0.39521385307096113,0.0,0.0,0.39866046002152483,0.0,0.0,0.2477054088554387,0.3999806739483434,0.01193583367004411,0.0,0.010411751937516561,0.3984000869743496,0.24547189592984278,0.0,0.0,0.3983479952244213,0.0,0.0,0.3977554670859924,0.0
0.46505213415761487,0.6498536824265719,0.9183136765113207,0.8227013618285899,0.7771054431412308,0.523970272385647,0.6084267062048585,0.46505213415761487,0.607321986693741,0.5232918212928641,0.6073948968034708,0.49891751173423465,0.5771440109817291,0.5228832315781827,0.6058919017258162,0.602105710602665,0.5212731455656092,0.6053691339096038,0.46505213415761487,0.6049520223557968,0.5213901925160599,0.5948579022975852,0.46505213415761487,0.6479972121514913,0.465165911435403,0.6053158606224958,0.46505213415761487,0.6497967614338341,0.46505213415761487,0.5969360452748161,0.6489544505340713,0.46532384206994626,0.5982015020464274,0.5239134024648041,0.6038176408352645,0.46505213415761487,0.6081026812587916,0.6554559276898986,0.46505213415761487,0.46505213415761487,0.6073323185061024,0.5233673999188337,0.6091939197800748,0.608279304937589,0.46505213415761487,0.5243580378618056,0.6075002647951855,0.6532354869044187,0.46505213415761487,0.6074317919991972,0.4652016527177548,0.6533293271861579,0.60754099141484,0.46505213415761487,0.5252890321336413,0.6069257306582762,0.6073946016347719,0.46505213415761487,0.654714451279249,0.4652008841197509,0.6073745298975685,0.5249262974267553,0.6077301353927983,0.46505213415761487,0.6073910596015516,0.6558249574039642,0.46505213415761487,0.46505213415761487,0.6476607297363626,0.6045838614106166,0.46505213415761487,0.6077372163253423,0.5245737870332785,0.6074816714917597,0.46505213415761487,0.6539278788550253,0.46505213415761487,0.46505213415761487,0.46505213415761487,0.6092534031984639,0.46505213415761487,0.46505213415761487,0.6072375558241984,0.5225286287959557,0.46505213415761487,0.46505213415761487,0.607282724540674,0.4652008841197509,0.46505213415761487,0.46505213415761487,0.6533759636456229,0.46505213415761487,0.46516668009685774,0.6079625920602747,0.46505213415761487,0.46505213415761487,0.5226002479340255,0.6081368886590893,0.46505213415761487,0.46505213415761487,0.46505213415761487,0.606957037011369,0.46505213415761487,0.5243140652797844,0.46505213415761487,0.6050754923600259,0.46505213415761487,0.46505213415761487,0.6072012417938539,0.46505213415761487,0.46505213415761487,0.5251397812902633,0.6080180409268644,0.4652016527177548,0.46505213415761487,0.465165911435403,0.6070403175043343,0.5241286623862953,0.46505213415761487,0.46505213415761487,0.6070081285982413,0.46505213415761487,0.46505213415761487,0.6066421431739442,0.46505213415761487
0.8408964152537145,0.9183136765113207,1.0,0.9830597125003208,0.9683182429472934,0.8650521087601787,0.9007984768888064,0.8408964152537145,0.9003290106821289,0.8647686672083097,0.9003599967679351,0.8546577596332792,0.8874968420141239,0.864598015089109,0.899721187347361,0.8981115479113937,0.8639258957765811,0.8994989743170587,0.8408964152537145,0.8993216642844138,0.8639747371713029,0.8950291691445086,0.8408964152537145,0.9175343858415135,0.8409419900588455,0.8994763287704773,0.8408964152537145,0.9182897933905891,0.8408964152537145,0.8959130619972631,0.9179362945258656,0.8410052590070535,0.896451269829875,0.8650283460326448,0.8988394145194567,0.8408964152537145,0.9006607843967688,0.9206608412477147,0.8408964152537145,0.8408964152537145,0.9003334016175859,0.8648002373959501,0.9011244773532433,0.9007358402720286,0.8408964152537145,0.8652141522925206,0.9004047766724079,0.9197313803758582,0.8408964152537145,0.9003756767663467,0.8409563076402706,0.9197706839037233,0.9004220847611152,0.8408964152537145,0.8656033351155399,0.9001606011930946,0.9003598713246447,0.8408964152537145,0.9203505899536965,0.8409559997429878,0.9003513410578883,0.8654516798224321,0.9005024664966346,0.8408964152537145,0.9003583660010701,0.9208152043758717,0.8408964152537145,0.8408964152537145,0.9173930652439027,0.8991651567490703,0.8408964152537145,0.9005054756911658,0.8653043255712416,0.9003968748217983,0.8408964152537145,0.9200213312776708,0.8408964152537145,0.8408964152537145,0.8408964152537145,0.9011497513926091,0.8408964152537145,0.8408964152537145,0.9002931280590997,0.8644499403154631,0.8408964152537145,0.8408964152537145,0.9003123245414578,0.8409559997429878,0.8408964152537145,0.8408964152537145,0.9197902161181791,0.8408964152537145,0.8409422979715168,0.9006012526223773,0.8408964152537145,0.8408964152537145,0.8644798447980678,0.9006753208894359,0.8408964152537145,0.8408964152537145,0.8408964152537145,0.9001739067223339,0.8408964152537145,0.8651957749688447,0.8408964152537145,0.8993741509263835,0.8408964152537145,0.8408964152537145,0.9002776947024484,0.8408964152537145,0.8408964152537145,0.8655409316958473,0.9006248160835982,0.8409563076402706,0.8408964152537145,0.8409419900588455,0.900209301578604,0.8651182946059163,0.8408964152537145,0.8408964152537145,0.9001956210830614,0.8408964152537145,0.8408964152537145,0.9000400714090675,0.8408964152537145
0.7082462622173437,0.8227013618285899,0.9830597125003208,0.931602197029221,0.9037698246817943,0.7434277494732084,0.7962204731223081,0.7082462622173437,0.7955178189896304,0.7430134137174881,0.7955641862065598,0.7282608320646876,0.7764249120204892,0.7427639765162795,0.7946085605544894,0.7922032012697501,0.7417817227186396,0.7942762791527103,0.7082462622173437,0.794011193052719,0.7418530921838911,0.7876069436953378,0.7082462622173437,0.8215105922227425,0.7083124628014495,0.7942424205934775,0.7082462622173437,0.8226648481287601,0.7082462622173437,0.7889236622613184,0.8221245489890442,0.7084043660535762,0.7897259215742454,0.7433930112348777,0.79329043456403,0.7082462622173437,0.7960143541273801,0.8262961121028882,0.7082462622173437,0.7082462622173437,0.795524389449164,0.7430595607929833,0.7967085914082186,0.7961267056859058,0.7082462622173437,0.7436646464145036,0.7956311968036924,0.8248711097859369,0.7082462622173437,0.7955876501058737,0.7083332601732856,0.8249313274998483,0.7956570981638298,0.7082462622173437,0.7442336695278846,0.7952658374079449,0.7955639984918665,0.7082462622173437,0.825820227307164,0.7083328129287207,0.795551233762416,0.744011924037414,0.7957773942567699,0.7082462622173437,0.7955617459112145,0.826532968968212,0.7082462622173437,0.7082462622173437,0.8212947942345121,0.7937772447246703,0.7082462622173437,0.7957818978802838,0.7437964805065312,0.7956193719183349,0.7082462622173437,0.8253154329272663,0.7082462622173437,0.7082462622173437,0.7082462622173437,0.796746440621917,0.7082462622173437,0.7082462622173437,0.795464126397626,0.7425475536405685,0.7082462622173437,0.7082462622173437,0.7954928506225388,0.7083328129287207,0.7082462622173437,0.7082462622173437,0.8249612545124503,0.7082462622173437,0.708312910067502,0.7959252465585075,0.7082462622173437,0.7082462622173437,0.7425912603620706,0.796036113238776,0.7082462622173437,0.7082462622173437,0.7082462622173437,0.7952857442198051,0.7082462622173437,0.7436377792025226,0.7082462622173437,0.7940896581667723,0.7082462622173437,0.7082462622173437,0.7954410334299045,0.7082462622173437,0.7082462622173437,0.7441424235934424,0.7959605158880586,0.7083332601732856,0.7082462622173437,0.7083124628014495,0.795338700803888,0.7435245069386401,0.7082462622173437,0.7082462622173437,0.7953182322947223,0.7082462622173437,0.7082462622173437,0.795085520771415,0.7082462622173437
0.6459228246024328,0.7771054431412308,0.9683182429472934,0.9037698246817943,0.8708262530006127,0.6863434986159698,0.746780876890552,0.6459228246024328,0.7459767906247464,0.6858684629671976,0.7460298507454444,0.6689409861514177,0.7241300937584378,0.6855824743124351,0.7449362974326729,0.7421838722573869,0.6844562180685794,0.744556063083705,0.6459228246024328,0.7442527233769871,0.6845380542341145,0.7369247232461752,0.6459228246024328,0.7757405395260594,0.6459990803045217,0.7445173184170515,0.6459228246024328,0.7770635873694985,0.6459228246024328,0.7384313163834458,0.7764442588460821,0.646104941166498,0.7393492728400606,0.6863036719702106,0.7434279638332963,0.6459228246024328,0.7465450018443561,0.781226908388306,0.6459228246024328,0.6459228246024328,0.7459843094972692,0.6859213714861693,0.7473394671101139,0.7466735726949498,0.6459228246024328,0.6866150923876573,0.746106534142258,0.77959291836063,0.6459228246024328,0.7460567015801173,0.6460230363804349,0.7796619622703015,0.7461361743306778,0.6459228246024328,0.6872674320587984,0.7456884377329756,0.7460296359348302,0.6459228246024328,0.7806812025407541,0.6460225212092913,0.7460150286664503,0.6870132226534599,0.7462738352798869,0.6459228246024328,0.7460270582025861,0.7814985274594707,0.6459228246024328,0.6459228246024328,0.775493201284366,0.7439850163214823,0.6459228246024328,0.7462789890144005,0.6867662327725934,0.7460930023565722,0.6459228246024328,0.7801023772762202,0.6459228246024328,0.6459228246024328,0.6459228246024328,0.7473827811224714,0.6459228246024328,0.6459228246024328,0.7459153478240541,0.6853343321926021,0.6459228246024328,0.6459228246024328,0.7459482182105092,0.6460225212092913,0.6459228246024328,0.6459228246024328,0.7796962758961747,0.6459228246024328,0.6459995955022353,0.7464430308145915,0.6459228246024328,0.6459228246024328,0.6853844450515196,0.7465699021126974,0.6459228246024328,0.6459228246024328,0.6459228246024328,0.7457112178484963,0.6459228246024328,0.6865842904070925,0.6459228246024328,0.7443425113145249,0.6459228246024328,0.6459228246024328,0.7458889215493122,0.6459228246024328,0.6459228246024328,0.6871628282022326,0.7464833915521181,0.6460230363804349,0.6459228246024328,0.6459990803045217,0.7457718181214776,0.6864544282847572,0.6459228246024328,0.6459228246024328,0.74574839520281,0.6459228246024328,0.6459228246024328,0.7454820951325021,0.6459228246024328
0.24512061919936062,0.523970272385647,0.8650521087601787,0.7434277494732084,0.6863434986159698,0.34633961662575546,0.4685378972030693,0.24512061919936062,0.46703044346180245,0.3452790183692164,0.46712998725920685,0.30586102911806223,0.42510044237827527,0.3446394376147653,0.4650764073948921,0.45988855396755124,0.34211283148981103,0.4643613686403046,0.24512061919936062,0.4637905592346289,0.3422968464757729,0.4498963505605272,0.24512061919936062,0.521526141253822,0.2453412446556941,0.4642884793385658,0.24512061919936062,0.5238953815857074,0.24512061919936062,0.4527698672961603,0.5227867987050808,0.24564725513024646,0.45451627072474854,0.3462507810132507,0.46223688313721756,0.24512061919936062,0.4680959266430345,0.5313265201835513,0.24512061919936062,0.24512061919936062,0.46704454989551714,0.3453972544289338,0.46958378502281095,0.4683368601217439,0.24512061919936062,0.34694501337891576,0.4672738321770016,0.5284143047606692,0.24512061919936062,0.4671803571766586,0.2454105215447547,0.528537470705342,0.4673294265592719,0.24512061919936062,0.34839621920873226,0.46648930367811126,0.46712958428226414,0.24512061919936062,0.5303545296585769,0.24540903192642882,0.46710218119449864,0.3478311843614808,0.4675875888227524,0.24512061919936062,0.46712474853715236,0.5318100936633458,0.24512061919936062,0.24512061919936062,0.52108279517378,0.46328652548013494,0.24512061919936062,0.46759725258156437,0.34728160545163833,0.4672484503658597,0.24512061919936062,0.529322885835716,0.24512061919936062,0.24512061919936062,0.24512061919936062,0.4696648398644468,0.24512061919936062,0.24512061919936062,0.46691516090395757,0.3440838449593593,0.24512061919936062,0.24512061919936062,0.4669768358886248,0.24540903192642882,0.24512061919936062,0.24512061919936062,0.5285986783730522,0.24512061919936062,0.24534273468856832,0.46790479852010136,0.24512061919936062,0.24512061919936062,0.34419609707378696,0.46814259263771035,0.24512061919936062,0.24512061919936062,0.24512061919936062,0.4665320648387565,0.24512061919936062,0.3468763899205647,0.24512061919936062,0.4639595522247613,0.24512061919936062,0.24512061919936062,0.46686557430157527,0.24512061919936062,0.24512061919936062,0.34816378924789576,0.4679804525033481,0.2454105215447547,0.24512061919936062,0.2453412446556941,0.4666458102992866,0.34658697070354777,0.24512061919936062,0.24512061919936062,0.466601847502188,0.24512061919936062,0.24512061919936062,0.46610188887854165,0.24512061919936062
0.4006403660304001,0.6084267062048585,0.9007984768888064,0.7962204731223081,0.746780876890552,0.4685378972030693,0.5629057807633892,0.4006403660304001,0.5616864872063013,0.46776799032276567,0.5617669687693052,0.4399414159520201,0.5282461558112439,0.46730420913389126,0.5601076137067,0.5559248964735257,0.4654758011649684,0.5595303228024227,0.4006403660304001,0.5590696562207942,0.4656087643867122,0.5479071180035452,0.4006403660304001,0.606394285912096,0.4007738775542642,0.5594714892416046,0.4006403660304001,0.6083643996596251,0.4006403660304001,0.5502075338652991,0.6074423258827054,0.40095918249768786,0.5516077430399567,0.46847337015459223,0.5578165891186841,0.4006403660304001,0.5625481827229659,0.6145562144469983,0.4006403660304001,0.4006403660304001,0.5616978920239974,0.4678537686126987,0.5637523801074767,0.5627431101999033,0.4006403660304001,0.4689778288220094,0.5618832764183255,0.6121274477353849,0.4006403660304001,0.5618076948744277,0.40081581576519354,0.612230109476663,0.5619282306424499,0.4006403660304001,0.4700337598530771,0.5612490573108294,0.5617666429511701,0.4006403660304001,0.6137452653637379,0.4008149139167911,0.5617444869718191,0.4696223991034688,0.562137002990441,0.4006403660304001,0.56176273312204,0.6149597855661324,0.4006403660304001,0.4006403660304001,0.6060258459077192,0.5586630135352022,0.4006403660304001,0.5621448185656367,0.46922256981506677,0.5618627529046206,0.4006403660304001,0.6128848921525039,0.4006403660304001,0.4006403660304001,0.4006403660304001,0.5638180121623543,0.4006403660304001,0.4006403660304001,0.5615932867738207,0.4669016380555144,0.4006403660304001,0.4006403660304001,0.5616431472493366,0.4008149139167911,0.4006403660304001,0.4006403660304001,0.6122811294304394,0.4006403660304001,0.40077477949988627,0.5623935701463953,0.4006403660304001,0.4006403660304001,0.4669829505495086,0.5625859357179813,0.4006403660304001,0.4006403660304001,0.4006403660304001,0.5612836181022076,0.4006403660304001,0.468927944430112,0.4006403660304001,0.5592060238132235,0.4006403660304001,0.4006403660304001,0.5615532003538636,0.4006403660304001,0.4006403660304001,0.4698645093428574,0.5624547681320845,0.40081581576519354,0.4006403660304001,0.4007738775542642,0.5613755547433805,0.468717604635626,0.4006403660304001,0.4006403660304001,0.5613400203460254,0.4006403660304001,0.4006403660304001,0.5609359780050872,0.4006403660304001
0.0,0.46505213415761487,0.8408964152537145,0.7082462622173437,0.6459228246024328,0.24512061919936062,0.4006403660304001,0.0,0.3988557655641286,0.2436115865476225,0.3989736740839271,0.18319752634073708,0.3482656824609326,0.24269933301834581,0.3965393933197968,0.39037218856836375,0.23907858474177318,0.39569088320861573,0.0,0.3950131820481818,0.23934321811993592,0.3784185142724723,0.0,0.4622544295712968,0.010411751937516561,0.39560436139057215,0.0,0.4649664587156314,0.0,0.38186665067580083,0.46369787174938976,0.016091171714369863,0.3839580502942769,0.24499439969595382,0.39316700401621774,0.0,0.4001173515231273,0.4734529569303525,0.0,0.0,0.39887247502650863,0.24378004382385401,0.40187734046270057,0.40040248665961253,0.0,0.2459799265683569,0.39914404086020544,0.47013066279261967,0.0,0.39903333325407914,0.01193583367004411,0.4702712625873099,0.3992098805918623,0.0,0.24803380258618438,0.39821463339807306,0.3989731967804085,0.0,0.4723445912458704,0.011905110746832186,0.39894073901781896,0.24723510993293715,0.39951558216976135,0.0,0.3989674691008383,0.47400419552547945,0.0,0.0,0.4617465900945253,0.3944145067864874,0.0,0.39952702428888365,0.2464570496739002,0.3991139805648854,0.0,0.47116766245598257,0.0,0.0,0.0,0.4019731635145078,0.0,0.0,0.39871920337824024,0.2419054819437942,0.0,0.0,0.39879226425195996,0.011905110746832186,0.0,0.0,0.4703411310628603,0.0,0.010446867556912369,0.39989112180682473,0.0,0.0,0.2420659768842134,0.40017258294527125,0.0,0.0,0.0,0.39826530574889646,0.0,0.24588259610531518,0.0,0.39521385307096113,0.0,0.0,0.39866046002152483,0.0,0.0,0.2477054088554387,0.3999806739483434,0.01193583367004411,0.0,0.010411751937516561,0.3984000869743496,0.24547189592984278,0.0,0.0,0.3983479952244213,0.0,0.0,0.3977554670859924,0.0
0.3988557655641286,0.607321986693741,0.9003290106821289,0.7955178189896304,0.7459767906247464,0.46703044346180245,0.5616864872063013,0.3988557655641286,0.5604639531008813,0.466257797238093,0.560544648870269,0.4383266175078007,0.5269305146481827,0.4657923621454301,0.5588808684611876,0.5546869123678867,0.46395740607982205,0.558302033578323,0.3988557655641286,0.5578401332938028,0.46409084698497527,0.5466472429376334,0.3988557655641286,0.60528468895749,0.3989899056453571,0.5582430425375587,0.3988557655641286,0.6072595309172664,0.3988557655641286,0.5489539874474454,0.6063352465065378,0.3991760823384419,0.5503580296898715,0.4669656871232368,0.5565837029742662,0.3988557655641286,0.5613279398032348,0.6134660870709874,0.3988557655641286,0.3988557655641286,0.5604753882758252,0.46634388111410113,0.5625353307219167,0.5615233848860696,0.3988557655641286,0.4674719368809148,0.5606612660016825,0.6110315591505242,0.3988557655641286,0.5605854833536449,0.39903204121629865,0.6111344649598944,0.5607063398198169,0.3988557655641286,0.4685316062843685,0.5600253581947516,0.5605443221850379,0.3988557655641286,0.612653217351702,0.3990311351242282,0.5605221072405652,0.4681187908931589,0.5609156673970753,0.3988557655641286,0.5605404019506708,0.6138706128903285,0.3988557655641286,0.3988557655641286,0.6049153626368226,0.5574324003727039,0.3988557655641286,0.5609235037520649,0.4677175456350533,0.5606406878837,0.3988557655641286,0.6117908031751775,0.3988557655641286,0.3988557655641286,0.3988557655641286,0.5626011365552152,0.3988557655641286,0.3988557655641286,0.5603705045553572,0.46538835314453575,0.3988557655641286,0.3988557655641286,0.5604204977739743,0.3990311351242282,0.3988557655641286,0.3988557655641286,0.6111856061904699,0.3988557655641286,0.39899081183591323,0.56117291649073,0.3988557655641286,0.3988557655641286,0.4654699562470996,0.5613657930665724,0.3988557655641286,0.3988557655641286,0.3988557655641286,0.560060011079268,0.3988557655641286,0.4674218755216017,0.3988557655641286,0.5579768662417378,0.3988557655641286,0.3988557655641286,0.5603303114015009,0.3988557655641286,0.3988557655641286,0.4683617575411245,0.5612342770710762,0.39903204121629865,0.3988557655641286,0.3989899056453571,0.560152192661974,0.4672107891787723,0.3988557655641286,0.3988557655641286,0.5601165635991399,0.3988557655641286,0.3988557655641286,0.5597114442668498,0.3988557655641286
0.2436115865476225,0.5232918212928641,0.8647686672083097,0.7430134137174881,0.6858684629671976,0.3452790183692164,0.46776799032276567,0.2436115865476225,0.466257797238093,0.34421505767473815,0.4663575223959107,0.3046561216510592,0.42424482242558575,0.343573439618623,0.4643001875258959,0.45910271889290527,0.3410387136035641,0.4635838345797347,0.2436115865476225,0.46301197355025636,0.34122332386762805,0.4490914521324379,0.2436115865476225,0.5208439922524364,0.24383358722676893,0.46351081111590686,0.2436115865476225,0.5232168175858495,0.2436115865476225,0.45197052657527786,0.5221065604255287,0.24414150107062188,0.45372027755787825,0.3451899018796263,0.461455423664906,0.2436115865476225,0.46732521818826167,0.5306590388501577,0.2436115865476225,0.2436115865476225,0.46627192937659406,0.3443336695647953,0.46881576983470147,0.4675665887943974,0.2436115865476225,0.34588632555933163,0.4665016292693795,0.5277425089539126,0.2436115865476225,0.4664079840577282,0.2439032954295234,0.5278658581123952,0.4665573248572288,0.2436115865476225,0.34734208493549656,0.4657156703760498,0.46635711868491203,0.2436115865476225,0.5296856123705933,0.24390179653948227,0.466329665677601,0.34677528148148035,0.46681595681486665,0.2436115865476225,0.46635227413100694,0.5311433252268787,0.2436115865476225,0.2436115865476225,0.5203999724900757,0.4625070093303086,0.2436115865476225,0.4668256381470122,0.3462239770377091,0.4664762012455743,0.2436115865476225,0.5286524400268557,0.2436115865476225,0.2436115865476225,0.2436115865476225,0.4688969709775368,0.2436115865476225,0.2436115865476225,0.4661423045618449,0.3430160712773954,0.2436115865476225,0.2436115865476225,0.4662040919688243,0.24390179653948227,0.2436115865476225,0.2436115865476225,0.5279271568041869,0.2436115865476225,0.24383508653905656,0.46713374302456906,0.2436115865476225,0.2436115865476225,0.3431286825968688,0.4673719688796383,0.2436115865476225,0.2436115865476225,0.2436115865476225,0.465758509608018,0.2436115865476225,0.34581748586971467,0.2436115865476225,0.46318127811595466,0.2436115865476225,0.2436115865476225,0.4660926275535091,0.2436115865476225,0.2436115865476225,0.3471089281170749,0.467209534405662,0.2439032954295234,0.2436115865476225,0.24383358722676893,0.4658724626796013,0.34552715379216414,0.2436115865476225,0.2436115865476225,0.46582841965085836,0.2436115865476225,0.2436115865476225,0.46532754768954,0.2436115865476225
0.3989736740839271,0.6073948968034708,0.9003599967679351,0.7955641862065598,0.7460298507454444,0.46712998725920685,0.5617669687693052,0.3989736740839271,0.560544648870269,0.4663575223959107,0.5606253304801041,0.43843327042977603,0.5270173664577442,0.46589219680271204,0.5589618425999907,0.5547686294584296,0.4640576742754996,0.5583831097803386,0.3989736740839271,0.5579212910491131,0.4641910835534638,0.5467304072627105,0.3989736740839271,0.6053579213049989,0.3991077724761578,0.5583241291496776,0.3989736740839271,0.6073324508861453,0.3989736740839271,0.5490367333626031,0.6064083125244719,0.3992938913508476,0.5504405221934591,0.4670652461008602,0.5566650830558502,0.3989736740839271,0.5614084841205567,0.6135380331640714,0.3989736740839271,0.3989736740839271,0.5605560820385256,0.4664435860402011,0.5626156639429175,0.5616038949888165,0.3989736740839271,0.46757137727942955,0.56074192715402,0.6111038858455058,0.3989736740839271,0.560666157799425,0.3991498949572563,0.6112067755308481,0.5607869930667237,0.3989736740839271,0.46863079918808714,0.5601061309743807,0.5606250038521902,0.3989736740839271,0.612725290326425,0.39914898914664565,0.5606027928054511,0.4682180800991523,0.5609962839421503,0.3989736740839271,0.5606210843056336,0.613942495914111,0.3989736740839271,0.3989736740839271,0.6049886535412833,0.5575136301978832,0.3989736740839271,0.5610041189235534,0.46781692858391466,0.5607213526455036,0.3989736740839271,0.6118630109819267,0.3989736740839271,0.3989736740839271,0.3989736740839271,0.5626814582893546,0.3989736740839271,0.3989736740839271,0.560451216725627,0.4654882830027664,0.3989736740839271,0.3989736740839271,0.5605012011695963,0.39914898914664565,0.3989736740839271,0.3989736740839271,0.6112579087494424,0.3989736740839271,0.39910867838516983,0.5612534879584135,0.3989736740839271,0.3989736740839271,0.4655698668648587,0.5614463307559916,0.3989736740839271,0.3989736740839271,0.3989736740839271,0.5601407777712845,0.3989736740839271,0.46752132763618515,0.3989736740839271,0.5580579998453589,0.3989736740839271,0.3989736740839271,0.5604110306271498,0.3989736740839271,0.3989736740839271,0.4684609900498246,0.5613148377909627,0.3991498949572563,0.3989736740839271,0.3991077724761578,0.5602329431626876,0.46731029071847735,0.3989736740839271,0.3989736740839271,0.5601973203574973,0.3989736740839271,0.3989736740839271,0.5597922722174493,0.3989736740839271
0.18319752634073708,0.49891751173423465,0.8546577596332792,0.7282608320646876,0.6689409861514177,0.30586102911806223,0.4399414159520201,0.18319752634073708,0.4383266175078007,0.3046561216510592,0.43843327042977603,0.259007440849838,0.39310840355622945,0.303929013726324,0.43623243227356473,0.4306668638377918,0.3010528767733057,0.43546582248376564,0.18319752634073708,0.43485373326339677,0.3012625534805153,0.41992301840232926,0.18319752634073708,0.49633152339953573,0.18349298888444066,0.43538766747576874,0.18319752634073708,0.4988382913357638,0.18319752634073708,0.4230160541044923,0.49766549315588543,0.1839024536982364,0.42489452533168504,0.3057601458897803,0.43318719494314195,0.18319752634073708,0.4394680422987772,0.5066939114422853,0.18319752634073708,0.18319752634073708,0.43834173155999295,0.30479049679833725,0.4410613891720082,0.4397261017972236,0.18319752634073708,0.3065483358229785,0.43858738314362317,0.503616565450682,0.18319752634073708,0.4384872364998775,0.18358572162998182,0.5037467467435455,0.4386469442688176,0.18319752634073708,0.30819453597076,0.4377467796726947,0.43843283867932586,0.18319752634073708,0.5056669785647037,0.18358372787133295,0.43840347883339026,0.3075538047967563,0.4389235148292567,0.18319752634073708,0.4384276576468169,0.5072047554906383,0.18319752634073708,0.18319752634073708,0.49586232160099686,0.43431316638441675,0.18319752634073708,0.4389338672816359,0.30693032430545575,0.4385601899980291,0.18319752634073708,0.5045768321758098,0.18319752634073708,0.18319752634073708,0.18319752634073708,0.4411481722301573,0.18319752634073708,0.18319752634073708,0.43820309813894964,0.3032970777703586,0.18319752634073708,0.18319752634073708,0.438269180223149,0.18358372787133295,0.18319752634073708,0.18319752634073708,0.5038114396665851,0.18319752634073708,0.1834949836312206,0.4392633162844421,0.18319752634073708,0.18319752634073708,0.3034247776362152,0.4395180267341653,0.18319752634073708,0.18319752634073708,0.18319752634073708,0.4377926019416721,0.18319752634073708,0.3064704444345851,0.18319752634073708,0.43503495780315193,0.18319752634073708,0.18319752634073708,0.4381499674162499,0.18319752634073708,0.18319752634073708,0.30793100263794526,0.43934435398721366,0.18358572162998182,0.18319752634073708,0.18349298888444066,0.43791448735732774,0.30614189054059265,0.18319752634073708,0.18319752634073708,0.43786737891119987,0.18319752634073708,0.18319752634073708,0.4373316064962725,0.18319752634073708
0.3482656824609326,0.5771440109817291,0.8874968420141239,0.7764249120204892,0.7241300937584378,0.42510044237827527,0.5282461558112439,0.3482656824609326,0.5269305146481827,0.42424482242558575,0.5270173664577442,0.39310840355622945,0.49070059693306567,0.42372926825263646,0.5252263639033523,0.5207088997521848,0.42169571177081666,0.5246031206731482,0.3482656824609326,0.5241057283537623,0.4218436497805871,0.512037400705637,0.3482656824609326,0.574968953647739,0.34842013305834507,0.5245395995304152,0.3482656824609326,0.5770773416920265,0.3482656824609326,0.5145270400218542,0.5760906301007779,0.34863447295687966,0.51604176319726,0.4250287427385655,0.522752506786075,0.3482656824609326,0.5278603364175295,0.5836996918699272,0.3482656824609326,0.3482656824609326,0.5269428222676326,0.424340164739344,0.5291594504207328,0.5280706510858995,0.3482656824609326,0.4255892210124057,0.5271428773778433,0.5811027655931578,0.3482656824609326,0.5270613155246816,0.3484686452119526,0.5812125538955861,0.5271913879258585,0.3482656824609326,0.4267620115346366,0.5264584350097402,0.5270170148536195,0.3482656824609326,0.5828326972470971,0.3484676020130073,0.5269931053415118,0.42630518989399524,0.5274166700660959,0.3482656824609326,0.5270127955897748,0.5841311164646837,0.3482656824609326,0.3482656824609326,0.574574583800863,0.5236666249008917,0.3482656824609326,0.5274251035028741,0.42586109555989854,0.5271207300946147,0.3482656824609326,0.5819127513729683,0.3482656824609326,0.3482656824609326,0.3482656824609326,0.5292302460932382,0.3482656824609326,0.3482656824609326,0.5268299353613374,0.42328167110264153,0.3482656824609326,0.3482656824609326,0.526883743637128,0.3484676020130073,0.3482656824609326,0.3482656824609326,0.5812671149318855,0.3482656824609326,0.34842117640365194,0.5276935127655735,0.3482656824609326,0.3482656824609326,0.4233720845597543,0.5279010702469824,0.3482656824609326,0.3482656824609326,0.3482656824609326,0.52649573506211,0.3482656824609326,0.42553380254079626,0.3482656824609326,0.5242529728408949,0.3482656824609326,0.3482656824609326,0.526786674600035,0.3482656824609326,0.3482656824609326,0.4265740664729306,0.5277595447417377,0.3484686452119526,0.3482656824609326,0.34842013305834507,0.526594957167909,0.4253001147105037,0.3482656824609326,0.3482656824609326,0.5265566071027689,0.3482656824609326,0.3482656824609326,0.5261205285357773,0.3482656824609326
0.24269933301834581,0.5228832315781827,0.864598015089109,0.7427639765162795,0.6855824743124351,0.3446394376147653,0.46730420913389126,0.24269933301834581,0.4657923621454301,0.343573439618623,0.46589219680271204,0.303929013726324,0.42372926825263646,0.3429305871143499,0.4638325947415827,0.4586293202517533,0.34039094071816656,0.4631154482941526,0.24269933301834581,0.4625429522924961,0.3405759117199768,0.44860654090998253,0.24269933301834581,0.5204331718680775,0.24292217325353974,0.4630423438234217,0.24269933301834581,0.5228081597639511,0.24269933301834581,0.4514889719581775,0.5216968926451268,0.2432312490424055,0.4532407446167554,0.3445501509453809,0.4609846671737842,0.24269933301834581,0.4668609530462633,0.5302570659238116,0.24269933301834581,0.24269933301834581,0.46580650980364957,0.3436922792291076,0.4683531307451432,0.4671025875699626,0.24269933301834581,0.3452479022962001,0.4660364618360559,0.5273379336826236,0.24269933301834581,0.46594271385668784,0.24299214476310727,0.5274613933515597,0.466092218528257,0.24269933301834581,0.34670642044049704,0.46524963931427926,0.4658917926485152,0.24269933301834581,0.5292827733360489,0.24299064021292804,0.46586430950144103,0.34613854549606315,0.4663511340697917,0.24269933301834581,0.4658869427761543,0.5307417822862159,0.24269933301834581,0.24269933301834581,0.519988745715792,0.46203742625018307,0.24269933301834581,0.466360826012037,0.34558619563161574,0.4660110059106561,0.24269933301834581,0.5282486790396782,0.24269933301834581,0.24269933301834581,0.24269933301834581,0.4684344202156401,0.24269933301834581,0.24269933301834581,0.4656767426063306,0.34237214281520273,0.24269933301834581,0.24269933301834581,0.4657385978903835,0.24299064021292804,0.24269933301834581,0.24269933301834581,0.5275227469469645,0.24269933301834581,0.24292367823071362,0.4666692683543721,0.24269933301834581,0.24269933301834581,0.34248497179332027,0.46690775487372993,0.24269933301834581,0.24269933301834581,0.24269933301834581,0.46529252568365526,0.24269933301834581,0.3451789315984124,0.24269933301834581,0.462712444988757,0.24269933301834581,0.24269933301834581,0.4656270110136527,0.24269933301834581,0.24269933301834581,0.3464728232668167,0.46674514269043066,0.24299214476310727,0.24269933301834581,0.24292217325353974,0.46540660410513923,0.3448880464411263,0.24269933301834581,0.24269933301834581,0.465362512634746,0.24269933301834581,0.24269933301834581,0.4648610892225409,0.24269933301834581
0.3965393933197968,0.6058919017258162,0.899721187347361,0.7946085605544894,0.7449362974326729,0.4650764073948921,0.5601076137067,0.3965393933197968,0.5588808684611876,0.4643001875258959,0.5589618425999907,0.43623243227356473,0.5252263639033523,0.4638325947415827,0.5572923111370754,0.5530837479543813,0.4619890954725366,0.5567114696712947,0.3965393933197968,0.5562479660168514,0.4621231596322819,0.5450156211761736,0.3965393933197968,0.6038482739359675,0.39667435705000303,0.556652273964591,0.3965393933197968,0.6058292522787142,0.3965393933197968,0.5473305934586782,0.6049020988956043,0.39686167605142697,0.5487396186966914,0.4650113519385982,0.5549871646025974,0.3965393933197968,0.5597478326099797,0.6120549381084053,0.3965393933197968,0.3965393933197968,0.5588923430865835,0.4643866700653113,0.560959373459873,0.5599439503217355,0.3965393933197968,0.46551993821526316,0.5590788619143795,0.6096129343040116,0.3965393933197968,0.5590028179247917,0.39671675123568845,0.6097161568313944,0.5591240911486259,0.3965393933197968,0.4665844842128649,0.5584407595664023,0.5589615147879367,0.3965393933197968,0.6112395761765408,0.3967158395828493,0.5589392232160965,0.4661697713175849,0.5593341402605406,0.3965393933197968,0.5589575810315811,0.6124607027253851,0.3965393933197968,0.3965393933197968,0.6034777972984807,0.5558388161618335,0.3965393933197968,0.5593420036193113,0.46576667896164575,0.5590582128363761,0.3965393933197968,0.610374513592419,0.3965393933197968,0.3965393933197968,0.3965393933197968,0.5610254051100434,0.3965393933197968,0.3965393933197968,0.5587870974823435,0.46342670977620315,0.3965393933197968,0.3965393933197968,0.5588372632063152,0.3967158395828493,0.3965393933197968,0.3965393933197968,0.6097674554380168,0.3965393933197968,0.39667526880300574,0.5595922755430993,0.3965393933197968,0.3965393933197968,0.4635086920202047,0.5597858161723406,0.3965393933197968,0.3965393933197968,0.3965393933197968,0.5584755321312568,0.3965393933197968,0.4654696460005939,0.3965393933197968,0.556385173798005,0.3965393933197968,0.3965393933197968,0.5587467656230054,0.3965393933197968,0.3965393933197968,0.466413855110798,0.5596538474167173,0.39671675123568845,0.3965393933197968,0.39667435705000303,0.5585680320289477,0.4652575857730399,0.3965393933197968,0.3965393933197968,0.5585322799432324,0.3965393933197968,0.3965393933197968,0.5581257609928534,0.3965393933197968
0.39037218856836375,0.602105710602665,0.8981115479113937,0.7922032012697501,0.7421838722573869,0.45988855396755124,0.5559248964735257,0.39037218856836375,0.5546869123678867,0.45910271889290527,0.5547686294584296,0.4306668638377918,0.5207088997521848,0.4586293202517533,0.5530837479543813,0.5488361895114341,0.4567628302147919,0.5524975503487143,0.39037218856836375,0.5520297666941979,0.4568985717858747,0.5406920604802582,0.39037218856836375,0.6000452346772163,0.3905093893429789,0.5524378083187297,0.39037218856836375,0.6020425457073005,0.39037218856836375,0.5430290114301016,0.601107756441848,0.39069981078661503,0.5444513458865304,0.45982269374033957,0.5507572964977709,0.39037218856836375,0.5555618229402466,0.6083191362507622,0.39037218856836375,0.39037218856836375,0.5546984922844824,0.45919027411190094,0.5567844386634454,0.5557597357492188,0.39037218856836375,0.46033756622660815,0.5548867221686642,0.6058572408604445,0.39037218856836375,0.5548099806792585,0.39055248591987046,0.6059613061524096,0.5549323661944846,0.39037218856836375,0.4614152311645238,0.5542427626555516,0.5547682986389589,0.39037218856836375,0.6074971434046276,0.39055155916417666,0.5547458025535372,0.46099541381369663,0.5551443410009366,0.39037218856836375,0.5547643287932965,0.6087281967740505,0.39037218856836375,0.39037218856836375,0.5996716961454279,0.5516168343960424,0.39037218856836375,0.5551522764292284,0.46058735237758686,0.5548658837043562,0.39037218856836375,0.6066250340154606,0.39037218856836375,0.39037218856836375,0.39037218856836375,0.5568510729230669,0.39037218856836375,0.39037218856836375,0.5545922808283072,0.4582183872490319,0.39037218856836375,0.39037218856836375,0.5546429069623579,0.39055155916417666,0.39037218856836375,0.39037218856836375,0.6060130235240321,0.39037218856836375,0.3905103162035013,0.5554048413848764,0.39037218856836375,0.39037218856836375,0.45830138974396206,0.5556001542435854,0.39037218856836375,0.39037218856836375,0.39037218856836375,0.5542778546501045,0.39037218856836375,0.4602866529304723,0.39037218856836375,0.5521682419985197,0.39037218856836375,0.39037218856836375,0.5545515787683212,0.39037218856836375,0.39037218856836375,0.46124250285542834,0.5554669771616393,0.39055248591987046,0.39037218856836375,0.3905093893429789,0.5543712041345346,0.46007197257544696,0.39037218856836375,0.39037218856836375,0.5543351236998069,0.39037218856836375,0.39037218856836375,0.5539248691029321,0.39037218856836375
0.23907858474177318,0.5212731455656092,0.8639258957765811,0.7417817227186396,0.6844562180685794,0.34211283148981103,0.4654758011649684,0.23907858474177318,0.46395740607982205,0.3410387136035641,0.4640576742754996,0.3010528767733057,0.42169571177081666,0.34039094071816656,0.4619890954725366,0.4567628302147919,0.3378316795465013,0.4612688070727451,0.23907858474177318,0.4606937967735854,0.3380180887500405,0.44669444898750366,0.23907858474177318,0.5188142688503445,0.23930481962390734,0.46119538184207937,0.23907858474177318,0.5211978045571873,0.23907858474177318,0.4495901774992591,0.520082545510413,0.2396185933076803,0.45134995847717546,0.34202286657776754,0.45912864039332585,0.23907858474177318,0.46503062905743875,0.5286731303527418,0.23907858474177318,0.23907858474177318,0.4639716151849542,0.34115846085478246,0.46652924434686677,0.46527330846142856,0.23907858474177318,0.3427259091587432,0.46420256550446054,0.5257437138705578,0.23907858474177318,0.4641084106416359,0.23937585574710482,0.5258676102823792,0.4642585641236557,0.23907858474177318,0.344195420974048,0.46341232361692436,0.46405726836656186,0.23907858474177318,0.5276954150634483,0.23937432831178718,0.4640296658880546,0.3436232763045612,0.4645186024366279,0.23907858474177318,0.46405239743701143,0.5291595459094913,0.23907858474177318,0.23907858474177318,0.518368236330246,0.4601860460419112,0.23907858474177318,0.46452833638640917,0.3430667604074815,0.46417699910970434,0.23907858474177318,0.5266576772878471,0.23907858474177318,0.23907858474177318,0.23907858474177318,0.46661088349967705,0.23907858474177318,0.23907858474177318,0.4638412842540144,0.3398282075461901,0.23907858474177318,0.23907858474177318,0.46390340828327997,0.23937432831178718,0.23907858474177318,0.23907858474177318,0.5259291808591294,0.23907858474177318,0.23930634750578098,0.46483811481279586,0.23907858474177318,0.23907858474177318,0.3399419041491537,0.4650776333393146,0.23907858474177318,0.23907858474177318,0.23907858474177318,0.46345539661997376,0.23907858474177318,0.3426564163615439,0.23907858474177318,0.46086403441526236,0.23907858474177318,0.23907858474177318,0.46379133654551535,0.23907858474177318,0.23907858474177318,0.3439600690761968,0.4649143175803478,0.23937585574710482,0.23907858474177318,0.23930481962390734,0.463569971344679,0.342363327014193,0.23907858474177318,0.23907858474177318,0.4635256880774263,0.23907858474177318,0.23907858474177318,0.46302208126382083,0.23907858474177318
