0.0,0.0,0.08107473122600219,0.5988783288021817,0.17404049175037567,0.8408964152537145,0.036469211676361635,0.03386293472725461,0.4277062752228288,0.3918798610950711,0.009789124319596734,0.17505185467761697,0.38811504408976083,0.38774249544935213,0.17450226118247222,0.38430133136961386,0.0,0.3906411175088812,0.17204641547729213,0.3849595587794804,0.007494523259667511,0.3816873957208684,0.17229362192579642,0.3796664196936891,0.0,0.4412706138284695,0.0,0.38610124847362903,0.42950771029016255,0.0,0.2200393766709202,0.3151595924128526,0.42736305153330467,0.008831186692786893,0.38862082494161043,0.4255730553297996,0.0,0.0,0.385347152993424,0.42583392211397986,0.0,0.0,0.42298193675341844,0.38706879921707776,0.036707778889046305,0.38211223699581875,0.17691293000901637,0.39694059626443867,0.0,0.4274582312124259,0.3850418964895826,0.0,0.4266715062301401,0.009240690197410648,0.3925570321251395,0.0,0.17852495051178754,0.3884291044498269,0.38664586269309814,0.010616744771599514,0.4340942323267946,0.0,0.3858339097753417,0.1780079069278151,0.3847030165340803,0.3919004492968094,0.0,0.17973497712512615,0.3822333252764296,0.38845693170699785,0.17815357619225305,0.40232961152365115,0.0,0.42544374826839093,0.009760004393535025,0.39787304902576975,0.0,0.4204333818648878,0.0,0.0,0.40467317038369977,0.0,0.0,0.0,0.4252087573229821,0.0,0.0,0.39239755105040064,0.0,0.0,0.0,0.42356400482621065,0.0,0.0,0.0,0.38395115667132035,0.0,0.0,0.42090890154584143,0.0,0.0,0.0,0.0,0.3846798031580001,0.0,0.1768710321980711,0.34498741565670515,0.0,0.0,0.0,0.3400885307226497,0.0,0.17820637206864373,0.39217579088800786,0.0,0.010616744771599514,0.0,0.3942582537949252,0.0,0.1769338752158828,0.008841923714630483,0.3998936778102453,0.0,0.0,0.38807276472333224
0.0,0.0,0.08107473122600219,0.5988783288021817,0.17404049175037567,0.8408964152537145,0.036469211676361635,0.03386293472725461,0.4277062752228288,0.3918798610950711,0.009789124319596734,0.17505185467761697,0.38811504408976083,0.38774249544935213,0.17450226118247222,0.38430133136961386,0.0,0.3906411175088812,0.17204641547729213,0.3849595587794804,0.007494523259667511,0.3816873957208684,0.17229362192579642,0.3796664196936891,0.0,0.4412706138284695,0.0,0.38610124847362903,0.42950771029016255,0.0,0.2200393766709202,0.3151595924128526,0.42736305153330467,0.008831186692786893,0.38862082494161043,0.4255730553297996,0.0,0.0,0.385347152993424,0.42583392211397986,0.0,0.0,0.42298193675341844,0.38706879921707776,0.036707778889046305,0.38211223699581875,0.17691293000901637,0.39694059626443867,0.0,0.4274582312124259,0.3850418964895826,0.0,0.4266715062301401,0.009240690197410648,0.3925570321251395,0.0,0.17852495051178754,0.3884291044498269,0.38664586269309814,0.010616744771599514,0.4340942323267946,0.0,0.3858339097753417,0.1780079069278151,0.3847030165340803,0.3919004492968094,0.0,0.17973497712512615,0.3822333252764296,0.38845693170699785,0.17815357619225305,0.40232961152365115,0.0,0.42544374826839093,0.009760004393535025,0.39787304902576975,0.0,0.4204333818648878,0.0,0.0,0.40467317038369977,0.0,0.0,0.0,0.4252087573229821,0.0,0.0,0.39239755105040064,0.0,0.0,0.0,0.42356400482621065,0.0,0.0,0.0,0.38395115667132035,0.0,0.0,0.42090890154584143,0.0,0.0,0.0,0.0,0.3846798031580001,0.0,0.1768710321980711,0.34498741565670515,0.0,0.0,0.0,0.3400885307226497,0.0,0.17820637206864373,0.39217579088800786,0.0,0.010616744771599514,0.0,0.3942582537949252,0.0,0.1769338752158828,0.008841923714630483,0.3998936778102453,0.0,0.0,0.38807276472333224
0.08107473122600219,0.08107473122600219,0.11465574598375244,0.6039729365830432,0.1919883704233424,0.8436464885028223,0.08889927388778829,0.08786228598138172,0.4351906474820337,0.4000770530856426,0.08166355917928039,0.19290545630272177,0.39639392555857744,0.3960295380438017,0.19240697790239572,0.39266442996364587,0.08107473122600219,0.3988650317271777,0.19018296846964694,0.3933080146091943,0.08142038257021746,0.3901090927190278,0.19040658114083756,0.3881339214185608,0.08107473122600219,0.4485118099211562,0.08107473122600219,0.39442441329157213,0.4369590194598572,0.08107473122600219,0.23448173569460415,0.32536753199902574,0.4348537508142585,0.08155427761122672,0.3968886492042996,0.4330968960438097,0.08107473122600219,0.08107473122600219,0.3936870075939134,0.4333529177700358,0.08107473122600219,0.08107473122600219,0.4305541859934842,0.3953706358307518,0.08899740444367327,0.3905243607977047,0.19459547910324557,0.4050301732476066,0.08107473122600219,0.43494717505211294,0.39338852383088035,0.08107473122600219,0.4341749805284205,0.08159963560207326,0.40073968017020356,0.08107473122600219,0.19606183271143282,0.39670111699124755,0.3949570104825555,0.08176689327847403,0.44146244150674674,0.08107473122600219,0.39416298465842253,0.19559126189180767,0.3930571739671435,0.40009719843931457,0.08107473122600219,0.19716400647021073,0.3906427240441693,0.39672833611030706,0.19572381451578882,0.4103072590409843,0.08107473122600219,0.4329699925185861,0.08166007372908646,0.405943065295719,0.08107473122600219,0.4280537543819586,0.08107473122600219,0.08107473122600219,0.41260297270709984,0.08107473122600219,0.08107473122600219,0.08107473122600219,0.43273937281602687,0.08107473122600219,0.08107473122600219,0.40058362029611877,0.08107473122600219,0.08107473122600219,0.08107473122600219,0.4311253344148291,0.08107473122600219,0.08107473122600219,0.08107473122600219,0.39232206360982214,0.08107473122600219,0.08107473122600219,0.42852025620711415,0.08107473122600219,0.08107473122600219,0.08107473122600219,0.08107473122600219,0.3930344768422045,0.08107473122600219,0.19455739791713314,0.3543164378922311,0.08107473122600219,0.08107473122600219,0.08107473122600219,0.3495521548082072,0.08107473122600219,0.19577186102633093,0.40036662149973246,0.08107473122600219,0.08176689327847403,0.08107473122600219,0.4024045616264023,0.08107473122600219,0.19461451692049592,0.08155544095181833,0.4079215858585435,0.08107473122600219,0.08107473122600219,0.39635257166325494
0.5988783288021817,0.5988783288021817,0.6039729365830432,0.8182835097628857,0.6219047992534916,0.9558611783453534,0.5999137053683652,0.5997711442865096,0.7234398869138966,0.7055165843067064,0.5989530053838303,0.6221666093030389,0.7036864076820029,0.7035058822007378,0.6220241667709816,0.7018433884653881,0.5988783288021817,0.7049132248451714,0.6213926172121466,0.7021606921328812,0.5989221010929286,0.700586608241703,0.6214558223987284,0.6996185472958933,0.5988783288021817,0.7304486772466464,0.5988783288021817,0.7027118381900327,0.7243640273047888,0.5988783288021817,0.6351619843522495,0.6705215478815737,0.723264048968715,0.5989391061018459,0.7039316612609707,0.722348245111732,0.5988783288021817,0.5988783288021817,0.7023476900674135,0.722481581348366,0.5988783288021817,0.5988783288021817,0.7210262631777085,0.7031796969011177,0.5999272803288191,0.7007905131600899,0.6226519605382117,0.7079933588470966,0.5988783288021817,0.7233128031408212,0.702200407011873,0.5988783288021817,0.722909992309016,0.5989448728759277,0.7058469003911686,0.5988783288021817,0.6230760975805576,0.70383867308725,0.7029750985702465,0.5989661649573188,0.7267262494205307,0.5988783288021817,0.7025826923277548,0.6229396815286622,0.7020369844736878,0.705526621956599,0.5988783288021817,0.6233967395546481,0.7008486557154637,0.7038521681275159,0.622978078680562,0.7106513705941849,0.5988783288021817,0.7222821690913691,0.5989525617961777,0.708451764005193,0.5988783288021817,0.7197303029315717,0.5988783288021817,0.5988783288021817,0.7118137897974011,0.5988783288021817,0.5988783288021817,0.5988783288021817,0.7221621163656492,0.5988783288021817,0.5988783288021817,0.7057690766712924,0.5988783288021817,0.5988783288021817,0.5988783288021817,0.7213228500959729,0.5988783288021817,0.5988783288021817,0.5988783288021817,0.7016747193744093,0.5988783288021817,0.5988783288021817,0.7199717822447026,0.5988783288021817,0.5988783288021817,0.5988783288021817,0.5988783288021817,0.7020257931991934,0.5988783288021817,0.6226409830535257,0.683523379529999,0.5988783288021817,0.5988783288021817,0.5988783288021817,0.6813322279049714,0.5988783288021817,0.6229920021929856,0.7056608933939196,0.5988783288021817,0.5989661649573188,0.5988783288021817,0.7066782384413509,0.5988783288021817,0.622657449189957,0.5989392539687463,0.7094472997383627,0.5988783288021817,0.5988783288021817,0.7036659151348028
0.17404049175037567,0.17404049175037567,0.1919883704233424,0.6219047992534916,0.24607394886763764,0.8533467379362313,0.17781861293612616,0.1773026932673733,0.4611156906408721,0.4282874567156263,0.17431544858166192,0.24678930163250715,0.4248630877593206,0.4245245152312882,0.24640030990813414,0.42139966859660616,0.17404049175037567,0.42716015256564527,0.24466958849366757,0.42199704109779584,0.17420170730099277,0.4190290535699277,0.24484324595374665,0.41719803698013747,0.17404049175037567,0.473646191861455,0.17404049175037567,0.4230335721146255,0.4627768851953449,0.17404049175037567,0.2804455015486877,0.3597503315779726,0.46079929198699493,0.17426430141907506,0.42532282516480474,0.4591497459969237,0.17404049175037567,0.17404049175037567,0.4223488789574367,0.45939008633248113,0.17404049175037567,0.17404049175037567,0.4567635923792756,0.42391239219412485,0.17786766996527298,0.41941416694070255,0.24811101755527243,0.4328986978860742,0.17404049175037567,0.46088702939794957,0.42207177817209157,0.17404049175037567,0.46016189820280934,0.17428552387558316,0.42890394582298935,0.17404049175037567,0.24926138657200755,0.42514854655285605,0.42352819801504765,0.17436386129781414,0.46701047889751784,0.17404049175037567,0.4227908128141478,0.24889185991379031,0.4217641970754939,0.4283061975220186,0.17404049175037567,0.25012821194305235,0.41952394491066985,0.42517384135617137,0.24899591571921662,0.4378190000653146,0.17404049175037567,0.4590306208761122,0.17431381645767427,0.4337493265624987,0.17404049175037567,0.45441857547546166,0.17404049175037567,0.17404049175037567,0.4399618328011581,0.17404049175037567,0.17404049175037567,0.17404049175037567,0.4588141461431871,0.17404049175037567,0.17404049175037567,0.4287587409413709,0.17404049175037567,0.17404049175037567,0.17404049175037567,0.45729944520375776,0.17404049175037567,0.17404049175037567,0.17404049175037567,0.4210819364752165,0.17404049175037567,0.17404049175037567,0.45485597069991107,0.17404049175037567,0.17404049175037567,0.17404049175037567,0.17404049175037567,0.42174312929396074,0.17404049175037567,0.24808118654201733,0.3860524655248295,0.17404049175037567,0.17404049175037567,0.17404049175037567,0.3816987674628447,0.17404049175037567,0.24903363958646493,0.42855684738477884,0.17404049175037567,0.17436386129781414,0.17404049175037567,0.4304534540579202,0.17404049175037567,0.24812593172754874,0.1742648456169715,0.4355936867412254,0.17404049175037567,0.17404049175037567,0.42482466161188925
0.8408964152537145,0.8408964152537145,0.8436464885028223,0.9558611783453534,0.8533467379362313,1.0,0.8414550553688618,0.8413781281154585,0.9080350172440308,0.8985038692381023,0.8409367026295697,0.8534885447745433,0.8975256576067719,0.8974291240212652,0.853411391694046,0.8965397605777752,0.8408964152537145,0.8981814709118972,0.853069330987867,0.8967095552205069,0.840920029942662,0.8958670051980149,0.8531035632187334,0.8953485542361633,0.8408964152537145,0.9117344192709895,0.8408964152537145,0.8970044263917839,0.9085237767260711,0.8408964152537145,0.8605310582355619,0.879683985097696,0.9079419876078272,0.8409292040318511,0.8976567910044818,0.9074573021518618,0.8408964152537145,0.8408964152537145,0.8968096099103687,0.9075278870566407,0.8408964152537145,0.8408964152537145,0.9067571631206753,0.8972546808304951,0.841462380673664,0.8959761804746597,0.8537514406995196,0.8998263391117697,0.8408964152537145,0.9079677827494138,0.8967308056644575,0.8408964152537145,0.9077546375099077,0.8409323151765291,0.8986803313235,0.8408964152537145,0.8539811898853584,0.8976070733490569,0.8971452490242733,0.8409438021808393,0.9097717847105761,0.8408964152537145,0.8969353379418956,0.853907294127795,0.896643359945051,0.8985092319741931,0.8408964152537145,0.8541548836347929,0.8960073095549116,0.8976142888247093,0.8539280935334501,0.90124379257987,0.8408964152537145,0.9074223209740622,0.84093646331572,0.9000709297986379,0.8408964152537145,0.9060702584648327,0.8408964152537145,0.8408964152537145,0.9018630799486611,0.8408964152537145,0.8408964152537145,0.8408964152537145,0.9073587604235389,0.8408964152537145,0.8408964152537145,0.8986387586593447,0.8408964152537145,0.8408964152537145,0.8408964152537145,0.906914288884408,0.8408964152537145,0.8408964152537145,0.8408964152537145,0.8964494932270196,0.8408964152537145,0.8408964152537145,0.9061982915904109,0.8408964152537145,0.8408964152537145,0.8408964152537145,0.8408964152537145,0.8966373713789303,0.8408964152537145,0.8537454944776888,0.8867006947152584,0.8408964152537145,0.8408964152537145,0.8408964152537145,0.8855198422861426,0.8408964152537145,0.8539356357995624,0.8985809656860247,0.8408964152537145,0.8409438021808393,0.8408964152537145,0.899124328217011,0.8408964152537145,0.8537544137638445,0.8409292838052229,0.900601925136745,0.8408964152537145,0.8408964152537145,0.8975146998886984
0.036469211676361635,0.036469211676361635,0.08889927388778829,0.5999137053683652,0.17781861293612616,0.8414550553688618,0.05157523095336663,0.049766453158485914,0.4292319375995331,0.39355293968938315,0.03776016769338857,0.17880856673765766,0.3898050562715559,0.38943419983085403,0.1782705776317608,0.38600880993853787,0.036469211676361635,0.39231973448722796,0.17586746010751048,0.38666399983329497,0.03723132050846192,0.3834070327698661,0.1761092932518959,0.38139556376008515,0.036469211676361635,0.44274612150072096,0.036469211676361635,0.38780044376914,0.43102654952576547,0.036469211676361635,0.22303750363197955,0.3172521195514013,0.4288900197430754,0.037523235273420656,0.3903085445592394,0.4271068643455346,0.036469211676361635,0.036469211676361635,0.38704980992399246,0.4273667309704144,0.036469211676361635,0.036469211676361635,0.424525740167861,0.388763571335957,0.051744198052327245,0.3838298874179889,0.1806308637615776,0.39859137985849263,0.036469211676361635,0.42898483711233976,0.38674595825847047,0.036469211676361635,0.4282011112137194,0.03762171813674646,0.39422709675269757,0.036469211676361635,0.18220992702384345,0.39011769243298833,0.3883425657508969,0.03798313523062221,0.43559592793263524,0.036469211676361635,0.3875343308394875,0.1817033913774659,0.3864086403037726,0.39357343611504864,0.036469211676361635,0.18339559062135502,0.3839504102218705,0.3901453936020997,0.1818460942227757,0.40395722146310464,0.036469211676361635,0.4269780534531457,0.03775262899109076,0.39951978169762287,0.036469211676361635,0.42198712347655515,0.036469211676361635,0.036469211676361635,0.40629087922243573,0.036469211676361635,0.036469211676361635,0.036469211676361635,0.42674396489326455,0.036469211676361635,0.036469211676361635,0.39406832463542557,0.036469211676361635,0.036469211676361635,0.036469211676361635,0.4251055535386625,0.036469211676361635,0.036469211676361635,0.036469211676361635,0.3856602551258993,0.036469211676361635,0.036469211676361635,0.4224607806264755,0.036469211676361635,0.036469211676361635,0.036469211676361635,0.036469211676361635,0.3863855340186387,0.036469211676361635,0.18058983027839626,0.3468958948012391,0.036469211676361635,0.036469211676361635,0.036469211676361635,0.34202512183336153,0.036469211676361635,0.1818978161176681,0.39384755117030557,0.036469211676361635,0.03798313523062221,0.036469211676361635,0.395920788732823,0.036469211676361635,0.18065137702916553,0.03752576370336764,0.4015316916878484,0.036469211676361635,0.036469211676361635,0.3897629687962249
0.03386293472725461,0.03386293472725461,0.08786228598138172,0.5997711442865096,0.1773026932673733,0.8413781281154585,0.049766453158485914,0.047889405810259904,0.42902201099652243,0.3933227943400235,0.035249471413251465,0.1782955173998972,0.38957258964163444,0.38920150124614866,0.17775597237631,0.3857739492662208,0.03386293472725461,0.3920888298994656,0.17534578840539025,0.3864295554798959,0.03468236133684767,0.3831705057534414,0.17558834140846508,0.3811577338836465,0.03386293472725461,0.4425430780270298,0.03386293472725461,0.3875667184144072,0.4308175591951826,0.03386293472725461,0.22262670312958804,0.31696455842870985,0.42867991395786875,0.03499554474128042,0.3900763921820029,0.42689581991025194,0.03386293472725461,0.03386293472725461,0.3868156101047918,0.42715582376792727,0.03386293472725461,0.03386293472725461,0.42431332443777425,0.3885304522541718,0.04994154034875855,0.38359363266337976,0.18012301573791822,0.39836429113612043,0.03386293472725461,0.42877478104197925,0.3865115658900998,0.03386293472725461,0.4279906436232553,0.03510112026304307,0.39399736458957796,0.03386293472725461,0.18170650183833106,0.3898854210241883,0.3881091819982854,0.03548821687221702,0.4353892902232735,0.03386293472725461,0.38730043747512255,0.18119855580586083,0.3861740338474523,0.3933433033471956,0.03386293472725461,0.18289543628308652,0.38371423296498325,0.38991313947682943,0.18134165678536254,0.40373331030232285,0.03386293472725461,0.4267669409383565,0.03524139563476952,0.3992932484014561,0.03386293472725461,0.4217733442461728,0.03386293472725461,0.03386293472725461,0.4060683258414292,0.03386293472725461,0.03386293472725461,0.03386293472725461,0.42653272856240315,0.03386293472725461,0.03386293472725461,0.39383849528022424,0.03386293472725461,0.03386293472725461,0.03386293472725461,0.4248934471606488,0.03386293472725461,0.03386293472725461,0.03386293472725461,0.3854251724370888,0.03386293472725461,0.03386293472725461,0.4222472569251857,0.03386293472725461,0.03386293472725461,0.03386293472725461,0.03386293472725461,0.38615091288450754,0.03386293472725461,0.18008186629092482,0.34663350483162697,0.03386293472725461,0.03386293472725461,0.03386293472725461,0.34175888482592903,0.03386293472725461,0.18139352282751992,0.3936175865479997,0.03386293472725461,0.03548821687221702,0.03386293472725461,0.3956920888546139,0.03386293472725461,0.18014358695782837,0.034998255783924605,0.4013063538844344,0.03386293472725461,0.03386293472725461,0.3895304758630957
0.4277062752228288,0.4277062752228288,0.4351906474820337,0.7234398869138966,0.4611156906408721,0.9080350172440308,0.4292319375995331,0.42902201099652243,0.5997428630039094,0.5759696841247165,0.4278163939621159,0.461489775473225,0.5735300871941948,0.5732893184147749,0.46128626258782274,0.5710709099188223,0.4277062752228288,0.5751656812996362,0.4603835185321534,0.5714944728339031,0.42777082374423286,0.5693925194231811,0.4604738961218004,0.5680988938407477,0.4277062752228288,0.6089869247353243,0.4277062752228288,0.5722300107643392,0.6009632820368628,0.4277062752228288,0.47991501303283624,0.5288454858534838,0.5995105965890093,0.4277958989082548,0.5738571465804728,0.5983006138280191,0.4277062752228288,0.4277062752228288,0.5717440580752451,0.5984768110094972,0.4277062752228288,0.4277062752228288,0.5965531213266192,0.572854221317105,0.4292519248891901,0.5696649084735406,0.4621829503065753,0.5792673991672609,0.4277062752228288,0.5995749983187858,0.5715474822538849,0.4277062752228288,0.599042865311421,0.4278044023027047,0.5764097348552217,0.4277062752228288,0.4627883661272999,0.5737331467814017,0.572581268832508,0.4278357978860961,0.6040806577037982,0.4277062752228288,0.5720576778484094,0.4625936788442658,0.5713293465986092,0.5759830575351805,0.4277062752228288,0.46324584696921933,0.5697425732356617,0.5737511428168306,0.462648480893269,0.5828017092676964,0.4277062752228288,0.598213293855086,0.4278157398808693,0.5798772764416735,0.4277062752228288,0.5948390279887925,0.4277062752228288,0.4277062752228288,0.5843458611028718,0.4277062752228288,0.4277062752228288,0.4277062752228288,0.5980546367774119,0.4277062752228288,0.4277062752228288,0.5763060642144606,0.4277062752228288,0.4277062752228288,0.4277062752228288,0.5969452604924189,0.4277062752228288,0.4277062752228288,0.4277062752228288,0.570845726181757,0.4277062752228288,0.4277062752228288,0.5951584947073686,0.4277062752228288,0.4277062752228288,0.4277062752228288,0.4277062752228288,0.5713144078129857,0.4277062752228288,0.4621672768564325,0.5464800058811077,0.4277062752228288,0.4277062752228288,0.4277062752228288,0.5435195134488688,0.4277062752228288,0.46266835249534016,0.5761619438171971,0.4277062752228288,0.4278357978860961,0.4277062752228288,0.5775169108883534,0.4277062752228288,0.4621907868242006,0.42779611694626757,0.5812012733494204,0.4277062752228288,0.4277062752228288,0.5735027572564032
0.3918798610950711,0.3918798610950711,0.4000770530856426,0.7055165843067064,0.4282874567156263,0.8985038692381023,0.39355293968938315,0.3933227943400235,0.5759696841247165,0.5509049814738739,0.3920006569674797,0.4286926217419164,0.5483283634479272,0.5480740233969452,0.42847220655454205,0.5457301570768117,0.3918798610950711,0.5500559195736903,0.4274943079617386,0.5461777317820018,0.391950668953685,0.5439563467488849,0.4275922228044202,0.5425888771763234,0.3918798610950711,0.5856964081919038,0.3918798610950711,0.5469549021487102,0.5772544115636595,0.3918798610950711,0.4485896889451853,0.5009568542791253,0.5757251580153215,0.3919781751470058,0.5486738439999633,0.5744512009628983,0.3918798610950711,0.3918798610950711,0.5464414531467243,0.5746367253532185,0.3918798610950711,0.3918798610950711,0.5726109926936542,0.5476143792175177,0.39357485094174866,0.5442442513048575,0.4294432556740378,0.554386517139695,0.3918798610950711,0.5757929597211975,0.5462337443710356,0.3918798610950711,0.5752327183219674,0.391987502874878,0.5513696536076863,0.3918798610950711,0.43009871623307205,0.5485428619800672,0.5473260128027942,0.39202194170085936,0.5805352330297361,0.3918798610950711,0.5467728223646828,0.4298879499308429,0.5460032478093273,0.5509191035655882,0.3918798610950711,0.43059392720553397,0.544326337804404,0.5485618714856237,0.429947279380959,0.5581160946824243,0.3918798610950711,0.5743592571703332,0.39199993948344997,0.5550302169292066,0.3918798610950711,0.5708055811318851,0.3918798610950711,0.3918798610950711,0.5597450059484564,0.3918798610950711,0.3918798610950711,0.3918798610950711,0.5741921963559604,0.3918798610950711,0.3918798610950711,0.5512601850369688,0.3918798610950711,0.3918798610950711,0.3918798610950711,0.5730239707364206,0.3918798610950711,0.3918798610950711,0.3918798610950711,0.5454921964538513,0.3918798610950711,0.3918798610950711,0.5711420957736628,0.3918798610950711,0.3918798610950711,0.3918798610950711,0.3918798610950711,0.5459874622335482,0.3918798610950711,0.42942628490129464,0.5196949282633188,0.3918798610950711,0.3918798610950711,0.3918798610950711,0.516553402473091,0.3918798610950711,0.42996879238720287,0.551108001862675,0.3918798610950711,0.39202194170085936,0.3918798610950711,0.5525386514344208,0.3918798610950711,0.4294517408030433,0.39197841432242203,0.5564274563657058,0.3918798610950711,0.3918798610950711,0.5482994934597328
0.009789124319596734,0.009789124319596734,0.08166355917928039,0.5989530053838303,0.17431544858166192,0.8409367026295697,0.03776016769338857,0.035249471413251465,0.4278163939621159,0.3920006569674797,0.013843912339916456,0.17532522248302743,0.38823706713622164,0.3878646411374093,0.174776490220939,0.3844246203585474,0.009789124319596734,0.39076231473063777,0.17232455979486302,0.38508262760153184,0.012328618445724847,0.3818115660362982,0.17257136710336474,0.37979127919471795,0.009789124319596734,0.44137710232602917,0.009789124319596734,0.38622393708107694,0.4296173350954937,0.009789124319596734,0.2202567629648238,0.31531083286696093,0.4274732648056472,0.01318396041092234,0.3887426818376454,0.4256837638411777,0.009789124319596734,0.009789124319596734,0.3854700924999078,0.4259445582176038,0.009789124319596734,0.009789124319596734,0.42309336884762694,0.3871911672421621,0.03799062900983087,0.382236263302149,0.17718342097685058,0.397059776647556,0.009789124319596734,0.4275684182560227,0.3851649378204302,0.009789124319596734,0.42678191038866875,0.013461697881786383,0.39267760959146714,0.009789124319596734,0.1787929978556959,0.3885510242791347,0.3867683706672388,0.014440991085198796,0.434202616184156,0.009789124319596734,0.38595668722568505,0.17827673325007587,0.38482617108183415,0.39202123851862586,0.009789124319596734,0.18000121886672965,0.3823573105921546,0.3885788423982695,0.1784221825939967,0.40244711301871927,0.009789124319596734,0.4255544927007074,0.013823336783038272,0.3979919359075071,0.009789124319596734,0.42054553352031404,0.009789124319596734,0.009789124319596734,0.4047899546449742,0.009789124319596734,0.009789124319596734,0.009789124319596734,0.42531956708522123,0.009789124319596734,0.009789124319596734,0.39251817989066984,0.009789124319596734,0.009789124319596734,0.009789124319596734,0.423675273678463,0.009789124319596734,0.009789124319596734,0.009789124319596734,0.3840745630757037,0.009789124319596734,0.009789124319596734,0.42102091834371713,0.009789124319596734,0.009789124319596734,0.009789124319596734,0.009789124319596734,0.384802965467964,0.009789124319596734,0.1771415872685856,0.3451252848755673,0.009789124319596734,0.009789124319596734,0.009789124319596734,0.34022844096672517,0.009789124319596734,0.17847489885143328,0.3922964912288063,0.009789124319596734,0.014440991085198796,0.009789124319596734,0.39437828564526783,0.009789124319596734,0.17720433414936068,0.013191154946081304,0.400011933017629,0.009789124319596734,0.009789124319596734,0.3881948016769601
0.17505185467761697,0.17505185467761697,0.19290545630272177,0.6221666093030389,0.24678930163250715,0.8534885447745433,0.17880856673765766,0.1782955173998972,0.461489775473225,0.4286926217419164,0.17532522248302743,0.24750257148221289,0.42527174000762097,0.42493351501841625,0.24711471092021964,0.421811899772796,0.17505185467761697,0.42756646003114485,0.24538906525942752,0.4224086511910752,0.17521213793266127,0.41944376525068827,0.2455622102382541,0.4176146820397793,0.17505185467761697,0.4740094099390332,0.17505185467761697,0.4234441082996216,0.46314950034993285,0.17505185467761697,0.2810725943285889,0.36023679067187575,0.4611736577789093,0.1752743705339622,0.42573100629933225,0.4595255820003301,0.17505185467761697,0.17505185467761697,0.42276012399150803,0.45976570755554735,0.17505185467761697,0.17505185467761697,0.45714157140695927,0.4243220215858988,0.17885735169402917,0.4198284739281106,0.24882047003278332,0.4332992454040914,0.17505185467761697,0.4612613172462851,0.4224833106738035,0.17505185467761697,0.46053683101045234,0.17529547047693964,0.42930848836651303,0.17505185467761697,0.24996754899827592,0.42555690617048814,0.4239382234120176,0.17537335592619507,0.46737938933277784,0.17505185467761697,0.4232016000855982,0.24959907592158426,0.42217604906540224,0.42871134360157576,0.17505185467761697,0.25083191492991513,0.41993813666213325,0.42558217506057844,0.2497028347354161,0.438214716616725,0.17505185467761697,0.4594065634080559,0.175323599776758,0.43414903190500886,0.17505185467761697,0.45479867963952203,0.17505185467761697,0.17505185467761697,0.44035547552438264,0.17505185467761697,0.17505185467761697,0.17505185467761697,0.4591902823820799,0.17505185467761697,0.17505185467761697,0.42916342995673384,0.17505185467761697,0.17505185467761697,0.17505185467761697,0.4576769412863976,0.17505185467761697,0.17505185467761697,0.17505185467761697,0.4214944986440812,0.17505185467761697,0.17505185467761697,0.4552356770329065,0.17505185467761697,0.17505185467761697,0.17505185467761697,0.17505185467761697,0.422155003182649,0.17505185467761697,0.2487907247356061,0.3865045600780576,0.17505185467761697,0.17505185467761697,0.17505185467761697,0.38215624294880846,0.17505185467761697,0.24974045099315806,0.42896174020341954,0.17505185467761697,0.17537335592619507,0.17505185467761697,0.43085643909799715,0.17505185467761697,0.24883534135846053,0.17527491158992742,0.4359915761459003,0.17505185467761697,0.17505185467761697,0.42523335327883244
0.38811504408976083,0.38811504408976083,0.39639392555857744,0.7036864076820029,0.4248630877593206,0.8975256576067719,0.3898050562715559,0.38957258964163444,0.5735300871941948,0.5483283634479272,0.38823706713622164,0.42527174000762097,0.5457371488226924,0.545481362412073,0.42504942847162414,0.5431241199460338,0.38811504408976083,0.5474745027799808,0.4240630949668739,0.5435742555209455,0.3881865713772632,0.541340129454191,0.42416185596651296,0.5399647776548185,0.38811504408976083,0.5833077651757717,0.38811504408976083,0.5443558651495887,0.5748216113388905,0.38811504408976083,0.4453330161094664,0.49807694109625544,0.573284265093847,0.38821435697543716,0.5460845924281149,0.5720035437983735,0.38811504408976083,0.38811504408976083,0.543839484340953,0.5721900545385836,0.38811504408976083,0.38811504408976083,0.5701535280892226,0.5450191018321892,0.3898271883905136,0.5416296897216859,0.42602881871414283,0.5518294628752501,0.38811504408976083,0.5733524262251496,0.5436305883739898,0.38811504408976083,0.5727892131698676,0.3882237794449179,0.5487956572152145,0.38811504408976083,0.42668989012930364,0.545952866372108,0.5447290922996165,0.38825856802869263,0.5781196964710733,0.38811504408976083,0.5441727461556948,0.42647732133230887,0.5433987735839059,0.5483425652631415,0.38811504408976083,0.4271893298685635,0.5417122480517809,0.5459719838764784,0.42653715833677486,0.5555797996632699,0.38811504408976083,0.5719111110192242,0.3882363423653303,0.5524767600741798,0.38811504408976083,0.5683384519795982,0.38811504408976083,0.38811504408976083,0.5572177146108731,0.38811504408976083,0.38811504408976083,0.38811504408976083,0.5717431614455637,0.38811504408976083,0.38811504408976083,0.5486855713273973,0.38811504408976083,0.38811504408976083,0.38811504408976083,0.570568710900169,0.38811504408976083,0.38811504408976083,0.38811504408976083,0.5428847965137669,0.38811504408976083,0.38811504408976083,0.568676771239807,0.38811504408976083,0.38811504408976083,0.38811504408976083,0.38811504408976083,0.5433828976987081,0.38811504408976083,0.4260117024612473,0.5169341709983701,0.38811504408976083,0.38811504408976083,0.38811504408976083,0.5137731553660605,0.38811504408976083,0.42655885535194943,0.5485325296585657,0.38811504408976083,0.38825856802869263,0.38811504408976083,0.5499712360352565,0.38811504408976083,0.42603737657708596,0.38821459858020785,0.5538817872785127,0.38811504408976083,0.38811504408976083,0.5457081147092643
0.38774249544935213,0.38774249544935213,0.3960295380438017,0.7035058822007378,0.4245245152312882,0.8974291240212652,0.38943419983085403,0.38920150124614866,0.5732893184147749,0.5480740233969452,0.3878646411374093,0.42493351501841625,0.545481362412073,0.545225432676576,0.42471101449224313,0.5428668646625281,0.38774249544935213,0.5472196872386238,0.4237238403300679,0.5433172540224487,0.38781409463545585,0.5410818652667605,0.4238226856636214,0.539705732257903,0.38774249544935213,0.583072040450186,0.38774249544935213,0.5440993035776407,0.5745815154645098,0.38774249544935213,0.44501114578796186,0.49779252117721573,0.5730433680024796,0.38784190815679587,0.5458290005414075,0.5717619769856813,0.38774249544935213,0.38774249544935213,0.543582632231119,0.5719485853850446,0.38774249544935213,0.38774249544935213,0.5699109902060059,0.5447629128252093,0.3894563540197463,0.54137158962754,0.4256912359905971,0.5515770611784739,0.38774249544935213,0.573111564719445,0.5433736186137358,0.38774249544935213,0.5725480574470168,0.38785134009454997,0.5485415769255283,0.38774249544935213,0.4263528665396386,0.5456972007572527,0.5444727404662608,0.38788616363230294,0.577881309664386,0.38774249544935213,0.5439160816001026,0.42614011812281427,0.5431416731865036,0.5480882331115227,0.38774249544935213,0.42685272766854876,0.5414541947192409,0.5457163289634795,0.4262000057056702,0.5553294545245793,0.38774249544935213,0.5716694957914475,0.38786391563828554,0.5522247147801812,0.38774249544935213,0.5680949571216471,0.38774249544935213,0.38774249544935213,0.556968261363392,0.38774249544935213,0.38774249544935213,0.38774249544935213,0.5715014582204397,0.38774249544935213,0.38774249544935213,0.5484314298719754,0.38774249544935213,0.38774249544935213,0.38774249544935213,0.5703263913237865,0.38774249544935213,0.38774249544935213,0.38774249544935213,0.5426274061727743,0.38774249544935213,0.38774249544935213,0.568433455077496,0.38774249544935213,0.38774249544935213,0.38774249544935213,0.38774249544935213,0.5431257883515558,0.38774249544935213,0.42567410523996785,0.5166615754266735,0.38774249544935213,0.38774249544935213,0.38774249544935213,0.5134986263546538,0.38774249544935213,0.4262217210575026,0.5482783031404119,0.38774249544935213,0.38788616363230294,0.38774249544935213,0.5497178077974051,0.38774249544935213,0.4256998011017892,0.3878421500043519,0.5536305135090339,0.38774249544935213,0.38774249544935213,0.5454523120349586
0.17450226118247222,0.17450226118247222,0.19240697790239572,0.6220241667709816,0.24640030990813414,0.853411391694046,0.1782705776317608,0.17775597237631,0.46128626258782274,0.42847220655454205,0.174776490220939,0.24711471092021964,0.42504942847162414,0.42471101449224313,0.24672623605970048,0.4215876420408211,0.17450226118247222,0.4273454235838708,0.24499783396522187,0.4221847311980245,0.17466304972928348,0.41921815865097084,0.2451712572480553,0.4173880241001136,0.17450226118247222,0.47381180708176646,0.17450226118247222,0.423220772289195,0.46294678675714707,0.17450226118247222,0.2807315447082688,0.35997217371234075,0.4609699920924481,0.17472547826885543,0.4255089509533942,0.4593211167351464,0.17450226118247222,0.17450226118247222,0.4225364025144684,0.45956135909904694,0.17450226118247222,0.17450226118247222,0.45693594065818854,0.42409917868386654,0.17831951007215777,0.41960308739489194,0.24843468259339235,0.4330813412467328,0.17450226118247222,0.4610576939497598,0.4222594328743498,0.17450226118247222,0.46033285695045106,0.17474664461298994,0.42908841168701906,0.17450226118247222,0.24958354834130317,0.42533475376600216,0.4237151651646963,0.1748247750278402,0.4671786905880953,0.17450226118247222,0.4229781275362094,0.24921450307518161,0.42195199753120566,0.4284909387174781,0.17450226118247222,0.25044924998240176,0.41971281279263817,0.4253600367476188,0.24931842318179803,0.4379994396087289,0.17450226118247222,0.4592020402071589,0.1747748624103432,0.433931585731961,0.17450226118247222,0.45459189314290427,0.17450226118247222,0.17450226118247222,0.4401413263063209,0.17450226118247222,0.17450226118247222,0.17450226118247222,0.4589856538333999,0.17450226118247222,0.17450226118247222,0.42894327362538065,0.17450226118247222,0.17450226118247222,0.17450226118247222,0.4574715731865985,0.17450226118247222,0.17450226118247222,0.17450226118247222,0.4212700609217468,0.17450226118247222,0.17450226118247222,0.4550291068947334,0.17450226118247222,0.17450226118247222,0.17450226118247222,0.17450226118247222,0.4219309397401038,0.17450226118247222,0.2484048907454059,0.3862586264976119,0.17450226118247222,0.17450226118247222,0.17450226118247222,0.38190738369748845,0.17450226118247222,0.24935609788111177,0.42874147304324783,0.17450226118247222,0.1748247750278402,0.17450226118247222,0.4306372093962157,0.17450226118247222,0.24844957718827176,0.1747260210277191,0.4357751175039876,0.17450226118247222,0.17450226118247222,0.42501102030712956
0.38430133136961386,0.38430133136961386,0.39266442996364587,0.7018433884653881,0.42139966859660616,0.8965397605777752,0.38600880993853787,0.3857739492662208,0.5710709099188223,0.5457301570768117,0.3844246203585474,0.421811899772796,0.5431241199460338,0.5428668646625281,0.4215876420408211,0.5404960367426926,0.38430133136961386,0.5448714236322354,0.4205926512617309,0.5409487734136277,0.38437360081690186,0.5387017054518518,0.4206922807722369,0.5373183462528907,0.38430133136961386,0.5809002380781317,0.38430133136961386,0.5417348918632467,0.572369325191073,0.38430133136961386,0.4420415035299338,0.49517024217172867,0.5708237737687303,0.3844016746456653,0.5434735571235483,0.5695361936908865,0.38430133136961386,0.38430133136961386,0.5412155333339346,0.569723704596258,0.38430133136961386,0.38430133136961386,0.5676762326209784,0.5424019468977187,0.38603116984272734,0.5389929476356573,0.42257559226510605,0.5492511193646265,0.38430133136961386,0.5708922993355705,0.5410054315562652,0.38430133136961386,0.5703260731612452,0.38441119484912845,0.5462001128023559,0.38430133136961386,0.4232424211813819,0.5433410754692654,0.5421102685954869,0.3844463442363875,0.5756849116704984,0.38430133136961386,0.541550717395723,0.4230280028301421,0.5407722778448341,0.5457444398429137,0.38430133136961386,0.42374619990484375,0.5390759852582968,0.5433603026511092,0.4230883606449964,0.5530225281963776,0.38430133136961386,0.5694432650724156,0.38442388807066197,0.5499020685149605,0.38430133136961386,0.5658513550655178,0.38430133136961386,0.38430133136961386,0.5546695810367198,0.38430133136961386,0.38430133136961386,0.38430133136961386,0.5692744142778567,0.38430133136961386,0.38430133136961386,0.5460894001089637,0.38430133136961386,0.38430133136961386,0.38430133136961386,0.5680936512932209,0.38430133136961386,0.38430133136961386,0.38430133136961386,0.5402553290641955,0.38430133136961386,0.38430133136961386,0.5661915045810693,0.38430133136961386,0.38430133136961386,0.38430133136961386,0.38430133136961386,0.5407563102318708,0.38430133136961386,0.42255832672364546,0.5141487987861862,0.38430133136961386,0.38430133136961386,0.38430133136961386,0.5109679499445094,0.38430133136961386,0.4231102464740158,0.5459354867431203,0.38430133136961386,0.3844463442363875,0.38430133136961386,0.547382373508197,0.38430133136961386,0.42258422476591595,0.3844019187565234,0.5513150010771191,0.38430133136961386,0.38430133136961386,0.5430949191538551
0.0,0.0,0.08107473122600219,0.5988783288021817,0.17404049175037567,0.8408964152537145,0.036469211676361635,0.03386293472725461,0.4277062752228288,0.3918798610950711,0.009789124319596734,0.17505185467761697,0.38811504408976083,0.38774249544935213,0.17450226118247222,0.38430133136961386,0.0,0.3906411175088812,0.17204641547729213,0.3849595587794804,0.007494523259667511,0.3816873957208684,0.17229362192579642,0.3796664196936891,0.0,0.4412706138284695,0.0,0.38610124847362903,0.42950771029016255,0.0,0.2200393766709202,0.3151595924128526,0.42736305153330467,0.008831186692786893,0.38862082494161043,0.4255730553297996,0.0,0.0,0.385347152993424,0.42583392211397986,0.0,0.0,0.42298193675341844,0.38706879921707776,0.036707778889046305,0.38211223699581875,0.17691293000901637,0.39694059626443867,0.0,0.4274582312124259,0.3850418964895826,0.0,0.4266715062301401,0.009240690197410648,0.3925570321251395,0.0,0.17852495051178754,0.3884291044498269,0.38664586269309814,0.010616744771599514,0.4340942323267946,0.0,0.3858339097753417,0.1780079069278151,0.3847030165340803,0.3919004492968094,0.0,0.17973497712512615,0.3822333252764296,0.38845693170699785,0.17815357619225305,0.40232961152365115,0.0,0.42544374826839093,0.009760004393535025,0.39787304902576975,0.0,0.4204333818648878,0.0,0.0,0.40467317038369977,0.0,0.0,0.0,0.4252087573229821,0.0,0.0,0.39239755105040064,0.0,0.0,0.0,0.42356400482621065,0.0,0.0,0.0,0.38395115667132035,0.0,0.0,0.42090890154584143,0.0,0.0,0.0,0.0,0.3846798031580001,0.0,0.1768710321980711,0.34498741565670515,0.0,0.0,0.0,0.3400885307226497,0.0,0.17820637206864373,0.39217579088800786,0.0,0.010616744771599514,0.0,0.3942582537949252,0.0,0.1769338752158828,0.008841923714630483,0.3998936778102453,0.0,0.0,0.38807276472333224
