0.0,0.04352967894790896,0.7998193144973933,0.14427297217814103,0.5654216834770166,0.014994761183051665,0.8408964152537145,0.34514439380250844,0.0,0.3443205153060773,0.21070231899104944,0.3443429160156646,0.3414860566846423,0.014912144786415732,0.20974685952962338,0.34236530189344444,0.337402046136906,0.20709372577251936,0.3416263828338045,0.0,0.40097164166367455,0.0,0.326991675956949,0.3369212252740422,0.20923823753024132,0.3415459684577379,0.0,0.009014537584155196,0.4005638587858021,0.32976998546543534,0.009044940792327765,0.39971831486753423,0.331399178503336,0.0,0.2121343498556225,0.33929346980132885,0.3456057950221048,0.011669128890185985,0.40752552574254963,0.0,0.0,0.34503586661839614,0.40569410182558524,0.045084914496284295,0.34520331874866783,0.21288463645495978,0.34467225656788847,0.0,0.40484722935459533,0.00838334961376584,0.34444268483980445,0.4049302862176172,0.015212878264698082,0.344497648228745,0.0,0.4072466724953584,0.0,0.3442936326984742,0.0,0.4066687732576111,0.3447528178147999,0.014088564661946206,0.21396915940021533,0.34477763372815506,0.3446486545651043,0.2163494554826405,0.34400024331101964,0.0,0.3332951312719498,0.21455335967595243,0.3406586177690304,0.3446926019384723,0.2141685684027519,0.009927612600536425,0.34452166675241,0.34462505108740504,0.21093611001039816,0.0,0.0,0.3471200869762738,0.0,0.0,0.0,0.40454138775380283,0.0,0.014088564661946206,0.34413922425055976,0.0,0.0,0.0,0.40489529802483276,0.0,0.0,0.3453195162472704,0.0,0.0,0.0,0.4054724601325045,0.0,0.0,0.0,0.3441820086497989,0.006871662542143975,0.006110363527799042,0.21292214690637626,0.3413834456730985,0.0,0.010307493762526114,0.0,0.34425982306267977,0.21417499789924302,0.0,0.34517446699014026,0.0,0.009044940792327765,0.0,0.3440165487147101,0.0,0.21224336218611842,0.0,0.34384489894844456,0.0,0.0,0.3433392801533266,0.0
0.04352967894790896,0.06156020707733408,0.8007285342565693,0.15069530706033105,0.5670066093266445,0.04603993223867767,0.8416919632608132,0.3478588494569726,0.04352967894790896,0.3470416022287976,0.21514728034592118,0.3470638222417077,0.3442301888961804,0.046013091237396685,0.21421172817898249,0.34510224684588436,0.3401800275796461,0.2116148004402798,0.3443693656207679,0.04352967894790896,0.40329660426343716,0.04352967894790896,0.3298595678939558,0.3397032430574593,0.2137137748786572,0.34428960981693035,0.04352967894790896,0.04445328654590213,0.4028913003854089,0.3326133542072795,0.044459461877920096,0.4020509114449765,0.33422834897238046,0.04352967894790896,0.21654979791693774,0.34205567865585423,0.34831654999204076,0.045066631297167335,0.4098112675064092,0.04352967894790896,0.04352967894790896,0.3477511940783268,0.40799068722641446,0.06266956917855235,0.34791730127257636,0.21728477429373816,0.34739050871291327,0.04352967894790896,0.40714885916977317,0.04432959925165609,0.3471627865446074,0.4072314204527942,0.04611143185869113,0.34721730690509894,0.04352967894790896,0.4095340595891089,0.04352967894790896,0.34701493650073434,0.04352967894790896,0.40895957668717703,0.3474704214650494,0.04575281641559399,0.21834734952925614,0.34749503767520973,0.3473670967537424,0.2206802188073206,0.3467239161614874,0.04352967894790896,0.33610794490472123,0.21891981584826217,0.3434095458454275,0.34741069028208027,0.21854274636654103,0.04464739919992536,0.3472411318711567,0.34734368335615223,0.21537622670952183,0.04352967894790896,0.04352967894790896,0.3498187618679001,0.04352967894790896,0.04352967894790896,0.04352967894790896,0.4068448440494341,0.04352967894790896,0.04575281641559399,0.3468617743872919,0.04352967894790896,0.04352967894790896,0.04352967894790896,0.4071966410034239,0.04352967894790896,0.04352967894790896,0.3480325662251437,0.04352967894790896,0.04352967894790896,0.04352967894790896,0.40777036389283594,0.04352967894790896,0.04352967894790896,0.04352967894790896,0.3469042133389117,0.04406872596075485,0.04395644917198987,0.21732152204193775,0.34412841894745616,0.04352967894790896,0.044733401116744856,0.04352967894790896,0.34698139967482405,0.21854904661957056,0.04352967894790896,0.3478886811565854,0.04352967894790896,0.044459461877920096,0.04352967894790896,0.34674008980267573,0.04352967894790896,0.21665657928486318,0.04352967894790896,0.3465698277156033,0.04352967894790896,0.04352967894790896,0.34606830415544676,0.04352967894790896
0.7998193144973933,0.8007285342565693,0.9916569927390794,0.8096732912417275,0.9229655904293632,0.7999273325756893,0.9979164461514852,0.8524768705994767,0.7998193144973933,0.8522462710095174,0.8204896412580878,0.8522525360292692,0.8514557201382077,0.7999261457528921,0.8203083871415286,0.8517004819683285,0.8503243691681573,0.8198088645991133,0.8514947555345557,0.7998193144973933,0.8688874063387829,0.7998193144973933,0.8474825904269625,0.8501917769958933,0.8202121938135235,0.8514723848562333,0.7998193144973933,0.7998583580136055,0.8687624104864689,0.8482349980073269,0.7998586218056856,0.8685034477821849,0.8486782559624096,0.7998193144973933,0.8207626504736268,0.8508471916756375,0.8526061738328526,0.7998847361944715,0.8709055865402455,0.7998193144973933,0.7998193144973933,0.852446473500942,0.8703398889184537,0.8007945681658643,0.8524933773843135,0.8209063328392234,0.8523446770223383,0.7998193144973933,0.8700787551210306,0.7998530821284229,0.8522804426085292,0.8701043530739474,0.7999304974159487,0.852295818840671,0.7998193144973933,0.8708193674384829,0.7998193144973933,0.8522387528515043,0.7998193144973933,0.870640783717749,0.8523672248660401,0.7999146729159828,0.8211148037145467,0.8523741711585029,0.8523380718489325,0.8215755812258853,0.8521567270618121,0.7998193144973933,0.8491959834270794,0.8212274828575179,0.8512257646320632,0.8523503710466019,0.8211532351955547,0.799866667364445,0.8523025386311831,0.8523314665624635,0.8205341019497937,0.7998193144973933,0.7998193144973933,0.8530313400153893,0.7998193144973933,0.7998193144973933,0.7998193144973933,0.8699845192329638,0.7998193144973933,0.7999146729159828,0.8521955775617106,0.7998193144973933,0.7998193144973933,0.7998193144973933,0.8700935694483698,0.7998193144973933,0.7998193144973933,0.8525259335258171,0.7998193144973933,0.7998193144973933,0.7998193144973933,0.8702715178225395,0.7998193144973933,0.7998193144973933,0.7998193144973933,0.8522075395376028,0.7998420024993332,0.7998372539747927,0.8209135278230248,0.8514271829856431,0.7998193144973933,0.7998703603431713,0.7998193144973933,0.8522292979902392,0.8211544748509321,0.7998193144973933,0.8524852948399186,0.7998193144973933,0.7998586218056856,0.7998193144973933,0.8521612845078256,0.7998193144973933,0.8207834992219789,0.7998193144973933,0.8521133146884725,0.7998193144973933,0.7998193144973933,0.8519721052119771,0.7998193144973933
0.14427297217814103,0.15069530706033105,0.8096732912417275,0.20401069097644817,0.5825416003927276,0.145049936662273,0.8495126814315573,0.37385200252018,0.14427297217814103,0.3730935843437825,0.2553037738401823,0.3731142017460002,0.37048636190391054,0.14504142122756414,0.25451670225855827,0.3712947802097233,0.36673539948635403,0.25233719194247733,0.3706153636290288,0.14427297217814103,0.42577849621382885,0.14427297217814103,0.35720548178162514,0.3662942355127149,0.2540981851935615,0.3705414377951968,0.14427297217814103,0.14455426218080902,0.4253958783141003,0.359744254161599,0.14455616092563842,0.4246026504752721,0.3612345528135668,0.14427297217814103,0.2564855492820081,0.3684717408376102,0.3742768583667307,0.1447440132665411,0.43193368237087365,0.14427297217814103,0.14427297217814103,0.37375208319714903,0.4302125935411555,0.15115176692578053,0.37390625572673136,0.2571057251305029,0.3734173462014528,0.14427297217814103,0.4294170213241316,0.14451628204059536,0.3732060304025149,0.42949503904510944,0.14507264204242484,0.37325662114684327,0.14427297217814103,0.4316715756426979,0.14427297217814103,0.3730688421025363,0.14427297217814103,0.4311284427495118,0.3734915059314294,0.1449590795473401,0.25800338555349156,0.3735143504423133,0.3733956201258883,0.2599785042712339,0.3727988303789407,0.14427297217814103,0.36297030582061807,0.2584875165728581,0.36972585741681624,0.37343607466092144,0.25816859115400004,0.14461406065729857,0.37327872923131405,0.37337389290882306,0.25549653535094186,0.14427297217814103,0.14427297217814103,0.3756717851997369,0.14427297217814103,0.14427297217814103,0.14427297217814103,0.42912975024807,0.14427297217814103,0.1449590795473401,0.37292673294896145,0.14427297217814103,0.14427297217814103,0.14427297217814103,0.4294621734113227,0.14427297217814103,0.14427297217814103,0.374013244683421,0.14427297217814103,0.14427297217814103,0.14427297217814103,0.4300043608546146,0.14427297217814103,0.14427297217814103,0.14427297217814103,0.372966108457724,0.14443649121037486,0.14440228163195867,0.2571367487430247,0.3703920366327517,0.14427297217814103,0.14464062981557965,0.14427297217814103,0.37303772475539604,0.25817391863437017,0.14427297217814103,0.37387969125112924,0.14427297217814103,0.14455616092563842,0.14427297217814103,0.3728138356656827,0.14427297217814103,0.25657561453060984,0.14427297217814103,0.37265587765377495,0.14427297217814103,0.14427297217814103,0.3721906567807452,0.14427297217814103
0.5654216834770166,0.5670066093266445,0.9229655904293632,0.5825416003927276,0.7783613258233786,0.5656100377299522,0.9466043558259819,0.6559710091843549,0.5654216834770166,0.6555772088605286,0.6012087665620806,0.6555879077698238,0.6542271703764493,0.5656079683213857,0.6008968492560822,0.6546451545819794,0.6522951296708295,0.6000370861729284,0.6542938318484466,0.5654216834770166,0.6840196425286199,0.5654216834770166,0.6474418347772415,0.6520686957131808,0.6007313005438314,0.6542556290265079,0.5654216834770166,0.5654897666730816,0.6838056573000751,0.6487268902530862,0.5654902266604511,0.6833623539711108,0.6494839152338204,0.5654216834770166,0.6016785322153279,0.6531879725005915,0.6561918238119047,0.5655357631366255,0.6874757828216395,0.5654216834770166,0.5654216834770166,0.6559190992904557,0.6865068003535021,0.5671216731959073,0.6559991982463339,0.601925741055734,0.6557452590003808,0.5654216834770166,0.6860595648136811,0.5654805668292295,0.6556355644439582,0.6861034039606668,0.565615556107363,0.6556618227761033,0.5654216834770166,0.6873280866036073,0.5654216834770166,0.6555643699407604,0.5654216834770166,0.6870221801153893,0.655783764477856,0.56558796355943,0.6022843899204419,0.6557956268249836,0.6557339791937017,0.6030769763981831,0.6554242927895753,0.5654216834770166,0.6503681033928813,0.6024782259573722,0.6538344707983458,0.655754982817299,0.6023505027486709,0.5655042560545815,0.6556732983123497,0.6557226991946872,0.6012852740741553,0.5654216834770166,0.5654216834770166,0.6569178948175467,0.5654216834770166,0.5654216834770166,0.5654216834770166,0.6858981791625051,0.5654216834770166,0.56558796355943,0.655490638587202,0.5654216834770166,0.5654216834770166,0.5654216834770166,0.6860849358408424,0.5654216834770166,0.5654216834770166,0.6560547952256391,0.5654216834770166,0.5654216834770166,0.5654216834770166,0.6863896997319024,0.5654216834770166,0.5654216834770166,0.5654216834770166,0.6555110663033369,0.5654612465590421,0.565452966195166,0.601938119745961,0.6541784369434162,0.5654216834770166,0.5655106956334097,0.5654216834770166,0.655548223672437,0.6023526352804152,0.5654216834770166,0.6559853954761968,0.5654216834770166,0.5654902266604511,0.5654216834770166,0.6554320756328835,0.5654216834770166,0.6017144040241552,0.5654216834770166,0.6553501566082637,0.5654216834770166,0.5654216834770166,0.6551090104801486,0.5654216834770166
0.014994761183051665,0.04603993223867767,0.7999273325756893,0.145049936662273,0.5656100377299522,0.021205794356018336,0.8409909340925501,0.34546764159296633,0.014994761183051665,0.34464455802465055,0.21123467348336958,0.34466693707255597,0.34181286228911634,0.02114745643494785,0.210281642427169,0.3426912457690648,0.33773291079958584,0.20763536826339665,0.34195305062281794,0.014994761183051665,0.40124826620924886,0.014994761183051665,0.3273333275668353,0.3372525740293239,0.20977432210441216,0.3418727152090988,0.014994761183051665,0.017495849439030816,0.40084077967444354,0.3301086941561359,0.0175115337502001,0.3999958520048979,0.33173618358702883,0.014994761183051665,0.21266310525152254,0.33962244294818905,0.3459285992078544,0.01900030069278982,0.40779746241722825,0.014994761183051665,0.014994761183051665,0.345359218914864,0.40596733446583033,0.04751307043372321,0.3455265098237992,0.2134115253114898,0.34499595946047623,0.014994761183051665,0.40512106490379995,0.017179156319775665,0.3447666094521063,0.4052040625341656,0.021360583228232363,0.3448215197318305,0.014994761183051665,0.4075188058039782,0.014994761183051665,0.34461770141632253,0.014994761183051665,0.40694131486041707,0.3450764429685112,0.02057499714478799,0.21449337312307235,0.34510123494234846,0.34497238023940907,0.2168678909559896,0.3443245960305214,0.014994761183051665,0.3336301739880184,0.21507614348040396,0.3409862382195284,0.3450162851951859,0.21469229317379118,0.01798333537697698,0.34484551505231803,0.3449487995478358,0.2114678736148854,0.014994761183051665,0.014994761183051665,0.3474414431983513,0.014994761183051665,0.014994761183051665,0.014994761183051665,0.40481544160905475,0.014994761183051665,0.02057499714478799,0.34446344237842275,0.014994761183051665,0.014994761183051665,0.014994761183051665,0.40516909929076445,0.014994761183051665,0.014994761183051665,0.34564259553640886,0.014994761183051665,0.014994761183051665,0.014994761183051665,0.4057458503413056,0.014994761183051665,0.014994761183051665,0.014994761183051665,0.344506185365414,0.016494320440355918,0.016191954934934024,0.21344894278745283,0.34171035212138196,0.014994761183051665,0.01819580408755425,0.014994761183051665,0.3445839244847317,0.21469870692012938,0.014994761183051665,0.3454976858328083,0.014994761183051665,0.0175115337502001,0.014994761183051665,0.34434088563837845,0.014994761183051665,0.2127718455732428,0.014994761183051665,0.34416940222941583,0.014994761183051665,0.014994761183051665,0.3436642743882571,0.014994761183051665
0.8408964152537145,0.8416919632608132,0.9979164461514852,0.8495126814315573,0.9466043558259819,0.8409909340925501,1.0,0.8867387101744952,0.8408964152537145,0.8865393126711519,0.8589539770606875,0.8865447301835597,0.885855613851488,0.8409898955971585,0.8587959248116335,0.886067312457046,0.8848768683823546,0.8583603150976716,0.8858893773665552,0.8408964152537145,0.9008857359087141,0.8408964152537145,0.8824168416309675,0.8847621376674873,0.8587120426009542,0.8858700279880681,0.8408964152537145,0.8409305795864536,0.9007783296071333,0.883068389074204,0.8409308104123775,0.9005557899484189,0.8834521564911788,0.8408964152537145,0.8591920281702523,0.8853292134668544,0.8868505108420542,0.840953661238028,0.9026191023510549,0.8408964152537145,0.8408964152537145,0.8867124269424624,0.9021333940256326,0.8417497375569142,0.8867529828606324,0.8593173071071251,0.8866244053941911,0.8408964152537145,0.9019091432051338,0.8409259630280573,0.886568861532343,0.9019311268053165,0.8409937033947863,0.8865821575560145,0.8408964152537145,0.9025450824925377,0.8408964152537145,0.8865328115251614,0.8408964152537145,0.9023917577264499,0.8866439023596535,0.8409798566100248,0.8594990696746679,0.8866499087413717,0.886618693918307,0.8599007871134475,0.8864618806401643,0.8408964152537145,0.8839003306606991,0.8595973096837681,0.8856567059117249,0.8866293289917093,0.8595325766531872,0.840937850511752,0.8865879682229632,0.8866129823320432,0.8589927455735265,0.8408964152537145,0.8408964152537145,0.8872180919968963,0.8408964152537145,0.8408964152537145,0.8408964152537145,0.9018282109955033,0.8408964152537145,0.8409798566100248,0.8864954764177616,0.8408964152537145,0.8408964152537145,0.8408964152537145,0.9019218658250248,0.8408964152537145,0.8408964152537145,0.8867811324835451,0.8408964152537145,0.8408964152537145,0.8408964152537145,0.9020746822838343,0.8408964152537145,0.8408964152537145,0.8408964152537145,0.8865058203895747,0.8409162680079316,0.8409121128966538,0.8593235804317796,0.8858309304767087,0.8408964152537145,0.8409410819735702,0.8408964152537145,0.8865246356385353,0.859533657458222,0.8408964152537145,0.8867459942521518,0.8408964152537145,0.8409308104123775,0.8408964152537145,0.8864658216915953,0.8408964152537145,0.8592102067514447,0.8408964152537145,0.8864243394902485,0.8408964152537145,0.8408964152537145,0.88630222386535,0.8408964152537145
0.34514439380250844,0.3478588494569726,0.8524768705994767,0.37385200252018,0.6559710091843549,0.34546764159296633,0.8867387101744952,0.48636694465482755,0.34514439380250844,0.48579513514549694,0.40383974614604096,0.48581067361829683,0.4838329087342995,0.34546409111024007,0.40334823163585737,0.4844407530444592,0.4810194930983169,0.40199187258095653,0.4839298691059347,0.34514439380250844,0.5265057563301829,0.34514439380250844,0.4739239668053558,0.4806893509141452,0.40308724065546225,0.4838743032807029,0.34514439380250844,0.3452612567702119,0.5262034990380192,0.47580672880122643,0.34526204624645407,0.5255771515455719,0.4769144967512949,0.34514439380250844,0.4045794318194969,0.48232041888752775,0.48668746337097263,0.3453401952038217,0.5313801016866035,0.34514439380250844,0.34514439380250844,0.48629158445030873,0.5300149149877069,0.3480554296693882,0.4864078662962613,0.40496841202951783,0.4860391797795843,0.34514439380250844,0.5293844425274742,0.3452454668553673,0.4858798851236083,0.5294462533479153,0.3454771093633991,0.48591801835796145,0.34514439380250844,0.5311720845994811,0.34514439380250844,0.48577648839906645,0.34514439380250844,0.5307411621844998,0.486095091449905,0.3454297678417999,0.4055324111083279,0.4861123156195249,0.4860228005391185,0.40677742523692956,0.48557302828572363,0.34514439380250844,0.47820707686861214,0.4058370686668329,0.4832615699252891,0.48605329942367687,0.4056363352879726,0.3452861243797723,0.48593468316453414,0.48600642081169443,0.40396025980456784,0.34514439380250844,0.34514439380250844,0.4877408188784269,0.34514439380250844,0.34514439380250844,0.34514439380250844,0.5291568781155055,0.34514439380250844,0.3454297678417999,0.48566939863639724,0.34514439380250844,0.34514439380250844,0.34514439380250844,0.529420214574414,0.34514439380250844,0.34514439380250844,0.48648857181299404,0.34514439380250844,0.34514439380250844,0.34514439380250844,0.5298498596199751,0.34514439380250844,0.34514439380250844,0.34514439380250844,0.48569906939161395,0.3452123056157346,0.34519809265265006,0.4049878848557144,0.483762020368868,0.34514439380250844,0.3452971760593023,0.34514439380250844,0.4857530378059186,0.4056396872401093,0.34514439380250844,0.48638782918203183,0.34514439380250844,0.34526204624645407,0.34514439380250844,0.4855843336000123,0.34514439380250844,0.40463588725537514,0.34514439380250844,0.48546533351268606,0.34514439380250844,0.34514439380250844,0.48511496748173105,0.34514439380250844
0.0,0.04352967894790896,0.7998193144973933,0.14427297217814103,0.5654216834770166,0.014994761183051665,0.8408964152537145,0.34514439380250844,0.0,0.3443205153060773,0.21070231899104944,0.3443429160156646,0.3414860566846423,0.014912144786415732,0.20974685952962338,0.34236530189344444,0.337402046136906,0.20709372577251936,0.3416263828338045,0.0,0.40097164166367455,0.0,0.326991675956949,0.3369212252740422,0.20923823753024132,0.3415459684577379,0.0,0.009014537584155196,0.4005638587858021,0.32976998546543534,0.009044940792327765,0.39971831486753423,0.331399178503336,0.0,0.2121343498556225,0.33929346980132885,0.3456057950221048,0.011669128890185985,0.40752552574254963,0.0,0.0,0.34503586661839614,0.40569410182558524,0.045084914496284295,0.34520331874866783,0.21288463645495978,0.34467225656788847,0.0,0.40484722935459533,0.00838334961376584,0.34444268483980445,0.4049302862176172,0.015212878264698082,0.344497648228745,0.0,0.4072466724953584,0.0,0.3442936326984742,0.0,0.4066687732576111,0.3447528178147999,0.014088564661946206,0.21396915940021533,0.34477763372815506,0.3446486545651043,0.2163494554826405,0.34400024331101964,0.0,0.3332951312719498,0.21455335967595243,0.3406586177690304,0.3446926019384723,0.2141685684027519,0.009927612600536425,0.34452166675241,0.34462505108740504,0.21093611001039816,0.0,0.0,0.3471200869762738,0.0,0.0,0.0,0.40454138775380283,0.0,0.014088564661946206,0.34413922425055976,0.0,0.0,0.0,0.40489529802483276,0.0,0.0,0.3453195162472704,0.0,0.0,0.0,0.4054724601325045,0.0,0.0,0.0,0.3441820086497989,0.006871662542143975,0.006110363527799042,0.21292214690637626,0.3413834456730985,0.0,0.010307493762526114,0.0,0.34425982306267977,0.21417499789924302,0.0,0.34517446699014026,0.0,0.009044940792327765,0.0,0.3440165487147101,0.0,0.21224336218611842,0.0,0.34384489894844456,0.0,0.0,0.3433392801533266,0.0
0.3443205153060773,0.3470416022287976,0.8522462710095174,0.3730935843437825,0.6555772088605286,0.34464455802465055,0.8865393126711519,0.48579513514549694,0.3443205153060773,0.48522257219816944,0.4031402778854986,0.48523813116467923,0.4832577489392185,0.34464099881837534,0.4026478630804568,0.4838663995687874,0.4804405789321648,0.4012890090636328,0.48335483804503493,0.3443205153060773,0.52598345684119,0.3443205153060773,0.47333541687803204,0.48010999376165303,0.40238639322487474,0.4832991984504184,0.3443205153060773,0.3444376658272942,0.5256808493631601,0.4752207594509191,0.3444384572454885,0.525053775208757,0.4763300376407541,0.3443205153060773,0.40388131461439514,0.48174324532954227,0.4861160755412478,0.3445167983912841,0.5308634068656853,0.3443205153060773,0.3443205153060773,0.4857196757283543,0.529496658449588,0.3472386588182216,0.48583611064999166,0.40427100347895756,0.4854669385762921,0.3443205153060773,0.5288654626639944,0.3444218370706522,0.48530743393979303,0.5289273444571284,0.3446540490565867,0.4853456174514647,0.3443205153060773,0.5306551522139474,0.3443205153060773,0.4852039008570734,0.3443205153060773,0.5302237372118539,0.48552292392146407,0.3446065912086523,0.40483602783826333,0.4855401707845271,0.4854505377502011,0.40608329596555237,0.48500017228132103,0.3443205153060773,0.4776243724426562,0.40514123813304515,0.48268565068289815,0.48548107682718983,0.4049401406522475,0.3444625946020555,0.4853623042279199,0.48543413643529193,0.4032610119769442,0.3443205153060773,0.3443205153060773,0.487170813596147,0.3443205153060773,0.3443205153060773,0.3443205153060773,0.5286376368468607,0.3443205153060773,0.3446065912086523,0.4850966698146384,0.3443205153060773,0.3443205153060773,0.3443205153060773,0.5289012757868288,0.3443205153060773,0.3443205153060773,0.4859169223730432,0.3443205153060773,0.3443205153060773,0.3443205153060773,0.5293314138460595,0.3443205153060773,0.3443205153060773,0.3443205153060773,0.48512637971866723,0.34438859424617685,0.344374346311079,0.40429051174824926,0.48318676642794717,0.3443205153060773,0.34447367346194696,0.3443205153060773,0.4851804193308429,0.4049434986870792,0.3443205153060773,0.4858160471628825,0.3443205153060773,0.3444384572454885,0.3443205153060773,0.48501149251773845,0.3443205153060773,0.403937872980301,0.3443205153060773,0.48489233533043236,0.3443205153060773,0.3443205153060773,0.4845415063828238,0.3443205153060773
0.21070231899104944,0.21514728034592118,0.8204896412580878,0.2553037738401823,0.6012087665620806,0.21123467348336958,0.8589539770606875,0.40383974614604096,0.21070231899104944,0.4031402778854986,0.29783114296331464,0.4031592901264218,0.40073723105045095,0.21122883075343718,0.2971579590435819,0.40148208694093535,0.39728422347220127,0.2952967051917201,0.40085607453382716,0.21070231899104944,0.45214781042099866,0.21070231899104944,0.3885345443356292,0.3968784350289708,0.29680022458200345,0.40078796927371985,0.21070231899104944,0.21089487629581133,0.45178919152775915,0.3908621156343212,0.21089617675834943,0.4510458290414674,0.3922295830539041,0.21070231899104944,0.2988429438300859,0.39888201523146666,0.4042316654732281,0.21102488272325665,0.4579216587411452,0.21070231899104944,0.21070231899104944,0.4037475819694465,0.45630630995318283,0.2154669833379581,0.40388978997710373,0.2993744089315154,0.4034388503087786,0.21070231899104944,0.45555984708540204,0.21086886535418364,0.40324397127542977,0.4556330424052343,0.2112502533034032,0.40329062551982986,0.21070231899104944,0.45767561138352053,0.21070231899104944,0.40311746213747285,0.21070231899104944,0.4571658065463195,0.40350724532658455,0.21117234266382587,0.3001442584400287,0.40352831443029635,0.40341881344104624,0.30184059405325886,0.4028684879671975,0.21070231899104944,0.3938233289607804,0.30055974656455076,0.40003673178787547,0.40345612275640774,0.3002860175618599,0.21093583699915155,0.4033110136367034,0.40339877568331756,0.29799609579559766,0.21070231899104944,0.21070231899104944,0.40551888580255785,0.21070231899104944,0.21070231899104944,0.21070231899104944,0.45529034490638465,0.21070231899104944,0.21117234266382587,0.40298642205885804,0.21070231899104944,0.21070231899104944,0.21070231899104944,0.4556022080767557,0.21070231899104944,0.21070231899104944,0.4039884808810604,0.21070231899104944,0.21070231899104944,0.21070231899104944,0.45611091694632466,0.21070231899104944,0.21070231899104944,0.21070231899104944,0.403022729856365,0.2108142318893044,0.21079081319540915,0.29940100368062555,0.40065033713220527,0.21070231899104944,0.2109540391932436,0.21070231899104944,0.4030887679657138,0.3002905893414149,0.21070231899104944,0.4038652864487634,0.21070231899104944,0.21089617675834943,0.21070231899104944,0.4028823234777803,0.21070231899104944,0.298920105213897,0.21070231899104944,0.4027366834042521,0.21070231899104944,0.21070231899104944,0.40230779183655574,0.21070231899104944
0.3443429160156646,0.3470638222417077,0.8522525360292692,0.3731142017460002,0.6555879077698238,0.34466693707255597,0.8865447301835597,0.48581067361829683,0.3443429160156646,0.48523813116467923,0.4031592901264218,0.48525368957375364,0.4832733785413772,0.34466337810399617,0.4026668998304136,0.48388200723850805,0.4804563106571848,0.4013081137356282,0.48337046414552876,0.3443429160156646,0.5259976488261536,0.3443429160156646,0.4733514107166354,0.4801257375365228,0.40240544301147985,0.48331482655749364,0.3443429160156646,0.3444600587010712,0.5256950508705452,0.4752366830907177,0.34446085006634736,0.5250679964759398,0.4763459201983868,0.3443429160156646,0.4039002900753764,0.4817589297078915,0.4861316025442927,0.34453918597503375,0.530877446448324,0.3443429160156646,0.3443429160156646,0.48573521689975785,0.5295107404980245,0.3472608658506344,0.4858516476577058,0.4042899596482963,0.4854824887912688,0.3443429160156646,0.5288795643810238,0.34444423100286364,0.4853229898663003,0.5289414442442719,0.3446764274706222,0.48536117201041384,0.3443429160156646,0.5306691982563564,0.3443429160156646,0.48521946049256615,0.3443429160156646,0.5302377966485388,0.4855384721324655,0.3446289727925549,0.40485495609665345,0.485555718378261,0.4854660885523128,0.406102162864641,0.4850157392190848,0.3443429160156646,0.47764020726911177,0.40516015134452327,0.48270130094263897,0.4854966265360564,0.4049590637755158,0.34448498580908704,0.48537785818928186,0.48544968782458914,0.40328001821697124,0.3443429160156646,0.3443429160156646,0.48718630299387666,0.3443429160156646,0.3443429160156646,0.3443429160156646,0.5286517456720132,0.3443429160156646,0.3446289727925549,0.48511223329298847,0.3443429160156646,0.3443429160156646,0.3443429160156646,0.5289153763869245,0.3443429160156646,0.3443429160156646,0.48593245649192596,0.3443429160156646,0.3443429160156646,0.3443429160156646,0.5293455010401699,0.3443429160156646,0.3443429160156646,0.3443429160156646,0.4851419421321561,0.3444109904015675,0.34439674341945425,0.40430946695272674,0.4832023985909437,0.3443429160156646,0.3444960639283176,0.3443429160156646,0.48519597980772555,0.40496242164476093,0.3443429160156646,0.4858315848879438,0.3443429160156646,0.34446085006634736,0.3443429160156646,0.48502705904961474,0.3443429160156646,0.4039568456392202,0.3443429160156646,0.4849079061354881,0.3443429160156646,0.3443429160156646,0.48455708977941236,0.3443429160156646
0.3414860566846423,0.3442301888961804,0.8514557201382077,0.37048636190391054,0.6542271703764493,0.34181286228911634,0.885855613851488,0.4838329087342995,0.3414860566846423,0.4832577489392185,0.40073723105045095,0.4832733785413772,0.48128397480512325,0.341809272763371,0.4002417011386469,0.48189540474379433,0.47845386300809345,0.39887421382354676,0.4813815076500161,0.3414860566846423,0.524191760287865,0.3414860566846423,0.4713154790656035,0.47812175071889906,0.39997857429070144,0.48132561377690536,0.3414860566846423,0.3416042066489907,0.523887947415949,0.47320971975556336,0.3416050048167448,0.523258371944851,0.4743242051204847,0.3414860566846423,0.4014829423854578,0.4797625296685796,0.4841553024945681,0.3416840139411061,0.5290910010062766,0.3414860566846423,0.3414860566846423,0.48375710736763505,0.5277188775910597,0.34442890078355887,0.48387406988461706,0.40187508308660136,0.48350322426756487,0.3414860566846423,0.527085192248461,0.341588242891466,0.4833429958955354,0.5271473183189486,0.3418224341684272,0.48338135269738314,0.3414860566846423,0.5288819287362558,0.3414860566846423,0.48323899282766364,0.3414860566846423,0.5284488183979718,0.48355946354533347,0.34177457201748623,0.40244365465763965,0.4835767886250093,0.4834867490429383,0.4036987206267711,0.4830343389385082,0.3414860566846423,0.475624589644718,0.4027507772302728,0.48070925874688814,0.48351742664995173,0.4025484200856587,0.34162934801278094,0.4833981151970692,0.48347027332303905,0.4008587278467174,0.3414860566846423,0.3414860566846423,0.4852148055312671,0.3414860566846423,0.3414860566846423,0.3414860566846423,0.5268564667102591,0.3414860566846423,0.34177457201748623,0.4831312748349986,0.3414860566846423,0.3414860566846423,0.3414860566846423,0.5271211467484107,0.3414860566846423,0.3414860566846423,0.48395524766031445,0.3414860566846423,0.3414860566846423,0.3414860566846423,0.5275529816759826,0.3414860566846423,0.3414860566846423,0.3414860566846423,0.48316111967377756,0.34155471650514274,0.34154034701864927,0.4018947139820786,0.48121266777773375,0.3414860566846423,0.3416405213420195,0.3414860566846423,0.48321540468426216,0.40255179916458655,0.3414860566846423,0.48385391550009044,0.3414860566846423,0.3416050048167448,0.3414860566846423,0.483045710607429,0.3414860566846423,0.40153985687714416,0.3414860566846423,0.482926011938324,0.3414860566846423,0.3414860566846423,0.48257358742664674,0.3414860566846423
0.014912144786415732,0.046013091237396685,0.7999261457528921,0.14504142122756414,0.5656079683213857,0.02114745643494785,0.8409898955971585,0.34546409111024007,0.014912144786415732,0.34464099881837534,0.21122883075343718,0.34466337810399617,0.341809272763371,0.021088957133206233,0.21027577311134468,0.34268766569971754,0.33772927673170666,0.20762942385451214,0.3419494626094198,0.014912144786415732,0.40124522747030417,0.014912144786415732,0.3273295751360339,0.33724893464935435,0.2097684385383641,0.34186912632919003,0.014912144786415732,0.017425095314890927,0.4008377376822026,0.33010497401623556,0.017440843261995076,0.3999928032474148,0.3317324821401867,0.014912144786415732,0.21265730192573293,0.3396188296366895,0.34592505359327574,0.018935169018450233,0.40779447514333994,0.014912144786415732,0.014912144786415732,0.3453556672852843,0.4059643329642091,0.04748706210599127,0.34552295996346966,0.21340574242199625,0.34499240398344716,0.014912144786415732,0.40511805678320123,0.01710709241715411,0.3447630515419265,0.40520105506384496,0.021302669206136614,0.34481796240447093,0.014912144786415732,0.40751581637133905,0.014912144786415732,0.3446141419247322,0.014912144786415732,0.4069383209453203,0.34507288834458955,0.020514865513845317,0.21448761952391282,0.3450976805811398,0.3449688245123742,0.21686220062720463,0.3443210334223089,0.014912144786415732,0.33362649407387585,0.215070405538018,0.3409826397519314,0.3450127299336414,0.21468654492833283,0.017914506711308897,0.34484195797958916,0.34494524357074474,0.21146203735405905,0.014912144786415732,0.014912144786415732,0.34743791347395486,0.014912144786415732,0.014912144786415732,0.014912144786415732,0.40481243109181086,0.014912144786415732,0.020514865513845317,0.3444598812472113,0.014912144786415732,0.014912144786415732,0.014912144786415732,0.40516609154653954,0.014912144786415732,0.014912144786415732,0.3456390469028253,0.014912144786415732,0.014912144786415732,0.014912144786415732,0.4057428471098305,0.014912144786415732,0.014912144786415732,0.014912144786415732,0.34450262468866,0.016419251074522065,0.016115477151877673,0.21344316091594479,0.34170676148900614,0.014912144786415732,0.018127782151046837,0.014912144786415732,0.34458036463424624,0.21469295884712208,0.014912144786415732,0.34549413566775716,0.014912144786415732,0.017440843261995076,0.014912144786415732,0.34433732320350874,0.014912144786415732,0.212766045225585,0.014912144786415732,0.3441658379689521,0.014912144786415732,0.014912144786415732,0.3436607047401111,0.014912144786415732
0.20974685952962338,0.21421172817898249,0.8203083871415286,0.25451670225855827,0.6008968492560822,0.210281642427169,0.8587959248116335,0.40334823163585737,0.20974685952962338,0.4026478630804568,0.2971579590435819,0.4026668998304136,0.4002417011386469,0.21027577311134468,0.2964832225418463,0.4009875262836034,0.39678415634549824,0.29461763991826906,0.40036069949220726,0.20974685952962338,0.4517123019654996,0.20974685952962338,0.38802264514283424,0.39637782989569387,0.29612466021906764,0.4002925054915266,0.20974685952962338,0.209940296626486,0.45135330693861675,0.3903534121485632,0.20994160302535286,0.4506091631117494,0.39172274056952106,0.20974685952962338,0.2981720805602297,0.39838405663353565,0.4037406541505651,0.21007089614298505,0.45749213502613073,0.20974685952962338,0.20974685952962338,0.4032559489982306,0.4558751252288148,0.21453283132388548,0.4033983397686679,0.29870475846531885,0.40294682015275535,0.20974685952962338,0.45512789132592496,0.20991416693511694,0.4027516901175496,0.4552011623481353,0.21029729313210177,0.40279840447244586,0.20974685952962338,0.45724583532634033,0.20974685952962338,0.4026250179174075,0.20974685952962338,0.4567355068881553,0.40301530320946327,0.21021902791080335,0.29947635731083766,0.40303639942803265,0.4029267574881034,0.301176516688791,0.4023757225591817,0.20974685952962338,0.3933186402270412,0.29989278590737284,0.3995402872946325,0.40296411483629097,0.29961843759581075,0.20998144427142346,0.40281881885384735,0.4029066939299435,0.2973232912623767,0.20974685952962338,0.20974685952962338,0.4050295208372289,0.20974685952962338,0.20974685952962338,0.20974685952962338,0.4548581102304768,0.20974685952962338,0.21021902791080335,0.40249380883684477,0.20974685952962338,0.20974685952962338,0.20974685952962338,0.45517029613179366,0.20974685952962338,0.20974685952962338,0.40349715743833386,0.20974685952962338,0.20974685952962338,0.20974685952962338,0.455679530609956,0.20974685952962338,0.20974685952962338,0.20974685952962338,0.4025301634705594,0.2098592839524034,0.20983575826277714,0.29873141379286366,0.4001546939313068,0.20974685952962338,0.20999972951565873,0.20974685952962338,0.40259628674754855,0.2996230197280436,0.20974685952962338,0.4033738047573715,0.20974685952962338,0.20994160302535286,0.20974685952962338,0.4023895759278192,0.20974685952962338,0.2982494182884882,0.20974685952962338,0.40224374781391886,0.20974685952962338,0.20974685952962338,0.4018143017606922,0.20974685952962338
0.34236530189344444,0.34510224684588436,0.8517004819683285,0.3712947802097233,0.6546451545819794,0.3426912457690648,0.886067312457046,0.4844407530444592,0.34236530189344444,0.4838663995687874,0.40148208694093535,0.48388200723850805,0.48189540474379433,0.34268766569971754,0.4009875262836034,0.48250597167621634,0.4790693116516239,0.39962272527045006,0.48199279980210064,0.34236530189344444,0.5247466742194111,0.34236530189344444,0.4719412448534015,0.47873767358049735,0.400724915009343,0.4819369848856412,0.34236530189344444,0.34248314013534004,0.5244432353593065,0.4738327220634025,0.3424839361979386,0.5238144360069398,0.47494559029063815,0.34236530189344444,0.4022263438180092,0.48037611507318806,0.4847626955399636,0.3425627369834219,0.5296399296252531,0.34236530189344444,0.34236530189344444,0.48436505785237083,0.5282694738628361,0.3453004425248423,0.4844818565522212,0.4026177216682195,0.4841115305677718,0.34236530189344444,0.5276365609445566,0.3424672184839587,0.4839515269156467,0.5276986112238127,0.3427007924327423,0.48398982991082623,0.34236530189344444,0.5294311110280894,0.34236530189344444,0.4838476697785512,0.34236530189344444,0.5289985266844853,0.4841676909996259,0.3426530563807174,0.40318518959638083,0.48418499179310914,0.4840950784438609,0.40443782949616724,0.483643303200825,0.34236530189344444,0.4762440960622065,0.40349171721096005,0.48132150155145126,0.48412571303736285,0.4032897519789935,0.3425082151936762,0.48400656889843163,0.48407862582668854,0.4016033464266668,0.34236530189344444,0.34236530189344444,0.48582071908554547,0.34236530189344444,0.34236530189344444,0.34236530189344444,0.527408114560842,0.34236530189344444,0.3426530563807174,0.48374010298464215,0.34236530189344444,0.34236530189344444,0.34236530189344444,0.5276724715798269,0.34236530189344444,0.34236530189344444,0.48456292066963724,0.34236530189344444,0.34236530189344444,0.34236530189344444,0.5281037800267164,0.34236530189344444,0.34236530189344444,0.34236530189344444,0.48376990592595304,0.3424337805393623,0.3424194489642746,0.4026373144107138,0.4818241984829233,0.34236530189344444,0.34251935905842434,0.34236530189344444,0.48382411473990977,0.40329312451056054,0.34236530189344444,0.48446173039110574,0.34236530189344444,0.3424839361979386,0.34236530189344444,0.48365465889983367,0.34236530189344444,0.4022831475060825,0.34236530189344444,0.48353512836226403,0.34236530189344444,0.34236530189344444,0.48318319927972747,0.34236530189344444
