0.0,0.0,0.09096195288633775,0.5404385078987614,0.24125238207327537,0.8408964152537145,0.16059872240114673,0.3525620658129249,0.006846353950812337,0.3910214385193124,0.35274017361754806,0.0,0.00852456455025071,0.3523041220352035,0.3846306887657818,0.0,0.35502099627528627,0.15660167674897,0.3499332715811478,0.0,0.38171099276014564,0.006823340915941516,0.34472162592340383,0.3666998701444974,0.15830100753671386,0.3508354541345516,0.0,0.3899026589759454,0.0,0.3505534037508862,0.0,0.3882009738455605,0.0,0.3528305664836422,0.16041332416905066,0.3502240465620574,0.35041746881632546,0.16152838299242803,0.349979488408129,0.0,0.0,0.3838574951400598,0.3516213118938687,0.0,0.3487481371302666,0.3958538027597314,0.010462990594027232,0.3529398773751633,0.15824679512545026,0.0,0.3496965822586197,0.38718248536283817,0.008885933771824797,0.35647770599851747,0.0,0.3894787748969595,0.0,0.35126353033304825,0.0,0.39413131147753305,0.0,0.3507815384992681,0.3859759802891527,0.0,0.35593257823517377,0.16357513631413642,0.34690792369439843,0.0,0.35262441279261264,0.16205973125923012,0.3652756727299296,0.3496365242533343,0.1614445320129061,0.0,0.36145290977734545,0.0,0.38175548099301776,0.0,0.36718070777504974,0.0,0.0,0.38603332564813325,0.0,0.0,0.0,0.3561170869742425,0.0,0.009665947615067377,0.0,0.38427039885963993,0.0,0.0,0.34909558040408173,0.0,0.0,0.0,0.15862986443797333,0.3464768208472135,0.0,0.0,0.34934576640985393,0.0,0.16101875794246714,0.31360374901239757,0.0,0.0,0.0,0.0,0.30907283599755203,0.16208256170629118,0.0,0.35600435443680833,0.0,0.0,0.35796220079907154,0.008894779901786025,0.1606741939274914,0.0,0.0,0.3629650039541833,0.0,0.0,0.3524320871358793,0.0,0.16280129773318816
0.0,0.0,0.09096195288633775,0.5404385078987614,0.24125238207327537,0.8408964152537145,0.16059872240114673,0.3525620658129249,0.006846353950812337,0.3910214385193124,0.35274017361754806,0.0,0.00852456455025071,0.3523041220352035,0.3846306887657818,0.0,0.35502099627528627,0.15660167674897,0.3499332715811478,0.0,0.38171099276014564,0.006823340915941516,0.34472162592340383,0.3666998701444974,0.15830100753671386,0.3508354541345516,0.0,0.3899026589759454,0.0,0.3505534037508862,0.0,0.3882009738455605,0.0,0.3528305664836422,0.16041332416905066,0.3502240465620574,0.35041746881632546,0.16152838299242803,0.349979488408129,0.0,0.0,0.3838574951400598,0.3516213118938687,0.0,0.3487481371302666,0.3958538027597314,0.010462990594027232,0.3529398773751633,0.15824679512545026,0.0,0.3496965822586197,0.38718248536283817,0.008885933771824797,0.35647770599851747,0.0,0.3894787748969595,0.0,0.35126353033304825,0.0,0.39413131147753305,0.0,0.3507815384992681,0.3859759802891527,0.0,0.35593257823517377,0.16357513631413642,0.34690792369439843,0.0,0.35262441279261264,0.16205973125923012,0.3652756727299296,0.3496365242533343,0.1614445320129061,0.0,0.36145290977734545,0.0,0.38175548099301776,0.0,0.36718070777504974,0.0,0.0,0.38603332564813325,0.0,0.0,0.0,0.3561170869742425,0.0,0.009665947615067377,0.0,0.38427039885963993,0.0,0.0,0.34909558040408173,0.0,0.0,0.0,0.15862986443797333,0.3464768208472135,0.0,0.0,0.34934576640985393,0.0,0.16101875794246714,0.31360374901239757,0.0,0.0,0.0,0.0,0.30907283599755203,0.16208256170629118,0.0,0.35600435443680833,0.0,0.0,0.35796220079907154,0.008894779901786025,0.1606741939274914,0.0,0.0,0.3629650039541833,0.0,0.0,0.3524320871358793,0.0,0.16280129773318816
0.09096195288633775,0.09096195288633775,0.12863742569688852,0.5477016297193869,0.25779986436972013,0.8443537364451988,0.1845599932647832,0.36401327466973726,0.09121922944959439,0.4013344265664151,0.3641855974590572,0.09096195288633775,0.09136050877648857,0.36376371840176563,0.39511863205051645,0.09096195288633775,0.3663928027219641,0.1810934400773602,0.36147048476056215,0.09096195288633775,0.39228060511931967,0.09121750518024704,0.3564328555442889,0.37770772044578155,0.18256459061186503,0.36234301969548943,0.09096195288633775,0.40024590580343133,0.09096195288633775,0.3620702232249739,0.09096195288633775,0.3985905425948569,0.09096195288633775,0.3642730563504353,0.18439872769510635,0.3617516891490521,0.36193875305813455,0.18536932172673673,0.361515179439786,0.09096195288633775,0.09096195288633775,0.39436695789932996,0.36310316485692434,0.09096195288633775,0.3603245074947859,0.40603784289078354,0.0915617127856143,0.36437882104302033,0.1825175966067293,0.09096195288633775,0.3612415964978502,0.397599952168925,0.09139493401551262,0.36780294094896515,0.09096195288633775,0.39983352662664307,0.09096195288633775,0.36275707668183743,0.09096195288633775,0.4043609926231205,0.09096195288633775,0.36229087195934073,0.3964266651289284,0.09096195288633775,0.367275200726982,0.18715507964233813,0.3585455757131123,0.09096195288633775,0.3640735959917565,0.1858323983649653,0.3763267808302682,0.36118351947095473,0.18529627792960796,0.09096195288633775,0.37262164701509065,0.09096195288633775,0.3923238405585348,0.09096195288633775,0.37817402166481046,0.09096195288633775,0.09096195288633775,0.39648242743592205,0.09096195288633775,0.09096195288633775,0.09096195288633775,0.3674538189359142,0.09096195288633775,0.0914740628923628,0.09096195288633775,0.39476836008230093,0.09096195288633775,0.09096195288633775,0.36066044617667886,0.09096195288633775,0.09096195288633775,0.09096195288633775,0.1828497454745202,0.35812891450923806,0.09096195288633775,0.09096195288633775,0.3609023608335466,0.09096195288633775,0.18492552108331023,0.32646272421252415,0.09096195288633775,0.09096195288633775,0.09096195288633775,0.09096195288633775,0.32211641838369437,0.1858523035458835,0.09096195288633775,0.3673446847825881,0.09096195288633775,0.09096195288633775,0.36924032874453405,0.09139579448035362,0.18462565385856708,0.09096195288633775,0.09096195288633775,0.3740869457739852,0.09096195288633775,0.09096195288633775,0.3638875210955191,0.09096195288633775,0.1864792896676983
0.5404385078987614,0.5404385078987614,0.5477016297193869,0.7474464987651189,0.5892736899085387,0.9395750632175537,0.5627112308791216,0.6392876207245732,0.5404799804062934,0.6594470105600635,0.6393779834241241,0.5404385078987614,0.5405028025917291,0.6391568051220726,0.6560105125430745,0.5404385078987614,0.64053772704657,0.5616410493604278,0.6379573103451649,0.5404385078987614,0.6544515815547783,0.5404797020799019,0.6353389653103996,0.6465496932707586,0.5620930372132041,0.6384131427297515,0.5404385078987614,0.6588430307417596,0.5404385078987614,0.6382705542633171,0.5404385078987614,0.6579262924466878,0.5404385078987614,0.639423855253949,0.5626610501594138,0.6381041434832537,0.6382018596880317,0.5629636492026673,0.6379806432900117,0.5404385078987614,0.5404385078987614,0.6555969941147338,0.638810815410833,0.5404385078987614,0.6373596638423482,0.662067221680838,0.5405353639745663,0.6394793374804404,0.5620785492675435,0.5404385078987614,0.6378378468885548,0.6573787260369222,0.540508368804987,0.6412809144828633,0.5404385078987614,0.658614456445337,0.5404385078987614,0.6386296941152869,0.5404385078987614,0.6611311326322095,0.5404385078987614,0.6383858803882062,0.6567311652670684,0.5404385078987614,0.6410025739703658,0.5635240236512855,0.6364342674207484,0.5404385078987614,0.6393192490422608,0.5631085117856507,0.6458100648745945,0.6378075422794038,0.5629408280996078,0.5404385078987614,0.6438336348308101,0.5404385078987614,0.654475282687933,0.5404385078987614,0.6467998078372441,0.5404385078987614,0.5404385078987614,0.6567619171323358,0.5404385078987614,0.5404385078987614,0.5404385078987614,0.641096753326451,0.5404385078987614,0.5405211708373961,0.5404385078987614,0.6558177617793751,0.5404385078987614,0.5404385078987614,0.6375347391273996,0.5404385078987614,0.5404385078987614,0.5404385078987614,0.5621810189604662,0.6362179353884345,0.5404385078987614,0.5404385078987614,0.6376608764831501,0.5404385078987614,0.5628251139898723,0.6202554362327166,0.5404385078987614,0.5404385078987614,0.5404385078987614,0.5404385078987614,0.6181413991690932,0.5631147457489347,0.5404385078987614,0.641039207237582,0.5404385078987614,0.5404385078987614,0.6420402584254667,0.540508507959447,0.5627316733956659,0.5404385078987614,0.5404385078987614,0.6446138641796012,0.5404385078987614,0.5404385078987614,0.6392216946782315,0.5404385078987614,0.5633114063306454
0.24125238207327537,0.24125238207327537,0.25779986436972013,0.5892736899085387,0.34089307931584756,0.8643284188352683,0.28970946902046824,0.4264277504072612,0.24134934202331237,0.45842876860145926,0.42657369447263555,0.24125238207327537,0.2414026858062869,0.4262164278246551,0.45304772108795993,0.24125238207327537,0.4284446269045382,0.2875199442540874,0.42427633012724286,0.24125238207327537,0.4505972432626948,0.24134869141611126,0.4200260161301263,0.4380809812601496,0.28844611737905723,0.425014119640174,0.24125238207327537,0.4574850593177595,0.24125238207327537,0.424783400293573,0.24125238207327537,0.45605102508769774,0.24125238207327537,0.4266477723391811,0.2896070640251916,0.42451405651441526,0.42467222504807756,0.290224198402101,0.42431411111509093,0.24125238207327537,0.24125238207327537,0.45239829498875767,0.42565726013405875,0.24125238207327537,0.42330804670492866,0.46251300567542836,0.24147877773696133,0.42673736150875125,0.2884164626564241,0.24125238207327537,0.424082867439723,0.4551935248715383,0.24141569468490492,0.42964146915529955,0.24125238207327537,0.45712769158002003,0.24125238207327537,0.4253643990082204,0.24125238207327537,0.4610556956573071,0.24125238207327537,0.42497001179562216,0.45417850307404517,0.24125238207327537,0.4291934145124337,0.29136461747350695,0.4218065884398213,0.24125238207327537,0.42647883582946655,0.290519310539529,0.43690094628878834,0.4240337843267049,0.29017768827133067,0.24125238207327537,0.4337402142233861,0.24125238207327537,0.4506345438972928,0.24125238207327537,0.43847968541652127,0.24125238207327537,0.24125238207327537,0.454226728071777,0.24125238207327537,0.24125238207327537,0.24125238207327537,0.4293450437699492,0.24125238207327537,0.2414456124277559,0.24125238207327537,0.45274506015294075,0.24125238207327537,0.24125238207327537,0.42359181004545815,0.24125238207327537,0.24125238207327537,0.24125238207327537,0.28862615694750093,0.42145520649061485,0.24125238207327537,0.24125238207327537,0.4237961961975152,0.24125238207327537,0.2899417783151512,0.39509637503046297,0.24125238207327537,0.24125238207327537,0.24125238207327537,0.24125238207327537,0.3915362407539218,0.2905320055468855,0.24125238207327537,0.4292523973542378,0.24125238207327537,0.24125238207327537,0.430862663155626,0.24141601989782902,0.2897511792311701,0.24125238207327537,0.24125238207327537,0.4349892726949264,0.24125238207327537,0.24125238207327537,0.4263212583459697,0.24125238207327537,0.29093229004408594
0.8408964152537145,0.8408964152537145,0.8443537364451988,0.9395750632175537,0.8643284188352683,1.0,0.851533447441523,0.8885473104182933,0.840916122045626,0.8982803986127229,0.8885910287234826,0.8408964152537145,0.8409269668031724,0.8884840195416657,0.8966247015224844,0.8408964152537145,0.8891520677851942,0.85102012798918,0.8879036245185421,0.8408964152537145,0.895873067429384,0.8409159897898956,0.8866363531384879,0.8920585815448072,0.8512369024784728,0.8881241986616671,0.8408964152537145,0.8979895269768967,0.8408964152537145,0.8880552026767619,0.8408964152537145,0.8975479302894437,0.8408964152537145,0.8886132217013424,0.8515093734823423,0.8879746776700528,0.8880219620932602,0.851654550516331,0.8879149155267647,0.8408964152537145,0.8408964152537145,0.8964253567517636,0.8883166175380912,0.8408964152537145,0.8876144054429587,0.8995416223117277,0.8409424396942711,0.8886400640157905,0.8512299534686663,0.8408964152537145,0.8878458145491281,0.8972841069826191,0.8409296118023429,0.8895115371821559,0.8408964152537145,0.8978794333350455,0.8408964152537145,0.8882289811691252,0.8408964152537145,0.8990911644816454,0.8408964152537145,0.8881110070194187,0.8969720501493931,0.8408964152537145,0.8893769130008722,0.8519234412543087,0.8871665306343252,0.8408964152537145,0.8885626125591425,0.8517240563882569,0.8917011866521712,0.887831149583507,0.8516436011535524,0.8408964152537145,0.890745897044012,0.8408964152537145,0.8958844972909312,0.8408964152537145,0.8921794265788537,0.8408964152537145,0.8408964152537145,0.8969868706831713,0.8408964152537145,0.8408964152537145,0.8408964152537145,0.889422465176616,0.8408964152537145,0.840935695205721,0.8408964152537145,0.896531785096616,0.8408964152537145,0.8408964152537145,0.8876991321798732,0.8408964152537145,0.8408964152537145,0.8408964152537145,0.8512791029013295,0.8870618218139766,0.8408964152537145,0.8408964152537145,0.8877601743662122,0.8408964152537145,0.8515880839317121,0.8793297936740642,0.8408964152537145,0.8408964152537145,0.8408964152537145,0.8408964152537145,0.878305317023441,0.8517270475594221,0.8408964152537145,0.889394631672756,0.8408964152537145,0.8408964152537145,0.8898787743102463,0.8409296779270025,0.8515432547654719,0.8408964152537145,0.8408964152537145,0.8911230581818621,0.8408964152537145,0.8408964152537145,0.8885154144039437,0.8408964152537145,0.8518214123752862
0.16059872240114673,0.16059872240114673,0.1845599932647832,0.5627112308791216,0.28970946902046824,0.851533447441523,0.22708311028859365,0.38710539198248,0.16074453825126633,0.4222979865321482,0.3872670350805645,0.16059872240114673,0.1608247294254165,0.3868713172994031,0.4164128869415408,0.16059872240114673,0.3893382098714018,0.22427688071867855,0.38472120409179983,0.16059872240114673,0.4137287974060463,0.16074356006287885,0.38000350254636645,0.3999772044452927,0.22546556889320085,0.3855391014048813,0.16059872240114673,0.42126674964523936,0.16059872240114673,0.3852833630544894,0.16059872240114673,0.4196990074350608,0.16059872240114673,0.3873490770234071,0.2269521607509057,0.38498477497737926,0.38516012165584945,0.22774087861410303,0.38476309452836754,0.16059872240114673,0.16059872240114673,0.41570180138299545,0.386251830071794,0.16059872240114673,0.3836473314065304,0.4267568691611159,0.1609390792694964,0.3874482939334423,0.2254275465347753,0.16059872240114673,0.3845066860976695,0.4187611456271015,0.16084428217550215,0.3906621729526071,0.16059872240114673,0.4208761409528457,0.16059872240114673,0.38592730915695883,0.16059872240114673,0.42516664870611726,0.16059872240114673,0.38549021279588447,0.41765060054471465,0.16059872240114673,0.3901666172358189,0.2291956358394614,0.38198111124379097,0.16059872240114673,0.3871619739107761,0.22811767237750155,0.3986768960812419,0.3844522577960241,0.22768147361406293,0.16059872240114673,0.39519061853881005,0.16059872240114673,0.4137696735448905,0.16059872240114673,0.40041639247388483,0.16059872240114673,0.16059872240114673,0.41770337382451167,0.16059872240114673,0.16059872240114673,0.16059872240114673,0.3903343334683911,0.16059872240114673,0.16088924447096586,0.16059872240114673,0.4160815125116185,0.16059872240114673,0.16059872240114673,0.3839620922553976,0.16059872240114673,0.16059872240114673,0.16059872240114673,0.22569635678034033,0.3815909879624697,0.16059872240114673,0.16059872240114673,0.38418877734462836,0.16059872240114673,0.227380066582939,0.352110080257064,0.16059872240114673,0.16059872240114673,0.16059872240114673,0.16059872240114673,0.3480922878627437,0.22813387579940722,0.16059872240114673,0.3902318592487033,0.16059872240114673,0.16059872240114673,0.3920123001837407,0.16084477096375766,0.22713643857139992,0.16059872240114673,0.16059872240114673,0.39656892187850207,0.16059872240114673,0.16059872240114673,0.3869874374412305,0.16059872240114673,0.22864455901213887
0.3525620658129249,0.3525620658129249,0.36401327466973726,0.6392876207245732,0.4264277504072612,0.8885473104182933,0.38710539198248,0.49666089849933764,0.35262801812124983,0.523975654621376,0.49678439654208456,0.3525620658129249,0.3526643085958119,0.49648209563711737,0.5193512102809151,0.3525620658129249,0.4983685053935406,0.3854821899477366,0.4948415837825667,0.3525620658129249,0.5172492906983213,0.3526275755307131,0.4912541742255277,0.5065540866107479,0.3861681537774607,0.4954652257144595,0.3525620658129249,0.5231637729406126,0.3525620658129249,0.4952701732083052,0.3525620658129249,0.5219307586372854,0.3525620658129249,0.4968470853247732,0.38702935500959745,0.4950425006416182,0.49517619394520446,0.3874877609972314,0.49487351288684767,0.3525620658129249,0.3525620658129249,0.5187939119392755,0.49600908248278625,0.3525620658129249,0.4940235203773141,0.5274935136839641,0.35271608223985706,0.4969229042282752,0.3861461753169109,0.3525620658129249,0.4946780976009852,0.5211938660616097,0.35267315934682963,0.49938275858238046,0.3525620658129249,0.5228564212564516,0.3525620658129249,0.49576140592127105,0.3525620658129249,0.5262375261444568,0.3525620658129249,0.495427934448263,0.5203220017095114,0.3525620658129249,0.49900297752879696,0.3883359690851594,0.4927559285352325,0.3525620658129249,0.4967041258540658,0.3877071186093018,0.5055493689972355,0.49463662274607534,0.38745319868094424,0.3525620658129249,0.5028614086434318,0.3525620658129249,0.5172812665647843,0.3525620658129249,0.5068937001094701,0.3525620658129249,0.3525620658129249,0.5203634154034719,0.3525620658129249,0.3525620658129249,0.3525620658129249,0.4991314909941534,0.3525620658129249,0.3526935152048542,0.3525620658129249,0.5190914628172959,0.3525620658129249,0.3525620658129249,0.49426321200753426,0.3525620658129249,0.3525620658129249,0.3525620658129249,0.38630161037107036,0.4924594417475407,0.3525620658129249,0.3525620658129249,0.494435879580537,0.3525620658129249,0.3872779276308356,0.4704062280458386,0.3525620658129249,0.3525620658129249,0.3525620658129249,0.3525620658129249,0.46745776415349616,0.3877165569996567,0.3525620658129249,0.4990529671497222,0.3525620658129249,0.3525620658129249,0.5004183606203765,0.35267338061267034,0.3871363656641785,0.3525620658129249,0.3525620658129249,0.5039230798145345,0.3525620658129249,0.3525620658129249,0.49657079139688565,0.3525620658129249,0.3880142487545286
0.006846353950812337,0.006846353950812337,0.09121922944959439,0.5404799804062934,0.24134934202331237,0.840916122045626,0.16074453825126633,0.35262801812124983,0.00968220659475579,0.39108066514308315,0.35280609158495346,0.006846353950812337,0.010933469831089221,0.3523701241363008,0.38469094525965014,0.006846353950812337,0.35508647738158533,0.1567512156197798,0.34999973462433154,0.006846353950812337,0.381771730472056,0.009665947615067377,0.3447891234998187,0.36676319536410207,0.15844894067872362,0.3509017410741359,0.006846353950812337,0.3899620636188929,0.006846353950812337,0.3506197456529637,0.006846353950812337,0.3882606510902503,0.006846353950812337,0.35289646703507005,0.16055930861726048,0.3502904527521494,0.35048383723788423,0.1616733592410559,0.35004594240884734,0.006846353950812337,0.006846353950812337,0.38391787840343944,0.35168744613912495,0.006846353950812337,0.34881483283056164,0.3959122712110371,0.012503868756427148,0.3530057568770415,0.15839477896295495,0.006846353950812337,0.34976309164657954,0.38724232683249754,0.011217503352547504,0.35654291087839957,0.006846353950812337,0.3895382472365786,0.006846353950812337,0.3513297340154022,0.006846353950812337,0.394190048199078,0.006846353950812337,0.3508478359387431,0.38603601734623455,0.006846353950812337,0.35599788623209433,0.16371829760646103,0.34697498366234625,0.006846353950812337,0.35269035307607033,0.16220423194455863,0.3653392538502015,0.3497030454104387,0.16158958359420567,0.006846353950812337,0.36151718721311427,0.006846353950812337,0.3818162113208003,0.006846353950812337,0.36724394702153956,0.006846353950812337,0.006846353950812337,0.3860933533830903,0.006846353950812337,0.006846353950812337,0.006846353950812337,0.3561823600356277,0.006846353950812337,0.011844961181610362,0.006846353950812337,0.3843307143657617,0.006846353950812337,0.006846353950812337,0.3491622077404528,0.006846353950812337,0.006846353950812337,0.006846353950812337,0.15877749079718953,0.34654396668622717,0.006846353950812337,0.006846353950812337,0.349412344599375,0.006846353950812337,0.1611641932506073,0.31367810987954553,0.006846353950812337,0.006846353950812337,0.006846353950812337,0.006846353950812337,0.30914830754402933,0.16222704202771365,0.006846353950812337,0.3560696488392744,0.006846353950812337,0.006846353950812337,0.35802712638504036,0.01122451209170929,0.16081994125610466,0.006846353950812337,0.006846353950812337,0.3630290043005119,0.006846353950812337,0.006846353950812337,0.3524980645262505,0.006846353950812337,0.16294513987912665
0.3910214385193124,0.3910214385193124,0.4013344265664151,0.6594470105600635,0.45842876860145926,0.8982803986127229,0.4222979865321482,0.523975654621376,0.39108066514308315,0.5497271963772022,0.5240918069466631,0.3910214385193124,0.3911132556517166,0.5238074917785823,0.5453591416770535,0.3910214385193124,0.5255819289090194,0.4208176695520162,0.522264865079504,0.3910214385193124,0.543374820975799,0.39108026768029147,0.5188931808993481,0.5332886965892489,0.42144313234002934,0.5228512398104258,0.3910214385193124,0.5489600973898308,0.3910214385193124,0.5226678357168186,0.3910214385193124,0.5477952812644278,0.3910214385193124,0.5241507679974787,0.42222862130276345,0.522453768141563,0.522579471242588,0.422646837125156,0.5222948845079719,0.3910214385193124,0.3910214385193124,0.5448329577389747,0.5233626533354729,0.3910214385193124,0.5214957918456958,0.553052124290617,0.3911597518172708,0.5242220793193668,0.4214230896656986,0.3910214385193124,0.5221111598263087,0.5470992541538069,0.39112120412460794,0.526536234501819,0.3910214385193124,0.54866972430749,0.3910214385193124,0.5231297451962879,0.3910214385193124,0.5518648135077951,0.3910214385193124,0.5228161750341589,0.546275845184137,0.3910214385193124,0.5261788796182135,0.42342088102424863,0.5203043468657538,0.3910214385193124,0.5240163104895887,0.4228469898902232,0.5323421437979277,0.522072167053884,0.4226153023489638,0.3910214385193124,0.529810619430122,0.3910214385193124,0.5434050027925362,0.3910214385193124,0.533608686911439,0.3910214385193124,0.3910214385193124,0.5463149546597938,0.3910214385193124,0.3910214385193124,0.3910214385193124,0.5262998015406041,0.3910214385193124,0.39113948496996104,0.3910214385193124,0.5451138902604973,0.3910214385193124,0.3910214385193124,0.5217211170551507,0.3910214385193124,0.3910214385193124,0.3910214385193124,0.4215648383484143,0.5200257123402492,0.3910214385193124,0.3910214385193124,0.5218834417872172,0.3910214385193124,0.4224553911329169,0.4993470588186735,0.3910214385193124,0.3910214385193124,0.3910214385193124,0.3910214385193124,0.4965897480445768,0.42285560233804964,0.3910214385193124,0.5262259159146563,0.3910214385193124,0.3910214385193124,0.5275108102330598,0.3911214028342617,0.42232624308178934,0.3910214385193124,0.3910214385193124,0.5308103582465522,0.3910214385193124,0.3910214385193124,0.5238909088187715,0.3910214385193124,0.4231272600257659
0.35274017361754806,0.35274017361754806,0.3641855974590572,0.6393779834241241,0.42657369447263555,0.8885910287234826,0.3872670350805645,0.49678439654208456,0.35280609158495346,0.5240918069466631,0.4969078599111838,0.35274017361754806,0.35284236316853285,0.4966056439061112,0.5194685629402453,0.35274017361754806,0.498491525252808,0.3856445444905792,0.4949655942665752,0.35274017361754806,0.5173671944944835,0.3528056492248299,0.4913792043132789,0.506674850795316,0.3863302069835208,0.4955890601907808,0.35274017361754806,0.5232801348004655,0.35274017361754806,0.4953940626942608,0.35274017361754806,0.5220474396911607,0.35274017361754806,0.4969705310986064,0.3871910313101798,0.49516645438194223,0.49530010994835444,0.38764923731326634,0.49499751435078737,0.35274017361754806,0.35274017361754806,0.5189114103833905,0.4961327637657994,0.35274017361754806,0.49414776229390994,0.5276087638945665,0.3528941098682548,0.49704632872638954,0.38630823816238624,0.35274017361754806,0.49480215428534585,0.5213107384399289,0.35285120931286007,0.49950549568577335,0.35274017361754806,0.5229728625714386,0.35274017361754806,0.49588515693546187,0.35274017361754806,0.5263530973660855,0.35274017361754806,0.49555177943889184,0.5204391010034525,0.35274017361754806,0.4991258203984739,0.38849707652194126,0.49288053030758666,0.35274017361754806,0.49682761175857426,0.38786849938418094,0.5056704068601454,0.4947606911550123,0.387614690059784,0.35274017361754806,0.5029831830290844,0.35274017361754806,0.5173991619502465,0.35274017361754806,0.5070143719833605,0.35274017361754806,0.35274017361754806,0.5204805039054105,0.35274017361754806,0.35274017361754806,0.35274017361754806,0.49925429805904703,0.35274017361754806,0.3528715545767849,0.35274017361754806,0.519208883393871,0.35274017361754806,0.35274017361754806,0.49438738604932425,0.35274017361754806,0.35274017361754806,0.35274017361754806,0.3864636050670931,0.4925841279098505,0.35274017361754806,0.35274017361754806,0.4945600047606779,0.35274017361754806,0.3874394954341554,0.4705374393036435,0.35274017361754806,0.35274017361754806,0.35274017361754806,0.35274017361754806,0.4675898871958016,0.3878779336659084,0.35274017361754806,0.4991757960901387,0.35274017361754806,0.35274017361754806,0.5005408099817867,0.3528514304635372,0.38729799524070263,0.35274017361754806,0.35274017361754806,0.504044562534083,0.35274017361754806,0.35274017361754806,0.49669431474727305,0.35274017361754806,0.3881754959281235
0.0,0.0,0.09096195288633775,0.5404385078987614,0.24125238207327537,0.8408964152537145,0.16059872240114673,0.3525620658129249,0.006846353950812337,0.3910214385193124,0.35274017361754806,0.0,0.00852456455025071,0.3523041220352035,0.3846306887657818,0.0,0.35502099627528627,0.15660167674897,0.3499332715811478,0.0,0.38171099276014564,0.006823340915941516,0.34472162592340383,0.3666998701444974,0.15830100753671386,0.3508354541345516,0.0,0.3899026589759454,0.0,0.3505534037508862,0.0,0.3882009738455605,0.0,0.3528305664836422,0.16041332416905066,0.3502240465620574,0.35041746881632546,0.16152838299242803,0.349979488408129,0.0,0.0,0.3838574951400598,0.3516213118938687,0.0,0.3487481371302666,0.3958538027597314,0.010462990594027232,0.3529398773751633,0.15824679512545026,0.0,0.3496965822586197,0.38718248536283817,0.008885933771824797,0.35647770599851747,0.0,0.3894787748969595,0.0,0.35126353033304825,0.0,0.39413131147753305,0.0,0.3507815384992681,0.3859759802891527,0.0,0.35593257823517377,0.16357513631413642,0.34690792369439843,0.0,0.35262441279261264,0.16205973125923012,0.3652756727299296,0.3496365242533343,0.1614445320129061,0.0,0.36145290977734545,0.0,0.38175548099301776,0.0,0.36718070777504974,0.0,0.0,0.38603332564813325,0.0,0.0,0.0,0.3561170869742425,0.0,0.009665947615067377,0.0,0.38427039885963993,0.0,0.0,0.34909558040408173,0.0,0.0,0.0,0.15862986443797333,0.3464768208472135,0.0,0.0,0.34934576640985393,0.0,0.16101875794246714,0.31360374901239757,0.0,0.0,0.0,0.0,0.30907283599755203,0.16208256170629118,0.0,0.35600435443680833,0.0,0.0,0.35796220079907154,0.008894779901786025,0.1606741939274914,0.0,0.0,0.3629650039541833,0.0,0.0,0.3524320871358793,0.0,0.16280129773318816
0.00852456455025071,0.00852456455025071,0.09136050877648857,0.5405028025917291,0.2414026858062869,0.8409269668031724,0.1608247294254165,0.3526643085958119,0.010933469831089221,0.3911132556517166,0.35284236316853285,0.00852456455025071,0.012055554752765795,0.3524064420019129,0.384724102345443,0.00852456455025071,0.3551225086465762,0.15683345128014384,0.3500363060537609,0.00852456455025071,0.38180515229478806,0.010919074210488357,0.3448262640193355,0.3667980406494029,0.15853029458504428,0.3509382156293211,0.00852456455025071,0.38999475206426265,0.00852456455025071,0.3506562504429329,0.00852456455025071,0.3882934895062768,0.00852456455025071,0.35293272903809375,0.16063959238137188,0.35032699290682945,0.3505203566161721,0.16175308931981938,0.3500825088640402,0.00852456455025071,0.00852456455025071,0.3839511052302678,0.3517238366972757,0.00852456455025071,0.34885153224386245,0.39594444461095557,0.01349601318965161,0.35304200730067514,0.1584761607083344,0.00852456455025071,0.34979968857014143,0.3872752555959353,0.012313732961439467,0.3565787901897092,0.00852456455025071,0.38957097292502135,0.00852456455025071,0.35136616277086913,0.00852456455025071,0.3942223691883446,0.00852456455025071,0.3508843162699036,0.38606905371072053,0.00852456455025071,0.3560338222687227,0.16379703090297576,0.34701188345722095,0.00852456455025071,0.3527266369357382,0.1622837008467933,0.3653742399113187,0.3497396488081718,0.16166935504489002,0.00852456455025071,0.3615525563282721,0.00852456455025071,0.3818496290812452,0.00852456455025071,0.3672787450112951,0.00852456455025071,0.00852456455025071,0.38612638461908,0.00852456455025071,0.00852456455025071,0.00852456455025071,0.3562182768540115,0.00852456455025071,0.012887930134054442,0.00852456455025071,0.38436390391659553,0.00852456455025071,0.00852456455025071,0.3491988695470365,0.00852456455025071,0.00852456455025071,0.00852456455025071,0.15885867623509872,0.3465809137181472,0.00852456455025071,0.00852456455025071,0.3494489793704556,0.00852456455025071,0.16124417543871697,0.3137190256438607,0.00852456455025071,0.00852456455025071,0.00852456455025071,0.00852456455025071,0.3091898342170568,0.1623064997461329,0.00852456455025071,0.35610557739751286,0.00852456455025071,0.00852456455025071,0.35806285205466193,0.01232011808472588,0.16090009479978407,0.00852456455025071,0.00852456455025071,0.3630642209848477,0.00852456455025071,0.00852456455025071,0.35253436879847155,0.00852456455025071,0.16302424710960073
0.3523041220352035,0.3523041220352035,0.36376371840176563,0.6391568051220726,0.4262164278246551,0.8884840195416657,0.3868713172994031,0.49648209563711737,0.3523701241363008,0.5238074917785823,0.4966056439061112,0.3523041220352035,0.3524064420019129,0.4963032200200072,0.5191813088715885,0.3523041220352035,0.49819039519806513,0.3852470840342408,0.49466203862448827,0.3523041220352035,0.5170785910113582,0.35236968121167506,0.49107315210550845,0.5063792437794723,0.3859334846496334,0.4952859355126313,0.3523041220352035,0.5229953066095816,0.3523041220352035,0.4950908033222443,0.3523041220352035,0.5217618299864084,0.3523041220352035,0.4966683581762772,0.3867952322002201,0.4948630376797781,0.4949967856476253,0.3872539280606559,0.4946939807948223,0.3523041220352035,0.3523041220352035,0.5186237993729467,0.4958300141888577,0.3523041220352035,0.4938436399761351,0.527326657446987,0.35245825471396197,0.49674420789853774,0.3859114922168544,0.3523041220352035,0.49449848551919395,0.5210246602958848,0.3524152994324175,0.49920505796712444,0.3523041220352035,0.5226878398429906,0.3523041220352035,0.4955822366184289,0.3523041220352035,0.5260702049630631,0.3523041220352035,0.4952486290159344,0.5201524672776172,0.3523041220352035,0.49882512370816,0.3881026708273141,0.4925755268604878,0.3523041220352035,0.4965253405746007,0.3874734241569494,0.505374129746243,0.494456993680593,0.38721934391123375,0.3523041220352035,0.5026851025404792,0.3523041220352035,0.5171105790600947,0.3523041220352035,0.5067189909887243,0.3523041220352035,0.3523041220352035,0.5201938966028131,0.3523041220352035,0.3523041220352035,0.3523041220352035,0.49895368903775966,0.3523041220352035,0.35243567065138975,0.3523041220352035,0.5189214630356046,0.3523041220352035,0.3523041220352035,0.4940834299269428,0.3523041220352035,0.3523041220352035,0.3523041220352035,0.3860670260528616,0.49227891782826455,0.3523041220352035,0.3523041220352035,0.494256168278813,0.3523041220352035,0.3870439620857739,0.470216251613435,0.3523041220352035,0.3523041220352035,0.3523041220352035,0.3523041220352035,0.46726646679797823,0.3874828685026386,0.3523041220352035,0.49887513350601687,0.3523041220352035,0.3523041220352035,0.5002410768061195,0.3524155208652385,0.38690231058030145,0.3523041220352035,0.3523041220352035,0.503747196190811,0.3523041220352035,0.3523041220352035,0.49639195187546103,0.3523041220352035,0.3877807479530631
0.3846306887657818,0.3846306887657818,0.39511863205051645,0.6560105125430745,0.45304772108795993,0.8966247015224844,0.4164128869415408,0.5193512102809151,0.38469094525965014,0.5453591416770535,0.5194685629402453,0.3846306887657818,0.384724102345443,0.5191813088715885,0.540948906212092,0.3846306887657818,0.520974046703632,0.41491023075792743,0.5176226920837927,0.3846306887657818,0.5389452550853742,0.38469054088651805,0.5142157949803509,0.5287591829147127,0.41554515008164117,0.5182151537207693,0.3846306887657818,0.5445846715294531,0.3846306887657818,0.5180298469560368,0.3846306887657818,0.5434086330077679,0.3846306887657818,0.5195281331410921,0.4163424781827705,0.5178135572557739,0.5179405653914717,0.41676698081690805,0.517653023395455,0.3846306887657818,0.3846306887657818,0.5404176067879135,0.5187318671492221,0.3846306887657818,0.5168456189003766,0.5487158430438761,0.38477140667788784,0.5196001810632992,0.4155248047814491,0.3846306887657818,0.5174673894809125,0.5427058829429534,0.38473218898667993,0.5219381541630272,0.3846306887657818,0.544291504192763,0.3846306887657818,0.5184965463478889,0.3846306887657818,0.5475172188091583,0.3846306887657818,0.5181797252575638,0.5418745040125527,0.3846306887657818,0.5215771321048361,0.41755263009651616,0.5156417431725674,0.3846306887657818,0.5193922863404796,0.4169701382865963,0.5278031005448283,0.5174279913650777,0.4167349723980681,0.3846306887657818,0.5252459592409313,0.3846306887657818,0.5389757317213283,0.3846306887657818,0.5290823888450324,0.3846306887657818,0.3846306887657818,0.541913992446537,0.3846306887657818,0.3846306887657818,0.3846306887657818,0.5216992953677619,0.3846306887657818,0.3847507875876769,0.3846306887657818,0.5407012714239668,0.3846306887657818,0.3846306887657818,0.5170732899050702,0.3846306887657818,0.3846306887657818,0.3846306887657818,0.41566869316420496,0.5153601949903072,0.3846306887657818,0.3846306887657818,0.5172373035514432,0.3846306887657818,0.41657265835464585,0.494457977967712,0.3846306887657818,0.3846306887657818,0.3846306887657818,0.3846306887657818,0.49166970086216305,0.4169788799657535,0.3846306887657818,0.5216246513123608,0.3846306887657818,0.3846306887657818,0.5229227110586243,0.38473239115043534,0.4164415684910417,0.3846306887657818,0.3846306887657818,0.52625583740037,0.3846306887657818,0.3846306887657818,0.5192655884370301,0.3846306887657818,0.41725461142130194
0.0,0.0,0.09096195288633775,0.5404385078987614,0.24125238207327537,0.8408964152537145,0.16059872240114673,0.3525620658129249,0.006846353950812337,0.3910214385193124,0.35274017361754806,0.0,0.00852456455025071,0.3523041220352035,0.3846306887657818,0.0,0.35502099627528627,0.15660167674897,0.3499332715811478,0.0,0.38171099276014564,0.006823340915941516,0.34472162592340383,0.3666998701444974,0.15830100753671386,0.3508354541345516,0.0,0.3899026589759454,0.0,0.3505534037508862,0.0,0.3882009738455605,0.0,0.3528305664836422,0.16041332416905066,0.3502240465620574,0.35041746881632546,0.16152838299242803,0.349979488408129,0.0,0.0,0.3838574951400598,0.3516213118938687,0.0,0.3487481371302666,0.3958538027597314,0.010462990594027232,0.3529398773751633,0.15824679512545026,0.0,0.3496965822586197,0.38718248536283817,0.008885933771824797,0.35647770599851747,0.0,0.3894787748969595,0.0,0.35126353033304825,0.0,0.39413131147753305,0.0,0.3507815384992681,0.3859759802891527,0.0,0.35593257823517377,0.16357513631413642,0.34690792369439843,0.0,0.35262441279261264,0.16205973125923012,0.3652756727299296,0.3496365242533343,0.1614445320129061,0.0,0.36145290977734545,0.0,0.38175548099301776,0.0,0.36718070777504974,0.0,0.0,0.38603332564813325,0.0,0.0,0.0,0.3561170869742425,0.0,0.009665947615067377,0.0,0.38427039885963993,0.0,0.0,0.34909558040408173,0.0,0.0,0.0,0.15862986443797333,0.3464768208472135,0.0,0.0,0.34934576640985393,0.0,0.16101875794246714,0.31360374901239757,0.0,0.0,0.0,0.0,0.30907283599755203,0.16208256170629118,0.0,0.35600435443680833,0.0,0.0,0.35796220079907154,0.008894779901786025,0.1606741939274914,0.0,0.0,0.3629650039541833,0.0,0.0,0.3524320871358793,0.0,0.16280129773318816
0.35502099627528627,0.35502099627528627,0.3663928027219641,0.64053772704657,0.4284446269045382,0.8891520677851942,0.3893382098714018,0.4983685053935406,0.35508647738158533,0.5255819289090194,0.498491525252808,0.35502099627528627,0.3551225086465762,0.49819039519806513,0.520974046703632,0.35502099627528627,0.5000695175579232,0.387724786097048,0.49655625759330413,0.35502099627528627,0.5188797311853973,0.3550860379526207,0.4929829082374473,0.5082239870383836,0.38840660836895863,0.49717747228996234,0.35502099627528627,0.5247729384777078,0.35502099627528627,0.49698317839809786,0.35502099627528627,0.5235443284681602,0.35502099627528627,0.49855397137910273,0.389262629256625,0.49675639193178633,0.4968895648211087,0.3897182864955712,0.4965880623070656,0.35502099627528627,0.35502099627528627,0.5204187597924315,0.49771921641805617,0.35502099627528627,0.4957413857104737,0.5290873396976161,0.3551739125775176,0.4986294968686267,0.3883847623939725,0.35502099627528627,0.4963934085325281,0.5228100757707836,0.35513129618755224,0.5010798710865972,0.35502099627528627,0.5244666831386615,0.35502099627528627,0.4974725015001509,0.35502099627528627,0.5278357818800302,0.35502099627528627,0.49714032602232355,0.5219413423331646,0.35502099627528627,0.5007015487307785,0.3905614242673841,0.49447875626986737,0.35502099627528627,0.49841156535024617,0.3899363308938523,0.5072230444590058,0.4963520953637174,0.38968393121649597,0.35502099627528627,0.5045452430831845,0.35502099627528627,0.5189115910112957,0.35502099627528627,0.5085623272146772,0.35502099627528627,0.35502099627528627,0.5219826071234505,0.35502099627528627,0.35502099627528627,0.35502099627528627,0.5008295683883218,0.35502099627528627,0.3551515066800414,0.35502099627528627,0.5207152363145122,0.35502099627528627,0.35502099627528627,0.4959801413333827,0.35502099627528627,0.35502099627528627,0.35502099627528627,0.38853926078915785,0.4941834331973912,0.35502099627528627,0.35502099627528627,0.49615213509131056,0.35502099627528627,0.38950971061085055,0.4722201753595012,0.35502099627528627,0.35502099627528627,0.35502099627528627,0.35502099627528627,0.46928427769418374,0.38994571281081786,0.35502099627528627,0.5007513462440791,0.35502099627528627,0.35502099627528627,0.5021115046112671,0.3551315158732001,0.3893689977029856,0.35502099627528627,0.35502099627528627,0.505602891324097,0.35502099627528627,0.35502099627528627,0.49827874730736643,0.35502099627528627,0.39024162466780415
