0.0,0.0,0.11711351025893336,0.34558628002981384,0.8408964152537145,0.8006377280832162,0.19359929264033326,0.013847133787708752,0.4267957236568069,0.0,0.4294745909425914,0.4691939129578363,0.0,0.0,0.46823256257858714,0.4213684990379302,0.0,0.4702175825211745,0.008195536440550745,0.42195077255431845,0.0,0.4183109240214684,0.45906609498325057,0.0,0.0,0.48489456938802133,0.0,0.423396347689858,0.4714949465111259,0.0,0.42277137216474164,0.008223177473557245,0.4689765622096329,0.00965722703161528,0.4255276742019613,0.19279953976350556,0.422498826167642,0.4220905926178649,0.0,0.19395661980335654,0.4222718802169619,0.41963172225149553,0.19175414532846796,0.42398119510150833,0.03966076394915432,0.4188110548342071,0.19335894678239732,0.43538295087520723,0.0,0.46917797968754954,0.422174184613227,0.0,0.4240810931544316,0.19287677468023406,0.4301286381860165,0.008195536440550745,0.4712921088768536,0.0,0.4235414223834161,0.19435074092987958,0.4324304611238164,0.0,0.4228023985853855,0.46667636248114447,0.0,0.0,0.4749626415543853,0.41847218964942917,0.0,0.425506346499652,0.19468684483826632,0.44112608000871634,0.42193127956112036,0.1939167535822149,0.43643094705114366,0.0,0.0,0.46117223990614664,0.0,0.0,0.0,0.4437879271807086,0.0,0.009371023207708057,0.4667885537392472,0.0,0.0,0.42982969346248484,0.0,0.0,0.0,0.19078889026715312,0.42093929857296186,0.00939520651732846,0.0,0.42050946584015536,0.0,0.0,0.46281416308140166,0.0,0.0,0.0,0.0,0.4212143438343184,0.0,0.1934048057664031,0.37790210196938956,0.0,0.004069986556644454,0.0,0.3724215697528955,0.009371023207708057,0.19465355240160906,0.4298068623636448,0.008223177473557245,0.0,0.0,0.43198827343637625,0.0,0.19305176630924187,0.0,0.438476245557891,0.0,0.0,0.4253575904341592
0.0,0.0,0.11711351025893336,0.34558628002981384,0.8408964152537145,0.8006377280832162,0.19359929264033326,0.013847133787708752,0.4267957236568069,0.0,0.4294745909425914,0.4691939129578363,0.0,0.0,0.46823256257858714,0.4213684990379302,0.0,0.4702175825211745,0.008195536440550745,0.42195077255431845,0.0,0.4183109240214684,0.45906609498325057,0.0,0.0,0.48489456938802133,0.0,0.423396347689858,0.4714949465111259,0.0,0.42277137216474164,0.008223177473557245,0.4689765622096329,0.00965722703161528,0.4255276742019613,0.19279953976350556,0.422498826167642,0.4220905926178649,0.0,0.19395661980335654,0.4222718802169619,0.41963172225149553,0.19175414532846796,0.42398119510150833,0.03966076394915432,0.4188110548342071,0.19335894678239732,0.43538295087520723,0.0,0.46917797968754954,0.422174184613227,0.0,0.4240810931544316,0.19287677468023406,0.4301286381860165,0.008195536440550745,0.4712921088768536,0.0,0.4235414223834161,0.19435074092987958,0.4324304611238164,0.0,0.4228023985853855,0.46667636248114447,0.0,0.0,0.4749626415543853,0.41847218964942917,0.0,0.425506346499652,0.19468684483826632,0.44112608000871634,0.42193127956112036,0.1939167535822149,0.43643094705114366,0.0,0.0,0.46117223990614664,0.0,0.0,0.0,0.4437879271807086,0.0,0.009371023207708057,0.4667885537392472,0.0,0.0,0.42982969346248484,0.0,0.0,0.0,0.19078889026715312,0.42093929857296186,0.00939520651732846,0.0,0.42050946584015536,0.0,0.0,0.46281416308140166,0.0,0.0,0.0,0.0,0.4212143438343184,0.0,0.1934048057664031,0.37790210196938956,0.0,0.004069986556644454,0.0,0.3724215697528955,0.009371023207708057,0.19465355240160906,0.4298068623636448,0.008223177473557245,0.0,0.0,0.43198827343637625,0.0,0.19305176630924187,0.0,0.438476245557891,0.0,0.0,0.4253575904341592
0.11711351025893336,0.11711351025893336,0.16561572484699735,0.3647410725189526,0.8466041839300619,0.8071477568274635,0.22623681759556813,0.1179292122892733,0.4422935305431999,0.11711351025893336,0.44487225091590904,0.48321974232448256,0.11711351025893336,0.11711351025893336,0.4822893243003751,0.43707249481257165,0.11711351025893336,0.4842105868637859,0.11739989247818583,0.4376324315827308,0.11711351025893336,0.43413307875306045,0.4734230703900138,0.11711351025893336,0.11711351025893336,0.49842922733946654,0.11711351025893336,0.43902277811447865,0.4854471523886139,0.11711351025893336,0.43842164063846817,0.1174018251162708,0.4830093760625308,0.11751096751820271,0.44107325730905755,0.2255532341610978,0.43815950892033206,0.4377668957625683,0.11711351025893336,0.22654248496012966,0.4379412435233727,0.43540265557904484,0.2246608398470021,0.4395853720390515,0.12364621124625871,0.4346137818391509,0.2260313039348828,0.45056341072758804,0.11711351025893336,0.4832043208861577,0.43784728715921445,0.11711351025893336,0.4396814741660905,0.22561921707463825,0.44550200722774025,0.11739989247818583,0.48525078138173316,0.11711351025893336,0.4391623278468449,0.22687980088622117,0.4477188345970575,0.11711351025893336,0.43845148222797076,0.48078341509959965,0.11711351025893336,0.11711351025893336,0.4888049831806025,0.4342880756540683,0.11711351025893336,0.4410527352291984,0.22716760529838279,0.4561001041938747,0.4376136855185507,0.22650837486323577,0.4515733976278441,0.11711351025893336,0.11711351025893336,0.4754593759140196,0.11711351025893336,0.11711351025893336,0.11711351025893336,0.4586677880116163,0.11711351025893336,0.11748779531447742,0.4808919716390692,0.11711351025893336,0.11711351025893336,0.4452141574001935,0.11711351025893336,0.11711351025893336,0.11711351025893336,0.22383802514602955,0.43665979260756466,0.11748972650606673,0.11711351025893336,0.43624651110618495,0.11711351025893336,0.11711351025893336,0.47704721372693165,0.11711351025893336,0.11711351025893336,0.11711351025893336,0.11711351025893336,0.43692426197471895,0.11711351025893336,0.22607051152052923,0.3954384362608174,0.11711351025893336,0.11718420334919724,0.11711351025893336,0.39021505493714675,0.11748779531447742,0.22713909123688134,0.44519217417912416,0.1174018251162708,0.11711351025893336,0.11711351025893336,0.4472929156309438,0.11711351025893336,0.2257687412179258,0.11711351025893336,0.453544955095586,0.11711351025893336,0.11711351025893336,0.4409096001060836
0.34558628002981384,0.34558628002981384,0.3647410725189526,0.48698064462924984,0.8868457803252519,0.8532865843127851,0.3956745924274869,0.3458615987481594,0.5461525859800686,0.34558628002981384,0.5481869959227038,0.5788499495170837,0.34558628002981384,0.34558628002981384,0.5780975319885695,0.542045137227411,0.34558628002981384,0.5796516622183348,0.34568274871015486,0.5424848965217348,0.34558628002981384,0.5397395955690506,0.5709474760633343,0.34558628002981384,0.34558628002981384,0.591203541288311,0.34558628002981384,0.5435776204563385,0.5806528098605179,0.34558628002981384,0.5431050279502486,0.3456834004313502,0.5786797947153245,0.3457202206255696,0.5451911898257418,0.3952884388051308,0.542899014625836,0.5425905281027895,0.34558628002981384,0.39584751443326116,0.5427275067536385,0.5407347726684514,0.3947855027158517,0.54402009939271,0.34783824837460725,0.5401162905866341,0.3955584167147483,0.5526899002543458,0.34558628002981384,0.5788374752051244,0.5426536864969864,0.34558628002981384,0.544095701647034,0.39532567832821613,0.5486843888205424,0.34568274871015486,0.5804937784655821,0.34558628002981384,0.543687359099436,0.39603852082644964,0.5504370237804812,0.34558628002981384,0.5431284834221376,0.5768805539917908,0.34558628002981384,0.34558628002981384,0.5833747953871117,0.5398610414647744,0.34558628002981384,0.5451750286547262,0.39620164039216094,0.557087366767768,0.5424701709292229,0.39582820998510837,0.5534908538153757,0.34558628002981384,0.34558628002981384,0.5725863791188396,0.34558628002981384,0.34558628002981384,0.34558628002981384,0.5591322030859197,0.34558628002981384,0.34571240074480647,0.5769682477813304,0.34558628002981384,0.34558628002981384,0.5484570124997893,0.34558628002981384,0.34558628002981384,0.34558628002981384,0.3943229626703768,0.5417211284249113,0.3457130524084884,0.34558628002981384,0.5413967640721582,0.34558628002981384,0.34558628002981384,0.5738656923598898,0.34558628002981384,0.34558628002981384,0.34558628002981384,0.34558628002981384,0.5419287495705198,0.34558628002981384,0.39558057511413436,0.5098956669322492,0.34558628002981384,0.34561007386605913,0.34558628002981384,0.5059453253160276,0.34571240074480647,0.3961854732843388,0.5484396495582378,0.3456834004313502,0.34558628002981384,0.34558628002981384,0.5501000801067744,0.34558628002981384,0.3954100938386255,0.34558628002981384,0.5550559397059106,0.34558628002981384,0.34558628002981384,0.545062316168016
0.8408964152537145,0.8408964152537145,0.8466041839300619,0.8868457803252519,1.0,0.9979936011083766,0.8562200543635047,0.840977021709985,0.9077882809091204,0.8408964152537145,0.9085147835689061,0.9194695922369502,0.8408964152537145,0.8408964152537145,0.9192010621597801,0.9063220956583065,0.8408964152537145,0.9197556777445604,0.840924653999218,0.9064790270361179,0.8408964152537145,0.9054995397952916,0.9166478587092325,0.8408964152537145,0.8408964152537145,0.9238725097187996,0.8408964152537145,0.9068690216850246,0.9201128732269314,0.8408964152537145,0.906700344544358,0.8409248447918769,0.9194088686659639,0.840935624366163,0.9074450247949164,0.8560972087073954,0.9066268184191812,0.9065167241320596,0.8408964152537145,0.8562750872513634,0.9065656091191033,0.9058545513721701,0.8559373126485008,0.9070269617858425,0.8415569906670838,0.9056339114100802,0.8561830887163311,0.9101233575165827,0.8408964152537145,0.9194651405569001,0.9065392639871407,0.8408964152537145,0.9070539485894327,0.8561090526449252,0.9086924325453349,0.840924653999218,0.9200561374019424,0.8408964152537145,0.9069081912239776,0.8563358912229935,0.9093184777418188,0.8408964152537145,0.90670871595019,0.9187666668617632,0.8408964152537145,0.8408964152537145,0.9210836933927649,0.9055428599759974,0.8408964152537145,0.9074392550072538,0.8563878308660213,0.9116947769611579,0.9064737719159157,0.8562689428902879,0.9104095459700072,0.8408964152537145,0.8408964152537145,0.9172332877041816,0.8408964152537145,0.8408964152537145,0.8408964152537145,0.9124255875722573,0.8408964152537145,0.8409333349337297,0.9187979715187535,0.8408964152537145,0.8408964152537145,0.908611221549482,0.8408964152537145,0.8408964152537145,0.8408964152537145,0.8557903607974542,0.9062064780319953,0.84093352572048,0.8408964152537145,0.9060907398773487,0.8408964152537145,0.8408964152537145,0.917690196518091,0.8408964152537145,0.8408964152537145,0.8408964152537145,0.8408964152537145,0.906280563766059,0.8408964152537145,0.8561901387691441,0.8948971681312234,0.8408964152537145,0.840903379803216,0.8408964152537145,0.8935024280947601,0.8409333349337297,0.8563826824885903,0.9086050201875608,0.8409248447918769,0.8408964152537145,0.8408964152537145,0.9091981122656188,0.8408964152537145,0.8561359031103357,0.8408964152537145,0.9109688082553474,0.8408964152537145,0.8408964152537145,0.9073990152698509
0.8006377280832162,0.8006377280832162,0.8071477568274635,0.8532865843127851,0.9979936011083766,0.9919662554347861,0.818130593703494,0.8007296217815696,0.8775559052725601,0.8006377280832162,0.8784023950265539,0.8912125943280662,0.8006377280832162,0.8006377280832162,0.8908974637297047,0.8758486265057814,0.8006377280832162,0.8915483939406939,0.8006699209395093,0.8760312963766527,0.8006377280832162,0.8748914197541742,0.8879041549150212,0.8006377280832162,0.8006377280832162,0.8963885499567421,0.8006377280832162,0.8764853232678048,0.8919677582790422,0.8006377280832162,0.8762889393829906,0.8006701384482647,0.8911413275140643,0.8006824274630837,0.877156079653597,0.8179901494541938,0.8762033416900354,0.8760751785762304,0.8006377280832162,0.8181935116889655,0.8761320856698757,0.8753044932618267,0.8178073526179644,0.8766692231942359,0.8013908377628464,0.875047758375642,0.8180883320486018,0.8802779039954046,0.8006377280832162,0.8912073696110254,0.8761014170671083,0.8006377280832162,0.8767006473070117,0.8180036899653901,0.8786094376773487,0.8006699209395093,0.8919011404647915,0.8006377280832162,0.8765309293967406,0.8182630285091904,0.8793392377701165,0.8006377280832162,0.876298685433371,0.8903878118391408,0.8006377280832162,0.8006377280832162,0.8931081017493929,0.8749418206503717,0.8006377280832162,0.8771493596523995,0.8183224115205624,0.882111824669165,0.8760251791018937,0.8181864869283034,0.8806117703061744,0.8006377280832162,0.8006377280832162,0.8885900283397005,0.8006377280832162,0.8006377280832162,0.8006377280832162,0.8829653140531892,0.8006377280832162,0.8006798174446212,0.8904245345890937,0.8006377280832162,0.8006377280832162,0.8785147869354466,0.8006377280832162,0.8006377280832162,0.8006377280832162,0.8176393594397954,0.8757140564175782,0.800680034946938,0.8006377280832162,0.8755793546173434,0.8006377280832162,0.8006377280832162,0.8891255223050539,0.8006377280832162,0.8006377280832162,0.8006377280832162,0.8006377280832162,0.8758002855682133,0.8006377280832162,0.8180963921248737,0.862589370112949,0.8006377280832162,0.8006456678256495,0.8006377280832162,0.8609756031336828,0.8006798174446212,0.8183165253093961,0.8785075594818565,0.8006701384482647,0.8006377280832162,0.8006377280832162,0.8791989033934222,0.8006377280832162,0.8180343867285663,0.8006377280832162,0.8812643686243644,0.8006377280832162,0.8006377280832162,0.877102493529412
0.19359929264033326,0.19359929264033326,0.22623681759556813,0.3956745924274869,0.8562200543635047,0.818130593703494,0.27369453918639086,0.194093518201964,0.46784637422379277,0.19359929264033326,0.47027270999896814,0.5065070986240233,0.19359929264033326,0.19359929264033326,0.5056248464566304,0.46293825840046837,0.19359929264033326,0.5074468044370067,0.19377256165216739,0.46346434951866017,0.19359929264033326,0.46017766548899725,0.49722483772853765,0.19359929264033326,0.19359929264033326,0.520948630627094,0.19359929264033326,0.4647709553617498,0.5086197723865107,0.19359929264033326,0.46420597220688087,0.19377373186029007,0.5063076102083158,0.19383983711177838,0.4666987062733336,0.27313060422830554,0.46395963081220215,0.46359069628738386,0.19359929264033326,0.2739468793208248,0.46375452487384106,0.46136976803204144,0.2723952213170146,0.46529978487119733,0.19761708097035768,0.46062899149120057,0.2735249401803813,0.475632486687348,0.19359929264033326,0.5064924743687238,0.46366623647964283,0.19359929264033326,0.4653901262908408,0.273185014537344,0.47086546590173495,0.19377256165216739,0.5084334844284357,0.19359929264033326,0.4649021234712708,0.2742254709406716,0.4729527066030599,0.19359929264033326,0.4642340171544486,0.5041971966839475,0.19359929264033326,0.19359929264033326,0.5118061415934984,0.46032318439210096,0.19359929264033326,0.4666794079862705,0.27446327353545946,0.48085309870209697,0.4634467354454156,0.2739187148092347,0.47658435802850085,0.19359929264033326,0.19359929264033326,0.4991528790014469,0.19359929264033326,0.19359929264033326,0.19359929264033326,0.4832762444912454,0.19359929264033326,0.19382579894935856,0.5043000992004083,0.19359929264033326,0.19359929264033326,0.47059451792101387,0.19359929264033326,0.19359929264033326,0.19359929264033326,0.27171799925226797,0.46255054675418256,0.19382696883516626,0.19359929264033326,0.4621623289134012,0.19359929264033326,0.19359929264033326,0.500656791021086,0.19359929264033326,0.19359929264033326,0.19359929264033326,0.19359929264033326,0.4627989972182147,0.19359929264033326,0.2735572922679595,0.42403557303787104,0.19359929264033326,0.1936420389685977,0.19359929264033326,0.4191882581070178,0.19382579894935856,0.2744397091557309,0.4705738262172293,0.19377373186029007,0.19359929264033326,0.19359929264033326,0.4725516057995646,0.19359929264033326,0.2733083325892408,0.19359929264033326,0.478443061147351,0.19359929264033326,0.19359929264033326,0.4665448109707174
0.013847133787708752,0.013847133787708752,0.1179292122892733,0.3458615987481594,0.840977021709985,0.8007296217815696,0.194093518201964,0.019582804214079208,0.42701653553078434,0.013847133787708752,0.42969393071997813,0.46939318605014907,0.013847133787708752,0.013847133787708752,0.468432286186783,0.4215923449568499,0.013847133787708752,0.47041637762691607,0.016090678353703095,0.42217428958140396,0.013847133787708752,0.4185365105945932,0.4592701956315432,0.013847133787708752,0.013847133787708752,0.4850867003199091,0.013847133787708752,0.4236190517361151,0.4716931476600839,0.013847133787708752,0.4229944270756958,0.016104774435981403,0.46917593702024113,0.016882095413533877,0.42574918871284834,0.1932958159120758,0.4227220343812707,0.4223140307911687,0.013847133787708752,0.19444993459087578,0.4224952162205477,0.4198565540820834,0.19225312748011,0.4242035716580012,0.042008559186831655,0.41903635510977716,0.19385378682840346,0.4355991013959382,0.013847133787708752,0.46937726023375664,0.42239757566605046,0.013847133787708752,0.42430341385384135,0.1933728520606153,0.43034762105389146,0.016090678353703095,0.47149040415893606,0.013847133787708752,0.4237640451177885,0.19484305501374075,0.4326481956063577,0.013847133787708752,0.4230254360558161,0.46687681874000975,0.013847133787708752,0.013847133787708752,0.4751592440127579,0.41869768383892475,0.013847133787708752,0.42572787286067537,0.1951783087036922,0.4413392036553043,0.42215480758534973,0.19441016981782455,0.4366465399442515,0.013847133787708752,0.013847133787708752,0.46137532157042943,0.013847133787708752,0.013847133787708752,0.013847133787708752,0.4439996715343607,0.013847133787708752,0.016720023554734002,0.4669889570388507,0.013847133787708752,0.013847133787708752,0.4300488393416324,0.013847133787708752,0.013847133787708752,0.013847133787708752,0.19129039710189466,0.42116338744919957,0.016733589493755956,0.013847133787708752,0.4207337984818323,0.013847133787708752,0.013847133787708752,0.4630164559301071,0.013847133787708752,0.013847133787708752,0.013847133787708752,0.013847133787708752,0.42143827696420105,0.013847133787708752,0.19389952844929093,0.37815310896275334,0.013847133787708752,0.014432875784618847,0.013847133787708752,0.3726764185404099,0.016720023554734002,0.195145100354619,0.43002602070070656,0.016104774435981403,0.013847133787708752,0.013847133787708752,0.4322062468124386,0.013847133787708752,0.19354739392298995,0.013847133787708752,0.4386907570145567,0.013847133787708752,0.013847133787708752,0.4255791994770987
0.4267957236568069,0.4267957236568069,0.4422935305431999,0.5461525859800686,0.9077882809091204,0.8775559052725601,0.46784637422379277,0.42701653553078434,0.5985100267859289,0.4267957236568069,0.6003264122194995,0.6278103385374889,0.4267957236568069,0.4267957236568069,0.6271336939630199,0.5948456869212203,0.4267957236568069,0.6285314288295049,0.42687308703074495,0.5952378162495056,0.4267957236568069,0.5927906087063689,0.6207090093222728,0.4267957236568069,0.4267957236568069,0.6389343693602264,0.4267957236568069,0.5962123855029284,0.6294320637253888,0.4267957236568069,0.5957908592924096,0.42687360970528554,0.6276573101891921,0.4269031397060573,0.5976519930363301,0.4675237735649116,0.5956071232966944,0.5953320137650384,0.4267957236568069,0.4679908646421031,0.595454169113157,0.5936775187944809,0.46710373941606576,0.5966070995342008,0.4286035750417102,0.593126294525771,0.4677493096166942,0.6043500763267811,0.4267957236568069,0.6277991196109175,0.5953883368511317,0.4267957236568069,0.5966745452242141,0.46755488048271504,0.6007706439674947,0.42687308703074495,0.6292889864660561,0.4267957236568069,0.5963102737585422,0.4681504860171641,0.6023364036922549,0.4267957236568069,0.5958117790308655,0.626039495354891,0.4267957236568069,0.4267957236568069,0.6318816872249272,0.5928988295795289,0.4267957236568069,0.5976375712263688,0.4682868193445247,0.6082838450954973,0.5952246848343937,0.4679747333508908,0.605066257801514,0.4267957236568069,0.4267957236568069,0.6221807834176036,0.4267957236568069,0.4267957236568069,0.4267957236568069,0.6101144797662617,0.4267957236568069,0.42689686803005433,0.626118332596561,0.4267957236568069,0.4267957236568069,0.6005675625662596,0.4267957236568069,0.4267957236568069,0.4267957236568069,0.466717571748737,0.5945568005255335,0.4268973906734818,0.4267957236568069,0.5942676220640022,0.4267957236568069,0.4267957236568069,0.6233299973789254,0.4267957236568069,0.4267957236568069,0.4267957236568069,0.4267957236568069,0.5947419127707483,0.4267957236568069,0.46776782232143055,0.5663111346400885,0.4267957236568069,0.42681480452963766,0.4267957236568069,0.5628244997323698,0.42689686803005433,0.4682733063929495,0.6005520553187281,0.42687360970528554,0.4267957236568069,0.4267957236568069,0.6020353330570483,0.4267957236568069,0.46762539740602654,0.4267957236568069,0.6064661024732625,0.4267957236568069,0.4267957236568069,0.5975369912106364
0.0,0.0,0.11711351025893336,0.34558628002981384,0.8408964152537145,0.8006377280832162,0.19359929264033326,0.013847133787708752,0.4267957236568069,0.0,0.4294745909425914,0.4691939129578363,0.0,0.0,0.46823256257858714,0.4213684990379302,0.0,0.4702175825211745,0.008195536440550745,0.42195077255431845,0.0,0.4183109240214684,0.45906609498325057,0.0,0.0,0.48489456938802133,0.0,0.423396347689858,0.4714949465111259,0.0,0.42277137216474164,0.008223177473557245,0.4689765622096329,0.00965722703161528,0.4255276742019613,0.19279953976350556,0.422498826167642,0.4220905926178649,0.0,0.19395661980335654,0.4222718802169619,0.41963172225149553,0.19175414532846796,0.42398119510150833,0.03966076394915432,0.4188110548342071,0.19335894678239732,0.43538295087520723,0.0,0.46917797968754954,0.422174184613227,0.0,0.4240810931544316,0.19287677468023406,0.4301286381860165,0.008195536440550745,0.4712921088768536,0.0,0.4235414223834161,0.19435074092987958,0.4324304611238164,0.0,0.4228023985853855,0.46667636248114447,0.0,0.0,0.4749626415543853,0.41847218964942917,0.0,0.425506346499652,0.19468684483826632,0.44112608000871634,0.42193127956112036,0.1939167535822149,0.43643094705114366,0.0,0.0,0.46117223990614664,0.0,0.0,0.0,0.4437879271807086,0.0,0.009371023207708057,0.4667885537392472,0.0,0.0,0.42982969346248484,0.0,0.0,0.0,0.19078889026715312,0.42093929857296186,0.00939520651732846,0.0,0.42050946584015536,0.0,0.0,0.46281416308140166,0.0,0.0,0.0,0.0,0.4212143438343184,0.0,0.1934048057664031,0.37790210196938956,0.0,0.004069986556644454,0.0,0.3724215697528955,0.009371023207708057,0.19465355240160906,0.4298068623636448,0.008223177473557245,0.0,0.0,0.43198827343637625,0.0,0.19305176630924187,0.0,0.438476245557891,0.0,0.0,0.4253575904341592
0.4294745909425914,0.4294745909425914,0.44487225091590904,0.5481869959227038,0.9085147835689061,0.8784023950265539,0.47027270999896814,0.42969393071997813,0.6003264122194995,0.4294745909425914,0.6021356890763614,0.6295150713660803,0.4294745909425914,0.4294745909425914,0.6288409377388703,0.5966764949799856,0.4294745909425914,0.6302334890044222,0.4295514384001105,0.5970670756076688,0.4294745909425914,0.5946295543111292,0.6224402436758449,0.4294745909425914,0.4294745909425914,0.6405982300605182,0.4294745909425914,0.5980378013718328,0.6311307904260685,0.4294745909425914,0.597617936602312,0.42955195758963605,0.6293626106305822,0.42958129070681994,0.5994717457502458,0.469951943706458,0.5974349252607718,0.5971609012843793,0.4294745909425914,0.47041637951521237,0.5972825745418108,0.5955129481168439,0.4695343011763885,0.5984309609734138,0.431270429610018,0.5949639084734988,0.47017619709280745,0.6061436997721682,0.4294745909425914,0.6295038940476593,0.5972170020738716,0.4294745909425914,0.5984981411829877,0.4699828736509093,0.6025781863205957,0.4295514384001105,0.6309882423881171,0.4294745909425914,0.5981353040122173,0.4705750945242911,0.6041378450523124,0.4294745909425914,0.5976387738511426,0.6277508058180943,0.4294745909425914,0.4294745909425914,0.6335713730522043,0.5947373457705705,0.4294745909425914,0.5994573805887585,0.4707106541360021,0.610062286326446,0.597053996033866,0.4704003398503133,0.6068571083430936,0.4294745909425914,0.4294745909425914,0.6239064977401231,0.4294745909425914,0.4294745909425914,0.4294745909425914,0.6118858956490829,0.4294745909425914,0.42957506084355257,0.6278293497947598,0.4294745909425914,0.4294745909425914,0.6023758976554021,0.4294745909425914,0.4294745909425914,0.4294745909425914,0.46915033552676844,0.5963887503519419,0.4295755800025185,0.4294745909425914,0.5961007155119331,0.4294745909425914,0.4294745909425914,0.6250514115872229,0.4294745909425914,0.4294745909425914,0.4294745909425914,0.4294745909425914,0.5965731308964937,0.4294745909425914,0.47019460455903966,0.5682583416906472,0.4294745909425914,0.4294935445545056,0.4294745909425914,0.5647864720733231,0.42957506084355257,0.4706972178557249,0.602360450954544,0.42955195758963605,0.4294745909425914,0.4294745909425914,0.603837946032896,0.4294745909425914,0.4700529894637359,0.4294745909425914,0.6082515445177963,0.4294745909425914,0.4294745909425914,0.5993571956958558
0.4691939129578363,0.4691939129578363,0.48321974232448256,0.5788499495170837,0.9194695922369502,0.8912125943280662,0.5065070986240233,0.46939318605014907,0.6278103385374889,0.4691939129578363,0.6295150713660803,0.6553507450649719,0.4691939129578363,0.4691939129578363,0.6547138221084507,0.6243723627262129,0.4691939129578363,0.6560295485475189,0.46926372810633155,0.6247401959444754,0.4691939129578363,0.6224449038000522,0.6486683260061624,0.4691939129578363,0.4691939129578363,0.6658273024208687,0.4691939129578363,0.625654457011118,0.6568774308701327,0.4691939129578363,0.6252590024440274,0.4692641997913832,0.6552066965621682,0.4692908491483091,0.6270051747005116,0.5062119511694301,0.6250866369160616,0.6248285596404713,0.4691939129578363,0.5066393019658554,0.6249431511912903,0.6232766777080524,0.5058277034938594,0.6260247759206305,0.47082591577985977,0.6227597104981865,0.5064182912579434,0.6332926791510363,0.4691939129578363,0.6553401844060194,0.6248813950191585,0.4691939129578363,0.6260880549145971,0.5062404096879317,0.6299320514143388,0.46926372810633155,0.6567427293519834,0.4691939129578363,0.6257462936907373,0.5067853560390585,0.6314019294531058,0.4691939129578363,0.6252786278107264,0.6536839422292278,0.4691939129578363,0.4691939129578363,0.6591839245546415,0.6225463920847525,0.4691939129578363,0.6269916422271393,0.506910106846676,0.6369875473549638,0.624727877861302,0.5066245421601505,0.6339652458412185,0.4691939129578363,0.4691939129578363,0.6500529046989509,0.4691939129578363,0.4691939129578363,0.4691939129578363,0.6387075511340984,0.4691939129578363,0.4692851892473601,0.6537581417599538,0.4691939129578363,0.4691939129578363,0.6297414255085168,0.4691939129578363,0.4691939129578363,0.4691939129578363,0.5054744786428425,0.624101386776024,0.4692856609086454,0.4691939129578363,0.6238301464148476,0.4691939129578363,0.4691939129578363,0.6511341713993516,0.4691939129578363,0.4691939129578363,0.4691939129578363,0.4691939129578363,0.6242750212936661,0.4691939129578363,0.5064352289013958,0.5976562727413154,0.4691939129578363,0.46921113194629294,0.4691939129578363,0.5943992176232048,0.4692851892473601,0.5068977416989245,0.6297268695444729,0.4692641997913832,0.4691939129578363,0.4691939129578363,0.631119274750862,0.4691939129578363,0.5063049238572348,0.4691939129578363,0.63527999700973,0.4691939129578363,0.4691939129578363,0.6268972652328947
0.0,0.0,0.11711351025893336,0.34558628002981384,0.8408964152537145,0.8006377280832162,0.19359929264033326,0.013847133787708752,0.4267957236568069,0.0,0.4294745909425914,0.4691939129578363,0.0,0.0,0.46823256257858714,0.4213684990379302,0.0,0.4702175825211745,0.008195536440550745,0.42195077255431845,0.0,0.4183109240214684,0.45906609498325057,0.0,0.0,0.48489456938802133,0.0,0.423396347689858,0.4714949465111259,0.0,0.42277137216474164,0.008223177473557245,0.4689765622096329,0.00965722703161528,0.4255276742019613,0.19279953976350556,0.422498826167642,0.4220905926178649,0.0,0.19395661980335654,0.4222718802169619,0.41963172225149553,0.19175414532846796,0.42398119510150833,0.03966076394915432,0.4188110548342071,0.19335894678239732,0.43538295087520723,0.0,0.46917797968754954,0.422174184613227,0.0,0.4240810931544316,0.19287677468023406,0.4301286381860165,0.008195536440550745,0.4712921088768536,0.0,0.4235414223834161,0.19435074092987958,0.4324304611238164,0.0,0.4228023985853855,0.46667636248114447,0.0,0.0,0.4749626415543853,0.41847218964942917,0.0,0.425506346499652,0.19468684483826632,0.44112608000871634,0.42193127956112036,0.1939167535822149,0.43643094705114366,0.0,0.0,0.46117223990614664,0.0,0.0,0.0,0.4437879271807086,0.0,0.009371023207708057,0.4667885537392472,0.0,0.0,0.42982969346248484,0.0,0.0,0.0,0.19078889026715312,0.42093929857296186,0.00939520651732846,0.0,0.42050946584015536,0.0,0.0,0.46281416308140166,0.0,0.0,0.0,0.0,0.4212143438343184,0.0,0.1934048057664031,0.37790210196938956,0.0,0.004069986556644454,0.0,0.3724215697528955,0.009371023207708057,0.19465355240160906,0.4298068623636448,0.008223177473557245,0.0,0.0,0.43198827343637625,0.0,0.19305176630924187,0.0,0.438476245557891,0.0,0.0,0.4253575904341592
0.0,0.0,0.11711351025893336,0.34558628002981384,0.8408964152537145,0.8006377280832162,0.19359929264033326,0.013847133787708752,0.4267957236568069,0.0,0.4294745909425914,0.4691939129578363,0.0,0.0,0.46823256257858714,0.4213684990379302,0.0,0.4702175825211745,0.008195536440550745,0.42195077255431845,0.0,0.4183109240214684,0.45906609498325057,0.0,0.0,0.48489456938802133,0.0,0.423396347689858,0.4714949465111259,0.0,0.42277137216474164,0.008223177473557245,0.4689765622096329,0.00965722703161528,0.4255276742019613,0.19279953976350556,0.422498826167642,0.4220905926178649,0.0,0.19395661980335654,0.4222718802169619,0.41963172225149553,0.19175414532846796,0.42398119510150833,0.03966076394915432,0.4188110548342071,0.19335894678239732,0.43538295087520723,0.0,0.46917797968754954,0.422174184613227,0.0,0.4240810931544316,0.19287677468023406,0.4301286381860165,0.008195536440550745,0.4712921088768536,0.0,0.4235414223834161,0.19435074092987958,0.4324304611238164,0.0,0.4228023985853855,0.46667636248114447,0.0,0.0,0.4749626415543853,0.41847218964942917,0.0,0.425506346499652,0.19468684483826632,0.44112608000871634,0.42193127956112036,0.1939167535822149,0.43643094705114366,0.0,0.0,0.46117223990614664,0.0,0.0,0.0,0.4437879271807086,0.0,0.009371023207708057,0.4667885537392472,0.0,0.0,0.42982969346248484,0.0,0.0,0.0,0.19078889026715312,0.42093929857296186,0.00939520651732846,0.0,0.42050946584015536,0.0,0.0,0.46281416308140166,0.0,0.0,0.0,0.0,0.4212143438343184,0.0,0.1934048057664031,0.37790210196938956,0.0,0.004069986556644454,0.0,0.3724215697528955,0.009371023207708057,0.19465355240160906,0.4298068623636448,0.008223177473557245,0.0,0.0,0.43198827343637625,0.0,0.19305176630924187,0.0,0.438476245557891,0.0,0.0,0.4253575904341592
0.46823256257858714,0.46823256257858714,0.4822893243003751,0.5780975319885695,0.9192010621597801,0.8908974637297047,0.5056248464566304,0.468432286186783,0.6271336939630199,0.46823256257858714,0.6288409377388703,0.6547138221084507,0.46823256257858714,0.46823256257858714,0.6540759993139262,0.6236906313339097,0.46823256257858714,0.6553935837039649,0.4683025356023598,0.6240590102815975,0.46823256257858714,0.6217603068618673,0.6480219207853819,0.46823256257858714,0.46823256257858714,0.6652050679637613,0.46823256257858714,0.6249746262255861,0.6562426615043346,0.46823256257858714,0.6245785858904008,0.4683030083539106,0.6545695701666648,0.46832971796314204,0.6263273415771691,0.5053291113599843,0.6244059649165539,0.624147505023429,0.46823256257858714,0.5057573128372183,0.6242622664859442,0.6225933185863416,0.5049440978110693,0.6253454932981577,0.46986824537610605,0.6220755822632699,0.5055358623323397,0.6326240834850374,0.46823256257858714,0.6547032465361433,0.6242004187485862,0.46823256257858714,0.6254088659246142,0.5053576265638873,0.6292585308391188,0.4683025356023598,0.6561077701577677,0.46823256257858714,0.6250665988796495,0.5059036573782671,0.6307305664169748,0.46823256257858714,0.6245982403369411,0.6530446627006595,0.46823256257858714,0.46823256257858714,0.6585524001141696,0.6218619462776733,0.46823256257858714,0.626313789113367,0.5060286561792724,0.6363243343725881,0.6240466739287192,0.5057425236701306,0.6332976324394558,0.46823256257858714,0.46823256257858714,0.6494084718123168,0.46823256257858714,0.46823256257858714,0.46823256257858714,0.6380468326977593,0.46823256257858714,0.46832404526605065,0.6531189672562567,0.46823256257858714,0.46823256257858714,0.6290676247262373,0.46823256257858714,0.46823256257858714,0.46823256257858714,0.5045901680887374,0.6234192531249589,0.4683245179936979,0.46823256257858714,0.6231476099166313,0.46823256257858714,0.46823256257858714,0.6504912759650864,0.46823256257858714,0.46823256257858714,0.46823256257858714,0.46823256257858714,0.6235931454222978,0.46823256257858714,0.5055528336915913,0.596933869531679,0.46823256257858714,0.46824982050865877,0.46823256257858714,0.5936717045269948,0.46832404526605065,0.5060162664551252,0.6290530473621321,0.4683030083539106,0.46823256257858714,0.46823256257858714,0.6304474972460845,0.46823256257858714,0.5054222692173215,0.46823256257858714,0.6346143005742356,0.46823256257858714,0.46823256257858714,0.6262192726903753
0.4213684990379302,0.4213684990379302,0.43707249481257165,0.542045137227411,0.9063220956583065,0.8758486265057814,0.46293825840046837,0.4215923449568499,0.5948456869212203,0.4213684990379302,0.5966764949799856,0.6243723627262129,0.4213684990379302,0.4213684990379302,0.6236906313339097,0.5911520803201344,0.4213684990379302,0.6250988672395521,0.4214469257454903,0.5915473526055444,0.4213684990379302,0.5890804864639325,0.6172173364356902,0.4213684990379302,0.4213684990379302,0.6355791704440825,0.4213684990379302,0.5925297215868643,0.6260062547623785,0.4213684990379302,0.5921048238097325,0.42144745560280833,0.624218184491237,0.4214773913888964,0.5939808207587579,0.462611896572947,0.5919196172456244,0.5916423047259181,0.4213684990379302,0.4630844319452634,0.5917654384164274,0.5899745333029752,0.4621869584664467,0.5929275899520144,0.4232011062529297,0.5894188750975224,0.46284006260487637,0.6007319131276669,0.4213684990379302,0.6243610595089296,0.5916990789358538,0.4213684990379302,0.5929955743622913,0.4626433663612581,0.5971242456446646,0.4214469257454903,0.6258621054783283,0.4213684990379302,0.592628392360731,0.46324591164520423,0.5987023822044255,0.4213684990379302,0.5921259109465432,0.6225881938338849,0.4213684990379302,0.4213684990379302,0.6284741908519873,0.5891895789077778,0.4213684990379302,0.5939662840027857,0.4633838312979276,0.6046964732497481,0.5915341159840307,0.463068112790508,0.6014537188842884,0.4213684990379302,0.4213684990379302,0.6187002967621529,0.4213684990379302,0.4213684990379302,0.4213684990379302,0.6065413539118015,0.4213684990379302,0.42147103353524046,0.6226676252300956,0.4213684990379302,0.4213684990379302,0.596919555971903,0.4213684990379302,0.4213684990379302,0.4213684990379302,0.46179627541001483,0.5908608767575357,0.42147156336027974,0.4213684990379302,0.5905693773276655,0.4213684990379302,0.4213684990379302,0.6198582242286883,0.4213684990379302,0.4213684990379302,0.4213684990379302,0.4213684990379302,0.5910474739613532,0.4213684990379302,0.4628587910879423,0.5623810962800694,0.4213684990379302,0.421387842203983,0.4213684990379302,0.5588644394701924,0.42147103353524046,0.4633701611506258,0.5969039258889145,0.42144745560280833,0.4213684990379302,0.4213684990379302,0.5983989348450065,0.4213684990379302,0.4627147057266897,0.4213684990379302,0.6028645329686597,0.4213684990379302,0.4213684990379302,0.5938649022365404
0.0,0.0,0.11711351025893336,0.34558628002981384,0.8408964152537145,0.8006377280832162,0.19359929264033326,0.013847133787708752,0.4267957236568069,0.0,0.4294745909425914,0.4691939129578363,0.0,0.0,0.46823256257858714,0.4213684990379302,0.0,0.4702175825211745,0.008195536440550745,0.42195077255431845,0.0,0.4183109240214684,0.45906609498325057,0.0,0.0,0.48489456938802133,0.0,0.423396347689858,0.4714949465111259,0.0,0.42277137216474164,0.008223177473557245,0.4689765622096329,0.00965722703161528,0.4255276742019613,0.19279953976350556,0.422498826167642,0.4220905926178649,0.0,0.19395661980335654,0.4222718802169619,0.41963172225149553,0.19175414532846796,0.42398119510150833,0.03966076394915432,0.4188110548342071,0.19335894678239732,0.43538295087520723,0.0,0.46917797968754954,0.422174184613227,0.0,0.4240810931544316,0.19287677468023406,0.4301286381860165,0.008195536440550745,0.4712921088768536,0.0,0.4235414223834161,0.19435074092987958,0.4324304611238164,0.0,0.4228023985853855,0.46667636248114447,0.0,0.0,0.4749626415543853,0.41847218964942917,0.0,0.425506346499652,0.19468684483826632,0.44112608000871634,0.42193127956112036,0.1939167535822149,0.43643094705114366,0.0,0.0,0.46117223990614664,0.0,0.0,0.0,0.4437879271807086,0.0,0.009371023207708057,0.4667885537392472,0.0,0.0,0.42982969346248484,0.0,0.0,0.0,0.19078889026715312,0.42093929857296186,0.00939520651732846,0.0,0.42050946584015536,0.0,0.0,0.46281416308140166,0.0,0.0,0.0,0.0,0.4212143438343184,0.0,0.1934048057664031,0.37790210196938956,0.0,0.004069986556644454,0.0,0.3724215697528955,0.009371023207708057,0.19465355240160906,0.4298068623636448,0.008223177473557245,0.0,0.0,0.43198827343637625,0.0,0.19305176630924187,0.0,0.438476245557891,0.0,0.0,0.4253575904341592
0.4702175825211745,0.4702175825211745,0.4842105868637859,0.5796516622183348,0.9197556777445604,0.8915483939406939,0.5074468044370067,0.47041637762691607,0.6285314288295049,0.4702175825211745,0.6302334890044222,0.6560295485475189,0.4702175825211745,0.4702175825211745,0.6553935837039649,0.6250988672395521,0.4702175825211745,0.6567073318599997,0.47028723016810187,0.6254661196157982,0.4702175825211745,0.6231744581818123,0.649357225464478,0.4702175825211745,0.4702175825211745,0.6664904651134298,0.4702175825211745,0.6263789386186309,0.6575539412618411,0.4702175825211745,0.6259841075160889,0.470287700721624,0.6558857166593843,0.4703142861523267,0.6277275300629981,0.5071522810784275,0.625812013871876,0.625554343833943,0.4702175825211745,0.507578728421213,0.6256687545400115,0.6240049146624155,0.5067688467799112,0.6267486740855858,0.4718456808941551,0.623488766033537,0.5073581847946781,0.6340052019623411,0.4702175825211745,0.6560190037677948,0.6256070958249524,0.4702175825211745,0.6268118534206252,0.5071806793952834,0.630649816510405,0.47028723016810187,0.6574194418700607,0.4702175825211745,0.6264706305728364,0.5077244740049666,0.6321173980010638,0.4702175825211745,0.6260037019316261,0.654365254883479,0.4702175825211745,0.4702175825211745,0.6598569797492037,0.6232757856161357,0.4702175825211745,0.6277140188669676,0.5078489614319888,0.6376943403376052,0.6254538209778622,0.5075639997985093,0.6346767230600869,0.4702175825211745,0.4702175825211745,0.6507397042382103,0.4702175825211745,0.4702175825211745,0.4702175825211745,0.6394116885954922,0.4702175825211745,0.47030863982777626,0.6544393425895423,0.4702175825211745,0.4702175825211745,0.6304594888618843,0.4702175825211745,0.4702175825211745,0.4702175825211745,0.5064163705135267,0.6248283194278267,0.47030911035767725,0.4702175825211745,0.6245575078297473,0.4702175825211745,0.4702175825211745,0.6518193340075673,0.4702175825211745,0.4702175825211745,0.4702175825211745,0.4702175825211745,0.6250016795814537,0.4702175825211745,0.5073750866307374,0.5984260574209918,0.4702175825211745,0.47023476019362176,0.4702175825211745,0.5951744386790401,0.47030863982777626,0.5078366223855562,0.6304449556764091,0.470287700721624,0.4702175825211745,0.4702175825211745,0.6318351844749743,0.4702175825211745,0.5072450571103199,0.4702175825211745,0.6359894336454331,0.4702175825211745,0.4702175825211745,0.6276197902772841
