0.0,0.0,0.11552294666996574,0.6575105266915725,0.8408964152537145,0.41751823871399,0.0,0.46203957457278994,0.0,0.4213237036293098,0.010508327480756557,0.4602061759211954,0.0,0.41718923970213045,0.18712771102463166,0.4133598659327396,0.42017802008929017,0.1846073647688006,0.0,0.4143464117208021,0.4522786360796594,0.0,0.4082641607452608,0.0,0.4753075116334391,0.0,0.41553062711696637,0.008045142911949537,0.4623660895590074,0.0,0.4145748040413264,0.4598270423368317,0.00948001056160887,0.0,0.41762968859531335,0.4579006829915219,0.0,0.41403776817089977,0.4581949766895302,0.0,0.008045142911949537,0.41174680493702054,0.18820051228184712,0.4164890787048649,0.4127015672820947,0.0,0.4697302043174146,0.0,0.4599441735815232,0.0,0.41393272604930004,0.4161076736494047,0.18941538656999468,0.0,0.42204465576193306,0.0,0.4618505600855503,0.41554357988521734,0.008072276709447757,0.4672027578587279,0.0,0.4149065784734474,0.19101239647491292,0.41357957069945256,0.42136022421777924,0.0,0.19304514028967887,0.4106619791085596,0.4175089043875968,0.19107948728433408,0.432688195907766,0.0,0.0,0.4579313981389262,0.42798573645163995,0.0,0.4090983018979392,0.18818828931125356,0.0,0.4351630121435632,0.0,0.0,0.0,0.4576764182977117,0.0,0.0,0.0,0.421766414114401,0.0,0.0,0.45593648954816024,0.0,0.0,0.0,0.412807417880269,0.009199058715877303,0.0,0.18690983892620897,0.4098627758518134,0.0,0.008072276709447757,0.0,0.41318021311393344,0.0,0.0,0.41793865862079277,0.0,0.0,0.0,0.3652972157136343,0.0,0.19098715969388763,0.0,0.42163077967683454,0.0,0.0,0.4236660160553519,0.0,0.18947436639488419,0.0,0.4300967680434426,0.009222798283315735,0.0,0.008045142911949537,0.4175775352230861
0.0,0.0,0.11552294666996574,0.6575105266915725,0.8408964152537145,0.41751823871399,0.0,0.46203957457278994,0.0,0.4213237036293098,0.010508327480756557,0.4602061759211954,0.0,0.41718923970213045,0.18712771102463166,0.4133598659327396,0.42017802008929017,0.1846073647688006,0.0,0.4143464117208021,0.4522786360796594,0.0,0.4082641607452608,0.0,0.4753075116334391,0.0,0.41553062711696637,0.008045142911949537,0.4623660895590074,0.0,0.4145748040413264,0.4598270423368317,0.00948001056160887,0.0,0.41762968859531335,0.4579006829915219,0.0,0.41403776817089977,0.4581949766895302,0.0,0.008045142911949537,0.41174680493702054,0.18820051228184712,0.4164890787048649,0.4127015672820947,0.0,0.4697302043174146,0.0,0.4599441735815232,0.0,0.41393272604930004,0.4161076736494047,0.18941538656999468,0.0,0.42204465576193306,0.0,0.4618505600855503,0.41554357988521734,0.008072276709447757,0.4672027578587279,0.0,0.4149065784734474,0.19101239647491292,0.41357957069945256,0.42136022421777924,0.0,0.19304514028967887,0.4106619791085596,0.4175089043875968,0.19107948728433408,0.432688195907766,0.0,0.0,0.4579313981389262,0.42798573645163995,0.0,0.4090983018979392,0.18818828931125356,0.0,0.4351630121435632,0.0,0.0,0.0,0.4576764182977117,0.0,0.0,0.0,0.421766414114401,0.0,0.0,0.45593648954816024,0.0,0.0,0.0,0.412807417880269,0.009199058715877303,0.0,0.18690983892620897,0.4098627758518134,0.0,0.008072276709447757,0.0,0.41318021311393344,0.0,0.0,0.41793865862079277,0.0,0.0,0.0,0.3652972157136343,0.0,0.19098715969388763,0.0,0.42163077967683454,0.0,0.0,0.4236660160553519,0.0,0.18947436639488419,0.0,0.4300967680434426,0.009222798283315735,0.0,0.008045142911949537,0.4175775352230861
0.11552294666996574,0.11552294666996574,0.16336684307483376,0.6665699853154127,0.8464517345719098,0.4329516948141194,0.11552294666996574,0.47591959104066034,0.11552294666996574,0.43661362353973154,0.11599985447593726,0.47414520356206885,0.11552294666996574,0.4326352099006694,0.21988867295165648,0.42895274384511684,0.43551092036197536,0.2177490368619497,0.11552294666996574,0.42990122051534213,0.4664773365873462,0.11552294666996574,0.4240561789103925,0.11552294666996574,0.48877155540895156,0.11552294666996574,0.4310399432552432,0.1158027190530631,0.4762356367290082,0.11552294666996574,0.4301208216582497,0.4737783211139027,0.11591123219833697,0.11552294666996574,0.43305890930339747,0.4719144660460807,0.11552294666996574,0.42960447031338356,0.47219918293617047,0.11552294666996574,0.1158027190530631,0.4274022642701406,0.22080184749563,0.43196173699756296,0.4283199344155798,0.11552294666996574,0.48336678596762733,0.11552294666996574,0.47389166567068947,0.11552294666996574,0.42950347937061206,0.43159490224336866,0.22183767140773356,0.11552294666996574,0.43730763092536495,0.11552294666996574,0.47573664259674364,0.4310523996569816,0.11580460710731523,0.4809186227769023,0.11552294666996574,0.4304398403149926,0.2232020423972251,0.4291639571339856,0.43664877732823904,0.11552294666996574,0.22494307796321644,0.42635976280838295,0.4329427153045111,0.22325942713852964,0.4475622633517079,0.11552294666996574,0.11552294666996574,0.47194418119889914,0.4430296094476137,0.11552294666996574,0.42485743074643617,0.22079143519128322,0.11552294666996574,0.44994895842240146,0.11552294666996574,0.11552294666996574,0.11552294666996574,0.4716975060900897,0.11552294666996574,0.11552294666996574,0.11552294666996574,0.4370397789530006,0.11552294666996574,0.11552294666996574,0.47001445080713466,0.11552294666996574,0.11552294666996574,0.11552294666996574,0.4284216818007999,0.11588859436945365,0.11552294666996574,0.21970339429728203,0.42559186320583486,0.11552294666996574,0.11580460710731523,0.11552294666996574,0.4287800402587274,0.11552294666996574,0.11552294666996574,0.43335614772170805,0.11552294666996574,0.11552294666996574,0.11552294666996574,0.3829573982098707,0.11552294666996574,0.22318045802966185,0.11552294666996574,0.4369092133968705,0.11552294666996574,0.11552294666996574,0.4388686796575152,0.11552294666996574,0.22188800464772687,0.11552294666996574,0.4450640239628636,0.11589048102415046,0.11552294666996574,0.1158027190530631,0.4330087376579989
0.6575105266915725,0.6575105266915725,0.6665699853154127,0.882985577302117,0.9712409302262146,0.7634722995254153,0.6575105266915725,0.7841260707209385,0.6575105266915725,0.7651939545027968,0.6575862395765223,0.783254810080512,0.6575105266915725,0.763323865916066,0.6809040312847645,0.7616010446824972,0.7646747117867415,0.6802936711549428,0.6575105266915725,0.762044026865707,0.7795068157276354,0.6575105266915725,0.7593225925276097,0.6575105266915725,0.790479119387378,0.6575105266915725,0.7625765585469203,0.6575549064804017,0.7842814086391777,0.6575105266915725,0.7621466658937337,0.7830748460786386,0.6575721474488725,0.6575105266915725,0.7635225969829701,0.7821615587011885,0.6575105266915725,0.7619053741409325,0.7823009639055817,0.6575105266915725,0.6575549064804017,0.7608780401510106,0.6811660923792044,0.7630081953869732,0.761305787783593,0.6575105266915725,0.7877984796807366,0.6575105266915725,0.7831304373917688,0.6575105266915725,0.7618581991945764,0.7628363630854395,0.6814644819226585,0.6575105266915725,0.7655211040316129,0.6575105266915725,0.7840361717904811,0.76258238805537,0.6575552063289695,0.7865884680508541,0.6575105266915725,0.7622958217782878,0.6818593461140655,0.7616996452717574,0.7652105191506537,0.6575105266915725,0.6823662344420461,0.76039271111529,0.7634680872756627,0.681875999420192,0.7703863398778809,0.6575105266915725,0.6575105266915725,0.7821761062658463,0.7682287029058349,0.6575105266915725,0.7596944498453475,0.6811630990072546,0.6575105266915725,0.7715269167246203,0.6575105266915725,0.6575105266915725,0.6575105266915725,0.7820553548726483,0.6575105266915725,0.6575105266915725,0.6575105266915725,0.7653948084114948,0.6575105266915725,0.6575105266915725,0.7812322431697607,0.6575105266915725,0.6575105266915725,0.6575105266915725,0.7613532452660571,0.6575685493881942,0.6575105266915725,0.6808509745251796,0.7600356345562375,0.6575105266915725,0.6575552063289695,0.6575105266915725,0.7615204410582302,0.6575105266915725,0.6575105266915725,0.7636620749195252,0.6575105266915725,0.6575105266915725,0.6575105266915725,0.7407976019629485,0.6575105266915725,0.6818530831851513,0.6575105266915725,0.7653332598199301,0.6575105266915725,0.6575105266915725,0.7662579644969975,0.6575105266915725,0.681479011987286,0.6575105266915725,0.7691957423487176,0.6575688492276816,0.6575105266915725,0.6575549064804017,0.7634990591682193
0.8408964152537145,0.8408964152537145,0.8464517345719098,0.9712409302262146,1.0,0.9052867082977132,0.8408964152537145,0.9174745912090129,0.8408964152537145,0.9063100263960313,0.840942839379646,0.9169646646707073,0.8408964152537145,0.9051984251640547,0.855238991556384,0.9041730987928626,0.9060015278677278,0.8548649864859043,0.8408964152537145,0.9044368508780145,0.9147665420221188,0.8408964152537145,0.9028152817673037,0.8408964152537145,0.9211803310426687,0.8408964152537145,0.9047538167440874,0.8409236271590931,0.9175654640675368,0.8408964152537145,0.9044979510705528,0.9168592862468549,0.8409341986395581,0.8408964152537145,0.9053166214306935,0.9163242460036649,0.8408964152537145,0.9043543053201873,0.9164059433688823,0.8408964152537145,0.8409236271590931,0.9037424534819877,0.8553995660441535,0.9050106455066461,0.9039972590849044,0.8408964152537145,0.9196194510148437,0.8408964152537145,0.9168918397190043,0.8408964152537145,0.9043262184192348,0.9049084123943999,0.8555823955106531,0.8408964152537145,0.9065043384519789,0.8408964152537145,0.9174219943453359,0.9047572858688088,0.8409238110143339,0.9189135632078911,0.8408964152537145,0.9045867348415031,0.8558243289898227,0.9042318124700655,0.9063198661263874,0.8408964152537145,0.8561348860295644,0.903453259807645,0.9052842031224588,0.8558345322752484,0.9093886560877863,0.8408964152537145,0.8408964152537145,0.9163327719672907,0.9081107863007182,0.8408964152537145,0.9030370242597919,0.8553977319170015,0.8408964152537145,0.9100633288176889,0.8408964152537145,0.8408964152537145,0.8408964152537145,0.9162619992580963,0.8408964152537145,0.8408964152537145,0.8408964152537145,0.9064293298684676,0.8408964152537145,0.8408964152537145,0.9157793698192666,0.8408964152537145,0.8408964152537145,0.8408964152537145,0.9040255246373687,0.8409319924504678,0.8408964152537145,0.8552064812509002,0.9032404291825953,0.8408964152537145,0.8409238110143339,0.8408964152537145,0.9041250988897784,0.8408964152537145,0.8408964152537145,0.9053995669726068,0.8408964152537145,0.8408964152537145,0.8408964152537145,0.891706586748279,0.8408964152537145,0.8558204917624139,0.8408964152537145,0.9063927729490137,0.8408964152537145,0.8408964152537145,0.9069418353998047,0.8408964152537145,0.8555912982508279,0.8408964152537145,0.9086837736847757,0.8409321763002219,0.8408964152537145,0.8409236271590931,0.9053026230430071
0.41751823871399,0.41751823871399,0.4329516948141194,0.7634722995254153,0.9052867082977132,0.5859221921647039,0.41751823871399,0.6168588365641613,0.41751823871399,0.5885139586604314,0.41764843206150903,0.6155599159495632,0.41751823871399,0.5856986170607004,0.45683170169766235,0.583102180683871,0.5877325719706596,0.4558270434363859,0.41751823871399,0.5837700529388626,0.6099667167924158,0.41751823871399,0.5796641044801297,0.41751823871399,0.6263168725595145,0.41751823871399,0.5845726965363961,0.4175945552938318,0.6170903735320996,0.41751823871399,0.5839247730909692,0.6152915577739158,0.41762420131913264,0.41751823871399,0.5859979471707791,0.6139293714671,0.41751823871399,0.5835610295424455,0.6141373311817039,0.41751823871399,0.4175945552938318,0.5820117332322804,0.457262744645521,0.5852230783717777,0.5826569284441844,0.41751823871399,0.6223288746358838,0.41751823871399,0.6153744564134946,0.41751823871399,0.5834899077497635,0.5849641852458983,0.4577533142399859,0.41751823871399,0.5890061507025254,0.41751823871399,0.6167248321344445,0.5845814814589505,0.4175950708959896,0.6205274339575939,0.41751823871399,0.5841495963690135,0.4584021235461681,0.5832508538880559,0.5885388822021929,0.41751823871399,0.4592343870139719,0.5812794760348435,0.5859158478237643,0.4584294776896866,0.5963150884833478,0.41751823871399,0.41751823871399,0.6139510735829565,0.593076158885201,0.41751823871399,0.5802255570956297,0.4572578221460936,0.41751823871399,0.598025744099964,0.41751823871399,0.41751823871399,0.41751823871399,0.6137709320813245,0.41751823871399,0.41751823871399,0.41751823871399,0.5888161517475574,0.41751823871399,0.41751823871399,0.6125427337791403,0.41751823871399,0.41751823871399,0.41751823871399,0.5827285005961964,0.41761801450720276,0.41751823871399,0.45674441019590895,0.580740581562497,0.41751823871399,0.4175950708959896,0.41751823871399,0.5829806371698022,0.41751823871399,0.41751823871399,0.5862080085151539,0.41751823871399,0.41751823871399,0.41751823871399,0.551508252811958,0.41751823871399,0.45839183608300293,0.41751823871399,0.5887235530781287,0.41751823871399,0.41751823871399,0.5901144059716732,0.41751823871399,0.4577771963447977,0.41751823871399,0.594528297854046,0.41761853007858374,0.41751823871399,0.4175945552938318,0.585962496213876
0.0,0.0,0.11552294666996574,0.6575105266915725,0.8408964152537145,0.41751823871399,0.0,0.46203957457278994,0.0,0.4213237036293098,0.010508327480756557,0.4602061759211954,0.0,0.41718923970213045,0.18712771102463166,0.4133598659327396,0.42017802008929017,0.1846073647688006,0.0,0.4143464117208021,0.4522786360796594,0.0,0.4082641607452608,0.0,0.4753075116334391,0.0,0.41553062711696637,0.008045142911949537,0.4623660895590074,0.0,0.4145748040413264,0.4598270423368317,0.00948001056160887,0.0,0.41762968859531335,0.4579006829915219,0.0,0.41403776817089977,0.4581949766895302,0.0,0.008045142911949537,0.41174680493702054,0.18820051228184712,0.4164890787048649,0.4127015672820947,0.0,0.4697302043174146,0.0,0.4599441735815232,0.0,0.41393272604930004,0.4161076736494047,0.18941538656999468,0.0,0.42204465576193306,0.0,0.4618505600855503,0.41554357988521734,0.008072276709447757,0.4672027578587279,0.0,0.4149065784734474,0.19101239647491292,0.41357957069945256,0.42136022421777924,0.0,0.19304514028967887,0.4106619791085596,0.4175089043875968,0.19107948728433408,0.432688195907766,0.0,0.0,0.4579313981389262,0.42798573645163995,0.0,0.4090983018979392,0.18818828931125356,0.0,0.4351630121435632,0.0,0.0,0.0,0.4576764182977117,0.0,0.0,0.0,0.421766414114401,0.0,0.0,0.45593648954816024,0.0,0.0,0.0,0.412807417880269,0.009199058715877303,0.0,0.18690983892620897,0.4098627758518134,0.0,0.008072276709447757,0.0,0.41318021311393344,0.0,0.0,0.41793865862079277,0.0,0.0,0.0,0.3652972157136343,0.0,0.19098715969388763,0.0,0.42163077967683454,0.0,0.0,0.4236660160553519,0.0,0.18947436639488419,0.0,0.4300967680434426,0.009222798283315735,0.0,0.008045142911949537,0.4175775352230861
0.46203957457278994,0.46203957457278994,0.47591959104066034,0.7841260707209385,0.9174745912090129,0.6168588365641613,0.46203957457278994,0.6458471446800924,0.46203957457278994,0.6192831643509539,0.4621563009678521,0.6446279689050568,0.46203957457278994,0.6166497443218015,0.4975532085404941,0.6142219608865105,0.6185521712318249,0.4966395135901575,0.46203957457278994,0.6148463698482327,0.6393800854248611,0.46203957457278994,0.6110085292731438,0.46203957457278994,0.6547293941224774,0.46203957457278994,0.6155968542949627,0.4621079963377244,0.6460644842725393,0.46203957457278994,0.614991029304157,0.6443761068530006,0.4621345761248033,0.46203957457278994,0.6169296856874968,0.6430977654406924,0.46203957457278994,0.6146509430364583,0.6432929128849496,0.46203957457278994,0.4621079963377244,0.6132025988526062,0.4979453147872397,0.6162050310829403,0.6138057159505494,0.46203957457278994,0.6509831527961947,0.46203957457278994,0.6444539089056943,0.46203957457278994,0.6145844488473757,0.615962931874332,0.4983916364721384,0.46203957457278994,0.6197436520537344,0.46203957457278994,0.6457213595281344,0.6156050687858402,0.46210845860920063,0.6492914021843135,0.46203957457278994,0.6152012388165683,0.498982032538021,0.6143609539461353,0.6193064817423954,0.46203957457278994,0.49973954448847424,0.6125181624323222,0.6168529031142332,0.49900692662939805,0.6265852027664969,0.46203957457278994,0.46203957457278994,0.6431181302997816,0.6235526134775122,0.46203957457278994,0.6115331921427535,0.49794083663780825,0.46203957457278994,0.6281873689087236,0.46203957457278994,0.46203957457278994,0.46203957457278994,0.6429490903211934,0.46203957457278994,0.46203957457278994,0.46203957457278994,0.6195658882967117,0.46203957457278994,0.46203957457278994,0.6417966689740209,0.46203957457278994,0.46203957457278994,0.46203957457278994,0.6138726236135968,0.4621290291770818,0.46203957457278994,0.4974738088106113,0.612014505128316,0.46203957457278994,0.46210845860920063,0.46203957457278994,0.6141083331860449,0.46203957457278994,0.46203957457278994,0.617126147228911,0.46203957457278994,0.46203957457278994,0.46203957457278994,0.5847539546115028,0.46203957457278994,0.49897267031782966,0.46203957457278994,0.6194792542193243,0.46203957457278994,0.46203957457278994,0.6207806274110393,0.46203957457278994,0.49841336627020766,0.46203957457278994,0.624912090483418,0.4621294914255111,0.46203957457278994,0.4621079963377244,0.6168965304401932
0.0,0.0,0.11552294666996574,0.6575105266915725,0.8408964152537145,0.41751823871399,0.0,0.46203957457278994,0.0,0.4213237036293098,0.010508327480756557,0.4602061759211954,0.0,0.41718923970213045,0.18712771102463166,0.4133598659327396,0.42017802008929017,0.1846073647688006,0.0,0.4143464117208021,0.4522786360796594,0.0,0.4082641607452608,0.0,0.4753075116334391,0.0,0.41553062711696637,0.008045142911949537,0.4623660895590074,0.0,0.4145748040413264,0.4598270423368317,0.00948001056160887,0.0,0.41762968859531335,0.4579006829915219,0.0,0.41403776817089977,0.4581949766895302,0.0,0.008045142911949537,0.41174680493702054,0.18820051228184712,0.4164890787048649,0.4127015672820947,0.0,0.4697302043174146,0.0,0.4599441735815232,0.0,0.41393272604930004,0.4161076736494047,0.18941538656999468,0.0,0.42204465576193306,0.0,0.4618505600855503,0.41554357988521734,0.008072276709447757,0.4672027578587279,0.0,0.4149065784734474,0.19101239647491292,0.41357957069945256,0.42136022421777924,0.0,0.19304514028967887,0.4106619791085596,0.4175089043875968,0.19107948728433408,0.432688195907766,0.0,0.0,0.4579313981389262,0.42798573645163995,0.0,0.4090983018979392,0.18818828931125356,0.0,0.4351630121435632,0.0,0.0,0.0,0.4576764182977117,0.0,0.0,0.0,0.421766414114401,0.0,0.0,0.45593648954816024,0.0,0.0,0.0,0.412807417880269,0.009199058715877303,0.0,0.18690983892620897,0.4098627758518134,0.0,0.008072276709447757,0.0,0.41318021311393344,0.0,0.0,0.41793865862079277,0.0,0.0,0.0,0.3652972157136343,0.0,0.19098715969388763,0.0,0.42163077967683454,0.0,0.0,0.4236660160553519,0.0,0.18947436639488419,0.0,0.4300967680434426,0.009222798283315735,0.0,0.008045142911949537,0.4175775352230861
0.4213237036293098,0.4213237036293098,0.43661362353973154,0.7651939545027968,0.9063100263960313,0.5885139586604314,0.4213237036293098,0.6192831643509539,0.4213237036293098,0.59109128042124,0.42145264665467924,0.6179910700298866,0.4213237036293098,0.5882916334758415,0.4602884464726388,0.5857097583059282,0.5903142400054524,0.4592920439749487,0.4213237036293098,0.5863738769742172,0.6124274564325863,0.4213237036293098,0.5822910944821076,0.4213237036293098,0.6286919778070311,0.4213237036293098,0.587172016945843,0.4213992872121696,0.6195134862337844,0.4213237036293098,0.5865277283653176,0.6177241242297664,0.4214286485613064,0.4213237036293098,0.5885892902905191,0.6163691180923926,0.4213237036293098,0.586166027731326,0.6165759804503552,0.4213237036293098,0.4213992872121696,0.5846254515107042,0.4607159568856731,0.5878187553924186,0.5852670116044425,0.4213237036293098,0.6247246330602129,0.4213237036293098,0.6178065864963137,0.4213237036293098,0.5860953055784625,0.5875613119351727,0.46120251305304294,0.4213237036293098,0.5915807385641956,0.4213237036293098,0.6191498634020383,0.5871807526208348,0.42139979786294507,0.6229325698174213,0.4213237036293098,0.5867512897847836,0.46184602566533745,0.5858575954486446,0.5911160654538031,0.4213237036293098,0.4626715135538276,0.5838973263652165,0.5885076497796601,0.46187315677980767,0.5988494168501795,0.4213237036293098,0.4213237036293098,0.6163907056709869,0.5956282507919077,0.4213237036293098,0.5828493666259547,0.4607110746954309,0.4213237036293098,0.6005507391017935,0.4213237036293098,0.4213237036293098,0.4213237036293098,0.6162115150441098,0.4213237036293098,0.4213237036293098,0.4213237036293098,0.5913917946184447,0.4213237036293098,0.4213237036293098,0.6149898084043529,0.4213237036293098,0.4213237036293098,0.4213237036293098,0.5853381808342372,0.42142252115529377,0.4213237036293098,0.4602018710496423,0.5833614771959684,0.4213237036293098,0.42139979786294507,0.4213237036293098,0.5855888984970636,0.4213237036293098,0.4213237036293098,0.5887981780244774,0.4213237036293098,0.4213237036293098,0.4213237036293098,0.554300337769772,0.4213237036293098,0.4618358220857925,0.4213237036293098,0.5912997102807424,0.4213237036293098,0.4213237036293098,0.5926828486756098,0.4213237036293098,0.4612261999629686,0.4213237036293098,0.5970724106654935,0.4214230317760856,0.4213237036293098,0.4213992872121696,0.588554037451422
0.010508327480756557,0.010508327480756557,0.11599985447593726,0.6575862395765223,0.840942839379646,0.41764843206150903,0.010508327480756557,0.4621563009678521,0.010508327480756557,0.42145264665467924,0.014861019194631593,0.460323411363979,0.010508327480756557,0.4173195421180257,0.18742234990894038,0.4134914494673519,0.420307337377799,0.18490602943407225,0.010508327480756557,0.41447766314264217,0.45239811383736706,0.010508327480756557,0.4083974830437899,0.010508327480756557,0.4754206551181782,0.010508327480756557,0.4156614817815268,0.013234397252477045,0.46248272566288495,0.010508327480756557,0.41470597878224347,0.459944383485637,0.014152580864725308,0.010508327480756557,0.41775984503086483,0.4580185635731791,0.010508327480756557,0.4141691233399393,0.45831277460605346,0.010508327480756557,0.013234397252477045,0.4118789346245037,0.18849347008820888,0.4166196137568313,0.4128333732336088,0.010508327480756557,0.46984483279034994,0.010508327480756557,0.4600614820569033,0.010508327480756557,0.4140641165592991,0.4162383357270341,0.18970646352288345,0.010508327480756557,0.42217336421608437,0.010508327480756557,0.46196733879922636,0.4156744302215,0.013250909293855249,0.4673180692404126,0.010508327480756557,0.41503764196081994,0.1913010371307607,0.4137110801470954,0.42148915534321746,0.010508327480756557,0.19333073786584937,0.4107944783027927,0.417639100827438,0.19136802647652085,0.43281352355206765,0.010508327480756557,0.010508327480756557,0.4580492700885869,0.4281125391147175,0.010508327480756557,0.40923133685658686,0.18848126616370536,0.010508327480756557,0.4352875749961696,0.010508327480756557,0.010508327480756557,0.010508327480756557,0.457794361935868,0.010508327480756557,0.010508327480756557,0.010508327480756557,0.4218952130120669,0.010508327480756557,0.010508327480756557,0.4560549242353732,0.010508327480756557,0.010508327480756557,0.010508327480756557,0.4129391880247409,0.013965945258937369,0.010508327480756557,0.18720482155896823,0.4099955484103099,0.010508327480756557,0.013250909293855249,0.010508327480756557,0.41331185728297765,0.010508327480756557,0.010508327480756557,0.4180687128196966,0.010508327480756557,0.010508327480756557,0.010508327480756557,0.36544697613802707,0.010508327480756557,0.19127583853449884,0.010508327480756557,0.4217596227021782,0.010508327480756557,0.010508327480756557,0.42379419961888487,0.010508327480756557,0.18976535264607008,0.010508327480756557,0.4302229049582791,0.013981593378285915,0.010508327480756557,0.013234397252477045,0.41770770892949555
0.4602061759211954,0.4602061759211954,0.47414520356206885,0.783254810080512,0.9169646646707073,0.6155599159495632,0.4602061759211954,0.6446279689050568,0.4602061759211954,0.6179910700298866,0.460323411363979,0.6434055159964039,0.4602061759211954,0.6153502334997011,0.4958651757272462,0.6129155799559566,0.6172580218766656,0.4949479610386124,0.4602061759211954,0.6135417588985668,0.6381434544596196,0.4602061759211954,0.6096930056156182,0.4602061759211954,0.6535339128924473,0.4602061759211954,0.6142943679152612,0.4602748961029253,0.6448458920575844,0.4602061759211954,0.6136868281120238,0.6431529761697664,0.4603015917951363,0.4602061759211954,0.6156309650068708,0.6418711905616109,0.4602061759211954,0.6133457783475016,0.6420668642314888,0.4602061759211954,0.4602748961029253,0.6118933238259584,0.49625878917735006,0.6149042641870828,0.6124981539339891,0.4602061759211954,0.6497777159837183,0.4602061759211954,0.6432309876203736,0.4602061759211954,0.6132790957008323,0.6146614807348083,0.4967068240827904,0.4602061759211954,0.6184528508649364,0.4602061759211954,0.6445018459289629,0.6143026056440052,0.46027536039030453,0.648081451603027,0.4602061759211954,0.6138976328553062,0.4972994825243691,0.6130549671953597,0.618014452927315,0.4602061759211954,0.49805989078859547,0.6112069410106175,0.6155539657544159,0.4973244719121439,0.625313486315761,0.4602061759211954,0.4602061759211954,0.6418916103431798,0.6222724666613731,0.4602061759211954,0.6102191651328059,0.4962542938255684,0.4602061759211954,0.6269200880617084,0.4602061759211954,0.4602061759211954,0.4602061759211954,0.6417221144233214,0.4602061759211954,0.4602061759211954,0.4602061759211954,0.6182745880461712,0.4602061759211954,0.4602061759211954,0.6405665814787622,0.4602061759211954,0.4602061759211954,0.4602061759211954,0.6125652515097765,0.4602960206600801,0.4602061759211954,0.4957854705569604,0.6107018497607781,0.4602061759211954,0.46027536039030453,0.4602061759211954,0.6128016299329894,0.4602061759211954,0.4602061759211954,0.61582798081686,0.4602061759211954,0.4602061759211954,0.4602061759211954,0.5833614358514803,0.4602061759211954,0.49729008446289097,0.4602061759211954,0.6181877106888828,0.4602061759211954,0.4602061759211954,0.6194927342061207,0.4602061759211954,0.4967286372268632,0.4602061759211954,0.6236357285651278,0.46029648492415165,0.4602061759211954,0.4602748961029253,0.6155977161998393
0.0,0.0,0.11552294666996574,0.6575105266915725,0.8408964152537145,0.41751823871399,0.0,0.46203957457278994,0.0,0.4213237036293098,0.010508327480756557,0.4602061759211954,0.0,0.41718923970213045,0.18712771102463166,0.4133598659327396,0.42017802008929017,0.1846073647688006,0.0,0.4143464117208021,0.4522786360796594,0.0,0.4082641607452608,0.0,0.4753075116334391,0.0,0.41553062711696637,0.008045142911949537,0.4623660895590074,0.0,0.4145748040413264,0.4598270423368317,0.00948001056160887,0.0,0.41762968859531335,0.4579006829915219,0.0,0.41403776817089977,0.4581949766895302,0.0,0.008045142911949537,0.41174680493702054,0.18820051228184712,0.4164890787048649,0.4127015672820947,0.0,0.4697302043174146,0.0,0.4599441735815232,0.0,0.41393272604930004,0.4161076736494047,0.18941538656999468,0.0,0.42204465576193306,0.0,0.4618505600855503,0.41554357988521734,0.008072276709447757,0.4672027578587279,0.0,0.4149065784734474,0.19101239647491292,0.41357957069945256,0.42136022421777924,0.0,0.19304514028967887,0.4106619791085596,0.4175089043875968,0.19107948728433408,0.432688195907766,0.0,0.0,0.4579313981389262,0.42798573645163995,0.0,0.4090983018979392,0.18818828931125356,0.0,0.4351630121435632,0.0,0.0,0.0,0.4576764182977117,0.0,0.0,0.0,0.421766414114401,0.0,0.0,0.45593648954816024,0.0,0.0,0.0,0.412807417880269,0.009199058715877303,0.0,0.18690983892620897,0.4098627758518134,0.0,0.008072276709447757,0.0,0.41318021311393344,0.0,0.0,0.41793865862079277,0.0,0.0,0.0,0.3652972157136343,0.0,0.19098715969388763,0.0,0.42163077967683454,0.0,0.0,0.4236660160553519,0.0,0.18947436639488419,0.0,0.4300967680434426,0.009222798283315735,0.0,0.008045142911949537,0.4175775352230861
0.41718923970213045,0.41718923970213045,0.4326352099006694,0.763323865916066,0.9051984251640547,0.5856986170607004,0.41718923970213045,0.6166497443218015,0.41718923970213045,0.5882916334758415,0.4173195421180257,0.6153502334997011,0.41718923970213045,0.5854749337951914,0.4565330822141501,0.5828772373138441,0.5875098707081827,0.455527705636146,0.41718923970213045,0.5835454344079395,0.609754476114323,0.41718923970213045,0.5794374810381243,0.41718923970213045,0.6261120355510766,0.41718923970213045,0.5843484677450256,0.4172656202230553,0.6168813863449853,0.41718923970213045,0.5837002297425439,0.6150817532062736,0.41729529108124097,0.41718923970213045,0.5857744087033603,0.6137189460693554,0.41718923970213045,0.5833363093998234,0.6139270006678537,0.41718923970213045,0.4172656202230553,0.5817862584295632,0.45696443250753627,0.5849991648689288,0.5824317682387367,0.41718923970213045,0.6221222523089625,0.41718923970213045,0.6151646895759286,0.41718923970213045,0.5832651530220104,0.5847401462935833,0.45745535127779957,0.41718923970213045,0.5887840620744842,0.41718923970213045,0.61651567906943,0.5843572569293656,0.4172661362571327,0.6203200009590403,0.41718923970213045,0.5839251622210863,0.4581046213911505,0.5830259828721851,0.5883165690024946,0.41718923970213045,0.4589374743023899,0.581053643620746,0.5856922696512329,0.4581319949375957,0.5960964829980954,0.41718923970213045,0.41718923970213045,0.6137406580888001,0.5928560166378286,0.41718923970213045,0.5799992089241948,0.4569595065010821,0.41718923970213045,0.5978079460068074,0.41718923970213045,0.41718923970213045,0.41718923970213045,0.6135604343685812,0.41718923970213045,0.41718923970213045,0.41718923970213045,0.5885939718329659,0.41718923970213045,0.41718923970213045,0.6123316747460915,0.41718923970213045,0.41718923970213045,0.41718923970213045,0.5825033752608239,0.4172890990872158,0.41718923970213045,0.45644572840955994,0.5805144855853387,0.41718923970213045,0.4172661362571327,0.41718923970213045,0.5827556346305415,0.41718923970213045,0.41718923970213045,0.5859845716049662,0.41718923970213045,0.41718923970213045,0.41718923970213045,0.5512673336687594,0.41718923970213045,0.4580943266303278,0.41718923970213045,0.5885013286598828,0.41718923970213045,0.41718923970213045,0.5898928490541409,0.41718923970213045,0.4574792503646832,0.41718923970213045,0.594308845913178,0.41728961509044626,0.41718923970213045,0.4172656202230553,0.5857389406024633
0.18712771102463166,0.18712771102463166,0.21988867295165648,0.6809040312847645,0.855238991556384,0.45683170169766235,0.18712771102463166,0.4975532085404941,0.18712771102463166,0.4602884464726388,0.18742234990894038,0.4958651757272462,0.18712771102463166,0.4565330822141501,0.26455738621262903,0.45306006381337754,0.45924723510201265,0.26278397627122213,0.18712771102463166,0.45395431483838433,0.48857636186120684,0.18712771102463166,0.4484465839437822,0.18712771102463166,0.509794228138833,0.18712771102463166,0.45502819208863354,0.18730046660628885,0.49785392561984276,0.18712771102463166,0.45416138886873963,0.4955162112117466,0.1873675414160369,0.18712771102463166,0.4569328687879468,0.49374371883292806,0.18712771102463166,0.4536745092688447,0.4940144430410821,0.18712771102463166,0.18730046660628885,0.451598649268963,0.2653158860361719,0.4558976973279647,0.4524635417034839,0.18712771102463166,0.5046433386844213,0.18712771102463166,0.4956240179018137,0.18712771102463166,0.45357928932392805,0.45555164941897536,0.26617742363612096,0.18712771102463166,0.4609438816410999,0.18712771102463166,0.4973791405501665,0.4550399406922097,0.18730163333045843,0.5023116129819369,0.18712771102463166,0.4544622276959145,0.26731409417739066,0.45325918486813893,0.4603216440629419,0.18712771102463166,0.2687676096039892,0.45061632966634385,0.45682322878482934,0.2673619481033813,0.4706398602268687,0.18712771102463166,0.18712771102463166,0.49377197299049413,0.4663515673382356,0.18712771102463166,0.4492011485780898,0.26530723194918715,0.18712771102463166,0.4728994756225105,0.18712771102463166,0.18712771102463166,0.18712771102463166,0.4935374304310706,0.18712771102463166,0.18712771102463166,0.18712771102463166,0.46069090485367586,0.18712771102463166,0.18712771102463166,0.49193742047519634,0.18712771102463166,0.18712771102463166,0.18712771102463166,0.45255944867370246,0.18735354518253894,0.18712771102463166,0.26440360833339693,0.44989291348639776,0.18712771102463166,0.18730163333045843,0.18712771102463166,0.4528972549432672,0.18712771102463166,0.18712771102463166,0.45721335427759513,0.18712771102463166,0.18712771102463166,0.18712771102463166,0.4099558888639893,0.18712771102463166,0.2672960956360942,0.18712771102463166,0.46056759562047417,0.18712771102463166,0.18712771102463166,0.4624185298254833,0.18712771102463166,0.26621931916750424,0.18712771102463166,0.4682758092670734,0.18735471157536443,0.18712771102463166,0.18730046660628885,0.45688552675537036
0.4133598659327396,0.4133598659327396,0.42895274384511684,0.7616010446824972,0.9041730987928626,0.583102180683871,0.4133598659327396,0.6142219608865105,0.4133598659327396,0.5857097583059282,0.4134914494673519,0.6129155799559566,0.4133598659327396,0.5828772373138441,0.45306006381337754,0.5802648597149304,0.5849236144572716,0.4520462721414814,0.4133598659327396,0.5809368415281665,0.607290041638362,0.4133598659327396,0.576805527580549,0.4133598659327396,0.6237337767605311,0.4133598659327396,0.5817444156408854,0.4134369975081095,0.6144548257445195,0.4133598659327396,0.5810925128073301,0.6126456781627126,0.4134669600531331,0.4133598659327396,0.5831783991485845,0.6112756441577372,0.4133598659327396,0.5807265326446289,0.6114848032838016,0.4133598659327396,0.4134369975081095,0.5791676889100851,0.4534950145102311,0.5823987860451353,0.5798168642345793,0.4133598659327396,0.6197232165230993,0.4133598659327396,0.6127290537266331,0.4133598659327396,0.5806549733145676,0.5821383059249693,0.4539900235926172,0.4133598659327396,0.5862049425932616,0.4133598659327396,0.6140871876597794,0.5817532544777976,0.4134375186155178,0.6179115301193712,0.4133598659327396,0.5813187175637097,0.4546446915061517,0.5804144482824433,0.5857348334476622,0.4133598659327396,0.45548444873295457,0.578430907320299,0.5830957975255188,0.45467229232991674,0.5935579345778362,0.4133598659327396,0.4133598659327396,0.611297471463486,0.5902995693475158,0.4133598659327396,0.5773704630067027,0.4534900474211891,0.4133598659327396,0.5952788007119787,0.4133598659327396,0.4133598659327396,0.4133598659327396,0.6111162906460096,0.4133598659327396,0.4133598659327396,0.4133598659327396,0.5860137889435393,0.4133598659327396,0.4133598659327396,0.6098809966337795,0.4133598659327396,0.4133598659327396,0.4133598659327396,0.5798888775392168,0.4134607071903199,0.4133598659327396,0.4529719801500111,0.577888678266307,0.4133598659327396,0.4134375186155178,0.4133598659327396,0.5801425676391088,0.4133598659327396,0.4133598659327396,0.5833897452029958,0.4133598659327396,0.4133598659327396,0.4133598659327396,0.5484687231263382,0.4133598659327396,0.4546343112637001,0.4133598659327396,0.5859206273397408,0.4133598659327396,0.4133598659327396,0.5873199234135428,0.4133598659327396,0.4540141216076885,0.4133598659327396,0.5917604389226591,0.4134612282660496,0.4133598659327396,0.4134369975081095,0.583142731317546
0.42017802008929017,0.42017802008929017,0.43551092036197536,0.7646747117867415,0.9060015278677278,0.5877325719706596,0.42017802008929017,0.6185521712318249,0.42017802008929017,0.5903142400054524,0.420307337377799,0.6172580218766656,0.42017802008929017,0.5875098707081827,0.45924723510201265,0.5849236144572716,0.5895358918172704,0.4582483572850648,0.42017802008929017,0.5855888624591103,0.6116855021634111,0.42017802008929017,0.581499110307965,0.42017802008929017,0.6279758043003227,0.42017802008929017,0.5863883574463655,0.4202538230823196,0.6187828589169059,0.42017802008929017,0.5857429752345602,0.6169906508909851,0.42028326964463825,0.42017802008929017,0.5878080309872052,0.6156334832448206,0.42017802008929017,0.5853806599495948,0.6158406759463471,0.42017802008929017,0.4202538230823196,0.5838374601677428,0.45967580470091884,0.5870361921026396,0.5844801139280944,0.42017802008929017,0.6240022411436938,0.42017802008929017,0.6170732445243092,0.42017802008929017,0.5853098175577495,0.5867783124726631,0.4601635642644429,0.42017802008929017,0.5908045207751591,0.42017802008929017,0.6184186585001565,0.5863971079386945,0.4202543352152099,0.6222073546077489,0.42017802008929017,0.5859669163111462,0.46080866508471996,0.5850717031427283,0.5903390667150705,0.42017802008929017,0.4616361846794857,0.5831080918642775,0.5877262524205501,0.46083586307505564,0.5980853139792017,0.42017802008929017,0.42017802008929017,0.6156551053031691,0.5948588022986936,0.42017802008929017,0.582058339287789,0.45967091042438046,0.42017802008929017,0.5997894450697889,0.42017802008929017,0.42017802008929017,0.42017802008929017,0.6154756284298513,0.42017802008929017,0.42017802008929017,0.42017802008929017,0.5906152593775719,0.42017802008929017,0.42017802008929017,0.6142519675969699,0.42017802008929017,0.42017802008929017,0.42017802008929017,0.5845514043824688,0.4202771244564199,0.42017802008929017,0.459160444973954,0.5825713265048389,0.42017802008929017,0.4202543352152099,0.42017802008929017,0.5848025489450788,0.42017802008929017,0.42017802008929017,0.5880172718410617,0.42017802008929017,0.42017802008929017,0.42017802008929017,0.5534587001827481,0.42017802008929017,0.4607984363524615,0.42017802008929017,0.5905230202780822,0.42017802008929017,0.42017802008929017,0.5919084799847822,0.42017802008929017,0.4601873097026623,0.42017802008929017,0.596305363299742,0.42027763655909073,0.42017802008929017,0.4202538230823196,0.587772718537889
0.1846073647688006,0.1846073647688006,0.2177490368619497,0.6802936711549428,0.8548649864859043,0.4558270434363859,0.1846073647688006,0.4966395135901575,0.1846073647688006,0.4592920439749487,0.18490602943407225,0.4949479610386124,0.1846073647688006,0.455527705636146,0.26278397627122213,0.4520462721414814,0.4582483572850648,0.2609984005353565,0.1846073647688006,0.45294270072475884,0.48764371856605626,0.1846073647688006,0.44742143681850355,0.1846073647688006,0.5089054853803668,0.1846073647688006,0.4540191830039106,0.18478248234811206,0.4969408556364605,0.1846073647688006,0.4531502779197629,0.4945982664284341,0.18485047304331853,0.1846073647688006,0.4559284536936467,0.4928220525319883,0.1846073647688006,0.45266221462130285,0.4930933465800363,0.1846073647688006,0.18478248234811206,0.4505812826475974,0.26354763004727055,0.4548907896184136,0.4514482932575298,0.1846073647688006,0.5037442162525786,0.1846073647688006,0.4947062987594592,0.1846073647688006,0.4525667629174348,0.45454390624072344,0.26441498626951476,0.1846073647688006,0.4599490323437812,0.1846073647688006,0.4964650835581246,0.454030960047801,0.18478366500923446,0.5014077351793842,0.1846073647688006,0.45345184703160446,0.2655592765127151,0.4522458787218868,0.4593253203269269,0.1846073647688006,0.2670224422098718,0.44959654860207676,0.45581855015363754,0.2656074498148507,0.46966754905541397,0.1846073647688006,0.1846073647688006,0.49285036618511824,0.4653693879827149,0.1846073647688006,0.4481778727782968,0.26353891732182244,0.1846073647688006,0.471932302348891,0.1846073647688006,0.1846073647688006,0.1846073647688006,0.49261532957202686,0.1846073647688006,0.1846073647688006,0.1846073647688006,0.4596954565269856,0.1846073647688006,0.1846073647688006,0.49101193885318334,0.1846073647688006,0.1846073647688006,0.1846073647688006,0.45154443467114075,0.18483628575070676,0.1846073647688006,0.2626291498930819,0.44887134839707893,0.1846073647688006,0.18478366500923446,0.1846073647688006,0.4518830660085389,0.1846073647688006,0.1846073647688006,0.4562096128709677,0.1846073647688006,0.1846073647688006,0.1846073647688006,0.40882714031182993,0.1846073647688006,0.2655411578200736,0.1846073647688006,0.45957185509953713,0.1846073647688006,0.1846073647688006,0.46142716103471665,0.1846073647688006,0.2644571637978628,0.1846073647688006,0.46729807720800176,0.18483746806677923,0.1846073647688006,0.18478248234811206,0.4558809978806617
