0.0,0.0,0.04344667172721761,0.8408964121211313,0.4772711887564513,0.7187786268516513,0.0060240796521240925,0.04954189061063922,0.4070667696759659,0.3457767255088775,0.012849262267581579,0.40703268303640816,0.0,0.34241284170742936,0.2109321457766485,0.3442909423962079,0.0,0.33879494276895045,0.20792681256126525,0.3431700736825261,0.34286117569123475,0.20812178422901706,0.009055259848506808,0.32855326131968976,0.4001678349885652,0.0,0.343024935670718,0.0,0.0,0.40229258572378357,0.331034281266408,0.010380777031032077,0.40110793695543556,0.013994737994110553,0.3330692290444551,0.4036828139095454,0.0,0.0,0.40956857070803904,0.3465333742904882,0.0,0.0,0.4074135386038543,0.34572186100552194,0.032320900015611116,0.34827449437862595,0.4087256547613285,0.0,0.0,0.40658081268987173,0.3460509291286593,0.0,0.4068472957402643,0.0,0.3462182188588394,0.0,0.4091957277722954,0.0,0.3459993775937024,0.00908580042251821,0.4087012370493358,0.3460992012071808,0.0,0.21507222987132102,0.34614542211055815,0.3459519112630944,0.21726245310873044,0.3457898263064155,0.0,0.3347542447582833,0.2152149690392129,0.3421975662908223,0.34618877466241627,0.21432989981529635,0.005020832661585966,0.3461413319918774,0.346034564320018,0.21185681108375717,0.0,0.0,0.3483956820573343,0.0,0.0,0.3459944675587577,0.21027713871831213,0.0,0.0,0.3457378298511792,0.010354056850828025,0.0,0.0,0.4065182571288863,0.0,0.0,0.0,0.3466375511595979,0.0,0.21048513853771048,0.3470911033208632,0.0,0.0,0.010380777031032077,0.3454564340404875,0.0,0.0,0.2136286039124602,0.342925945740798,0.0,0.0,0.0,0.3459866932069329,0.215077398531198,0.0,0.3468205066309963,0.0,0.0,0.34583690356461677,0.0,0.0,0.21330576441217797,0.34550601090419136,0.00908580042251821,0.0,0.0,0.0
0.0,0.0,0.04344667172721761,0.8408964121211313,0.4772711887564513,0.7187786268516513,0.0060240796521240925,0.04954189061063922,0.4070667696759659,0.3457767255088775,0.012849262267581579,0.40703268303640816,0.0,0.34241284170742936,0.2109321457766485,0.3442909423962079,0.0,0.33879494276895045,0.20792681256126525,0.3431700736825261,0.34286117569123475,0.20812178422901706,0.009055259848506808,0.32855326131968976,0.4001678349885652,0.0,0.343024935670718,0.0,0.0,0.40229258572378357,0.331034281266408,0.010380777031032077,0.40110793695543556,0.013994737994110553,0.3330692290444551,0.4036828139095454,0.0,0.0,0.40956857070803904,0.3465333742904882,0.0,0.0,0.4074135386038543,0.34572186100552194,0.032320900015611116,0.34827449437862595,0.4087256547613285,0.0,0.0,0.40658081268987173,0.3460509291286593,0.0,0.4068472957402643,0.0,0.3462182188588394,0.0,0.4091957277722954,0.0,0.3459993775937024,0.00908580042251821,0.4087012370493358,0.3460992012071808,0.0,0.21507222987132102,0.34614542211055815,0.3459519112630944,0.21726245310873044,0.3457898263064155,0.0,0.3347542447582833,0.2152149690392129,0.3421975662908223,0.34618877466241627,0.21432989981529635,0.005020832661585966,0.3461413319918774,0.346034564320018,0.21185681108375717,0.0,0.0,0.3483956820573343,0.0,0.0,0.3459944675587577,0.21027713871831213,0.0,0.0,0.3457378298511792,0.010354056850828025,0.0,0.0,0.4065182571288863,0.0,0.0,0.0,0.3466375511595979,0.0,0.21048513853771048,0.3470911033208632,0.0,0.0,0.010380777031032077,0.3454564340404875,0.0,0.0,0.2136286039124602,0.342925945740798,0.0,0.0,0.0,0.3459866932069329,0.215077398531198,0.0,0.3468205066309963,0.0,0.0,0.34583690356461677,0.0,0.0,0.21330576441217797,0.34550601090419136,0.00908580042251821,0.0,0.0,0.0
0.04344667172721761,0.04344667172721761,0.06144281766470364,0.8416889332408406,0.47919241568064647,0.7199013616792722,0.04386231588163969,0.06589387036158749,0.40934652558712054,0.3484758297778655,0.04530691454203413,0.40931263961147973,0.04344667172721761,0.34513901459354973,0.21535560100261222,0.3470019408163304,0.04344667172721761,0.3415507959946669,0.21241311332186272,0.3458901094595269,0.34558371188319187,0.21260395486222533,0.04438029813648183,0.33139649433911667,0.40248883829935883,0.04344667172721761,0.34574614575536583,0.04344667172721761,0.04344667172721761,0.4046007480390595,0.33385587521348226,0.0446696050238397,0.4034232433978717,0.0456449952410328,0.33587330346105004,0.4059826411690927,0.04344667172721761,0.04344667172721761,0.41183368172705226,0.349226458417017,0.04344667172721761,0.04344667172721761,0.4096912548638424,0.3484214027627371,0.054150262888779964,0.3509538194858401,0.41099568179758983,0.04344667172721761,0.04344667172721761,0.4088634322627366,0.3487478488701352,0.04344667172721761,0.40912834420333977,0.04344667172721761,0.34891380744171463,0.04344667172721761,0.4114630110015962,0.04344667172721761,0.34869670778651807,0.04438653962980901,0.41097140676789184,0.34879573671300473,0.04344667172721761,0.21941188314811577,0.3488415898025874,0.34864961948325557,0.22155901839690237,0.34848882612937104,0.04344667172721761,0.3375439655808604,0.2195517884734541,0.34492548860515354,0.3488845974506074,0.2186843494469115,0.0437358205645085,0.3488375322282508,0.3487316143449473,0.21626127590816252,0.04344667172721761,0.04344667172721761,0.35107405432710953,0.04344667172721761,0.04344667172721761,0.34869183685111366,0.21471414355399865,0.04344667172721761,0.04344667172721761,0.34843724425966155,0.044663403087994775,0.04344667172721761,0.04344667172721761,0.4088012457834812,0.04344667172721761,0.04344667172721761,0.04344667172721761,0.349329808366745,0.04344667172721761,0.21491783184481925,0.3497797658569331,0.04344667172721761,0.04344667172721761,0.0446696050238397,0.34815809416104293,0.04344667172721761,0.04344667172721761,0.2179971230294667,0.3456479572898931,0.04344667172721761,0.04344667172721761,0.04344667172721761,0.3486841244100725,0.2194169491298011,0.04344667172721761,0.34951131273805686,0.04344667172721761,0.04344667172721761,0.34853552812614047,0.04344667172721761,0.04344667172721761,0.21768079034327936,0.3482072751198293,0.04438653962980901,0.04344667172721761,0.04344667172721761,0.04344667172721761
0.8408964121211313,0.8408964121211313,0.8416889332408406,1.0,0.9217308694001095,0.9852650209271037,0.8409116695764958,0.8419264624775171,0.9024973385013009,0.8868919496908828,0.8409658210147006,0.9024882938858826,0.8408964121211313,0.8860787660288726,0.8589920849650858,0.8865321583363188,0.8408964121211313,0.8852098270908211,0.8584965748666658,0.8862613804025296,0.88618685552781,0.8585285338556047,0.8409308858004008,0.8827825976636443,0.9006740688062611,0.8408964121211313,0.8862263590380103,0.8408964121211313,0.8408964121211313,0.9012340198423586,0.8833660911422869,0.8409417161824922,0.9009216442135607,0.840978745940588,0.8838468400231873,0.9016011663618249,0.8408964121211313,0.8408964121211313,0.9031621265533627,0.8870755506162098,0.8408964121211313,0.8408964121211313,0.9025893708439368,0.8868786465998287,0.8413352854459714,0.8874989857886214,0.902937934124149,0.8408964121211313,0.8408964121211313,0.9023684270514076,0.8869584561684223,0.8408964121211313,0.9024391090295725,0.8408964121211313,0.8869990475461076,0.8408964121211313,0.9030629344756735,0.8408964121211313,0.8869459501222724,0.8409311187162464,0.9029314428461298,0.8869701677002274,0.8408964121211313,0.8596847541585042,0.8869813825458549,0.8869344361517502,0.860055881859667,0.8868951264599025,0.8408964121211313,0.8842463815398801,0.8597088424765651,0.8860268968942892,0.8869919022798617,0.8595597021602027,0.8409070108995763,0.886980390098797,0.8869544860523534,0.8591457801228111,0.8408964121211313,0.8408964121211313,0.8875285074728592,0.8408964121211313,0.8408964121211313,0.8869447590426677,0.8588835638632721,0.8408964121211313,0.8408964121211313,0.8868825184567467,0.840941483275452,0.8408964121211313,0.8408964121211313,0.9023518379408018,0.8408964121211313,0.8408964121211313,0.8408964121211313,0.8871008488327816,0.8408964121211313,0.8589179934409512,0.8872110444408398,0.8408964121211313,0.8408964121211313,0.8409417161824922,0.8868143067855841,0.8408964121211313,0.8408964121211313,0.8594419049449783,0.8862024784542597,0.8408964121211313,0.8408964121211313,0.8408964121211313,0.8869428731568132,0.8596856261691416,0.8408964121211313,0.8871452890862612,0.8408964121211313,0.8408964121211313,0.8869065426917994,0.8408964121211313,0.8408964121211313,0.8593877892486821,0.8868263219191748,0.8409311187162464,0.8408964121211313,0.8408964121211313,0.8408964121211313
0.4772711887564513,0.4772711887564513,0.47919241568064647,0.9217308694001095,0.6660321750764031,0.835519445118666,0.4773082054400388,0.47976762735097916,0.6212776467299232,0.5852966640217191,0.4774395748296205,0.6212567552568885,0.4772711887564513,0.583421746556917,0.5204660567454256,0.5844671513211088,0.4772711887564513,0.5814178846540393,0.5192993241580904,0.5838428205645855,0.5836709824992192,0.5193745978466384,0.4773548249755896,0.5758177981988082,0.6170678520254571,0.4772711887564513,0.5837620693166746,0.4772711887564513,0.4772711887564513,0.6183604025134822,0.5771644305254914,0.4773810992154402,0.6176393026677828,0.4774709280462347,0.5782737397960239,0.619208052929146,0.4772711887564513,0.4772711887564513,0.6228134315572827,0.5857199397263891,0.4772711887564513,0.4772711887564513,0.621490230192499,0.5852659943249852,0.4783354901543421,0.5866960760305502,0.6222954511228542,0.4772711887564513,0.4772711887564513,0.6209798920281306,0.585449990590032,0.4772711887564513,0.6211431483834404,0.4772711887564513,0.5855435705101346,0.4772711887564513,0.6225842485211747,0.4772711887564513,0.5854211588287722,0.4773553900298859,0.6222804543226873,0.5854769905930053,0.4772711887564513,0.5220957730755598,0.5855028454673223,0.5853946141612677,0.5229683756410913,0.585303987912204,0.4772711887564513,0.5791955358989329,0.5221524223633859,0.5833021429700518,0.5855270977691236,0.5218016564338523,0.47729690297367217,0.5855005574671972,0.5854408377897845,0.5208277964698632,0.4772711887564513,0.4772711887564513,0.5867641289700449,0.4772711887564513,0.4772711887564513,0.5854184128794273,0.5202105962518428,0.4772711887564513,0.4772711887564513,0.5852749207308101,0.4773805341949029,0.4772711887564513,0.4772711887564513,0.6209415763998178,0.4772711887564513,0.4772711887564513,0.4772711887564513,0.5857782613437404,0.4772711887564513,0.5202916479418536,0.5860322991425182,0.4772711887564513,0.4772711887564513,0.4773810992154402,0.5851176605299214,0.4772711887564513,0.4772711887564513,0.5215245600164636,0.583707005791826,0.4772711887564513,0.4772711887564513,0.4772711887564513,0.5854140651023514,0.522097823841669,0.4772711887564513,0.5858807116559085,0.4772711887564513,0.4772711887564513,0.585330307455725,0.4772711887564513,0.4772711887564513,0.5213972488016545,0.5851453612591433,0.4773553900298859,0.4772711887564513,0.4772711887564513,0.4772711887564513
0.7187786268516513,0.7187786268516513,0.7199013616792722,0.9852650209271037,0.835519445118666,0.9405849828278581,0.7188002401356086,0.7202378893832625,0.8070785921900561,0.7844140822785306,0.7188769499773969,0.8070653648953334,0.7187786268516513,0.7832406865049807,0.7444632371057431,0.783894833680312,0.7187786268516513,0.78198756654707,0.743758206864319,0.7835041348184838,0.7833966176086056,0.7438036757518554,0.7188274613761282,0.7784910569698447,0.804414520967934,0.7187786268516513,0.78345360872213,0.7187786268516513,0.7187786268516513,0.805232191810448,0.7793310915498294,0.7188428034721899,0.8047759897790667,0.7188952592678797,0.7800234475785655,0.8057685588854523,0.7187786268516513,0.7187786268516513,0.8080511381221593,0.7846791046166128,0.7187786268516513,0.7187786268516513,0.8072131916166364,0.784394881005567,0.7194003439811065,0.7852904518550412,0.8077230854232598,0.7187786268516513,0.7187786268516513,0.8068900768923363,0.7845100783845984,0.7187786268516513,0.8069934365975359,0.7187786268516513,0.7845686705927345,0.7187786268516513,0.8079059848139198,0.7187786268516513,0.7844920266905213,0.7188277913196315,0.807713588070144,0.7845269833914049,0.7187786268516513,0.7454489925288825,0.7845431715876551,0.7844754071362305,0.7459772514284762,0.7844186675559571,0.7187786268516513,0.7805990182068684,0.7454832774839478,0.7831658636593232,0.7845583565336198,0.7452710103655232,0.7187936407787028,0.7845417390235139,0.78450434775354,0.7446819443983421,0.7187786268516513,0.7187786268516513,0.7853330815464336,0.7187786268516513,0.7187786268516513,0.7844903074500413,0.7443088191245372,0.7187786268516513,0.7187786268516513,0.7844004695063409,0.7188424735405936,0.7187786268516513,0.7187786268516513,0.8068658193444908,0.7187786268516513,0.7187786268516513,0.7187786268516513,0.7847156245157465,0.7187786268516513,0.744357809402321,0.7848747078869674,0.7187786268516513,0.7187786268516513,0.7188428034721899,0.7843020174319119,0.7187786268516513,0.7187786268516513,0.7451033607425769,0.7834191563804135,0.7187786268516513,0.7187786268516513,0.7187786268516513,0.7844875853080695,0.7454502336584872,0.7187786268516513,0.7847797789840479,0.7187786268516513,0.7187786268516513,0.7844351455747144,0.7187786268516513,0.7187786268516513,0.7450263452846003,0.7843193589135161,0.7188277913196315,0.7187786268516513,0.7187786268516513,0.7187786268516513
0.0060240796521240925,0.0060240796521240925,0.04386231588163969,0.8409116695764958,0.4773082054400388,0.7188002401356086,0.00851933523462628,0.049906796636883924,0.407110725383189,0.3458288204425981,0.014191302860129335,0.40707664263210774,0.0060240796521240925,0.3424654629745126,0.21101806484806204,0.34434326858970293,0.0060240796521240925,0.33884814129363594,0.20801397779634725,0.3432225756064326,0.3429137262378401,0.2082088675342207,0.010875995001917962,0.3286081601779407,0.40021259010975757,0.0060240796521240925,0.34307746042990683,0.0060240796521240925,0.0060240796521240925,0.40233709194837436,0.33108875892503453,0.012002085971043288,0.40115258165151346,0.015236214322913843,0.3331233657487672,0.40372715858856567,0.0060240796521240925,0.0060240796521240925,0.40961224264094187,0.3465853521826044,0.0060240796521240925,0.0060240796521240925,0.4074574547869221,0.34577396444497677,0.03287750132722334,0.3483262047949223,0.4087694219486346,0.0060240796521240925,0.0060240796521240925,0.40662482388982846,0.346102981590831,0.0060240796521240925,0.40689127649473,0.0060240796521240925,0.3462702454410333,0.0060240796521240925,0.40923944179425914,0.0060240796521240925,0.3460514380358026,0.010901435959948092,0.4087450070013523,0.34615124619913096,0.0060240796521240925,0.21515648891872086,0.3461974599515791,0.34600397905476504,0.2173458593686339,0.3458419192094802,0.0060240796521240925,0.3348081021611249,0.21529917198456777,0.34225022157871027,0.3462408057979372,0.21441445182367816,0.007842085066676123,0.34619337046561516,0.34608661931513607,0.21194235380872536,0.0060240796521240925,0.0060240796521240925,0.3484473739515906,0.0060240796521240925,0.0060240796521240925,0.34604652876102654,0.21036332637259123,0.0060240796521240925,0.0060240796521240925,0.3457899308146909,0.011978982800035242,0.0060240796521240925,0.0060240796521240925,0.40656227548108237,0.0060240796521240925,0.0060240796521240925,0.0060240796521240925,0.3466895129754902,0.0060240796521240925,0.21057124072259203,0.34714299525370235,0.0060240796521240925,0.0060240796521240925,0.012002085971043288,0.3455085786660373,0.0060240796521240925,0.0060240796521240925,0.2137134345449748,0.342978486085189,0.0060240796521240925,0.0060240796521240925,0.0060240796521240925,0.34603875561286357,0.2151616555458238,0.0060240796521240925,0.3468724402361771,0.0060240796521240925,0.0060240796521240925,0.3458889891718052,0.0060240796521240925,0.0060240796521240925,0.21339072392008598,0.3455581478323375,0.010901435959948092,0.0060240796521240925,0.0060240796521240925,0.0060240796521240925
0.04954189061063922,0.04954189061063922,0.06589387036158749,0.8419264624775171,0.47976762735097916,0.7202378893832625,0.049906796636883924,0.07006270809086727,0.41002844328957017,0.34928208770056807,0.05118107008968848,0.40999461693858363,0.04954189061063922,0.3459532794342496,0.21666611295360363,0.3478117173389289,0.04954189061063922,0.3423738374820858,0.21374174417881053,0.3467025591528436,0.34639690112910704,0.21393139560454186,0.05036264886758707,0.33224535712428627,0.4031830097083229,0.04954189061063922,0.3465589427785438,0.04954189061063922,0.04954189061063922,0.40529110519005385,0.3346983459586593,0.05061777472615771,0.40411572268157936,0.05148058837830004,0.33671059786569324,0.40667052224178674,0.04954189061063922,0.04954189061063922,0.4125112475835038,0.35003093524565326,0.04954189061063922,0.04954189061063922,0.41037256650418236,0.34922779011418575,0.05915264167678947,0.3517542251786721,0.411674708555308,0.04954189061063922,0.04954189061063922,0.4095462008539096,0.3495534605015894,0.04954189061063922,0.40981064596865396,0.04954189061063922,0.3497190252428797,0.04954189061063922,0.4121412223859225,0.04954189061063922,0.3495024408509811,0.05036814904186261,0.4116504759257316,0.34960123466691934,0.04954189061063922,0.22069820232867307,0.34964697893696983,0.34945546438751635,0.22283288447942168,0.3492950531521337,0.04954189061063922,0.33837701826977806,0.22083728892057686,0.3457402708439125,0.34968988454307554,0.21997494281574917,0.04979565854918131,0.34964293099105653,0.34953726452113354,0.21756630870576454,0.04954189061063922,0.04954189061063922,0.351874178063155,0.04954189061063922,0.04954189061063922,0.3494975814832394,0.21602856372138934,0.04954189061063922,0.04954189061063922,0.34924359393567805,0.05061230167966339,0.04954189061063922,0.04954189061063922,0.40948412403936313,0.04954189061063922,0.04954189061063922,0.04954189061063922,0.35013404053710717,0.04954189061063922,0.2162310085092752,0.35058293445593897,0.04954189061063922,0.04954189061063922,0.05061777472615771,0.34896510821090987,0.04954189061063922,0.04954189061063922,0.21929177957484475,0.3464609913629005,0.04954189061063922,0.04954189061063922,0.04954189061063922,0.34948988735859465,0.22070323864603236,0.04954189061063922,0.3503151155701124,0.04954189061063922,0.04954189061063922,0.34934164412901336,0.04954189061063922,0.04954189061063922,0.21897732566999717,0.3490141720459796,0.05036814904186261,0.04954189061063922,0.04954189061063922,0.04954189061063922
0.4070667696759659,0.4070667696759659,0.40934652558712054,0.9024973385013009,0.6212776467299232,0.8070785921900561,0.407110725383189,0.41002844328957017,0.5716862996096164,0.5314352383843238,0.4072667108991509,0.5716630401137748,0.4070667696759659,0.5293261450987468,0.45762053564733984,0.5305022773534251,0.4070667696759659,0.5270705816272838,0.4562721822670498,0.5297999221035864,0.5296065840362609,0.45635919886237103,0.4071660823083874,0.5207590922121771,0.5669969443471369,0.4070667696759659,0.5297090687768619,0.4070667696759659,0.4070667696759659,0.5684372505369603,0.522277885482592,0.4071972799811146,0.5676337761714851,0.40730393682149857,0.5235284909626577,0.5693815497995882,0.4070667696759659,0.4070667696759659,0.5733958455784991,0.5319112051702171,0.4070667696759659,0.4070667696759659,0.5719229725160845,0.5314007482962718,0.40833009153583977,0.5330086102802777,0.5728193299719014,0.4070667696759659,0.4070667696759659,0.5713547837493725,0.531607659104222,0.4070667696759659,0.5715365539975117,0.4070667696759659,0.5317128886188318,0.4070667696759659,0.5731407721129089,0.4070667696759659,0.5315752374950817,0.40716675325264945,0.5728026373777292,0.5316380206115783,0.4070667696759659,0.45950254880552,0.5316670941760315,0.5315453874819046,0.46050957780277985,0.5314434745300555,0.4070667696759659,0.5245673422750224,0.4595679389811563,0.5291915597305775,0.5316943654443547,0.45916301926749786,0.40709730432495084,0.531664521350969,0.5315973667195136,0.45803841617573204,0.4070667696759659,0.4070667696759659,0.5330851049987987,0.4070667696759659,0.4070667696759659,0.5315721496314935,0.45732538022791175,0.4070667696759659,0.4070667696759659,0.5314107866607499,0.4071966090899886,0.4070667696759659,0.4070667696759659,0.5713121219482226,0.4070667696759659,0.4070667696759659,0.4070667696759659,0.5319767818575846,0.4070667696759659,0.45741903053476596,0.5322624071359805,0.4070667696759659,0.4070667696759659,0.4071972799811146,0.5312339324217498,0.4070667696759659,0.4070667696759659,0.45884308999216356,0.5296471153758759,0.4070667696759659,0.4070667696759659,0.4070667696759659,0.5315672604816722,0.4595049160351554,0.4070667696759659,0.5320919737919639,0.4070667696759659,0.4070667696759659,0.5314730722458559,0.4070667696759659,0.4070667696759659,0.45869608370345516,0.531265085205607,0.40716675325264945,0.4070667696759659,0.4070667696759659,0.4070667696759659
0.3457767255088775,0.3457767255088775,0.3484758297778655,0.8868919496908828,0.5852966640217191,0.7844140822785306,0.3458288204425981,0.34928208770056807,0.5314352383843238,0.48724512101906403,0.34601367240745096,0.5314098410559314,0.3457767255088775,0.48491486740818585,0.4044951941075331,0.4862145307134569,0.3457767255088775,0.4824209614851575,0.4029555670301587,0.4854384673013733,0.4852248076165255,0.4030549648934581,0.3458944247104617,0.4754322435241073,0.5263119321671358,0.3457767255088775,0.4853380661689147,0.3457767255088775,0.3457767255088775,0.5278861581401904,0.4771154176484498,0.34593139602013645,0.5270080467721154,0.3460577833394336,0.47850069907183584,0.5289179512966362,0.3457767255088775,0.3457767255088775,0.5333015209052243,0.4877707728965623,0.3457767255088775,0.3457767255088775,0.5316936562646806,0.4872070273876438,0.3472731285590351,0.4889824209907808,0.5326722346379462,0.3457767255088775,0.3457767255088775,0.5310732385727571,0.48743554985813736,0.3457767255088775,0.5312717267999678,0.3457767255088775,0.48755176453521265,0.3457767255088775,0.5330231103644251,0.3457767255088775,0.48739974286792415,0.34589521983517224,0.5326540128058336,0.48746908128948047,0.3457767255088775,0.40664213594110504,0.4875011899948545,0.4873667756550905,0.4077899552371074,0.4872542176177631,0.3457767255088775,0.47965096149752606,0.4067166885259741,0.48476611375774503,0.48753130797378347,0.4062549861900251,0.3458129144490366,0.4874983485915652,0.4874241828104914,0.4049721042287433,0.3457767255088775,0.3457767255088775,0.489066862837326,0.3457767255088775,0.3457767255088775,0.48739633255762055,0.4041582741826795,0.3457767255088775,0.3457767255088775,0.487218114610656,0.34593060098098466,0.3457767255088775,0.3457767255088775,0.5310266517577984,0.3457767255088775,0.3457767255088775,0.3457767255088775,0.4878431885375491,0.3457767255088775,0.4042651823904466,0.4881585833325054,0.3457767255088775,0.3457767255088775,0.34593139602013645,0.4870227763815142,0.3457767255088775,0.3457767255088775,0.4058901154900743,0.48526960031775956,0.3457767255088775,0.3457767255088775,0.3457767255088775,0.4873909328566832,0.4066448349142008,0.3457767255088775,0.4879703899958904,0.3457767255088775,0.3457767255088775,0.4872869072851137,0.3457767255088775,0.3457767255088775,0.40572243588673396,0.48705718593799063,0.34589521983517224,0.3457767255088775,0.3457767255088775,0.3457767255088775
0.012849262267581579,0.012849262267581579,0.04530691454203413,0.8409658210147006,0.4774395748296205,0.7188769499773969,0.014191302860129335,0.05118107008968848,0.4072667108991509,0.34601367240745096,0.018171600849662045,0.4072326419408761,0.012849262267581579,0.3426521813197212,0.2113227615721742,0.3445289406075138,0.012849262267581579,0.3390369065516394,0.20832308552005688,0.34340887076365345,0.3431001938102031,0.20851768526474754,0.015719455148326344,0.3288029544140286,0.4003714111869551,0.012849262267581579,0.34326383656063697,0.012849262267581579,0.012849262267581579,0.4024950301851639,0.3312820597267689,0.016518597717094394,0.40131101104990935,0.018998848036516167,0.33331545762039877,0.4038845238165076,0.012849262267581579,0.012849262267581579,0.40976722157682205,0.3467697891121277,0.012849262267581579,0.012849262267581579,0.40761330010674507,0.3459588465715095,0.034781374534318406,0.34850969323475095,0.40892473876388263,0.012849262267581579,0.012849262267581579,0.4067810062437655,0.3462876829496886,0.012849262267581579,0.40704735085567795,0.012849262267581579,0.3464548550282213,0.012849262267581579,0.4093945700254733,0.012849262267581579,0.3462361676918579,0.01573706798771879,0.40890033362336087,0.34633592106822475,0.012849262267581579,0.21545530916663724,0.34638210946313,0.34618873477273465,0.2176416605123911,0.3460267639735432,0.012849262267581579,0.33499920369404773,0.2155977936206864,0.34243706056049383,0.34642543153145167,0.21471430919715295,0.013795372497679497,0.34637802222081066,0.34627132965594193,0.21224571832318478,0.012849262267581579,0.012849262267581579,0.34863079671048125,0.012849262267581579,0.012849262267581579,0.34623126111267405,0.21066897381973315,0.012849262267581579,0.012849262267581579,0.3459748041614304,0.016501819043134275,0.012849262267581579,0.012849262267581579,0.40671848320466264,0.012849262267581579,0.012849262267581579,0.012849262267581579,0.34687389289778076,0.012849262267581579,0.2108765856290695,0.34732712736615495,0.012849262267581579,0.012849262267581579,0.016518597717094394,0.3456936068399943,0.012849262267581579,0.012849262267581579,0.2140142782715093,0.3431649174807285,0.012849262267581579,0.012849262267581579,0.012849262267581579,0.34622349223275284,0.21546046859734813,0.012849262267581579,0.3470567201215392,0.012849262267581579,0.012849262267581579,0.34607380806438187,0.012849262267581579,0.012849262267581579,0.2136920238705206,0.3457431487110348,0.01573706798771879,0.012849262267581579,0.012849262267581579,0.012849262267581579
0.40703268303640816,0.40703268303640816,0.40931263961147973,0.9024882938858826,0.6212567552568885,0.8070653648953334,0.40707664263210774,0.40999461693858363,0.5716630401137748,0.5314098410559314,0.4072326419408761,0.5716397794451965,0.40703268303640816,0.5293006291382291,0.4575904715451454,0.530476827637196,0.40703268303640816,0.5270449379884368,0.4562420212023719,0.5297744328551913,0.529581083891669,0.45632904407027675,0.4071320044532779,0.5207330867574335,0.5669734470735129,0.40703268303640816,0.529683574408893,0.40703268303640816,0.40703268303640816,0.5684138265845444,0.522251967717447,0.4071632048847044,0.5676103113487935,0.4072698711534417,0.5235026451043175,0.5693581737783555,0.40703268303640816,0.40703268303640816,0.5733726720985678,0.5318858345141803,0.40703268303640816,0.40703268303640816,0.5718997249494899,0.5313753490336935,0.408296116347731,0.5329833009820959,0.5727961275238832,0.40703268303640816,0.40703268303640816,0.5713315075324024,0.5315822714422107,0.40703268303640816,0.5715132869503937,0.40703268303640816,0.5316875068539192,0.40703268303640816,0.5731175858212617,0.40703268303640816,0.531549848015792,0.40713267545687387,0.5727794340903662,0.5316126346512197,0.40703268303640816,0.4594726192140523,0.5316417098450019,0.5315199963293282,0.460479719793144,0.5314180776635133,0.40703268303640816,0.5245415559448933,0.4595380140460289,0.5291660361752648,0.5316689826415265,0.459133065480112,0.4070632203866775,0.5316391368757596,0.5315719784806177,0.45800838202316857,0.40703268303640816,0.40703268303640816,0.5330597999703792,0.40703268303640816,0.40703268303640816,0.5315467599791156,0.4572952949431372,0.40703268303640816,0.40703268303640816,0.5313853879611377,0.40716253393425805,0.40703268303640816,0.40703268303640816,0.5712888435784901,0.40703268303640816,0.40703268303640816,0.40703268303640816,0.5319514148734898,0.40703268303640816,0.45738895197362134,0.5322370561372959,0.40703268303640816,0.40703268303640816,0.4071632048847044,0.5312085238015112,0.40703268303640816,0.40703268303640816,0.45881311337717956,0.5296216175160663,0.40703268303640816,0.40703268303640816,0.40703268303640816,0.5315418705552332,0.4594749866122748,0.40703268303640816,0.5320666132563221,0.40703268303640816,0.40703268303640816,0.5314476770389454,0.40703268303640816,0.40703268303640816,0.4586660965900003,0.5312396783332487,0.40713267545687387,0.40703268303640816,0.40703268303640816,0.40703268303640816
0.0,0.0,0.04344667172721761,0.8408964121211313,0.4772711887564513,0.7187786268516513,0.0060240796521240925,0.04954189061063922,0.4070667696759659,0.3457767255088775,0.012849262267581579,0.40703268303640816,0.0,0.34241284170742936,0.2109321457766485,0.3442909423962079,0.0,0.33879494276895045,0.20792681256126525,0.3431700736825261,0.34286117569123475,0.20812178422901706,0.009055259848506808,0.32855326131968976,0.4001678349885652,0.0,0.343024935670718,0.0,0.0,0.40229258572378357,0.331034281266408,0.010380777031032077,0.40110793695543556,0.013994737994110553,0.3330692290444551,0.4036828139095454,0.0,0.0,0.40956857070803904,0.3465333742904882,0.0,0.0,0.4074135386038543,0.34572186100552194,0.032320900015611116,0.34827449437862595,0.4087256547613285,0.0,0.0,0.40658081268987173,0.3460509291286593,0.0,0.4068472957402643,0.0,0.3462182188588394,0.0,0.4091957277722954,0.0,0.3459993775937024,0.00908580042251821,0.4087012370493358,0.3460992012071808,0.0,0.21507222987132102,0.34614542211055815,0.3459519112630944,0.21726245310873044,0.3457898263064155,0.0,0.3347542447582833,0.2152149690392129,0.3421975662908223,0.34618877466241627,0.21432989981529635,0.005020832661585966,0.3461413319918774,0.346034564320018,0.21185681108375717,0.0,0.0,0.3483956820573343,0.0,0.0,0.3459944675587577,0.21027713871831213,0.0,0.0,0.3457378298511792,0.010354056850828025,0.0,0.0,0.4065182571288863,0.0,0.0,0.0,0.3466375511595979,0.0,0.21048513853771048,0.3470911033208632,0.0,0.0,0.010380777031032077,0.3454564340404875,0.0,0.0,0.2136286039124602,0.342925945740798,0.0,0.0,0.0,0.3459866932069329,0.215077398531198,0.0,0.3468205066309963,0.0,0.0,0.34583690356461677,0.0,0.0,0.21330576441217797,0.34550601090419136,0.00908580042251821,0.0,0.0,0.0
0.34241284170742936,0.34241284170742936,0.34513901459354973,0.8860787660288726,0.583421746556917,0.7832406865049807,0.3424654629745126,0.3459532794342496,0.5293261450987468,0.48491486740818585,0.3426521813197212,0.5293006291382291,0.34241284170742936,0.4825720373393998,0.40164156501342896,0.4838787275081092,0.34241284170742936,0.48006455809062276,0.40009036261238173,0.48309847198922906,0.4828836561801758,0.4001905102649571,0.3425317298459238,0.4730371594575887,0.5241787281650049,0.34241284170742936,0.48299752768780163,0.34241284170742936,0.34241284170742936,0.5257604012994805,0.4747297378945286,0.34256907445839513,0.5248781401468431,0.3426967373365372,0.4761227167583005,0.5267970567956615,0.34241284170742936,0.34241284170742936,0.5312011212462904,0.4854433422479437,0.34241284170742936,0.34241284170742936,0.529585769563559,0.4848765689994618,0.3439243023019691,0.4866614779406418,0.5305689088477744,0.34241284170742936,0.34241284170742936,0.5289624535407871,0.4851063195185116,0.34241284170742936,0.5291618695906194,0.34241284170742936,0.4852231583458157,0.34241284170742936,0.5309214167745524,0.34241284170742936,0.48507032017044577,0.34253253299990033,0.5305506022062865,0.48514003106167497,0.34241284170742936,0.4038045117690878,0.4851723122172549,0.48503717583422995,0.4049608234539617,0.48492401290285625,0.34241284170742936,0.4772793418725114,0.40387961730024957,0.4824224773970526,0.48520259193717913,0.403414487546837,0.342449396293482,0.4851694555540595,0.48509489140880446,0.40212204402963775,0.34241284170742936,0.34241284170742936,0.48674637091277245,0.34241284170742936,0.34241284170742936,0.4850668915384577,0.4013021190625176,0.34241284170742936,0.34241284170742936,0.4848877158260737,0.3425682713924754,0.34241284170742936,0.34241284170742936,0.5289156488805556,0.34241284170742936,0.34241284170742936,0.34241284170742936,0.4855161463890349,0.34241284170742936,0.4014098292296565,0.4858332321041715,0.34241284170742936,0.34241284170742936,0.34256907445839513,0.48469132714731117,0.34241284170742936,0.34241284170742936,0.4030469031225078,0.4829286913283676,0.34241284170742936,0.34241284170742936,0.34241284170742936,0.48506146282751456,0.40380723076338493,0.34241284170742936,0.4856440300312472,0.34241284170742936,0.34241284170742936,0.4849568782707884,0.34241284170742936,0.34241284170742936,0.4028779748797568,0.4847259217958685,0.34253253299990033,0.34241284170742936,0.34241284170742936,0.34241284170742936
0.2109321457766485,0.2109321457766485,0.21535560100261222,0.8589920849650858,0.5204660567454256,0.7444632371057431,0.21101806484806204,0.21666611295360363,0.45762053564733984,0.4044951941075331,0.2113227615721742,0.4575904715451454,0.2109321457766485,0.40164156501342896,0.29815536353893607,0.4032338727283127,0.2109321457766485,0.3985808001407865,0.2960430976358139,0.4022832893159635,0.402021464800454,0.2961796696092649,0.21112623357349297,0.38996504001179655,0.4515461501045228,0.2109321457766485,0.40216026130664817,0.2109321457766485,0.2109321457766485,0.4534147015812436,0.3920453995615381,0.21118717688997093,0.45237264552021444,0.21139543044243064,0.39375500338379066,0.45463839110387366,0.2109321457766485,0.2109321457766485,0.4598284680903121,0.40513808257569867,0.2109321457766485,0.2109321457766485,0.4579264112352224,0.4044485927071003,0.2133915460854553,0.4066188239583834,0.45908426322153323,0.2109321457766485,0.2109321457766485,0.4571919736759619,0.4047281292482698,0.2109321457766485,0.4574269704747507,0.2109321457766485,0.4048702651813867,0.2109321457766485,0.4594992500913468,0.2109321457766485,0.4046843326731107,0.21112754436826955,0.4590627095174005,0.40476914125309,0.2109321457766485,0.30108969423478465,0.40480841198511075,0.40464400827579755,0.30265327499044625,0.4045063220910939,0.2109321457766485,0.39517282802142867,0.30119136004766095,0.401459196639559,0.404845246926666,0.30056150115865243,0.2109918337423872,0.40480493683622093,0.40471422603193274,0.2988082895162256,0.2109321457766485,0.2109321457766485,0.40672196037128217,0.2109321457766485,0.2109321457766485,0.4046801613500619,0.2976937083005406,0.2109321457766485,0.2109321457766485,0.40446215629588506,0.21118586646678464,0.2109321457766485,0.2109321457766485,0.457136813824984,0.2109321457766485,0.2109321457766485,0.2109321457766485,0.40522662556467465,0.2109321457766485,0.2978402310934327,0.40561219407266474,0.2109321457766485,0.2109321457766485,0.21118717688997093,0.40422316898462085,0.2109321457766485,0.2109321457766485,0.3000633261382247,0.402076359231974,0.2109321457766485,0.2109321457766485,0.2109321457766485,0.404673556676742,0.30109337503371314,0.2109321457766485,0.4053821416744088,0.2109321457766485,0.2109321457766485,0.40454631102604993,0.2109321457766485,0.2109321457766485,0.29983426195355956,0.4042652705189041,0.21112754436826955,0.2109321457766485,0.2109321457766485,0.2109321457766485
0.3442909423962079,0.3442909423962079,0.3470019408163304,0.8865321583363188,0.5844671513211088,0.783894833680312,0.34434326858970293,0.3478117173389289,0.5305022773534251,0.4862145307134569,0.3445289406075138,0.530476827637196,0.3442909423962079,0.4838787275081092,0.4032338727283127,0.4851814915169979,0.3442909423962079,0.4813788323756403,0.401689148027608,0.4844035782689844,0.4841894084300748,0.40178887608094577,0.3444091639924328,0.47437304818557174,0.5253683242672632,0.3442909423962079,0.48430293745626624,0.3442909423962079,0.3442909423962079,0.5269458386897334,0.4760603713560209,0.34444629932437454,0.5260658948882092,0.3445732471026353,0.47744904888069517,0.5279797789553664,0.3442909423962079,0.3442909423962079,0.5323723990246578,0.4867414283083297,0.3442909423962079,0.3442909423962079,0.5307612280614648,0.4861763467183367,0.3457939616490085,0.48795593929722514,0.531741820551111,0.3442909423962079,0.3442909423962079,0.5301395304700566,0.48640541110048174,0.3442909423962079,0.5303384284213795,0.3442909423962079,0.4865219012026282,0.3442909423962079,0.5320934170706891,0.3442909423962079,0.486369519226697,0.34440996264504975,0.5317235612665797,0.486439022011525,0.3442909423962079,0.405387863329571,0.48647120681572986,0.48633647385300055,0.4065394229704869,0.48622364888887715,0.3442909423962079,0.4786021185861595,0.40546265944729865,0.4837296180747003,0.4865013961677702,0.4049994475908208,0.34432729199339457,0.4864683586785471,0.4863940171073956,0.40371235459469224,0.3442909423962079,0.3442909423962079,0.488040580222126,0.3442909423962079,0.3442909423962079,0.486366100831413,0.4028958403530617,0.3442909423962079,0.3442909423962079,0.48618746024309395,0.34444550075840863,0.3442909423962079,0.3442909423962079,0.5300928474553515,0.3442909423962079,0.3442909423962079,0.3442909423962079,0.48681401538767194,0.3442909423962079,0.40300310173881815,0.48713015635903534,0.3442909423962079,0.3442909423962079,0.34444629932437454,0.48599165847465037,0.3442909423962079,0.3442909423962079,0.4046333817139377,0.48423430811384927,0.3442909423962079,0.3442909423962079,0.3442909423962079,0.4863606883289614,0.40539057112054844,0.3442909423962079,0.4869415178824738,0.3442909423962079,0.3442909423962079,0.48625641608907644,0.3442909423962079,0.3442909423962079,0.4044651521900859,0.48602614970789093,0.34440996264504975,0.3442909423962079,0.3442909423962079,0.3442909423962079
0.0,0.0,0.04344667172721761,0.8408964121211313,0.4772711887564513,0.7187786268516513,0.0060240796521240925,0.04954189061063922,0.4070667696759659,0.3457767255088775,0.012849262267581579,0.40703268303640816,0.0,0.34241284170742936,0.2109321457766485,0.3442909423962079,0.0,0.33879494276895045,0.20792681256126525,0.3431700736825261,0.34286117569123475,0.20812178422901706,0.009055259848506808,0.32855326131968976,0.4001678349885652,0.0,0.343024935670718,0.0,0.0,0.40229258572378357,0.331034281266408,0.010380777031032077,0.40110793695543556,0.013994737994110553,0.3330692290444551,0.4036828139095454,0.0,0.0,0.40956857070803904,0.3465333742904882,0.0,0.0,0.4074135386038543,0.34572186100552194,0.032320900015611116,0.34827449437862595,0.4087256547613285,0.0,0.0,0.40658081268987173,0.3460509291286593,0.0,0.4068472957402643,0.0,0.3462182188588394,0.0,0.4091957277722954,0.0,0.3459993775937024,0.00908580042251821,0.4087012370493358,0.3460992012071808,0.0,0.21507222987132102,0.34614542211055815,0.3459519112630944,0.21726245310873044,0.3457898263064155,0.0,0.3347542447582833,0.2152149690392129,0.3421975662908223,0.34618877466241627,0.21432989981529635,0.005020832661585966,0.3461413319918774,0.346034564320018,0.21185681108375717,0.0,0.0,0.3483956820573343,0.0,0.0,0.3459944675587577,0.21027713871831213,0.0,0.0,0.3457378298511792,0.010354056850828025,0.0,0.0,0.4065182571288863,0.0,0.0,0.0,0.3466375511595979,0.0,0.21048513853771048,0.3470911033208632,0.0,0.0,0.010380777031032077,0.3454564340404875,0.0,0.0,0.2136286039124602,0.342925945740798,0.0,0.0,0.0,0.3459866932069329,0.215077398531198,0.0,0.3468205066309963,0.0,0.0,0.34583690356461677,0.0,0.0,0.21330576441217797,0.34550601090419136,0.00908580042251821,0.0,0.0,0.0
