0.7698613949302738,0.5584826522832771,0.9446590301129519,0.5585239248577306,0.5587183480856414,0.6745873210506835,0.558554808531566,0.6575162752258367,0.5801179557561209,0.6560079379922537,0.6557150623403905,0.5799488242492044,0.6543217557012624,0.5584826522832771,0.6570255748751774,0.5797636923369022,0.6545603921305477,0.5585231049089016,0.6529905372228378,0.5793675864081546,0.6519874064709626,0.5584826522832771,0.6807648366610877,0.5584826522832771,0.6550053787622726,0.6749849182136947,0.5584826522832771,0.5584826522832771,0.6547638081814292,0.6739788970820395,0.5585388203400773,0.6558501457949697,0.580325405159411,0.6547798316222542,0.5584826522832771,0.654495244918385,0.5806093474837316,0.6544496725051525,0.6535536328826527,0.5801149523840398,0.5584826522832771,0.6559758340514317,0.6531991290002274,0.5584826522832771,0.678105707739911,0.6441538878613996,0.5932032258529458,0.5584826522832771,0.6543311470115545,0.6553088513135413,0.5803764381303912,0.6578238830208113,0.5584826522832771,0.5808901274030401,0.6559299033796099,0.6550185362342167,0.5584826522832771,0.6772112324799636,0.5584826522832771,0.6548910696841164,0.5807297386089187,0.6541684986368443,0.6575730430754834,0.5584826522832771,0.5811806501810338,0.6529660940244228,0.6559365303829604,0.5807449973529,0.6621622219254217,0.5584826522832771,0.673068097806172,0.5585388203400773,0.6602554541417067,0.6523304885417951,0.5801054198205854,0.5584826522832771,0.5585231049089016,0.6632211806765482,0.5584826522832771,0.5584826522832771,0.5584826522832771,0.6730986722425527,0.5584826522832771,0.5584826522832771,0.6576955682518346,0.5584826522832771,0.5584826522832771,0.5584826522832771,0.672143594925867,0.5584826522832771,0.5584826522832771,0.5585358139513396,0.6538906461940851,0.5584826522832771,0.5584826522832771,0.5798126931105165,0.652788538613441,0.5584826522832771,0.5584826522832771,0.6542474223309407,0.5584826522832771,0.5584826522832771,0.5804595674592916,0.6369646730581008,0.5585355406422972,0.5584826522832771,0.5584826522832771,0.6349851299787651,0.5584826522832771,0.5807511268006522,0.657626956823638,0.5584826522832771,0.5585358139513396,0.5584826522832771,0.6584974312970951,0.5584826522832771,0.5804016263655379,0.5584826522832771,0.6611883307210472,0.5584826522832771,0.5584826522832771,0.5584826522832771,0.655810606357749,0.580964827277105,0.5584826522832771
0.5584826522832771,0.0,0.8408964152537145,0.0069658242844647745,0.016648058904248312,0.3932308916842093,0.009210559408272109,0.35987853204621223,0.1613650864993985,0.3568398979967471,0.3562479624435254,0.16071842370271333,0.35342321160896056,0.0,0.35889179097607676,0.16000785749349306,0.35390804772492584,0.00689628029497233,0.3507106317956487,0.15847779170921936,0.34865753458365,0.0,0.40488975628833535,0.0,0.3548109808091553,0.39398724155669607,0.0,0.0,0.35432098833998094,0.3920718405882253,0.008126245870124288,0.3565210600867974,0.16215505006934947,0.3543535032008463,0.0,0.35377573116190897,0.1632306612278168,0.353683152779732,0.3518596890080285,0.16135362388309027,0.0,0.3567750429760259,0.35113657076329924,0.0,0.3998950466960735,0.33233951160080805,0.20586814946375928,0.0,0.35344229999963683,0.3554259155788108,0.16234884694664445,0.36049621790481845,0.0,0.164288001972123,0.3566822426290334,0.3548376563893389,0.0,0.3982069280206926,0.0,0.35457917509907527,0.16368478035685072,0.3531116133091814,0.3599925743420981,0.0,0.1653755752001349,0.35066069738754485,0.35669563307376245,0.16374225519742025,0.3691378340369229,0.0,0.39033300626336237,0.008126245870124288,0.36535553310844127,0.3493606030450994,0.16131723716260787,0.0,0.00689628029497233,0.371228014313305,0.0,0.0,0.0,0.3903914504816297,0.0,0.0,0.36023863980699744,0.0,0.0,0.0,0.3885633434440511,0.0,0.0,0.007905764024133954,0.3525462365459887,0.0,0.0,0.16019620976541435,0.35029783471976844,0.0,0.0,0.35327210112795265,0.0,0.0,0.1626640798753405,0.3168693368329096,0.007885414518037462,0.0,0.0,0.31251653814619745,0.0,0.16376533772673935,0.3601008616864845,0.0,0.007905764024133954,0.0,0.36184638240071926,0.0,0.1624444214034547,0.0,0.3672090457386895,0.0,0.0,0.0,0.35644113728052557,0.1645682633098862,0.0
0.9446590301129519,0.8408964152537145,1.0,0.8409168157971164,0.8410129215617506,0.8988560839225044,0.8409320814576978,0.8903541887785257,0.8516332318963117,0.8896010523499583,0.88945478481122,0.8515490042823355,0.8887588121017906,0.8408964152537145,0.8901092033356238,0.8514568130666675,0.8888780286856899,0.840916410502763,0.8880936600409602,0.8512595781687949,0.8875923199161053,0.8408964152537145,0.9019203990244475,0.8408964152537145,0.8891003161313946,0.8990535326622627,0.8408964152537145,0.8408964152537145,0.8889796452580667,0.8985538808912178,0.8409241785425157,0.8895222491920088,0.8517365473219852,0.888987649585001,0.8408964152537145,0.8888454834287747,0.8518779680211671,0.8888227167831055,0.8883750369346154,0.8516317361798247,0.8408964152537145,0.8895850195159276,0.8881978963945598,0.8408964152537145,0.900602285307462,0.8836742265579433,0.8581607216667099,0.8408964152537145,0.8887635038722256,0.8892518996531816,0.8517619640457772,0.8905077495242927,0.8408964152537145,0.852017824639355,0.8895620813564186,0.8891068884533687,0.8408964152537145,0.9001585779904843,0.8408964152537145,0.8890432165227717,0.8519379335663206,0.8886822456403732,0.8903825286769329,0.8408964152537145,0.8521625456134355,0.8880814451286217,0.8895653909516582,0.8519455339283895,0.8926722331674068,0.8408964152537145,0.8981013623610574,0.8409241785425157,0.891721205870773,0.8877637951664054,0.8516269888535559,0.8408964152537145,0.840916410502763,0.893200191678769,0.8408964152537145,0.8408964152537145,0.8408964152537145,0.8981165552924713,0.8408964152537145,0.8408964152537145,0.890443694936621,0.8408964152537145,0.8408964152537145,0.8408964152537145,0.8976418833572664,0.8408964152537145,0.8408964152537145,0.8409226924993889,0.8885434256230965,0.8408964152537145,0.8408964152537145,0.8514812137969576,0.8879927141823654,0.8408964152537145,0.8408964152537145,0.888721675833744,0.8408964152537145,0.8408964152537145,0.8518033669818115,0.8800746146803332,0.8409225574041685,0.8408964152537145,0.8408964152537145,0.8790830133246095,0.8408964152537145,0.8519485870080209,0.8904094433841849,0.8408964152537145,0.8409226924993889,0.8408964152537145,0.8908439515868466,0.8408964152537145,0.8517745090579543,0.8408964152537145,0.8921865513764953,0.8408964152537145,0.8408964152537145,0.8408964152537145,0.8895025023243928,0.8520550345160265,0.8408964152537145
0.5585239248577306,0.0069658242844647745,0.8409168157971164,0.00985116323426338,0.01804662216441732,0.3932918421324241,0.011548035015104154,0.35994537323732395,0.16151531619792303,0.3569073274347225,0.3563155075840969,0.1608692581119145,0.3534913139693098,0.0069658242844647745,0.35895882215163577,0.16015936198795608,0.35397605384259945,0.009802111480100467,0.350779277297947,0.1586307594325442,0.348726596540557,0.0069658242844647745,0.40494886195692514,0.0069658242844647745,0.3548788083576002,0.3940480692646145,0.0069658242844647745,0.0069658242844647745,0.3543889126845618,0.3921329799801698,0.0107032041841866,0.3565885518009558,0.16230454757538657,0.35442142111434155,0.0069658242844647745,0.3538437635202173,0.1633791731385779,0.35375120350903944,0.3519281034585278,0.16150386425854701,0.0069658242844647745,0.35684248507305943,0.3512051304497119,0.0069658242844647745,0.3999549305047526,0.3324120585577726,0.2059858587967573,0.0069658242844647745,0.3535103985660753,0.355493622008932,0.16249816591311866,0.3605629406711125,0.0069658242844647745,0.1644355575639772,0.35674970284739305,0.35490547867543315,0.0069658242844647745,0.3982670788970328,0.0069658242844647745,0.35464704840808925,0.16383288002819046,0.35317977765649167,0.36005939363959133,0.0069658242844647745,0.16552215984238688,0.35072935296338903,0.35676309067678735,0.163890302856805,0.3692029394267669,0.0069658242844647745,0.3903944310684717,0.0107032041841866,0.3654213374841818,0.34942952186376613,0.16146751144073,0.0069658242844647745,0.009802111480100467,0.3712927392033995,0.0069658242844647745,0.0069658242844647745,0.0069658242844647745,0.3904528656552693,0.0069658242844647745,0.0069658242844647745,0.36030541191016213,0.0069658242844647745,0.0069658242844647745,0.0069658242844647745,0.38862506116259987,0.0069658242844647745,0.0069658242844647745,0.010536783817701626,0.35261451363169644,0.0069658242844647745,0.0069658242844647745,0.16034753606098492,0.35036656358026375,0.0069658242844647745,0.0069658242844647745,0.35334023353603744,0.0069658242844647745,0.0069658242844647745,0.16281310933233217,0.316945506368605,0.010521524155130723,0.0069658242844647745,0.0069658242844647745,0.3125937894946465,0.0069658242844647745,0.16391336450778454,0.36016766020737173,0.0069658242844647745,0.010536783817701626,0.0069658242844647745,0.36191284764534926,0.0069658242844647745,0.16259365247620486,0.0069658242844647745,0.36727450587603155,0.0069658242844647745,0.0069658242844647745,0.0069658242844647745,0.356508644622013,0.16471556747057045,0.0069658242844647745
0.5587183480856414,0.016648058904248312,0.8410129215617506,0.01804662216441732,0.023543910238705203,0.39357890256958067,0.019026094331767975,0.36026015105013975,0.16222131189164374,0.35722487267489694,0.3566335971418669,0.1615780805492492,0.35381202489956914,0.016648058904248312,0.35927449376126264,0.16087131655390852,0.3542963120159849,0.0180198930171783,0.3511025433049929,0.15934955268198928,0.34905182160919207,0.016648058904248312,0.4052272407600077,0.016648058904248312,0.35519822647760185,0.3943345521007171,0.016648058904248312,0.016648058904248312,0.3547087861690358,0.3924209295577068,0.01852548875589991,0.3569063900169746,0.16300712036588913,0.35474126434470155,0.016648058904248312,0.3541641451382996,0.16407713798681559,0.35407167155033487,0.3522502825478792,0.1622099098635441,0.016648058904248312,0.357160089867344,0.3515279927616813,0.016648058904248312,0.40023697136182185,0.3327536759646984,0.206539589843332,0.016648058904248312,0.35383109164858534,0.35581247034098323,0.16319990401487336,0.36087716134093833,0.016648058904248312,0.1651290508932853,0.35706739289277944,0.3552248720393509,0.016648058904248312,0.398550376589858,0.016648058904248312,0.3549666818028352,0.16452891739775696,0.35350078019247944,0.3603740684516303,0.016648058904248312,0.16621111279051817,0.3510526663582977,0.3570807684184313,0.16458609703184832,0.3695095506532616,0.016648058904248312,0.39068372374287486,0.01852548875589991,0.36573123737516466,0.34975407359431504,0.16217371552965196,0.016648058904248312,0.0180198930171783,0.3715975601684697,0.016648058904248312,0.016648058904248312,0.016648058904248312,0.39074211300618844,0.016648058904248312,0.016648058904248312,0.3606198646912737,0.016648058904248312,0.016648058904248312,0.016648058904248312,0.3889157322110994,0.016648058904248312,0.016648058904248312,0.018429839043641046,0.35293604652151206,0.016648058904248312,0.016648058904248312,0.16105865770708763,0.35069022171930114,0.016648058904248312,0.016648058904248312,0.3536610858201963,0.016648058904248312,0.016648058904248312,0.16351349391765022,0.31730416011319795,0.0184211189808315,0.016648058904248312,0.016648058904248312,0.3129575301700302,0.016648058904248312,0.16460906106074183,0.3604822372736375,0.016648058904248312,0.018429839043641046,0.016648058904248312,0.36222585676444563,0.016648058904248312,0.16329497966102313,0.016648058904248312,0.36758278617038126,0.016648058904248312,0.016648058904248312,0.016648058904248312,0.3568265563560479,0.16540788509418072,0.016648058904248312
0.6745873210506835,0.3932308916842093,0.8988560839225044,0.3932918421324241,0.39357890256958067,0.5527579847543146,0.3933374475761958,0.5303612263219194,0.424621727912878,0.5283701249443992,0.5279832658123548,0.4243803400715236,0.5261417475905819,0.3932308916842093,0.5297137010604775,0.4241160494378147,0.5264572805186902,0.39329063129283937,0.5243805736557352,0.423550341715653,0.5230523304397534,0.3932308916842093,0.5608052224595115,0.3932308916842093,0.5270455128735779,0.5532767862764414,0.3932308916842093,0.3932308916842093,0.5267262014261744,0.5519638515817257,0.39331383837080675,0.5281617073394039,0.4249177245355733,0.5267473831414812,0.3932308916842093,0.5263711460781973,0.4253227228867811,0.5263108900895475,0.5251257435595099,0.42461744194741197,0.3932308916842093,0.5283277227852534,0.5246566479618211,0.3932308916842093,0.5573447511425841,0.5126456548042645,0.4431292598552904,0.3932308916842093,0.5261541661081581,0.5274465694654186,0.424990526935125,0.5307670310699524,0.3932308916842093,0.425723050504702,0.5282670569232651,0.5270629030308343,0.3932308916842093,0.5561795480306456,0.3932308916842093,0.5268944243487081,0.42549439241890746,0.525939077634707,0.5304361225673307,0.3932308916842093,0.4261371021737484,0.5243482199891141,0.5282758100816108,0.42551614825946005,0.5364811984618748,0.3932308916842093,0.5507745121483882,0.39331383837080675,0.5339718042737607,0.5235067139199989,0.424603838370844,0.3932308916842093,0.39329063129283937,0.5378734589301335,0.3932308916842093,0.3932308916842093,0.3932308916842093,0.5508144473402965,0.3932308916842093,0.3932308916842093,0.5305977651938543,0.3932308916842093,0.3932308916842093,0.3932308916842093,0.5495666142651495,0.3932308916842093,0.3932308916842093,0.39330939886699895,0.5255715836358831,0.3932308916842093,0.3932308916842093,0.4241860087582333,0.5241131857082136,0.3932308916842093,0.3932308916842093,0.5260434505567426,0.3932308916842093,0.3932308916842093,0.4251091059347647,0.5030384096209899,0.39330899527313734,0.3932308916842093,0.3932308916842093,0.5003830171537536,0.3932308916842093,0.42552488746314177,0.5305072505403157,0.3932308916842093,0.39330939886699895,0.3932308916842093,0.5316552929558548,0.3932308916842093,0.4250264579176601,0.3932308916842093,0.5351999141731562,0.3932308916842093,0.3932308916842093,0.3932308916842093,0.5281094785931453,0.4258295286094013,0.3932308916842093
0.558554808531566,0.009210559408272109,0.8409320814576978,0.011548035015104154,0.019026094331767975,0.3933374475761958,0.01302569800710398,0.3599953850708932,0.16162764827672146,0.35695777926802524,0.35636604596073806,0.16098204161687482,0.3535422691336599,0.009210559408272109,0.3590089760911059,0.1602726457118712,0.3540269370198663,0.011506219411951965,0.35083063871678405,0.15874513541928534,0.3487782694531692,0.009210559408272109,0.40499308739682804,0.009210559408272109,0.35492955796933234,0.3940935828924597,0.009210559408272109,0.009210559408272109,0.35443973469754486,0.392178726763078,0.012282926184979765,0.35663905021567566,0.16241633304894537,0.3544722383170256,0.009210559408272109,0.35389466632482425,0.1634902228131959,0.35380212005469164,0.3519792920576975,0.1616162043079098,0.009210559408272109,0.3568929463751037,0.351256427680965,0.009210559408272109,0.3999997380433911,0.33246633805317205,0.2060739017713614,0.009210559408272109,0.3535613508926795,0.35554428102683905,0.1626098180991979,0.3606128639242556,0.009210559408272109,0.1645458932737475,0.35680017770385186,0.35495622435104734,0.009210559408272109,0.3983120862180534,0.009210559408272109,0.35469783224767276,0.16394362193739087,0.3532307791854656,0.3601093890969927,0.009210559408272109,0.16563177064213555,0.3507807219169165,0.3568135635770238,0.1640010059351651,0.36925165288537076,0.009210559408272109,0.39044039135368364,0.012282926184979765,0.36547057378638315,0.3494810877140988,0.1615798767992007,0.009210559408272109,0.011506219411951965,0.37134116804482864,0.009210559408272109,0.009210559408272109,0.009210559408272109,0.39049881873570735,0.009210559408272109,0.009210559408272109,0.36035537206674534,0.009210559408272109,0.009210559408272109,0.009210559408272109,0.3886712405598137,0.009210559408272109,0.009210559408272109,0.012138183924363518,0.3526655994859263,0.009210559408272109,0.009210559408272109,0.1604606867604105,0.3504179873483307,0.009210559408272109,0.009210559408272109,0.35339121117531236,0.009210559408272109,0.009210559408272109,0.16292454538545953,0.3170024951953976,0.012124939862576171,0.009210559408272109,0.009210559408272109,0.3126515873793906,0.009210559408272109,0.16402405199888048,0.3602176401241125,0.009210559408272109,0.012138183924363518,0.009210559408272109,0.3619625782746675,0.009210559408272109,0.16270523904553796,0.009210559408272109,0.3673234846875088,0.009210559408272109,0.009210559408272109,0.009210559408272109,0.35655915472567534,0.1648257154642283,0.009210559408272109
0.6575162752258367,0.35987853204621223,0.8903541887785257,0.35994537323732395,0.36026015105013975,0.5303612263219194,0.3599953850708932,0.5067973457042396,0.3940660253795925,0.5046984964290283,0.5042906222159156,0.3938047827598059,0.5023487064639163,0.35987853204621223,0.506114855414105,0.3935187268148091,0.5026814845765493,0.35994404539161245,0.5004909499477287,0.39290633680685555,0.4990894958842058,0.35987853204621223,0.5388092407746597,0.35987853204621223,0.5033018190393649,0.5309061451640654,0.35987853204621223,0.35987853204621223,0.5029650891529833,0.5295270389345385,0.3599694948859315,0.5044787603629878,0.39438633676891943,0.5029874268906578,0.35987853204621223,0.5025906442897372,0.39482454740800105,0.5025270955066011,0.5012770528235218,0.3940613870851729,0.35987853204621223,0.5046537921681974,0.5007822009720481,0.35987853204621223,0.5351775516575513,0.48809782422087794,0.4140301159087287,0.35987853204621223,0.5023618040402149,0.5037247276998844,0.394465114206281,0.5072250261388875,0.35987853204621223,0.39525764036189953,0.5045898320817784,0.5033201573109966,0.35987853204621223,0.5339543179562906,0.35987853204621223,0.5031424908880971,0.39501027522702825,0.5021349503968451,0.5068762815135881,0.35987853204621223,0.3957055140067517,0.500456816792477,0.5045990605863011,0.3950338118539552,0.5132442554113087,0.35987853204621223,0.5282775384196358,0.3599694948859315,0.5106015695469931,0.4995689603771037,0.39404666517435494,0.35987853204621223,0.35994404539161245,0.5147100192791356,0.35987853204621223,0.35987853204621223,0.35987853204621223,0.528319497071744,0.35987853204621223,0.35987853204621223,0.5070466391115116,0.35987853204621223,0.35987853204621223,0.35987853204621223,0.5270083259289939,0.35987853204621223,0.35987853204621223,0.3599646264309436,0.5017473356505439,0.35987853204621223,0.35987853204621223,0.39359445026545253,0.5002088496785917,0.35987853204621223,0.35987853204621223,0.5022450334659629,0.35987853204621223,0.35987853204621223,0.39459342070836156,0.47793158928682566,0.35996418384075,0.35987853204621223,0.35987853204621223,0.47511830139403943,0.35987853204621223,0.3950432663371536,0.5069512449105901,0.35987853204621223,0.3599646264309436,0.35987853204621223,0.5081610726528704,0.35987853204621223,0.394503993339092,0.35987853204621223,0.5118950440978363,0.35987853204621223,0.35987853204621223,0.35987853204621223,0.5044236940541885,0.39537282263430573,0.35987853204621223
0.5801179557561209,0.1613650864993985,0.8516332318963117,0.16151531619792303,0.16222131189164374,0.424621727912878,0.16162764827672146,0.3940660253795925,0.22816600251994543,0.3913032957347382,0.39076555497919374,0.22770958829470658,0.3882014676073992,0.1613650864993985,0.39316846012195955,0.22720913113486596,0.3886413219813325,0.1615123328642936,0.3857424276152273,0.22613529662520132,0.38388337145648377,0.1613650864993985,0.435392402703326,0.1613650864993985,0.3894607515185692,0.42531916361817673,0.1613650864993985,0.1613650864993985,0.38901603052271194,0.4235533174303127,0.16156950382230192,0.3910136308137727,0.2287247974844818,0.3890455380929622,0.1613650864993985,0.38852127137600845,0.2294878243226389,0.38843727962093105,0.3867836943883627,0.22815790424227225,0.1613650864993985,0.3912443713545633,0.3861283429488125,0.1613650864993985,0.4307730444784035,0.369176761085856,0.2615007075034301,0.1613650864993985,0.38821878312216135,0.39001901562047636,0.22886209030653715,0.3946280917773161,0.1613650864993985,0.2302403114529026,0.3911600601649508,0.3894849654189645,0.1613650864993985,0.42921351390734486,0.1613650864993985,0.3892503500895528,0.22981071865634367,0.38791883184002696,0.3941697869958159,0.1613650864993985,0.23101679373799916,0.3856971905316736,0.3911722254602428,0.22985161671609478,0.4025075900379735,0.1613650864993985,0.4219512858736231,0.16156950382230192,0.39905522604707494,0.3845197820851864,0.22813219911930852,0.1613650864993985,0.1615123328642936,0.40441780249891307,0.1613650864993985,0.1613650864993985,0.1613650864993985,0.4220051158722781,0.1613650864993985,0.1613650864993985,0.3943936883051064,0.1613650864993985,0.1613650864993985,0.1613650864993985,0.42032187484811007,0.1613650864993985,0.1613650864993985,0.1615585683365303,0.3874061127554398,0.1613650864993985,0.1613650864993985,0.22734168055565082,0.3853684951963099,0.1613650864993985,0.1613650864993985,0.3880643973709539,0.1613650864993985,0.1613650864993985,0.22908558649767163,0.3553579011494283,0.16155757416469946,0.1613650864993985,0.1613650864993985,0.3514934942501501,0.1613650864993985,0.22986804381436554,0.3942683173886773,0.1613650864993985,0.1615585683365303,0.1613650864993985,0.3958572220623928,0.1613650864993985,0.2289298287035666,0.1613650864993985,0.400746358698966,0.1613650864993985,0.1613650864993985,0.1613650864993985,0.39094102746516396,0.23044016697712563,0.1613650864993985
0.6560079379922537,0.3568398979967471,0.8896010523499583,0.3569073274347225,0.35722487267489694,0.5283701249443992,0.35695777926802524,0.5046984964290283,0.3913032957347382,0.5025896602408657,0.5021798373878078,0.3910401172662271,0.5002286085839175,0.3568398979967471,0.5040127660582923,0.3907519388320303,0.5005629868158766,0.356905987905136,0.4983618872402398,0.3901349952236112,0.4969536340090705,0.3568398979967471,0.536854962212654,0.3568398979967471,0.5011862994485233,0.5289174461046047,0.3568398979967471,0.3568398979967471,0.5008479536984143,0.5275322525628663,0.3569316613181847,0.5023688746940714,0.39162597739370303,0.500870398682887,0.3568398979967471,0.5004717099078632,0.3920674248933886,0.5004078556024852,0.4991517902072081,0.39129862309085767,0.3568398979967471,0.5025447425285829,0.4986545473410582,0.3568398979967471,0.533207552625788,0.4859075167723005,0.41140855757494027,0.3568398979967471,0.5002417691710035,0.5016112350146239,0.3917053372216539,0.5051282036373449,0.3568398979967471,0.3925037102851333,0.5024804769953887,0.5012047256691166,0.3568398979967471,0.5319789871697105,0.3568398979967471,0.501026206950779,0.39225452256391663,0.5000138237826363,0.5047778065235494,0.3568398979967471,0.39295487842205473,0.49832758886004613,0.502489749575312,0.39227823270093626,0.5111756676071146,0.3568398979967471,0.5262772155422896,0.3569316613181847,0.5085206517388878,0.4974354281630672,0.3912837921500806,0.3568398979967471,0.356905987905136,0.5126482264249563,0.3568398979967471,0.3568398979967471,0.3568398979967471,0.5263193604422169,0.3568398979967471,0.3568398979967471,0.504948971573122,0.3568398979967471,0.3568398979967471,0.3568398979967471,0.5250023583123291,0.3568398979967471,0.3568398979967471,0.3569267500301957,0.4996243417474124,0.3568398979967471,0.3568398979967471,0.3908282244206691,0.49807842087995613,0.3568398979967471,0.3568398979967471,0.5001244367332219,0.3568398979967471,0.3568398979967471,0.391834591808306,0.47568905964068586,0.35692630354600774,0.3568398979967471,0.3568398979967471,0.4728609851817316,0.3568398979967471,0.39228775687635026,0.5048531252822905,0.3568398979967471,0.3569267500301957,0.3568398979967471,0.5060686764006712,0.3568398979967471,0.3917445037019608,0.3568398979967471,0.5098201740661087,0.3568398979967471,0.3568398979967471,0.3568398979967471,0.5023135452663092,0.3926197404901882,0.3568398979967471
0.6557150623403905,0.3562479624435254,0.88945478481122,0.3563155075840969,0.3566335971418669,0.5279832658123548,0.35636604596073806,0.5042906222159156,0.39076555497919374,0.5021798373878078,0.5017696343012923,0.39050199675365477,0.49981658819098435,0.3562479624435254,0.5036042596578781,0.3902134019412467,0.5001512786715069,0.3563141657564088,0.49794811737763855,0.3895955650051738,0.4965385372263855,0.3562479624435254,0.5364752814516589,0.3562479624435254,0.5007751724571016,0.5285310553428099,0.3562479624435254,0.3562479624435254,0.5004365113927357,0.5271446749677026,0.3563398832119791,0.5019588470589955,0.3910887016066882,0.5004589773051032,0.3562479624435254,0.5000599165612372,0.39153078405504954,0.4999960026360947,0.49873876193914635,0.3907608755970096,0.3562479624435254,0.5021348780255099,0.4982410524645926,0.3562479624435254,0.5328248074754603,0.48548179207796227,0.410898492596832,0.3562479624435254,0.4998297610741131,0.5012005035416615,0.3911681756788661,0.504720724870169,0.3562479624435254,0.39196769566295,0.5020705528914735,0.5007936158396576,0.3562479624435254,0.531595202628442,0.3562479624435254,0.5006149308077886,0.3917181504325501,0.49960160263980347,0.504370005338036,0.3562479624435254,0.39241951001537845,0.497913786753046,0.5020798340716955,0.39174189460467684,0.5107736971548216,0.3562479624435254,0.5258885584613935,0.3563398832119791,0.5081162759569768,0.4970207860424647,0.39074602326790914,0.3562479624435254,0.3563141657564088,0.5122475814388876,0.3562479624435254,0.3562479624435254,0.3562479624435254,0.5259307396758307,0.3562479624435254,0.3562479624435254,0.5045413279306091,0.3562479624435254,0.3562479624435254,0.3562479624435254,0.5246126006012133,0.3562479624435254,0.3562479624435254,0.3563349634991843,0.4992117562131369,0.3562479624435254,0.3562479624435254,0.39028979780780515,0.49766438441730626,0.3562479624435254,0.3562479624435254,0.4997123189930367,0.3562479624435254,0.3562479624435254,0.39129761624453424,0.4752531370376665,0.35633451624908835,0.3562479624435254,0.3562479624435254,0.4724221743446909,0.3562479624435254,0.3917514324506458,0.504445393432005,0.3562479624435254,0.3563349634991843,0.3562479624435254,0.5056620612239674,0.3562479624435254,0.39120739852626213,0.3562479624435254,0.5094169781066307,0.3562479624435254,0.3562479624435254,0.3562479624435254,0.501903466289383,0.39208389219208645,0.3562479624435254
0.5799488242492044,0.16071842370271333,0.8515490042823355,0.1608692581119145,0.1615780805492492,0.4243803400715236,0.16098204161687482,0.3938047827598059,0.22770958829470658,0.3910401172662271,0.39050199675365477,0.22725225245506522,0.38793608512013533,0.16071842370271333,0.39290659135215644,0.22675078051269565,0.38837625403087717,0.16086626278063013,0.385475274347982,0.22567475349286328,0.3836148653890265,0.16071842370271333,0.43515740661763874,0.16071842370271333,0.3891962677684871,0.42507819848758593,0.16071842370271333,0.16071842370271333,0.3887512300001477,0.42331127959178105,0.16092366357744298,0.39075024790235185,0.22826950662319792,0.388780758609412,0.16071842370271333,0.3882561176441467,0.22903405860990927,0.38817206584386804,0.3865172935159885,0.2277014736965554,0.16071842370271333,0.39098115132059397,0.3858614689773236,0.16071842370271333,0.4305353422794152,0.36889710302533474,0.2611029619697825,0.16071842370271333,0.38795341302967984,0.3897549285653629,0.22840707461440338,0.39436723991240963,0.16071842370271333,0.22978803997397262,0.39089678063730116,0.38922049889695165,0.16071842370271333,0.4289748863046167,0.16071842370271333,0.38898571655575814,0.22935759531564714,0.38765324689055464,0.39390861659019594,0.16071842370271333,0.23056605399128172,0.3854300044910975,0.3909089545184347,0.22939857461067711,0.4022521094803077,0.16071842370271333,0.4217082678113227,0.16092366357744298,0.3987974162500134,0.3842517404997568,0.2276757167623554,0.16071842370271333,0.16086626278063013,0.4041635949367957,0.16071842370271333,0.16071842370271333,0.16071842370271333,0.4217621308560533,0.16071842370271333,0.16071842370271333,0.39413267360604975,0.16071842370271333,0.16071842370271333,0.16071842370271333,0.4200778528620505,0.16071842370271333,0.16071842370271333,0.16091268414143667,0.3871401598227966,0.16071842370271333,0.16071842370271333,0.2268835991382015,0.38510107080666756,0.16071842370271333,0.16071842370271333,0.3877989167297118,0.16071842370271333,0.16071842370271333,0.22863101804600894,0.35506697052710645,0.16091168597369343,0.16071842370271333,0.16071842370271333,0.3511992604740029,0.16071842370271333,0.22941503432978397,0.3940072155237969,0.16071842370271333,0.16091268414143667,0.16071842370271333,0.39559722111130663,0.16071842370271333,0.22847494865516035,0.16071842370271333,0.4004896945090439,0.16071842370271333,0.16071842370271333,0.16071842370271333,0.39067759326672363,0.22998829072541646,0.16071842370271333
0.6543217557012624,0.35342321160896056,0.8887588121017906,0.3534913139693098,0.35381202489956914,0.5261417475905819,0.3535422691336599,0.5023487064639163,0.3882014676073992,0.5002286085839175,0.49981658819098435,0.38793608512013533,0.49785485602770185,0.35342321160896056,0.5016593225884093,0.3876454900908899,0.4981910389797957,0.35348996107407543,0.4959780228792821,0.3870233616201036,0.494562099809249,0.35342321160896056,0.5346680412805345,0.35342321160896056,0.4988177104910331,0.5266917739184754,0.35342321160896056,0.35342321160896056,0.4984775423320691,0.5252997255127673,0.3535158906361262,0.5000066395128552,0.3885268477899757,0.49850010827314545,0.35342321160896056,0.49809926962523393,0.38897198024672647,0.4980350707326409,0.49677221226963736,0.38819675585629315,0.35342321160896056,0.5001834501586587,0.49627227241320326,0.35342321160896056,0.531002935248802,0.4834545406379464,0.40846727084736095,0.35342321160896056,0.4978680876832059,0.4992449319956919,0.38860687064652905,0.5027806989800006,0.35342321160896056,0.3894118998310614,0.5001188401666036,0.4988362359014459,0.35342321160896056,0.5297683671193284,0.35342321160896056,0.4986567559501443,0.38916063734579764,0.4976389109326962,0.502428438591609,0.35342321160896056,0.3898668181368825,0.49594353812408687,0.5001281624513814,0.3891845450028854,0.5088599932069618,0.35342321160896056,0.5240384534517409,0.3535158906361262,0.5061910785478715,0.49504652202561916,0.3881818007836085,0.35342321160896056,0.35348996107407543,0.5103402106075208,0.35342321160896056,0.35342321160896056,0.35342321160896056,0.5240808081049083,0.35342321160896056,0.35342321160896056,0.502600514093605,0.35342321160896056,0.35342321160896056,0.35342321160896056,0.5227572388646401,0.35342321160896056,0.35342321160896056,0.35351093034994724,0.49724732277174044,0.35342321160896056,0.35342321160896056,0.38772241571923854,0.49569301554587636,0.35342321160896056,0.35342321160896056,0.4977501215304571,0.35342321160896056,0.35342321160896056,0.3887372045763037,0.47317710934237234,0.3535104794112785,0.35342321160896056,0.35342321160896056,0.4703323290327814,0.35342321160896056,0.38919414851422296,0.502504158044161,0.35342321160896056,0.35351093034994724,0.35342321160896056,0.5037261623997674,0.35342321160896056,0.38864636425823285,0.35342321160896056,0.5074974183968997,0.35342321160896056,0.35342321160896056,0.35342321160896056,0.49995101335714737,0.38952889526972884,0.35342321160896056
0.5584826522832771,0.0,0.8408964152537145,0.0069658242844647745,0.016648058904248312,0.3932308916842093,0.009210559408272109,0.35987853204621223,0.1613650864993985,0.3568398979967471,0.3562479624435254,0.16071842370271333,0.35342321160896056,0.0,0.35889179097607676,0.16000785749349306,0.35390804772492584,0.00689628029497233,0.3507106317956487,0.15847779170921936,0.34865753458365,0.0,0.40488975628833535,0.0,0.3548109808091553,0.39398724155669607,0.0,0.0,0.35432098833998094,0.3920718405882253,0.008126245870124288,0.3565210600867974,0.16215505006934947,0.3543535032008463,0.0,0.35377573116190897,0.1632306612278168,0.353683152779732,0.3518596890080285,0.16135362388309027,0.0,0.3567750429760259,0.35113657076329924,0.0,0.3998950466960735,0.33233951160080805,0.20586814946375928,0.0,0.35344229999963683,0.3554259155788108,0.16234884694664445,0.36049621790481845,0.0,0.164288001972123,0.3566822426290334,0.3548376563893389,0.0,0.3982069280206926,0.0,0.35457917509907527,0.16368478035685072,0.3531116133091814,0.3599925743420981,0.0,0.1653755752001349,0.35066069738754485,0.35669563307376245,0.16374225519742025,0.3691378340369229,0.0,0.39033300626336237,0.008126245870124288,0.36535553310844127,0.3493606030450994,0.16131723716260787,0.0,0.00689628029497233,0.371228014313305,0.0,0.0,0.0,0.3903914504816297,0.0,0.0,0.36023863980699744,0.0,0.0,0.0,0.3885633434440511,0.0,0.0,0.007905764024133954,0.3525462365459887,0.0,0.0,0.16019620976541435,0.35029783471976844,0.0,0.0,0.35327210112795265,0.0,0.0,0.1626640798753405,0.3168693368329096,0.007885414518037462,0.0,0.0,0.31251653814619745,0.0,0.16376533772673935,0.3601008616864845,0.0,0.007905764024133954,0.0,0.36184638240071926,0.0,0.1624444214034547,0.0,0.3672090457386895,0.0,0.0,0.0,0.35644113728052557,0.1645682633098862,0.0
0.6570255748751774,0.35889179097607676,0.8901092033356238,0.35895882215163577,0.35927449376126264,0.5297137010604775,0.3590089760911059,0.506114855414105,0.39316846012195955,0.5040127660582923,0.5036042596578781,0.39290659135215644,0.5016593225884093,0.35889179097607676,0.5054313139218586,0.3926198488955382,0.501992619799775,0.3589574905324093,0.49979865783200567,0.39200598606717685,0.4983949981507919,0.35889179097607676,0.5381736681166253,0.35889179097607676,0.5026139204270597,0.5302593996391204,0.35889179097607676,0.35889179097607676,0.502276666327994,0.5288783176236194,0.3589830123452972,0.5037926895139585,0.3934895381832548,0.5022990388581823,0.35889179097607676,0.5019016378672493,0.3939287958113854,0.5018379899687907,0.5005859934657843,0.39316381071715667,0.35889179097607676,0.5039679925482563,0.5000903659616487,0.35889179097607676,0.5345368759680359,0.4873856668136106,0.4131782291765844,0.35889179097607676,0.5016724406061324,0.5030374866537979,0.3935685039983224,0.5065431934160874,0.35889179097607676,0.39436292140261847,0.5039039333670589,0.5026322872308742,0.35889179097607676,0.5333119115907662,0.35889179097607676,0.5024543443088391,0.3941149667253761,0.5014452327888554,0.5061939126562979,0.35889179097607676,0.3948118607135059,0.49976447107784705,0.5039131761707659,0.394138559476456,0.5125715837167034,0.35889179097607676,0.5276270201401431,0.3589830123452972,0.509924897134028,0.4988752183678371,0.39314905354045154,0.35889179097607676,0.3589574905324093,0.5140395524261288,0.35889179097607676,0.35889179097607676,0.35889179097607676,0.5276690392415835,0.35889179097607676,0.35889179097607676,0.5063645322239412,0.35889179097607676,0.35889179097607676,0.35889179097607676,0.5263559755908487,0.35889179097607676,0.35889179097607676,0.3589781300566162,0.5010570122774093,0.35889179097607676,0.35889179097607676,0.3926957541669901,0.49951611440451,0.35889179097607676,0.35889179097607676,0.5015554877570686,0.35889179097607676,0.35889179097607676,0.39369711716522315,0.47720249712413404,0.35897768620878656,0.35889179097607676,0.35889179097607676,0.47438441488350436,0.35889179097607676,0.3941480365025452,0.5062689913468056,0.35889179097607676,0.3589781300566162,0.35889179097607676,0.5074806760028162,0.35889179097607676,0.39360747607560287,0.35889179097607676,0.5112203339835131,0.35889179097607676,0.35889179097607676,0.35889179097607676,0.5037375378428892,0.3944783779532108,0.35889179097607676
0.5797636923369022,0.16000785749349306,0.8514568130666675,0.16015936198795608,0.16087131655390852,0.4241160494378147,0.1602726457118712,0.3935187268148091,0.22720913113486596,0.3907519388320303,0.3902134019412467,0.22675078051269565,0.3876454900908899,0.16000785749349306,0.3926198488955382,0.2262481911710426,0.3880860038806175,0.16015635336214218,0.3851827376852919,0.22516974982240362,0.38332084536344146,0.16000785749349306,0.4349001213964475,0.16000785749349306,0.38890665816952125,0.42481437116845727,0.16000785749349306,0.16000785749349306,0.38846127307414813,0.4230462765192162,0.16021400884129908,0.39046184531048045,0.22777028635573973,0.3884908247518167,0.16000785749349306,0.38796577343764715,0.2285365175627999,0.3878816557998789,0.386225581849746,0.22720099856658726,0.16000785749349306,0.3906929273127747,0.3855692385619344,0.16000785749349306,0.43027509121783786,0.368590853421944,0.2606670533996693,0.16000785749349306,0.3876628315909278,0.3894657539223893,0.2279081573191438,0.39408161238803174,0.16000785749349306,0.22929214404099987,0.3906084913987609,0.3889309081877516,0.16000785749349306,0.42871362099404986,0.16000785749349306,0.38869594272579083,0.2288607615124046,0.38736242986740327,0.3936226398204523,0.16000785749349306,0.23007184438721698,0.38513743189241467,0.39062067469368217,0.22890183024560878,0.40197237074545383,0.16000785749349306,0.42144219033717645,0.16021400884129908,0.3985151239338363,0.38395822978842653,0.22717518458410388,0.16000785749349306,0.16015635336214218,0.4038852517672139,0.16000785749349306,0.16000785749349306,0.16000785749349306,0.42149608960323487,0.16000785749349306,0.16000785749349306,0.39384686755189885,0.16000785749349306,0.16000785749349306,0.16000785749349306,0.4198106749929418,0.16000785749349306,0.16000785749349306,0.160202980704612,0.3868489393149567,0.16000785749349306,0.16000785749349306,0.22638130622683936,0.38480823685740817,0.16000785749349306,0.16000785749349306,0.38750821407758407,0.16000785749349306,0.16000785749349306,0.2281325931754106,0.3547483567537552,0.16020197810903752,0.16000785749349306,0.16000785749349306,0.35087702321184117,0.16000785749349306,0.22891832587944969,0.3937213139016959,0.16000785749349306,0.160202980704612,0.16000785749349306,0.3953125265129693,0.16000785749349306,0.2279761807082025,0.16000785749349306,0.40020865815148715,0.16000785749349306,0.16000785749349306,0.16000785749349306,0.3903891344420247,0.22949282991646244,0.16000785749349306
