0.0,0.04010366785707781,0.3699879489776332,0.8408964152537145,0.3730789186417242,0.45699510185494957,0.03272887668425626,0.03883913187109012,0.3750683177571071,0.3189889438392775,0.1954233480801114,0.31870624640317635,0.3156594780936892,0.010441715891844982,0.19469645985452352,0.31707653232964517,0.3125285364170611,0.19185713996178666,0.3165716655177488,0.0,0.31616987988340334,0.19219702774321343,0.30283968617126783,0.00835789173597947,0.3683482312660297,0.0,0.3164581083204848,0.3705308028562827,0.0,0.0,0.30550261898872144,0.36949894316689547,0.009848538687610278,0.3070530350009074,0.0,0.3718866780603573,0.0,0.3197122876999237,0.37712921830868995,0.0,0.0,0.318991949997622,0.3753296315015566,0.04124379190576151,0.31979327282947,0.19731977581982835,0.31916663739679685,0.0,0.3192503804644881,0.19393760676380598,0.3191576234638886,0.0,0.3746094983907867,0.010884356147666254,0.3190250159888596,0.37690677954358437,0.0,0.0,0.3188901016083346,0.3764602647722497,0.0,0.31908475208765213,0.19838678172990024,0.31914673131029053,0.0,0.31925601266812864,0.3776375888712679,0.0,0.0,0.30890412955569463,0.37403154220183077,0.0,0.31924512365716856,0.1978883596772667,0.3191576234638886,0.0,0.3191035348604634,0.1956084302980906,0.0,0.008386080302043589,0.3212182473379725,0.0,0.0,0.0,0.37430453636515126,0.0,0.0,0.3187333233435166,0.0,0.0,0.19463692884317413,0.31877205466611935,0.0,0.009556665101674114,0.3198716151781092,0.0,0.0,0.0,0.375631597422018,0.0,0.008386080302043589,0.0,0.3185140133941496,0.0,0.0,0.3737922036135431,0.0,0.0,0.0,0.3190400449241159,0.0,0.0,0.19851551302365725,0.31964966103672193,0.0,0.0,0.0,0.31871790479437434,0.19697544333636102,0.0,0.011839792976292798,0.31883333892003785,0.0,0.0,0.31795588431247523
0.04010366785707781,0.05671511430890326,0.3721344771900314,0.841571808854458,0.37520707409299453,0.4587124287012433,0.05176370578418426,0.05582811620752601,0.37718479779165975,0.32148681329093426,0.19949277299197649,0.3212063607517824,0.3181840310752086,0.04144072219519591,0.19878081072696255,0.31958966293419827,0.31507867866222755,0.19600083876666582,0.3190888544433727,0.04010366785707781,0.31869030739337545,0.19633353305208692,0.3054722295433017,0.040965332113402385,0.37050462295451264,0.04010366785707781,0.31897621177280416,0.37267408360599297,0.04010366785707781,0.04010366785707781,0.30811201456543497,0.37164840435025054,0.04129525102366874,0.3096491312236296,0.04010366785707781,0.37402188640191336,0.04010366785707781,0.3222044303873504,0.3792337244346544,0.04010366785707781,0.04010366785707781,0.3214897955978766,0.3774445865113963,0.05752695037523178,0.3222847758952388,0.20135075922295517,0.32166309773431007,0.04010366785707781,0.32174617723797794,0.19803765514325053,0.32165415524594604,0.04010366785707781,0.376728660889521,0.041554460889948526,0.3215225992659722,0.37901257217460266,0.04010366785707781,0.04010366785707781,0.3213887555318021,0.37856864415546154,0.04010366785707781,0.3215818615910044,0.20239644840295887,0.321643349428846,0.04010366785707781,0.3217517648250723,0.37973916006397895,0.04010366785707781,0.04010366785707781,0.3114845152191325,0.37615409242537895,0.04010366785707781,0.3217409620747912,0.2019079562391678,0.32165415524594604,0.04010366785707781,0.32160049543060276,0.19967407182340138,0.04010366785707781,0.04097109253343957,0.3236985464237711,0.04010366785707781,0.04010366785707781,0.04010366785707781,0.3764254852011317,0.04010366785707781,0.04010366785707781,0.3212332225094052,0.04010366785707781,0.04010366785707781,0.198722506894592,0.32127164609176206,0.04010366785707781,0.041226616386776486,0.32236249978985276,0.04010366785707781,0.04010366785707781,0.04010366785707781,0.37774479262461264,0.04010366785707781,0.04097109253343957,0.04010366785707781,0.321015656441499,0.04010366785707781,0.04010366785707781,0.3759161595955426,0.04010366785707781,0.04010366785707781,0.04010366785707781,0.32153750898905575,0.04010366785707781,0.04010366785707781,0.20252262285280112,0.32214229856303406,0.04010366785707781,0.04010366785707781,0.04010366785707781,0.3212179264884764,0.20101335342851817,0.04010366785707781,0.041814885819346,0.32133244355702706,0.04010366785707781,0.04010366785707781,0.32046197580879193
0.3699879489776332,0.3721344771900314,0.5207732791196944,0.8928867592740104,0.5229112380791486,0.5837387773276298,0.37141903458424375,0.37200161847750635,0.5242916378160396,0.4868024320459025,0.41787795339252404,0.4866215696676012,0.4846779712325763,0.3701338739084409,0.41754348040715666,0.4855806518452641,0.4826915412471655,0.41624627046159884,0.485258787848497,0.3699879489776332,0.4850028441624887,0.4164007742359993,0.4766158580650872,0.3700814488825163,0.51964251328471,0.3699879489776332,0.4851864318291385,0.5211481568663375,0.3699879489776332,0.3699879489776332,0.4782748106752282,0.5204358083116728,0.37011776824495546,0.47924453099150227,0.3699879489776332,0.5220856056593358,0.3699879489776332,0.48726561084957554,0.5257252230762607,0.3699879489776332,0.3699879489776332,0.4868043557823632,0.5244732100138131,0.3722578692220078,0.4873175040259722,0.41875511536313337,0.48691616098518653,0.3699879489776332,0.48696977104195877,0.4171953303420534,0.4869103909703504,0.3699879489776332,0.5239729715503076,0.37014650529231136,0.4868255164232142,0.5255703182458142,0.3699879489776332,0.3699879489776332,0.4867391853261847,0.5252594952059364,0.3699879489776332,0.48686374771473695,0.4192515102076588,0.4869034187854253,0.3699879489776332,0.48697337690532655,0.5260794062529361,0.3699879489776332,0.3699879489776332,0.4804059845831648,0.5235718176173183,0.3699879489776332,0.4869664055473925,0.41901937685576734,0.4869103909703504,0.3699879489776332,0.4868757695643751,0.41796327189493815,0.3699879489776332,0.37008208055521913,0.4882317717705821,0.3699879489776332,0.3699879489776332,0.3699879489776332,0.5237612645291111,0.3699879489776332,0.3699879489776332,0.4866388889480393,0.3699879489776332,0.3699879489776332,0.4175161303820338,0.48666366415764145,0.3699879489776332,0.370110188857438,0.4873677106594472,0.3699879489776332,0.3699879489776332,0.3699879489776332,0.5246831018234723,0.3699879489776332,0.37008208055521913,0.3699879489776332,0.4864986346276884,0.3699879489776332,0.3699879489776332,0.523405779049989,0.3699879489776332,0.3699879489776332,0.3699879489776332,0.4868351346174333,0.3699879489776332,0.3699879489776332,0.4193115379972133,0.48722548626454604,0.3699879489776332,0.3699879489776332,0.3699879489776332,0.48662902664935015,0.4185953643030989,0.3699879489776332,0.3701755557771448,0.48670286916354316,0.3699879489776332,0.3699879489776332,0.4861419375565458
0.8408964152537145,0.841571808854458,0.8928867592740104,1.0,0.8936691173707623,0.9160729481427949,0.8413464290683356,0.8415299351850111,0.8941745863437663,0.8805609107324609,0.8565019238994709,0.8804959232838252,0.879798043745417,0.8409422527342469,0.8563893178874132,0.8801220524519434,0.8790857334804328,0.8559530316531972,0.8800064998143278,0.8408964152537145,0.8799146311232592,0.8560049584497136,0.8769132391908734,0.8409257838529125,0.8924732296552896,0.8408964152537145,0.8799805266646372,0.8930238949887481,0.8408964152537145,0.8408964152537145,0.877505489568788,0.8927633245405763,0.8409371931206612,0.8778520148244556,0.8408964152537145,0.8933669132603455,0.8408964152537145,0.8807273754253477,0.8946997946970795,0.8408964152537145,0.8408964152537145,0.8805616020109517,0.8942410924311583,0.8416107071596655,0.8807460287927119,0.8567974559845754,0.8806017797760172,0.8408964152537145,0.8806210458715882,0.8562721567365986,0.8805997062195081,0.8408964152537145,0.8940578760271064,0.8409462209947259,0.8805692059669012,0.8946430310468038,0.8408964152537145,0.8408964152537145,0.8805381840454897,0.8945291416219078,0.8408964152537145,0.8805829444332854,0.8569648416360525,0.8805972006525162,0.8408964152537145,0.8806223417519113,0.8948295937337575,0.8408964152537145,0.8408964152537145,0.8782673738611596,0.8939109739746176,0.8408964152537145,0.880619836378125,0.8568865529956076,0.8805997062195081,0.8408964152537145,0.8805872645728379,0.8565306552685955,0.8408964152537145,0.8409259822789282,0.8810747725549247,0.8408964152537145,0.8408964152537145,0.8408964152537145,0.8939803465313133,0.8408964152537145,0.8408964152537145,0.8805021461092893,0.8408964152537145,0.8408964152537145,0.8563801120960035,0.8805110479774595,0.8408964152537145,0.8409348120944317,0.880764076524679,0.8408964152537145,0.8408964152537145,0.8408964152537145,0.8943179767571542,0.8408964152537145,0.8409259822789282,0.8408964152537145,0.8804517547171092,0.8408964152537145,0.8408964152537145,0.893850177122931,0.8408964152537145,0.8408964152537145,0.8408964152537145,0.8805726622453961,0.8408964152537145,0.8408964152537145,0.8569850900551516,0.880712952796467,0.8408964152537145,0.8408964152537145,0.8408964152537145,0.8804986025720741,0.8567436091590728,0.8408964152537145,0.8409553477806445,0.8805251348482146,0.8408964152537145,0.8408964152537145,0.8803236196214045
0.3730789186417242,0.37520707409299453,0.5229112380791486,0.8936691173707623,0.5250390910233276,0.5856024729795867,0.3744977332122094,0.375075346828831,0.5264129995783194,0.48911032588152986,0.42060061852822517,0.4889304195137396,0.4869971318735512,0.37322358827549346,0.4202684498988284,0.48789501526576573,0.4850213109866435,0.41898020860513635,0.4875748600921903,0.3730789186417242,0.4873202765894422,0.4191336415331994,0.4789785333874813,0.37317161412179256,0.5217858433864838,0.3730789186417242,0.487502888480033,0.5232843391530017,0.3730789186417242,0.3730789186417242,0.4806284318510032,0.5225753683594011,0.3732076211132809,0.481592883998651,0.3730789186417242,0.5242173537229184,0.3730789186417242,0.4895710590675061,0.5278398713860107,0.3730789186417242,0.3730789186417242,0.4891122394525728,0.5265937199144346,0.37532941596930003,0.4896226784833422,0.42147175300000467,0.48922345396779743,0.3730789186417242,0.48927678087219073,0.4199227019472066,0.489217714431534,0.3730789186417242,0.526095829463055,0.3732361110431444,0.4891332882806406,0.5276856906140007,0.3730789186417242,0.3730789186417242,0.48904741340741803,0.5273763214179379,0.3730789186417242,0.4891713175784574,0.4219647468632998,0.4892107790761225,0.3730789186417242,0.4892803676923087,0.5281924002654935,0.3730789186417242,0.3730789186417242,0.48274805120500414,0.525696560960346,0.3730789186417242,0.489273433151651,0.4217342030404298,0.489217714431534,0.3730789186417242,0.4891832759164855,0.42068534975852995,0.3730789186417242,0.37317224036119767,0.49053213091962994,0.3730789186417242,0.3730789186417242,0.3730789186417242,0.5258851171907251,0.3730789186417242,0.3730789186417242,0.48894764722172007,0.3730789186417242,0.3730789186417242,0.42024128844888825,0.48897229144639726,0.3730789186417242,0.3732001069088821,0.4896726202993612,0.3730789186417242,0.3730789186417242,0.3730789186417242,0.5268026275646434,0.3730789186417242,0.37317224036119767,0.3730789186417242,0.48880813462474665,0.3730789186417242,0.3730789186417242,0.5255313034297484,0.3730789186417242,0.3730789186417242,0.3730789186417242,0.4891428556549957,0.3730789186417242,0.3730789186417242,0.42202436387080233,0.4895311461912683,0.3730789186417242,0.3730789186417242,0.3730789186417242,0.4889378370674313,0.4213130979933637,0.3730789186417242,0.37326491175146564,0.4890112892004961,0.3730789186417242,0.3730789186417242,0.4884533255106235
0.45699510185494957,0.4587124287012433,0.5837387773276298,0.9160729481427949,0.5856024729795867,0.6391232470956782,0.4581396751442196,0.4586060400836424,0.5868065025850195,0.5543200260447514,0.49602450887692484,0.5541644514590476,0.5524933579289799,0.45711174463743004,0.4957471613654989,0.5532693047100133,0.5507868774353093,0.4946720832610384,0.5529925951548678,0.45699510185494957,0.5527725850870187,0.49480008173415896,0.5455766577186876,0.4570698377658589,0.5827536158845683,0.45699510185494957,0.552930395231117,0.5840654672764583,0.45699510185494957,0.45699510185494957,0.5469979019397849,0.5834447215510353,0.4570988700808471,0.5478291614916081,0.45699510185494957,0.5848825955498443,0.45699510185494957,0.5547184984481673,0.5880575071812097,0.45699510185494957,0.45699510185494957,0.554321680872511,0.5869649169926374,0.4588112479332811,0.5547631469681277,0.49675214705950477,0.5544178597457745,0.45699510185494957,0.5544639786661381,0.49545853751003,0.5544128960593029,0.45699510185494957,0.586528502260769,0.4571218420520226,0.5543398836709009,0.5879223023907739,0.45699510185494957,0.45699510185494957,0.5542656209918777,0.5876510291364047,0.45699510185494957,0.554372771391169,0.4971641096030241,0.5544068982156721,0.45699510185494957,0.5544670807060754,0.5883666729708464,0.45699510185494957,0.45699510185494957,0.5488252488960702,0.5861785827214164,0.45699510185494957,0.5544610834141267,0.4969714434644115,0.5544128960593029,0.45699510185494957,0.5543831130619716,0.4960952653701683,0.45699510185494957,0.4570703426928776,0.5555499364714305,0.45699510185494957,0.45699510185494957,0.45699510185494957,0.5863438281054462,0.45699510185494957,0.45699510185494957,0.5541793486786,0.45699510185494957,0.45699510185494957,0.49572448521555995,0.5542006593230839,0.45699510185494957,0.4570928113290733,0.5548063453288614,0.45699510185494957,0.45699510185494957,0.45699510185494957,0.5871480510166532,0.45699510185494957,0.4570703426928776,0.45699510185494957,0.5540587117399323,0.45699510185494957,0.45699510185494957,0.5860337639008021,0.45699510185494957,0.45699510185494957,0.45699510185494957,0.5543481574841428,0.45699510185494957,0.45699510185494957,0.4972139362294146,0.5546839762107979,0.45699510185494957,0.45699510185494957,0.45699510185494957,0.5541708655859279,0.4966195965781773,0.45699510185494957,0.4571450651820688,0.5542343823582516,0.45699510185494957,0.45699510185494957,0.5537519382543707
0.03272887668425626,0.05176370578418426,0.37141903458424375,0.8413464290683356,0.3744977332122094,0.4581396751442196,0.04628560801063302,0.05079030861631464,0.37647933471348166,0.3206548103968286,0.19814303165174843,0.3203736138837902,0.3173431857614694,0.0343541661391255,0.19742618677822782,0.31875260259890625,0.3142293549537171,0.1946268082286677,0.3182504492902943,0.03272887668425626,0.317850829085844,0.19496185413012854,0.3045956136896339,0.0337791900454931,0.36978590486828083,0.03272887668425626,0.318137503575091,0.37195971946166373,0.03272887668425626,0.03272887668425626,0.30724306403054713,0.370931987739995,0.03417854623597718,0.3087845852540877,0.03272887668425626,0.37331020313443397,0.03272887668425626,0.3213743254287424,0.37853223854980067,0.03272887668425626,0.03272887668425626,0.3206578006083418,0.37673962996364524,0.05265194406758321,0.3214548829210637,0.20001359636395966,0.3208315618354275,0.03272887668425626,0.320914861252611,0.19667789700254476,0.32082259566949256,0.03272887668425626,0.37602230685237586,0.03449128154033893,0.3206906912127808,0.3783106589585258,0.03272887668425626,0.03272887668425626,0.3205564926572917,0.37786587172116226,0.03272887668425626,0.32075011055123354,0.20106626272289102,0.3208117612394648,0.03272887668425626,0.32092046362622556,0.3790386490705071,0.03272887668425626,0.03272887668425626,0.3106251728653051,0.37544661320088735,0.03272887668425626,0.32090963228800456,0.20057452022044514,0.32082259566949256,0.03272887668425626,0.32076879374890355,0.19832556823015,0.03272887668425626,0.03378617570480493,0.32287236682808446,0.03272887668425626,0.03272887668425626,0.03272887668425626,0.3757185378534912,0.03272887668425626,0.03272887668425626,0.3204005469539529,0.03272887668425626,0.03272887668425626,0.19736748154195596,0.3204390725230064,0.03272887668425626,0.03409558857170624,0.32153281178550897,0.03272887668425626,0.03272887668425626,0.03272887668425626,0.37704042059443016,0.03272887668425626,0.03378617570480493,0.03272887668425626,0.3201824029585093,0.03272887668425626,0.03272887668425626,0.3752082134732383,0.03272887668425626,0.03272887668425626,0.03272887668425626,0.3207056404439421,0.03272887668425626,0.03272887668425626,0.20119327415402716,0.3213120296047136,0.03272887668425626,0.03272887668425626,0.03272887668425626,0.32038521032660044,0.19967392371849352,0.03272887668425626,0.03480459704772249,0.3205000313129299,0.03272887668425626,0.03272887668425626,0.3196272481252033
0.03883913187109012,0.05582811620752601,0.37200161847750635,0.8415299351850111,0.375075346828831,0.4586060400836424,0.05079030861631464,0.05492679579629025,0.3770537896154288,0.32133234987434417,0.19924261399286144,0.3210517594969453,0.3180279294481493,0.040218247879682735,0.1985297517904493,0.3194342625259534,0.3149210063714445,0.19574620344531918,0.318933204886976,0.03883913187109012,0.3185344590204815,0.19607933105728817,0.30530950195944556,0.03972823221837263,0.37037115688546396,0.03883913187109012,0.31882050607308904,0.3725414248702445,0.03883913187109012,0.03883913187109012,0.30795070670944313,0.37151536503140575,0.040068338642581525,0.30948863919606645,0.03883913187109012,0.3738897247815135,0.03883913187109012,0.3220503186104357,0.3791034537959229,0.03883913187109012,0.03883913187109012,0.3213353336457938,0.377313672265971,0.0566526646985484,0.3221307033940201,0.20110291887372095,0.3215087208397075,0.03883913187109012,0.32159184108769934,0.19778564995729142,0.32149977396450213,0.03883913187109012,0.3765974874949565,0.04033543389930426,0.32136815342089625,0.378882222289929,0.03883913187109012,0.03883913187109012,0.3212342439477838,0.37843813493472817,0.03883913187109012,0.32142744483638996,0.20214989434305924,0.32148896284616874,0.03883913187109012,0.3215974314143581,0.379609070213667,0.03883913187109012,0.03883913187109012,0.31132498705947204,0.3760227103788304,0.03883913187109012,0.32158662336746247,0.2016608029441487,0.32149977396450213,0.03883913187109012,0.321446087820751,0.19942414096807157,0.03883913187109012,0.03973417198693797,0.3235451619339152,0.03883913187109012,0.03883913187109012,0.03883913187109012,0.3762942017843319,0.03883913187109012,0.03883913187109012,0.32107863446682094,0.03883913187109012,0.03883913187109012,0.19847137397577205,0.3211170769445189,0.03883913187109012,0.03999759870568191,0.3222084652647502,0.03883913187109012,0.03883913187109012,0.03883913187109012,0.3776139867722827,0.03883913187109012,0.03973417198693797,0.03883913187109012,0.3208609613250493,0.03883913187109012,0.03883913187109012,0.37578469096905776,0.03883913187109012,0.03883913187109012,0.03883913187109012,0.32138307046378484,0.03883913187109012,0.03883913187109012,0.20227622310329926,0.32198815640090106,0.03883913187109012,0.03883913187109012,0.03883913187109012,0.3210633309226381,0.20076509519373698,0.03883913187109012,0.040603678254383276,0.3211779042988537,0.03883913187109012,0.03883913187109012,0.32030700756620156
0.3750683177571071,0.37718479779165975,0.5242916378160396,0.8941745863437663,0.5264129995783194,0.5868065025850195,0.37647933471348166,0.3770537896154288,0.5277827384679598,0.49059978217599226,0.42235544870886993,0.49042048881739175,0.4884938122478065,0.37521218977197246,0.4220247509864453,0.48938861984601867,0.4865247929781967,0.4207422341460199,0.48906956032150534,0.3750683177571071,0.488815848916248,0.4208949836129698,0.4805031068587228,0.375160502105142,0.5231696928053462,0.3750683177571071,0.48899783517775974,0.5246635977618356,0.3750683177571071,0.3750683177571071,0.48214720259736593,0.5239567964330154,0.3751963106144667,0.4831082781728978,0.3750683177571071,0.5255937642196638,0.3750683177571071,0.49105894716604626,0.5292052975684347,0.3750683177571071,0.3750683177571071,0.4906016892287754,0.527962911584889,0.3773064722357418,0.49111039103683796,0.4232227355443815,0.4907125249827017,0.3750683177571071,0.4907656703230424,0.421680536299561,0.4907068049899946,0.3750683177571071,0.5274665294398678,0.37522464352398266,0.49062266636031027,0.5290515819428928,0.3750683177571071,0.3750683177571071,0.49053708402616536,0.528743146709422,0.3750683177571071,0.49066056613562664,0.42371355828126667,0.49069989325049956,0.3750683177571071,0.49076924493215646,0.5295567636898169,0.3750683177571071,0.3750683177571071,0.4842594159547045,0.5270684720682706,0.3750683177571071,0.4907623339996472,0.42348402919644157,0.4907068049899946,0.3750683177571071,0.4906724837486554,0.4224398050677056,0.3750683177571071,0.3751611248922076,0.49201675564657915,0.3750683177571071,0.3750683177571071,0.3750683177571071,0.527256456160293,0.3750683177571071,0.3750683177571071,0.49043765780790727,0.3750683177571071,0.3750683177571071,0.4219977099052736,0.49046221804323253,0.3750683177571071,0.37518883782783585,0.49116016304199117,0.3750683177571071,0.3750683177571071,0.3750683177571071,0.5281711870250216,0.3750683177571071,0.3751611248922076,0.3750683177571071,0.4902986208121687,0.3750683177571071,0.3750683177571071,0.5269037162407405,0.3750683177571071,0.3750683177571071,0.3750683177571071,0.49063220114795275,0.3750683177571071,0.3750683177571071,0.42377291304690257,0.4910191700447117,0.3750683177571071,0.3750683177571071,0.3750683177571071,0.49042788108930074,0.42306478022045535,0.3750683177571071,0.3752532855218717,0.4905010829043722,0.3750683177571071,0.3750683177571071,0.4899450222609359
0.3189889438392775,0.32148681329093426,0.4868024320459025,0.8805609107324609,0.48911032588152986,0.5543200260447514,0.3206548103968286,0.32133234987434417,0.49059978217599226,0.44994622414304397,0.37372687522605547,0.44974897456728447,0.4476285218404831,0.3191589090269383,0.37335073899269194,0.4486135121478674,0.44545990102044697,0.37189124317809036,0.44826233374452357,0.3189889438392775,0.4479830523493446,0.37206513465159047,0.43881769209664695,0.319097849922304,0.4855812763011262,0.3189889438392775,0.4481833825265607,0.48720719790587,0.3189889438392775,0.3189889438392775,0.44063274545278613,0.4864380221467848,0.31914015117359734,0.4416932166852872,0.3189889438392775,0.488219217348993,0.3189889438392775,0.450451315665741,0.49214608127977677,0.3189889438392775,0.3189889438392775,0.4499483221176217,0.49079566082463505,0.3216302540329703,0.4505078997881855,0.37471295097250423,0.4500702515227868,0.3189889438392775,0.4501287144802686,0.37295914360580534,0.4500639591314507,0.3189889438392775,0.49025598600387005,0.3191736202812855,0.4499713992475761,0.4919790238073544,0.3189889438392775,0.3189889438392775,0.44987724824650155,0.4916437966216765,0.3189889438392775,0.4500130926813901,0.3752707585835143,0.45005635571793035,0.3189889438392775,0.4501326467170126,0.4925280268813567,0.3189889438392775,0.3189889438392775,0.44296288792515676,0.4898231581283659,0.3189889438392775,0.4501250443643063,0.37500992621574675,0.4500639591314507,0.3189889438392775,0.4500262030940653,0.3738228095435434,0.3189889438392775,0.31909858564515414,0.451504654839148,0.3189889438392775,0.3189889438392775,0.3189889438392775,0.4900275686514236,0.3189889438392775,0.3189889438392775,0.449767863590306,0.3189889438392775,0.3189889438392775,0.3733199788813057,0.4497948841255523,0.3189889438392775,0.3191313235590238,0.4505626439856517,0.3189889438392775,0.3189889438392775,0.3189889438392775,0.4910220793696666,0.3189889438392775,0.31909858564515414,0.3189889438392775,0.44961489411226063,0.3189889438392775,0.3189889438392775,0.48964399686350846,0.3189889438392775,0.3189889438392775,0.3189889438392775,0.44998188849431475,0.3189889438392775,0.3189889438392775,0.37533820200790846,0.4504075633041315,0.3189889438392775,0.3189889438392775,0.3189889438392775,0.44975710743005204,0.37453340174794414,0.3189889438392775,0.3192074535395871,0.44983764174449425,0.3189889438392775,0.3189889438392775,0.4492258274290127
0.1954233480801114,0.19949277299197649,0.41787795339252404,0.8565019238994709,0.42060061852822517,0.49602450887692484,0.19814303165174843,0.19924261399286144,0.42235544870886993,0.37372687522605547,0.2762695227055539,0.37348673009753125,0.37090220562883236,0.19570190249530675,0.27575694897235026,0.3721034381875734,0.36825332010023254,0.27376397359522264,0.37167529742897215,0.1954233480801114,0.3713347040058989,0.27400176893473577,0.36010318744096953,0.19560186163660562,0.4164355470093706,0.1954233480801114,0.37157902321558356,0.4183557809036822,0.1954233480801114,0.1954233480801114,0.3623359625544985,0.4174476496831364,0.1956711725097331,0.3636384957482462,0.1954233480801114,0.4195498804073539,0.1954233480801114,0.3743415980053452,0.42417536362457847,0.1954233480801114,0.1954233480801114,0.37372942919560664,0.42258609357249005,0.19972490868836001,0.37441044505642007,0.2776112697094352,0.37387785100247134,0.1954233480801114,0.37394901034131384,0.27522285419840686,0.3738701918532272,0.1954233480801114,0.42195055808129356,0.19572600105893506,0.3737575217973752,0.42397883728831237,0.1954233480801114,0.1954233480801114,0.37364290450336707,0.4235844093309372,0.1954233480801114,0.37380827507916287,0.27836899716302926,0.37386093685466343,0.1954233480801114,0.3739537963953401,0.4246246012363215,0.1954233480801114,0.1954233480801114,0.36519607033948165,0.4214406788235151,0.1954233480801114,0.3739445433065504,0.27801479593371903,0.3738701918532272,0.1954233480801114,0.3738242339160737,0.27640018754403795,0.1954233480801114,0.1956030672535558,0.37562259994814007,0.1954233480801114,0.1954233480801114,0.1954233480801114,0.4216814970621321,0.1954233480801114,0.1954233480801114,0.3735097288873722,0.1954233480801114,0.1954233480801114,0.27571501223451367,0.37354262766076457,0.1954233480801114,0.19565670966513446,0.37447704983906815,0.1954233480801114,0.1954233480801114,0.1954233480801114,0.4228526604706874,0.1954233480801114,0.1956030672535558,0.1954233480801114,0.3733234649803511,0.1954233480801114,0.1954233480801114,0.4212295792056744,0.1954233480801114,0.1954233480801114,0.1954233480801114,0.3737702905174752,0.1954233480801114,0.1954233480801114,0.2784605504321082,0.3742883610279254,0.1954233480801114,0.1954233480801114,0.1954233480801114,0.37349663251457965,0.2773671738751576,0.1954233480801114,0.19578141646561123,0.37359468530189976,0.1954233480801114,0.1954233480801114,0.37284959073774926
0.31870624640317635,0.3212063607517824,0.4866215696676012,0.8804959232838252,0.4889304195137396,0.5541644514590476,0.3203736138837902,0.3210517594969453,0.49042048881739175,0.44974897456728447,0.37348673009753125,0.44955163105666235,0.4474301639207115,0.3188763654234617,0.373110342162171,0.4484156264905337,0.44526049684580987,0.37164986513880427,0.4480642799213306,0.31870624640317635,0.4477848646232086,0.3718238738994791,0.4386150264763828,0.318815251073563,0.485399905011842,0.31870624640317635,0.4479852908646976,0.4870265037416163,0.31870624640317635,0.31870624640317635,0.4404309797235533,0.4862570081258378,0.3188575906005085,0.44149197368588333,0.31870624640317635,0.48803894274528214,0.31870624640317635,0.450254306296637,0.49196742106660113,0.31870624640317635,0.31870624640317635,0.4497510735405778,0.4906164478531034,0.321349929380846,0.45031091729933687,0.3744734634422535,0.4498730609746939,0.31870624640317635,0.4499315517462115,0.3727184842196801,0.4498667655893435,0.31870624640317635,0.49007655142515716,0.3188910899852413,0.4497741616555795,0.49180029534991776,0.31870624640317635,0.31870624640317635,0.44967996583104264,0.49146493110555917,0.31870624640317635,0.44981587493355896,0.3750316416040409,0.4498591585579063,0.31870624640317635,0.4499354858535085,0.4923495225519844,0.31870624640317635,0.31870624640317635,0.4427622678513116,0.4896435455242862,0.31870624640317635,0.4499278798843606,0.37477063609497746,0.4498667655893435,0.31870624640317635,0.4498289915855218,0.37358272853568786,0.31870624640317635,0.3188159874622063,0.4513081448878194,0.31870624640317635,0.31870624640317635,0.31870624640317635,0.4898480401554751,0.31870624640317635,0.31870624640317635,0.44957052907821554,0.31870624640317635,0.31870624640317635,0.37307956144564614,0.44959756248460464,0.31870624640317635,0.31884875499921433,0.4503656874973572,0.31870624640317635,0.31870624640317635,0.31870624640317635,0.4908429592522586,0.31870624640317635,0.3188159874622063,0.31870624640317635,0.4494174867080106,0.31870624640317635,0.31870624640317635,0.4894643104925606,0.31870624640317635,0.31870624640317635,0.31870624640317635,0.4497846558950234,0.31870624640317635,0.31870624640317635,0.37509912976069737,0.4502105331464247,0.31870624640317635,0.31870624640317635,0.31870624640317635,0.4495597677939217,0.3742937947221843,0.31870624640317635,0.3189249538437452,0.4496403404682189,0.31870624640317635,0.31870624640317635,0.44902823443211937
0.3156594780936892,0.3181840310752086,0.4846779712325763,0.879798043745417,0.4869971318735512,0.5524933579289799,0.3173431857614694,0.3180279294481493,0.4884938122478065,0.4476285218404831,0.37090220562883236,0.4474301639207115,0.44529774162848057,0.3158312719793184,0.37052308931942934,0.4462883045269338,0.44311677455256165,0.3690519756591567,0.4459351418260149,0.3156594780936892,0.445654280406197,0.36922725590545263,0.4364360730884794,0.31576955614540847,0.4834508175618002,0.3156594780936892,0.4458557441218053,0.4850847195859358,0.3156594780936892,0.3156594780936892,0.43826174814854413,0.4843117741239654,0.3158123123997519,0.4393283890049434,0.3156594780936892,0.4861016836800377,0.3156594780936892,0.44813644754404647,0.49004757242243047,0.3156594780936892,0.3156594780936892,0.4476306315989331,0.4886906382057368,0.318328991736623,0.4481933488216079,0.37189606683141835,0.4477532456879363,0.3156594780936892,0.4478120368223238,0.37012838528296355,0.4477469179702825,0.3156594780936892,0.488148351876398,0.3158461414254994,0.4476538383417279,0.489879710765417,0.3156594780936892,0.3156594780936892,0.44755915846688304,0.4895428684809433,0.3156594780936892,0.44769576591707194,0.37245826128061066,0.4477392718690237,0.3156594780936892,0.4478159911296354,0.49043135493200696,0.3156594780936892,0.3156594780936892,0.44060541213830495,0.48771342605034856,0.3156594780936892,0.4478083461066975,0.372195379163252,0.4477469179702825,0.3156594780936892,0.4477089499471067,0.37099889910526557,0.3156594780936892,0.3157702997828973,0.44919567915404357,0.3156594780936892,0.3156594780936892,0.3156594780936892,0.487918827753768,0.3156594780936892,0.3156594780936892,0.4474491591183623,0.3156594780936892,0.3156594780936892,0.3704920852464845,0.44747633152146943,0.3156594780936892,0.3158033898429156,0.4482483997941728,0.3156594780936892,0.3156594780936892,0.3156594780936892,0.4889181509699325,0.3156594780936892,0.3157702997828973,0.3156594780936892,0.4472953295759962,0.3156594780936892,0.3156594780936892,0.4875333954682022,0.3156594780936892,0.3156594780936892,0.3156594780936892,0.4476643864974868,0.3156594780936892,0.3156594780936892,0.37252623426708575,0.44809244990116714,0.3156594780936892,0.3156594780936892,0.3156594780936892,0.44743834249902564,0.37171510290551835,0.3156594780936892,0.3158803384422653,0.44751932942486417,0.3156594780936892,0.3156594780936892,0.44690407303987484
0.010441715891844982,0.04144072219519591,0.3701338739084409,0.8409422527342469,0.37322358827549346,0.45711174463743004,0.0343541661391255,0.040218247879682735,0.37521218977197246,0.3191589090269383,0.19570190249530675,0.3188763654234617,0.3158312719793184,0.014766816207144727,0.19497605577157975,0.31724754335477956,0.31270208441316977,0.1921408792494881,0.3167429546807838,0.010441715891844982,0.3163413910106544,0.19248026462948958,0.3030188854032185,0.013374744259301487,0.368494830179023,0.010441715891844982,0.3166294601621772,0.3706765058954076,0.010441715891844982,0.010441715891844982,0.30568023027007624,0.36964506850557277,0.014353506349996638,0.3072297340919267,0.010441715891844982,0.3720318295539103,0.010441715891844982,0.3198818604720556,0.37727227238507205,0.010441715891844982,0.010441715891844982,0.31916191355087115,0.37547339933782803,0.04254503066122233,0.3199628017739753,0.19759564888110756,0.3193365060257906,0.010441715891844982,0.3194202036235845,0.19421829825837822,0.3193274969885469,0.010441715891844982,0.3747535536549699,0.015083057986403315,0.3191949615664924,0.37704992149771693,0.010441715891844982,0.010441715891844982,0.3190601205519535,0.3766035834231116,0.010441715891844982,0.31925466520018103,0.19866116854165405,0.31931661075107265,0.010441715891844982,0.3194258327699402,0.3777804424732811,0.010441715891844982,0.010441715891844982,0.3090797512161549,0.3741758288996166,0.010441715891844982,0.31941494966986833,0.19816343876758624,0.3193274969885469,0.010441715891844982,0.3192734377674494,0.19588672075165928,0.010441715891844982,0.01339237743359256,0.3213870086122931,0.010441715891844982,0.010441715891844982,0.010441715891844982,0.3744487136628549,0.010441715891844982,0.010441715891844982,0.3189034276181738,0.010441715891844982,0.010441715891844982,0.19491661040000616,0.31894213785259096,0.010441715891844982,0.014154832312317425,0.32004110174565237,0.010441715891844982,0.010441715891844982,0.010441715891844982,0.37577524504253407,0.010441715891844982,0.01339237743359256,0.010441715891844982,0.3186842371709715,0.010441715891844982,0.010441715891844982,0.3739365863479304,0.010441715891844982,0.010441715891844982,0.010441715891844982,0.3192099823327831,0.010441715891844982,0.010441715891844982,0.19878972159639027,0.3198192677159621,0.010441715891844982,0.010441715891844982,0.010441715891844982,0.3188880174654059,0.19725179943741908,0.010441715891844982,0.0157863905503526,0.31900338874898265,0.010441715891844982,0.010441715891844982,0.31812641293440197
0.19469645985452352,0.19878081072696255,0.41754348040715666,0.8563893178874132,0.4202684498988284,0.4957471613654989,0.19742618677822782,0.1985297517904493,0.4220247509864453,0.37335073899269194,0.27575694897235026,0.373110342162171,0.37052308931942934,0.19497605577157975,0.2752434095731113,0.3717255944208911,0.36787136992708414,0.2732466456512188,0.37129700099662155,0.19469645985452352,0.37095604676593646,0.27348489588217767,0.35971227036760134,0.1948756412066004,0.41609984211823864,0.19469645985452352,0.37120062485851035,0.4180217143064774,0.19469645985452352,0.19469645985452352,0.36194754010159613,0.417112810003261,0.19494521103373488,0.36325151513127435,0.19469645985452352,0.41921682569771024,0.19469645985452352,0.3739661046898988,0.42384617970252275,0.19469645985452352,0.19469645985452352,0.3733532956374814,0.42225558835354426,0.19901377950470622,0.37403502362180224,0.2771012071302797,0.3735018728543411,0.19469645985452352,0.37357310666166677,0.27470830481733993,0.3734942056881788,0.19469645985452352,0.421619521962878,0.19500024429910423,0.3733814176634771,0.4236494904631171,0.19469645985452352,0.19469645985452352,0.3732666802929389,0.4232547351465605,0.19469645985452352,0.3734322240937413,0.27786034217642447,0.3734849410018886,0.19469645985452352,0.3735778977233544,0.42429578918039196,0.19469645985452352,0.19469645985452352,0.3648108010528476,0.4211092157236577,0.19469645985452352,0.3735686349529231,0.27750548390575336,0.3734942056881788,0.19469645985452352,0.3734481996398192,0.27588785941302396,0.19469645985452352,0.19487685132945531,0.3752484400131747,0.19469645985452352,0.19469645985452352,0.19469645985452352,0.4213502357442545,0.19469645985452352,0.19469645985452352,0.3731333650708297,0.19469645985452352,0.19469645985452352,0.2752013936717444,0.37316629834027537,0.19469645985452352,0.19493069416932787,0.3741016979204843,0.19469645985452352,0.19469645985452352,0.19469645985452352,0.42252237749972293,0.19469645985452352,0.19487685132945531,0.19469645985452352,0.37294690574835,0.19469645985452352,0.19469645985452352,0.4208979390529067,0.19469645985452352,0.19469645985452352,0.19469645985452352,0.3733941997561729,0.19469645985452352,0.19469645985452352,0.27795206500858116,0.3739128121124922,0.19469645985452352,0.19469645985452352,0.19469645985452352,0.37312025496422174,0.27685665623818306,0.19469645985452352,0.1950558664964822,0.37321841055480987,0.19469645985452352,0.19469645985452352,0.3724725335183853
0.31707653232964517,0.31958966293419827,0.4855806518452641,0.8801220524519434,0.48789501526576573,0.5532693047100133,0.31875260259890625,0.3194342625259534,0.48938861984601867,0.4486135121478674,0.3721034381875734,0.4484156264905337,0.4462883045269338,0.31724754335477956,0.3717255944208911,0.4472764928699463,0.44411259853800605,0.3702594419448321,0.44692417569884885,0.31707653232964517,0.4466439875485883,0.37043412912750845,0.4374483014554365,0.31718610866394503,0.4843560520708805,0.31707653232964517,0.44684496824796305,0.4859865560716641,0.31707653232964517,0.31707653232964517,0.43926944961215525,0.48521521571865955,0.31722867013326517,0.44033346110054145,0.31707653232964517,0.4870014148059119,0.31707653232964517,0.4491202302236568,0.4909392034050711,0.31707653232964517,0.31707653232964517,0.4486156168852516,0.489585042474196,0.3197339730155872,0.44917699636411,0.37309397495202506,0.448737939233311,0.31707653232964517,0.4487965905331526,0.37133221784896886,0.44873162656803567,0.31707653232964517,0.48904386803323896,0.3172623450798426,0.4486387684004937,0.4907716841326172,0.31707653232964517,0.31707653232964517,0.44854431387698274,0.4904355294853378,0.31707653232964517,0.44868059620906625,0.3736542962467983,0.4487239986558251,0.31707653232964517,0.44880053543631154,0.49132220384790315,0.31707653232964517,0.31707653232964517,0.4416073510897502,0.48860983544805064,0.31707653232964517,0.4487929085949352,0.373392289355882,0.44873162656803567,0.31707653232964517,0.448693748871056,0.3721998074931469,0.31707653232964517,0.3171868489132042,0.4501769511432311,0.31707653232964517,0.31707653232964517,0.31707653232964517,0.4888148151374587,0.31707653232964517,0.31707653232964517,0.44843457644736984,0.31707653232964517,0.31707653232964517,0.37169469452442405,0.448461684139892,0.31707653232964517,0.31721978822080066,0.44923191662256096,0.31707653232964517,0.31707653232964517,0.31707653232964517,0.48981208936144166,0.31707653232964517,0.3171868489132042,0.31707653232964517,0.4482811133773639,0.31707653232964517,0.31707653232964517,0.4884301749955928,0.31707653232964517,0.31707653232964517,0.31707653232964517,0.4486492914553453,0.31707653232964517,0.31707653232964517,0.37372204311590906,0.44907633709316147,0.31707653232964517,0.31707653232964517,0.31707653232964517,0.4484237855895349,0.37291361510347915,0.31707653232964517,0.31729638637368485,0.44850457965865087,0.31707653232964517,0.31707653232964517,0.44789078994036824
