0.0,0.0,0.13975527994839204,0.1865606484369231,0.8408964152537145,0.3361350716882968,0.0,0.2523671514987807,0.342403211768207,0.042160268502902186,0.3416804376455063,0.2507195621430069,0.3435651541319153,0.3486171600172691,0.01310309306408144,0.24943925319302357,0.34470754509788704,0.34743453570333,0.24933433241239372,0.34798917503289256,0.0,0.4267077818535972,0.0,0.3433219972369916,0.2142339643264308,0.3669534432333561,0.0,0.339966926205783,0.0,0.4286532940481184,0.3420583627090407,0.012023409475241213,0.42521119257214407,0.0,0.34112478690754433,0.2501597938673116,0.34381643522136696,0.34939430695350837,0.0,0.24916411916339193,0.3434728835576229,0.0,0.42848739422483284,0.3420677920724007,0.0511747482652339,0.3382460161967092,0.24780358088318782,0.0,0.3485958984607018,0.42290053186860027,0.0,0.3457086367649089,0.34772097211152453,0.24921811980149258,0.33729546022376466,0.0,0.0,0.42795645190904347,0.3402630003203281,0.0,0.42806259004262515,0.34905194593469435,0.0,0.24861295897527433,0.33767620236548834,0.3417431741516819,0.0,0.4229541023123579,0.0,0.0,0.4274314058293767,0.34795094985002484,0.005815318853218895,0.42781734319564874,0.0,0.34609900545791916,0.0,0.4293054394279573,0.0,0.3427040021192889,0.0,0.011992461126916477,0.0,0.0,0.42539694120128335,0.0,0.3452078717948211,0.0,0.0,0.0,0.24832865285343786,0.34133436452009613,0.0,0.012023409475241213,0.0,0.34867330667186003,0.0,0.24758932278268858,0.34091509127144715,0.0,0.0,0.0,0.3428003369086611,0.0,0.2473824371026848,0.3416382372487366,0.0,0.0,0.0,0.3439080696449508,0.0,0.0,0.2484189432031455,0.34811092410837075,0.010523518471591654,0.0,0.0,0.3426846214400521,0.24998713876516598,0.0,0.0,0.3471840011480521,0.0,0.0,0.3418830441530522
0.0,0.0,0.13975527994839204,0.1865606484369231,0.8408964152537145,0.3361350716882968,0.0,0.2523671514987807,0.342403211768207,0.042160268502902186,0.3416804376455063,0.2507195621430069,0.3435651541319153,0.3486171600172691,0.01310309306408144,0.24943925319302357,0.34470754509788704,0.34743453570333,0.24933433241239372,0.34798917503289256,0.0,0.4267077818535972,0.0,0.3433219972369916,0.2142339643264308,0.3669534432333561,0.0,0.339966926205783,0.0,0.4286532940481184,0.3420583627090407,0.012023409475241213,0.42521119257214407,0.0,0.34112478690754433,0.2501597938673116,0.34381643522136696,0.34939430695350837,0.0,0.24916411916339193,0.3434728835576229,0.0,0.42848739422483284,0.3420677920724007,0.0511747482652339,0.3382460161967092,0.24780358088318782,0.0,0.3485958984607018,0.42290053186860027,0.0,0.3457086367649089,0.34772097211152453,0.24921811980149258,0.33729546022376466,0.0,0.0,0.42795645190904347,0.3402630003203281,0.0,0.42806259004262515,0.34905194593469435,0.0,0.24861295897527433,0.33767620236548834,0.3417431741516819,0.0,0.4229541023123579,0.0,0.0,0.4274314058293767,0.34795094985002484,0.005815318853218895,0.42781734319564874,0.0,0.34609900545791916,0.0,0.4293054394279573,0.0,0.3427040021192889,0.0,0.011992461126916477,0.0,0.0,0.42539694120128335,0.0,0.3452078717948211,0.0,0.0,0.0,0.24832865285343786,0.34133436452009613,0.0,0.012023409475241213,0.0,0.34867330667186003,0.0,0.24758932278268858,0.34091509127144715,0.0,0.0,0.0,0.3428003369086611,0.0,0.2473824371026848,0.3416382372487366,0.0,0.0,0.0,0.3439080696449508,0.0,0.0,0.2484189432031455,0.34811092410837075,0.010523518471591654,0.0,0.0,0.3426846214400521,0.24998713876516598,0.0,0.0,0.3471840011480521,0.0,0.0,0.3418830441530522
0.13975527994839204,0.13975527994839204,0.19762496028000928,0.23306209655419474,0.8489892682388775,0.36382921967854376,0.13975527994839204,0.2883902129240724,0.3696139014861065,0.1459748491615566,0.3689461073890115,0.286951597213197,0.3706878682427078,0.3753631535253495,0.14036807429705359,0.28583520990891365,0.3717442542152747,0.3742678829501608,0.28574378240860726,0.3747814915565045,0.13975527994839204,0.44860878629888173,0.13975527994839204,0.3704630800326152,0.2557310943096044,0.39240642068568626,0.13975527994839204,0.36736373047679793,0.13975527994839204,0.4504526545108651,0.3692952598649702,0.14027142570031415,0.4471909079091707,0.13975527994839204,0.36843285812264165,0.2864633316818935,0.3709201900636108,0.37608317006819614,0.13975527994839204,0.28559547875926783,0.3706025654250588,0.13975527994839204,0.45029539254716366,0.36930397203108367,0.14882817806609355,0.3657756533619795,0.284410934837072,0.13975527994839204,0.3753434580034357,0.44500267474881844,0.13975527994839204,0.37267037486517307,0.3745331157106397,0.2856425259107899,0.36489896055106347,0.13975527994839204,0.13975527994839204,0.44979213168791193,0.36763706616001257,0.13975527994839204,0.4498927316351378,0.3757659504566721,0.13975527994839204,0.2851154283688318,0.3652500747504902,0.36900406384073764,0.13975527994839204,0.44505339432501456,0.13975527994839204,0.13975527994839204,0.4492945153076374,0.3747460906119402,0.13987619434488274,0.44966028495888244,0.13975527994839204,0.37303160878214975,0.13975527994839204,0.45107089805045075,0.13975527994839204,0.3698918692230046,0.13975527994839204,0.1402687768556142,0.13975527994839204,0.13975527994839204,0.4473668625505685,0.13975527994839204,0.37220706574549256,0.13975527994839204,0.13975527994839204,0.13975527994839204,0.2848679020047659,0.3686264292166042,0.13975527994839204,0.14027142570031415,0.13975527994839204,0.375415165437528,0.13975527994839204,0.2842245337631919,0.3682391947081454,0.13975527994839204,0.13975527994839204,0.13975527994839204,0.369980901740121,0.13975527994839204,0.2840445832819456,0.368907123185034,0.13975527994839204,0.13975527994839204,0.13975527994839204,0.37100491647284467,0.13975527994839204,0.13975527994839204,0.2849465044646156,0.3748942487991286,0.1401508525460254,0.13975527994839204,0.13975527994839204,0.3698739580388068,0.2863127828665432,0.13975527994839204,0.13975527994839204,0.37403591869483094,0.13975527994839204,0.13975527994839204,0.36913328214210694
0.1865606484369231,0.1865606484369231,0.23306209655419474,0.26375666134949316,0.8551544466580715,0.38405772085375733,0.1865606484369231,0.3136635230536511,0.38953019733018684,0.19126220711495462,0.388898011657945,0.31234317130285855,0.3905471305029465,0.3949774256852145,0.1870199509599161,0.3113192628621203,0.3915476948128428,0.393939073716818,0.3112354364798945,0.39442595550700377,0.1865606484369231,0.46496482070925227,0.1865606484369231,0.39033425611075817,0.28396581285809147,0.41117044905439,0.1865606484369231,0.38740045820882185,0.1865606484369231,0.4667382732764153,0.3892285325593765,0.1869474524303816,0.463601414582388,0.1865606484369231,0.38841220603523674,0.31189527636376124,0.3907671523540376,0.39566018078657017,0.1865606484369231,0.31109947141352323,0.3904663472784571,0.1865606484369231,0.46658699851000573,0.38923678021436847,0.19344773029964263,0.3858981487816762,0.31001387551593135,0.1865606484369231,0.39495875115788476,0.4614978104748712,0.1865606484369231,0.3924251025698453,0.3941904965642531,0.31114260313998787,0.3850690807016303,0.1865606484369231,0.1865606484369231,0.46610292065572123,0.3876590965367488,0.1865606484369231,0.46619968317232197,0.3953593623448588,0.1865606484369231,0.3106594358451877,0.3854010974842804,0.38895287330825173,0.1865606484369231,0.46154656071777334,0.1865606484369231,0.1865606484369231,0.46562430685173745,0.3943923947010177,0.1866512067175301,0.46597610541689866,0.1865606484369231,0.3927673927124192,0.1865606484369231,0.46733301260317106,0.1865606484369231,0.38979337595068464,0.1865606484369231,0.18694546577265528,0.1865606484369231,0.1865606484369231,0.463770593916469,0.1865606484369231,0.3919861367754385,0.1865606484369231,0.1865606484369231,0.1865606484369231,0.31043258737431967,0.3885954190345311,0.1865606484369231,0.1869474524303816,0.1865606484369231,0.3950267418010293,0.1865606484369231,0.3098431094312031,0.38822891509005997,0.1865606484369231,0.1865606484369231,0.1865606484369231,0.3898776756099249,0.1865606484369231,0.30967826957268435,0.3888611096348323,0.1865606484369231,0.1865606484369231,0.1865606484369231,0.390847396353089,0.1865606484369231,0.1865606484369231,0.310504620190155,0.39453285363798235,0.18685703806879977,0.1865606484369231,0.1865606484369231,0.3897764171410158,0.3117571990190015,0.1865606484369231,0.1865606484369231,0.3937192010537635,0.1865606484369231,0.1865606484369231,0.3890751945442269
0.8408964152537145,0.8408964152537145,0.8489892682388775,0.8551544466580715,1.0,0.8845747787011596,0.8408964152537145,0.8664330624391557,0.8860764479219411,0.841642761588577,0.8859023857146063,0.866116219120744,0.8863567622598488,0.8875824792480437,0.8409685931524207,0.8658711667857989,0.8866329453660433,0.8872945476674895,0.8658511299585298,0.8874295089497517,0.8408964152537145,0.9077644620948597,0.8408964152537145,0.8862980517546314,0.8595435710797584,0.8921222986455701,0.8408964152537145,0.8854906670845631,0.8408964152537145,0.9082918578376671,0.8859933703945608,0.8409571896557327,0.9073594190384523,0.8408964152537145,0.885768730364496,0.8660089538566013,0.8864174619920969,0.8877720207759328,0.8408964152537145,0.8658186387177562,0.8863344803281674,0.8408964152537145,0.9082468479093105,0.8859956413128757,0.8419953482068628,0.8850785073514299,0.8655595799036584,0.8408964152537145,0.88757729736119,0.9067351955003632,0.8408964152537145,0.8868754428874424,0.8873642299498031,0.8658289447056464,0.8848514263290196,0.8408964152537145,0.8408964152537145,0.9081028455899831,0.885561712485226,0.8408964152537145,0.908131626724317,0.8876884887031182,0.8408964152537145,0.8657135538911132,0.8849423333401805,0.8859174849656047,0.8408964152537145,0.9067496516242274,0.8408964152537145,0.8408964152537145,0.9079605124296871,0.8874202032518101,0.8409106335824794,0.9080651282367554,0.8408964152537145,0.8869701227991805,0.8408964152537145,0.9084688567826057,0.8408964152537145,0.8861489547024483,0.8408964152537145,0.8409568772246371,0.8408964152537145,0.8408964152537145,0.9074096594186483,0.8408964152537145,0.8867540857544253,0.8408964152537145,0.8408964152537145,0.8408964152537145,0.8656594217056822,0.8858191255364052,0.8408964152537145,0.8409571896557327,0.8408964152537145,0.8875961643077407,0.8408964152537145,0.8655188883997527,0.8857183265895278,0.8408964152537145,0.8408964152537145,0.8408964152537145,0.8861721851544473,0.8408964152537145,0.8654796242548924,0.8858922300318858,0.8408964152537145,0.8408964152537145,0.8408964152537145,0.886439604284656,0.8408964152537145,0.8408964152537145,0.8656766076266514,0.8874591522930049,0.8409429736883317,0.8408964152537145,0.8408964152537145,0.8861442816896662,0.8659759081251616,0.8408964152537145,0.8408964152537145,0.8872336287126605,0.8408964152537145,0.8408964152537145,0.8859511548511827
0.3361350716882968,0.3361350716882968,0.36382921967854376,0.38405772085375733,0.8845747787011596,0.47384232497283746,0.3361350716882968,0.4195697125147071,0.4782225406504582,0.3387516996377029,0.477715509013918,0.41859420543764436,0.4790387060769451,0.48260224559900605,0.33638872807541,0.41783894664307697,0.47984239885128543,0.4817658972459705,0.41777716210513205,0.48215797335759913,0.3361350716882968,0.5403810327440238,0.3361350716882968,0.47886780187094063,0.3980829277505963,0.49573211790659705,0.3361350716882968,0.4765154883717737,0.3361350716882968,0.5418764970010999,0.4779805634951546,0.33634866122360113,0.5392322605917181,0.3361350716882968,0.4773260589470752,0.41826369513064765,0.4792153799096235,0.48315255333229407,0.3361350716882968,0.4176769639682314,0.4789738465091052,0.3361350716882968,0.5417488820173925,0.4779871784608004,0.33998306422841945,0.4753131670384347,0.41687762996164623,0.3361350716882968,0.48258719793549626,0.5374614014158939,0.3361350716882968,0.4805477069482274,0.48196834391509746,0.4177087474107317,0.4746503035783314,0.3361350716882968,0.3361350716882968,0.5413405809099487,0.47672263359688916,0.3361350716882968,0.5414221883728045,0.4829100537163998,0.3361350716882968,0.41735281485762155,0.4749157045005348,0.4777594991712089,0.3361350716882968,0.5375024184987601,0.3361350716882968,0.3361350716882968,0.5409369870981493,0.48213094261094463,0.33618504983716924,0.5412336336824217,0.3361350716882968,0.4808229945191015,0.3361350716882968,0.5423783119853852,0.3361350716882968,0.47843369577952005,0.3361350716882968,0.33634756343272726,0.3361350716882968,0.3361350716882968,0.5393747631709109,0.3361350716882968,0.48019477950997885,0.3361350716882968,0.3361350716882968,0.3361350716882968,0.4171857867327475,0.47747291470246844,0.3361350716882968,0.33634866122360113,0.3361350716882968,0.482641984886965,0.3361350716882968,0.4167520045307311,0.4771791630982113,0.3361350716882968,0.3361350716882968,0.3361350716882968,0.4785013413013207,0.3361350716882968,0.4166307675179107,0.4776859206938462,0.3361350716882968,0.3361350716882968,0.3361350716882968,0.4792798224109828,0.3361350716882968,0.3361350716882968,0.4172388185951065,0.4822440767297248,0.3362987080173373,0.3361350716882968,0.3361350716882968,0.4784200878992048,0.41816184672643303,0.3361350716882968,0.3361350716882968,0.48158888837424024,0.3361350716882968,0.3361350716882968,0.4778575881883523
0.0,0.0,0.13975527994839204,0.1865606484369231,0.8408964152537145,0.3361350716882968,0.0,0.2523671514987807,0.342403211768207,0.042160268502902186,0.3416804376455063,0.2507195621430069,0.3435651541319153,0.3486171600172691,0.01310309306408144,0.24943925319302357,0.34470754509788704,0.34743453570333,0.24933433241239372,0.34798917503289256,0.0,0.4267077818535972,0.0,0.3433219972369916,0.2142339643264308,0.3669534432333561,0.0,0.339966926205783,0.0,0.4286532940481184,0.3420583627090407,0.012023409475241213,0.42521119257214407,0.0,0.34112478690754433,0.2501597938673116,0.34381643522136696,0.34939430695350837,0.0,0.24916411916339193,0.3434728835576229,0.0,0.42848739422483284,0.3420677920724007,0.0511747482652339,0.3382460161967092,0.24780358088318782,0.0,0.3485958984607018,0.42290053186860027,0.0,0.3457086367649089,0.34772097211152453,0.24921811980149258,0.33729546022376466,0.0,0.0,0.42795645190904347,0.3402630003203281,0.0,0.42806259004262515,0.34905194593469435,0.0,0.24861295897527433,0.33767620236548834,0.3417431741516819,0.0,0.4229541023123579,0.0,0.0,0.4274314058293767,0.34795094985002484,0.005815318853218895,0.42781734319564874,0.0,0.34609900545791916,0.0,0.4293054394279573,0.0,0.3427040021192889,0.0,0.011992461126916477,0.0,0.0,0.42539694120128335,0.0,0.3452078717948211,0.0,0.0,0.0,0.24832865285343786,0.34133436452009613,0.0,0.012023409475241213,0.0,0.34867330667186003,0.0,0.24758932278268858,0.34091509127144715,0.0,0.0,0.0,0.3428003369086611,0.0,0.2473824371026848,0.3416382372487366,0.0,0.0,0.0,0.3439080696449508,0.0,0.0,0.2484189432031455,0.34811092410837075,0.010523518471591654,0.0,0.0,0.3426846214400521,0.24998713876516598,0.0,0.0,0.3471840011480521,0.0,0.0,0.3418830441530522
0.2523671514987807,0.2523671514987807,0.2883902129240724,0.3136635230536511,0.8664330624391557,0.4195697125147071,0.2523671514987807,0.3565385710494369,0.42456082134763795,0.2558573002626149,0.4239836865930101,0.35538134751785694,0.4254895004546583,0.4295395826494398,0.2527063922711755,0.35448469649846126,0.42640359109907777,0.428589726634759,0.35441131792600017,0.42903506620824317,0.2523671514987807,0.4943019408391124,0.2523671514987807,0.4252950696695768,0.33079461405100313,0.44439912822554184,0.2523671514987807,0.42261711674591323,0.2523671514987807,0.4959590979476581,0.4242854076984001,0.2526528198384626,0.4930284033565873,0.2523671514987807,0.42354028296133195,0.35498903815993027,0.4256904764144955,0.4301643516772353,0.2523671514987807,0.35429230852365434,0.42541571444981685,0.2523671514987807,0.49581771678337644,0.42429293720051886,0.2574927159542908,0.42124702796838587,0.35334251515126963,0.2523671514987807,0.42952249640207363,0.49106425531379944,0.2523671514987807,0.42720546075002824,0.4288196870393923,0.3543300601926127,0.42049128277407394,0.2523671514987807,0.2523671514987807,0.49536533131017413,0.42285307511667336,0.2523671514987807,0.49545575480468457,0.42988906179215236,0.2523671514987807,0.35390722860087537,0.42079390547558343,0.42403376517285435,0.2523671514987807,0.4911097626793194,0.2523671514987807,0.2523671514987807,0.49491810163461925,0.4290043662677348,0.25243400799940663,0.4952468269261318,0.2523671514987807,0.42751835587349696,0.2523671514987807,0.4965149878083969,0.2523671514987807,0.4248011246310453,0.2523671514987807,0.2526513519394113,0.2523671514987807,0.2523671514987807,0.49318640928793833,0.2523671514987807,0.42680425259143223,0.2523671514987807,0.2523671514987807,0.2523671514987807,0.35370875921049005,0.42370749478577246,0.2523671514987807,0.2526528198384626,0.2523671514987807,0.42958470497908174,0.2523671514987807,0.3531931795781647,0.4233730121513225,0.2523671514987807,0.2523671514987807,0.2523671514987807,0.4248781022623491,0.2523671514987807,0.35304904425025097,0.42395000245469566,0.2523671514987807,0.2523671514987807,0.2523671514987807,0.4257637784909713,0.2523671514987807,0.2523671514987807,0.3537717770571552,0.42913285449419497,0.25258602172528594,0.2523671514987807,0.2523671514987807,0.4247856391228577,0.3548681222931729,0.2523671514987807,0.2523671514987807,0.4283886412084682,0.2523671514987807,0.2523671514987807,0.4241454258322317
0.342403211768207,0.342403211768207,0.3696139014861065,0.38953019733018684,0.8860764479219411,0.4782225406504582,0.342403211768207,0.42456082134763795,0.4825586547499806,0.34497101939132485,0.4820566936212937,0.4235975545711578,0.4833666769383837,0.48689492899998266,0.3426521044756927,0.42285180740542705,0.48416237337957474,0.48606682369817006,0.4227908023284288,0.48645503256727185,0.342403211768207,0.544154384624813,0.342403211768207,0.48319747601124596,0.4033560305416209,0.49989839196061375,0.342403211768207,0.4808687093671328,0.342403211768207,0.5456375488695303,0.4823190963428277,0.34261278963520764,0.5430150951223549,0.342403211768207,0.4816711442799592,0.4232712029043014,0.48354159104985306,0.48743982574652445,0.342403211768207,0.4226918687070503,0.48330246366032104,0.342403211768207,0.5455109815533584,0.48232564515975007,0.34617965223301456,0.4796784982205787,0.4219026418024787,0.342403211768207,0.4868800294379299,0.5412589123807974,0.342403211768207,0.4848606822824117,0.48626727288587396,0.4227232509792302,0.47902233321370696,0.342403211768207,0.342403211768207,0.5451060348725215,0.48107377329462886,0.342403211768207,0.5451869715859851,0.4871997092926332,0.342403211768207,0.4223718141111958,0.47928505029947266,0.4821002435061696,0.342403211768207,0.541299588713339,0.342403211768207,0.342403211768207,0.544705760474982,0.48642826827167224,0.3424522507939937,0.5449999668926974,0.342403211768207,0.4851332426225286,0.342403211768207,0.5461352476676987,0.342403211768207,0.48276770088106385,0.342403211768207,0.3426117124510326,0.342403211768207,0.342403211768207,0.5431564197793738,0.342403211768207,0.4845112550261225,0.342403211768207,0.342403211768207,0.342403211768207,0.42220689802777567,0.4818165285092278,0.342403211768207,0.34261278963520764,0.342403211768207,0.4869342772042853,0.342403211768207,0.4217786079713557,0.48152572111240827,0.342403211768207,0.342403211768207,0.342403211768207,0.48283467109247763,0.342403211768207,0.4216589077708434,0.48202740147176326,0.342403211768207,0.342403211768207,0.342403211768207,0.4836053919535144,0.342403211768207,0.342403211768207,0.4222592591482728,0.486540287354221,0.34256377423073425,0.342403211768207,0.342403211768207,0.4827542288684062,0.4231706371851656,0.342403211768207,0.342403211768207,0.4858915624573022,0.342403211768207,0.342403211768207,0.482197351048806
0.042160268502902186,0.042160268502902186,0.1459748491615566,0.19126220711495462,0.841642761588577,0.3387516996377029,0.042160268502902186,0.2558573002626149,0.34497101939132485,0.05962357641532324,0.34425378802905193,0.25423251661442403,0.3461240974487958,0.35113821279101826,0.04414950725270346,0.25297013071226415,0.34725782844391756,0.3499643648437566,0.2528666866111776,0.3505148811228005,0.042160268502902186,0.42875053219834225,0.042160268502902186,0.34588279086380413,0.21833857679369345,0.3693452540172398,0.042160268502902186,0.3425535062895908,0.042160268502902186,0.4306861749676896,0.34462881211812,0.04384119487923092,0.42726158989778895,0.042160268502902186,0.34370241356045006,0.25368056270197936,0.34637346901109367,0.35190962301579803,0.042160268502902186,0.2526988715421064,0.34603252871819506,0.042160268502902186,0.4305211136197405,0.3446381691788201,0.06630484799604985,0.3408460110254527,0.25135761678487273,0.042160268502902186,0.3511171085217042,0.4249628308866738,0.042160268502902186,0.34825137581192417,0.3502486704027519,0.2527521110075879,0.3399029204610676,0.042160268502902186,0.042160268502902186,0.42999285864173703,0.342847285442889,0.042160268502902186,0.4300984590866612,0.3515697862499365,0.042160268502902186,0.25215549859304215,0.3402806675671443,0.3443160425452956,0.042160268502902186,0.4250161240812842,0.042160268502902186,0.042160268502902186,0.42947047591698784,0.35047693969780086,0.04255944218368532,0.4298544550043944,0.042160268502902186,0.34863881384983864,0.042160268502902186,0.4313350299384357,0.042160268502902186,0.34526950959034935,0.042160268502902186,0.043832717443762007,0.042160268502902186,0.042160268502902186,0.4274463868083025,0.042160268502902186,0.3477543794670705,0.042160268502902186,0.042160268502902186,0.042160268502902186,0.251875222452078,0.34391037672070845,0.042160268502902186,0.04384119487923092,0.042160268502902186,0.3511939441749446,0.042160268502902186,0.25114641414538524,0.34349433516907,0.042160268502902186,0.042160268502902186,0.042160268502902186,0.34536510851346114,0.042160268502902186,0.2509424836496435,0.34421191194246054,0.042160268502902186,0.042160268502902186,0.042160268502902186,0.3464644077467937,0.042160268502902186,0.042160268502902186,0.2519642319876616,0.3506357268081202,0.04345379725132392,0.042160268502902186,0.042160268502902186,0.3452502770003956,0.2535103246953408,0.042160268502902186,0.042160268502902186,0.3497156967825003,0.042160268502902186,0.042160268502902186,0.34445483856163256
0.3416804376455063,0.3416804376455063,0.3689461073890115,0.388898011657945,0.8859023857146063,0.477715509013918,0.3416804376455063,0.4239836865930101,0.4820566936212937,0.34425378802905193,0.48155414945607733,0.4230190178345059,0.48286565220080735,0.4863979624530378,0.34192987109874595,0.4222721812988324,0.4836622681814164,0.4855689090989928,0.42221108695282755,0.4859575627432016,0.3416804376455063,0.5437172305584944,0.3416804376455063,0.48269625541011923,0.4027466246901296,0.499415969351359,0.3416804376455063,0.48036478125339704,0.3416804376455063,0.545201813318932,0.481816857090351,0.3418904708928802,0.542576847513955,0.3416804376455063,0.48116815159772447,0.4226921898691726,0.48304076866818024,0.4869434815528254,0.3416804376455063,0.4221120085117319,0.48280136460433337,0.3416804376455063,0.5450751251757976,0.48182341351344526,0.34546500241416483,0.4791731777661022,0.42132162412443636,0.3416804376455063,0.4863830458571194,0.5408189723804543,0.3416804376455063,0.4843613819907459,0.4857695880176894,0.4221434367281588,0.4785162426602894,0.3416804376455063,0.3416804376455063,0.5446697916347483,0.4805700844826974,0.3416804376455063,0.5447508057040782,0.48670309099349796,0.3416804376455063,0.4217914849960545,0.47877926829437956,0.48159774996539223,0.3416804376455063,0.5408596880047644,0.3416804376455063,0.3416804376455063,0.5442691344210613,0.48593076780251987,0.34172958327359304,0.5445636222538425,0.3416804376455063,0.48463425597046017,0.3416804376455063,0.54569998684064,0.3416804376455063,0.48226598226205875,0.3416804376455063,0.3418893913695199,0.3416804376455063,0.3416804376455063,0.5427183080065933,0.3416804376455063,0.4840115522100737,0.3416804376455063,0.3416804376455063,0.3416804376455063,0.4216263270381583,0.48131370502630594,0.3416804376455063,0.3418904708928802,0.3416804376455063,0.4864373556378318,0.3416804376455063,0.4211974080273316,0.481022559099414,0.3416804376455063,0.3416804376455063,0.3416804376455063,0.48233303012673145,0.3416804376455063,0.421077531836711,0.4815248232516378,0.3416804376455063,0.3416804376455063,0.3416804376455063,0.48310464335167674,0.3416804376455063,0.3416804376455063,0.42167876497277057,0.4860429151279701,0.341841349033524,0.3416804376455063,0.3416804376455063,0.48225249462615144,0.42259147724373836,0.3416804376455063,0.3416804376455063,0.48539344686458974,0.3416804376455063,0.3416804376455063,0.48169497036268444
0.2507195621430069,0.2507195621430069,0.286951597213197,0.31234317130285855,0.866116219120744,0.41859420543764436,0.2507195621430069,0.35538134751785694,0.4235975545711578,0.25423251661442403,0.4230190178345059,0.3542202204304257,0.42452848239266644,0.42858826852644855,0.25106104718832023,0.3533205280439021,0.4254447777560329,0.42763615155589724,0.3532468999248295,0.4280825523031135,0.2507195621430069,0.49348652753711403,0.2507195621430069,0.4243335815475421,0.32954435481770084,0.4434820518056543,0.2507195621430069,0.42164911444253694,0.2507195621430069,0.49514676113547185,0.4233214723158023,0.25100712074296844,0.4922106141402029,0.2507195621430069,0.4225745347265285,0.35382658220178054,0.42472994382726276,0.4292145197865837,0.2507195621430069,0.3531274855835209,0.4244545180470473,0.2507195621430069,0.49500511816116266,0.4233290201073376,0.25587840652320504,0.4202756638074658,0.35217445109694506,0.2507195621430069,0.4285711416881859,0.4902427817682447,0.2507195621430069,0.42624857442171293,0.4278666601683574,0.35316536573375945,0.41951805567290185,0.2507195621430069,0.2507195621430069,0.49455189413137085,0.42188564979677706,0.2507195621430069,0.494642485338846,0.4289385772694447,0.2507195621430069,0.3527410936075457,0.41982142508211207,0.4230692182029934,0.2507195621430069,0.49028837477283954,0.2507195621430069,0.2507195621430069,0.49410383421303283,0.4280517792733605,0.25078686141404616,0.49443316987483066,0.2507195621430069,0.42656221970544783,0.2507195621430069,0.49570367920311165,0.2507195621430069,0.4238384405827362,0.2507195621430069,0.2510056431417647,0.2507195621430069,0.2507195621430069,0.49236891539961775,0.2507195621430069,0.4258464029180723,0.2507195621430069,0.2507195621430069,0.2507195621430069,0.35254194691861235,0.42274215387289504,0.2507195621430069,0.25100712074296844,0.2507195621430069,0.42863349803681866,0.2507195621430069,0.35202460440501754,0.4224068561585943,0.2507195621430069,0.2507195621430069,0.2507195621430069,0.42391560475602913,0.2507195621430069,0.3518799753636108,0.42298525176333274,0.2507195621430069,0.2507195621430069,0.2507195621430069,0.42480342286786077,0.2507195621430069,0.2507195621430069,0.35260517989949874,0.42818057333673387,0.2509398810104915,0.2507195621430069,0.2507195621430069,0.42382291754068746,0.3537052561890738,0.2507195621430069,0.2507195621430069,0.4274345863217723,0.2507195621430069,0.2507195621430069,0.4231811503216177
0.3435651541319153,0.3435651541319153,0.3706878682427078,0.3905471305029465,0.8863567622598488,0.4790387060769451,0.3435651541319153,0.4254895004546583,0.4833666769383837,0.3461240974487958,0.48286565220080735,0.42452848239266644,0.4841731952088372,0.4876949292335935,0.34381318209646994,0.4237844824857835,0.48496741477506,0.48686834667791445,0.4237236205872887,0.4872558411593342,0.3435651541319153,0.5448582699351099,0.3435651541319153,0.48400430885588874,0.4043364559779298,0.5006750290780146,0.3435651541319153,0.4816798906142542,0.3435651541319153,0.5463391536809595,0.4831275652155717,0.34377400377022094,0.543720738451295,0.3435651541319153,0.48248082319827573,0.42420289467331945,0.48434778431777753,0.4882388263538369,0.3435651541319153,0.4236249192416582,0.4841091012928351,0.3435651541319153,0.546212780615917,0.48313410181652927,0.347328601354711,0.480491915563019,0.42283754879642915,0.3435651541319153,0.4876800570312645,0.5419672764076505,0.3435651541319153,0.48566443089721106,0.48706842687755014,0.42365622782411716,0.47983698731108976,0.3435651541319153,0.3435651541319153,0.5458084558803968,0.4818845702186228,0.3435651541319153,0.5458892682310751,0.48799915017043477,0.3435651541319153,0.42330561674009626,0.48009920887971097,0.482909120780194,0.3435651541319153,0.5420078895752889,0.3435651541319153,0.3435651541319153,0.5454087969232829,0.48722912608533403,0.3436140226836337,0.5457025509199477,0.3435651541319153,0.4859364874882903,0.3435651541319153,0.5468360892722269,0.3435651541319153,0.48357533358198584,0.3435651541319153,0.34377293032680895,0.3435651541319153,0.3435651541319153,0.5438618447354394,0.3435651541319153,0.48531565014761757,0.3435651541319153,0.3435651541319153,0.3435651541319153,0.42314108859338523,0.4826259356863412,0.3435651541319153,0.34377400377022094,0.3435651541319153,0.4877342051903838,0.3435651541319153,0.4227138072937924,0.4823356719822897,0.3435651541319153,0.3435651541319153,0.3435651541319153,0.4836421790765212,0.3435651541319153,0.42259438935522753,0.482836414745199,0.3435651541319153,0.3435651541319153,0.3435651541319153,0.48441146672385016,0.3435651541319153,0.3435651541319153,0.423193326513743,0.48734093918619836,0.34372515860542646,0.3435651541319153,0.3435651541319153,0.483561886661404,0.4241025645796553,0.3435651541319153,0.3435651541319153,0.4866934082666253,0.3435651541319153,0.3435651541319153,0.4830060470721285
0.3486171600172691,0.3486171600172691,0.3753631535253495,0.3949774256852145,0.8875824792480437,0.48260224559900605,0.3486171600172691,0.4295395826494398,0.48689492899998266,0.35113821279101826,0.4863979624530378,0.42858826852644855,0.4876949292335935,0.4911884101112456,0.3488614923105304,0.42785180804672424,0.4884827476535728,0.49036842860747326,0.42779156394190615,0.49075282628397593,0.3486171600172691,0.5479344540185549,0.3486171600172691,0.48752740628375185,0.4086096295507467,0.5040671907342618,0.3486171600172691,0.48522183309948325,0.3486171600172691,0.5494054219185035,0.4866577531615054,0.3488228974180149,0.5468045661350703,0.3486171600172691,0.48601625521453606,0.4282659773039121,0.48786810972686445,0.49172797370703725,0.3486171600172691,0.42769386482405036,0.4876313526490625,0.3486171600172691,0.5492798935030312,0.48666423682009885,0.3523250622814803,0.4840435477556347,0.4269145043490458,0.3486171600172691,0.4911736565152787,0.5450629325062148,0.3486171600172691,0.48917416028468536,0.4905669092868151,0.4277248554496636,0.4833939784442782,0.3486171600172691,0.3486171600172691,0.5488782731000338,0.48542484723791934,0.3486171600172691,0.5489585447023599,0.491490206177291,0.3486171600172691,0.4273778074128939,0.48365405293097274,0.48644107867056835,0.3486171600172691,0.5451032710708726,0.3486171600172691,0.3486171600172691,0.5484812901430887,0.4907263245834091,0.3486653000217724,0.5487730769697376,0.3486171600172691,0.48944403333709574,0.3486171600172691,0.549899038860878,0.3486171600172691,0.48710189762128164,0.3486171600172691,0.34882183996180244,0.3486171600172691,0.3486171600172691,0.5469447229880597,0.3486171600172691,0.4888281818147338,0.3486171600172691,0.3486171600172691,0.3486171600172691,0.4272149530757518,0.4861601900545096,0.3486171600172691,0.3488228974180149,0.3486171600172691,0.49122737286938234,0.3486171600172691,0.4267920240900352,0.48587228254768156,0.3486171600172691,0.3486171600172691,0.3486171600172691,0.4871682025935382,0.3486171600172691,0.42667382395005726,0.48636896202950153,0.3486171600172691,0.3486171600172691,0.3486171600172691,0.4879312785406855,0.3486171600172691,0.3486171600172691,0.4272666594337759,0.4908372447605833,0.3487747798174195,0.3486171600172691,0.3486171600172691,0.48708855944935164,0.42816666393455577,0.3486171600172691,0.3486171600172691,0.49019488960892543,0.3486171600172691,0.3486171600172691,0.4865372194545168
0.01310309306408144,0.01310309306408144,0.14036807429705359,0.1870199509599161,0.8409685931524207,0.33638872807541,0.01310309306408144,0.2527063922711755,0.3426521044756927,0.04414950725270346,0.34192987109874595,0.25106104718832023,0.34381318209646994,0.3488614923105304,0.018530571785039394,0.24978250240243993,0.344954728311485,0.3476797239060637,0.24967772698646104,0.348233961130512,0.01310309306408144,0.4269055509569358,0.01310309306408144,0.34357020570051466,0.21463387644282084,0.36718517794031824,0.01310309306408144,0.3402176504305099,0.01310309306408144,0.4288501039524636,0.34230751314336677,0.017783515374634972,0.4254097049188627,0.01310309306408144,0.3413746375652646,0.25050204803786896,0.34406427691303515,0.3496380798092702,0.01310309306408144,0.24950774981974336,0.3437209799871877,0.01310309306408144,0.42868428561737515,0.3423169354529666,0.052825611974481976,0.3384980493859613,0.2481491100762731,0.01310309306408144,0.34884024609278674,0.42310020106487445,0.01310309306408144,0.3459550841044433,0.3479659524991933,0.2495616755256178,0.33754822192267836,0.01310309306408144,0.01310309306408144,0.42815360447653994,0.34051350062468816,0.01310309306408144,0.42825969035328654,0.3492959649496289,0.01310309306408144,0.24895735626738363,0.33792867178950553,0.34199256058155875,0.01310309306408144,0.42315374455889354,0.01310309306408144,0.01310309306408144,0.4276288172453909,0.348195763621034,0.014335584409645738,0.4280145642882808,0.01310309306408144,0.3463451669518776,0.01310309306408144,0.4295019295542617,0.01310309306408144,0.3429526704333757,0.01310309306408144,0.01776260588588874,0.01310309306408144,0.01310309306408144,0.42559536104434903,0.01310309306408144,0.3454546867221821,0.01310309306408144,0.01310309306408144,0.01310309306408144,0.24867344691327956,0.3415840576657924,0.01310309306408144,0.017783515374634972,0.01310309306408144,0.3489175984675673,0.01310309306408144,0.24793515283409304,0.3411650997156563,0.01310309306408144,0.01310309306408144,0.01310309306408144,0.343048933435516,0.01310309306408144,0.24772855814809483,0.3418877023420633,0.01310309306408144,0.01310309306408144,0.01310309306408144,0.34415584347350603,0.01310309306408144,0.01310309306408144,0.24876361115983492,0.3483556221035795,0.01680581704087886,0.01310309306408144,0.01310309306408144,0.342933304200999,0.2503296308503792,0.01310309306408144,0.01310309306408144,0.3474293713869528,0.01310309306408144,0.01310309306408144,0.3421323258046479
0.24943925319302357,0.24943925319302357,0.28583520990891365,0.3113192628621203,0.8658711667857989,0.41783894664307697,0.24943925319302357,0.35448469649846126,0.42285180740542705,0.25297013071226415,0.4222721812988324,0.3533205280439021,0.4237844824857835,0.42785180804672424,0.24978250240243993,0.3524184659206911,0.424702490875224,0.4268979345196932,0.35234464335797805,0.4273451597082872,0.24943925319302357,0.49285556264639846,0.24943925319302357,0.42358921640649655,0.32857516711194606,0.4427721849032185,0.24943925319302357,0.4208996875937354,0.24943925319302357,0.4945181825473304,0.42257520563126283,0.2497282976826516,0.49157780629939535,0.24943925319302357,0.42182685940157594,0.3529258544148122,0.423986321129423,0.42847921083927104,0.24943925319302357,0.35222491349165935,0.42371037957057983,0.24943925319302357,0.4943763365011681,0.42258276763405755,0.2546242494320655,0.41952362453431585,0.35126935348648614,0.24943925319302357,0.4278346496734752,0.48960711597205836,0.24943925319302357,0.4255077847569987,0.4271288690441905,0.3522628937536337,0.4187645687023856,0.24943925319302357,0.24943925319302357,0.49392246204461865,0.4211366712977227,0.24943925319302357,0.4940131833391917,0.4282027613010285,0.24943925319302357,0.35183749916163654,0.41906851838488174,0.4223224763004605,0.24943925319302357,0.48965277540867297,0.24943925319302357,0.24943925319302357,0.4934737581423519,0.42731432989478313,0.24950690052097727,0.49380356724291613,0.24943925319302357,0.4258220128765177,0.24943925319302357,0.49507589813382996,0.24943925319302357,0.42309314620354854,0.24943925319302357,0.2497268124549693,0.24943925319302357,0.24943925319302357,0.49173633664155814,0.24943925319302357,0.4251048647759591,0.24943925319302357,0.24943925319302357,0.24943925319302357,0.35163782471256994,0.42199479505208326,0.24943925319302357,0.2497282976826516,0.24943925319302357,0.42789712082551173,0.24943925319302357,0.35111910851272915,0.4216588639890791,0.24943925319302357,0.24943925319302357,0.24943925319302357,0.4231704553214247,0.24943925319302357,0.35097409474939956,0.4222383515634832,0.24943925319302357,0.24943925319302357,0.24943925319302357,0.42405993766880434,0.24943925319302357,0.24943925319302357,0.35170122532952175,0.42744336156550855,0.24966071080888225,0.24943925319302357,0.24943925319302357,0.4230775939973551,0.35280420882934277,0.24943925319302357,0.24943925319302357,0.42669599651225876,0.24943925319302357,0.24943925319302357,0.4224346193498935
0.34470754509788704,0.34470754509788704,0.3717442542152747,0.3915476948128428,0.8866329453660433,0.47984239885128543,0.34470754509788704,0.42640359109907777,0.48416237337957474,0.34725782844391756,0.4836622681814164,0.4254447777560329,0.48496741477506,0.4884827476535728,0.344954728311485,0.424702490875224,0.4857601839964705,0.48765766058166893,0.4246417693481737,0.48804445346884595,0.34470754509788704,0.5455516401532294,0.34470754509788704,0.484798837341984,0.40530126262870936,0.501439899211604,0.34470754509788704,0.48247868921991727,0.34470754509788704,0.5470302817071572,0.48392370030370446,0.34491568334424383,0.5444158371199612,0.34470754509788704,0.4832781465469482,0.42511993902190504,0.4851416847219788,0.4890256630291509,0.34470754509788704,0.4245432957238507,0.48490343807578434,0.34470754509788704,0.546904099632429,0.4839302249085369,0.34845829814094437,0.4812929099190902,0.4237577453099097,0.34470754509788704,0.48846790232137993,0.5426650499501526,0.34470754509788704,0.48645593053951824,0.48785737840193366,0.4245745320615707,0.4806391960817659,0.34470754509788704,0.34470754509788704,0.5465003863992007,0.48268299142922566,0.34470754509788704,0.5465810764755843,0.48878641924201216,0.34470754509788704,0.4242247305644793,0.4809009310863369,0.4837056569189423,0.34470754509788704,0.5427056010176524,0.34470754509788704,0.34470754509788704,0.5461013325446882,0.4880177867351681,0.3447562471177253,0.5463946417202082,0.34470754509788704,0.4867274924169209,0.34470754509788704,0.5475264668993148,0.34470754509788704,0.484370647541958,0.34470754509788704,0.34491461355513003,0.34470754509788704,0.34470754509788704,0.5445567287058249,0.34470754509788704,0.48610778469625465,0.34470754509788704,0.34470754509788704,0.34470754509788704,0.4240605827421604,0.4834229921876404,0.34470754509788704,0.34491568334424383,0.34470754509788704,0.4885219526556379,0.34470754509788704,0.4236342903952524,0.48313326238401344,0.34470754509788704,0.34470754509788704,0.34470754509788704,0.48443737056268604,0.34470754509788704,0.42351514917468397,0.4836330844351074,0.34470754509788704,0.34470754509788704,0.34470754509788704,0.48520525075962506,0.34470754509788704,0.34470754509788704,0.424112699880108,0.4881293975421071,0.34486700448396757,0.34470754509788704,0.34470754509788704,0.48435722526214037,0.4250198399372475,0.34470754509788704,0.34470754509788704,0.4874830392166355,0.34470754509788704,0.34470754509788704,0.48380240522268875
