0.31022957119795663,0.2507115235502991,0.8302562742469487,0.5676869324389356,0.22022564494953029,0.3182112897292473,0.5712444315071193,0.5031254467224952,0.31733085544140405,0.21949290728460286,0.5503802532310991,0.4889427128388296,0.316578309951911,0.5535458177738671,0.21949290728460286,0.6124891949632951,0.21949290728460286,0.4953454783893215,0.5465860133483799,0.3174430701186049,0.48051579226725905,0.21949290728460286,0.613202494058309,0.21949290728460286,0.5683938074273235,0.21949290728460286,0.5380404965477296,0.5699943568741486,0.21949290728460286,0.3161339458417351,0.4773633829215467,0.4839743521315107,0.21949290728460286,0.6131907117067312,0.21949290728460286,0.4839220757572107,0.31655117187204035,0.5570406797291891,0.21949290728460286,0.6038635624760352,0.21949290728460286,0.488433358258544,0.2204026095978038,0.21949290728460286,0.8604371412044146,0.21949290728460286,0.5588670361250493,0.3163734845772141,0.5596939586707987,0.21949290728460286,0.5376151883283549,0.21989398252469283,0.5614764973558198,0.5397845879639671,0.21949290728460286,0.21949290728460286,0.48709669551254375,0.6160959681108159,0.21949290728460286,0.4822128750835902,0.21949290728460286,0.6195543355394358,0.21949290728460286,0.5678205913117742,0.3153974251885479,0.5043444619378964,0.21949290728460286,0.573230410065698,0.5389346319897975,0.21949290728460286,0.5725477525844577,0.31626880081942643,0.5544069653283876,0.21949290728460286,0.47258910392946935,0.31609738204933807,0.21949290728460286,0.5550051264210244,0.21949290728460286,0.21949290728460286,0.4841615012536641,0.3161245582357589,0.21949290728460286,0.21949290728460286,0.21949290728460286,0.5560831310752081,0.21949290728460286,0.21949290728460286,0.623195828999256,0.21949290728460286,0.21949290728460286,0.5003099414368574,0.21949290728460286,0.21949290728460286,0.21949290728460286,0.31543951497527645,0.5646971858864845,0.21949290728460286,0.2197691246674678,0.5562408624059374,0.21949290728460286,0.21949290728460286,0.3154761533734696,0.4739253000634061,0.21949290728460286,0.21949290728460286,0.21949290728460286,0.550942467692755,0.21949290728460286,0.3161383925072749,0.516435653293036,0.21949290728460286,0.21949290728460286,0.21949290728460286,0.5524052625531194,0.21949290728460286,0.31699052900136004,0.5576481037899171,0.21955755497235824,0.21970453952257926,0.21949290728460286,0.21949290728460286,0.5329990366748878,0.21949290728460286,0.21949290728460286
0.2507115235502991,0.17146323589525592,0.8152783058374165,0.5388754321283301,0.12257222048177335,0.26054973020243694,0.5426626220886492,0.4696768133118417,0.25947065494854804,0.12124936880692369,0.5204174280428969,0.4543284295443759,0.258547152044632,0.523797977775061,0.12124936880692369,0.5864219626753607,0.12124936880692369,0.46126526129273693,0.5163627725877872,0.2596082689271115,0.44517773540919603,0.12124936880692369,0.5871766152217731,0.12124936880692369,0.5396281273872011,0.12124936880692369,0.5072193803881481,0.5413320936555217,0.12124936880692369,0.25800132918880253,0.44174817656473764,0.44893630201938933,0.12124936880692369,0.5871641503150382,0.12124936880692369,0.44887952207698584,0.25851382863625744,0.5275278410418082,0.12124936880692369,0.5772910056011727,0.12124936880692369,0.45377601320044786,0.12289022751054049,0.12124936880692369,0.8470099346284372,0.12124936880692369,0.5294760458510278,0.2582956076428247,0.5303579246801079,0.12124936880692369,0.50676389162643,0.12197468165366387,0.5322584817411887,0.5090868071190376,0.12124936880692369,0.12124936880692369,0.45232593427377343,0.5902371797399643,0.12124936880692369,0.4470225524483164,0.12124936880692369,0.593893899293484,0.12124936880692369,0.5390177618194687,0.25709579923610604,0.47099313193048825,0.12124936880692369,0.5447758507134217,0.5081768313004227,0.12124936880692369,0.5440495303108271,0.2581670150711303,0.5247172569850024,0.12124936880692369,0.43654723148388064,0.2579564000113277,0.12124936880692369,0.5253557092737153,0.12124936880692369,0.12124936880692369,0.449139566151243,0.25798979405138417,0.12124936880692369,0.12124936880692369,0.12124936880692369,0.5265061464798257,0.12124936880692369,0.12124936880692369,0.5977426914324783,0.12124936880692369,0.12124936880692369,0.4666348769605368,0.12124936880692369,0.12124936880692369,0.12124936880692369,0.25714757589215376,0.535690879824182,0.12124936880692369,0.1217492070524311,0.5266744566425913,0.12124936880692369,0.12124936880692369,0.25719264371029527,0.43800369631664615,0.12124936880692369,0.12124936880692369,0.12124936880692369,0.5210179744738771,0.12124936880692369,0.2580067930246654,0.48402643914667726,0.12124936880692369,0.12124936880692369,0.12124936880692369,0.5225801989139149,0.12124936880692369,0.25905315018664116,0.5281758627432861,0.12136648208180872,0.12163246244096067,0.12124936880692369,0.12124936880692369,0.5018174912774229,0.12124936880692369,0.12124936880692369
0.8302562742469487,0.8152783058374165,0.9946609108179937,0.9150304466602868,0.8086205085483121,0.8324472587496945,0.9163050738282991,0.891994111069323,0.8322036028189019,0.8084695598652961,0.9088285081864929,0.8870041426396381,0.8319957252595442,0.9099626099368656,0.8084695598652961,0.9310124292659181,0.8084695598652961,0.8892519650299797,0.9074696458008501,0.8322346306529738,0.8840592662599895,0.8084695598652961,0.9312648331592474,0.8084695598652961,0.9152837408757123,0.8084695598652961,0.9044118976003989,0.9158572203075116,0.8084695598652961,0.8318731447714409,0.88296188564833,0.8852659416800059,0.8084695598652961,0.9312606646773259,0.8084695598652961,0.8852476820323105,0.831988235492883,0.9112149723236461,0.8084695598652961,0.9279533541370997,0.8084695598652961,0.8868256927059379,0.8086570296256778,0.8084695598652961,0.9986661244752587,0.8084695598652961,0.9118695114467541,0.8319392075057612,0.9121658780819822,0.8084695598652961,0.9042598380649353,0.8085521300418955,0.9128047444864954,0.9050355948379821,0.8084695598652961,0.8084695598652961,0.8863576676124527,0.9322877310158801,0.8084695598652961,0.8846510213214422,0.8084695598652961,0.9335081866228536,0.8084695598652961,0.9150783414244674,0.8316702453964074,0.8924247657512087,0.8084695598652961,0.9170164654741144,0.9047316188361352,0.8084695598652961,0.9167719489089354,0.8319103321728314,0.910271173880387,0.8084695598652961,0.8813046163278675,0.8318630639716484,0.8084695598652961,0.9104855150637831,0.8084695598652961,0.8084695598652961,0.8853313162404629,0.8318705564864027,0.8084695598652961,0.8084695598652961,0.8084695598652961,0.9108718181425247,0.8084695598652961,0.8084695598652961,0.9347905759257215,0.8084695598652961,0.8084695598652961,0.8910004537288924,0.8084695598652961,0.8084695598652961,0.8084695598652961,0.8316818312157106,0.9139590303234603,0.8084695598652961,0.8085264113195779,0.9109283429165201,0.8084695598652961,0.8084695598652961,0.8316919173731872,0.8817678589144482,0.8084695598652961,0.8084695598652961,0.8084695598652961,0.9090299056157797,0.8084695598652961,0.8318743707943422,0.8967093830965522,0.8084695598652961,0.8084695598652961,0.8084695598652961,0.909553958214396,0.8084695598652961,0.8321095494805023,0.9114326599960194,0.8084828601983388,0.8085131127716236,0.8084695598652961,0.8084695598652961,0.9026103518238159,0.8084695598652961,0.8084695598652961
0.5676869324389356,0.5388754321283301,0.9150304466602868,0.7287426957104509,0.5259253151835658,0.5718706945547326,0.7312252378234068,0.6845097896007079,0.5714057565010164,0.5256305093250837,0.7167256522069849,0.6750407607285216,0.5710090253727156,0.7189159043519554,0.5256305093250837,0.7602677232543185,0.5256305093250837,0.679302874313416,0.714105246039658,0.571464967544641,0.6694642936667113,0.5256305093250837,0.7607736556731544,0.5256305093250837,0.7292356562425323,0.5256305093250837,0.7082234401074361,0.730352436912549,0.5256305093250837,0.5707750544180169,0.6673881674291745,0.6717483394111358,0.5256305093250837,0.7607652977562775,0.5256305093250837,0.6717137674331358,0.5709947301553526,0.7213381489568217,0.5256305093250837,0.7541584800091249,0.5256305093250837,0.6747026183849892,0.5259966332670979,0.5256305093250837,0.9353862320710822,0.5256305093250837,0.7226056723281445,0.5709011517944484,0.7231799489812827,0.5256305093250837,0.7079314470689779,0.5257917774358546,0.7244186692749536,0.709421584305062,0.5256305093250837,0.5256305093250837,0.673815908787742,0.7628270404248378,0.5256305093250837,0.6705842373999152,0.5256305093250837,0.7652835320020352,0.5256305093250837,0.7288358944494946,0.5703877319166211,0.685328353358104,0.5256305093250837,0.732612849500732,0.7088375374998066,0.5256305093250837,0.7321357358430896,0.5708460366891066,0.7195123541279446,0.5256305093250837,0.6642545243132979,0.5707558121389844,0.5256305093250837,0.7199268086470855,0.5256305093250837,0.5256305093250837,0.6718721190149064,0.570770113900568,0.5256305093250837,0.5256305093250837,0.5256305093250837,0.720674056557765,0.5256305093250837,0.5256305093250837,0.7678726111132191,0.5256305093250837,0.5256305093250837,0.6826219708640558,0.5256305093250837,0.5256305093250837,0.5256305093250837,0.5704098500811375,0.7266594940016375,0.5256305093250837,0.5257415478866635,0.7207834265162295,0.5256305093250837,0.5256305093250837,0.5704291051305614,0.6651302456749612,0.5256305093250837,0.5256305093250837,0.5256305093250837,0.7171143832401768,0.5256305093250837,0.5707773946467974,0.693485783150489,0.5256305093250837,0.5256305093250837,0.5256305093250837,0.7181263384585862,0.5256305093250837,0.571226264525879,0.7217595837489025,0.5256564873758991,0.5257155747335072,0.5256305093250837,0.5256305093250837,0.7047669201249488,0.5256305093250837,0.5256305093250837
0.22022564494953029,0.12257222048177335,0.8086205085483121,0.5259253151835658,0.025399819175165032,0.2313729600311513,0.5298216815826443,0.4544764635316929,0.23015607049198725,0.017960384847368085,0.5069169835157273,0.4385473383252476,0.22911353688806882,0.5104006921467537,0.017960384847368085,0.5747636646035671,0.017960384847368085,0.4457510587547123,0.502737120339381,0.23031133550133967,0.42903270798118837,0.017960384847368085,0.5755375820707623,0.017960384847368085,0.5266998057133963,0.017960384847368085,0.49330521934573934,0.528452934735997,0.017960384847368085,0.22849688605128704,0.42546309075521155,0.4329424451803796,0.017960384847368085,0.5755247992351886,0.017960384847368085,0.4328833992778741,0.2290758995095628,0.5142431080955018,0.017960384847368085,0.5653968315361058,0.017960384847368085,0.4379733420361118,0.02689272088735362,0.017960384847368085,0.8410320087055171,0.017960384847368085,0.5162495856525884,0.22882939540938171,0.5171577276750684,0.017960384847368085,0.4928351274438843,0.022338492209670546,0.519114644914987,0.4952322834849647,0.017960384847368085,0.017960384847368085,0.4364663820251177,0.5786759293907813,0.017960384847368085,0.4309520235819319,0.017960384847368085,0.5824248646559709,0.017960384847368085,0.5260717699269061,0.22747306087176888,0.4558409677558628,0.017960384847368085,0.5319953085887047,0.49429329367015945,0.017960384847368085,0.5312482707523216,0.22868410961686955,0.5113478336280103,0.017960384847368085,0.42004575698773217,0.22844611080562238,0.017960384847368085,0.5120055894383174,0.017960384847368085,0.017960384847368085,0.43315381671124087,0.2284838502229606,0.017960384847368085,0.017960384847368085,0.017960384847368085,0.5131907128970812,0.017960384847368085,0.017960384847368085,0.5863698942403393,0.017960384847368085,0.017960384847368085,0.45132222429526325,0.017960384847368085,0.017960384847368085,0.017960384847368085,0.22753162821540843,0.5226480101116179,0.017960384847368085,0.02107246149026692,0.5133640872755879,0.017960384847368085,0.017960384847368085,0.22758260418014253,0.42156331294879074,0.017960384847368085,0.017960384847368085,0.017960384847368085,0.5075359368126522,0.017960384847368085,0.22850306066200426,0.46933856309989996,0.017960384847368085,0.017960384847368085,0.017960384847368085,0.5091458794539684,0.017960384847368085,0.2296848782543451,0.5149105516918784,0.018734781452015715,0.02038705524097771,0.017960384847368085,0.017960384847368085,0.48772868275833,0.017960384847368085,0.017960384847368085
0.3182112897292473,0.26054973020243694,0.8324472587496945,0.5718706945547326,0.2313729600311513,0.3259936965045976,0.5753961986771782,0.5079453606493114,0.3251347881243871,0.230675813598427,0.5547237211184642,0.49391946513225726,0.3244007303069504,0.5578595496091578,0.230675813598427,0.6162878979246426,0.230675813598427,0.5002505310320959,0.5509654477885095,0.3252442530486479,0.4855892784112302,0.230675813598427,0.6169953491518824,0.230675813598427,0.5725711904827078,0.230675813598427,0.5425022819751498,0.5741573358995637,0.230675813598427,0.32396732138956,0.4824737770254068,0.4890078027815114,0.230675813598427,0.6169836633322882,0.230675813598427,0.48895612804287375,0.3243742604565297,0.5613218617148585,0.230675813598427,0.6077336181412791,0.230675813598427,0.4934158798862692,0.23154136167564113,0.230675813598427,0.862398456221258,0.230675813598427,0.5631313224758157,0.3242009510551188,0.5639506206027598,0.230675813598427,0.5420811225118979,0.23105738035967785,0.5657167772485946,0.5442294108359529,0.230675813598427,0.230675813598427,0.4920944039572205,0.6198651813601633,0.230675813598427,0.48726665713389766,0.230675813598427,0.6232954562032266,0.230675813598427,0.5720031464176463,0.32324902209476275,0.5091512260139399,0.230675813598427,0.5773644330146075,0.5433877111802784,0.230675813598427,0.5766878655622251,0.3240988486647244,0.5587126497805384,0.230675813598427,0.4777561711699508,0.32393166030766973,0.230675813598427,0.5593052315175236,0.230675813598427,0.230675813598427,0.48919279892557777,0.3239581655322644,0.230675813598427,0.230675813598427,0.230675813598427,0.560373202532986,0.230675813598427,0.230675813598427,0.6269075583122002,0.230675813598427,0.230675813598427,0.5051604217017897,0.230675813598427,0.230675813598427,0.230675813598427,0.32329006844990227,0.5689080491214792,0.230675813598427,0.23093858861280275,0.5605294680685587,0.230675813598427,0.230675813598427,0.3233257987713438,0.47907641024085534,0.230675813598427,0.230675813598427,0.230675813598427,0.5552806365336537,0.230675813598427,0.3239716582862424,0.5211146445481267,0.230675813598427,0.230675813598427,0.230675813598427,0.556729680274071,0.230675813598427,0.3248028122870661,0.5619236578625341,0.23073731235551168,0.23087714377337712,0.230675813598427,0.230675813598427,0.5375103158792277,0.230675813598427,0.230675813598427
0.5712444315071193,0.5426626220886492,0.9163050738282991,0.7312252378234068,0.5298216815826443,0.5753961986771782,0.7336926951022669,0.6872650878960453,0.5749348004692969,0.5295294082967248,0.7192814703810746,0.6778558328617306,0.5745410929719242,0.721458331662147,0.5295294082967248,0.7625594750755562,0.5295294082967248,0.682090965545873,0.7166771083315044,0.5749935604880361,0.6723148670347101,0.5295294082967248,0.7630623520282253,0.5295294082967248,0.7317152016807922,0.5295294082967248,0.7108314155088988,0.7328251958578127,0.5295294082967248,0.5743089065291633,0.6702520186180944,0.6745843437188729,0.5295294082967248,0.7630540445874995,0.5295294082967248,0.6745499919666351,0.5745269067566919,0.723865786594865,0.5295294082967248,0.7564871277715414,0.5295294082967248,0.6775198366462667,0.5298923873229662,0.5295294082967248,0.9364899302900913,0.5295294082967248,0.7251255785547944,0.5744340420293633,0.7256963540375329,0.5295294082967248,0.7105412190859305,0.5296892907420625,0.7269275257821651,0.7120221915157399,0.5295294082967248,0.5295294082967248,0.6766387587957007,0.7651033351778543,0.5295294082967248,0.6734276620925813,0.5295294082967248,0.7675449883224549,0.5295294082967248,0.7313178699640612,0.573924540344413,0.6880785125428145,0.5295294082967248,0.7350718818153869,0.7114417356228155,0.5295294082967248,0.7345976644623056,0.5743793473089758,0.722051137788799,0.5295294082967248,0.667138481573883,0.5742898110564125,0.5295294082967248,0.7224630611738609,0.5295294082967248,0.5295294082967248,0.674707334912318,0.5743040037040621,0.5295294082967248,0.5295294082967248,0.5295294082967248,0.7232057470137955,0.5295294082967248,0.5295294082967248,0.7701184240004941,0.5295294082967248,0.5295294082967248,0.6853891377781607,0.5295294082967248,0.5295294082967248,0.5295294082967248,0.5739464896142438,0.7291547070406704,0.5295294082967248,0.529639492711162,0.7233144494089206,0.5295294082967248,0.5295294082967248,0.5739655976390192,0.6680085761446007,0.5295294082967248,0.5295294082967248,0.5295294082967248,0.7196678235048396,0.5295294082967248,0.5743112289039529,0.6961849535250715,0.5295294082967248,0.5295294082967248,0.5295294082967248,0.7206735910665875,0.5295294082967248,0.5747566761148353,0.7242846502146694,0.5295551630922882,0.5296137427160803,0.5295294082967248,0.5295294082967248,0.7073961880061272,0.5295294082967248,0.5295294082967248
0.5031254467224952,0.4696768133118417,0.891994111069323,0.6845097896007079,0.4544764635316929,0.5079453606493114,0.6872650878960453,0.6352948955334414,0.5074101526808308,0.454129084796018,0.6711638545739241,0.6247203775773695,0.5069533770302133,0.6735974534353069,0.454129084796018,0.719465356555211,0.454129084796018,0.6294821400138805,0.6682515859930953,0.5074783186220587,0.6184848159895585,0.454129084796018,0.7200259029577541,0.454129084796018,0.6850569561779706,0.454129084796018,0.6617116268233363,0.6862964560411584,0.454129084796018,0.5066839589456339,0.6161616893032621,0.6210395726903827,0.454129084796018,0.720016642899922,0.454129084796018,0.6210009110476833,0.5069369168232493,0.6762882033023102,0.454129084796018,0.7126958490476664,0.454129084796018,0.6243424454300911,0.4545604904602631,0.454129084796018,0.9152786043364214,0.454129084796018,0.677695981470734,0.5068291636888752,0.6783337481991626,0.454129084796018,0.661386846559592,0.45431911964186095,0.6797093021942251,0.6630441921549581,0.454129084796018,0.454129084796018,0.6233512888956689,0.7223008563078173,0.454129084796018,0.6197376311871396,0.454129084796018,0.725022243974329,0.454129084796018,0.6846132382144926,0.5062378972399129,0.6362082616515902,0.454129084796018,0.688804917229284,0.6623946436326573,0.454129084796018,0.6882754842308335,0.5067656980230638,0.6742600787365155,0.454129084796018,0.6126535059081121,0.5066618002249801,0.454129084796018,0.6747204936265181,0.454129084796018,0.454129084796018,0.6211779927307939,0.5066782696396633,0.454129084796018,0.454129084796018,0.454129084796018,0.6755505594769926,0.454129084796018,0.454129084796018,0.7278903459221505,0.454129084796018,0.454129084796018,0.63318798800883,0.454129084796018,0.454129084796018,0.454129084796018,0.506263371706493,0.6821972671006145,0.454129084796018,0.4542599322282447,0.6756720459269111,0.454129084796018,0.454129084796018,0.5062855484012935,0.6136341075062551,0.454129084796018,0.454129084796018,0.454129084796018,0.6715958149091217,0.454129084796018,0.5066866538570662,0.645304257999458,0.454129084796018,0.454129084796018,0.454129084796018,0.6727202254102141,0.454129084796018,0.5072035044435855,0.6767562897077424,0.45415969802748557,0.45422932635194724,0.454129084796018,0.454129084796018,0.6578662574964782,0.454129084796018,0.454129084796018
0.31733085544140405,0.25947065494854804,0.8322036028189019,0.5714057565010164,0.23015607049198725,0.3251347881243871,0.5749348004692969,0.5074101526808308,0.32427355318787066,0.22945520586352122,0.5542411214007968,0.49336696754871373,0.32353749752459054,0.5573802373663624,0.22945520586352122,0.6158655950501465,0.22945520586352122,0.4997059357088135,0.5504788724015234,0.32438331528684194,0.4850261243360171,0.22945520586352122,0.6165736943146949,0.22945520586352122,0.5721069581521673,0.22945520586352122,0.5420066062620995,0.573694697179702,0.22945520586352122,0.3231029048941902,0.4819065585521581,0.48844905845242814,0.22945520586352122,0.6165619977976862,0.22945520586352122,0.4883973174389036,0.32351095546860587,0.5608461485545718,0.22945520586352122,0.6073034095086558,0.22945520586352122,0.49286274657783374,0.23032536694259834,0.22945520586352122,0.8621803804836463,0.22945520586352122,0.5626574777056914,0.3233371730236872,0.5634776190209909,0.22945520586352122,0.5415849884300297,0.2298388104701377,0.5652455874658385,0.5437356093005475,0.22945520586352122,0.22945520586352122,0.49153959730348273,0.6194461465758585,0.22945520586352122,0.4867056732627952,0.22945520586352122,0.6228795350430733,0.22945520586352122,0.5715383418953243,0.32238263701437525,0.5086174683180885,0.22945520586352122,0.5769049982071052,0.5428929973922838,0.22945520586352122,0.5762277568745029,0.32323479171750297,0.5582342272970043,0.22945520586352122,0.4771827133320943,0.3230671462788962,0.22945520586352122,0.5588274259354468,0.22945520586352122,0.22945520586352122,0.4886342917657062,0.3230937239975257,0.22945520586352122,0.22945520586352122,0.22945520586352122,0.5598965063967833,0.22945520586352122,0.22945520586352122,0.6264948951024047,0.22945520586352122,0.22945520586352122,0.5046218430162589,0.22945520586352122,0.22945520586352122,0.22945520586352122,0.3224237960908651,0.5684401130675828,0.22945520586352122,0.2297193850100601,0.5600529340135566,0.22945520586352122,0.22945520586352122,0.3224596245121481,0.4785047089777598,0.22945520586352122,0.22945520586352122,0.22945520586352122,0.5547986226192188,0.22945520586352122,0.32310725365090404,0.520594983844607,0.22945520586352122,0.22945520586352122,0.22945520586352122,0.5562491865979979,0.22945520586352122,0.32394067491557105,0.5614485670441178,0.22951703352430505,0.22965761212774333,0.22945520586352122,0.22945520586352122,0.5370091725302184,0.22945520586352122,0.22945520586352122
0.21949290728460286,0.12124936880692369,0.8084695598652961,0.5256305093250837,0.017960384847368085,0.230675813598427,0.5295294082967248,0.454129084796018,0.22945520586352122,0.0,0.5066093872230927,0.43818626691440454,0.22840945551342345,0.510095496575344,0.0,0.574498727390208,0.0,0.44539628676636916,0.5024266082133246,0.2296109474621139,0.4286630276367409,0.0,0.5752730887293183,0.0,0.5264055055674717,0.0,0.4929879800151127,0.5281597750748139,0.0,0.2277908882296515,0.4250900914148918,0.4325763434593273,0.0,0.575260298568887,0.0,0.4325172439435007,0.2283717014588884,0.5139405301830426,0.0,0.5651264560426238,0.0,0.43761176076185876,0.02001607003306679,0.0,0.8408964152537145,0.0,0.5159483623185919,0.2281244322494776,0.5168571146905461,0.0,0.49251754729383596,0.013282801833470368,0.518815341409608,0.4949164357008305,0.0,0.0,0.43610345647013227,0.5784132277514724,0.0,0.4305841073011252,0.0,0.5821642862547081,0.0,0.5257770597862693,0.22676385830673304,0.45549472271730423,0.0,0.5317044356912092,0.49397676895306397,0.0,0.5309569175573818,0.2279786947433188,0.5110432862169363,0.0,0.41966762327741686,0.2277399547236681,0.0,0.5117014910225798,0.0,0.0,0.4327879068067723,0.22777781177690914,0.0,0.0,0.0,0.5128874211466575,0.0,0.0,0.5861115306193246,0.0,0.0,0.4509722019062257,0.0,0.0,0.0,0.22682260975102067,0.5223510514153119,0.0,0.011021488917886466,0.5130609132850187,0.0,0.0,0.2268737458767781,0.42118662959211955,0.0,0.0,0.0,0.5072287689940991,0.0,0.2277970820811082,0.46900322318206844,0.0,0.0,0.0,0.5088398221982164,0.0,0.22898256336139555,0.5146084253023461,0.005330723684530624,0.009646585076528416,0.0,0.0,0.4874073653521044,0.0,0.0
0.5503802532310991,0.5204174280428969,0.9088285081864929,0.7167256522069849,0.5069169835157273,0.5547237211184642,0.7192814703810746,0.6711638545739241,0.5542411214007968,0.5066093872230927,0.7043523496866507,0.6614025352201213,0.5538293026711055,0.7066077459270942,0.5066093872230927,0.7491759258837959,0.5066093872230927,0.6657966338962276,0.7016538682208213,0.5543025828901549,0.6556522756897495,0.5066093872230927,0.7496966498049956,0.5066093872230927,0.7172331711066359,0.5066093872230927,0.6955962301311754,0.7183829185740569,0.5066093872230927,0.553586426525084,0.6535111115772031,0.6580076603847593,0.5066093872230927,0.7496880475396303,0.5066093872230927,0.6579720102318302,0.5538144635181241,0.7091019189154124,0.5066093872230927,0.7428880066946904,0.5066093872230927,0.6610538908766888,0.5069913939920265,0.5066093872230927,0.9300012762511237,0.5066093872230927,0.7104070348161127,0.5537173239821326,0.7109983333242597,0.5066093872230927,0.6952954860159632,0.5067776535990755,0.7122737487933364,0.6968302603398937,0.5066093872230927,0.5066093872230927,0.6601396200102534,0.7518100626035514,0.5066093872230927,0.6568072267615161,0.5066093872230927,0.7543383604311644,0.5066093872230927,0.716821603645493,0.5531843501285155,0.6720075295036578,0.5066093872230927,0.7207099977485607,0.696228725064426,0.5066093872230927,0.720218818995574,0.5536601110344131,0.7072219183053883,0.5066093872230927,0.6502789446714974,0.5535664516215366,0.5066093872230927,0.7076486834122423,0.5066093872230927,0.5066093872230927,0.6581352998188795,0.5535812979074339,0.5066093872230927,0.5066093872230927,0.5066093872230927,0.7084181181079321,0.5066093872230927,0.5066093872230927,0.7570031216170029,0.5066093872230927,0.5066093872230927,0.6692180310875924,0.5066093872230927,0.5066093872230927,0.5066093872230927,0.5532073112211142,0.714580883418068,0.5066093872230927,0.506725244714623,0.708530734464773,0.5066093872230927,0.5066093872230927,0.5532273000449395,0.6511822432603253,0.5066093872230927,0.5066093872230927,0.5066093872230927,0.7047526501173705,0.5066093872230927,0.5535888558524906,0.6804139474331965,0.5066093872230927,0.5066093872230927,0.5066093872230927,0.7057947079018185,0.5066093872230927,0.5540548053169886,0.7095358561983862,0.5066364928411264,0.5066981445135862,0.5066093872230927,0.5066093872230927,0.6920359758273181,0.5066093872230927,0.5066093872230927
0.4889427128388296,0.4543284295443759,0.8870041426396381,0.6750407607285216,0.4385473383252476,0.49391946513225726,0.6778558328617306,0.6247203775773695,0.49336696754871373,0.43818626691440454,0.6614025352201213,0.6138967756068124,0.492895411359587,0.6638897929284587,0.43818626691440454,0.7107429951472776,0.43818626691440454,0.6187712970048153,0.6584258288032107,0.49343733728414824,0.607512008931343,0.43818626691440454,0.7113153419633755,0.43818626691440454,0.6755998122682253,0.43818626691440454,0.6517402324559085,0.676866208243823,0.43818626691440454,0.49261726465986777,0.6051328289471443,0.6101281131904274,0.43818626691440454,0.7113058870014733,0.43818626691440454,0.610088525431999,0.49287841810171584,0.6666396785014257,0.43818626691440454,0.7038306178683482,0.43818626691440454,0.6135098509083163,0.43863467441968534,0.43818626691440454,0.910889459036709,0.43818626691440454,0.6680783171760737,0.4927671747358814,0.6687300471688203,0.43818626691440454,0.6514081849268945,0.43838379481230627,0.6701356809071842,0.653102580103829,0.43818626691440454,0.43818626691440454,0.6124950800849476,0.7136381430368117,0.43818626691440454,0.6087949462517679,0.43818626691440454,0.7164166796316761,0.43818626691440454,0.6751464569045248,0.4921567339762248,0.6256550368836362,0.43818626691440454,0.6794289885536673,0.6524385214498192,0.43818626691440454,0.6788881033735161,0.49270165276042555,0.664566999616068,0.43818626691440454,0.6015395039032599,0.49259438768727076,0.43818626691440454,0.6650375389562538,0.43818626691440454,0.43818626691440454,0.6102698484297456,0.4926113909460697,0.43818626691440454,0.43818626691440454,0.43818626691440454,0.6658858430188225,0.43818626691440454,0.43818626691440454,0.7193449136929215,0.43818626691440454,0.43818626691440454,0.6225642210925189,0.43818626691440454,0.43818626691440454,0.43818626691440454,0.49218303534938374,0.6726779261703679,0.43818626691440454,0.4383222742735994,0.6660099971808181,0.43818626691440454,0.43818626691440454,0.49220593184643513,0.6025439649019813,0.43818626691440454,0.43818626691440454,0.43818626691440454,0.6618440322496107,0.43818626691440454,0.49262004692039624,0.6349612802651241,0.43818626691440454,0.43818626691440454,0.43818626691440454,0.6629932421295784,0.43818626691440454,0.49315363531665823,0.6671180319631748,0.4382180876177881,0.4382904617130438,0.43818626691440454,0.43818626691440454,0.6478086003891502,0.43818626691440454,0.43818626691440454
0.316578309951911,0.258547152044632,0.8319957252595442,0.5710090253727156,0.22911353688806882,0.3244007303069504,0.5745410929719242,0.5069533770302133,0.32353749752459054,0.22840945551342345,0.5538293026711055,0.492895411359587,0.3227997262197002,0.5569712271814535,0.22840945551342345,0.6155052751038599,0.22840945551342345,0.4992411353524044,0.5500636570693171,0.32364751481602705,0.4845454567015257,0.22840945551342345,0.6162139276973169,0.22840945551342345,0.5717108298396749,0.22840945551342345,0.5415836155832201,0.5732999300854381,0.22840945551342345,0.32236411705285634,0.48142241550968934,0.4879721613448241,0.22840945551342345,0.6162022220463085,0.22840945551342345,0.48792036366476105,0.32277312215638637,0.5604402130224004,0.22840945551342345,0.6069363389548067,0.22840945551342345,0.4923906468661521,0.22928360742448575,0.22840945551342345,0.861994319138617,0.22840945551342345,0.5622531382742221,0.3225989334781959,0.5630739998865341,0.22840945551342345,0.541161606100565,0.22879482317016317,0.5648435160480713,0.5433142199830138,0.22840945551342345,0.22840945551342345,0.4910660669214378,0.6190886170685884,0.22840945551342345,0.4862268612720161,0.22840945551342345,0.6225246640130059,0.22840945551342345,0.5711417248274036,0.3216421585664541,0.5081619323477852,0.22840945551342345,0.5765129677443828,0.5424708286187935,0.22840945551342345,0.5758351508217749,0.3224963126472978,0.557825977232743,0.22840945551342345,0.476693234781284,0.32232827467793745,0.22840945551342345,0.5584197028857409,0.22840945551342345,0.22840945551342345,0.4881575974428313,0.32235491465292493,0.22840945551342345,0.22840945551342345,0.22840945551342345,0.559489731130864,0.22840945551342345,0.22840945551342345,0.6261428057037877,0.22840945551342345,0.22840945551342345,0.5041621860303298,0.22840945551342345,0.22840945551342345,0.22840945551342345,0.3216834144487797,0.5680408210573614,0.22840945551342345,0.22867484945994207,0.5596462972104371,0.22840945551342345,0.22840945551342345,0.3217193271187002,0.47801673257724847,0.22840945551342345,0.22840945551342345,0.22840945551342345,0.5543873043576784,0.22840945551342345,0.32236847599470586,0.5201514968468751,0.22840945551342345,0.22840945551342345,0.22840945551342345,0.5558391671053163,0.22840945551342345,0.32320384429742316,0.5610431631601642,0.22847156773249966,0.22861279277152893,0.22840945551342345,0.22840945551342345,0.5365815099423981,0.22840945551342345,0.22840945551342345
0.5535458177738671,0.523797977775061,0.9099626099368656,0.7189159043519554,0.5104006921467537,0.5578595496091578,0.721458331662147,0.6735974534353069,0.5573802373663624,0.510095496575344,0.7066077459270942,0.6638897929284587,0.5569712271814535,0.708851225227313,0.510095496575344,0.7511972861982896,0.510095496575344,0.6682596553909683,0.7039235499012785,0.5574412799525609,0.6581714627415934,0.510095496575344,0.7517153133951735,0.510095496575344,0.7194207625598865,0.510095496575344,0.6978980958238852,0.7205644854031764,0.510095496575344,0.5567300088144632,0.656042252222122,0.6605137387343791,0.510095496575344,0.7517067556775907,0.510095496575344,0.6604782866754575,0.5569564892850241,0.7113322428083471,0.510095496575344,0.7449419503310918,0.510095496575344,0.6635430775018789,0.5104745222131204,0.510095496575344,0.9309877309838602,0.510095496575344,0.7126304842660658,0.5568600126868102,0.7132186702761499,0.510095496575344,0.6975989539288308,0.510262449382683,0.7144873764318477,0.699125556159112,0.510095496575344,0.510095496575344,0.6626338691699352,0.7538177831452563,0.510095496575344,0.6593199807414052,0.510095496575344,0.7563329928889735,0.510095496575344,0.7190113526979982,0.5563306791229361,0.6744365208080508,0.510095496575344,0.7228793830555612,0.6985272225181377,0.510095496575344,0.7223907741333446,0.5568031902719148,0.7094621559619178,0.510095496575344,0.6528281984241961,0.5567101702981653,0.510095496575344,0.7098866694346463,0.510095496575344,0.510095496575344,0.6606406690043729,0.5567249152139859,0.510095496575344,0.510095496575344,0.510095496575344,0.7106520463183938,0.510095496575344,0.510095496575344,0.758983962020814,0.510095496575344,0.510095496575344,0.6716622744480342,0.510095496575344,0.510095496575344,0.510095496575344,0.5563534832845278,0.7167823887768544,0.510095496575344,0.510210449553025,0.7107640689527055,0.510095496575344,0.510095496575344,0.5563733354993466,0.6537264264684826,0.510095496575344,0.510095496575344,0.510095496575344,0.7070059297806793,0.510095496575344,0.5567324215550713,0.6827972726990353,0.510095496575344,0.510095496575344,0.510095496575344,0.7080424807477501,0.510095496575344,0.5571951915624644,0.7117638937132358,0.5101223905470056,0.510183560897197,0.510095496575344,0.510095496575344,0.6943568367662055,0.510095496575344,0.510095496575344
0.21949290728460286,0.12124936880692369,0.8084695598652961,0.5256305093250837,0.017960384847368085,0.230675813598427,0.5295294082967248,0.454129084796018,0.22945520586352122,0.0,0.5066093872230927,0.43818626691440454,0.22840945551342345,0.510095496575344,0.0,0.574498727390208,0.0,0.44539628676636916,0.5024266082133246,0.2296109474621139,0.4286630276367409,0.0,0.5752730887293183,0.0,0.5264055055674717,0.0,0.4929879800151127,0.5281597750748139,0.0,0.2277908882296515,0.4250900914148918,0.4325763434593273,0.0,0.575260298568887,0.0,0.4325172439435007,0.2283717014588884,0.5139405301830426,0.0,0.5651264560426238,0.0,0.43761176076185876,0.02001607003306679,0.0,0.8408964152537145,0.0,0.5159483623185919,0.2281244322494776,0.5168571146905461,0.0,0.49251754729383596,0.013282801833470368,0.518815341409608,0.4949164357008305,0.0,0.0,0.43610345647013227,0.5784132277514724,0.0,0.4305841073011252,0.0,0.5821642862547081,0.0,0.5257770597862693,0.22676385830673304,0.45549472271730423,0.0,0.5317044356912092,0.49397676895306397,0.0,0.5309569175573818,0.2279786947433188,0.5110432862169363,0.0,0.41966762327741686,0.2277399547236681,0.0,0.5117014910225798,0.0,0.0,0.4327879068067723,0.22777781177690914,0.0,0.0,0.0,0.5128874211466575,0.0,0.0,0.5861115306193246,0.0,0.0,0.4509722019062257,0.0,0.0,0.0,0.22682260975102067,0.5223510514153119,0.0,0.011021488917886466,0.5130609132850187,0.0,0.0,0.2268737458767781,0.42118662959211955,0.0,0.0,0.0,0.5072287689940991,0.0,0.2277970820811082,0.46900322318206844,0.0,0.0,0.0,0.5088398221982164,0.0,0.22898256336139555,0.5146084253023461,0.005330723684530624,0.009646585076528416,0.0,0.0,0.4874073653521044,0.0,0.0
0.6124891949632951,0.5864219626753607,0.9310124292659181,0.7602677232543185,0.5747636646035671,0.6162878979246426,0.7625594750755562,0.719465356555211,0.6158655950501465,0.574498727390208,0.7491759258837959,0.7107429951472776,0.6155052751038599,0.7511972861982896,0.574498727390208,0.7893720703349674,0.574498727390208,0.714668313539908,0.7467577605258513,0.615919374244989,0.7056090766905148,0.574498727390208,0.7898391061554976,0.574498727390208,0.7607227908657367,0.574498727390208,0.7413307071315671,0.7617537408332247,0.574498727390208,0.615292790787073,0.7036982902299199,0.7077115920190311,0.574498727390208,0.7898313908405643,0.574498727390208,0.7076797649200559,0.6154922924002394,0.7534328956863027,0.574498727390208,0.7837322047082759,0.574498727390208,0.710431625393266,0.5748277601674668,0.574498727390208,0.9491380264789399,0.574498727390208,0.7546028122642058,0.6154073068332224,0.7551328782490865,0.574498727390208,0.7410613209734157,0.5746436537967187,0.7562762600954527,0.7424361202670522,0.574498727390208,0.574498727390208,0.709615158974736,0.7917345760238034,0.574498727390208,0.7066399625353667,0.574498727390208,0.7940020388379029,0.574498727390208,0.7603537576859337,0.6149410595757306,0.7202196356353884,0.574498727390208,0.7638404830670403,0.741897269633652,0.574498727390208,0.7634000209746546,0.6153572533863566,0.7517477655192113,0.574498727390208,0.7008148286409009,0.6152753160541251,0.574498727390208,0.7521302819626319,0.574498727390208,0.574498727390208,0.7078255447119407,0.6152883040864442,0.574498727390208,0.574498727390208,0.574498727390208,0.7528199574503358,0.574498727390208,0.574498727390208,0.7963917351426555,0.574498727390208,0.574498727390208,0.7177259476397382,0.574498727390208,0.574498727390208,0.574498727390208,0.6149611445608765,0.7583446985465601,0.574498727390208,0.574598513457514,0.7529209020513776,0.574498727390208,0.574498727390208,0.6149786296904166,0.7016205580074337,0.574498727390208,0.574498727390208,0.574498727390208,0.7495346719763715,0.574498727390208,0.6152949160530247,0.7277384968114317,0.574498727390208,0.574498727390208,0.574498727390208,0.7504685892487521,0.574498727390208,0.6157025729870365,0.7538218733684559,0.5745220725930327,0.5745751721196022,0.574498727390208,0.574498727390208,0.7381420072522277,0.574498727390208,0.574498727390208
0.21949290728460286,0.12124936880692369,0.8084695598652961,0.5256305093250837,0.017960384847368085,0.230675813598427,0.5295294082967248,0.454129084796018,0.22945520586352122,0.0,0.5066093872230927,0.43818626691440454,0.22840945551342345,0.510095496575344,0.0,0.574498727390208,0.0,0.44539628676636916,0.5024266082133246,0.2296109474621139,0.4286630276367409,0.0,0.5752730887293183,0.0,0.5264055055674717,0.0,0.4929879800151127,0.5281597750748139,0.0,0.2277908882296515,0.4250900914148918,0.4325763434593273,0.0,0.575260298568887,0.0,0.4325172439435007,0.2283717014588884,0.5139405301830426,0.0,0.5651264560426238,0.0,0.43761176076185876,0.02001607003306679,0.0,0.8408964152537145,0.0,0.5159483623185919,0.2281244322494776,0.5168571146905461,0.0,0.49251754729383596,0.013282801833470368,0.518815341409608,0.4949164357008305,0.0,0.0,0.43610345647013227,0.5784132277514724,0.0,0.4305841073011252,0.0,0.5821642862547081,0.0,0.5257770597862693,0.22676385830673304,0.45549472271730423,0.0,0.5317044356912092,0.49397676895306397,0.0,0.5309569175573818,0.2279786947433188,0.5110432862169363,0.0,0.41966762327741686,0.2277399547236681,0.0,0.5117014910225798,0.0,0.0,0.4327879068067723,0.22777781177690914,0.0,0.0,0.0,0.5128874211466575,0.0,0.0,0.5861115306193246,0.0,0.0,0.4509722019062257,0.0,0.0,0.0,0.22682260975102067,0.5223510514153119,0.0,0.011021488917886466,0.5130609132850187,0.0,0.0,0.2268737458767781,0.42118662959211955,0.0,0.0,0.0,0.5072287689940991,0.0,0.2277970820811082,0.46900322318206844,0.0,0.0,0.0,0.5088398221982164,0.0,0.22898256336139555,0.5146084253023461,0.005330723684530624,0.009646585076528416,0.0,0.0,0.4874073653521044,0.0,0.0
