0.0,0.12455995145826412,0.1472327230084661,0.13094380065873493,0.5611900504391674,0.8408964121211313,0.006185215208470999,0.02047841827236395,0.5634739170959767,0.0,0.438568648239113,0.5420828899886847,0.0,0.009297475161372328,0.4233226220981508,0.22093584561751184,0.4919208235086375,0.5010749252787702,0.22080845914414562,0.4302466522297529,0.009297475161372328,0.5389309570902058,0.0,0.4139668366853723,0.502239375110311,0.21973540556435844,0.0,0.5074407347956547,0.0,0.4753983990480733,0.5087663010077335,0.009328832650006403,0.22030018271985963,0.41076357187806906,0.41722754052533295,0.22174557797254155,0.5008137659299532,0.4177478606778239,0.0,0.22093385576060606,0.4958542257051038,0.4922502365830857,0.21910366568028122,0.044680768056596515,0.42054260978961167,0.548810702391188,0.0,0.4286829552722149,0.0,0.5502383447335257,0.0,0.4985168532545965,0.010658448036279447,0.47520842413940784,0.5008560601780965,0.0,0.47760582211563696,0.0,0.42130796638361906,0.22004394568863578,0.5051395257659693,0.0,0.4157315066796889,0.5605313197694357,0.0,0.0,0.5070309700962057,0.49524487746062473,0.0,0.5125052208003791,0.22044913097498764,0.4190345089570407,0.0,0.5122210302239727,0.22038996252245752,0.4933112994726543,0.40549077062935346,0.22008123480776473,0.0,0.0,0.49333409623697166,0.0,0.0,0.41764083244576344,0.22008323226337126,0.0,0.0,0.4947485671306875,0.0,0.0,0.22009122190708674,0.512920677612372,0.0,0.010658448036279447,0.4357096134915707,0.0,0.0,0.0,0.2195652927135592,0.5036682228808254,0.0,0.0,0.4949816447847868,0.0,0.21928883239556457,0.0,0.4069455785544988,0.0,0.0,0.48919632210725883,0.0,0.0,0.22020570872956988,0.45235325375606183,0.010658448036279447,0.0,0.0,0.4908191087977564,0.2213520008644681,0.0,0.4964235551617734,0.0,0.0,0.0,0.412440876975518
0.12455995145826412,0.1761437707158212,0.19283775860599275,0.18071279899587583,0.5741271921519662,0.8473444124192009,0.12471340657188211,0.1262319107038271,0.5763480047136994,0.12455995145826412,0.45557083680344806,0.5555615905820798,0.12455995145826412,0.12490642132675858,0.4409586131865676,0.25358126721709273,0.5069625580048823,0.5158139669650554,0.2534703853528898,0.4475901462273695,0.12490642132675858,0.5525015447261059,0.12455995145826412,0.4320110878105761,0.5169405223347127,0.25253697208146236,0.12455995145826412,0.5219742373315003,0.12455995145826412,0.4910093513250256,0.5232574958844275,0.12490875906914001,0.2530281160829624,0.4289512106287999,0.4351277496465202,0.25428644599036654,0.5155613249872149,0.4356252605350913,0.12455995145826412,0.25357953505452,0.5107648399175441,0.5072809277348943,0.251987957690164,0.1323301980841331,0.43829831197319014,0.5620957554981038,0.12455995145826412,0.4460918129884588,0.12455995145826412,0.5634827300497293,0.12455995145826412,0.5133396177563398,0.12501508008111778,0.49082610277868355,0.5156022394019699,0.12455995145826412,0.4931389294604778,0.12455995145826412,0.43903057860074646,0.25280524836329,0.5197468744499609,0.12455995145826412,0.4336975660450532,0.5734867117760581,0.12455995145826412,0.12455995145826412,0.5215775848251433,0.5101756987155835,0.12455995145826412,0.526877972667724,0.25315769580090997,0.4368557114644822,0.12455995145826412,0.5266027391004643,0.253106218811637,0.5083064971359473,0.42391861619339966,0.25283767749111546,0.12455995145826412,0.12455995145826412,0.508328532628992,0.12455995145826412,0.12455995145826412,0.43552292017609284,0.2528394146503987,0.12455995145826412,0.12455995145826412,0.509695875330438,0.12455995145826412,0.12455995145826412,0.252846363170184,0.5272803486738763,0.12455995145826412,0.12501508008111778,0.45282783296534906,0.12455995145826412,0.12455995145826412,0.12455995145826412,0.25238909757348826,0.5183230544694267,0.12455995145826412,0.12455995145826412,0.5099212071868487,0.12455995145826412,0.2521488373277998,0.12455995145826412,0.4253066207412828,0.12455995145826412,0.12455995145826412,0.5043298370802543,0.12455995145826412,0.12455995145826412,0.25294593799552534,0.46881310585384256,0.12501508008111778,0.12455995145826412,0.12455995145826412,0.5058978612409858,0.2539436108875056,0.12455995145826412,0.5113153240657511,0.12455995145826412,0.12455995145826412,0.12455995145826412,0.43055319914210277
0.1472327230084661,0.19283775860599275,0.2081940482500828,0.19701913050664235,0.5791672053198365,0.8498640518254753,0.1473625549676463,0.14864972212920405,0.5813639747448497,0.1472327230084661,0.4621363129995554,0.5608076592258159,0.1472327230084661,0.14752592102760612,0.44775718740479287,0.26542948559476454,0.5127986425138651,0.5215363551588448,0.2653235993599534,0.4542813168650691,0.14752592102760612,0.5577824945211102,0.1472327230084661,0.43895907865065437,0.5226486572163004,0.26443239984209593,0.1472327230084661,0.5276192640284696,0.1472327230084661,0.49705847968882516,0.5288865830188113,0.1475279001115549,0.2649012960328805,0.4359515407495009,0.44202308971051185,0.26610298743420546,0.521286916239801,0.44251225662134747,0.1472327230084661,0.2654278314414488,0.5165517077141227,0.5131128690900346,0.26390834916721534,0.15386140986430508,0.44514075857782737,0.5672682366829859,0.1472327230084661,0.4528070103264529,0.1472327230084661,0.568639743980441,0.1472327230084661,0.5190934814092834,0.1476179203363045,0.4968777425997388,0.5213273117666198,0.1472327230084661,0.4991589820858062,0.1472327230084661,0.4458609031720889,0.264688513897139,0.5254197101635966,0.1472327230084661,0.44061698494547463,0.578533681960053,0.1472327230084661,0.1472327230084661,0.5272275505060721,0.5159701547531383,0.1472327230084661,0.5324624077183128,0.26502501930977473,0.4437221419653795,0.1472327230084661,0.5321905523242247,0.2649758681959909,0.5141251198003757,0.43100646372757556,0.26471947446989447,0.1472327230084661,0.1472327230084661,0.5141468695893534,0.1472327230084661,0.1472327230084661,0.4424116313061555,0.2647211329716015,0.1472327230084661,0.1472327230084661,0.5154965216999169,0.1472327230084661,0.1472327230084661,0.2647277668763375,0.5328598498187616,0.1472327230084661,0.1476179203363045,0.4594360847320934,0.1472327230084661,0.1472327230084661,0.1472327230084661,0.26429123935805476,0.5240137627041043,0.1472327230084661,0.1472327230084661,0.5157189453547707,0.1472327230084661,0.26406190323242684,0.1472327230084661,0.4323701495491937,0.1472327230084661,0.1472327230084661,0.5102003405835616,0.1472327230084661,0.1472327230084661,0.26482283490149905,0.47517804958208826,0.1476179203363045,0.1472327230084661,0.1472327230084661,0.5117478311221362,0.26577553239173335,0.1472327230084661,0.5170951138667182,0.1472327230084661,0.1472327230084661,0.1472327230084661,0.43752604625960745
0.13094380065873493,0.18071279899587583,0.19701913050664235,0.18516888662277378,0.5754665405527688,0.8480136057786118,0.13108977909072853,0.13253520810726552,0.5776809362823342,0.13094380065873493,0.4573186029285758,0.5569559565648351,0.13094380065873493,0.13127341392428749,0.4427690348193376,0.25677093247501864,0.5085147090468017,0.517335682865102,0.25666144025502,0.44937168949297207,0.13127341392428749,0.5539052283986636,0.13094380065873493,0.4338617097950091,0.5184584238279832,0.2557397719964366,0.13094380065873493,0.5234752528368588,0.13094380065873493,0.49261857189682146,0.5247542471108128,0.13127563822443547,0.25622472553326925,0.43081592158854715,0.43696420256986535,0.257467300966604,0.5170838981068387,0.43745946832193905,0.13094380065873493,0.2567692220119887,0.5123038144272815,0.508831969444934,0.2551977051528951,0.1383557816421686,0.4401205342996874,0.5634704684120561,0.13094380065873493,0.4478798151607424,0.13094380065873493,0.5648533128140925,0.13094380065873493,0.514869757788415,0.13137680401957363,0.49243599643058567,0.5171246736532678,0.13094380065873493,0.49474035816974904,0.13094380065873493,0.4408495401130133,0.25600466398889776,0.5212553303226237,0.13094380065873493,0.4355404984537122,0.5748279170298529,0.13094380065873493,0.13094380065873493,0.5230799217042289,0.511716704604586,0.13094380065873493,0.5283627797106584,0.2563526758860589,0.43868438601524845,0.13094380065873493,0.5280884497089324,0.2563018459867551,0.5098539728922532,0.4258068939812962,0.25603668449662514,0.13094380065873493,0.13094380065873493,0.5098759318929604,0.13094380065873493,0.13094380065873493,0.43735758942670394,0.2560383997698677,0.13094380065873493,0.13094380065873493,0.5112385384258216,0.13094380065873493,0.13094380065873493,0.2560452607498753,0.5287638360595065,0.13094380065873493,0.13137680401957363,0.45458709161672184,0.13094380065873493,0.13094380065873493,0.13094380065873493,0.2555937658967594,0.5198362926329438,0.13094380065873493,0.13094380065873493,0.511463091725608,0.13094380065873493,0.2553565458894601,0.13094380065873493,0.4271883488823485,0.13094380065873493,0.13094380065873493,0.505891204592512,0.13094380065873493,0.13094380065873493,0.2561435816101469,0.470507026067298,0.13137680401957363,0.13094380065873493,0.13094380065873493,0.5074537302434712,0.25712874321631196,0.13094380065873493,0.5128524038485744,0.13094380065873493,0.13094380065873493,0.13094380065873493,0.4324105116090853
0.5611900504391674,0.5741271921519662,0.5791672053198365,0.5754665405527688,0.7731860895446228,0.9454188154267607,0.5612224003097288,0.5615445401552233,0.7745869666701194,0.5611900504391674,0.7011480577169988,0.7615318101907601,0.5611900504391674,0.5612631430925368,0.6927620685584114,0.6007392098563771,0.7316054975113946,0.7369842526804796,0.6006954761783868,0.6965514022305388,0.5612631430925368,0.7596213523342429,0.5611900504391674,0.687694439484349,0.7376713166446618,0.6003279232628571,0.5611900504391674,0.7407479329998212,0.5611900504391674,0.722003398463014,0.7415339750966703,0.5612636369223143,0.6005211884962466,0.6859736270061222,0.6894536419549658,0.6010176985537565,0.7368302470660993,0.6897350595378344,0.5611900504391674,0.6007385265457637,0.733911736428202,0.731798348892392,0.6001122387534834,0.5628751440526336,0.6912498626267828,0.7656214659965014,0.5611900504391674,0.695692801963255,0.5611900504391674,0.7664912952068341,0.5611900504391674,0.735477141888198,0.5612861056164083,0.7218938255024959,0.7368551858053929,0.5611900504391674,0.7232780088652191,0.5611900504391674,0.6916656497295259,0.600433453112518,0.7393852345287655,0.5611900504391674,0.6886455703227812,0.7727823330212104,0.5611900504391674,0.5611900504391674,0.7405051083873084,0.733553969259692,0.5611900504391674,0.7437553178761286,0.6005722277648488,0.6904317665372368,0.5611900504391674,0.743586259943244,0.6005519493660837,0.7324198997839626,0.6831572791847812,0.6004462155378893,0.5611900504391674,0.5611900504391674,0.7324332597658849,0.5611900504391674,0.5611900504391674,0.6896771572395728,0.6004468992304564,0.5611900504391674,0.5611900504391674,0.7332627030198855,0.5611900504391674,0.5611900504391674,0.6004496339917835,0.744002526382472,0.5611900504391674,0.5612861056164083,0.6995637613821967,0.5611900504391674,0.5611900504391674,0.5611900504391674,0.6002697929699584,0.7385152457047203,0.5611900504391674,0.5611900504391674,0.7333994728232178,0.5611900504391674,0.6001754029528655,0.5611900504391674,0.6839322955323127,0.5611900504391674,0.5611900504391674,0.7300125294409514,0.5611900504391674,0.5611900504391674,0.600488830665644,0.7088592202684217,0.5612861056164083,0.5611900504391674,0.5611900504391674,0.7309608999788929,0.6008822299116375,0.5611900504391674,0.7342461693123503,0.5611900504391674,0.5611900504391674,0.5611900504391674,0.6868737642291983
0.8408964121211313,0.8473444124192009,0.8498640518254753,0.8480136057786118,0.9454188154267607,1.0,0.8409124966996718,0.8410726781985133,0.9460589817546577,0.8408964121211313,0.9109940948698532,0.94003953327402,0.8408964121211313,0.8409327545883534,0.9068491158836395,0.8606855554915381,0.9258517016776158,0.9284362534309755,0.8606635686585923,0.9087244958809434,0.8409327545883534,0.9391490846378253,0.8408964121211313,0.9043353364436558,0.9287654068255043,0.8604787897829642,0.8408964121211313,0.9302364788441913,0.8408964121211313,0.9212057994509962,0.9306115607212856,0.840933000129539,0.8605759481345732,0.9034803254384961,0.905208698843718,0.8608255675019455,0.9283624422093002,0.9053483402126832,0.8408964121211313,0.8606852119602316,0.9269615301006447,0.9259446004713204,0.8603703643753962,0.8417345272336307,0.9060996602000284,0.9419377394195734,0.8408964121211313,0.9082999035710073,0.8408964121211313,0.9423400356972758,0.8408964121211313,0.9277134414795688,0.840944172025957,0.9211525615571717,0.9283743955300577,0.8408964121211313,0.9218247360517094,0.8408964121211313,0.9063057840810703,0.8605318414051467,0.9295854903365668,0.8408964121211313,0.9048076210526058,0.9452340415155758,0.8408964121211313,0.8408964121211313,0.930120544983876,0.9267895227772632,0.8408964121211313,0.9316698207417047,0.860601607111292,0.9056939673738106,0.8408964121211313,0.9315893707087549,0.8605914125247951,0.9262438938977273,0.902079529668877,0.860538257350933,0.8408964121211313,0.8408964121211313,0.9262503251537003,0.8408964121211313,0.8408964121211313,0.9053196102708719,0.8605386010582645,0.8408964121211313,0.8408964121211313,0.9266494439471546,0.8408964121211313,0.8408964121211313,0.8605399758834724,0.9317874335037268,0.8408964121211313,0.840944172025957,0.9102125333462683,0.8408964121211313,0.8408964121211313,0.8408964121211313,0.8604495670960841,0.9291693948091567,0.8408964121211313,0.8408964121211313,0.9267152256111576,0.8408964121211313,0.8604021168625647,0.8408964121211313,0.9024651830132568,0.8408964121211313,0.8408964121211313,0.9250837102677484,0.8408964121211313,0.8408964121211313,0.8605596809873912,0.9147871757220624,0.840944172025957,0.8408964121211313,0.8408964121211313,0.925541069519862,0.8607574589910295,0.8408964121211313,0.927122264877288,0.8408964121211313,0.8408964121211313,0.8408964121211313,0.9039276577625206
0.006185215208470999,0.12471340657188211,0.1473625549676463,0.13108977909072853,0.5612224003097288,0.8409124966996718,0.008747215275486664,0.02139211300957917,0.5635061067892728,0.006185215208470999,0.43861144721436385,0.5421166177708635,0.006185215208470999,0.011166912369340818,0.4233670745881832,0.22102230459095124,0.491958551411119,0.5011118757102448,0.22089496821514504,0.4302903407334736,0.011166912369340818,0.5389649190598357,0.006185215208470999,0.4140123581528469,0.5022762283075176,0.21982233892523076,0.006185215208470999,0.5074771580885814,0.006185215208470999,0.475437592853794,0.5088026158742328,0.011193033844850259,0.2203868922541947,0.4108094695261749,0.4172726844838484,0.22183171983608588,0.5008507382193328,0.4177929448927231,0.006185215208470999,0.2210203155161577,0.4958916166511134,0.49228793609586813,0.21919085076249673,0.04510684919336231,0.4205873754084876,0.5488439370137272,0.006185215208470999,0.42872681436793136,0.006185215208470999,0.5502714758526628,0.006185215208470999,0.49855401858944937,0.01232312468792769,0.4752476352982277,0.5008930289263714,0.006185215208470999,0.4776448151448507,0.006185215208470999,0.4213526454225782,0.22013075663082982,0.5051761383763896,0.006185215208470999,0.41577682317210973,0.5605637160112342,0.006185215208470999,0.006185215208470999,0.5070674269985826,0.4952823203180222,0.006185215208470999,0.5125412322612927,0.22053578166937388,0.41907944601713043,0.006185215208470999,0.5122570646220663,0.22047663658107017,0.49334890775322826,0.40553729933908816,0.2201680309779209,0.006185215208470999,0.006185215208470999,0.49337170256099205,0.006185215208470999,0.006185215208470999,0.41768592893867756,0.2201700276423793,0.006185215208470999,0.006185215208470999,0.4947860523472724,0.006185215208470999,0.006185215208470999,0.22017801412170906,0.5129566555779768,0.006185215208470999,0.01232312468792769,0.43575271464056836,0.006185215208470999,0.006185215208470999,0.006185215208470999,0.21965229371570075,0.5037049572650902,0.006185215208470999,0.006185215208470999,0.4950191100999125,0.006185215208470999,0.21937594354764214,0.006185215208470999,0.40699193165056574,0.006185215208470999,0.006185215208470999,0.48923428602763663,0.006185215208470999,0.006185215208470999,0.22029245562548722,0.45239464346418123,0.01232312468792769,0.006185215208470999,0.006185215208470999,0.49085693187795215,0.22143829657437145,0.006185215208470999,0.49646089770029034,0.006185215208470999,0.006185215208470999,0.006185215208470999,0.41248657698057883
0.02047841827236395,0.1262319107038271,0.14864972212920405,0.13253520810726552,0.5615445401552233,0.8410726781985133,0.02139211300957917,0.028960855586091044,0.5638266522972197,0.02047841827236395,0.4390375581524652,0.5424524721600642,0.02047841827236395,0.0224901900878862,0.4238096314024688,0.22188174620192455,0.49233421298229396,0.5014798010792664,0.22175490570914205,0.4307252991901175,0.0224901900878862,0.5393031042378206,0.02047841827236395,0.41446554590649076,0.5026431861220174,0.22068647603960384,0.02047841827236395,0.5078398379569785,0.02047841827236395,0.4758278397542391,0.5091642167803867,0.02250317143548495,0.2212488139668195,0.4112663981674821,0.41772211802779047,0.22268802249847963,0.5012188810901954,0.4182417842946183,0.02047841827236395,0.22187976486880193,0.4962639253957124,0.49266331518319395,0.2200574792891151,0.04915013365082697,0.4210330463695432,0.5491748830447274,0.02047841827236395,0.429163469515513,0.02047841827236395,0.5506013917086441,0.02047841827236395,0.4989240823878091,0.023086102245518273,0.47563805484842964,0.5012611365607228,0.02047841827236395,0.47803306446112853,0.02047841827236395,0.421797455331748,0.2209936820724607,0.5055407021440349,0.02047841827236395,0.41622797252626176,0.5608863174139088,0.02047841827236395,0.02047841827236395,0.5074304413164545,0.4956551456027123,0.02047841827236395,0.512899813908162,0.2213971209807357,0.41952682197274394,0.02047841827236395,0.5126158745241767,0.22133820715356617,0.49372337905607816,0.4060005032506048,0.22103081020773943,0.02047841827236395,0.02047841827236395,0.4937461543955596,0.02047841827236395,0.02047841827236395,0.4181348904439708,0.22103279904148807,0.02047841827236395,0.02047841827236395,0.4951592991223355,0.02047841827236395,0.02047841827236395,0.22104075420008976,0.5133149039016768,0.02047841827236395,0.023086102245518273,0.4361818311568135,0.02047841827236395,0.02047841827236395,0.02047841827236395,0.2205171003187387,0.5040707327926165,0.02047841827236395,0.02047841827236395,0.4953921588478712,0.02047841827236395,0.2202418403603021,0.02047841827236395,0.40745338929375985,0.02047841827236395,0.02047841827236395,0.48961229600887607,0.02047841827236395,0.02047841827236395,0.22115474714261132,0.452806736200438,0.023086102245518273,0.02047841827236395,0.02047841827236395,0.491233540484747,0.22229612212092817,0.02047841827236395,0.49683272476842844,0.02047841827236395,0.02047841827236395,0.02047841827236395,0.41294154019599455
0.5634739170959767,0.5763480047136994,0.5813639747448497,0.5776809362823342,0.7745869666701194,0.9460589817546577,0.5635061067892728,0.5638266522972197,0.7759824808151493,0.5634739170959767,0.7028261115800797,0.7629772541736186,0.5634739170959767,0.563546647856565,0.6944730806638646,0.6028360698606906,0.7331655112763545,0.7385236147861359,0.6027925341322472,0.6982474917108376,0.563546647856565,0.761074097634172,0.5634739170959767,0.6894254908439688,0.7392080435904049,0.602426645552321,0.5634739170959767,0.7422728667530765,0.5634739170959767,0.7236003970834769,0.7430558974820892,0.5635471392415418,0.6026190354953739,0.6877115057066939,0.6911777256991788,0.6031132984630733,0.7383701999249154,0.6914580297903291,0.5634739170959767,0.6028353896427756,0.735462890391309,0.733357621477978,0.602211938278157,0.5651506843148688,0.692966844391581,0.7670512779778229,0.5634739170959767,0.6973922682125754,0.5634739170959767,0.7679177817133277,0.5634739170959767,0.7370222864693574,0.5635694967031679,0.7234912471872056,0.7383950429991673,0.5634739170959767,0.7248700879985192,0.5634739170959767,0.6933809892678228,0.6025316974187243,0.7409153904091306,0.5634739170959767,0.6903728530770411,0.7741847555275567,0.5634739170959767,0.5634739170959767,0.7420309725445946,0.7351064971285063,0.5634739170959767,0.745268733467099,0.6026698436669509,0.6921519814123085,0.5634739170959767,0.7451003227925528,0.6026496570823993,0.7339767839736184,0.6849063576309242,0.6025444020454008,0.5634739170959767,0.5634739170959767,0.7339900926244223,0.5634739170959767,0.5634739170959767,0.6914003565707079,0.6025450826416916,0.5634739170959767,0.5634739170959767,0.7348163495532342,0.5634739170959767,0.5634739170959767,0.6025478050179975,0.7455149955518472,0.5634739170959767,0.5635694967031679,0.7012480235368203,0.5634739170959767,0.5634739170959767,0.5634739170959767,0.6023687785968583,0.7400487366411395,0.5634739170959767,0.5634739170959767,0.7349525940501495,0.5634739170959767,0.602274816245019,0.5634739170959767,0.6856782887223063,0.5634739170959767,0.5634739170959767,0.7315786676631185,0.5634739170959767,0.5634739170959767,0.6025868241879496,0.7105071678113093,0.5635694967031679,0.5634739170959767,0.5634739170959767,0.7325233915276649,0.6029784426948531,0.5634739170959767,0.7357960391445547,0.5634739170959767,0.5634739170959767,0.5634739170959767,0.6886080701563343
0.0,0.12455995145826412,0.1472327230084661,0.13094380065873493,0.5611900504391674,0.8408964121211313,0.006185215208470999,0.02047841827236395,0.5634739170959767,0.0,0.438568648239113,0.5420828899886847,0.0,0.009297475161372328,0.4233226220981508,0.22093584561751184,0.4919208235086375,0.5010749252787702,0.22080845914414562,0.4302466522297529,0.009297475161372328,0.5389309570902058,0.0,0.4139668366853723,0.502239375110311,0.21973540556435844,0.0,0.5074407347956547,0.0,0.4753983990480733,0.5087663010077335,0.009328832650006403,0.22030018271985963,0.41076357187806906,0.41722754052533295,0.22174557797254155,0.5008137659299532,0.4177478606778239,0.0,0.22093385576060606,0.4958542257051038,0.4922502365830857,0.21910366568028122,0.044680768056596515,0.42054260978961167,0.548810702391188,0.0,0.4286829552722149,0.0,0.5502383447335257,0.0,0.4985168532545965,0.010658448036279447,0.47520842413940784,0.5008560601780965,0.0,0.47760582211563696,0.0,0.42130796638361906,0.22004394568863578,0.5051395257659693,0.0,0.4157315066796889,0.5605313197694357,0.0,0.0,0.5070309700962057,0.49524487746062473,0.0,0.5125052208003791,0.22044913097498764,0.4190345089570407,0.0,0.5122210302239727,0.22038996252245752,0.4933112994726543,0.40549077062935346,0.22008123480776473,0.0,0.0,0.49333409623697166,0.0,0.0,0.41764083244576344,0.22008323226337126,0.0,0.0,0.4947485671306875,0.0,0.0,0.22009122190708674,0.512920677612372,0.0,0.010658448036279447,0.4357096134915707,0.0,0.0,0.0,0.2195652927135592,0.5036682228808254,0.0,0.0,0.4949816447847868,0.0,0.21928883239556457,0.0,0.4069455785544988,0.0,0.0,0.48919632210725883,0.0,0.0,0.22020570872956988,0.45235325375606183,0.010658448036279447,0.0,0.0,0.4908191087977564,0.2213520008644681,0.0,0.4964235551617734,0.0,0.0,0.0,0.412440876975518
0.438568648239113,0.45557083680344806,0.4621363129995554,0.4573186029285758,0.7011480577169988,0.9109940948698532,0.43861144721436385,0.4390375581524652,0.7028261115800797,0.438568648239113,0.6144119380833263,0.6871809000391458,0.438568648239113,0.43866534792223555,0.6042225032962357,0.4899126343925988,0.651224758733932,0.6576999132379517,0.48985681220344546,0.6088300442030469,0.43866534792223555,0.6848898649885384,0.438568648239113,0.598051721466403,0.658526565632669,0.4893875897748605,0.438568648239113,0.6622270316972745,0.438568648239113,0.6396479858698035,0.6631721505809715,0.438666001220404,0.4896343308605438,0.595953894795002,0.6001950669442884,0.4902680571599149,0.6575146049068323,0.6005378168178547,0.438568648239113,0.4899117622210505,0.6540019011552334,0.6514570353247324,0.4891121830833155,0.4407960644698885,0.602382202121363,0.6920837714839403,0.438568648239113,0.6077865375271112,0.438568648239113,0.6931263231812111,0.438568648239113,0.6558862495836213,0.43869572517888683,0.6395157401157744,0.6575446129667454,0.438568648239113,0.6411860979272104,0.438568648239113,0.602888291486149,0.4895223238937894,0.6605882586724495,0.438568648239113,0.5992107025508796,0.7006643860008045,0.438568648239113,0.438568648239113,0.6619350399219762,0.6535711631283403,0.438568648239113,0.6658423854628384,0.4896994864576667,0.6013862251381138,0.438568648239113,0.6656391975326272,0.48967359980740416,0.6522055923176222,0.5925177733574862,0.48953861745008875,0.438568648239113,0.438568648239113,0.6522216812513562,0.438568648239113,0.438568648239113,0.6004672979172824,0.48953949030347593,0.438568648239113,0.438568648239113,0.653220468062786,0.438568648239113,0.438568648239113,0.4895429817010588,0.6661394915067992,0.438568648239113,0.43869572517888683,0.6124889455592697,0.438568648239113,0.438568648239113,0.438568648239113,0.48931336790261604,0.6595418153623529,0.438568648239113,0.438568648239113,0.6533851462661359,0.438568648239113,0.48919284189863504,0.438568648239113,0.5934636855870145,0.438568648239113,0.438568648239113,0.6493057965039571,0.438568648239113,0.438568648239113,0.4895930222596918,0.6237590468230623,0.43869572517888683,0.438568648239113,0.438568648239113,0.650448320169649,0.49009517393688673,0.438568648239113,0.654404519263499,0.438568648239113,0.438568648239113,0.438568648239113,0.5970513999645959
0.5420828899886847,0.5555615905820798,0.5608076592258159,0.5569559565648351,0.7615318101907601,0.94003953327402,0.5421166177708635,0.5424524721600642,0.7629772541736186,0.5420828899886847,0.6871809000391458,0.7495069276121926,0.5420828899886847,0.5421590957786462,0.6785185156200039,0.5832333656302474,0.7186257280968203,0.7241768467848299,0.5831879444812764,0.6824330334302745,0.5421590957786462,0.747535711211829,0.5420828899886847,0.6732826748775584,0.7248858965292077,0.5828062029062328,0.5420828899886847,0.7280608847794393,0.5420828899886847,0.7087146659664272,0.7288720403197584,0.5421596106393168,0.5830069302300157,0.6715045252186358,0.6751003779882019,0.5835225959649649,0.7240179121302409,0.6753911431737886,0.5420828899886847,0.5832326559552617,0.7210059264343078,0.7188247674395313,0.5825821868420602,0.5438395958470543,0.6769562123510822,0.7537266251384785,0.5420828899886847,0.6815461116235235,0.5420828899886847,0.7546241115824134,0.5420828899886847,0.7226214851783512,0.542183036184914,0.7086015567135381,0.7240436490716239,0.5420828899886847,0.7100303936402335,0.5420828899886847,0.6773857820704572,0.5829158077317473,0.7266546307251451,0.5420828899886847,0.674265449043831,0.7611152102379405,0.5420828899886847,0.5420828899886847,0.7278103005581207,0.7206366915744937,0.5420828899886847,0.7311643136539488,0.5830599396138838,0.6761109795634899,0.5420828899886847,0.7309898594463928,0.5830388784962499,0.7194662576101782,0.668594089155467,0.5829290629052822,0.5420828899886847,0.5420828899886847,0.7194800461084284,0.5420828899886847,0.5420828899886847,0.6753313178238696,0.5829297729943328,0.5420828899886847,0.5420828899886847,0.7203360877255344,0.5420828899886847,0.5420828899886847,0.582932613340842,0.7314194124095078,0.5420828899886847,0.542183036184914,0.6855445639441206,0.5420828899886847,0.5420828899886847,0.5420828899886847,0.582745827530386,0.7257568219859684,0.5420828899886847,0.5420828899886847,0.7204772423564311,0.5420828899886847,0.582647791395579,0.5420828899886847,0.6693950283556928,0.5420828899886847,0.5420828899886847,0.716981622647682,0.5420828899886847,0.5420828899886847,0.5829733232701094,0.6951442652274615,0.542183036184914,0.5420828899886847,0.5420828899886847,0.7179604429928704,0.5833819029779119,0.5420828899886847,0.7213510772385979,0.5420828899886847,0.5420828899886847,0.5420828899886847,0.6724346689759593
0.0,0.12455995145826412,0.1472327230084661,0.13094380065873493,0.5611900504391674,0.8408964121211313,0.006185215208470999,0.02047841827236395,0.5634739170959767,0.0,0.438568648239113,0.5420828899886847,0.0,0.009297475161372328,0.4233226220981508,0.22093584561751184,0.4919208235086375,0.5010749252787702,0.22080845914414562,0.4302466522297529,0.009297475161372328,0.5389309570902058,0.0,0.4139668366853723,0.502239375110311,0.21973540556435844,0.0,0.5074407347956547,0.0,0.4753983990480733,0.5087663010077335,0.009328832650006403,0.22030018271985963,0.41076357187806906,0.41722754052533295,0.22174557797254155,0.5008137659299532,0.4177478606778239,0.0,0.22093385576060606,0.4958542257051038,0.4922502365830857,0.21910366568028122,0.044680768056596515,0.42054260978961167,0.548810702391188,0.0,0.4286829552722149,0.0,0.5502383447335257,0.0,0.4985168532545965,0.010658448036279447,0.47520842413940784,0.5008560601780965,0.0,0.47760582211563696,0.0,0.42130796638361906,0.22004394568863578,0.5051395257659693,0.0,0.4157315066796889,0.5605313197694357,0.0,0.0,0.5070309700962057,0.49524487746062473,0.0,0.5125052208003791,0.22044913097498764,0.4190345089570407,0.0,0.5122210302239727,0.22038996252245752,0.4933112994726543,0.40549077062935346,0.22008123480776473,0.0,0.0,0.49333409623697166,0.0,0.0,0.41764083244576344,0.22008323226337126,0.0,0.0,0.4947485671306875,0.0,0.0,0.22009122190708674,0.512920677612372,0.0,0.010658448036279447,0.4357096134915707,0.0,0.0,0.0,0.2195652927135592,0.5036682228808254,0.0,0.0,0.4949816447847868,0.0,0.21928883239556457,0.0,0.4069455785544988,0.0,0.0,0.48919632210725883,0.0,0.0,0.22020570872956988,0.45235325375606183,0.010658448036279447,0.0,0.0,0.4908191087977564,0.2213520008644681,0.0,0.4964235551617734,0.0,0.0,0.0,0.412440876975518
0.009297475161372328,0.12490642132675858,0.14752592102760612,0.13127341392428749,0.5612631430925368,0.8409327545883534,0.011166912369340818,0.0224901900878862,0.563546647856565,0.009297475161372328,0.43866534792223555,0.5421590957786462,0.009297475161372328,0.013148615438515112,0.4234230572844836,0.22113115496555233,0.492006066659596,0.5011584119318462,0.22100388160637072,0.4303453614792042,0.013148615438515112,0.5390076919805231,0.009297475161372328,0.4140696868003263,0.5023226420865767,0.21993178601745567,0.009297475161372328,0.5075230305074785,0.009297475161372328,0.47548695400568497,0.5088483517558542,0.013170807210838652,0.2204960578028617,0.41086727181767996,0.417329537811879,0.22194017132288796,0.5008973019655439,0.4178497229976268,0.009297475161372328,0.22112916687456693,0.4959387075899398,0.492335415594927,0.2193006144838496,0.045637855982741234,0.42064375236822654,0.5488857939814322,0.009297475161372328,0.42878204991049906,0.009297475161372328,0.550313202477189,0.009297475161372328,0.4986008254282007,0.014143746251750388,0.47529701830136295,0.5009395882134401,0.009297475161372328,0.47769392347600365,0.009297475161372328,0.4214089133689384,0.22024004973713157,0.5052222491951323,0.009297475161372328,0.4158338937369942,0.5606045171905102,0.009297475161372328,0.009297475161372328,0.5071133417405418,0.49532947662596216,0.009297475161372328,0.5125865860747593,0.2206448732050074,0.4191360388392502,0.009297475161372328,0.5123024473195835,0.22058575750589957,0.4933962723690318,0.40559589618525005,0.2202773055029814,0.009297475161372328,0.009297475161372328,0.4934190647130235,0.009297475161372328,0.009297475161372328,0.41774272250282357,0.22027930117227995,0.009297475161372328,0.009297475161372328,0.4948332619957385,0.009297475161372328,0.009297475161372328,0.2202872836712396,0.5130019672118662,0.009297475161372328,0.014143746251750388,0.4358069958282148,0.009297475161372328,0.009297475161372328,0.009297475161372328,0.21976182589111587,0.5037512214283804,0.009297475161372328,0.009297475161372328,0.4950662946876018,0.009297475161372328,0.21948561427579877,0.009297475161372328,0.40705030738658476,0.009297475161372328,0.009297475161372328,0.489282098478527,0.009297475161372328,0.009297475161372328,0.2204016681701161,0.45244676968070924,0.014143746251750388,0.009297475161372328,0.009297475161372328,0.49090456697782303,0.2215469415826982,0.009297475161372328,0.49650792768222113,0.009297475161372328,0.009297475161372328,0.009297475161372328,0.41254413042272403
0.4233226220981508,0.4409586131865676,0.44775718740479287,0.4427690348193376,0.6927620685584114,0.9068491158836395,0.4233670745881832,0.4238096314024688,0.6944730806638646,0.4233226220981508,0.6042225032962357,0.6785185156200039,0.4233226220981508,0.4234230572844836,0.5938032876934333,0.47645661714678184,0.6418294193479399,0.6484392506850232,0.47639903361253394,0.5985153334984102,0.4234230572844836,0.6761817591978179,0.4233226220981508,0.5874909223142293,0.6492830031392999,0.47591499196830256,0.4233226220981508,0.6530597666363117,0.4233226220981508,0.6300084189360733,0.6540243079626927,0.4234237358142074,0.4761695288628095,0.5853445251528615,0.5896836604610448,0.47682324623394073,0.6482501062375906,0.5900342874262251,0.4233226220981508,0.47645571745850834,0.6446644850565808,0.6420665500512968,0.4756308756150455,0.42563568887016695,0.5919209600015085,0.6835188530269607,0.4233226220981508,0.5974482471718497,0.4233226220981508,0.6845820658160499,0.4233226220981508,0.6465879967124054,0.4234546076902262,0.6298733562883609,0.6482807355731317,0.4233226220981508,0.631579247299317,0.4233226220981508,0.5924386233465637,0.47605398388044406,0.6513872547912269,0.4233226220981508,0.5886766405594369,0.6922688879216856,0.4233226220981508,0.4233226220981508,0.6527617691223004,0.6442247791652053,0.4233226220981508,0.6567492789774766,0.47623674190590426,0.5909021686666504,0.4233226220981508,0.656541933049802,0.47621003787944927,0.6428307385282942,0.5818283535989772,0.47607079219717946,0.4233226220981508,0.4233226220981508,0.6428471632357666,0.4233226220981508,0.4233226220981508,0.5899621483379066,0.47607169262567317,0.4233226220981508,0.4233226220981508,0.6438667783723034,0.4233226220981508,0.4233226220981508,0.4760752943223145,0.6570524628646244,0.4233226220981508,0.4234546076902262,0.6022565132864802,0.4233226220981508,0.4233226220981508,0.4233226220981508,0.4758384236975567,0.650319226066253,0.4233226220981508,0.4233226220981508,0.6440348876603412,0.4233226220981508,0.47571408613580646,0.4233226220981508,0.5827963643833126,0.4233226220981508,0.4233226220981508,0.6398702874345253,0.4233226220981508,0.4233226220981508,0.47612691559364273,0.6137762989674617,0.4234546076902262,0.4233226220981508,0.4233226220981508,0.6410367420722296,0.47664491386209107,0.4233226220981508,0.6450754802879183,0.4233226220981508,0.4233226220981508,0.4233226220981508,0.5864674688148024
0.22093584561751184,0.25358126721709273,0.26542948559476454,0.25677093247501864,0.6007392098563771,0.8606855554915381,0.22102230459095124,0.22188174620192455,0.6028360698606906,0.22093584561751184,0.4899126343925988,0.5832333656302474,0.22093584561751184,0.22113115496555233,0.47645661714678184,0.31226418581041554,0.5376425948307784,0.545917425760002,0.31217439153597054,0.482556273814776,0.22113115496555233,0.5803522585150205,0.22093584561751184,0.46824654244911307,0.546971592703739,0.31141902317588693,0.22093584561751184,0.5516845155954816,0.22093584561751184,0.5227656477362786,0.5528866769922298,0.22113247403380007,0.3118163656176461,0.4654442999570271,0.47110367553135507,0.3128355633128879,0.5456810479231763,0.4715600237558966,0.22093584561751184,0.3122627829696439,0.5411954749191271,0.5379399804751587,0.3109751736099328,0.22540306535569793,0.47401314989632987,0.589389592904604,0.22093584561751184,0.4811770525875198,0.22093584561751184,0.5906970542217289,0.22093584561751184,0.5436028471700415,0.2211924832780574,0.5225950541215525,0.5457193276669474,0.22093584561751184,0.5247486612250649,0.22093584561751184,0.4746855297331957,0.31163603000670365,0.5495985687546129,0.22093584561751184,0.4697922273089323,0.6001345843861208,0.22093584561751184,0.22093584561751184,0.5513129856424823,0.5406448051487458,0.22093584561751184,0.5562798172940551,0.3119212410875364,0.47268898154166084,0.22093584561751184,0.5560217909913853,0.31187957595816707,0.538898080144269,0.4608416985141414,0.3116622670033171,0.22093584561751184,0.22093584561751184,0.5389186680901085,0.22093584561751184,0.22093584561751184,0.4714661448213756,0.31166367249555305,0.22093584561751184,0.22093584561751184,0.5401963609512476,0.22093584561751184,0.22093584561751184,0.3116692944023137,0.5566570593086185,0.22093584561751184,0.2211924832780574,0.4873823245945407,0.22093584561751184,0.22093584561751184,0.22093584561751184,0.3112994419885253,0.5482655877970137,0.22093584561751184,0.22093584561751184,0.5404069515103542,0.22093584561751184,0.31110520235713013,0.22093584561751184,0.4621103206429378,0.22093584561751184,0.22093584561751184,0.535184119328322,0.22093584561751184,0.22093584561751184,0.3117498641358326,0.5021547118888837,0.2211924832780574,0.22093584561751184,0.22093584561751184,0.5366482093557466,0.3125577111986549,0.22093584561751184,0.5417100684109116,0.22093584561751184,0.22093584561751184,0.22093584561751184,0.46691105089699353
0.4919208235086375,0.5069625580048823,0.5127986425138651,0.5085147090468017,0.7316054975113946,0.9258517016776158,0.491958551411119,0.49233421298229396,0.7331655112763545,0.4919208235086375,0.651224758733932,0.7186257280968203,0.4919208235086375,0.492006066659596,0.6418294193479399,0.5376425948307784,0.6852652060438484,0.6912659911984531,0.5375924339590467,0.6460762663970837,0.492006066659596,0.716497585909795,0.4919208235086375,0.6361460644738339,0.6920323281787497,0.5371708335144392,0.4919208235086375,0.6954634480446162,0.4919208235086375,0.6745456284272993,0.6963399419174638,0.4920066425703543,0.5373925247585863,0.6342151190464118,0.638119529823177,0.5379619923450903,0.6910942110403651,0.6384351712054741,0.4919208235086375,0.5376418111054528,0.6878384712454734,0.6854804056497453,0.5369234072710432,0.4938852626929762,0.6401339517141375,0.7231809335526098,0.4919208235086375,0.6451142114863313,0.4919208235086375,0.7241497129406249,0.4919208235086375,0.6895848497902632,0.492032845708123,0.6744232463166768,0.6911220282187338,0.4919208235086375,0.6759691420443826,0.4919208235086375,0.6406001669198742,0.5372918869122864,0.6939438264001223,0.4919208235086375,0.6372131080647213,0.7311558702629346,0.4919208235086375,0.4919208235086375,0.6951926713634641,0.6874393124612047,0.4919208235086375,0.6988166489274666,0.5374510684567948,0.6392165456803466,0.4919208235086375,0.6986281689215312,0.5374278086037058,0.6861739599002742,0.6310536666788165,0.5373065263915775,0.4919208235086375,0.4919208235086375,0.6861888671664238,0.4919208235086375,0.4919208235086375,0.6383702284374208,0.5373073106374133,0.4919208235086375,0.4919208235086375,0.6871143397483475,0.4919208235086375,0.4919208235086375,0.5373104476085699,0.699092254074363,0.4919208235086375,0.492032845708123,0.6494506437643349,0.4919208235086375,0.4919208235086375,0.4919208235086375,0.5371041502303369,0.692973575375856,0.4919208235086375,0.4919208235086375,0.6872669380590032,0.4919208235086375,0.5369958691762147,0.4919208235086375,0.631923800372576,0.4919208235086375,0.4919208235086375,0.683487503233888,0.4919208235086375,0.4919208235086375,0.5373554087194999,0.6598544187926872,0.492032845708123,0.4919208235086375,0.4919208235086375,0.6845458847660865,0.5378066279157999,0.4919208235086375,0.6882115856013254,0.4919208235086375,0.4919208235086375,0.4919208235086375,0.6352252423946559
