0.0,0.0,0.04254695715814543,0.17643591663086447,0.1284532542609575,0.35763382506421004,0.8408964152537145,0.005823754930625977,0.019876720192667983,0.21002645159301767,0.4781085991026731,0.4122563182240041,0.0,0.5077460847007099,0.0,0.39794320753015106,0.20809519533032925,0.46184953902022796,0.4696611407542733,0.20787798999161597,0.0,0.4043854415236758,0.5049518519510389,0.0,0.38934617805220495,0.0,0.5183406565308216,0.0,0.4756277912252214,0.008754136138699018,0.44669811079468935,0.477518490662913,0.008783661135834408,0.20759491193371718,0.3861225485099354,0.39269047256696066,0.0,0.5186220497414178,0.0,0.39282006174493334,0.20797788236919115,0.4648414849273712,0.46190315944210475,0.20609567422357677,0.042327326294422665,0.3952499040680569,0.46602749428233403,0.20673333212873066,0.40291079967495097,0.0,0.4669755976587568,0.20767368717905949,0.4674866532236782,0.010035574565033678,0.4463135523986335,0.0,0.46962957128987903,0.44808555702451985,0.0,0.0,0.3958402777303973,0.5211176783859027,0.0,0.3907068798010872,0.20734213142034075,0.4770136982961132,0.0,0.4755374110926363,0.46478479950158685,0.0,0.4807595051071987,0.0,0.44755770158992386,0.0,0.4799028477236491,0.2073540264412519,0.46233557970783234,0.0,0.43572513427326076,0.0,0.4627322201207455,0.0,0.0,0.0,0.0,0.4461727540333936,0.0,0.0,0.46382011898723796,0.0,0.0,0.2072356722405595,0.4807451327732803,0.0,0.0,0.40925955423303434,0.008754136138699018,0.0,0.0,0.5206439184249857,0.0,0.0,0.0,0.4645973139004708,0.0,0.0,0.20641537556732167,0.3825204197279164,0.0,0.0,0.0,0.45945871579686215,0.20727826240083105,0.0,0.42507640641562816,0.010035574565033678,0.0,0.0,0.46097322534488705,0.0,0.20845421591211769,0.466146041620682,0.0,0.0,0.010009742931899239
0.0,0.0,0.04254695715814543,0.17643591663086447,0.1284532542609575,0.35763382506421004,0.8408964152537145,0.005823754930625977,0.019876720192667983,0.21002645159301767,0.4781085991026731,0.4122563182240041,0.0,0.5077460847007099,0.0,0.39794320753015106,0.20809519533032925,0.46184953902022796,0.4696611407542733,0.20787798999161597,0.0,0.4043854415236758,0.5049518519510389,0.0,0.38934617805220495,0.0,0.5183406565308216,0.0,0.4756277912252214,0.008754136138699018,0.44669811079468935,0.477518490662913,0.008783661135834408,0.20759491193371718,0.3861225485099354,0.39269047256696066,0.0,0.5186220497414178,0.0,0.39282006174493334,0.20797788236919115,0.4648414849273712,0.46190315944210475,0.20609567422357677,0.042327326294422665,0.3952499040680569,0.46602749428233403,0.20673333212873066,0.40291079967495097,0.0,0.4669755976587568,0.20767368717905949,0.4674866532236782,0.010035574565033678,0.4463135523986335,0.0,0.46962957128987903,0.44808555702451985,0.0,0.0,0.3958402777303973,0.5211176783859027,0.0,0.3907068798010872,0.20734213142034075,0.4770136982961132,0.0,0.4755374110926363,0.46478479950158685,0.0,0.4807595051071987,0.0,0.44755770158992386,0.0,0.4799028477236491,0.2073540264412519,0.46233557970783234,0.0,0.43572513427326076,0.0,0.4627322201207455,0.0,0.0,0.0,0.0,0.4461727540333936,0.0,0.0,0.46382011898723796,0.0,0.0,0.2072356722405595,0.4807451327732803,0.0,0.0,0.40925955423303434,0.008754136138699018,0.0,0.0,0.5206439184249857,0.0,0.0,0.0,0.4645973139004708,0.0,0.0,0.20641537556732167,0.3825204197279164,0.0,0.0,0.0,0.45945871579686215,0.20727826240083105,0.0,0.42507640641562816,0.010035574565033678,0.0,0.0,0.46097322534488705,0.0,0.20845421591211769,0.466146041620682,0.0,0.0,0.010009742931899239
0.04254695715814543,0.04254695715814543,0.06017043455626047,0.18149090310705607,0.135315219450076,0.36013486219127677,0.8416564964977528,0.0429436797195114,0.04696090693749828,0.21428840291049883,0.4799476765984628,0.41441392493770984,0.04254695715814543,0.5094651268085629,0.04254695715814543,0.40018238116851734,0.21239605657151805,0.46375988312468713,0.47153672212384606,0.21218327097221878,0.04254695715814543,0.4065872511792569,0.5066817197297792,0.04254695715814543,0.39163697638228273,0.04254695715814543,0.5200194972068088,0.04254695715814543,0.47747747549265834,0.043438212810763634,0.4486788545579656,0.4793600827887018,0.04344417262014555,0.21190596642698722,0.38843324989789085,0.39496094156910216,0.04254695715814543,0.5202998403212045,0.04254695715814543,0.3950897494156988,0.21228112961359524,0.46673839651874044,0.46381326150203167,0.21043756123369847,0.06001533365592128,0.39750502876408944,0.4679191220914941,0.2110620527329112,0.40512106564926637,0.04254695715814543,0.4688630180662297,0.21198313348976297,0.46937181175616915,0.04371448439662592,0.448296136985549,0.04254695715814543,0.4715052911621999,0.4500596822628904,0.04254695715814543,0.04254695715814543,0.39809188890218133,0.5227861945976386,0.04254695715814543,0.39298936799755996,0.2116583543371024,0.47885744564043975,0.04254695715814543,0.477387483540347,0.46668196420882047,0.04254695715814543,0.4825873501754438,0.04254695715814543,0.449534340626379,0.04254695715814543,0.4817343112589752,0.21167000587662646,0.464243731568431,0.04254695715814543,0.4377595232308615,0.04254695715814543,0.46463858589798657,0.04254695715814543,0.04254695715814543,0.04254695715814543,0.04254695715814543,0.4481560132954758,0.04254695715814543,0.04254695715814543,0.46572159936912944,0.04254695715814543,0.04254695715814543,0.21155407548965563,0.48257303846041505,0.04254695715814543,0.04254695715814543,0.41143380866099843,0.043438212810763634,0.04254695715814543,0.04254695715814543,0.5223141899168441,0.04254695715814543,0.04254695715814543,0.04254695715814543,0.46649531615823975,0.04254695715814543,0.04254695715814543,0.2107506515612486,0.384853727714175,0.04254695715814543,0.04254695715814543,0.04254695715814543,0.4613799014843179,0.21159579312503168,0.04254695715814543,0.4271651933147941,0.04371448439662592,0.04254695715814543,0.04254695715814543,0.4628875320132495,0.04254695715814543,0.21274779119778084,0.4680371425530678,0.04254695715814543,0.04254695715814543,0.04370856144565336
0.17643591663086447,0.17643591663086447,0.18149090310705607,0.24945759508780402,0.2182146569922526,0.39838916296332566,0.8536838174451119,0.1765319584190349,0.17755146515352785,0.27420624396490756,0.5087066652178791,0.4478277078147508,0.17643591663086447,0.5364312536920068,0.17643591663086447,0.4347630116424445,0.27273257095802933,0.49357352472841776,0.5008368471481416,0.27256718297762134,0.17643591663086447,0.4406346807281815,0.5338103723807075,0.17643591663086447,0.42695065121001285,0.17643591663086447,0.5463806634900752,0.17643591663086447,0.5063938991135205,0.17665285263741426,0.47952696225986885,0.5081564104669669,0.1766543175134043,0.27235174520833566,0.4240283952727224,0.4299864597573695,0.17643591663086447,0.5466451747935978,0.17643591663086447,0.43010417944412127,0.27264323570408805,0.496353822897514,0.4936233337580338,0.27121279469277537,0.18143956839058142,0.43231261139259036,0.4974565062471524,0.27169679173006683,0.4392893646350918,0.17643591663086447,0.49833822898595626,0.2724116851497847,0.49881358797443603,0.1767209565005615,0.47917119468349106,0.17643591663086447,0.5008074656695017,0.4808108514484376,0.17643591663086447,0.17643591663086447,0.43284951587456294,0.5489916384915379,0.17643591663086447,0.4281853316081184,0.27215946910659355,0.5076857682999916,0.17643591663086447,0.5063096657836708,0.49630112811575566,0.17643591663086447,0.5111794401075656,0.17643591663086447,0.4803223360204422,0.17643591663086447,0.5103801865780095,0.2721685147940047,0.4940250417498504,0.17643591663086447,0.46939090606245676,0.17643591663086447,0.49439354951135217,0.17643591663086447,0.17643591663086447,0.17643591663086447,0.17643591663086447,0.479040947084649,0.17643591663086447,0.17643591663086447,0.49540447435856433,0.17643591663086447,0.17643591663086447,0.2720785208205189,0.5111660295952296,0.17643591663086447,0.17643591663086447,0.4450865967184115,0.17665285263741426,0.17643591663086447,0.17643591663086447,0.5485461186853128,0.17643591663086447,0.17643591663086447,0.17643591663086447,0.49612684672878626,0.17643591663086447,0.17643591663086447,0.27145537684841536,0.4207678016815536,0.17643591663086447,0.17643591663086447,0.17643591663086447,0.4913533314438831,0.27211090298253887,0.17643591663086447,0.45958636093061817,0.1767209565005615,0.17643591663086447,0.17643591663086447,0.4927595958906699,0.17643591663086447,0.27300609967457384,0.49756674241528365,0.17643591663086447,0.17643591663086447,0.176719492178037
0.1284532542609575,0.1284532542609575,0.135315219450076,0.2182146569922526,0.18164796843022876,0.3798016055001049,0.8477487525772273,0.12858518586724052,0.12998179665639936,0.24614890386738283,0.49459082033061186,0.43150008562831094,0.1284532542609575,0.5231763229885087,0.1284532542609575,0.4178866715061515,0.24450455142802613,0.478953498946017,0.48646209606074103,0.2443198741891473,0.1284532542609575,0.4240087827584994,0.5204772056389652,0.1284532542609575,0.40973083949435396,0.1284532542609575,0.5334172747960106,0.1284532542609575,0.4922026835560678,0.12875116678498866,0.4644140969458909,0.49402268642320807,0.128753177361668,0.24407926888046044,0.406676959950561,0.41290154876769314,0.1284532542609575,0.5336894226348068,0.1284532542609575,0.41302446241098034,0.24440480035902049,0.48182842356424105,0.47900501141266383,0.2428064901629157,0.13524633338591027,0.41532982751801323,0.48296838046955354,0.24334751749628353,0.4226066503794154,0.1284532542609575,0.48387980437987427,0.24414621569314732,0.4843711381476802,0.1288446253925667,0.4640455127539104,0.1284532542609575,0.4864317348609854,0.4657440969047812,0.1284532542609575,0.1284532542609575,0.4158901539222812,0.5361033782118808,0.1284532542609575,0.41102060814580704,0.2438644917585012,0.493536725697879,0.1284532542609575,0.49211569404794775,0.4817739439483038,0.1284532542609575,0.4971435374891544,0.1284532542609575,0.46523806255806627,0.1284532542609575,0.496318516881495,0.2438745968443296,0.47942044655671107,0.1284532542609575,0.4539060211033579,0.1284532542609575,0.47980152976715634,0.1284532542609575,0.1284532542609575,0.1284532542609575,0.1284532542609575,0.46391056867427743,0.1284532542609575,0.1284532542609575,0.4808468686899376,0.1284532542609575,0.1284532542609575,0.24377405944242622,0.4971296951998831,0.1284532542609575,0.1284532542609575,0.4286463850841576,0.12875116678498866,0.1284532542609575,0.1284532542609575,0.5356450783809055,0.1284532542609575,0.1284532542609575,0.1284532542609575,0.4815937570901435,0.1284532542609575,0.1284532542609575,0.24307768591931084,0.4032674032700703,0.1284532542609575,0.1284532542609575,0.1284532542609575,0.47665706866064517,0.24381023633988141,0.1284532542609575,0.44372739249538645,0.1288446253925667,0.1284532542609575,0.1284532542609575,0.47811169147353716,0.1284532542609575,0.24480992214341243,0.4830823349937562,0.1284532542609575,0.1284532542609575,0.12884261624368787
0.35763382506421004,0.35763382506421004,0.36013486219127677,0.39838916296332566,0.3798016055001049,0.5036893302245632,0.8897974612215783,0.35768084980641474,0.3581812138516456,0.4141573068469422,0.5926431718992317,0.5427712270563159,0.35763382506421004,0.6158466692161692,0.35763382506421004,0.5323027389156272,0.41319477896273804,0.5800960760385527,0.5861070290758091,0.4130869354128795,0.35763382506421004,0.5369960312110261,0.6136421196834606,0.35763382506421004,0.5260886296271037,0.35763382506421004,0.6242350371194386,0.35763382506421004,0.5907198947965685,0.35774007035511585,0.5685333542072747,0.5921854024697446,0.35774078811781557,0.4129465106701758,0.5237734006498134,0.5284991695099548,0.35763382506421004,0.6244584558587073,0.35763382506421004,0.5285927516487293,0.41313652214994473,0.582394490736722,0.5801372245337671,0.4122051568204852,0.36010919920103185,0.5303498482682508,0.5833069184743407,0.41251998383524385,0.5359190115973549,0.35763382506421004,0.5840368590283536,0.41298557400136227,0.5844305165300526,0.3577734447467525,0.5682416005137506,0.35763382506421004,0.586082671498081,0.5695866955062006,0.35763382506421004,0.35763382506421004,0.5307774505692029,0.6264412921744437,0.35763382506421004,0.5270683573901619,0.4128212350603447,0.5917939545670928,0.35763382506421004,0.5906498851165664,0.5823509000442284,0.35763382506421004,0.5947017202846139,0.35763382506421004,0.5691858172033455,0.35763382506421004,0.5940361058227402,0.4128271275870785,0.5804691225997181,0.35763382506421004,0.5602434497350108,0.35763382506421004,0.5807736478177655,0.35763382506421004,0.35763382506421004,0.35763382506421004,0.35763382506421004,0.5681348026090376,0.35763382506421004,0.35763382506421004,0.5816093325725078,0.35763382506421004,0.35763382506421004,0.41276850870858584,0.594690550132361,0.35763382506421004,0.35763382506421004,0.5405671433546583,0.35774007035511585,0.35763382506421004,0.35763382506421004,0.6260646896496831,0.35763382506421004,0.35763382506421004,0.35763382506421004,0.5822067372369846,0.35763382506421004,0.35763382506421004,0.41236291087042143,0.5211961739107132,0.35763382506421004,0.35763382506421004,0.35763382506421004,0.5782629508206425,0.4127896000576316,0.35763382506421004,0.5522704156457613,0.3577734447467525,0.35763382506421004,0.35763382506421004,0.5794238125314934,0.35763382506421004,0.4133732168186695,0.583398161352966,0.35763382506421004,0.35763382506421004,0.35777272705174423
0.8408964152537145,0.8408964152537145,0.8416564964977528,0.8536838174451119,0.8477487525772273,0.8897974612215783,1.0,0.840910674863294,0.8410624784041953,0.8588421105235715,0.9219657959479054,0.9038783986743275,0.8408964152537145,0.9303228769721558,0.8408964152537145,0.9000893444460353,0.8585241769066785,0.9174217102305949,0.919600149874446,0.8584885790741718,0.8408964152537145,0.9017869554225689,0.9295324112401877,0.8408964152537145,0.8978450071994907,0.8408964152537145,0.9333220482136247,0.8408964152537145,0.9212700918369872,0.8409286344080468,0.9132263008902537,0.9218002398588412,0.8409288520924402,0.8584422338813114,0.8970099320512109,0.8987151224444846,0.8408964152537145,0.9334017299472754,0.8408964152537145,0.8987489151883021,0.8585049464436558,0.918254957424465,0.9174366305203551,0.8581976975538396,0.8416486800614001,0.8993835816813891,0.9185856513638125,0.8583015153974439,0.9013972122401808,0.8408964152537145,0.9188501665268836,0.858455125350756,0.9189928047036967,0.8409387565535075,0.913120391797014,0.8408964152537145,0.919591327410254,0.9136086608476824,0.8408964152537145,0.8408964152537145,0.8995380814866858,0.9341084197228026,0.8408964152537145,0.8981985732286526,0.8584008954114822,0.921658653353261,0.8408964152537145,0.9212447607800811,0.9182391573891489,0.8408964152537145,0.9227100264432729,0.8408964152537145,0.9134631454859862,0.8408964152537145,0.9224694333645578,0.8584028396812756,0.9175569720842229,0.8408964152537145,0.9102167733945941,0.8408964152537145,0.9176673831984722,0.8408964152537145,0.8408964152537145,0.8408964152537145,0.8408964152537145,0.9130816229159985,0.8408964152537145,0.8408964152537145,0.9179703482403719,0.8408964152537145,0.8408964152537145,0.8583834987253831,0.9227059892633921,0.8408964152537145,0.8408964152537145,0.9030799144801119,0.8409286344080468,0.8408964152537145,0.8408964152537145,0.9339742649157894,0.8408964152537145,0.8408964152537145,0.8408964152537145,0.9181869027861992,0.8408964152537145,0.8408964152537145,0.8582497135694407,0.8960811362225994,0.8408964152537145,0.8408964152537145,0.8408964152537145,0.916756935107682,0.8583904575267491,0.8408964152537145,0.9073229683371672,0.8409387565535075,0.8408964152537145,0.8408964152537145,0.9171779370164618,0.8408964152537145,0.8585830877286602,0.9186187178200349,0.8408964152537145,0.8408964152537145,0.8409385388768056
0.005823754930625977,0.005823754930625977,0.0429436797195114,0.1765319584190349,0.12858518586724052,0.35768084980641474,0.840910674863294,0.00823603320682844,0.020712318164861337,0.21010709995509994,0.4781431276702753,0.4122968524250858,0.005823754930625977,0.5077783532449306,0.005823754930625977,0.39798528174209447,0.20817659474828207,0.46188541017702517,0.4696963569421926,0.20795947474715712,0.005823754930625977,0.40442681017746185,0.5049843242549764,0.005823754930625977,0.38938922743491733,0.005823754930625977,0.5183721685183542,0.005823754930625977,0.4756625195756181,0.010514324548087687,0.44673530880752205,0.4775530665933972,0.010538919476608505,0.2076765081738764,0.3861659739552657,0.3927331378913374,0.005823754930625977,0.5186535419693497,0.005823754930625977,0.39286271230969977,0.20805932785611517,0.46487710298349005,0.4619390260380124,0.20617786598321575,0.04272608824624517,0.3952922795491815,0.4660630127852681,0.20681526955200663,0.40295232799563785,0.005823754930625977,0.46701103689126333,0.20775525236483633,0.4675220498417277,0.011602968496878798,0.4463507851145322,0.005823754930625977,0.4696647900870606,0.4481226302689099,0.005823754930625977,0.005823754930625977,0.39588258684817496,0.5211489961036434,0.005823754930625977,0.39074977218299645,0.20742382746873747,0.47704831482057314,0.005823754930625977,0.47557214675481235,0.46482042232681425,0.005823754930625977,0.48079382212173927,0.005823754930625977,0.44759482222227986,0.005823754930625977,0.4799372328872975,0.2074357177875789,0.462371409556034,0.005823754930625977,0.4357633437756362,0.005823754930625977,0.46276801631408737,0.005823754930625977,0.005823754930625977,0.005823754930625977,0.005823754930625977,0.446209999468322,0.005823754930625977,0.005823754930625977,0.46385582312787477,0.005823754930625977,0.005823754930625977,0.2073174103958791,0.48077945092948615,0.005823754930625977,0.005823754930625977,0.4093004026744714,0.010514324548087687,0.005823754930625977,0.005823754930625977,0.5206752691700768,0.005823754930625977,0.005823754930625977,0.005823754930625977,0.4646329525065478,0.005823754930625977,0.005823754930625977,0.20649743961558126,0.3825642723878764,0.005823754930625977,0.005823754930625977,0.005823754930625977,0.4594947912508257,0.2073599837056567,0.005823754930625977,0.42511564197594265,0.011602968496878798,0.005823754930625977,0.005823754930625977,0.46100917117000256,0.005823754930625977,0.20853547466233294,0.46618155019676916,0.005823754930625977,0.005823754930625977,0.011580633597620757
0.019876720192667983,0.019876720192667983,0.04696090693749828,0.17755146515352785,0.12998179665639936,0.3581812138516456,0.8410624784041953,0.020712318164861337,0.028109926174817213,0.2109639930633753,0.4785106458355226,0.4127282336924218,0.019876720192667983,0.5081218311214594,0.019876720192667983,0.39843303421185355,0.20904143211428838,0.4622672078498864,0.47007118867649683,0.20882521470466994,0.019876720192667983,0.40486706242842824,0.5053299697178021,0.019876720192667983,0.38984734538915666,0.019876720192667983,0.5187075979171984,0.019876720192667983,0.47603216268027193,0.021719090636056027,0.4471312172271864,0.4779210885248278,0.02173100783304874,0.2085434272532779,0.3866280889893379,0.39318717364164024,0.019876720192667983,0.5189887611541141,0.019876720192667983,0.39331659117546086,0.20892465248218303,0.4652562088381294,0.4623207752046033,0.2070510832272937,0.04676201217799018,0.3957432344267788,0.4664410598413375,0.2076857970327357,0.40339427757683216,0.019876720192667983,0.4673882408605101,0.2086218429984117,0.46789880057952044,0.022266493943364666,0.44674706257222674,0.019876720192667983,0.4700396495729175,0.44851721187243926,0.019876720192667983,0.019876720192667983,0.3963328363091229,0.5214823587358504,0.019876720192667983,0.3912062213730921,0.20829180215562265,0.4774167685206305,0.019876720192667983,0.4759418676287754,0.4651995789031431,0.019876720192667983,0.4811590901222944,0.019876720192667983,0.44798990776179065,0.019876720192667983,0.4803032257533585,0.20830364274408425,0.46275276790039915,0.019876720192667983,0.43617000812383144,0.019876720192667983,0.46314901672856656,0.019876720192667983,0.019876720192667983,0.019876720192667983,0.019876720192667983,0.44660641218199426,0.019876720192667983,0.019876720192667983,0.4642358445285918,0.019876720192667983,0.019876720192667983,0.20818583041527455,0.4811447310733521,0.019876720192667983,0.019876720192667983,0.40973512467422757,0.021719090636056027,0.019876720192667983,0.019876720192667983,0.5210089831703079,0.019876720192667983,0.019876720192667983,0.019876720192667983,0.46501227691942254,0.019876720192667983,0.019876720192667983,0.20736930624770353,0.38303092801887917,0.019876720192667983,0.019876720192667983,0.019876720192667983,0.4598787616611122,0.208228225510723,0.019876720192667983,0.4255332162759751,0.022266493943364666,0.019876720192667983,0.019876720192667983,0.4613917629578842,0.019876720192667983,0.20939882419744732,0.46655949167535754,0.019876720192667983,0.019876720192667983,0.022254863497230236
0.21002645159301767,0.21002645159301767,0.21428840291049883,0.27420624396490756,0.24614890386738283,0.4141573068469422,0.8588421105235715,0.21010709995509994,0.2109639930633753,0.29687766501469964,0.5208728498634106,0.4617999728019439,0.21002645159301767,0.5478824275955632,0.21002645159301767,0.4491760848024825,0.29551851424930786,0.5061554055017973,0.5132167852419042,0.2953660460874882,0.21002645159301767,0.4548469334691354,0.54532678744391,0.21002645159301767,0.4416381193461364,0.21002645159301767,0.5575882650815656,0.21002645159301767,0.5186223717424007,0.21020863575234294,0.49251295011454893,0.5203373754161319,0.21020986618726986,0.2951674583872362,0.43882069967974013,0.4445662992456153,0.21002645159301767,0.5578463867797548,0.21002645159301767,0.44467987133150216,0.2954361560166916,0.5088578592127582,0.5062038139188224,0.29411797512731275,0.2142449491474556,0.44681084805768234,0.5099298571501195,0.29456387344290713,0.4535472310529541,0.21002645159301767,0.5107871194268387,0.29522270791094035,0.511249319053143,0.2102658433299351,0.4921676616171209,0.21002645159301767,0.5131882114815491,0.49375912570724484,0.21002645159301767,0.21002645159301767,0.4473290228850411,0.560136357915426,0.21002645159301767,0.44282887058771325,0.2949902403817746,0.5198793945013013,0.21002645159301767,0.5185404152197334,0.5088066334777207,0.21002645159301767,0.5232795035358686,0.21002645159301767,0.49328494118204613,0.21002645159301767,0.5225015684564502,0.2949985772421082,0.5065942341052414,0.21002645159301767,0.482680436897501,0.21002645159301767,0.5069523995983781,0.21002645159301767,0.21002645159301767,0.21002645159301767,0.21002645159301767,0.4920412535558149,0.21002645159301767,0.21002645159301767,0.5079350143549917,0.21002645159301767,0.21002645159301767,0.2949156370890131,0.5232664503035807,0.21002645159301767,0.21002645159301767,0.4591495523756167,0.21020863575234294,0.21002645159301767,0.21002645159301767,0.5597015382450722,0.21002645159301767,0.21002645159301767,0.21002645159301767,0.5086372125116873,0.21002645159301767,0.21002645159301767,0.29434144723064537,0.4356785401757442,0.21002645159301767,0.21002645159301767,0.21002645159301767,0.503997869263706,0.29494548063690496,0.21002645159301767,0.47317979620631423,0.2102658433299351,0.21002645159301767,0.21002645159301767,0.5053643954822445,0.21002645159301767,0.29577070524389565,0.5100370314954465,0.21002645159301767,0.21002645159301767,0.21026461322384934
0.4781085991026731,0.4781085991026731,0.4799476765984628,0.5087066652178791,0.49459082033061186,0.5926431718992317,0.9219657959479054,0.4781431276702753,0.4785106458355226,0.5208728498634106,0.667136537096226,0.6250741571276379,0.4781085991026731,0.6869068604878368,0.4781085991026731,0.6163354644050097,0.5201254474111296,0.6564940343593139,0.6615880067525631,0.5200417444073205,0.4781085991026731,0.6202488780553901,0.6850239571877523,0.4781085991026731,0.6111652500372542,0.4781085991026731,0.6940793069527936,0.4781085991026731,0.6655028682323436,0.4781866139119592,0.6467201534597067,0.6667476244580861,0.4781871409909877,0.5199327647790358,0.6092423350077489,0.6131692925843123,0.4781085991026731,0.6942705070351848,0.4781085991026731,0.6132471337251906,0.5200802303210298,0.6584408099304342,0.6565288762834922,0.5193576342314205,0.4799287785564035,0.6147092288365832,0.6592139934078882,0.5196018282381231,0.6193501889983747,0.4781085991026731,0.6598326806186251,0.5199630794253656,0.6601663911696737,0.4782111224045019,0.6464739788536308,0.4781085991026731,0.6615673478202835,0.647609122756807,0.4781085991026731,0.4781085991026731,0.6150651979765495,0.6959677700747332,0.4781085991026731,0.6119795226271258,0.5198355527924877,0.6664150941607727,0.4781085991026731,0.665443416191284,0.6584038764997401,0.4781085991026731,0.6688860113300825,0.4781085991026731,0.6472707665688634,0.4781085991026731,0.6683202321089347,0.5198401250754422,0.6568099213919839,0.4781085991026731,0.6397342168446372,0.4781085991026731,0.6570678110787839,0.4781085991026731,0.4781085991026731,0.4781085991026731,0.4781085991026731,0.6463838710020361,0.4781085991026731,0.4781085991026731,0.6577756322120076,0.4781085991026731,0.4781085991026731,0.5197946409937774,0.6688765157898161,0.4781085991026731,0.4781085991026731,0.6232313595727029,0.4781866139119592,0.4781085991026731,0.4781085991026731,0.6956453564329468,0.4781085991026731,0.4781085991026731,0.4781085991026731,0.6582817337619004,0.4781085991026731,0.4781085991026731,0.5194799872854212,0.6071040271415062,0.4781085991026731,0.4781085991026731,0.4781085991026731,0.6549422783804012,0.519811006123146,0.4781085991026731,0.6330333148199981,0.4782111224045019,0.4781085991026731,0.4781085991026731,0.6559248625908733,0.4781085991026731,0.5202639589393586,0.6592913226945657,0.4781085991026731,0.4781085991026731,0.47821059535481797
0.4122563182240041,0.4122563182240041,0.41441392493770984,0.4478277078147508,0.43150008562831094,0.5427712270563159,0.9038783986743275,0.4122968524250858,0.4127282336924218,0.4617999728019439,0.6250741571276379,0.5787619973441888,0.4122563182240041,0.6467346329264821,0.4122563182240041,0.5690919710593889,0.460944103562397,0.6133886626699586,0.6189842811575615,0.4608482335375817,0.4122563182240041,0.5734248103671415,0.6446741101307543,0.4122563182240041,0.56336155356853,0.4122563182240041,0.6545795092312949,0.4122563182240041,0.6232816307623472,0.41234790094605783,0.6026389519221469,0.6246474663365572,0.4123485196749388,0.4607234067541156,0.5612284667768667,0.565583575643406,0.4122563182240041,0.6547885476487705,0.4122563182240041,0.565669861984841,0.4608923142337454,0.6155276940821949,0.6134269514182538,0.4600645327092088,0.4143917676176532,0.5672902870437214,0.6163770471273821,0.46034430620086386,0.5724301456996256,0.4122563182240041,0.6170566080899329,0.46075813024677226,0.6174231252281024,0.412376670798588,0.6023679621546337,0.4122563182240041,0.6189615969210809,0.6036174324604325,0.4122563182240041,0.4122563182240041,0.5676847191403909,0.6566439689407528,0.4122563182240041,0.5642645239376776,0.4606120531181511,0.6242826151827868,0.4122563182240041,0.6232163893505993,0.6154871195396636,0.4122563182240041,0.626993269040149,0.4122563182240041,0.6032450251825415,0.4122563182240041,0.6263726829393569,0.4606172906614886,0.613735791611103,0.4122563182240041,0.5949440503861814,0.4122563182240041,0.614019173828057,0.4122563182240041,0.4122563182240041,0.4122563182240041,0.4122563182240041,0.602268768150579,0.4122563182240041,0.4122563182240041,0.61479690218979,0.4122563182240041,0.4122563182240041,0.46056518818627773,0.6269828540918696,0.4122563182240041,0.4122563182240041,0.5767243704883928,0.41234790094605783,0.4122563182240041,0.4122563182240041,0.6562915376215859,0.4122563182240041,0.4122563182240041,0.4122563182240041,0.6153529335402507,0.4122563182240041,0.4122563182240041,0.4602047170482363,0.5588552562982815,0.4122563182240041,0.4122563182240041,0.4122563182240041,0.6116831721009611,0.46058393474236825,0.4122563182240041,0.587553452828467,0.412376670798588,0.4122563182240041,0.4122563182240041,0.6127631530885373,0.4122563182240041,0.46110274035115006,0.6164619886538947,0.4122563182240041,0.4122563182240041,0.41237605211445527
0.0,0.0,0.04254695715814543,0.17643591663086447,0.1284532542609575,0.35763382506421004,0.8408964152537145,0.005823754930625977,0.019876720192667983,0.21002645159301767,0.4781085991026731,0.4122563182240041,0.0,0.5077460847007099,0.0,0.39794320753015106,0.20809519533032925,0.46184953902022796,0.4696611407542733,0.20787798999161597,0.0,0.4043854415236758,0.5049518519510389,0.0,0.38934617805220495,0.0,0.5183406565308216,0.0,0.4756277912252214,0.008754136138699018,0.44669811079468935,0.477518490662913,0.008783661135834408,0.20759491193371718,0.3861225485099354,0.39269047256696066,0.0,0.5186220497414178,0.0,0.39282006174493334,0.20797788236919115,0.4648414849273712,0.46190315944210475,0.20609567422357677,0.042327326294422665,0.3952499040680569,0.46602749428233403,0.20673333212873066,0.40291079967495097,0.0,0.4669755976587568,0.20767368717905949,0.4674866532236782,0.010035574565033678,0.4463135523986335,0.0,0.46962957128987903,0.44808555702451985,0.0,0.0,0.3958402777303973,0.5211176783859027,0.0,0.3907068798010872,0.20734213142034075,0.4770136982961132,0.0,0.4755374110926363,0.46478479950158685,0.0,0.4807595051071987,0.0,0.44755770158992386,0.0,0.4799028477236491,0.2073540264412519,0.46233557970783234,0.0,0.43572513427326076,0.0,0.4627322201207455,0.0,0.0,0.0,0.0,0.4461727540333936,0.0,0.0,0.46382011898723796,0.0,0.0,0.2072356722405595,0.4807451327732803,0.0,0.0,0.40925955423303434,0.008754136138699018,0.0,0.0,0.5206439184249857,0.0,0.0,0.0,0.4645973139004708,0.0,0.0,0.20641537556732167,0.3825204197279164,0.0,0.0,0.0,0.45945871579686215,0.20727826240083105,0.0,0.42507640641562816,0.010035574565033678,0.0,0.0,0.46097322534488705,0.0,0.20845421591211769,0.466146041620682,0.0,0.0,0.010009742931899239
0.5077460847007099,0.5077460847007099,0.5094651268085629,0.5364312536920068,0.5231763229885087,0.6158466692161692,0.9303228769721558,0.5077783532449306,0.5081218311214594,0.5478824275955632,0.6869068604878368,0.6467346329264821,0.5077460847007099,0.7058206351879391,0.5077460847007099,0.6384032723579873,0.5471782691557381,0.6767329079790615,0.6816018923935075,0.5470994145443997,0.5077460847007099,0.642133558710195,0.7040186216172507,0.5077460847007099,0.6334768410057848,0.5077460847007099,0.7126861155828963,0.5077460847007099,0.6853447470609954,0.5078189934980538,0.6673946960914614,0.6865349707321583,0.5078194860843926,0.5469967490633386,0.631645145985164,0.6353861360883624,0.5077460847007099,0.7128691567042208,0.5077460847007099,0.6354603035837936,0.5471356710737093,0.6785935384024728,0.6767662063599723,0.5464549716183486,0.5094474587284229,0.6368534863914358,0.6793325641046206,0.5466849979507843,0.641276819605049,0.5077460847007099,0.6799239414339513,0.5470253071298486,0.6802429297145254,0.5078418981854457,0.6671595658604527,0.5077460847007099,0.6815821431923108,0.6682438126746176,0.5077460847007099,0.5077460847007099,0.6371927035301511,0.7144940454965609,0.5077460847007099,0.6342525770390277,0.5469051709854251,0.6862170011979923,0.5077460847007099,0.6852879014846895,0.678558237407831,0.5077460847007099,0.6885798484137726,0.5077460847007099,0.6679206195551369,0.5077460847007099,0.6880387890035369,0.5469094782492168,0.6770348031879676,0.5077460847007099,0.660723612539033,0.5077460847007099,0.677281273945727,0.5077460847007099,0.5077460847007099,0.5077460847007099,0.5077460847007099,0.6670735015109698,0.5077460847007099,0.5077460847007099,0.6779577722045596,0.5077460847007099,0.5077460847007099,0.5468666306661791,0.688570767625066,0.5077460847007099,0.5077460847007099,0.6449772566713229,0.5078189934980538,0.5077460847007099,0.5077460847007099,0.7141853730065015,0.5077460847007099,0.5077460847007099,0.5077460847007099,0.6784414938206421,0.5077460847007099,0.5077460847007099,0.5465702248127302,0.6296086361438108,0.5077460847007099,0.5077460847007099,0.5077460847007099,0.675249963535344,0.5468820471486278,0.5077460847007099,0.6543276370821456,0.5078418981854457,0.5077460847007099,0.5077460847007099,0.6761889605525295,0.5077460847007099,0.5473087599745956,0.6794064788556189,0.5077460847007099,0.5077460847007099,0.5078414056239391
0.0,0.0,0.04254695715814543,0.17643591663086447,0.1284532542609575,0.35763382506421004,0.8408964152537145,0.005823754930625977,0.019876720192667983,0.21002645159301767,0.4781085991026731,0.4122563182240041,0.0,0.5077460847007099,0.0,0.39794320753015106,0.20809519533032925,0.46184953902022796,0.4696611407542733,0.20787798999161597,0.0,0.4043854415236758,0.5049518519510389,0.0,0.38934617805220495,0.0,0.5183406565308216,0.0,0.4756277912252214,0.008754136138699018,0.44669811079468935,0.477518490662913,0.008783661135834408,0.20759491193371718,0.3861225485099354,0.39269047256696066,0.0,0.5186220497414178,0.0,0.39282006174493334,0.20797788236919115,0.4648414849273712,0.46190315944210475,0.20609567422357677,0.042327326294422665,0.3952499040680569,0.46602749428233403,0.20673333212873066,0.40291079967495097,0.0,0.4669755976587568,0.20767368717905949,0.4674866532236782,0.010035574565033678,0.4463135523986335,0.0,0.46962957128987903,0.44808555702451985,0.0,0.0,0.3958402777303973,0.5211176783859027,0.0,0.3907068798010872,0.20734213142034075,0.4770136982961132,0.0,0.4755374110926363,0.46478479950158685,0.0,0.4807595051071987,0.0,0.44755770158992386,0.0,0.4799028477236491,0.2073540264412519,0.46233557970783234,0.0,0.43572513427326076,0.0,0.4627322201207455,0.0,0.0,0.0,0.0,0.4461727540333936,0.0,0.0,0.46382011898723796,0.0,0.0,0.2072356722405595,0.4807451327732803,0.0,0.0,0.40925955423303434,0.008754136138699018,0.0,0.0,0.5206439184249857,0.0,0.0,0.0,0.4645973139004708,0.0,0.0,0.20641537556732167,0.3825204197279164,0.0,0.0,0.0,0.45945871579686215,0.20727826240083105,0.0,0.42507640641562816,0.010035574565033678,0.0,0.0,0.46097322534488705,0.0,0.20845421591211769,0.466146041620682,0.0,0.0,0.010009742931899239
0.39794320753015106,0.39794320753015106,0.40018238116851734,0.4347630116424445,0.4178866715061515,0.5323027389156272,0.9000893444460353,0.39798528174209447,0.39843303421185355,0.4491760848024825,0.6163354644050097,0.5690919710593889,0.39794320753015106,0.6384032723579873,0.39794320753015106,0.5592147480205014,0.448293920161826,0.6044234520108217,0.610128178321088,0.4481950991111469,0.39794320753015106,0.5636410430354859,0.63630464063099,0.39794320753015106,0.5533591314319943,0.39794320753015106,0.6463921142098613,0.39794320753015106,0.6145085195266561,0.39803826932448466,0.59346063045504,0.6159005911428542,0.3980389115527177,0.44806642828776094,0.5511789614698885,0.5556299209275697,0.39794320753015106,0.6466049652324236,0.39794320753015106,0.5557180953463906,0.4482405368177209,0.6066043343424717,0.6044624914647271,0.44738723264748737,0.40015939039452597,0.5573738997280264,0.6074702560602471,0.44767564166248186,0.5626250143036935,0.39794320753015106,0.608163053542971,0.44810222128110344,0.6085367023952896,0.3980681317848927,0.5931842061172166,0.39794320753015106,0.610105054181061,0.5944587078080947,0.39794320753015106,0.39794320753015106,0.5577769212860165,0.6484941752229039,0.39794320753015106,0.5542819536376759,0.44795164391145514,0.615528738217291,0.39794320753015106,0.6144420232205728,0.6065629675996744,0.39794320753015106,0.6182912982901347,0.39794320753015106,0.5940788468465119,0.39794320753015106,0.6176588516066933,0.4479570428543944,0.6047773848047338,0.39794320753015106,0.5856101616626935,0.39794320753015106,0.6050663179112284,0.39794320753015106,0.39794320753015106,0.39794320753015106,0.39794320753015106,0.5930830220367721,0.39794320753015106,0.39794320753015106,0.6058592642882116,0.39794320753015106,0.39794320753015106,0.4479033346453707,0.6182806844041745,0.39794320753015106,0.39794320753015106,0.5670110963265078,0.39803826932448466,0.39794320753015106,0.39794320753015106,0.6481353329877267,0.39794320753015106,0.39794320753015106,0.39794320753015106,0.6064261612236184,0.39794320753015106,0.39794320753015106,0.44753174513337074,0.5487530544141468,0.39794320753015106,0.39794320753015106,0.39794320753015106,0.6026844641151775,0.4479226589853454,0.39794320753015106,0.5780676144895326,0.3980681317848927,0.39794320753015106,0.39794320753015106,0.6037856702423449,0.39794320753015106,0.4484574375724616,0.6075568530491161,0.39794320753015106,0.39794320753015106,0.39806748960622446
0.20809519533032925,0.20809519533032925,0.21239605657151805,0.27273257095802933,0.24450455142802613,0.41319477896273804,0.8585241769066785,0.20817659474828207,0.20904143211428838,0.29551851424930786,0.5201254474111296,0.460944103562397,0.20809519533032925,0.5471782691557381,0.20809519533032925,0.448293920161826,0.2941529865389926,0.5053829380520813,0.5124564870380092,0.293999799415081,0.20809519533032925,0.45397673927351856,0.5446186764994102,0.20809519533032925,0.4407396234492296,0.20809519533032925,0.5568988745744772,0.20809519533032925,0.5178712098986148,0.2082790752940924,0.49171617234536097,0.5195890807833408,0.20828031717206605,0.29380027418023047,0.4379159718551213,0.44367420568019744,0.20809519533032925,0.5571573839222173,0.20809519533032925,0.4437880245768034,0.294070240037668,0.5080900811196821,0.5054314308240876,0.2927458156010656,0.21235221396243548,0.4459236116304569,0.5091639281084729,0.2931938320659948,0.4526743165955186,0.20809519533032925,0.5100226645575325,0.29385578466217205,0.5104856573492657,0.20833681475937624,0.49137025419366787,0.20809519533032925,0.5124278645766704,0.49296461434241906,0.20809519533032925,0.20809519533032925,0.44644290163768235,0.5594507829306951,0.20809519533032925,0.44193298729514013,0.29362221847750763,0.519130335656844,0.20809519533032925,0.5177891159833914,0.5080387668702789,0.20809519533032925,0.5225360932203705,0.20809519533032925,0.492489568541324,0.20809519533032925,0.521756870861509,0.2936305947678127,0.5058225308676381,0.20809519533032925,0.48186543575272806,0.20809519533032925,0.506181319306555,0.20809519533032925,0.20809519533032925,0.20809519533032925,0.20809519533032925,0.4912436154364058,0.20809519533032925,0.20809519533032925,0.5071656394489811,0.20809519533032925,0.20809519533032925,0.29354726224370997,0.5225230184130951,0.20809519533032925,0.20809519533032925,0.458288267256119,0.2082790752940924,0.20809519533032925,0.20809519533032925,0.5590153139201506,0.20809519533032925,0.20809519533032925,0.20809519533032925,0.5078690530548196,0.20809519533032925,0.20809519533032925,0.2929703500531216,0.4347667772446124,0.20809519533032925,0.20809519533032925,0.20809519533032925,0.503221628833671,0.2935772469996623,0.20809519533032925,0.4723465826805747,0.20833681475937624,0.20809519533032925,0.20809519533032925,0.5045905477903018,0.20809519533032925,0.29440636513626856,0.5092712869714199,0.20809519533032925,0.20809519533032925,0.20833557321944507
