0.0,0.0,0.05065913716873669,0.18823491354346375,0.16832744454145304,0.24960402759853806,0.8408964152537145,0.5271519020731475,0.014970971347272807,0.2422802254337022,0.5573863630980583,0.477260650442495,0.24099596707740834,0.5328452476128762,0.010079505815126302,0.4603185606735822,0.23957398280762746,0.5373574259154396,0.5470681007044521,0.23936079981095904,0.0,0.4685570906557354,0.5288963506015586,0.24057331952115127,0.45016952735484556,0.0,0.6076322411461459,0.0,0.5543606326257913,0.011891646579793745,0.5185204878875661,0.5559743941813478,0.010113500869632657,0.23873746874713922,0.44642688986155726,0.45376269144478587,0.0,0.6078245874939918,0.0,0.45423120598390826,0.2393471094108904,0.5407199610859983,0.0,0.5970212091238007,0.04936198501631013,0.45729251255480907,0.5419247068691219,0.0,0.5293486898034775,0.0,0.5433079682418155,0.23938745786141905,0.5443127434012658,0.01155495307059821,0.5184437166876779,0.0,0.5471052940687424,0.23769357165183866,0.45754381479996054,0.010079505815126302,0.45809513152376213,0.23856837516774967,0.5515318355656919,0.45189041532376617,0.0175757816406787,0.615060461784006,0.0,0.5537303888047477,0.5407375341775732,0.0,0.0,0.5602039633099642,0.5196751273950188,0.0,0.559462026671225,0.23916906431147258,0.5378923498363292,0.0,0.440516549149393,0.23868400740671433,0.0,0.5385282732972752,0.0,0.0,0.4543863578710373,0.2386861749866634,0.0,0.011525210528402115,0.0,0.5397783984302822,0.0,0.0,0.6198597518765764,0.0,0.0,0.01155495307059821,0.4743965294732276,0.0,0.0,0.6101423308153459,0.0,0.0,0.0,0.5404600015865426,0.0,0.0,0.23782412322397975,0.44222512336971564,0.0,0.0,0.0,0.5340457031643828,0.0,0.238781529407042,0.0,0.4925121680088296,0.010113500869632657,0.0,0.5360419959833639,0.0,0.24006302480156322,0.0,0.5425223340529359,0.0,0.0
0.0,0.0,0.05065913716873669,0.18823491354346375,0.16832744454145304,0.24960402759853806,0.8408964152537145,0.5271519020731475,0.014970971347272807,0.2422802254337022,0.5573863630980583,0.477260650442495,0.24099596707740834,0.5328452476128762,0.010079505815126302,0.4603185606735822,0.23957398280762746,0.5373574259154396,0.5470681007044521,0.23936079981095904,0.0,0.4685570906557354,0.5288963506015586,0.24057331952115127,0.45016952735484556,0.0,0.6076322411461459,0.0,0.5543606326257913,0.011891646579793745,0.5185204878875661,0.5559743941813478,0.010113500869632657,0.23873746874713922,0.44642688986155726,0.45376269144478587,0.0,0.6078245874939918,0.0,0.45423120598390826,0.2393471094108904,0.5407199610859983,0.0,0.5970212091238007,0.04936198501631013,0.45729251255480907,0.5419247068691219,0.0,0.5293486898034775,0.0,0.5433079682418155,0.23938745786141905,0.5443127434012658,0.01155495307059821,0.5184437166876779,0.0,0.5471052940687424,0.23769357165183866,0.45754381479996054,0.010079505815126302,0.45809513152376213,0.23856837516774967,0.5515318355656919,0.45189041532376617,0.0175757816406787,0.615060461784006,0.0,0.5537303888047477,0.5407375341775732,0.0,0.0,0.5602039633099642,0.5196751273950188,0.0,0.559462026671225,0.23916906431147258,0.5378923498363292,0.0,0.440516549149393,0.23868400740671433,0.0,0.5385282732972752,0.0,0.0,0.4543863578710373,0.2386861749866634,0.0,0.011525210528402115,0.0,0.5397783984302822,0.0,0.0,0.6198597518765764,0.0,0.0,0.01155495307059821,0.4743965294732276,0.0,0.0,0.6101423308153459,0.0,0.0,0.0,0.5404600015865426,0.0,0.0,0.23782412322397975,0.44222512336971564,0.0,0.0,0.0,0.5340457031643828,0.0,0.238781529407042,0.0,0.4925121680088296,0.010113500869632657,0.0,0.5360419959833639,0.0,0.24006302480156322,0.0,0.5425223340529359,0.0,0.0
0.05065913716873669,0.05065913716873669,0.07164272087937448,0.19492819883789353,0.1757821182309569,0.2546827988808901,0.8419733575532939,0.529484164606047,0.05282496908948147,0.24751047921440147,0.5595693758317576,0.4798706756520284,0.24625369243562104,0.5351484444367173,0.05165214679360809,0.46303407347845704,0.2448624548705648,0.5396379187497555,0.5493006816716801,0.24465391155641988,0.05065913716873669,0.47122049952004935,0.5312196567704612,0.24584014717113642,0.4529514700761582,0.05065913716873669,0.6095906355435304,0.05065913716873669,0.556558043209969,0.05203613115561476,0.5208977460346121,0.5581641118214186,0.05165879139480196,0.24404419209431572,0.4492339888287204,0.45652082200088356,0.05065913716873669,0.609782167991917,0.05065913716873669,0.45698625570229573,0.24464051938262646,0.5429837193349347,0.05065913716873669,0.5990249926202118,0.07073145058054182,0.4600275660658468,0.5441825069466046,0.05065913716873669,0.5316696809257515,0.05065913716873669,0.5455589513940025,0.24467998899216062,0.5465587908907779,0.05196022186694442,0.5208213802453765,0.05065913716873669,0.5493376939364945,0.24302324353852467,0.4602772370699143,0.05165214679360809,0.46082498050826654,0.24387880273479792,0.5537428090480702,0.4546609126540603,0.05362140560588063,0.6169876429481794,0.05065913716873669,0.5559308125237047,0.5430012053759565,0.05065913716873669,0.05065913716873669,0.5623736680572683,0.5220462994187394,0.05065913716873669,0.5616352265137295,0.24446635572504682,0.5401701700460287,0.05065913716873669,0.44336413329596697,0.24399190135236437,0.05065913716873669,0.5408029214209014,0.05065913716873669,0.05065913716873669,0.4571403885584801,0.24399402146085403,0.05065913716873669,0.05195361581764601,0.05065913716873669,0.5420468269797908,0.05065913716873669,0.05065913716873669,0.6217669977550148,0.05065913716873669,0.05065913716873669,0.05196022186694442,0.4770239396933254,0.05065913716873669,0.05065913716873669,0.6120901279385597,0.05065913716873669,0.05065913716873669,0.05065913716873669,0.5427250480685702,0.05065913716873669,0.05065913716873669,0.2431509145729354,0.4450609066485545,0.05065913716873669,0.05065913716873669,0.05065913716873669,0.5363428314693227,0.05065913716873669,0.24408728837195126,0.05065913716873669,0.4950324629306449,0.05165879139480196,0.05065913716873669,0.5383290780265891,0.05065913716873669,0.24534088324802447,0.05065913716873669,0.5447771857827574,0.05065913716873669,0.05065913716873669
0.18823491354346375,0.18823491354346375,0.19492819883789353,0.26612077646328813,0.25245691466844233,0.31245255465921,0.8554047287229126,0.5583470672415425,0.1888289464921243,0.3066498569813797,0.5866544771227105,0.5119918734193347,0.30563893610744397,0.5636665688779643,0.1885044167560005,0.49637479602775064,0.30452196274973403,0.5678862385153516,0.576978241989134,0.30435472224429116,0.18823491354346375,0.5039601173401929,0.5599763940773161,0.3053066848364872,0.4870549643115356,0.18823491354346375,0.6339668331097402,0.18823491354346375,0.5838154376842802,0.18860992758923764,0.5502929876955376,0.5853294687068675,0.18850623640987738,0.30386604775126896,0.48362527152279633,0.49035136407463326,0.18823491354346375,0.6341484803626302,0.18823491354346375,0.49078144474137186,0.304343984153283,0.5710328993562384,0.18823491354346375,0.6239516870079908,0.19459535723214752,0.4935930833969789,0.572160729708333,0.18823491354346375,0.5603989656245514,0.18823491354346375,0.5734559540464961,0.30437563220422315,0.5743969639281915,0.18858901204136055,0.5502214104969487,0.18823491354346375,0.5770130933058273,0.30304874839924345,0.49382400213010347,0.1885044167560005,0.49433065958467026,0.3037335665394771,0.5811623524480112,0.4886332770029097,0.18905315420673413,0.6409843941712728,0.18823491354346375,0.5832242428452663,0.5710493489018998,0.18823491354346375,0.18823491354346375,0.5892993703087237,0.5513696368214734,0.18823491354346375,0.5886028056716157,0.30420435535759943,0.5683867013741482,0.18823491354346375,0.47821733105269154,0.3038241580713016,0.18823491354346375,0.5689817160151678,0.18823491354346375,0.18823491354346375,0.4909238821519058,0.3038258564110561,0.18823491354346375,0.18858719318817072,0.18823491354346375,0.5701516062922594,0.18823491354346375,0.18823491354346375,0.6455210341908504,0.18823491354346375,0.18823491354346375,0.18858901204136055,0.5093468151281164,0.18823491354346375,0.18823491354346375,0.6363375785641008,0.18823491354346375,0.18823491354346375,0.18823491354346375,0.5707895661220426,0.18823491354346375,0.18823491354346375,0.3031508864661885,0.47977962061029295,0.18823491354346375,0.18823491354346375,0.18823491354346375,0.5647888820700359,0.18823491354346375,0.303900574201561,0.18823491354346375,0.5261084419051655,0.18850623640987738,0.18823491354346375,0.5666557452000258,0.18823491354346375,0.30490582539309974,0.18823491354346375,0.5727202851978034,0.18823491354346375,0.18823491354346375
0.16832744454145304,0.16832744454145304,0.1757821182309569,0.25245691466844233,0.238003162413258,0.3009256412679256,0.8525597562160626,0.5522641525876968,0.1689916207122436,0.2948922037118633,0.5809361655101196,0.5052480492133798,0.29384015735832086,0.5576541511998683,0.16862883527729772,0.48938619175140585,0.29267741515098045,0.5619290601213565,0.5711381259591477,0.29250329185795737,0.16832744454145304,0.4970919831375088,0.5539151760159179,0.2934943281013182,0.4799140079711915,0.16832744454145304,0.6288090597177415,0.16832744454145304,0.578061673819623,0.16874680081519508,0.5441014311325152,0.5795946400704637,0.1686308698661274,0.29199446092590337,0.4764269864888647,0.48326485856932716,0.16832744454145304,0.6289927628527873,0.16832744454145304,0.483701997261897,0.2924921115725106,0.5651165327434721,0.16832744454145304,0.6186795393382245,0.17541286088047342,0.48655951910658674,0.5662589133271674,0.16832744454145304,0.5543433595541681,0.16832744454145304,0.5675707976403387,0.29252506279689694,0.5685238782420998,0.16872341766231574,0.5440288778025282,0.16832744454145304,0.5711734210119338,0.29114329954696166,0.4867941864525124,0.16862883527729772,0.4873090582988452,0.29185650364622634,0.5753752462953661,0.4815184701784503,0.16924216764744254,0.6359055883777766,0.16832744454145304,0.5774630671178158,0.5651331947979943,0.16832744454145304,0.16832744454145304,0.5836138796757745,0.5451927400624816,0.16832744454145304,0.582908690362042,0.2923467299172914,0.562436035427536,0.16832744454145304,0.47092720754154827,0.29195084028525026,0.16832744454145304,0.5630387822641435,0.16832744454145304,0.16832744454145304,0.4838467698764328,0.291952608813242,0.16832744454145304,0.16872138419128832,0.16832744454145304,0.5642238417094957,0.16832744454145304,0.16832744454145304,0.6404927958155159,0.16832744454145304,0.16832744454145304,0.16872341766231574,0.5025624103995655,0.16832744454145304,0.16832744454145304,0.6312065871159647,0.16832744454145304,0.16832744454145304,0.16832744454145304,0.5648700549161294,0.16832744454145304,0.16832744454145304,0.2912496797194476,0.47251621270772937,0.16832744454145304,0.16832744454145304,0.16832744454145304,0.5587912144736132,0.16832744454145304,0.29203041370214833,0.16832744454145304,0.5195755553882448,0.1686308698661274,0.16832744454145304,0.5606825196178944,0.16832744454145304,0.2930770460658109,0.16832744454145304,0.5668256726723836,0.16832744454145304,0.16832744454145304
0.24960402759853806,0.24960402759853806,0.2546827988808901,0.31245255465921,0.3009256412679256,0.3526503600156851,0.8659026477261957,0.5806871501847327,0.2500517218532197,0.3475347690494956,0.6076965857580471,0.5366560119584265,0.346645685945353,0.585756539030341,0.24980706423421564,0.5218898391174689,0.3456640833207418,0.5897799388179134,0.5984551790569598,0.3455171797027648,0.24960402759853806,0.529057064943366,0.5822395449971478,0.3463536189038539,0.5130968335545718,0.24960402759853806,0.6529929369336789,0.24960402759853806,0.6049842302459124,0.24988658730264685,0.5730176980350252,0.60643061126913,0.24980843553773752,0.345088031728424,0.5098648210973584,0.5162051923084328,0.24960402759853806,0.6531671465686106,0.24960402759853806,0.5166108785275618,0.34550774800185075,0.5927814299514643,0.24960402759853806,0.6433910774768768,0.2544284923091611,0.5192638197915255,0.5938574712164368,0.24960402759853806,0.5826422110649236,0.24960402759853806,0.5950933758768537,0.345535545980017,0.5959913924392587,0.2498708218248842,0.572949572126457,0.24960402759853806,0.5984884484615376,0.3443706317586333,0.5194817644830945,0.24980706423421564,0.5199599871813636,0.3449717146919028,0.6024501971298372,0.5145848757333998,0.2502208536780561,0.659724594957976,0.24960402759853806,0.6044195079719615,0.5927971232328793,0.24960402759853806,0.24960402759853806,0.6102241079579992,0.5740425050182728,0.24960402759853806,0.6095583943125316,0.3453851130719184,0.5902572457562811,0.24960402759853806,0.5047729143792972,0.34505125183675783,0.24960402759853806,0.5908247629462384,0.24960402759853806,0.24960402759853806,0.5167452438223408,0.3450527429876978,0.24960402759853806,0.2498694508664006,0.24960402759853806,0.5919406938852619,0.24960402759853806,0.24960402759853806,0.6640779198862509,0.24960402759853806,0.24960402759853806,0.2498708218248842,0.5341523964486478,0.24960402759853806,0.24960402759853806,0.6552667685993532,0.24960402759853806,0.24960402759853806,0.24960402759853806,0.5925492870798427,0.24960402759853806,0.24960402759853806,0.3444602618771571,0.5062433523395357,0.24960402759853806,0.24960402759853806,0.24960402759853806,0.5868264687013207,0.24960402759853806,0.3451183474176457,0.24960402759853806,0.5500349823961318,0.24980843553773752,0.24960402759853806,0.5886064885741089,0.24960402759853806,0.3460013346578054,0.24960402759853806,0.5943913793732299,0.24960402759853806,0.24960402759853806
0.8408964152537145,0.8408964152537145,0.8419733575532939,0.8554047287229126,0.8525597562160626,0.8659026477261957,1.0,0.9358169491830903,0.8409906344645127,0.8645197904364107,0.9443511097885678,0.921727915696571,0.8642807820037111,0.9374282267148328,0.840939128039084,0.9169959061896615,0.8640173641328459,0.9387043213628147,0.9414464383685598,0.8639779836745425,0.8408964152537145,0.9192916960489985,0.9363107505902063,0.8642023536077192,0.9141836995400586,0.8408964152537145,0.9582383350619808,0.8408964152537145,0.9435005146398041,0.8409558650584279,0.9333729707749359,0.9439543086986588,0.8409394166168496,0.8638630045001351,0.9131516022772544,0.9151771637012266,0.8408964152537145,0.9582903104842182,0.8408964152537145,0.9153068823307271,0.8639754556909264,0.9396545752571512,0.8408964152537145,0.9553540726777977,0.841919011804795,0.9161554632832134,0.9399948627575836,0.8408964152537145,0.9364387811832551,0.8408964152537145,0.9403854481519588,0.8639829065263238,0.9406690736653794,0.8409525465909159,0.9333512315774569,0.8408964152537145,0.9414569273384449,0.863671004070814,0.9162251981024886,0.840939128039084,0.9163782241604079,0.8638318564048205,0.9427043605580544,0.9146591945887185,0.8410262650246924,0.9602369472341451,0.8408964152537145,0.943323209121341,0.9396595395783427,0.8408964152537145,0.8408964152537145,0.9451421984277454,0.9336999307679416,0.8408964152537145,0.9449339849778513,0.8639425898843933,0.9388555356787873,0.8408964152537145,0.9115276471418903,0.8638531546120466,0.8408964152537145,0.939035279858952,0.8408964152537145,0.8408964152537145,0.9153498485594387,0.8638535539383868,0.8408964152537145,0.840952258026667,0.8408964152537145,0.9393885587534238,0.8408964152537145,0.8408964152537145,0.9615183116339354,0.8408964152537145,0.8408964152537145,0.8409525465909159,0.9209250940905389,0.8408964152537145,0.8408964152537145,0.9589156925221695,0.8408964152537145,0.8408964152537145,0.8408964152537145,0.9395811354817383,0.8408964152537145,0.8408964152537145,0.8636949778322579,0.9119963338501116,0.8408964152537145,0.8408964152537145,0.8408964152537145,0.9377678212300284,0.8408964152537145,0.8638711237491427,0.8408964152537145,0.926018476966461,0.8409394166168496,0.8408964152537145,0.938332405037172,0.8408964152537145,0.8641078123647223,0.8408964152537145,0.9401636289410095,0.8408964152537145,0.8408964152537145
0.5271519020731475,0.5271519020731475,0.529484164606047,0.5583470672415425,0.5522641525876968,0.5806871501847327,0.9358169491830903,0.7306763328820495,0.527356068600441,0.5777522574051651,0.7500537137985959,0.6995645655939817,0.5772447944458539,0.7342984936084355,0.5272444606626964,0.6892941509171646,0.5766854323749189,0.737178398974262,0.7434026768633891,0.5766018021922233,0.5271519020731475,0.6942678006500844,0.7317847634505771,0.5770782615153112,0.683223153871494,0.5271519020731475,0.7828978421936904,0.5271519020731475,0.7480995421058829,0.5272807284509466,0.7252107187842379,0.7491414063950842,0.5272450859940612,0.5763576170738514,0.6810005302050371,0.6853652893649355,0.5271519020731475,0.783024770737713,0.5271519020731475,0.6856451940266025,0.5765964335886377,0.739329682530322,0.5271519020731475,0.7759078399164945,0.5293665443675158,0.6874774265076675,0.7401015011476446,0.5271519020731475,0.7320723859470171,0.5271519020731475,0.7409883567277945,0.5766122566855045,0.7416329981122349,0.5272735376554007,0.7251622491038162,0.5271519020731475,0.7434265838864506,0.5759498260217778,0.6876280881663357,0.5272444606626964,0.6879587497832913,0.5762914642568794,0.7462753946024815,0.6842480916596104,0.5274332714052242,0.7878049756688833,0.5271519020731475,0.7476928905211627,0.7393409367704956,0.5271519020731475,0.5271519020731475,0.7518762199084752,0.7259400134442944,0.5271519020731475,0.7513960592951007,0.5765266368004248,0.7375203424899817,0.5271519020731475,0.6775088694609093,0.576336697844409,0.5271519020731475,0.7379269923062723,0.5271519020731475,0.5271519020731475,0.685737916254272,0.5763375459373263,0.5271519020731475,0.5272729123634221,0.5271519020731475,0.7387268538382011,0.5271519020731475,0.5271519020731475,0.7909808749826787,0.5271519020731475,0.5271519020731475,0.5272735376554007,0.6978168395839256,0.5271519020731475,0.5271519020731475,0.7845548240862107,0.5271519020731475,0.5271519020731475,0.5271519020731475,0.7391632117266239,0.5271519020731475,0.5271519020731475,0.576000746350387,0.6785159173821174,0.5271519020731475,0.5271519020731475,0.5271519020731475,0.7350639029745887,0.5271519020731475,0.576374860683135,0.5271519020731475,0.7089457141339862,0.5272450859940612,0.5271519020731475,0.7363379986897747,0.5271519020731475,0.5768775059056762,0.5271519020731475,0.7404845724573306,0.5271519020731475,0.5271519020731475
0.014970971347272807,0.014970971347272807,0.05282496908948147,0.1888289464921243,0.1689916207122436,0.2500517218532197,0.8409906344645127,0.527356068600441,0.02117215045654271,0.2427415285327864,0.5575774285335402,0.47748922611144345,0.24145974061450115,0.5330468619950874,0.018047892310152493,0.4605564163103792,0.24004052221130584,0.5375570470121391,0.5472635161461085,0.23982775666778358,0.014970971347272807,0.468790361884158,0.5290997306655013,0.24103791176878359,0.45041322994609373,0.014970971347272807,0.6078036071713709,0.014970971347272807,0.5545529614790752,0.019119132714119195,0.5187286060554592,0.5561660479644337,0.018066900103530913,0.23920565042779685,0.4466728072411631,0.45400429789450447,0.014970971347272807,0.6079958821747588,0.014970971347272807,0.45447254125514763,0.23981409310122934,0.5409181131237851,0.014970971347272807,0.5971965542449935,0.05158231112866795,0.4575320878616284,0.5421223358937337,0.014970971347272807,0.5295518665877459,0.014970971347272807,0.5435049988901524,0.2398543624765185,0.5445093408194882,0.01891155514593723,0.5186518704640732,0.014970971347272807,0.5473006936155649,0.2381638187585954,0.45778324654255276,0.018047892310152493,0.4583342487892449,0.23903689020099458,0.5517253546499011,0.4521331103603493,0.02308761713251519,0.6152290919098722,0.014970971347272807,0.5539229820730784,0.5409356785738794,0.014970971347272807,0.014970971347272807,0.5603938610415239,0.5198827110084923,0.014970971347272807,0.5596522310712982,0.2396363972506613,0.53809173630628,0.014970971347272807,0.4407660316153889,0.2391522944311217,0.014970971347272807,0.5387273812973952,0.014970971347272807,0.014970971347272807,0.45462760344724157,0.2391544577390231,0.014970971347272807,0.018893397147776273,0.014970971347272807,0.5399769604417496,0.014970971347272807,0.014970971347272807,0.6200266348252106,0.014970971347272807,0.014970971347272807,0.01891155514593723,0.47462663414699885,0.014970971347272807,0.014970971347272807,0.6103127679285825,0.014970971347272807,0.014970971347272807,0.014970971347272807,0.5406582667085292,0.014970971347272807,0.014970971347272807,0.23829411104549492,0.44247356657038756,0.014970971347272807,0.014970971347272807,0.014970971347272807,0.5342467847415854,0.014970971347272807,0.23924962430268068,0.014970971347272807,0.4927328543328377,0.018066900103530913,0.014970971347272807,0.5362421955528704,0.014970971347272807,0.24052860933272743,0.014970971347272807,0.5427197042749102,0.014970971347272807,0.014970971347272807
0.2422802254337022,0.2422802254337022,0.24751047921440147,0.3066498569813797,0.2948922037118633,0.3475347690494956,0.8645197904364107,0.5777522574051651,0.2427415285327864,0.3423404471605229,0.6049287429478678,0.5334244515333898,0.3414374486680223,0.5828537626543128,0.2424894401547489,0.5185504897313994,0.340440401065187,0.5869023897919756,0.5956312696720736,0.340291178593117,0.2422802254337022,0.5257706206824726,0.5793145270897965,0.3411407950861481,0.5096909808920921,0.2422802254337022,0.6504863339321502,0.2422802254337022,0.6022000422528111,0.24257138015461138,0.5700334860582937,0.6036551506249968,0.24249085314956206,0.33985524547787305,0.5064340612346767,0.5128230560755865,0.2422802254337022,0.6506615111383394,0.2422802254337022,0.5132318207029749,0.34028159794795204,0.5899225540762237,0.2422802254337022,0.6408307517814692,0.24724873604331837,0.5159047979028405,0.5910052598064324,0.2422802254337022,0.5797197487428876,0.2422802254337022,0.5922487998355837,0.3403098348854421,0.5931523515289074,0.24255513564576778,0.5699649179919303,0.2422802254337022,0.5956647428603694,0.33912646582384914,0.516124381320946,0.2424894401547489,0.5166061959400439,0.3397370865304435,0.59965065656772,0.5111904054407563,0.24291578845554726,0.6572552046747756,0.2422802254337022,0.6016319054979571,0.5899383446665653,0.2422802254337022,0.2422802254337022,0.6074714164666132,0.5710649355662527,0.2422802254337022,0.6068017195762472,0.3401570256557164,0.5873826744816752,0.2422802254337022,0.501302388676522,0.33981788329872,0.2422802254337022,0.5879537281151113,0.2422802254337022,0.2422802254337022,0.5133672047274321,0.3398193980594555,0.2422802254337022,0.24255372302801437,0.2422802254337022,0.5890765999863451,0.2422802254337022,0.2422802254337022,0.6616324101200145,0.2422802254337022,0.2422802254337022,0.24255513564576778,0.530902886914304,0.2422802254337022,0.2422802254337022,0.6527727753565302,0.2422802254337022,0.2422802254337022,0.2422802254337022,0.589688971371888,0.2422802254337022,0.2422802254337022,0.3392175202351461,0.5027843772977785,0.2422802254337022,0.2422802254337022,0.2422802254337022,0.5839304232654354,0.2422802254337022,0.3398860410238018,0.2422802254337022,0.5468972245770521,0.24249085314956206,0.2422802254337022,0.5857216053388085,0.2422802254337022,0.34078296856072393,0.2422802254337022,0.5915424689357073,0.2422802254337022,0.2422802254337022
0.5573863630980583,0.5573863630980583,0.5595693758317576,0.5866544771227105,0.5809361655101196,0.6076965857580471,0.9443511097885678,0.7500537137985959,0.5575774285335402,0.6049287429478678,0.7685121853329546,0.7204296311424742,0.6044502657588632,0.7535038712331622,0.5574729814731321,0.7106563775580379,0.6039228889559664,0.7562471236269294,0.7621762901226385,0.6038440440575785,0.5573863630980583,0.7153887922376273,0.7511094920130256,0.6042932516114311,0.7048811623296755,0.5573863630980583,0.799796273107994,0.5573863630980583,0.7666505963016709,0.5575069220578224,0.7448479801706863,0.7676430997792714,0.5574735666768716,0.6036138358379202,0.7027672148711676,0.7069187582137796,0.5573863630980583,0.7999171401548361,0.5573863630980583,0.707185017337838,0.6038389826714626,0.7582963771830389,0.5573863630980583,0.7931395277282599,0.5594592611947573,0.7089280069299194,0.7590315992538265,0.5573863630980583,0.751383454494114,0.5573863630980583,0.759876408867752,0.6038539003039426,0.7604904909197908,0.5575001926584324,0.7448018172216295,0.5573863630980583,0.7621990641088582,0.6032294020458453,0.7090713363623338,0.5574729814731321,0.7093859089250707,0.6035514707520891,0.7649128770153028,0.7058560572872272,0.5576496791333255,0.8044687674325688,0.5573863630980583,0.7662632112617933,0.7583070977605797,0.5573863630980583,0.5573863630980583,0.770248347996443,0.7455425715119485,0.5573863630980583,0.7697909356980238,0.6037731803029333,0.7565728470057067,0.5573863630980583,0.6994467259097,0.6035941143309266,0.5573863630980583,0.756960208664515,0.5573863630980583,0.5573863630980583,0.7072732200129276,0.6035949138656026,0.5573863630980583,0.5574996074886097,0.5573863630980583,0.7577221353328756,0.5573863630980583,0.5573863630980583,0.8074924536492538,0.5573863630980583,0.5573863630980583,0.5575001926584324,0.7187662443739067,0.5573863630980583,0.5573863630980583,0.8013740944277897,0.5573863630980583,0.5573863630980583,0.5573863630980583,0.7581378003385773,0.5573863630980583,0.5573863630980583,0.6032774047076492,0.7004043482079836,0.5573863630980583,0.5573863630980583,0.5573863630980583,0.7542329533798111,0.5573863630980583,0.6036300922098954,0.5573863630980583,0.7293597094911203,0.5574735666768716,0.5573863630980583,0.755446592363121,0.5573863630980583,0.604103975242814,0.5573863630980583,0.7593965084369645,0.5573863630980583,0.5573863630980583
0.477260650442495,0.477260650442495,0.4798706756520284,0.5119918734193347,0.5052480492133798,0.5366560119584265,0.921727915696571,0.6995645655939817,0.47748922611144345,0.5334244515333898,0.7204296311424742,0.6660182736343337,0.5328654404480928,0.7034660825304492,0.477364277122683,0.6549264962846124,0.5322491712444979,0.706567633450742,0.7132696887087062,0.5321570250087124,0.477260650442495,0.6602992021800204,0.7007585551760948,0.5326819747256556,0.6483648697660823,0.477260650442495,0.7557744921457976,0.477260650442495,0.7183260898026306,0.4774048807727896,0.6936760672608899,0.719447605189447,0.47736497721807475,0.5318879627988139,0.6459616015609597,0.6506805815172076,0.477260650442495,0.7559110807579658,0.477260650442495,0.6509831292258187,0.5321511096506999,0.7088842360976266,0.477260650442495,0.7482527405924413,0.47973910324881514,0.652963370680735,0.7097153170547796,0.477260650442495,0.7010683684742454,0.477260650442495,0.7106702367617188,0.5321685441941689,0.7113643325035333,0.47739683035355385,0.6936238396207716,0.477260650442495,0.713295427796364,0.5314385877225818,0.6531261867836262,0.477364277122683,0.6534835156188175,0.5318150674496569,0.716362399480525,0.6494729214766066,0.4775756541884971,0.7610552643296596,0.477260650442495,0.7178883399919812,0.7088963546527045,0.477260650442495,0.477260650442495,0.7223913392155208,0.6944618886780737,0.477260650442495,0.7218745134801007,0.5320742037820364,0.7069358680738193,0.477260650442495,0.6421849970174107,0.5318649115456229,0.477260650442495,0.7073737771784755,0.477260650442495,0.477260650442495,0.6510833503784704,0.5318658460760726,0.477260650442495,0.4773961303099816,0.477260650442495,0.708235102692235,0.477260650442495,0.477260650442495,0.7644732219193602,0.477260650442495,0.477260650442495,0.47739683035355385,0.6641314967814648,0.477260650442495,0.477260650442495,0.7575575978454333,0.477260650442495,0.477260650442495,0.477260650442495,0.7087049798547299,0.477260650442495,0.477260650442495,0.5314947032690369,0.6432743748258999,0.477260650442495,0.477260650442495,0.477260650442495,0.7042904386743938,0.477260650442495,0.5319069637272,0.477260650442495,0.6761411684269086,0.47736497721807475,0.477260650442495,0.7056625941960809,0.477260650442495,0.5324607958440127,0.477260650442495,0.7101277922369431,0.477260650442495,0.477260650442495
0.24099596707740834,0.24099596707740834,0.24625369243562104,0.30563893610744397,0.29384015735832086,0.346645685945353,0.8642807820037111,0.5772447944458539,0.24145974061450115,0.3414374486680223,0.6044502657588632,0.5328654404480928,0.3405319895145874,0.5823518745600283,0.24120630337789378,0.5179727253114158,0.33953221035882486,0.5864048800053037,0.5951430671427248,0.3393825777434009,0.24099596707740834,0.5252020624746531,0.5788087783535731,0.340234524816376,0.5091016393347617,0.24099596707740834,0.6500531327965852,0.24099596707740834,0.6017187301343909,0.24128868212395368,0.5695174600546002,0.6031753522212268,0.24120772394106643,0.3389454444613116,0.5058403823836528,0.5122378437637933,0.24099596707740834,0.6502284775815257,0.24099596707740834,0.512647144320909,0.33937297075363937,0.5894282846775407,0.24099596707740834,0.6403882448612848,0.24599060201760822,0.5153236093652834,0.5905121468209612,0.24099596707740834,0.5792144436258563,0.24099596707740834,0.5917570116794948,0.33940128533218594,0.5926615237492177,0.24127235065769317,0.5694488152071757,0.24099596707740834,0.5951765756850216,0.3382146517602711,0.5155434780310035,0.24120630337789378,0.516025917872603,0.33882695969907906,0.5991666814444484,0.5106030457409207,0.24163493132359,0.6568284480315506,0.24099596707740834,0.601150001134985,0.5894440921531755,0.24099596707740834,0.24099596707740834,0.6069955669120619,0.5705500630178222,0.24099596707740834,0.6063251792443095,0.3392480557856699,0.5868856814533668,0.24099596707740834,0.5007017835246844,0.3389079792822573,0.24099596707740834,0.5874573487889312,0.24099596707740834,0.24099596707740834,0.5127827056967272,0.33890949821930333,0.24099596707740834,0.24127093047759868,0.24099596707740834,0.5885814251290328,0.24099596707740834,0.24099596707740834,0.6612097884861236,0.24099596707740834,0.24099596707740834,0.24127235065769317,0.5303407539343847,0.24099596707740834,0.24099596707740834,0.6523417581086262,0.24099596707740834,0.24099596707740834,0.24099596707740834,0.5891944521286531,0.24099596707740834,0.24099596707740834,0.33830595813960046,0.5021857842047591,0.24099596707740834,0.24099596707740834,0.24099596707740834,0.5834297034156374,0.24099596707740834,0.3389763248878577,0.24099596707740834,0.546354522712432,0.24120772394106643,0.24099596707740834,0.585222822736921,0.24099596707740834,0.3398757181036174,0.24099596707740834,0.5910499287162351,0.24099596707740834,0.24099596707740834
0.5328452476128762,0.5328452476128762,0.5351484444367173,0.5636665688779643,0.5576541511998683,0.585756539030341,0.9374282267148328,0.7342984936084355,0.5330468619950874,0.5828537626543128,0.7535038712331622,0.7034660825304492,0.5823518745600283,0.7378884278735488,0.5329366490065415,0.6932892871329345,0.5817986649976531,0.7407427401876466,0.7469117784368187,0.5817159553531241,0.5328452476128762,0.6982174933308988,0.735397057726843,0.582187172527809,0.6872740538597879,0.5328452476128762,0.7860568515308564,0.5328452476128762,0.7515670114748039,0.5329724634473417,0.7288815981156709,0.7525996453511425,0.5329372665208639,0.5814744590509756,0.6850719314974778,0.6893964748005704,0.5328452476128762,0.7861826507986652,0.5328452476128762,0.6896738065857996,0.5817106458491152,0.7428749208753398,0.5328452476128762,0.7791289587058523,0.5350322854220921,0.6914892148646001,0.7436398887997243,0.5328452476128762,0.7356821207132178,0.5328452476128762,0.7445188743632246,0.5817262947615573,0.7451577962812713,0.5329653625330207,0.7288335610175545,0.5328452476128762,0.7469354734542949,0.5810711617037656,0.6916384944420145,0.5329366490065415,0.6919661234741497,0.5814090349274017,0.7497590286352618,0.6882895535640494,0.5331231001290848,0.7909202815323582,0.5328452476128762,0.7511639630135291,0.7428860752119479,0.5328452476128762,0.5328452476128762,0.755310235584623,0.729604385167892,0.5328452476128762,0.7548343274020812,0.5816416174759863,0.741081646508977,0.5328452476128762,0.6816125754477195,0.5814537702412487,0.5328452476128762,0.7414846848123076,0.5328452476128762,0.5328452476128762,0.6897656766718079,0.5814546089924343,0.5328452476128762,0.5329647450569559,0.5328452476128762,0.7422774439402265,0.5328452476128762,0.5328452476128762,0.7940678413455028,0.5328452476128762,0.5328452476128762,0.5329653625330207,0.7017342286405839,0.5328452476128762,0.5328452476128762,0.7876990867001961,0.5328452476128762,0.5328452476128762,0.5328452476128762,0.7427099278649797,0.5328452476128762,0.5328452476128762,0.581121520679356,0.6826102936814343,0.5328452476128762,0.5328452476128762,0.5328452476128762,0.7386470328207899,0.5328452476128762,0.5814915127348318,0.5328452476128762,0.7127624077202034,0.5329372665208639,0.5328452476128762,0.7399098058470299,0.5328452476128762,0.5819886249947636,0.5328452476128762,0.7440195604839175,0.5328452476128762,0.5328452476128762
0.010079505815126302,0.010079505815126302,0.05165214679360809,0.1885044167560005,0.16862883527729772,0.24980706423421564,0.840939128039084,0.5272444606626964,0.018047892310152493,0.2424894401547489,0.5574729814731321,0.477364277122683,0.24120630337789378,0.5329366490065415,0.014254573787439327,0.46042639550450487,0.23978557483454924,0.5374479235180847,0.5471566914062357,0.23957258136713863,0.010079505815126302,0.46866284659581614,0.5289885525912327,0.2407840275205646,0.4502800136525992,0.010079505815126302,0.6077099279564403,0.010079505815126302,0.5544478238417684,0.015588704056442306,0.5186148382515037,0.5560612793163507,0.014278632159820752,0.23894980639269506,0.4465383805324365,0.45387222718144576,0.010079505815126302,0.6079022419581008,0.010079505815126302,0.45434061874671355,0.23955890314986011,0.540809792594746,0.010079505815126302,0.5971006999880526,0.05038056855658772,0.4574011272129286,0.5420143012363633,0.010079505815126302,0.5294407996217924,0.010079505815126302,0.5433972912973186,0.2395992156991344,0.5444018700247916,0.015333407190327145,0.5185380831975168,0.010079505815126302,0.5471938775636386,0.2379068470440756,0.45765236435512197,0.014254573787439327,0.4582035384711613,0.2387808641614562,0.5516195664411447,0.452000444713364,0.020260911413494596,0.615136908195132,0.010079505815126302,0.5538176999082945,0.5408273622215638,0.010079505815126302,0.010079505815126302,0.5602900522432167,0.5197692353770897,0.010079505815126302,0.5595482546490865,0.2393810166144949,0.5379827410554016,0.010079505815126302,0.44062965655043707,0.23889639288021447,0.010079505815126302,0.5386185382537082,0.010079505815126302,0.010079505815126302,0.4544957299590181,0.23889855852057842,0.010079505815126302,0.015311006293738735,0.010079505815126302,0.5398684158271043,0.010079505815126302,0.010079505815126302,0.6199354061588256,0.010079505815126302,0.010079505815126302,0.015333407190327145,0.47450084949587895,0.010079505815126302,0.010079505815126302,0.6102195964755309,0.010079505815126302,0.010079505815126302,0.010079505815126302,0.5405498843693008,0.010079505815126302,0.010079505815126302,0.23803728089455767,0.4423377594723697,0.010079505815126302,0.010079505815126302,0.010079505815126302,0.5341368629742678,0.010079505815126302,0.23899382765067476,0.010079505815126302,0.49261221724439097,0.014278632159820752,0.010079505815126302,0.5361327558752822,0.010079505815126302,0.24027418330574268,0.010079505815126302,0.54261181107557,0.010079505815126302,0.010079505815126302
0.4603185606735822,0.4603185606735822,0.46303407347845704,0.49637479602775064,0.48938619175140585,0.5218898391174689,0.9169959061896615,0.6892941509171646,0.4605564163103792,0.5185504897313994,0.7106563775580379,0.6549264962846124,0.5179727253114158,0.6932892871329345,0.46042639550450487,0.6435552556468425,0.5173357447845355,0.6964650291283575,0.7033267498990882,0.517240498378927,0.4603185606735822,0.6490638924823322,0.690516826692656,0.5177830978261021,0.636826097019779,0.4603185606735822,0.746829673280957,0.4603185606735822,0.7085030719836968,0.46046864756594347,0.6832636946591487,0.7096511281985162,0.460427124024257,0.5169623788249588,0.6343610300441348,0.6392011307778088,0.4603185606735822,0.7469694456513816,0.4603185606735822,0.6395114128319103,0.5172343839746086,0.6988369187052291,0.4603185606735822,0.7391324809275901,0.4628972082925958,0.6415421868938529,0.6996878081656215,0.4603185606735822,0.690834078202439,0.4603185606735822,0.7006654716852165,0.5172524051639333,0.7013760882569277,0.46046027033913145,0.6832102042057658,0.4603185606735822,0.7033531005574307,0.5164978599233547,0.641709150882051,0.46042639550450487,0.6420755793301531,0.5168870283397198,0.7064928611836832,0.6379625611750225,0.46064635118827796,0.752233502175677,0.4603185606735822,0.708054957246397,0.6988493261976226,0.4603185606735822,0.4603185606735822,0.7126644325565183,0.6840685083651489,0.4603185606735822,0.7121354020446055,0.5171548899666073,0.6968420590187567,0.4603185606735822,0.6304868179934919,0.5169385512583367,0.4603185606735822,0.6972904240110525,0.4603185606735822,0.4603185606735822,0.6396141952313521,0.5169395172626995,0.4603185606735822,0.4604595418767471,0.4603185606735822,0.6981723041085306,0.4603185606735822,0.4603185606735822,0.7557310868548868,0.4603185606735822,0.4603185606735822,0.46046027033913145,0.6529924950101678,0.4603185606735822,0.4603185606735822,0.7486543373444776,0.4603185606735822,0.4603185606735822,0.4603185606735822,0.6986533882013686,0.4603185606735822,0.4603185606735822,0.5165558676909999,0.6316044140639666,0.4603185606735822,0.4603185606735822,0.4603185606735822,0.6941333819903172,0.4603185606735822,0.5169820196198592,0.4603185606735822,0.6653007195055649,0.460427124024257,0.4603185606735822,0.6955383613460331,0.4603185606735822,0.5175544859773182,0.4603185606735822,0.700110109608741,0.4603185606735822,0.4603185606735822
0.23957398280762746,0.23957398280762746,0.2448624548705648,0.30452196274973403,0.29267741515098045,0.3456640833207418,0.8640173641328459,0.5766854323749189,0.24004052221130584,0.340440401065187,0.6039228889559664,0.5322491712444979,0.33953221035882486,0.5817986649976531,0.23978557483454924,0.5173357447845355,0.3385293987890333,0.5858565021591386,0.5946049596656477,0.33837931084251716,0.23957398280762746,0.5245752499361654,0.5782513081647638,0.3392338452217366,0.5084518705908132,0.23957398280762746,0.6495756990319179,0.23957398280762746,0.6011882254565503,0.23986844479311487,0.5689486469619985,0.6026465176877642,0.2397870038711701,0.33794084514454825,0.5051858221544051,0.5115926364321075,0.23957398280762746,0.6497512286304844,0.23957398280762746,0.5120025289923661,0.33836967460551187,0.5888834826454541,0.23957398280762746,0.6399005478095094,0.2445978571014823,0.5146828467136376,0.5899686208782106,0.23957398280762746,0.5786574630265455,0.23957398280762746,0.5912149476527895,0.3383980753795647,0.5921205194613683,0.2398520159713189,0.5688799173674736,0.23957398280762746,0.5946385072184941,0.33720781750709033,0.5149030304569313,0.23978557483454924,0.515386160900263,0.33782199866009016,0.598633238500853,0.5099554663045556,0.24021675496853,0.6563581213551278,0.23957398280762746,0.6006188430021762,0.588899308753935,0.23957398280762746,0.23957398280762746,0.6064710891894626,0.569982523043068,0.23957398280762746,0.6057999393914105,0.3382443792044787,0.586337873865441,0.23957398280762746,0.5000395711511875,0.33790326561441014,0.23957398280762746,0.5869102184355964,0.23957398280762746,0.23957398280762746,0.5121382862746603,0.33790478918802525,0.23957398280762746,0.23985058732458928,0.23957398280762746,0.5880356239226052,0.23957398280762746,0.23957398280762746,0.6607440217524945,0.23957398280762746,0.23957398280762746,0.2398520159713189,0.5297210372071061,0.23957398280762746,0.23957398280762746,0.6518667328151103,0.23957398280762746,0.23957398280762746,0.23957398280762746,0.588649374393833,0.23957398280762746,0.23957398280762746,0.33729940363241345,0.5015257948126751,0.23957398280762746,0.23957398280762746,0.23957398280762746,0.5828777831004136,0.23957398280762746,0.33797181980587854,0.23957398280762746,0.5457562618258517,0.2397870038711701,0.23957398280762746,0.5846730402881845,0.23957398280762746,0.3388739503623068,0.23957398280762746,0.5905070348088668,0.23957398280762746,0.23957398280762746
