0.0,0.0,0.1990467443098781,0.08595226286761215,0.8408964152537145,0.5135139869159259,0.015098063402340616,0.22901198947344437,0.5232044949271955,0.4496792262588573,0.22764508655426377,0.5011784683332494,0.009523150082551115,0.011897501300775064,0.49321776704741194,0.5049924822826312,0.0,0.5685956412781734,0.0,0.4412479143873934,0.49743900827128557,0.2272203744368986,0.0,0.42442864496779986,0.5148828254094019,0.22572155832468396,0.5206502529837421,0.0,0.48778479763400445,0.0,0.5222944920697605,0.22552252118842656,0.42103344915087165,0.4278802559834911,0.0,0.22696571397146126,0.513835818023815,0.4281997087085278,0.22609802933554363,0.5082729696399811,0.0,0.5049823667035097,0.2241339945851762,0.4323747698167496,0.03258735959113253,0.5091515996663194,0.497378141522839,0.0,0.5103161751064011,0.22599461238203486,0.5114468878915316,0.010917157439589062,0.48774971011483537,0.0,0.513537384079495,0.0,0.49009925925317005,0.0,0.4317846919912571,0.5721907229916744,0.0,0.4260663574454334,0.0,0.5757415918964288,0.010889056614028876,0.5201740456763664,0.2245404826116184,0.451098291220121,0.0,0.5265156846879305,0.22554979676941586,0.42940606744805404,0.5253060840350451,0.22585914736594231,0.5062547237326952,0.0,0.0,0.47623979730072713,0.0,0.5061382075221788,0.0,0.0,0.42824646065826916,0.22540315232006639,0.0,0.0,0.0,0.507093823293629,0.0,0.0,0.5800357408283238,0.005280261893997375,0.009523150082551115,0.009555268699130547,0.44702832906973317,0.0,0.0,0.22477663920934618,0.51709027594296,0.0,0.0,0.0,0.5079469748354563,0.0,0.22458910293624057,0.41716920047057554,0.0,0.0,0.0,0.5020536394113317,0.2254931963166362,0.0,0.46370382071700345,0.0,0.010917157439589062,0.0,0.5040644260526778,0.0,0.22670330938319253,0.009523150082551115,0.509787238240916,0.0,0.0,0.0,0.42266137808508136
0.0,0.0,0.1990467443098781,0.08595226286761215,0.8408964152537145,0.5135139869159259,0.015098063402340616,0.22901198947344437,0.5232044949271955,0.4496792262588573,0.22764508655426377,0.5011784683332494,0.009523150082551115,0.011897501300775064,0.49321776704741194,0.5049924822826312,0.0,0.5685956412781734,0.0,0.4412479143873934,0.49743900827128557,0.2272203744368986,0.0,0.42442864496779986,0.5148828254094019,0.22572155832468396,0.5206502529837421,0.0,0.48778479763400445,0.0,0.5222944920697605,0.22552252118842656,0.42103344915087165,0.4278802559834911,0.0,0.22696571397146126,0.513835818023815,0.4281997087085278,0.22609802933554363,0.5082729696399811,0.0,0.5049823667035097,0.2241339945851762,0.4323747698167496,0.03258735959113253,0.5091515996663194,0.497378141522839,0.0,0.5103161751064011,0.22599461238203486,0.5114468878915316,0.010917157439589062,0.48774971011483537,0.0,0.513537384079495,0.0,0.49009925925317005,0.0,0.4317846919912571,0.5721907229916744,0.0,0.4260663574454334,0.0,0.5757415918964288,0.010889056614028876,0.5201740456763664,0.2245404826116184,0.451098291220121,0.0,0.5265156846879305,0.22554979676941586,0.42940606744805404,0.5253060840350451,0.22585914736594231,0.5062547237326952,0.0,0.0,0.47623979730072713,0.0,0.5061382075221788,0.0,0.0,0.42824646065826916,0.22540315232006639,0.0,0.0,0.0,0.507093823293629,0.0,0.0,0.5800357408283238,0.005280261893997375,0.009523150082551115,0.009555268699130547,0.44702832906973317,0.0,0.0,0.22477663920934618,0.51709027594296,0.0,0.0,0.0,0.5079469748354563,0.0,0.22458910293624057,0.41716920047057554,0.0,0.0,0.0,0.5020536394113317,0.2254931963166362,0.0,0.46370382071700345,0.0,0.010917157439589062,0.0,0.5040644260526778,0.0,0.22670330938319253,0.009523150082551115,0.509787238240916,0.0,0.0,0.0,0.42266137808508136
0.1990467443098781,0.1990467443098781,0.2813840738140434,0.21679602407576232,0.8570687709663058,0.5492784961889907,0.19961808016789642,0.30326620575416197,0.5582421178712208,0.49076855814791726,0.3022382617196147,0.5378959550600003,0.19927424679972128,0.19940171869957873,0.5305678127572474,0.5414118751249486,0.1990467443098781,0.6004490327470292,0.1990467443098781,0.48312343393317425,0.5344518586635799,0.3019194066241903,0.1990467443098781,0.4679419902441005,0.5505435311675959,0.3007962197351291,0.5558776892706438,0.1990467443098781,0.5255748996138996,0.1990467443098781,0.5573995966308398,0.30064730727833827,0.46488934919957664,0.47104958304085065,0.1990467443098781,0.3017283419107742,0.5495758877805224,0.4713374085227984,0.3010780377995908,0.5444384608958119,0.1990467443098781,0.5414025460033918,0.2996100558589175,0.4751023703667035,0.20169453708769303,0.5452494719766309,0.5343958252889561,0.1990467443098781,0.5463246699872637,0.30100060180300175,0.5473688725706888,0.19934567185225455,0.5255426767464351,0.1990467443098781,0.5493001158897843,0.1990467443098781,0.527701047909967,0.1990467443098781,0.47456989011215417,0.6038055424608703,0.1990467443098781,0.4694159479459439,0.1990467443098781,0.6071225089444525,0.19934413609972493,0.5554370093048657,0.2999134192675671,0.4920574605714141,0.1990467443098781,0.5613090878103848,0.3006677105146331,0.4724246532359695,0.5601884633532794,0.3008991922830732,0.5425761522689089,0.1990467443098781,0.1990467443098781,0.5149887365288297,0.1990467443098781,0.5424686648322024,0.1990467443098781,0.1990467443098781,0.47137953481310263,0.3005580271695736,0.1990467443098781,0.1990467443098781,0.1990467443098781,0.543350315464241,0.1990467443098781,0.1990467443098781,0.6111360369174926,0.19911671371294146,0.19927424679972128,0.1992757830925516,0.4883624588254621,0.1990467443098781,0.1990467443098781,0.3000897740563764,0.5525843746718705,0.1990467443098781,0.1990467443098781,0.1990467443098781,0.5441375955892949,0.1990467443098781,0.29994972087358146,0.4614201161799022,0.1990467443098781,0.1990467443098781,0.1990467443098781,0.5387024457287654,0.30062537228670433,0.1990467443098781,0.5035328045462728,0.1990467443098781,0.19934567185225455,0.1990467443098781,0.5405560639685629,0.1990467443098781,0.30153156377652685,0.19927424679972128,0.5458362924383593,0.1990467443098781,0.1990467443098781,0.1990467443098781,0.46635250936675715
0.08595226286761215,0.08595226286761215,0.21679602407576232,0.12155319723036338,0.8439854510778135,0.520399581091213,0.08726818777612246,0.24458676168370933,0.5299444048698091,0.4576473116683684,0.24330790344864334,0.5082557864725261,0.08647820172623512,0.08677175861146966,0.5004228117934121,0.5120097388523577,0.08595226286761215,0.5747027224870367,0.08595226286761215,0.44937825840175205,0.5045759195443451,0.24291074122552886,0.08595226286761215,0.4328991725020544,0.5217475860337549,0.24150989139119355,0.5274281602349853,0.08595226286761215,0.49507892244554835,0.08595226286761215,0.5290479069904902,0.2413239515309642,0.4295755047322574,0.4362790829735422,0.08595226286761215,0.24267264420342652,0.5207165062680708,0.43659195057613814,0.24186164590115872,0.5152391334804971,0.08595226286761215,0.5119997816246816,0.24002737353522516,0.4406817254643384,0.09192221902914358,0.5161041664951911,0.5045160286666445,0.08595226286761215,0.5172507760786361,0.24176501124576782,0.5183641062889784,0.08664278685293293,0.4950444154221503,0.08595226286761215,0.5204226214328648,0.08595226286761215,0.4973552413590493,0.08595226286761215,0.4401036146556868,0.5782507263059825,0.08595226286761215,0.4345027385234562,0.08595226286761215,0.5817554822408111,0.08663925067776698,0.5269590684352528,0.24040683845359598,0.45903957618970315,0.08595226286761215,0.5332067529423721,0.24134943106800485,0.4377735185407904,0.5320149406173639,0.2416384387230383,0.5132522598737993,0.08595226286761215,0.08595226286761215,0.48372866690894495,0.08595226286761215,0.5131375608051298,0.08595226286761215,0.08595226286761215,0.43663773950883816,0.24121244744964312,0.08595226286761215,0.08595226286761215,0.08595226286761215,0.5140782924735389,0.08595226286761215,0.08595226286761215,0.5859943640847683,0.08611429552925891,0.08647820172623512,0.08648174448724046,0.45504686683405915,0.08595226286761215,0.08595226286761215,0.2406273356594947,0.5239216185437432,0.08595226286761215,0.08595226286761215,0.08595226286761215,0.5149181928548291,0.08595226286761215,0.24045223238648872,0.4257939040465923,0.08595226286761215,0.08595226286761215,0.08595226286761215,0.5091171121362889,0.24129655807898756,0.08595226286761215,0.47141314345209057,0.08595226286761215,0.08664278685293293,0.08595226286761215,0.5110962313892712,0.08595226286761215,0.24242734163615448,0.08647820172623512,0.5167299911826452,0.08595226286761215,0.08595226286761215,0.08595226286761215,0.43116901211165287
0.8408964152537145,0.8408964152537145,0.8570687709663058,0.8439854510778135,1.0,0.931955403286671,0.840992240677467,0.862101435474224,0.9346993302421847,0.9140483311950174,0.8618587745411461,0.9284655208074303,0.8409345432709645,0.8409559236056544,0.9262175097113772,0.9295439028707244,0.8408964152537145,0.9474918353446824,0.8408964152537145,0.9117281930321901,0.9274090084873063,0.8617836264983433,0.8408964152537145,0.9071478577878969,0.9323429510412564,0.8615193753229576,0.9339760586794398,0.8408964152537145,0.9246860876456443,0.8408964152537145,0.9344416542945261,0.8614843950087466,0.9062318359809617,0.9080821855407541,0.8408964152537145,0.8617386239922369,0.9320465176317113,0.9081688129546379,0.8615856106144113,0.9304719625215846,0.8408964152537145,0.9295410418362468,0.8612410920834641,0.9093033157162096,0.8413425489251428,0.9307205981414388,0.9273918190869718,0.8408964152537145,0.9310501892624362,0.8615674064146772,0.9313702345426795,0.8409465216111606,0.9246762058990152,0.8408964152537145,0.9319620272446586,0.8408964152537145,0.9253381636615209,0.8408964152537145,0.9091427124027185,0.9484951072896296,0.8408964152537145,0.9075907938003014,0.8408964152537145,0.9494838413612471,0.840946264017832,0.933841210363159,0.8613121866221078,0.9144402530806356,0.8408964152537145,0.9356368371803482,0.8614891870844904,0.9084961777111102,0.9352943793148961,0.8615435715403371,0.9299009432967882,0.8408964152537145,0.8408964152537145,0.9214416477179159,0.8408964152537145,0.9298679824260476,0.8408964152537145,0.8408964152537145,0.9081814930461892,0.8614634287370518,0.8408964152537145,0.8408964152537145,0.8408964152537145,0.9301383294964061,0.8408964152537145,0.8408964152537145,0.9506763870304233,0.8409081375949401,0.8409345432709645,0.840934800875064,0.9133172686855053,0.8408964152537145,0.8408964152537145,0.8613535404382886,0.9329679852242942,0.8408964152537145,0.8408964152537145,0.8408964152537145,0.9303797189746948,0.8408964152537145,0.8613206976043959,0.9051930488389685,0.8408964152537145,0.8408964152537145,0.8408964152537145,0.9287129022758635,0.8614792434381303,0.8408964152537145,0.9179379516402788,0.8408964152537145,0.8409465216111606,0.8408964152537145,0.929281436075788,0.8408964152537145,0.8616922975593716,0.8409345432709645,0.9309004875694347,0.8408964152537145,0.8408964152537145,0.8408964152537145,0.9066706685061179
0.5135139869159259,0.5135139869159259,0.5492784961889907,0.520399581091213,0.931955403286671,0.7132506562408489,0.5137280323614649,0.5602891051419586,0.7194985485473179,0.6732781084431686,0.5597591998873629,0.7053595743184036,0.5135991570624903,0.5136469142974038,0.7003062343083003,0.7077917124789361,0.5135139869159259,0.7492616897339538,0.5135139869159259,0.6681756358171722,0.7029818776260123,0.5595950779676495,0.5135139869159259,0.6581387117733112,0.7141306697987766,0.559017885985563,0.71784770607455,0.5135139869159259,0.6968759504403598,0.5135139869159259,0.7189100774613473,0.5589414715636164,0.6561365229331839,0.660182558638199,0.5135139869159259,0.559496788987934,0.7134574820379597,0.6603721435485028,0.5591625713842038,0.7098891994332002,0.5135139869159259,0.7077852526621419,0.5584099214743163,0.6628564253452455,0.514510267693293,0.7104518417836996,0.7029432334436221,0.5135139869159259,0.7111981482925539,0.5591228065583105,0.7119233561492807,0.5136259132505069,0.6968538467128363,0.5135139869159259,0.7132656909152262,0.5135139869159259,0.698335391329607,0.5135139869159259,0.6625045814614451,0.7516495415326343,0.5135139869159259,0.6591074246106082,0.5135139869159259,0.7540118535813799,0.513625337865469,0.7175402399170467,0.5585652535631535,0.6741413817981678,0.5135139869159259,0.7216427790449675,0.5589519399607488,0.6610887206972219,0.7208589372078431,0.5590707414052274,0.7085981639647363,0.5135139869159259,0.5135139869159259,0.6896386934004525,0.5135139869159259,0.7085236894828973,0.5135139869159259,0.5135139869159259,0.6603998953080281,0.5588956698316346,0.5135139869159259,0.5135139869159259,0.5135139869159259,0.7091346871987083,0.5135139869159259,0.5135139869159259,0.7568735678405589,0.5135401727097342,0.5135991570624903,0.5135997324812392,0.6716688913240177,0.5135139869159259,0.5135139869159259,0.5586556023169342,0.7155515984924834,0.5135139869159259,0.5135139869159259,0.5135139869159259,0.7096805364049438,0.5135139869159259,0.5585838483677564,0.6538678395930266,0.5135139869159259,0.5135139869159259,0.5135139869159259,0.7059170346244825,0.5589302178000957,0.5135139869159259,0.6818645659797109,0.5135139869159259,0.5136259132505069,0.5135139869159259,0.7071992590973016,0.5135139869159259,0.5593956050382054,0.5135991570624903,0.7108591061752563,0.5135139869159259,0.5135139869159259,0.5135139869159259,0.6570955037476314
0.015098063402340616,0.015098063402340616,0.19961808016789642,0.08726818777612246,0.840992240677467,0.5137280323614649,0.021351885751158116,0.229508448116563,0.5234139669796016,0.4499273760809855,0.2281445360096083,0.5013985381771007,0.01785054347786305,0.019222436107795466,0.4934418540270223,0.5052106641502894,0.015098063402340616,0.5687852886037981,0.015098063402340616,0.44150119601080123,0.49766095201129384,0.22772076041484707,0.015098063402340616,0.42469270356093647,0.5150962166106545,0.226225277151819,0.5208609175114526,0.015098063402340616,0.48801168804997286,0.015098063402340616,0.5225043879224021,0.22602668590006145,0.42129977689678255,0.42814204106307646,0.015098063402340616,0.22746666315698036,0.5140497093995862,0.4284612850395138,0.22660090691229487,0.5084895459674776,0.015098063402340616,0.5052005535479365,0.22464129167216038,0.4326336434092741,0.03591500198361957,0.5093677487991483,0.4976001159543154,0.015098063402340616,0.5105317598333395,0.2264977207749911,0.5116619265910903,0.018631581798202318,0.48797661880440213,0.015098063402340616,0.5137514183189714,0.015098063402340616,0.49032494910103885,0.015098063402340616,0.43204394472760366,0.5723788980706594,0.015098063402340616,0.42632933316895366,0.015098063402340616,0.5759283252354918,0.018615130073260596,0.5203849335388772,0.22504685873655295,0.451345593935474,0.015098063402340616,0.5267236242990739,0.22605390033207595,0.42966685799400167,0.5255145817197502,0.2263625584193473,0.506472285849461,0.015098063402340616,0.015098063402340616,0.4764728217015208,0.015098063402340616,0.5063558267430718,0.015098063402340616,0.015098063402340616,0.4285080064623626,0.22590758481629067,0.015098063402340616,0.015098063402340616,0.015098063402340616,0.5073109747953195,0.015098063402340616,0.015098063402340616,0.5802207466482407,0.01599477051934617,0.01785054347786305,0.017867699212401972,0.44727807398417996,0.015098063402340616,0.015098063402340616,0.22528248179757385,0.5173026178636047,0.015098063402340616,0.015098063402340616,0.015098063402340616,0.5081637099649262,0.015098063402340616,0.22509536912501427,0.4174381515295075,0.015098063402340616,0.015098063402340616,0.015098063402340616,0.5022732739805814,0.22599742678785817,0.015098063402340616,0.46394379762077514,0.015098063402340616,0.018631581798202318,0.015098063402340616,0.5042830651868941,0.015098063402340616,0.2272048402118865,0.01785054347786305,0.5100030790587384,0.015098063402340616,0.015098063402340616,0.015098063402340616,0.4229266137041887
0.22901198947344437,0.22901198947344437,0.30326620575416197,0.24458676168370933,0.862101435474224,0.5602891051419586,0.229508448116563,0.323648918088988,0.5690425184882145,0.5032853627765753,0.3226871308732721,0.5491805228790516,0.22920963478884326,0.22932040145530797,0.5420331893713325,0.5526109486715025,0.22901198947344437,0.610316286919593,0.22901198947344437,0.4958574200075059,0.5458209561034664,0.3223888773208976,0.22901198947344437,0.48112397175071453,0.5615241867077299,0.3213385666659998,0.5667330850413909,0.22901198947344437,0.5371655668216656,0.22901198947344437,0.5682195571929403,0.32119935212251416,0.47816426174940924,0.48413796775094525,0.22901198947344437,0.3222101758443677,0.560579446471195,0.48441717494865943,0.3216020544496896,0.5555645701627288,0.22901198947344437,0.5526018453499042,0.3202298867989889,0.4880701815768539,0.2313156636524714,0.5563561270997062,0.5457663044752729,0.22901198947344437,0.5574055966165123,0.3215296521107047,0.5584248805073441,0.2292716974411811,0.5371341582281203,0.22901198947344437,0.5603102121249051,0.22901198947344437,0.5392381493375537,0.22901198947344437,0.4875534481348737,0.6136021005505335,0.22901198947344437,0.48255341032971766,0.22901198947344437,0.616849651959128,0.22927036293822012,0.5663026904485214,0.32051338224056714,0.5045381760233598,0.22901198947344437,0.5720386234915842,0.3212184260998808,0.4854719412762221,0.5709438309759467,0.32143483807264295,0.5537470893019244,0.22901198947344437,0.22901198947344437,0.5268509803523954,0.22901198947344437,0.5536421958631645,0.22901198947344437,0.22901198947344437,0.4844580405771366,0.3211158904278756,0.22901198947344437,0.22901198947344437,0.22901198947344437,0.5545025911143449,0.22901198947344437,0.22901198947344437,0.620779766895613,0.22907277030790457,0.22920963478884326,0.2292109696473177,0.5009470351484483,0.22901198947344437,0.22901198947344437,0.32067820338891406,0.5635169085130595,0.22901198947344437,0.22901198947344437,0.22901198947344437,0.5552709322862615,0.22901198947344437,0.3205473087388996,0.47480185900931743,0.22901198947344437,0.22901198947344437,0.22901198947344437,0.5499673320792828,0.3211788463598145,0.22901198947344437,0.5156985964296292,0.22901198947344437,0.2292716974411811,0.22901198947344437,0.551775874486315,0.22901198947344437,0.32202614505549565,0.22920963478884326,0.5569288966392811,0.22901198947344437,0.22901198947344437,0.22901198947344437,0.4795827554986689
0.5232044949271955,0.5232044949271955,0.5582421178712208,0.5299444048698091,0.9346993302421847,0.7194985485473179,0.5234139669796016,0.5690425184882145,0.725653849192456,0.6801289939230662,0.5685225987189777,0.7117249297530505,0.5232878449407607,0.5233345817788788,0.7067471587517439,0.7141207970624346,0.5232044949271955,0.7549792987004932,0.5232044949271955,0.6751052150668644,0.7093827538018516,0.568361572122746,0.5232044949271955,0.6652245138213142,0.7203654999879373,0.5677952758168351,0.7240274394906578,0.5232044949271955,0.7033683428358859,0.5232044949271955,0.7250740850571572,0.5677203050298086,0.6632537295727867,0.6672363876831012,0.5232044949271955,0.5682651374592191,0.7197023037752127,0.6674230111021516,0.5679372285347583,0.7161870529839283,0.5232044949271955,0.7141144334997699,0.5671988045858041,0.6698685522802931,0.524179513411763,0.7167413252165803,0.7093446874500098,0.5232044949271955,0.7174765341074495,0.5678982146525269,0.7181909632212935,0.5233140294294159,0.7033465712216826,0.5232044949271955,0.7195133600012324,0.5232044949271955,0.7048058687454589,0.5232044949271955,0.6695221877427857,0.7573321752711275,0.5232044949271955,0.6661780619646605,0.5232044949271955,0.7596598928556195,0.5233134663381495,0.7237245263525004,0.5673511985608374,0.6809789987605327,0.5232044949271955,0.7277663768509622,0.5677305756400969,0.6681284011622276,0.7269941201527611,0.5678471328409131,0.7149152354279633,0.5232044949271955,0.5232044949271955,0.696240167033115,0.5232044949271955,0.7148418700598685,0.5232044949271955,0.5232044949271955,0.667450329414179,0.5676753687222025,0.5232044949271955,0.5232044949271955,0.5232044949271955,0.7154437701305103,0.5232044949271955,0.5232044949271955,0.7624797039701083,0.5232301210670758,0.5232878449407607,0.5232884080640611,0.6785445451242171,0.5232044949271955,0.5232044949271955,0.5674398388801254,0.7217653524178849,0.5232044949271955,0.5232044949271955,0.5232044949271955,0.715981494913733,0.5232044949271955,0.5673694417190935,0.6610207326156762,0.5232044949271955,0.5232044949271955,0.5232044949271955,0.7122740710253076,0.5677092638972875,0.5232044949271955,0.6885840315508501,0.5232044949271955,0.5233140294294159,0.5232044949271955,0.7135371732961837,0.5232044949271955,0.5681658629085323,0.5232878449407607,0.717142532895052,0.5232044949271955,0.5232044949271955,0.5232044949271955,0.6641976582550804
0.4496792262588573,0.4496792262588573,0.49076855814791726,0.4576473116683684,0.9140483311950174,0.6732781084431686,0.4499273760809855,0.5032853627765753,0.6801289939230662,0.6293394982622487,0.5026842297611654,0.6646198562824028,0.44977797032837863,0.4498333367753925,0.6590716262038883,0.6672891523282052,0.4496792262588573,0.7127230169053818,0.4496792262588573,0.6237140852868747,0.6620096717491379,0.5024980220894181,0.4496792262588573,0.6126351024558668,0.6742432793414125,0.5018430631111083,0.6783191819630328,0.4496792262588573,0.6553036741827113,0.4496792262588573,0.679483883831435,0.5017563420360664,0.6104227918353794,0.6148926510819358,0.4496792262588573,0.5023865007386787,0.6735049552805409,0.6151020187298075,0.5020072563337536,0.6695906520343096,0.4496792262588573,0.6672820634695867,0.5011530253870556,0.6178449115916884,0.4508339948701205,0.6702079411073706,0.6619672436601604,0.4496792262588573,0.6710266821377434,0.5019621309726605,0.6718222220145168,0.44980898979102946,0.6552793899151317,0.4496792262588573,0.6732945986391332,0.4496792262588573,0.6569069548907708,0.4496792262588573,0.6174565103974746,0.7153357615252345,0.4496792262588573,0.6137052013268985,0.4496792262588573,0.7179203355690518,0.44980832273023535,0.6779820804947962,0.5013293424668596,0.6302908166433906,0.4496792262588573,0.6824793413480982,0.5017682225470671,0.6158933082637772,0.6816201985533927,0.5019030460654643,0.6681740989476891,0.4496792262588573,0.4496792262588573,0.6473490889187976,0.4496792262588573,0.6680923784864219,0.4496792262588573,0.4496792262588573,0.6151326657543539,0.5017043613962814,0.4496792262588573,0.4496792262588573,0.4496792262588573,0.6687628056650327,0.4496792262588573,0.4496792262588573,0.7210510281864649,0.44970958589327226,0.44977797032837863,0.44977863743802293,0.62756582948009,0.4496792262588573,0.4496792262588573,0.5014318921679038,0.6758015490463736,0.4496792262588573,0.4496792262588573,0.4496792262588573,0.6693617141764991,0.4496792262588573,0.501350448663153,0.6079150724013066,0.4496792262588573,0.4496792262588573,0.4496792262588573,0.6652317321096853,0.501743570163864,0.4496792262588573,0.6387964129782653,0.4496792262588573,0.44980898979102946,0.4496792262588573,0.6666389884445483,0.4496792262588573,0.5022716902084006,0.44977797032837863,0.6706547406145623,0.4496792262588573,0.4496792262588573,0.4496792262588573,0.6114825106344386
0.22764508655426377,0.22764508655426377,0.3022382617196147,0.24330790344864334,0.8618587745411461,0.5597591998873629,0.2281445360096083,0.3226871308732721,0.5685225987189777,0.5026842297611654,0.3217224051886882,0.5486376197145649,0.22784392409637474,0.22795535802495592,0.5414817178262549,0.5520720998071963,0.22764508655426377,0.6098408167792916,0.22764508655426377,0.49524606534759286,0.5452740461451334,0.3214232369449309,0.22764508655426377,0.4804915731381007,0.5609957036825319,0.32036969202673227,0.5662105518373988,0.22764508655426377,0.5366081626198318,0.22764508655426377,0.5676987078303686,0.32023004725026166,0.47752750485942536,0.48350996109792,0.22764508655426377,0.32124398663351217,0.5600498759534818,0.48378957282574997,0.3206339931094458,0.5550291828094792,0.22764508655426377,0.552062985775389,0.3192575757691165,0.4874478363587293,0.2299625302475833,0.5558216628915462,0.5452193290353029,0.22764508655426377,0.5568723534264418,0.3205613674177492,0.5578928200559451,0.22790636069569667,0.5365767154823154,0.22764508655426377,0.5597803312130556,0.22764508655426377,0.538683281058028,0.22764508655426377,0.48693036330743444,0.6131300057933197,0.22764508655426377,0.48192310043670195,0.22764508655426377,0.6163808724577347,0.22790501815406625,0.5657796685506066,0.31954195211564423,0.5039387427809399,0.22764508655426377,0.5715220723552097,0.3202491801958935,0.4848458638296515,0.5704260517572122,0.32046626074151147,0.5532095751138573,0.22764508655426377,0.22764508655426377,0.5262807302693412,0.22764508655426377,0.5531045586188474,0.22764508655426377,0.22764508655426377,0.48383049762965974,0.3201463274489878,0.22764508655426377,0.22764508655426377,0.22764508655426377,0.5539659622487217,0.22764508655426377,0.22764508655426377,0.6203149725358137,0.22770623424723396,0.22784392409637474,0.2278452669999238,0.5003427110858152,0.22764508655426377,0.22764508655426377,0.31970728471571486,0.5629907108208342,0.22764508655426377,0.22764508655426377,0.22764508655426377,0.5547352019976832,0.22764508655426377,0.319575983932142,0.4741600950220048,0.22764508655426377,0.22764508655426377,0.22764508655426377,0.5494253620890499,0.3202094780852528,0.22764508655426377,0.5151140105969457,0.22764508655426377,0.22790636069569667,0.22764508655426377,0.5512360420717626,0.22764508655426377,0.32105939002309236,0.22784392409637474,0.5563950992373999,0.22764508655426377,0.22764508655426377,0.22764508655426377,0.4789480930683775
0.5011784683332494,0.5011784683332494,0.5378959550600003,0.5082557864725261,0.9284655208074303,0.7053595743184036,0.5013985381771007,0.5491805228790516,0.7117249297530505,0.6646198562824028,0.5486376197145649,0.69731935200929,0.5012660361328407,0.5013151375061052,0.6921699881469844,0.6997975575992453,0.5011784683332494,0.742042217203611,0.5011784683332494,0.6594169657191997,0.6948965273547536,0.5484694683539403,0.5011784683332494,0.6491804761516811,0.7062561638755193,0.5478780913576686,0.7100430998228501,0.5011784683332494,0.6886742706212855,0.5011784683332494,0.7111254165434227,0.547799797335554,0.6471381345043524,0.6512651903487815,0.5011784683332494,0.5483687653836711,0.7055702968632314,0.6514585599637178,0.5480263345927744,0.7019347000716439,0.5011784683332494,0.6997909755485401,0.5472551617818918,0.6539923415480396,0.5022027541614547,0.7025079686582781,0.6948571489482649,0.5011784683332494,0.7032683629833374,0.5479855920812698,0.7040072526614476,0.5012935454057031,0.6886517445707017,0.5011784683332494,0.7053748922769634,0.5011784683332494,0.690161576509734,0.5011784683332494,0.653633497663611,0.7444742741686834,0.5011784683332494,0.6501685737683565,0.5011784683332494,0.7468802995928029,0.5012929538264581,0.7097298585322457,0.5474143197017058,0.6655000539932989,0.5011784683332494,0.7139093593552039,0.5478105232513921,0.6521894329568525,0.7131108287444051,0.5479322466604772,0.7006192638967327,0.5011784683332494,0.5011784683332494,0.6812982394312377,0.5011784683332494,0.7005433810735204,0.5011784683332494,0.5011784683332494,0.6514868656484414,0.547752868812735,0.5011784683332494,0.5011784683332494,0.5011784683332494,0.7011659305137034,0.5011784683332494,0.5011784683332494,0.7497949485342793,0.5012053913629358,0.5012660361328407,0.5012666277481285,0.6629790410618968,0.5011784683332494,0.5011784683332494,0.5475068930109399,0.7077038350027173,0.5011784683332494,0.5011784683332494,0.5011784683332494,0.7017220949791817,0.5011784683332494,0.5474333723893879,0.6448238092730124,0.5011784683332494,0.5011784683332494,0.5011784683332494,0.6978873794828717,0.5477882667255296,0.5011784683332494,0.6733738548823776,0.5011784683332494,0.5012935454057031,0.5011784683332494,0.6991938910189165,0.5011784683332494,0.5482650956785772,0.5012660361328407,0.7029229218698916,0.5011784683332494,0.5011784683332494,0.5011784683332494,0.6481163619356144
0.009523150082551115,0.009523150082551115,0.19927424679972128,0.08647820172623512,0.8409345432709645,0.5135991570624903,0.01785054347786305,0.22920963478884326,0.5232878449407607,0.44977797032837863,0.22784392409637474,0.5012660361328407,0.013467767946447124,0.015239452850466129,0.49330693365745315,0.5050792986801977,0.009523150082551115,0.5686711017080938,0.009523150082551115,0.4413487011265947,0.4975273218741809,0.22741958531057688,0.009523150082551115,0.42453372152886787,0.5149677351760513,0.22592209781437358,0.5207340775795064,0.009523150082551115,0.48787508001891733,0.009523150082551115,0.5223780107474326,0.22572323842939793,0.42113942898344003,0.42798442754596216,0.009523150082551115,0.22716514936125407,0.5139209268527509,0.4283037971766211,0.22629823346357633,0.5083591470471732,0.009523150082551115,0.5050691850817908,0.22433596056144378,0.4324777824405414,0.03395035105508804,0.5092376070545336,0.49746646734086014,0.009523150082551115,0.5104019578674094,0.22619490852395355,0.5115324533401997,0.014487053276917473,0.4878399997727251,0.009523150082551115,0.513622549766201,0.009523150082551115,0.4901890638074865,0.009523150082551115,0.4318878555352111,0.572265597536249,0.009523150082551115,0.4261710029565239,0.009523150082551115,0.5758158926984766,0.01446588883149884,0.5202579591552954,0.2247420814390305,0.45119669811010554,0.009523150082551115,0.5265984248222397,0.2257504896333895,0.4295098431275506,0.5253890462704754,0.22605956416240103,0.5063412934746144,0.009523150082551115,0.009523150082551115,0.47633252106790913,0.009523150082551115,0.5062247999910381,0.009523150082551115,0.009523150082551115,0.4283505369748468,0.22560397631332543,0.009523150082551115,0.009523150082551115,0.009523150082551115,0.5071802296144978,0.009523150082551115,0.009523150082551115,0.5801093541649035,0.010889056592531796,0.013467767946447124,0.01349049837383552,0.44712770804757146,0.009523150082551115,0.009523150082551115,0.22497802533934297,0.5171747681121008,0.009523150082551115,0.009523150082551115,0.009523150082551115,0.5080332154442265,0.009523150082551115,0.22479065793690853,0.4172762245646333,0.009523150082551115,0.009523150082551115,0.009523150082551115,0.5021410339740628,0.22569393977263577,0.009523150082551115,0.46379931171298105,0.009523150082551115,0.014487053276917473,0.009523150082551115,0.5041514244388415,0.009523150082551115,0.22690297663929174,0.013467767946447124,0.5098731229231647,0.009523150082551115,0.009523150082551115,0.009523150082551115,0.42276692317851805
0.011897501300775064,0.011897501300775064,0.19940171869957873,0.08677175861146966,0.8409559236056544,0.5136469142974038,0.019222436107795466,0.22932040145530797,0.5233345817788788,0.4498333367753925,0.22795535802495592,0.5013151375061052,0.015239452850466129,0.01682560762798477,0.49335693131659825,0.5051279788162727,0.011897501300775064,0.5687134153284245,0.011897501300775064,0.4414052125547962,0.4975768413430676,0.22753122818096447,0.011897501300775064,0.4245926374567643,0.5150153464386835,0.22603448425586103,0.520781080477893,0.011897501300775064,0.4879257031683571,0.011897501300775064,0.5224248421421497,0.2258357243493277,0.4211988511920885,0.4280428362199972,0.011897501300775064,0.22727691788540258,0.5139686497122555,0.4283621592758065,0.2264104322190252,0.5084074689619092,0.011897501300775064,0.5051178663282612,0.2244491453253053,0.4325355415193393,0.03469130225432015,0.5092858336553892,0.49751599365749394,0.011897501300775064,0.5104500585403853,0.22630715877534693,0.5115804321858249,0.016147286518592343,0.4878906269992885,0.011897501300775064,0.5136703045008643,0.011897501300775064,0.4902394190915183,0.011897501300775064,0.4319456992065411,0.5723075826741431,0.011897501300775064,0.4262296772805163,0.011897501300775064,0.5758575561604387,0.016128300871759038,0.5203050118832356,0.22485506073308847,0.45125187555492585,0.011897501300775064,0.5266448197482084,0.2258629619107638,0.4295680299066506,0.525435565711586,0.22617188193844603,0.5063898353344959,0.011897501300775064,0.011897501300775064,0.476384512804132,0.011897501300775064,0.5062733545917508,0.011897501300775064,0.011897501300775064,0.4284088922630383,0.225716521976959,0.011897501300775064,0.011897501300775064,0.011897501300775064,0.5072286798596778,0.011897501300775064,0.011897501300775064,0.5801506321888212,0.01301659338320114,0.015239452850466129,0.015259544412660421,0.4471834303834859,0.011897501300775064,0.011897501300775064,0.22509088559950374,0.517222145263558,0.011897501300775064,0.011897501300775064,0.011897501300775064,0.5080815727901911,0.011897501300775064,0.22490361270382825,0.41733623207210097,0.011897501300775064,0.011897501300775064,0.011897501300775064,0.5021900382307243,0.22580644036376907,0.011897501300775064,0.463852854658804,0.011897501300775064,0.016147286518592343,0.011897501300775064,0.5042002065982875,0.011897501300775064,0.22701487493023476,0.015239452850466129,0.5099212807340675,0.011897501300775064,0.011897501300775064,0.011897501300775064,0.42282610171792556
0.49321776704741194,0.49321776704741194,0.5305678127572474,0.5004228117934121,0.9262175097113772,0.7003062343083003,0.4934418540270223,0.5420331893713325,0.7067471587517439,0.6590716262038883,0.5414817178262549,0.6921699881469844,0.49330693365745315,0.49335693131659825,0.6869587537531431,0.6946778633330543,0.49321776704741194,0.7374202804083384,0.49321776704741194,0.6538037761709445,0.6897180909448466,0.5413109100076389,0.49321776704741194,0.6434380576730883,0.7012134910526214,0.5407101806086195,0.70504539829373,0.49321776704741194,0.6834208548297691,0.49321776704741194,0.7061405438733275,0.540630647247769,0.6413696934726866,0.6455492500283773,0.49321776704741194,0.5412086155390012,0.7005194646288312,0.6457450713935423,0.5408607696923982,0.6968405392609025,0.49321776704741194,0.6946712025688242,0.540077383047008,0.6483109132844596,0.4942607249204665,0.6974206488582928,0.6896782394671477,0.49321776704741194,0.698190112040986,0.540819382554275,0.6989378084972316,0.4933349450968468,0.6833980564757841,0.49321776704741194,0.7003217345780594,0.49321776704741194,0.6849261258005072,0.49321776704741194,0.6479475362632451,0.7398806773271475,0.49321776704741194,0.6444387157264427,0.49321776704741194,0.7423147210889337,0.4933343427191383,0.7047284421547221,0.5402390638509773,0.6599627678285632,0.49321776704741194,0.7089574383277982,0.5406415429631334,0.646485204725768,0.7081494628153862,0.5407651929940686,0.6955093926384569,0.49321776704741194,0.49321776704741194,0.6759553067720725,0.49321776704741194,0.6954326029817003,0.49321776704741194,0.49321776704741194,0.6457737359083392,0.5405829757508356,0.49321776704741194,0.49321776704741194,0.49321776704741194,0.6960625903724328,0.49321776704741194,0.49321776704741194,0.7452632904767221,0.4932451816870692,0.49330693365745315,0.49330753607283795,0.6574103751745839,0.49321776704741194,0.49321776704741194,0.5403331040687177,0.7026783696055379,0.49321776704741194,0.49321776704741194,0.49321776704741194,0.6966253962168039,0.49321776704741194,0.5402584184766864,0.639025779390032,0.49321776704741194,0.49321776704741194,0.49321776704741194,0.6927448221025518,0.5406189340936569,0.49321776704741194,0.6679339091431759,0.49321776704741194,0.4933349450968468,0.49321776704741194,0.6940669756815391,0.49321776704741194,0.5411033069865598,0.49330693365745315,0.6978405517468698,0.49321776704741194,0.49321776704741194,0.49321776704741194,0.642360395316119
0.5049924822826312,0.5049924822826312,0.5414118751249486,0.5120097388523577,0.9295439028707244,0.7077917124789361,0.5052106641502894,0.5526109486715025,0.7141207970624346,0.6672891523282052,0.5520720998071963,0.6997975575992453,0.5050792986801977,0.5051279788162727,0.6946778633330543,0.7022615317607181,0.5049924822826312,0.7442671071071093,0.5049924822826312,0.6621173404642282,0.6973886757497008,0.5519052053465565,0.5049924822826312,0.6519426413420469,0.7086831829866622,0.5513182532171971,0.7124485345893576,0.5049924822826312,0.69120236777217,0.5049924822826312,0.7135246930548146,0.5512405455339956,0.6499127362842023,0.6540146991228221,0.5049924822826312,0.5518052553791488,0.7080012315998129,0.6542068967083776,0.5514653866007622,0.7043864249247663,0.5049924822826312,0.7022549874690754,0.5506999920867253,0.6567253506056792,0.506007992044902,0.7049564113477668,0.6973495242034046,0.5049924822826312,0.7057124544518704,0.5514249490725682,0.7064471184514195,0.5051065719448223,0.6911799722496318,0.5049924822826312,0.7078069429510819,0.5049924822826312,0.6926810616967802,0.5049924822826312,0.6563686741504904,0.7466855340621962,0.5049924822826312,0.6529247353995974,0.5049924822826312,0.7490780823849493,0.5051059854406503,0.7121370764651596,0.5508579564902552,0.6681641129172367,0.5049924822826312,0.7162928161505885,0.5512511911169575,0.6549333427472995,0.715498820209356,0.5513720030254576,0.7030785258116968,0.5049924822826312,0.5049924822826312,0.6838692354630193,0.5049924822826312,0.7030030780208613,0.5049924822826312,0.5049924822826312,0.6542350308572435,0.5511939685141043,0.5049924822826312,0.5049924822826312,0.5049924822826312,0.7036220592135649,0.5049924822826312,0.5049924822826312,0.7519764129166541,0.5050191742687142,0.5050792986801977,0.5050798852196666,0.6656581155748964,0.5049924822826312,0.5049924822826312,0.5509498358290417,0.7101225958740357,0.5049924822826312,0.5049924822826312,0.5049924822826312,0.7041750374538287,0.5049924822826312,0.5508768663366536,0.6476125495499392,0.5049924822826312,0.5049924822826312,0.5049924822826312,0.7003623204540265,0.5512291012862325,0.5049924822826312,0.675991317272776,0.5049924822826312,0.5051065719448223,0.5049924822826312,0.7016613290779581,0.5049924822826312,0.5517023610696837,0.5050792986801977,0.7053689897399193,0.5049924822826312,0.5049924822826312,0.5049924822826312,0.6508850022509726
0.0,0.0,0.1990467443098781,0.08595226286761215,0.8408964152537145,0.5135139869159259,0.015098063402340616,0.22901198947344437,0.5232044949271955,0.4496792262588573,0.22764508655426377,0.5011784683332494,0.009523150082551115,0.011897501300775064,0.49321776704741194,0.5049924822826312,0.0,0.5685956412781734,0.0,0.4412479143873934,0.49743900827128557,0.2272203744368986,0.0,0.42442864496779986,0.5148828254094019,0.22572155832468396,0.5206502529837421,0.0,0.48778479763400445,0.0,0.5222944920697605,0.22552252118842656,0.42103344915087165,0.4278802559834911,0.0,0.22696571397146126,0.513835818023815,0.4281997087085278,0.22609802933554363,0.5082729696399811,0.0,0.5049823667035097,0.2241339945851762,0.4323747698167496,0.03258735959113253,0.5091515996663194,0.497378141522839,0.0,0.5103161751064011,0.22599461238203486,0.5114468878915316,0.010917157439589062,0.48774971011483537,0.0,0.513537384079495,0.0,0.49009925925317005,0.0,0.4317846919912571,0.5721907229916744,0.0,0.4260663574454334,0.0,0.5757415918964288,0.010889056614028876,0.5201740456763664,0.2245404826116184,0.451098291220121,0.0,0.5265156846879305,0.22554979676941586,0.42940606744805404,0.5253060840350451,0.22585914736594231,0.5062547237326952,0.0,0.0,0.47623979730072713,0.0,0.5061382075221788,0.0,0.0,0.42824646065826916,0.22540315232006639,0.0,0.0,0.0,0.507093823293629,0.0,0.0,0.5800357408283238,0.005280261893997375,0.009523150082551115,0.009555268699130547,0.44702832906973317,0.0,0.0,0.22477663920934618,0.51709027594296,0.0,0.0,0.0,0.5079469748354563,0.0,0.22458910293624057,0.41716920047057554,0.0,0.0,0.0,0.5020536394113317,0.2254931963166362,0.0,0.46370382071700345,0.0,0.010917157439589062,0.0,0.5040644260526778,0.0,0.22670330938319253,0.009523150082551115,0.509787238240916,0.0,0.0,0.0,0.42266137808508136
