0.24975090985190795,0.2011798663303048,0.2088405503962601,0.8537132324013579,0.505355211439072,0.17755082529909444,0.27596799888358936,0.5131477723726141,0.4509821828034999,0.2751311934369197,0.494881460511581,0.17664357378658216,0.17694898974140055,0.48774076691036616,0.4975345558790283,0.17664357378658216,0.5506738397332689,0.17664357378658216,0.4441095481742175,0.17664357378658216,0.5379498599220145,0.43019969734244584,0.17664357378658216,0.5059496795177973,0.27338586134208376,0.5106223012226212,0.17664357378658216,0.4829290605172471,0.17664357378658216,0.512161182084898,0.2736216802202578,0.42727655518350344,0.43303007313357256,0.17664357378658216,0.5510871442786894,0.17664357378658216,0.43338986401882856,0.2741288081371083,0.5005155077548572,0.17664357378658216,0.49761898001702354,0.2763363006844192,0.43614660825777213,0.17669948208638447,0.5467403518936854,0.17664357378658216,0.4427884243135579,0.5025829046301346,0.2739882727022916,0.5031372354529141,0.17684625020433836,0.48301607053830575,0.17664357378658216,0.5047030381227219,0.27295083107076384,0.4359734606963664,0.17664357378658216,0.43624784539969497,0.2735590076248768,0.5085152333626369,0.43155187175942783,0.17664357378658216,0.5568179357439036,0.17664357378658216,0.5105949850009682,0.2730034959045146,0.45243905391591016,0.5153820788114162,0.17664357378658216,0.27392760876991984,0.4345135308959044,0.5147062833813852,0.2738597072497794,0.4981287262761735,0.17664357378658216,0.47324436191945757,0.17664357378658216,0.17664357378658216,0.49871847602680736,0.17664357378658216,0.17664357378658216,0.1805634078235178,0.48662130408303717,0.1767210952112852,0.17689688295509132,0.49951041833746307,0.17664357378658216,0.17664357378658216,0.17664357378658216,0.5602941619234099,0.17664357378658216,0.17664357378658216,0.17664357378658216,0.44876349458172127,0.17664357378658216,0.17736677691986022,0.2730194383300411,0.5078096422827981,0.17664357378658216,0.1768656115003941,0.5003783340895885,0.17664357378658216,0.17664357378658216,0.27303779513859255,0.4240347359455118,0.17716469713574748,0.17664357378658216,0.17664357378658216,0.4951583318140879,0.17669948208638447,0.2739324238510791,0.17664357378658216,0.4632483069831951,0.17664357378658216,0.17664357378658216,0.4966707957090223,0.27450722720037585,0.17664357378658216,0.17664357378658216,0.501435585907741,0.17693335931989132,0.17664357378658216,0.42868457458632864,0.17664357378658216,0.2735657576607855
0.2011798663303048,0.13620460159713457,0.14729179760147518,0.8447695832843852,0.48385926963146136,0.09796802087974894,0.2329674455046941,0.49203797736099586,0.42645573783569357,0.23197415516518272,0.4728495800770252,0.09631326939382565,0.09687252841616767,0.46533163588418647,0.475640342401899,0.09631326939382565,0.5312922625295272,0.09631326939382565,0.4191500393900933,0.09631326939382565,0.518004756744901,0.4043219383236235,0.09631326939382565,0.48448356375496393,0.22989847937153754,0.48938849224866243,0.09631326939382565,0.4602599818228612,0.09631326939382565,0.49100306723640524,0.23017924907401682,0.40119824071565297,0.407343916648779,0.09631326939382565,0.5317235202469877,0.09631326939382565,0.4077278842850517,0.23078270662852018,0.4787744095970292,0.09631326939382565,0.47572912556276437,0.2334042364505005,0.41066855237008254,0.09641581534504957,0.5271868285843575,0.09631326939382565,0.4177441581740355,0.4809470442367198,0.2306155222337489,0.4815294615728862,0.0966846512513776,0.46035173475648106,0.09631326939382565,0.48317430359985863,0.229380262779948,0.41048392096828723,0.09631326939382565,0.4107764997649576,0.23010463982123486,0.4871771325776039,0.40576596218984046,0.09631326939382565,0.537701071398147,0.09631326939382565,0.4893598288026604,0.229443016343728,0.42800276173713825,0.49438111784643557,0.09631326939382565,0.2305433440684491,0.4089268005325944,0.4936724906101411,0.23046254681274234,0.4762651630806277,0.09631326939382565,0.4500372674359604,0.09631326939382565,0.09631326939382565,0.47688527029898337,0.09631326939382565,0.09631326939382565,0.10332996337568987,0.46415211641610654,0.09645543721386603,0.09677727399477073,0.47771787696372836,0.09631326939382565,0.09631326939382565,0.09631326939382565,0.5413250481296341,0.09631326939382565,0.09631326939382565,0.09631326939382565,0.4240986607210305,0.09631326939382565,0.09763391665083818,0.229462011787927,0.48643644773258216,0.09631326939382565,0.09672007630506564,0.4786302258887347,0.09631326939382565,0.09631326939382565,0.22948388340690443,0.3977307436797612,0.097266159952357,0.09631326939382565,0.09631326939382565,0.47314088009717864,0.09641581534504957,0.23054907330900018,0.09631326939382565,0.439463788764238,0.09631326939382565,0.09631326939382565,0.4747319077297537,0.2312327089115009,0.09631326939382565,0.09631326939382565,0.4797414184274024,0.09684396192894186,0.09631326939382565,0.4027032069078229,0.09631326939382565,0.23011267581106012
0.2088405503962601,0.14729179760147518,0.15760025178283776,0.8460699833761951,0.4870062372197644,0.11287760516850581,0.23960956078869083,0.4951267132792003,0.4300639289514738,0.2386440874649343,0.4760775616240897,0.1114445046733006,0.11192816812185714,0.4686167813537395,0.47884749210034333,0.1114445046733006,0.534121747976881,0.1114445046733006,0.4228247884074314,0.1114445046733006,0.5209185376872,0.4081383857884836,0.1114445046733006,0.48762602939844185,0.23662727726188143,0.4924959171518429,0.1114445046733006,0.463584584015271,0.1114445046733006,0.49409908358073373,0.23690002548032213,0.4050457423289381,0.4111307320095024,0.1114445046733006,0.534550323841905,0.1114445046733006,0.41151096308266,0.23748630518619757,0.48195840750852575,0.1114445046733006,0.4789356158981366,0.2400341906230268,0.4144232233968839,0.11153313648657628,0.5300420108651276,0.1114445046733006,0.421431953598375,0.48411514043259496,0.23732387126819138,0.48469331529309984,0.11176560783851408,0.46367561653780426,0.1114445046733006,0.48632622172406675,0.23612391486126227,0.41424036479070103,0.1114445046733006,0.4145301349665972,0.23682754597301914,0.4903002834972883,0.4095682004235463,0.1114445046733006,0.5404910366505493,0.1114445046733006,0.49246745679837933,0.23618486626459081,0.43159711849410726,0.49745346211075486,0.1114445046733006,0.23725374603742186,0.4126982529222667,0.4967497787678001,0.23717524831349396,0.4794676768165953,0.1114445046733006,0.4534437115800796,0.1114445046733006,0.1114445046733006,0.480083193097682,0.1114445046733006,0.1114445046733006,0.11756131264181348,0.46744637279180634,0.11156738857211138,0.11184573954371875,0.4809096512683631,0.1114445046733006,0.1114445046733006,0.1114445046733006,0.544092976070108,0.1114445046733006,0.1114445046733006,0.1114445046733006,0.4277281024613089,0.1114445046733006,0.11258776399889746,0.23620331638096503,0.48956489228472855,0.1114445046733006,0.11179625321571753,0.4818152833473996,0.1114445046733006,0.1114445046733006,0.2362245602080093,0.4016132355928704,0.11226901303467023,0.1114445046733006,0.1114445046733006,0.47636667757107953,0.11153313648657628,0.23725931227890892,0.1114445046733006,0.4429583423618351,0.1114445046733006,0.1114445046733006,0.4779458159428895,0.23792355323751588,0.1114445046733006,0.1114445046733006,0.4829183239060012,0.11190344592566502,0.1114445046733006,0.40653569240985954,0.1114445046733006,0.23683535250990156
0.8537132324013579,0.8447695832843852,0.8460699833761951,1.0,0.9209366690647443,0.8410315542908324,0.8591951451714078,0.9232819276882568,0.9047761845302231,0.8590135238038549,0.9177920537182518,0.8408964121211313,0.84094183602088,0.9156546649021486,0.918587634747274,0.8408964121211313,0.9345957492047426,0.8408964121211313,0.9027721925726919,0.8408964121211313,0.9307611572305627,0.8987522787250107,0.8408964121211313,0.9211154344232345,0.858636093773705,0.9225214339513905,0.8408964121211313,0.9142179888629319,0.8408964121211313,0.9229847928916501,0.8586869806835291,0.8979141262928904,0.8995661013053148,0.8408964121211313,0.934720169004527,0.8408964121211313,0.899669709585081,0.8587965285383811,0.9194823606488413,0.8408964121211313,0.9186129626814103,0.859275217318354,0.900464717873889,0.8409047219212106,0.9334111131928297,0.8408964121211313,0.9023882585372666,0.9201033629583539,0.8587661547963934,0.9202699348395658,0.8409265478227855,0.9142439403331434,0.8408964121211313,0.9207405820719711,0.8585423091214863,0.9004147248875886,0.8408964121211313,0.900493951790813,0.8586734533490444,0.9218872303885988,0.8991407966851058,0.8408964121211313,0.9364440966347651,0.8408964121211313,0.9225132102801896,0.858553656512756,0.9052023924555405,0.9239550302355622,0.8408964121211313,0.8587530473232358,0.8999935147844317,0.9237514152016627,0.858738378724948,0.9187659056756767,0.8408964121211313,0.9113365055401221,0.8408964121211313,0.8408964121211313,0.9189428843227696,0.8408964121211313,0.8408964121211313,0.8414848016342676,0.9153201426091216,0.8409079349778648,0.8409340812419941,0.9191805914998039,0.8408964121211313,0.8408964121211313,0.8408964121211313,0.9374885012869203,0.8408964121211313,0.8408964121211313,0.8408964121211313,0.9041280305553209,0.8408964121211313,0.8410040880430921,0.8585570918727616,0.9216749209837757,0.8408964121211313,0.8409294282716838,0.9194411700128955,0.8408964121211313,0.8408964121211313,0.8585610476907762,0.8969874586008737,0.8409739606767632,0.8408964121211313,0.8408964121211313,0.9178750446083205,0.8409047219212106,0.8587540876208103,0.8408964121211313,0.9083788259821893,0.8408964121211313,0.8408964121211313,0.91832854056085,0.8588783759699009,0.8408964121211313,0.8408964121211313,0.9197586863196827,0.8409395096097402,0.8408964121211313,0.8983175465507522,0.8408964121211313,0.8586749101696298
0.505355211439072,0.48385926963146136,0.4870062372197644,0.9209366690647443,0.6622913514339882,0.47476786012811517,0.5183792620514227,0.6678324375888549,0.6245078991598269,0.5179493640996912,0.6548896873778504,0.4744378584744731,0.47454878900111847,0.6498750913055398,0.6567594680670469,0.4744378584744731,0.6948835738157,0.4744378584744731,0.6198554534188491,0.4744378584744731,0.6856475226478118,0.610534654478443,0.4744378584744731,0.6627130554972901,0.5170556534697173,0.6660335392439818,0.4744378584744731,0.6465110963064988,0.4744378584744731,0.6671293377624161,0.517176174180287,0.6085927645089104,0.6124205961211036,0.4744378584744731,0.6951845949442229,0.4744378584744731,0.6126607291511209,0.5174355996651063,0.6588644938715679,0.4744378584744731,0.6568190242676947,0.51856876001855,0.6145035865115602,0.4744581527890737,0.6920218334259299,0.4744378584744731,0.6189646212984262,0.6603269703302092,0.5173636739860588,0.6607194575467923,0.47451145461349753,0.6465718175088924,0.4744378584744731,0.6618289066912894,0.5168335119543452,0.6143876866038073,0.4744378584744731,0.6145713611119311,0.5171441368062824,0.6645349330978129,0.611434945694157,0.4744378584744731,0.6993647861411987,0.4744378584744731,0.6660140979434269,0.5168603912666903,0.6254980015197561,0.6694263720200496,0.4744378584744731,0.5173326343000684,0.6134112631984426,0.6689440264281699,0.5172978970802933,0.6571786953462252,0.4744378584744731,0.63977842538426,0.4744378584744731,0.4744378584744731,0.657594977162203,0.4744378584744731,0.4744378584744731,0.4758739487065001,0.6490913465655358,0.47446599966650266,0.4745298516745126,0.6581542500690611,0.4744378584744731,0.4744378584744731,0.4744378584744731,0.7019060380735285,0.4744378584744731,0.4744378584744731,0.4744378584744731,0.6230026406927648,0.4744378584744731,0.47470079838146756,0.5168685287487143,0.6640335614848489,0.4744378584744731,0.4745184888770901,0.6587675311815406,0.4744378584744731,0.4744378584744731,0.5168778990147807,0.6064462370585801,0.47462723473242485,0.4744378584744731,0.4744378584744731,0.6550846480499597,0.4744581527890737,0.5173350978390918,0.4744378584744731,0.6328850701153669,0.4744378584744731,0.4744378584744731,0.6561503412942917,0.5176294015810218,0.4744378584744731,0.4744378584744731,0.6595150994608996,0.47454310789095017,0.4744378584744731,0.6095273854877542,0.4744378584744731,0.5171475870857962
0.17755082529909444,0.09796802087974894,0.11287760516850581,0.8410315542908324,0.47476786012811517,0.025357505762618845,0.21290865515057808,0.4831183105495383,0.41599492785369674,0.21182083970285726,0.4635188252848534,0.017930464739137196,0.02072551957576099,0.45583170345153934,0.4663711788998993,0.017930464739137196,0.5231343441850561,0.017930464739137196,0.40849018959601296,0.017930464739137196,0.5095996531462073,0.39323705769872086,0.017930464739137196,0.4754054405602882,0.20954462583253952,0.48041373253909525,0.017930464739137196,0.45064313163545744,0.017930464739137196,0.4820619415616624,0.209852763196111,0.39001997233177926,0.3963480661433352,0.017930464739137196,0.5235734584573867,0.017930464739137196,0.3967432547494924,0.21051478464197398,0.46957365874678697,0.017930464739137196,0.4664619110020751,0.2133867229578423,0.39976919121115834,0.018473386379579657,0.5189536070750821,0.017930464739137196,0.4070452487919164,0.4717932594877202,0.2103314105081138,0.47238820394737435,0.019828781994006853,0.45073702035579655,0.017930464739137196,0.474068282189438,0.20897569558510895,0.39957924070817386,0.017930464739137196,0.39988024637004294,0.20977088894835688,0.4781559950698529,0.39472378327023383,0.017930464739137196,0.5296588816761122,0.017930464739137196,0.4803844702633942,0.2090446042719885,0.41758327575679205,0.48550975120968926,0.017930464739137196,0.21025223449567376,0.39797707734612453,0.4847865581453178,0.21016359781387053,0.46700970184477586,0.017930464739137196,0.44017751913725306,0.017930464739137196,0.017930464739137196,0.4676433766823617,0.017930464739137196,0.017930464739137196,0.041501879773299825,0.45462519722594363,0.018679086001898222,0.020275609797944745,0.4684941515811031,0.017930464739137196,0.017930464739137196,0.017930464739137196,0.5333473479139018,0.017930464739137196,0.017930464739137196,0.017930464739137196,0.41357434236858737,0.017930464739137196,0.024034323092002412,0.20906546210696858,0.47739969470245375,0.017930464739137196,0.020000806666103634,0.46942634498034314,0.017930464739137196,0.017930464739137196,0.20908947767190594,0.3864471451669664,0.02249376927073787,0.017930464739137196,0.017930464739137196,0.46381658423676153,0.018473386379579657,0.21025851938270418,0.017930464739137196,0.42934194696832145,0.017930464739137196,0.017930464739137196,0.4654427655912387,0.21100823136266111,0.017930464739137196,0.017930464739137196,0.4705616175414413,0.020591578835179886,0.017930464739137196,0.3915701067310901,0.017930464739137196,0.20977970769260765
0.27596799888358936,0.2329674455046941,0.23960956078869083,0.8591951451714078,0.5183792620514227,0.21290865515057808,0.29987767270840465,0.5259501898513151,0.4657171133904667,0.2991086507512109,0.5082117904652055,0.21215306269954967,0.21240729238493572,0.5012857505997655,0.5107863601957395,0.21215306269954967,0.5624747834087445,0.21215306269954967,0.459084692331514,0.21215306269954967,0.5500790415606378,0.445680519672258,0.21215306269954967,0.5189566395515038,0.29750584800519675,0.5234959845245915,0.21215306269954967,0.4966214969136827,0.21215306269954967,0.5249913767415335,0.29772231744311795,0.4428671535825908,0.44840579459067575,0.21215306269954967,0.5628776045226305,0.21215306269954967,0.4487523080635431,0.2981879318232626,0.5136798537051649,0.21215306269954967,0.5108682962501595,0.30021625356181764,0.45140793071409696,0.21219959098437685,0.5586416188139649,0.21215306269954967,0.4578104533353217,0.5156870659670936,0.29805888734019814,0.5162253242412939,0.2123217565175138,0.4967058199189993,0.21215306269954967,0.5177458737294124,0.2971065886058707,0.4512411028797668,0.21215306269954967,0.4515054747416759,0.29766478445751415,0.5214487855895209,0.44698233878134197,0.21215306269954967,0.5684641428315137,0.21215306269954967,0.5234694420494225,0.2971549177777397,0.4671238405255048,0.5281218865453158,0.21215306269954967,0.2980031867712171,0.4498346270939377,0.5274649851079506,0.29794084302681206,0.5113630335519034,0.21215306269954967,0.4872407869093258,0.21215306269954967,0.21215306269954967,0.5119354483905623,0.21215306269954967,0.21215306269954967,0.2154260035271628,0.5002003875022409,0.2122175791752428,0.21236390894911808,0.5127041624552188,0.21215306269954967,0.21215306269954967,0.21215306269954967,0.5718538515521163,0.21215306269954967,0.21215306269954967,0.21215306269954967,0.46357530649992945,0.21215306269954967,0.21275527748392148,0.2971695480188103,0.5207633271009423,0.21215306269954967,0.21233787461579334,0.5135466869001357,0.21215306269954967,0.21215306269954967,0.2971863940843894,0.4397485717879238,0.21258692906534335,0.21215306269954967,0.21215306269954967,0.508480436428022,0.21219959098437685,0.29800760782574465,0.21215306269954967,0.47756917123086623,0.21215306269954967,0.21215306269954967,0.5099480937996593,0.29853545978288526,0.21215306269954967,0.21215306269954967,0.5145730999776261,0.212394278288403,0.21215306269954967,0.4442221383472225,0.21215306269954967,0.29767098084357324
0.5131477723726141,0.49203797736099586,0.4951267132792003,0.9232819276882568,0.6678324375888549,0.4831183105495383,0.5259501898513151,0.6733055582306698,0.630526807294211,0.5255274704283036,0.6605223176785532,0.4827946439504951,0.48290344413206104,0.6555702663563423,0.6623688878211266,0.4827946439504951,0.7000308827288763,0.4827946439504951,0.6259352140360386,0.4827946439504951,0.6909050604873035,0.6167378686526602,0.4827946439504951,0.6682489525514776,0.5246487123339162,0.6715286736008841,0.4827946439504951,0.6522484789461125,0.4827946439504951,0.672611056725477,0.5247672143272858,0.6148219690624429,0.6185986596839198,0.4827946439504951,0.7003283268237411,0.4827946439504951,0.6188355967014133,0.5250222968849488,0.6644478524416325,0.4827946439504951,0.6624277056823732,0.5261365264241167,0.6206539741747197,0.4828145484654709,0.6972031958518704,0.4827946439504951,0.6250560907666627,0.6658922653508313,0.5249515749482928,0.6662799106826313,0.48286682663453484,0.6523084364598892,0.4827946439504951,0.6673756864747943,0.5244302935668568,0.6205396113868656,0.4827946439504951,0.62072085006788,0.524735713507837,0.6700484435963913,0.6176261426358051,0.4827946439504951,0.7044589393398301,0.4827946439504951,0.671509470474632,0.5244567222933119,0.6315040228161967,0.6748800271320965,0.4827946439504951,0.524921054819014,0.6195761508295008,0.6744035681466143,0.5248868991035022,0.662782919043488,0.4827946439504951,0.6456009150481817,0.4827946439504951,0.4827946439504951,0.6631940441920283,0.4827946439504951,0.4827946439504951,0.4842032181174436,0.6547963368750516,0.4828222446326685,0.48288487042597755,0.6637463936370096,0.4827946439504951,0.4827946439504951,0.4827946439504951,0.7069701340210978,0.4827946439504951,0.4827946439504951,0.4827946439504951,0.6290411829988775,0.4827946439504951,0.48305253560418543,0.5244647233713802,0.669553227535475,0.4827946439504951,0.48287372582002075,0.6643520885964919,0.4827946439504951,0.4827946439504951,0.5244739365731077,0.6127042832095106,0.48298038386037223,0.4827946439504951,0.4827946439504951,0.6607148554531622,0.4828145484654709,0.5249234771204336,0.4827946439504951,0.638795620390383,0.4827946439504951,0.4827946439504951,0.66176731600595,0.5252128566199398,0.4827946439504951,0.4827946439504951,0.665090417908353,0.4828978721038604,0.4827946439504951,0.6157440690620234,0.4827946439504951,0.5247391060004225
0.4509821828034999,0.42645573783569357,0.4300639289514738,0.9047761845302231,0.6245078991598269,0.41599492785369674,0.4657171133904667,0.630526807294211,0.583332872162896,0.4652321121305795,0.6164609026829322,0.41561414806542385,0.41574215634153217,0.6110042271574568,0.6184944960101872,0.41561414806542385,0.6598538998796222,0.41561414806542385,0.5782442024582594,0.41561414806542385,0.6498504764224163,0.5680352615228701,0.41561414806542385,0.6249661230150368,0.4642235581472665,0.6285732638599042,0.41561414806542385,0.607341350640387,0.41561414806542385,0.6297633182714867,0.4643595888673249,0.5659058440026425,0.5701024881761405,0.41561414806542385,0.6601797793948527,0.41561414806542385,0.5703656451313898,0.46465237599955067,0.6207832973345344,0.41561414806542385,0.6185592610214725,0.46593087214222106,0.5723847587418996,0.4156375673408946,0.6567553705101534,0.41561414806542385,0.5772693180504068,0.6223730562135148,0.4645712041231617,0.6227996478068101,0.41569907530055944,0.6074074836662579,0.41561414806542385,0.6240053764795405,0.4639728101171113,0.5722577964752202,0.41561414806542385,0.5724590008588626,0.46432342924859143,0.6269454791155572,0.5690221950958415,0.41561414806542385,0.664704237440334,0.41561414806542385,0.6285521487765438,0.46400315213644167,0.5844152247518967,0.6322573915897485,0.41561414806542385,0.4645361734350429,0.5711880554513191,0.631733730773006,0.4644969692322871,0.618950377433542,0.41561414806542385,0.6000046472701169,0.41561414806542385,0.41561414806542385,0.6194030290539962,0.41561414806542385,0.41561414806542385,0.4172706525227841,0.6101510181160525,0.41564662241856737,0.41572030423181816,0.6200111227754475,0.41561414806542385,0.41561414806542385,0.41561414806542385,0.6674539527157269,0.41561414806542385,0.41561414806542385,0.41561414806542385,0.5816869759523258,0.41561414806542385,0.41591755339997466,0.4640123378530947,0.6264008180412356,0.41561414806542385,0.41570719238074094,0.6206778843608631,0.41561414806542385,0.41561414806542385,0.4640229151151325,0.5635509896753336,0.4158326735257994,0.41561414806542385,0.41561414806542385,0.6166729695394882,0.4156375673408946,0.4645389537468098,0.41561414806542385,0.5924843301440615,0.41561414806542385,0.41561414806542385,0.617832063171247,0.4648710789174921,0.41561414806542385,0.41561414806542385,0.6214905662854102,0.41573560083663097,0.41561414806542385,0.5669308313271566,0.41561414806542385,0.4643273234993963
0.2751311934369197,0.23197415516518272,0.2386440874649343,0.8590135238038549,0.5179493640996912,0.21182083970285726,0.2991086507512109,0.5255274704283036,0.4652321121305795,0.2983376144274333,0.5077719870946513,0.2110613371158236,0.21131688553191239,0.5008390154482437,0.5103490947860889,0.2110613371158236,0.5620846086415971,0.2110613371158236,0.45859200046930093,0.2110613371158236,0.5496781811212564,0.4451716770854268,0.2110613371158236,0.5185272948343703,0.29673058051797124,0.5230709558892661,0.2110613371158236,0.4961700051149197,0.2110613371158236,0.5245677571516861,0.29694762401191654,0.44235481196659815,0.44790030439864914,0.2110613371158236,0.56248777133739,0.2110613371158236,0.4482472415453989,0.29741447038710306,0.5132454163043885,0.2110613371158236,0.5104311112744123,0.2994481152731651,0.4509060921335666,0.21110810698706511,0.5582481761376323,0.2110613371158236,0.4573162617986689,0.5152545754816533,0.2972850848360507,0.5157933537998176,0.211230906329162,0.49625441476327464,0.2110613371158236,0.517315367754907,0.2963302601697241,0.4507390625024067,0.2110613371158236,0.45100375409078614,0.2968899385342741,0.5210218177398953,0.4464751020838948,0.2110613371158236,0.5680790116960895,0.2110613371158236,0.5230443883475532,0.29637871791505577,0.4666404461390518,0.5277011966043897,0.2110613371158236,0.2972292369595162,0.4493308801963453,0.5270436826483117,0.29716672827475665,0.510926333804778,0.2110613371158236,0.48677950189328784,0.2110613371158236,0.2110613371158236,0.5114993091202008,0.2110613371158236,0.2110613371158236,0.21435101696442974,0.4997525519689564,0.21112618854864554,0.21127327728297216,0.5122687742932145,0.2110613371158236,0.2110613371158236,0.2110613371158236,0.5714715421641742,0.2110613371158236,0.2110613371158236,0.2110613371158236,0.46308784255227614,0.2110613371158236,0.21166667056829278,0.2963933870698899,0.5203357072820363,0.2110613371158236,0.21124710799545549,0.5131121199048106,0.2110613371158236,0.2110613371158236,0.2964102779382638,0.4392323051214236,0.21149745211205442,0.2110613371158236,0.2110613371158236,0.5080408988481432,0.21110810698706511,0.2972336697080829,0.2110613371158236,0.47709745392804903,0.2110613371158236,0.2110613371158236,0.5095100043020543,0.2977629154348992,0.2110613371158236,0.2110613371158236,0.5141395304807854,0.2113038040059436,0.2110613371158236,0.4437114868516101,0.2110613371158236,0.29689615134672387
0.494881460511581,0.4728495800770252,0.4760775616240897,0.9177920537182518,0.6548896873778504,0.4635188252848534,0.5082117904652055,0.6605223176785532,0.6164609026829322,0.5077719870946513,0.6473646258744536,0.4631799830625475,0.4632938865807214,0.6422656586055523,0.649265703755239,0.4631799830625475,0.6880114964730085,0.4631799830625475,0.6117260419722639,0.4631799830625475,0.6786273909513039,0.6022378781016688,0.4631799830625475,0.6553183828449646,0.5068576408101454,0.6586937751005071,0.4631799830625475,0.6388446970500055,0.4631799830625475,0.6598076398689681,0.5069809477541235,0.6002607243172293,0.6041579345335185,0.4631799830625475,0.6883173197001861,0.4631799830625475,0.6044024020228413,0.5072463670846518,0.6514058621103206,0.4631799830625475,0.6493262554190005,0.508405650428393,0.6062784541793156,0.46320082136709767,0.6851040323773941,0.4631799830625475,0.6108193459018754,0.6528926844532268,0.5071727801089246,0.6532916967938952,0.46325555175176136,0.6389064491982775,0.4631799830625475,0.6544195710669833,0.5066303609547359,0.6061604701942501,0.4631799830625475,0.6063474472600344,0.5069481698350888,0.6571704184181922,0.6031544709087329,0.4631799830625475,0.692564053972634,0.4631799830625475,0.6586740130344428,0.5066578622042773,0.6174684513339408,0.6621424597463446,0.4631799830625475,0.5071410233691271,0.6051664699432124,0.6616521891630858,0.5071054835940343,0.6496919364446062,0.4631799830625475,0.6319970855357121,0.4631799830625475,0.4631799830625475,0.6501151702143321,0.4631799830625475,0.4631799830625475,0.4646544657907109,0.641468668593224,0.4632088785692909,0.4632744418122795,0.6506837764271225,0.4631799830625475,0.4631799830625475,0.4631799830625475,0.695145634048117,0.4631799830625475,0.4631799830625475,0.4631799830625475,0.6149290587322724,0.4631799830625475,0.4634499678758763,0.5066661879619508,0.6566607550184047,0.4631799830625475,0.46326277452168174,0.6513072834773939,0.4631799830625475,0.4631799830625475,0.5066757750203424,0.5980750526134329,0.4633744339482694,0.4631799830625475,0.4631799830625475,0.6475628539237248,0.46320082136709767,0.5071435438214332,0.4631799830625475,0.6249846953211453,0.4631799830625475,0.4631799830625475,0.6486463906287583,0.5074446434295484,0.4631799830625475,0.4631799830625475,0.6520673046284703,0.46328805324414307,0.4631799830625475,0.6012123350590538,0.4631799830625475,0.5069516998715687
0.17664357378658216,0.09631326939382565,0.1114445046733006,0.8408964121211313,0.4744378584744731,0.017930464739137196,0.21215306269954967,0.4827946439504951,0.41561414806542385,0.2110613371158236,0.4631799830625475,0.0,0.01039449870192784,0.4554866038917813,0.4660346129793625,0.0,0.5228386941220063,0.0,0.40810198761642963,0.0,0.5092949260699885,0.3928329684951697,0.0,0.4750759292487894,0.20877681015024088,0.48008803449878057,0.0,0.45029370346414543,0.0,0.4817374837950166,0.20908608343065055,0.3896123853222549,0.3959473091363399,0.0,0.5232780966808986,0.0,0.396342917553175,0.20975053410724295,0.4692396201423653,0.0,0.4661254170956314,0.21263283631361285,0.39937204296557816,0.0044457215186048515,0.5186551931794092,0.0,0.40665558897105825,0.47146095525568527,0.20956648862849997,0.4720563622287615,0.0084663471383492,0.4503876712881763,0.0,0.4737377412223209,0.2082057737992804,0.3991818935954058,0.0,0.39948321431178146,0.20900390768733085,0.477828586381823,0.39432129258574616,0.0,0.5293674767946138,0.0,0.4800587501384722,0.20827493818694073,0.4172040355535974,0.4851878649944554,0.0,0.2094870223855819,0.3975780458676614,0.484464135079573,0.2093980605345841,0.46667364220823027,0.0,0.4398190870403897,0.0,0.0,0.46730781830943047,0.0,0.0,0.037428663437753355,0.45427909885024953,0.005235139832164377,0.00946566389395612,0.46815926437367905,0.0,0.0,0.0,0.5330583074143178,0.0,0.0,0.0,0.41319119555964623,0.0,0.016004597604308776,0.20829587338625868,0.4770717099196086,0.0,0.008861755248348707,0.4690921907695278,0.0,0.0,0.20831997800883872,0.3860356099387016,0.013581903590057473,0.0,0.0,0.46347798076866364,0.0044457215186048515,0.2094933303187073,0.0,0.4289737820943392,0.0,0.0,0.4651054613990163,0.21024578157691434,0.0,0.0,0.47022835264714985,0.010124799253670314,0.0,0.3911642118036784,0.0,0.2090127589172298
0.17694898974140055,0.09687252841616767,0.11192816812185714,0.84094183602088,0.47454878900111847,0.02072551957576099,0.21240729238493572,0.48290344413206104,0.41574215634153217,0.21131688553191239,0.4632938865807214,0.01039449870192784,0.014700040994647638,0.4556026117558769,0.46614775099015743,0.01039449870192784,0.5229380735871914,0.01039449870192784,0.4082324924675863,0.01039449870192784,0.5093973576177744,0.3929688175802153,0.01039449870192784,0.47518669488171605,0.20903516239865627,0.48019751780503517,0.01039449870192784,0.45041116707631923,0.01039449870192784,0.48184655002647714,0.20934405254516353,0.3897494110764269,0.39608203728308333,0.01039449870192784,0.5233773792134628,0.01039449870192784,0.3964775044785362,0.21000768387929244,0.46935190823981304,0.01039449870192784,0.46623853088861694,0.21288649071450985,0.3995055571599064,0.011305310378192315,0.5187555019528753,0.01039449870192784,0.4067865842015044,0.4715726601048112,0.2098238648330452,0.4721679115409767,0.013406141746443346,0.45050510829687096,0.01039449870192784,0.47384885311130265,0.2084648364272613,0.39931547468615897,0.01039449870192784,0.3996166894221854,0.20926197849301573,0.4779386449420965,0.3944566039326708,0.01039449870192784,0.5294654288831319,0.01039449870192784,0.4801682408712789,0.20853391456740025,0.41733152597637774,0.48529606648060675,0.01039449870192784,0.20974449648007115,0.3977121935605592,0.48457251709371824,0.20965564430358605,0.46678660995960447,0.01039449870192784,0.43993957883751494,0.01039449870192784,0.01039449870192784,0.4674206174900616,0.01039449870192784,0.01039449870192784,0.038845209946266,0.45439544262199194,0.01163839734355222,0.014058605736729108,0.468271837847552,0.01039449870192784,0.01039449870192784,0.01039449870192784,0.5331554645257817,0.01039449870192784,0.01039449870192784,0.01039449870192784,0.41332000001198993,0.01039449870192784,0.019083834589421284,0.20855482367187705,0.47718196220909515,0.01039449870192784,0.013659293858610685,0.4692045177441515,0.01039449870192784,0.01039449870192784,0.20857889825550716,0.3861739639071513,0.01710303205514246,0.01039449870192784,0.01039449870192784,0.4635918039947996,0.011305310378192315,0.2097507966401207,0.01039449870192784,0.42909754734189737,0.01039449870192784,0.01039449870192784,0.465218847685574,0.21050232399597169,0.01039449870192784,0.01039449870192784,0.47034038055476907,0.014510587938543337,0.01039449870192784,0.39130066833532107,0.01039449870192784,0.2092708187658446
0.48774076691036616,0.46533163588418647,0.4686167813537395,0.9156546649021486,0.6498750913055398,0.45583170345153934,0.5012857505997655,0.6555702663563423,0.6110042271574568,0.5008390154482437,0.6422656586055523,0.4554866038917813,0.4556026117558769,0.6371089609643574,0.6441881424741136,0.4554866038917813,0.6833581892312793,0.4554866038917813,0.6062127537049806,0.4554866038917813,0.6738732076608008,0.5966095098380934,0.4554866038917813,0.6503085648441335,0.49991022619523773,0.653721474614129,0.4554866038917813,0.6336490005033393,0.4554866038917813,0.6548476804375366,0.5000354834079189,0.5946080890654531,0.5985530360099902,0.4554866038917813,0.6836672827366188,0.4554866038917813,0.5988004849915629,0.5003050980425926,0.6463523243647661,0.4554866038917813,0.6442493749151911,0.5014826628568958,0.6006993670340324,0.45550782724902855,0.6804195818044897,0.4554866038917813,0.6052951561328936,0.6478557908468379,0.5002303482918706,0.648259263623019,0.45556356880122195,0.6337114585739977,0.4554866038917813,0.6493997318152096,0.49967934953384574,0.6005799498920209,0.4554866038917813,0.6007691980158366,0.5000021871378315,0.6521812083296326,0.5975373183502681,0.4554866038917813,0.6879593232846788,0.4554866038917813,0.6537014934191957,0.4997072861453837,0.6120237554141188,0.6572083066933309,0.4554866038917813,0.500198089665711,0.5995738616298362,0.6567126241491481,0.5001619881550488,0.6446191659209811,0.4554866038917813,0.6267226517864338,0.4554866038917813,0.4554866038917813,0.6450471536553022,0.4554866038917813,0.4554866038917813,0.4569882563209414,0.6363029047746539,0.4555160333248912,0.4555828078143289,0.6456221419071737,0.4554866038917813,0.4554866038917813,0.4554866038917813,0.6905683518090577,0.4554866038917813,0.4554866038917813,0.4554866038917813,0.6094541249989879,0.4554866038917813,0.4557615751257159,0.4997157436972814,0.6516658793177591,0.4554866038917813,0.45557092499902946,0.6462526408861099,0.4554866038917813,0.4554866038917813,0.49972548251145493,0.5923954719383233,0.455684646664019,0.4554866038917813,0.4554866038917813,0.6424661216296784,0.45550782724902855,0.5002006499533744,0.4554866038917813,0.6196286484931512,0.4554866038917813,0.4554866038917813,0.6435618628266356,0.5005065060344089,0.4554866038917813,0.4554866038917813,0.6470211759363099,0.45559667067192466,0.4554866038917813,0.5955713922661559,0.4554866038917813,0.5000057730010908
0.4975345558790283,0.475640342401899,0.47884749210034333,0.918587634747274,0.6567594680670469,0.4663711788998993,0.5107863601957395,0.6623688878211266,0.6184944960101872,0.5103490947860889,0.649265703755239,0.4660346129793625,0.46614775099015743,0.6441881424741136,0.6511588426130613,0.4660346129793625,0.6897470907996116,0.4660346129793625,0.6137805809598679,0.4660346129793625,0.6804004782350881,0.6043349710618658,0.4660346129793625,0.6571863906695455,0.5094400361078558,0.6605478606733872,0.4660346129793625,0.6407816372770477,0.4660346129793625,0.661657145190498,0.5095626290896849,0.6023667865900826,0.6062463514957304,0.4660346129793625,0.6900516982174452,0.4660346129793625,0.6064897167293934,0.5098265125484033,0.6532900899741455,0.4660346129793625,0.6512191417748127,0.5109791025652776,0.6083573279837782,0.46605531121263133,0.6868512039890834,0.4660346129793625,0.6128779173732046,0.6547707378178893,0.5097533512617669,0.6551680953638545,0.46610967376086326,0.640843127779484,0.4660346129793625,0.6562912971394088,0.5092140729560155,0.6082398739171796,0.4660346129793625,0.6084260112432104,0.5095300409317698,0.659030779288803,0.6052474179542542,0.4660346129793625,0.6942815866001639,0.4660346129793625,0.6605281799317759,0.5092414148321096,0.6194976114650803,0.6639823862717744,0.4660346129793625,0.5097217782601081,0.6072503430853609,0.6634941246124542,0.5096864441327721,0.651583298377226,0.4660346129793625,0.6339632022505275,0.4660346129793625,0.4660346129793625,0.6520047688195374,0.4660346129793625,0.4660346129793625,0.46749921096378383,0.6433945134686552,0.46606331425866576,0.4661284368807444,0.6525710077474385,0.4660346129793625,0.4660346129793625,0.4660346129793625,0.6968529588111861,0.4660346129793625,0.4660346129793625,0.4660346129793625,0.6169694080805533,0.4660346129793625,0.46630278383682394,0.5092496923436152,0.6585232183108349,0.4660346129793625,0.46611684799294445,0.6531919211863184,0.4660346129793625,0.4660346129793625,0.5092592238484088,0.6001910724966032,0.4662277572197409,0.4660346129793625,0.4660346129793625,0.6494631029465678,0.46605531121263133,0.5097242841289122,0.4660346129793625,0.6269810394287637,0.4660346129793625,0.4660346129793625,0.6505421133290809,0.5100236423851194,0.4660346129793625,0.4660346129793625,0.6539487840189403,0.46614195684967324,0.4660346129793625,0.6033140758647828,0.4660346129793625,0.5095335505308797
0.17664357378658216,0.09631326939382565,0.1114445046733006,0.8408964121211313,0.4744378584744731,0.017930464739137196,0.21215306269954967,0.4827946439504951,0.41561414806542385,0.2110613371158236,0.4631799830625475,0.0,0.01039449870192784,0.4554866038917813,0.4660346129793625,0.0,0.5228386941220063,0.0,0.40810198761642963,0.0,0.5092949260699885,0.3928329684951697,0.0,0.4750759292487894,0.20877681015024088,0.48008803449878057,0.0,0.45029370346414543,0.0,0.4817374837950166,0.20908608343065055,0.3896123853222549,0.3959473091363399,0.0,0.5232780966808986,0.0,0.396342917553175,0.20975053410724295,0.4692396201423653,0.0,0.4661254170956314,0.21263283631361285,0.39937204296557816,0.0044457215186048515,0.5186551931794092,0.0,0.40665558897105825,0.47146095525568527,0.20956648862849997,0.4720563622287615,0.0084663471383492,0.4503876712881763,0.0,0.4737377412223209,0.2082057737992804,0.3991818935954058,0.0,0.39948321431178146,0.20900390768733085,0.477828586381823,0.39432129258574616,0.0,0.5293674767946138,0.0,0.4800587501384722,0.20827493818694073,0.4172040355535974,0.4851878649944554,0.0,0.2094870223855819,0.3975780458676614,0.484464135079573,0.2093980605345841,0.46667364220823027,0.0,0.4398190870403897,0.0,0.0,0.46730781830943047,0.0,0.0,0.037428663437753355,0.45427909885024953,0.005235139832164377,0.00946566389395612,0.46815926437367905,0.0,0.0,0.0,0.5330583074143178,0.0,0.0,0.0,0.41319119555964623,0.0,0.016004597604308776,0.20829587338625868,0.4770717099196086,0.0,0.008861755248348707,0.4690921907695278,0.0,0.0,0.20831997800883872,0.3860356099387016,0.013581903590057473,0.0,0.0,0.46347798076866364,0.0044457215186048515,0.2094933303187073,0.0,0.4289737820943392,0.0,0.0,0.4651054613990163,0.21024578157691434,0.0,0.0,0.47022835264714985,0.010124799253670314,0.0,0.3911642118036784,0.0,0.2090127589172298
0.5506738397332689,0.5312922625295272,0.534121747976881,0.9345957492047426,0.6948835738157,0.5231343441850561,0.5624747834087445,0.7000308827288763,0.6598538998796222,0.5620846086415971,0.6880114964730085,0.5228386941220063,0.5229380735871914,0.6833581892312793,0.6897470907996116,0.5228386941220063,0.7251875273290215,0.5228386941220063,0.6555502582811069,0.5228386941220063,0.7165936594332254,0.6469357266765055,0.5228386941220063,0.6952752311086008,0.5612736164842023,0.6983595819508986,0.5228386941220063,0.6802377573722871,0.5228386941220063,0.6993776273861958,0.5613829713288592,0.6451422903670394,0.648677933102222,0.5228386941220063,0.7254676883022327,0.5228386941220063,0.6488997954929451,0.5616183734248251,0.6917013788259327,0.5228386941220063,0.6898023774823354,0.5626467851751681,0.6506026677324221,0.5228568749320458,0.7225243117251269,0.5228386941220063,0.6547264901986822,0.6930593318253424,0.5615531066451318,0.6934237957166585,0.5229046263627395,0.6802940734213307,0.5228386941220063,0.6944540938531524,0.5610720646291586,0.6504955597805081,0.5228386941220063,0.6506653018117275,0.5613539017841742,0.6969674487516594,0.6477673492393721,0.5228386941220063,0.7293586195968719,0.5228386941220063,0.6983415208873117,0.5610964519578728,0.660770078946221,0.7015119459701006,0.5228386941220063,0.5615249409966405,0.6495932693917951,0.7010637382681499,0.5614934204457026,0.6901362701025995,0.5228386941220063,0.6739955897750857,0.5228386941220063,0.5228386941220063,0.6905227287703843,0.5228386941220063,0.5228386941220063,0.5241255370752624,0.6826311023653818,0.5228639046484107,0.5229211079142977,0.6910419557995336,0.5228386941220063,0.5228386941220063,0.5228386941220063,0.7317243872424686,0.5228386941220063,0.5228386941220063,0.5228386941220063,0.6584612318748296,0.5228386941220063,0.5230742605426377,0.5611038350466792,0.6965017347257588,0.5228386941220063,0.5229109282036954,0.6916113518957122,0.5228386941220063,0.5228386941220063,0.5611123366523773,0.643160405868699,0.5230083531373997,0.5228386941220063,0.5228386941220063,0.6881924525257122,0.5228568749320458,0.5615271764225378,0.5228386941220063,0.6676088841166326,0.5228386941220063,0.5228386941220063,0.6891816478164859,0.561794239140101,0.5228386941220063,0.5228386941220063,0.6923054652469863,0.5229329839524465,0.5228386941220063,0.6460054034154077,0.5228386941220063,0.5613570324303829
