0.0,0.0,0.06869965786724262,0.1686111050970903,0.12342264539890828,0.35794897486920896,0.8408964121211313,0.0158479645685413,0.5277398649132486,0.013457473119325934,0.4123135129388913,0.2094568274396365,0.4589589436703064,0.3982837437821803,0.20822271468604192,0.0,0.4623053350484689,0.0,0.5189413946393239,0.4049383682183836,0.0,0.4555450065543293,0.20921941115373238,0.38975299093510307,0.0,0.5188008674187047,0.0,0.4762780089627183,0.4469760731162165,0.0,0.0,0.4779410120303282,0.44114180201319164,0.010326584857230465,0.39282203774493074,0.0,0.5193316214783105,0.0,0.39286280687304553,0.5138995470848194,0.0,0.0,0.46284997260579697,0.20631846220176397,0.3978788937795269,0.46677154844287766,0.2071346266405424,0.4032008409817366,0.0,0.5157831173324708,0.0,0.4682822194089878,0.0,0.44695783824459157,0.4700536462350792,0.0,0.0,0.44900692578935464,0.39647295009518135,0.0,0.5220646812878541,0.0,0.39113879966895493,0.20743587156133067,0.47726651500682643,0.0,0.4759414064546677,0.4654146224074594,0.0,0.0,0.5303072740509427,0.3946971333742058,0.0,0.5283371794270064,0.01241449423372231,0.46296782851131246,0.0,0.38112481418374683,0.511841840724406,0.0,0.0,0.0,0.44691611232533024,0.0,0.0,0.0,0.4644869494515462,0.0,0.0,0.0,0.5285142503770696,0.0,0.0,0.4097404539953329,0.0,0.010046403283459314,0.0,0.5203917950109431,0.0,0.0,0.0,0.46553052999324074,0.008763582160896828,0.20667124497646974,0.0,0.3831244824195585,0.0,0.0,0.4596008673749791,0.0,0.0,0.20756753026621239,0.42540096485066753,0.0,0.0,0.010046403283459314,0.46146398138431416,0.20867957254703845,0.0,0.46641030457303373,0.0,0.0,0.0,0.3880809153309975,0.2074239555068116
0.0,0.0,0.06869965786724262,0.1686111050970903,0.12342264539890828,0.35794897486920896,0.8408964121211313,0.0158479645685413,0.5277398649132486,0.013457473119325934,0.4123135129388913,0.2094568274396365,0.4589589436703064,0.3982837437821803,0.20822271468604192,0.0,0.4623053350484689,0.0,0.5189413946393239,0.4049383682183836,0.0,0.4555450065543293,0.20921941115373238,0.38975299093510307,0.0,0.5188008674187047,0.0,0.4762780089627183,0.4469760731162165,0.0,0.0,0.4779410120303282,0.44114180201319164,0.010326584857230465,0.39282203774493074,0.0,0.5193316214783105,0.0,0.39286280687304553,0.5138995470848194,0.0,0.0,0.46284997260579697,0.20631846220176397,0.3978788937795269,0.46677154844287766,0.2071346266405424,0.4032008409817366,0.0,0.5157831173324708,0.0,0.4682822194089878,0.0,0.44695783824459157,0.4700536462350792,0.0,0.0,0.44900692578935464,0.39647295009518135,0.0,0.5220646812878541,0.0,0.39113879966895493,0.20743587156133067,0.47726651500682643,0.0,0.4759414064546677,0.4654146224074594,0.0,0.0,0.5303072740509427,0.3946971333742058,0.0,0.5283371794270064,0.01241449423372231,0.46296782851131246,0.0,0.38112481418374683,0.511841840724406,0.0,0.0,0.0,0.44691611232533024,0.0,0.0,0.0,0.4644869494515462,0.0,0.0,0.0,0.5285142503770696,0.0,0.0,0.4097404539953329,0.0,0.010046403283459314,0.0,0.5203917950109431,0.0,0.0,0.0,0.46553052999324074,0.008763582160896828,0.20667124497646974,0.0,0.3831244824195585,0.0,0.0,0.4596008673749791,0.0,0.0,0.20756753026621239,0.42540096485066753,0.0,0.0,0.010046403283459314,0.46146398138431416,0.20867957254703845,0.0,0.46641030457303373,0.0,0.0,0.0,0.3880809153309975,0.2074239555068116
0.06869965786724262,0.06869965786724262,0.09715544684359044,0.1820635147641927,0.1412518145099719,0.3644266509144969,0.8428737699386906,0.07050388660222211,0.5320142539433609,0.0700053175082173,0.41791324664078383,0.22042407452256513,0.46395550888266623,0.40408916985619747,0.21925195763489894,0.06869965786724262,0.4672627006776007,0.06869965786724262,0.523299583019423,0.4106446346227103,0.06869965786724262,0.4605820670413465,0.22019853259518737,0.39568999523074244,0.06869965786724262,0.5231604119026074,0.06869965786724262,0.4810767361514706,0.4521171044419268,0.06869965786724262,0.06869965786724262,0.4827213758782933,0.44635561206997704,0.0694714339240685,0.39871110934084936,0.06869965786724262,0.5236860470965184,0.06869965786724262,0.39875124630233766,0.5183067489576945,0.06869965786724262,0.06869965786724262,0.46780100387987417,0.2174447029977474,0.40369044885579264,0.4716773395254876,0.21821909331456749,0.4089327138407128,0.06869965786724262,0.5201719213390065,0.06869965786724262,0.47317075366133887,0.06869965786724262,0.452099094476422,0.47492206380117613,0.06869965786724262,0.06869965786724262,0.4541230075237504,0.4023058774257089,0.06869965786724262,0.5263928749438764,0.06869965786724262,0.39705407579619184,0.21850499583237357,0.48205431403000315,0.06869965786724262,0.4807438634712846,0.4703359944547422,0.06869965786724262,0.06869965786724262,0.5345576101808711,0.4005572520994267,0.06869965786724262,0.5326059567094563,0.06981232617306414,0.46791749073481737,0.06869965786724262,0.3872003267705194,0.51626926198224,0.06869965786724262,0.06869965786724262,0.06869965786724262,0.45205788325787283,0.06869965786724262,0.06869965786724262,0.06869965786724262,0.4694190177352106,0.06869965786724262,0.06869965786724262,0.06869965786724262,0.5327813659305608,0.06869965786724262,0.06869965786724262,0.41537696509496697,0.06869965786724262,0.06943033963611557,0.06869965786724262,0.5247360198899805,0.06869965786724262,0.06869965786724262,0.06869965786724262,0.47045056813462144,0.06925635345565252,0.21777939192334533,0.06869965786724262,0.38916738873002493,0.06869965786724262,0.06869965786724262,0.4645898755212125,0.06869965786724262,0.06869965786724262,0.218629962017833,0.4308197813704949,0.06869965786724262,0.06869965786724262,0.06943033963611557,0.4664311571966869,0.21968578651236503,0.06869965786724262,0.47132023618922986,0.06869965786724262,0.06869965786724262,0.06869965786724262,0.3940443236352726,0.2184936858842114
0.1686111050970903,0.1686111050970903,0.1820635147641927,0.2384039148671642,0.20893395631490302,0.39531134260289336,0.8525982620609669,0.16935394984169075,0.5529029129613544,0.16914708000887366,0.4449152602586176,0.2688061764373854,0.4882110157166708,0.4320133705957055,0.2678472418188545,0.1686111050970903,0.49133759271989214,0.1686111050970903,0.5445830739101635,0.4381252062374126,0.1686111050970903,0.48502389248917727,0.2686215257008043,0.4242001443695685,0.1686111050970903,0.5444502835810305,0.1686111050970903,0.5044181270264921,0.47703605165458296,0.1686111050970903,0.1686111050970903,0.5059775965297079,0.4716074632069261,0.16892690683102463,0.4270081637361554,0.1686111050970903,0.5449518318530084,0.1686111050970903,0.42704548750170307,0.5398206830843261,0.1686111050970903,0.1686111050970903,0.4918466862365558,0.266371991792467,0.43164201249382594,0.49551421418633523,0.2670036272412048,0.4365280134561838,0.1686111050970903,0.5415993982292625,0.1686111050970903,0.49692789074377647,0.1686111050970903,0.4770190718249603,0.4985861877581144,0.1686111050970903,0.1686111050970903,0.4789276256834165,0.4303528047647121,0.1686111050970903,0.5475351627279103,0.1686111050970903,0.425467679239284,0.2672370128562206,0.5053450259785318,0.1686111050970903,0.5041025468745646,0.4942448213942543,0.1686111050970903,0.1686111050970903,0.5553327469854354,0.42872538994385956,0.1686111050970903,0.5534681377128978,0.16906732917849895,0.4919568591073806,0.1686111050970903,0.416323903228671,0.53787815381617,0.1686111050970903,0.1686111050970903,0.1686111050970903,0.4769802180544554,0.1686111050970903,0.1686111050970903,0.1686111050970903,0.49337721650604327,0.1686111050970903,0.1686111050970903,0.1686111050970903,0.5536357054679673,0.1686111050970903,0.1686111050970903,0.4425444136214401,0.1686111050970903,0.1689100175825973,0.1686111050970903,0.5459537930853522,0.1686111050970903,0.1686111050970903,0.1686111050970903,0.494353236701452,0.168838603427229,0.26664489118560103,0.1686111050970903,0.4181468722296427,0.1686111050970903,0.1686111050970903,0.48881058233422386,0.1686111050970903,0.1686111050970903,0.26733905591987955,0.4570045354694828,0.1686111050970903,0.1686111050970903,0.1689100175825973,0.4905512740495195,0.2682019715461556,0.1686111050970903,0.49517623553735163,0.1686111050970903,0.1686111050970903,0.1686111050970903,0.4226716799272455,0.2672277784941502
0.12342264539890828,0.12342264539890828,0.1412518145099719,0.20893395631490302,0.17453585234785085,0.3784444413215114,0.8472285363597939,0.12443583790755756,0.5413940122050359,0.12415406443850088,0.43010942515200185,0.24307520282971462,0.47487917813614633,0.41671549463643537,0.24201341529610096,0.12342264539890828,0.47810311653135434,0.12342264539890828,0.5328595539219595,0.4230638446539181,0.12342264539890828,0.4715916724895315,0.24287081262630822,0.40859042150924896,0.12342264539890828,0.5327232969374844,0.12342264539890828,0.4915795671431954,0.4633470251153181,0.12342264539890828,0.12342264539890828,0.4931850615164196,0.457739470855913,0.12385384649739264,0.41151177960265517,0.12342264539890828,0.5332379318281641,0.12342264539890828,0.4115506001771286,0.527972000033694,0.12342264539890828,0.12342264539890828,0.4786279604732203,0.24037826607888915,0.4163295599293644,0.48240812013512113,0.24107861265070699,0.42140545271635876,0.12342264539890828,0.5297976649617568,0.12342264539890828,0.4838648252474033,0.12342264539890828,0.46332949121847306,0.48557332701687345,0.12342264539890828,0.12342264539890828,0.46530010258981336,0.41498956113399404,0.12342264539890828,0.5358883721586354,0.12342264539890828,0.4099092958714817,0.24133729182657526,0.4925338510022528,0.12342264539890828,0.4912546436745454,0.4810999083673137,0.12342264539890828,0.12342264539890828,0.5438855929187529,0.41329761283406,0.12342264539890828,0.5419736372469749,0.12404535864294587,0.47874153814050413,0.12342264539890828,0.4003883835527317,0.5259779169078238,0.12342264539890828,0.12342264539890828,0.12342264539890828,0.4632893694812009,0.12342264539890828,0.12342264539890828,0.12342264539890828,0.48020567151506666,0.12342264539890828,0.12342264539890828,0.12342264539890828,0.5421454698313397,0.12342264539890828,0.12342264539890828,0.42765019898902373,0.12342264539890828,0.12383080322642125,0.12342264539890828,0.5342659805158243,0.12342264539890828,0.12342264539890828,0.12342264539890828,0.48121164586509413,0.12373334559970232,0.2406808983505218,0.12342264539890828,0.4022878188835112,0.12342264539890828,0.12342264539890828,0.47549749992512946,0.12342264539890828,0.12342264539890828,0.24145037797921184,0.44263599435458956,0.12342264539890828,0.12342264539890828,0.12383080322642125,0.47729241439491477,0.242406291132688,0.12342264539890828,0.482059822745093,0.12342264539890828,0.12342264539890828,0.12342264539890828,0.4069996535324265,0.24132705764300758
0.35794897486920896,0.35794897486920896,0.3644266509144969,0.39531134260289336,0.3784444413215114,0.5041257871343442,0.8898754958574198,0.3582967379595948,0.6318795173138395,0.3581997730079537,0.5430134645488701,0.41414328061024774,0.5780655666679937,0.5327547267767101,0.41352911032676504,0.35794897486920896,0.5806302891912483,0.35794897486920896,0.6248795764441533,0.5376027794001262,0.35794897486920896,0.5754554727906569,0.4140249198568462,0.5265888754120801,0.35794897486920896,0.6247680204428441,0.35794897486920896,0.5914038203377898,0.5689334073250093,0.35794897486920896,0.35794897486920896,0.5926927852158397,0.5645174486531521,0.35809667310920834,0.5288006511848461,0.35794897486920896,0.6251893949168783,0.35794897486920896,0.5288300817024805,0.6208821234943095,0.35794897486920896,0.35794897486920896,0.5810482871174543,0.41258670570120104,0.5324608506764971,0.5840627413543755,0.4129898360446106,0.5363337882119347,0.35794897486920896,0.6223743194408529,0.35794897486920896,0.5852261620389118,0.35794897486920896,0.5689195737494366,0.5865919328142485,0.35794897486920896,0.35794897486920896,0.5704753025864902,0.5314412553825232,0.35794897486920896,0.6273609781180824,0.35794897486920896,0.5275866782400173,0.41313892869251356,0.5921698265738321,0.35794897486920896,0.5911430952391299,0.5830187594088457,0.35794897486920896,0.35794897486920896,0.6339276865956951,0.5301555779221858,0.35794897486920896,0.6323558087270813,0.3581624163087745,0.5811387602719469,0.35794897486920896,0.5204108380804675,0.619253635076075,0.35794897486920896,0.35794897486920896,0.35794897486920896,0.5688879198278373,0.35794897486920896,0.35794897486920896,0.35794897486920896,0.5823056002860111,0.35794897486920896,0.35794897486920896,0.35794897486920896,0.6324970287695778,0.35794897486920896,0.35794897486920896,0.5411213520746831,0.35794897486920896,0.358088768715333,0.35794897486920896,0.6260314184944151,0.35794897486920896,0.35794897486920896,0.35794897486920896,0.5831078971246522,0.35805535269447153,0.4127608118456104,0.35794897486920896,0.5218373186648206,0.35794897486920896,0.35794897486920896,0.5785570684885911,0.35794897486920896,0.35794897486920896,0.4132041398056493,0.552708248618905,0.35794897486920896,0.35794897486920896,0.358088768715333,0.579984885531229,0.41375615875885396,0.35794897486920896,0.5837847142243252,0.35794897486920896,0.35794897486920896,0.35794897486920896,0.5253869675913903,0.4131330281315408
0.8408964121211313,0.8408964121211313,0.8428737699386906,0.8525982620609669,0.8472285363597939,0.8898754958574198,1.0,0.8410019911562829,0.935983390459509,0.8409725464571468,0.9038936613562377,0.8587480679815508,0.9166180927629591,0.9001787459563615,0.8585450882094363,0.8408964121211313,0.9175485518731604,0.8408964121211313,0.9334921568299386,0.9019332636713147,0.8408964121211313,0.9156708513141332,0.8587089382066737,0.8979506448162337,0.8408964121211313,0.9334523637164611,0.8408964121211313,0.9214523585506995,0.9133028695959958,0.8408964121211313,0.8408964121211313,0.9219187726099203,0.9116990866523829,0.8409412444410933,0.8987494280665613,0.8408964121211313,0.9336026577063036,0.8408964121211313,0.8987600605568983,0.9320645583638401,0.8408964121211313,0.8408964121211313,0.9177001642189311,0.8582339352212154,0.9000724613957751,0.9187932242446721,0.8583669909427943,0.9014738133116829,0.8408964121211313,0.9325978573252893,0.8408964121211313,0.9192149270936966,0.8408964121211313,0.9132978459069229,0.9197098500637513,0.8408964121211313,0.8408964121211313,0.9138627892027333,0.8997037758206111,0.8408964121211313,0.9343765782005811,0.8408964121211313,0.8983109336670012,0.8584162171613116,0.9217295584833752,0.8408964121211313,0.9213579955069416,0.9184147352765968,0.8408964121211313,0.8408964121211313,0.9367100778862459,0.8992390245946542,0.8408964121211313,0.9361524723991412,0.8409612039701225,0.9177329784823112,0.8408964121211313,0.8957225316346802,0.9314820308752495,0.8408964121211313,0.8408964121211313,0.8408964121211313,0.9132863507132781,0.8408964121211313,0.8408964121211313,0.8408964121211313,0.9181561432374002,0.8408964121211313,0.8408964121211313,0.8408964121211313,0.9362025941506497,0.8408964121211313,0.8408964121211313,0.9032078687362356,0.8408964121211313,0.8409388448391716,0.8408964121211313,0.9339028688491293,0.8408964121211313,0.8408964121211313,0.8408964121211313,0.9184470543927485,0.8409287008404492,0.8582913916975099,0.8408964121211313,0.8962365659979064,0.8408964121211313,0.8408964121211313,0.9167964314480299,0.8408964121211313,0.8408964121211313,0.8584377509691641,0.907410745484798,0.8408964121211313,0.8408964121211313,0.8409388448391716,0.9173144377302312,0.858620108105154,0.8408964121211313,0.9186924343985354,0.8408964121211313,0.8408964121211313,0.8408964121211313,0.8975168098075903,0.8584142687844649
0.0158479645685413,0.0158479645685413,0.07050388660222211,0.16935394984169075,0.12443583790755756,0.3582967379595948,0.8410019911562829,0.022412406082452766,0.5279683482715775,0.020790900750969652,0.41261353543706186,0.2100549388416413,0.4592263364373285,0.3985949239567805,0.20882437441542695,0.0158479645685413,0.4625706115795944,0.0158479645685413,0.51917438481683,0.40524416752257225,0.0158479645685413,0.4558145860447231,0.20981820195690623,0.3900713170392856,0.0158479645685413,0.519033930545653,0.0158479645685413,0.47653472636090277,0.44725126951092153,0.0158479645685413,0.0158479645685413,0.4781967391839029,0.44142093239530744,0.018915505046134196,0.3931377598706087,0.0158479645685413,0.5195644092468452,0.0158479645685413,0.39317849466184723,0.5141351742067151,0.0158479645685413,0.0158479645685413,0.4631149072170841,0.20692567949524462,0.39819040666664246,0.4670340414348939,0.20773944956810064,0.40350802945240677,0.0158479645685413,0.5160177545596462,0.0158479645685413,0.46854378122445783,0.0158479645685413,0.4472330467935805,0.47031412267916634,0.0158479645685413,0.0158479645685413,0.44928077397605737,0.3967856232875871,0.0158479645685413,0.5222960580837204,0.0158479645685413,0.3914559452626746,0.20803981544607686,0.4775226430898203,0.0158479645685413,0.4761983249973075,0.46567795623027913,0.0158479645685413,0.0158479645685413,0.5305344641908875,0.3950112830509476,0.0158479645685413,0.5285653610516533,0.02013150864649073,0.4632326892248615,0.0158479645685413,0.3814506699777492,0.5120785558626553,0.0158479645685413,0.0158479645685413,0.0158479645685413,0.4471913486896276,0.0158479645685413,0.0158479645685413,0.0158479645685413,0.464750860545689,0.0158479645685413,0.0158479645685413,0.0158479645685413,0.5287423426552339,0.0158479645685413,0.0158479645685413,0.41004247028988633,0.0158479645685413,0.01876401331758346,0.0158479645685413,0.5206240340753105,0.0158479645685413,0.0158479645685413,0.0158479645685413,0.4657937918283639,0.0181096203740926,0.20727742502033755,0.0158479645685413,0.3834485649556959,0.0158479645685413,0.0158479645685413,0.45986785212510056,0.0158479645685413,0.0158479645685413,0.20817109075974496,0.4256911866474522,0.0158479645685413,0.0158479645685413,0.01876401331758346,0.461729787481945,0.20927991387281272,0.0158479645685413,0.46667302100225344,0.0158479645685413,0.0158479645685413,0.0158479645685413,0.38840067623925767,0.20802793411498544
0.5277398649132486,0.5277398649132486,0.5320142539433609,0.5529029129613544,0.5413940122050359,0.6318795173138395,0.935983390459509,0.5279683482715775,0.7314228981242656,0.5279046300248001,0.6616126639734966,0.5660189911816688,0.688889935465495,0.6537097375757505,0.5655870376247176,0.5277398649132486,0.6909007473776342,0.5277398649132486,0.7258547411695504,0.6574395488610182,0.5277398649132486,0.6868454878160977,0.5659357252361837,0.6489793069925008,0.5277398649132486,0.7257660768036615,0.5277398649132486,0.6993672825930576,0.6817456395850393,0.5277398649132486,0.5277398649132486,0.700382296396853,0.6782999979956917,0.5278368900379747,0.6506744447514548,0.5277398649132486,0.7261009963584693,0.5277398649132486,0.650697013908949,0.7226790783140583,0.5277398649132486,0.5277398649132486,0.6912286453633469,0.5649247680362077,0.6534839369332355,0.6935947716021502,0.5652079861665147,0.6564623938048847,0.5277398649132486,0.7238641468790454,0.5277398649132486,0.6945086409239751,0.5277398649132486,0.6817348362300553,0.6955819254547599,0.5277398649132486,0.5277398649132486,0.6829501515072082,0.6527007884468603,0.5277398649132486,0.7278275591269237,0.5277398649132486,0.649743795379059,0.5653127609166166,0.6999704336250814,0.5277398649132486,0.6991620229977112,0.6927750372965354,0.5277398649132486,0.5277398649132486,0.7330537955880564,0.6517138432227354,0.5277398649132486,0.7318020896688098,0.5278800843036151,0.6912996233786304,0.5277398649132486,0.6442548938803716,0.7213862738412573,0.5277398649132486,0.5277398649132486,0.5277398649132486,0.6817101162653373,0.5277398649132486,0.5277398649132486,0.5277398649132486,0.6922152378956323,0.5277398649132486,0.5277398649132486,0.5277398649132486,0.7319145273351573,0.5277398649132486,0.5277398649132486,0.660152097426952,0.5277398649132486,0.527831697006715,0.5277398649132486,0.7267703597387816,0.5277398649132486,0.5277398649132486,0.5277398649132486,0.6928450164827005,0.5278097439879053,0.5650470712426963,0.5277398649132486,0.6453443437214649,0.5277398649132486,0.5277398649132486,0.6892751412196175,0.5277398649132486,0.5277398649132486,0.5653585930856181,0.6691164240469746,0.5277398649132486,0.5277398649132486,0.527831697006715,0.6903945578083476,0.5657466915840125,0.5277398649132486,0.6933764355081281,0.5277398649132486,0.5277398649132486,0.5277398649132486,0.6480589720265134,0.5653086139929024
0.013457473119325934,0.013457473119325934,0.0700053175082173,0.16914708000887366,0.12415406443850088,0.3581997730079537,0.8409725464571468,0.020790900750969652,0.5279046300248001,0.019031740845606493,0.4125298747223333,0.2098882823060686,0.45915177085586334,0.3985081535285775,0.2086567312199096,0.013457473119325934,0.4624966359228223,0.013457473119325934,0.5191094100461456,0.40515889675302824,0.013457473119325934,0.4557394108955808,0.2096513565019348,0.3899825550952778,0.013457473119325934,0.518968935436488,0.013457473119325934,0.47646313671851426,0.44717452863129176,0.013457473119325934,0.013457473119325934,0.4781254255963039,0.4413430949291675,0.016962957732923917,0.39304972362635726,0.013457473119325934,0.5194994909083027,0.013457473119325934,0.39309046798697,0.514069464253489,0.013457473119325934,0.013457473119325934,0.46304102687488496,0.2067564910177911,0.39810354351227567,0.4669608417300403,0.20757092683363101,0.40342237151538957,0.013457473119325934,0.5159523205890394,0.013457473119325934,0.4684708411008221,0.013457473119325934,0.4471563025259502,0.47024148512257985,0.013457473119325934,0.013457473119325934,0.44920440890996427,0.39669843676029404,0.013457473119325934,0.5222315331292986,0.013457473119325934,0.3913675123124614,0.20787153712980427,0.47745121773323684,0.013457473119325934,0.4761266792811575,0.46560452213057596,0.013457473119325934,0.013457473119325934,0.5304711065041836,0.39492368503573533,0.013457473119325934,0.5285017269305746,0.018309102800006614,0.46315882948263143,0.013457473119325934,0.3813598096527411,0.5120125425718212,0.013457473119325934,0.013457473119325934,0.013457473119325934,0.4471145966684946,0.013457473119325934,0.013457473119325934,0.013457473119325934,0.46467726552303,0.013457473119325934,0.013457473119325934,0.013457473119325934,0.5286787334446695,0.013457473119325934,0.013457473119325934,0.4099582538781683,0.013457473119325934,0.01679386195129832,0.013457473119325934,0.5205592687171391,0.013457473119325934,0.013457473119325934,0.013457473119325934,0.4657203777963309,0.016059388315263042,0.20710852494356177,0.013457473119325934,0.3833581987958164,0.013457473119325934,0.013457473119325934,0.45979340028250404,0.013457473119325934,0.013457473119325934,0.2080029190462523,0.42561025759986887,0.013457473119325934,0.013457473119325934,0.01679386195129832,0.4616556642019687,0.20911263727283724,0.013457473119325934,0.46659975901066536,0.013457473119325934,0.013457473119325934,0.013457473119325934,0.38831151443585643,0.20785964614381058
0.4123135129388913,0.4123135129388913,0.41791324664078383,0.4449152602586176,0.43010942515200185,0.5430134645488701,0.9038936613562377,0.41261353543706186,0.6616126639734966,0.4125298747223333,0.578839903226051,0.461597541508968,0.6113633935209104,0.569359945177941,0.46105114198599395,0.4123135129388913,0.6137503042104286,0.4123135129388913,0.6550588171471701,0.5738375762945007,0.4123135129388913,0.6089351903642225,0.4614922295319847,0.5636716105711133,0.4123135129388913,0.6549544076759871,0.4123135129388913,0.6237864646753902,0.6028718624995292,0.4123135129388913,0.4123135129388913,0.6249882068602104,0.5987700485604553,0.41244092676929256,0.5657112534656269,0.4123135129388913,0.6553487941989449,0.4123135129388913,0.5657383999316224,0.651318203331373,0.4123135129388913,0.4123135129388913,0.6141394074054042,0.4602130222841081,0.5690886637903421,0.6169461783200021,0.46057149905901534,0.5726651245117677,0.4123135129388913,0.652714342125731,0.4123135129388913,0.6180297672006011,0.4123135129388913,0.6028590084891281,0.6193020477663375,0.4123135129388913,0.4123135129388913,0.6043047512435866,0.5681475866701821,0.4123135129388913,0.6573815608129763,0.4123135129388913,0.5645916409483368,0.46070409376637245,0.6245006112198727,0.4123135129388913,0.62354340778524,0.6159739849295526,0.4123135129388913,0.4123135129388913,0.6635311540887342,0.5669611995226269,0.4123135129388913,0.6620587656947309,0.41249764505899955,0.6142236295812198,0.4123135129388913,0.5579795030214015,0.6497947977576888,0.4123135129388913,0.4123135129388913,0.4123135129388913,0.6028295961100144,0.4123135129388913,0.4123135129388913,0.4123135129388913,0.6153099490753687,0.4123135129388913,0.4123135129388913,0.4123135129388913,0.6621910384305039,0.4123135129388913,0.4123135129388913,0.5770899984685931,0.4123135129388913,0.41243410762065225,0.4123135129388913,0.6561369391096294,0.4123135129388913,0.4123135129388913,0.4123135129388913,0.6160569875056587,0.41240527989972686,0.4603678351466409,0.4123135129388913,0.5592931049720289,0.4123135129388913,0.4123135129388913,0.6118207497032029,0.4123135129388913,0.4123135129388913,0.4607620917194649,0.5878157523762478,0.4123135129388913,0.4123135129388913,0.41243410762065225,0.6131495616198338,0.4612531190710357,0.4123135129388913,0.6166872553612587,0.4123135129388913,0.4123135129388913,0.4123135129388913,0.5625636429286798,0.4606988459653624
0.2094568274396365,0.2094568274396365,0.22042407452256513,0.2688061764373854,0.24307520282971462,0.41414328061024774,0.8587480679815508,0.2100549388416413,0.5660189911816688,0.2098882823060686,0.461597541508968,0.29607404610020593,0.5033172926075471,0.44921471731473106,0.29520477756141644,0.2094568274396365,0.5063386928972676,0.2094568274396365,0.5579356937494471,0.45507749805690584,0.2094568274396365,0.5002384728716086,0.2959066190777149,0.4417285871267661,0.2094568274396365,0.5578067194563641,0.2094568274396365,0.5189901983989813,0.4925270661793829,0.2094568274396365,0.2094568274396365,0.5204996563421613,0.48729057572330964,0.20971098681313916,0.44441789565311435,0.2094568274396365,0.5582938614079872,0.2094568274396365,0.44445365036024476,0.5533109844545021,0.2094568274396365,0.2094568274396365,0.5068307594530439,0.293868540234737,0.4488586812886053,0.5103764282756588,0.294440497344372,0.45354482951299907,0.2094568274396365,0.5550380771769032,0.2094568274396365,0.5117435054774161,0.2094568274396365,0.4925106817684499,0.5133473996094855,0.2094568274396365,0.2094568274396365,0.4943525198680585,0.44762283719701557,0.2094568274396365,0.5608032815536017,0.2094568274396365,0.4429423732174704,0.294651892659659,0.5198873437757872,0.2094568274396365,0.5186847674148782,0.5091490542876211,0.2094568274396365,0.2094568274396365,0.5683806654518986,0.4460631684296852,0.2094568274396365,0.5665683242258808,0.20982405322932646,0.5069372511296995,0.2094568274396365,0.4341924950807411,0.5514251077619843,0.2094568274396365,0.2094568274396365,0.2094568274396365,0.4924731905801481,0.2094568274396365,0.2094568274396365,0.2094568274396365,0.5083102647318573,0.2094568274396365,0.2094568274396365,0.2094568274396365,0.5667311849575634,0.2094568274396365,0.2094568274396365,0.4593201933719333,0.2094568274396365,0.2096973900084249,0.2094568274396365,0.5592670980243872,0.2094568274396365,0.2094568274396365,0.2094568274396365,0.5092538743618066,0.2096399028259761,0.2941156260871379,0.2094568274396365,0.4359357750919608,0.2094568274396365,0.2094568274396365,0.5038966086886078,0.2094568274396365,0.2094568274396365,0.29474433114292964,0.4732225092718304,0.2094568274396365,0.2094568274396365,0.2096973900084249,0.5055787272076163,0.2955262745695542,0.2094568274396365,0.510049620940506,0.2094568274396365,0.2094568274396365,0.2094568274396365,0.44026529621592636,0.2946435277685299
0.4589589436703064,0.4589589436703064,0.46395550888266623,0.4882110157166708,0.47487917813614633,0.5780655666679937,0.9166180927629591,0.4592263364373285,0.688889935465495,0.45915177085586334,0.6113633935209104,0.5033172926075471,0.64174310345299,0.6025337567466279,0.5028211799166756,0.4589589436703064,0.6439774435968918,0.4589589436703064,0.6827292628909443,0.6067026591197167,0.4589589436703064,0.6394707268439609,0.5032216660394562,0.5972418149327499,0.4589589436703064,0.6826311410036334,0.4589589436703064,0.6533784102892062,0.6337993001662792,0.4589589436703064,0.4589589436703064,0.6545047519534151,0.6299649458794049,0.4590724958937561,0.5991387757771363,0.4589589436703064,0.68300178142319,0.4589589436703064,0.5991640274021767,0.6792143961288111,0.4589589436703064,0.4589589436703064,0.6443417316091062,0.5020603647032522,0.6022812720758266,0.6469699591530813,0.5023857519443432,0.6056107721331612,0.4589589436703064,0.680526159765353,0.4589589436703064,0.6479848324877588,0.4589589436703064,0.6337872813075472,0.6491765811985741,0.4589589436703064,0.4589589436703064,0.6351392075923107,0.6014054835615551,0.4589589436703064,0.6849123268845501,0.4589589436703064,0.5980974082667764,0.5025061169261021,0.6540477329083727,0.4589589436703064,0.6531506200843258,0.646059517824011,0.4589589436703064,0.4589589436703064,0.6906938743754258,0.6003015876467607,0.4589589436703064,0.6893093795696339,0.4591230457683513,0.6444205845450083,0.4589589436703064,0.5919512292362159,0.6777832200913635,0.4589589436703064,0.4589589436703064,0.4589589436703064,0.6337597799817397,0.4589589436703064,0.4589589436703064,0.4589589436703064,0.6454377155137899,0.4589589436703064,0.4589589436703064,0.4589589436703064,0.6894337506032638,0.4589589436703064,0.4589589436703064,0.6097325935889425,0.4589589436703064,0.4590664184500738,0.4589589436703064,0.6837425046214592,0.4589589436703064,0.4589589436703064,0.4589589436703064,0.6461372444818114,0.4590407264666688,0.5022008827907608,0.4589589436703064,0.5931717274387096,0.4589589436703064,0.4589589436703064,0.6421711794012787,0.4589589436703064,0.4589589436703064,0.5025587671222476,0.619734701511172,0.4589589436703064,0.4589589436703064,0.4590664184500738,0.6434150443299136,0.5030045582739627,0.4589589436703064,0.6467274732039687,0.4589589436703064,0.4589589436703064,0.4589589436703064,0.5962116159221407,0.5025013530522464
0.3982837437821803,0.3982837437821803,0.40408916985619747,0.4320133705957055,0.41671549463643537,0.5327547267767101,0.9001787459563615,0.3985949239567805,0.6537097375757505,0.3985081535285775,0.569359945177941,0.44921471731473106,0.6025337567466279,0.5596809547992401,0.4486518639290156,0.3982837437821803,0.6049666256109112,0.3982837437821803,0.6470393216604383,0.5642531785298461,0.3982837437821803,0.6000585714117564,0.44910623681534567,0.5538708843189021,0.3982837437821803,0.6469330460665951,0.3982837437821803,0.6151936792583721,0.593876889091123,0.3982837437821803,0.3982837437821803,0.6164180345081072,0.5896941399324265,0.3984158979896748,0.5559543831832133,0.3982837437821803,0.6473344799844731,0.3982837437821803,0.5559821117827122,0.6432316680540436,0.3982837437821803,0.3982837437821803,0.6053631998393656,0.4477884364787744,0.5594039079984794,0.6082236919686833,0.44815774805646386,0.563056060671737,0.3982837437821803,0.6446528730879848,0.3982837437821803,0.609327941344478,0.3982837437821803,0.5938637825637954,0.6106244245821016,0.3982837437821803,0.3982837437821803,0.5953378836915516,0.5584427996947833,0.3982837437821803,0.6494035054971289,0.3982837437821803,0.5548107257905515,0.4482943464814607,0.6159212699509599,0.3982837437821803,0.6149460425994098,0.6072329246463216,0.3982837437821803,0.3982837437821803,0.6556621449170562,0.5572310910330994,0.3982837437821803,0.6541637341001234,0.39847472554478236,0.6054490383717243,0.3982837437821803,0.5480551358658767,0.6416808498597006,0.3982837437821803,0.3982837437821803,0.3982837437821803,0.5938337923526973,0.3982837437821803,0.3982837437821803,0.3982837437821803,0.6065561817913467,0.3982837437821803,0.3982837437821803,0.3982837437821803,0.6542983467587051,0.3982837437821803,0.3982837437821803,0.5675736511963239,0.3982837437821803,0.39840882520953247,0.3982837437821803,0.6481366961059157,0.3982837437821803,0.3982837437821803,0.3982837437821803,0.6073175143897569,0.3983789251800257,0.4479479303815911,0.3982837437821803,0.5493974371597211,0.3982837437821803,0.3982837437821803,0.6029999361259057,0.3982837437821803,0.3982837437821803,0.4483540950306908,0.5785200666623407,0.3982837437821803,0.3982837437821803,0.39840882520953247,0.6043543369467287,0.4488599273397971,0.3982837437821803,0.6079598257068002,0.3982837437821803,0.3982837437821803,0.3982837437821803,0.5527389954133681,0.44828894026225835
0.20822271468604192,0.20822271468604192,0.21925195763489894,0.2678472418188545,0.24201341529610096,0.41352911032676504,0.8585450882094363,0.20882437441542695,0.5655870376247176,0.2086567312199096,0.46105114198599395,0.29520477756141644,0.5028211799166756,0.4486518639290156,0.29433290236906123,0.20822271468604192,0.505845953113214,0.20822271468604192,0.5574960788465657,0.45452253255277747,0.20822271468604192,0.4997388891580219,0.2950368496486791,0.4411553938375499,0.20822271468604192,0.5573669810320384,0.20822271468604192,0.5185112382319597,0.4920186330303739,0.20822271468604192,0.20822271468604192,0.520022304636291,0.48677600154180695,0.20847838435413002,0.4438484523611988,0.20822271468604192,0.5578545893152324,0.20822271468604192,0.44388425665372666,0.5528669144753641,0.20822271468604192,0.20822271468604192,0.5063385658989832,0.29299262857687597,0.44829534305353036,0.5098881455630762,0.2935663178414739,0.45298781921456577,0.20822271468604192,0.5545956772148418,0.20822271468604192,0.5112567190071995,0.20822271468604192,0.4920022295740536,0.5128623604461546,0.20822271468604192,0.20822271468604192,0.49384620210030944,0.4470578107133738,0.20822271468604192,0.5603664024895992,0.20822271468604192,0.4423708774487043,0.2937783516895509,0.519409340482534,0.20822271468604192,0.5182054808876189,0.5086594227503807,0.20822271468604192,0.20822271468604192,0.5679509212323797,0.44549599954247837,0.20822271468604192,0.5661368857163745,0.20859212146679354,0.5064451756765094,0.20822271468604192,0.4336085732614325,0.5509792055542219,0.20822271468604192,0.20822271468604192,0.20822271468604192,0.49196469480170757,0.20822271468604192,0.20822271468604192,0.20822271468604192,0.5078197083961203,0.20822271468604192,0.20822271468604192,0.20822271468604192,0.5662998990098091,0.20822271468604192,0.20822271468604192,0.45877082596039676,0.20822271468604192,0.2084647068459243,0.20822271468604192,0.5588287558487164,0.20822271468604192,0.20822271468604192,0.20822271468604192,0.5087643582206238,0.2084068783336941,0.29324046353316524,0.20822271468604192,0.4353543645021399,0.20822271468604192,0.20822271468604192,0.5034011452511675,0.20822271468604192,0.20822271468604192,0.2938710691064005,0.4726908742064584,0.20822271468604192,0.20822271468604192,0.2084647068459243,0.505085142118067,0.2946553651963052,0.20822271468604192,0.5095609795914315,0.20822271468604192,0.20822271468604192,0.20822271468604192,0.43969004540353634,0.2937699615488417
0.0,0.0,0.06869965786724262,0.1686111050970903,0.12342264539890828,0.35794897486920896,0.8408964121211313,0.0158479645685413,0.5277398649132486,0.013457473119325934,0.4123135129388913,0.2094568274396365,0.4589589436703064,0.3982837437821803,0.20822271468604192,0.0,0.4623053350484689,0.0,0.5189413946393239,0.4049383682183836,0.0,0.4555450065543293,0.20921941115373238,0.38975299093510307,0.0,0.5188008674187047,0.0,0.4762780089627183,0.4469760731162165,0.0,0.0,0.4779410120303282,0.44114180201319164,0.010326584857230465,0.39282203774493074,0.0,0.5193316214783105,0.0,0.39286280687304553,0.5138995470848194,0.0,0.0,0.46284997260579697,0.20631846220176397,0.3978788937795269,0.46677154844287766,0.2071346266405424,0.4032008409817366,0.0,0.5157831173324708,0.0,0.4682822194089878,0.0,0.44695783824459157,0.4700536462350792,0.0,0.0,0.44900692578935464,0.39647295009518135,0.0,0.5220646812878541,0.0,0.39113879966895493,0.20743587156133067,0.47726651500682643,0.0,0.4759414064546677,0.4654146224074594,0.0,0.0,0.5303072740509427,0.3946971333742058,0.0,0.5283371794270064,0.01241449423372231,0.46296782851131246,0.0,0.38112481418374683,0.511841840724406,0.0,0.0,0.0,0.44691611232533024,0.0,0.0,0.0,0.4644869494515462,0.0,0.0,0.0,0.5285142503770696,0.0,0.0,0.4097404539953329,0.0,0.010046403283459314,0.0,0.5203917950109431,0.0,0.0,0.0,0.46553052999324074,0.008763582160896828,0.20667124497646974,0.0,0.3831244824195585,0.0,0.0,0.4596008673749791,0.0,0.0,0.20756753026621239,0.42540096485066753,0.0,0.0,0.010046403283459314,0.46146398138431416,0.20867957254703845,0.0,0.46641030457303373,0.0,0.0,0.0,0.3880809153309975,0.2074239555068116
0.4623053350484689,0.4623053350484689,0.4672627006776007,0.49133759271989214,0.47810311653135434,0.5806302891912483,0.9175485518731604,0.4625706115795944,0.6909007473776342,0.4624966359228223,0.6137503042104286,0.5063386928972676,0.6439774435968918,0.6049666256109112,0.505845953113214,0.4623053350484689,0.6462008647124613,0.4623053350484689,0.6847685713267107,0.6091137294180315,0.4623053350484689,0.6417162108804263,0.5062437160482852,0.5997026205231658,0.4623053350484689,0.6846709047679738,0.4623053350484689,0.6555562883850368,0.636072774187887,0.4623053350484689,0.4623053350484689,0.6566772149641746,0.6322574917123734,0.4624179883236299,0.6015895322235991,0.4623053350484689,0.685039825500002,0.4623053350484689,0.6016146503434489,0.6812700448798036,0.4623053350484689,0.4623053350484689,0.6465633760299879,0.5050903208085482,0.6047154669970524,0.649178814272648,0.5054134898702979,0.6080275342840896,0.4623053350484689,0.6825757030052938,0.4623053350484689,0.650188762566885,0.4623053350484689,0.6360608149201051,0.6513747373172911,0.4623053350484689,0.4623053350484689,0.6374060455706055,0.6038442834020645,0.4623053350484689,0.6869415169991483,0.4623053350484689,0.6005536764726597,0.505533034902481,0.6562223920832571,0.4623053350484689,0.6553295943683979,0.6482727975397242,0.4623053350484689,0.4623053350484689,0.6926963750155065,0.6027462034845829,0.4623053350484689,0.6913182576893119,0.46246813813728066,0.6466418445166202,0.4623053350484689,0.5944402733413111,0.6798455401833572,0.4623053350484689,0.4623053350484689,0.4623053350484689,0.6360334499536303,0.4623053350484689,0.4623053350484689,0.4623053350484689,0.6476540205665409,0.4623053350484689,0.4623053350484689,0.4623053350484689,0.6914420554777653,0.4623053350484689,0.4623053350484689,0.6121279329548873,0.4623053350484689,0.46241195898302956,0.4623053350484689,0.6857771139107586,0.4623053350484689,0.4623053350484689,0.4623053350484689,0.6483501462228201,0.46238647036421526,0.5052298806950852,0.4623053350484689,0.5956542290596124,0.4623053350484689,0.4623053350484689,0.644403424655951,0.4623053350484689,0.4623053350484689,0.505585326534306,0.6220787518147533,0.4623053350484689,0.4623053350484689,0.46241195898302956,0.6456412103064972,0.5060280841205137,0.4623053350484689,0.6489375061765542,0.4623053350484689,0.4623053350484689,0.4623053350484689,0.5986778955905253,0.5055283034750699
