0.23028099871551222,0.18416811563898935,0.1903958826315682,0.8518293875803579,0.16302803645073552,0.49504242070897103,0.16320539155293026,0.4011773770262271,0.1628619075894372,0.24777659753682865,0.4387753744006878,0.38983735256505697,0.24712256535874444,0.44154090367328075,0.1628619075894372,0.486616202107187,0.1628619075894372,0.39517208350422384,0.43591974544023954,0.24763882893888398,0.3831277214519389,0.1628619075894372,0.48719788687156673,0.1628619075894372,0.45245906040826533,0.1628619075894372,0.4289162423603555,0.1628619075894372,0.45390135359884887,0.4242773452889219,0.1628619075894372,0.3856156544614162,0.1628619075894372,0.4872008291967806,0.1628619075894372,0.3856495348513563,0.2468382692454871,0.44381178947234423,0.4416261140750011,0.2457403295794338,0.1628619075894372,0.3896067411811208,0.16361320916653477,0.1628619075894372,0.48340536562874387,0.3939689368846191,0.445537324484919,0.24675279141614528,0.4459882342087395,0.1628619075894372,0.4288496808403318,0.16312243873921814,0.4474077287528844,0.1628619075894372,0.43051564871986825,0.38836090984067473,0.1628619075894372,0.4894211394663352,0.1628619075894372,0.38430347149651506,0.24655239014704824,0.4535426616050224,0.4527584976835936,0.1628619075894372,0.24594601133572405,0.40213968790554977,0.4568309080281627,0.24656623056648352,0.3868922540773939,0.1628619075894372,0.45601832480892973,0.24670375412840806,0.4421349123562042,0.1628619075894372,0.42041212046955784,0.1628619075894372,0.44214439770217157,0.1628619075894372,0.1628619075894372,0.385612375572687,0.24651967336824465,0.1628619075894372,0.1628619075894372,0.44307439098218127,0.1628619075894372,0.1628619075894372,0.1628619075894372,0.4948213495308112,0.1628619075894372,0.1628619075894372,0.1628619075894372,0.3993354384780709,0.1631085035891526,0.24613471843110354,0.4501421850451995,0.1628619075894372,0.1628619075894372,0.1628619075894372,0.4437278833462946,0.1628619075894372,0.16310723669821037,0.24591027112313393,0.37801096761268405,0.1628619075894372,0.1628619075894372,0.1628619075894372,0.43923131593111,0.2465750377054091,0.1628619075894372,0.41159652506577615,0.1628619075894372,0.1628619075894372,0.44059564765809967,0.1631085035891526,0.1628619075894372,0.24732000020926476,0.44458962625664866,0.1628619075894372,0.1628619075894372,0.1628619075894372,0.3819104141428602,0.1628619075894372,0.2465007963466975,0.1628619075894372,0.4385901004963622
0.18416811563898935,0.12163075017416117,0.13087351280075452,0.843989372425016,0.08632137282592893,0.47589579665915577,0.0866559717581298,0.37687471682374996,0.08600710482652013,0.20564395624931886,0.4167946744994286,0.3647449600937547,0.20485467082102182,0.4197154897828029,0.08600710482652013,0.4670839042349098,0.08600710482652013,0.3704570485958671,0.4137766813490132,0.2054777756369868,0.35754515317483165,0.08600710482652013,0.4676925988479101,0.08600710482652013,0.431228731642669,0.08600710482652013,0.40636598536935326,0.08600710482652013,0.4327475760852319,0.401450057539451,0.08600710482652013,0.36021692605318106,0.08600710482652013,0.46769567764824377,0.08600710482652013,0.360253292793678,0.2045112870740069,0.42211247897349835,0.4198054547126345,0.2031834521523051,0.08600710482652013,0.36449779390742676,0.08742187105964509,0.08600710482652013,0.4637229164250962,0.36916972219629013,0.4239330001291898,0.20440800845391627,0.4244086140147001,0.08600710482652013,0.40629549090879563,0.08649958839399353,0.4259055648410035,0.08600710482652013,0.4080595344855523,0.36316217411532087,0.08600710482652013,0.47001855094690026,0.08600710482652013,0.3588080936146786,0.20416580948876867,0.4323698896169745,0.4315441002385062,0.08600710482652013,0.20343240835185755,0.3779019301030399,0.43583119916268576,0.20418253949633236,0.36158689543479067,0.08600710482652013,0.43497607027017177,0.20434875176373812,0.4203426055797391,0.08600710482652013,0.3973493543765067,0.08600710482652013,0.4203526188905798,0.08600710482652013,0.08600710482652013,0.36021340651522926,0.20412626042733267,0.08600710482652013,0.08600710482652013,0.4213342699961076,0.08600710482652013,0.08600710482652013,0.08600710482652013,0.47566475733532254,0.08600710482652013,0.08600710482652013,0.08600710482652013,0.3749076536911187,0.08647329780023809,0.20366073413471006,0.42878790236933106,0.08600710482652013,0.08600710482652013,0.08600710482652013,0.42202393579100395,0.08600710482652013,0.08647090734984775,0.20338915546663489,0.3520423051379856,0.08600710482652013,0.08600710482652013,0.08600710482652013,0.41727634866271296,0.2041931851567973,0.08600710482652013,0.38798008226456293,0.08600710482652013,0.08600710482652013,0.41871737080013516,0.08647329780023809,0.08600710482652013,0.205093034578037,0.42293322200266154,0.08600710482652013,0.08600710482652013,0.08600710482652013,0.3562369793798341,0.08600710482652013,0.20410344020299265,0.08600710482652013,0.41659892909586393
0.1903958826315682,0.13087351280075452,0.1395049103146023,0.844958192622956,0.09892131729737585,0.4782778232779824,0.09921342591800178,0.37992714280079387,0.09864720358934762,0.2112377005597031,0.41954257327966105,0.3679020354418771,0.21046947123821635,0.4224431825823536,0.09864720358934762,0.4695153734754886,0.09864720358934762,0.37356404838886725,0.41654572783608496,0.2110759403796289,0.36076747282393506,0.09864720358934762,0.470120602073205,0.09864720358934762,0.43387916795005305,0.09864720358934762,0.4091881623677658,0.09864720358934762,0.4353880942420958,0.40430845955328304,0.09864720358934762,0.3634147494530496,0.09864720358934762,0.47012366336179934,0.09864720358934762,0.3634507851114837,0.21013529653039367,0.424823777208931,0.42253252915182216,0.2088433517331776,0.09864720358934762,0.36765706909729295,0.09988306793306662,0.09864720358934762,0.4661736631476634,0.37228788135182006,0.42663195763878614,0.21003479346733372,0.42710436309336475,0.09864720358934762,0.40911818174003267,0.09907686804153934,0.4285912574659647,0.09864720358934762,0.4108694156774464,0.36633338504925733,0.09864720358934762,0.4724333800530967,0.09864720358934762,0.3620187913582169,0.20979911398367315,0.4350128683182758,0.4341924720755808,0.09864720358934762,0.2090855448178693,0.3809457808200106,0.43845176951586523,0.20981539318021777,0.36477228971779707,0.09864720358934762,0.4376021473394881,0.20997713047797728,0.4230659929362089,0.09864720358934762,0.40023859837049425,0.09864720358934762,0.4230759375944711,0.09864720358934762,0.09864720358934762,0.36341126196021994,0.20976063090177094,0.09864720358934762,0.09864720358934762,0.4240508725764526,0.09864720358934762,0.09864720358934762,0.09864720358934762,0.47804806054224275,0.09864720358934762,0.09864720358934762,0.09864720358934762,0.3779766224713184,0.09905391619124936,0.20930768180480971,0.4314544080420846,0.09864720358934762,0.09864720358934762,0.09864720358934762,0.42473583666159576,0.09864720358934762,0.09905182939562986,0.20904346580114977,0.35531617566407725,0.09864720358934762,0.09864720358934762,0.09864720358934762,0.42002089775110835,0.2098257520167424,0.09864720358934762,0.3909420302217175,0.09864720358934762,0.09864720358934762,0.42145194002080577,0.09905391619124936,0.09864720358934762,0.21070145975075713,0.4256389449190843,0.09864720358934762,0.09864720358934762,0.09864720358934762,0.35947141860839676,0.09864720358934762,0.20973842593826958,0.09864720358934762,0.41934819113382665
0.8518293875803579,0.843989372425016,0.844958192622956,1.0,0.8409191853069853,0.9192081781279828,0.8409435176705817,0.892140656604001,0.8408964152537145,0.8551914748057501,0.9027334799510505,0.8890353636027785,0.8550621354547948,0.9035283307437354,0.8408964152537145,0.9167085680175393,0.8408964152537145,0.8904904708779077,0.9019147592378207,0.8551642068537255,0.8872202474868084,0.8408964152537145,0.9168808562834151,0.8408964152537145,0.9066841658836106,0.8408964152537145,0.8999159060235017,0.8408964152537145,0.9071030626293348,0.8985993573226291,0.8408964152537145,0.8878913036806498,0.8408964152537145,0.9168817278727676,0.8408964152537145,0.8879004583667954,0.8550060012707251,0.9041824196495626,0.9035528514479937,0.8547897110415728,0.8408964152537145,0.8889726969781543,0.8409995609728449,0.8408964152537145,0.9157583333012647,0.8901613966430636,0.9046802573910124,0.854989134053883,0.9048104662219137,0.8408964152537145,0.8998969726901493,0.8409321338634004,0.9052206820197863,0.8408964152537145,0.9003712223776933,0.8886344951200715,0.8408964152537145,0.917539738665429,0.8408964152537145,0.8875370804795678,0.8549496079393062,0.9069988430429279,0.9067710969250282,0.8408964152537145,0.854830169382167,0.892406255216262,0.9079552756944104,0.8549523369058194,0.8882365493499842,0.8408964152537145,0.9077187137737485,0.85497945975846,0.90369930356759,0.8408964152537145,0.8975071126212547,0.8408964152537145,0.903702034422924,0.8408964152537145,0.8408964152537145,0.8878904177282531,0.8549431575509374,0.8408964152537145,0.8408964152537145,0.9039698880310341,0.8408964152537145,0.8408964152537145,0.8408964152537145,0.9191424986095754,0.8408964152537145,0.8408964152537145,0.8408964152537145,0.8916331703316197,0.8409302220336481,0.8548673131887866,0.90601220676953,0.8408964152537145,0.8408964152537145,0.8408964152537145,0.9041582297954246,0.8408964152537145,0.8409300482302967,0.8548231371587581,0.8858476788794243,0.8408964152537145,0.8408964152537145,0.8408964152537145,0.9028643923219706,0.8549540735072672,0.8408964152537145,0.8950328579717846,0.8408964152537145,0.8408964152537145,0.9032564375142278,0.8409302220336481,0.8408964152537145,0.8551011500538507,0.9044067474693556,0.8408964152537145,0.8408964152537145,0.8408964152537145,0.8868927779114283,0.8408964152537145,0.8549394361066183,0.8408964152537145,0.9026802980929124
0.16302803645073552,0.08632137282592893,0.09892131729737585,0.8409191853069853,0.010407575951441705,0.4683144634515646,0.012891752811729721,0.3670995836175969,0.0073592675048642035,0.18695400758319458,0.4080216908807211,0.3546230508558017,0.18608521914743942,0.411008654193455,0.0073592675048642035,0.4593422594465048,0.0073592675048642035,0.36050123417916957,0.40493442231660753,0.18677114636525344,0.34720638690840705,0.0073592675048642035,0.4599621992193544,0.0073592675048642035,0.4227744327532721,0.0073592675048642035,0.39734947878560833,0.0073592675048642035,0.4243256551000189,0.39231457772852996,0.0073592675048642035,0.3499596399500206,0.0073592675048642035,0.45996533483216573,0.0073592675048642035,0.34999710744683266,0.18570702645782938,0.4134592837592756,0.4111006427896714,0.18424331095254975,0.0073592675048642035,0.3543685812367237,0.017306854464923135,0.0073592675048642035,0.45591870811262786,0.35917691905953836,0.41532016401072436,0.18559325208225538,0.41580626825559835,0.0073592675048642035,0.3972772977181306,0.011794824328457347,0.4173360932600624,0.0073592675048642035,0.3990833794690822,0.35299332492640423,0.0073592675048642035,0.4623308837819316,0.0073592675048642035,0.34850799357608786,0.18532639148004434,0.42393993705348676,0.42309654162441124,0.0073592675048642035,0.18451789938171423,0.3681551563848894,0.42747436904214225,0.1853448271705062,0.3513709236249959,0.0073592675048642035,0.42660127525939584,0.18552796787271256,0.41164985932452275,0.0073592675048642035,0.3881124709161468,0.0073592675048642035,0.41166009728216096,0.0073592675048642035,0.0073592675048642035,0.34995601387019065,0.18528280897137697,0.0073592675048642035,0.0073592675048642035,0.4126637227744575,0.0073592675048642035,0.0073592675048642035,0.0073592675048642035,0.4680792876451128,0.0073592675048642035,0.0073592675048642035,0.0073592675048642035,0.36507778747912556,0.011600439400498217,0.184769669722436,0.4202811244530324,0.0073592675048642035,0.0073592675048642035,0.0073592675048642035,0.413368769329347,0.0073592675048642035,0.011582606268584334,0.18447019843179913,0.3415318286280003,0.0073592675048642035,0.0073592675048642035,0.0073592675048642035,0.40851433374376167,0.1853565580255912,0.0073592675048642035,0.37850375229855454,0.0073592675048642035,0.0073592675048642035,0.4099880286086305,0.011600439400498217,0.0073592675048642035,0.18634766700836017,0.41429826219020927,0.0073592675048642035,0.0073592675048642035,0.0073592675048642035,0.34585787354889796,0.0073592675048642035,0.18525766058551177,0.0073592675048642035,0.40782148110867866
0.49504242070897103,0.47589579665915577,0.4782778232779824,0.9192081781279828,0.4683144634515646,0.6541097973256217,0.4683747503740243,0.5905060447593636,0.46825804437781493,0.503170435245678,0.6152933613467502,0.5832419273797861,0.5028585792708667,0.6171560583995783,0.46825804437781493,0.6481827858631081,0.46825804437781493,0.586646176628365,0.6133753537540677,0.5031046935894249,0.5789940621497532,0.46825804437781493,0.6485907569258729,0.46825804437781493,0.6245586317385482,0.46825804437781493,0.6086949722196924,0.46825804437781493,0.6255421936203872,0.6056136983581943,0.46825804437781493,0.5805647255370883,0.46825804437781493,0.6485928210118482,0.46825804437781493,0.5805861510358002,0.502723211589652,0.6186893757084011,0.6172135317094436,0.5022015136759952,0.46825804437781493,0.5830952984743243,0.4685135931112826,0.46825804437781493,0.6459340621700463,0.5858763693517254,0.6198567252106663,0.5026825338967915,0.6201620910941102,0.46825804437781493,0.6086506529177752,0.46834654577027046,0.6211242615706423,0.46825804437781493,0.6097608521766882,0.5823039339706368,0.46825804437781493,0.6501516976320969,0.46825804437781493,0.57973566971917,0.5025872067528329,0.6252974646490034,0.6247627238606392,0.46825804437781493,0.5022991140462146,0.5911272450194334,0.6275439636067653,0.5025937885340164,0.5813727017678817,0.46825804437781493,0.6269881924138692,0.5026592024624433,0.6175568093243106,0.46825804437781493,0.6030580717136949,0.46825804437781493,0.6175632105486468,0.46825804437781493,0.46825804437781493,0.5805626520640642,0.5025716494507183,0.46825804437781493,0.46825804437781493,0.6181911078169339,0.46825804437781493,0.46825804437781493,0.46825804437781493,0.6539538302300626,0.46825804437781493,0.46825804437781493,0.46825804437781493,0.5893190711310891,0.46834180893586635,0.5023887129638295,0.6229813908271659,0.46825804437781493,0.46825804437781493,0.46825804437781493,0.618632661507791,0.46825804437781493,0.46834137831194167,0.502282150196971,0.5757805403510887,0.46825804437781493,0.46825804437781493,0.46825804437781493,0.615600105807092,0.5025979768924504,0.46825804437781493,0.5972703729824334,0.46825804437781493,0.46825804437781493,0.6165188178418476,0.46834180893586635,0.46825804437781493,0.5029526559046654,0.6192153535191478,0.46825804437781493,0.46825804437781493,0.46825804437781493,0.5782274915701127,0.46825804437781493,0.5025626738508995,0.46825804437781493,0.61516875410683
0.16320539155293026,0.0866559717581298,0.09921342591800178,0.8409435176705817,0.012891752811729721,0.4683747503740243,0.014969199828425933,0.36717768960185143,0.010584822757351056,0.18710864539745242,0.4080916219030639,0.3547040007327185,0.18624058008323904,0.4110780477821117,0.010584822757351056,0.459403839311022,0.010584822757351056,0.3605808209110507,0.40500491645896936,0.18692593582475345,0.3472891193871867,0.010584822757351056,0.46002368834626367,0.010584822757351056,0.4228417768966837,0.010584822757351056,0.3974213906054464,0.010584822757351056,0.4243927367474956,0.3923874585718907,0.010584822757351056,0.3500417022654277,0.010584822757351056,0.4600268235006699,0.010584822757351056,0.35007916071183454,0.18586270427938,0.4135282417238302,0.41117001994067653,0.1844002274156267,0.010584822757351056,0.35444959109627017,0.018905207286732183,0.010584822757351056,0.4559807929250881,0.35925680919700237,0.4153887943216747,0.18574902548626387,0.4158748134164993,0.010584822757351056,0.3973492232691542,0.014035581019795225,0.41740437162313443,0.010584822757351056,0.39915496282587515,0.3530746603820146,0.010584822757351056,0.462392028158946,0.010584822757351056,0.34859040797259294,0.1854823895332996,0.4240070838094664,0.4231638311177797,0.010584822757351056,0.1846745819892153,0.36823303014978176,0.4275409231609925,0.1855008096834795,0.3514526463123892,0.010584822757351056,0.42666797495072556,0.1856837961750094,0.4117191384746125,0.010584822757351056,0.38818617836852487,0.010584822757351056,0.4117293746076836,0.010584822757351056,0.010584822757351056,0.3500380770615888,0.18543884377454292,0.010584822757351056,0.010584822757351056,0.4127328216396998,0.010584822757351056,0.010584822757351056,0.010584822757351056,0.4681396079124561,0.010584822757351056,0.010584822757351056,0.010584822757351056,0.3651563417904994,0.013872629435903602,0.18492613851550227,0.42034889418415416,0.010584822757351056,0.010584822757351056,0.010584822757351056,0.41343774329981764,0.010584822757351056,0.013857720638952605,0.1846269216144899,0.3416159749281625,0.010584822757351056,0.010584822757351056,0.010584822757351056,0.4085841756307479,0.18551253065169745,0.010584822757351056,0.37857941419471136,0.010584822757351056,0.010584822757351056,0.4100576050280478,0.013872629435903602,0.010584822757351056,0.18650280879275904,0.4143670720997007,0.010584822757351056,0.010584822757351056,0.010584822757351056,0.3459409379870779,0.010584822757351056,0.1854137166022835,0.010584822757351056,0.40789144841202196
0.4011773770262271,0.37687471682374996,0.37992714280079387,0.892140656604001,0.3670995836175969,0.5905060447593636,0.36717768960185143,0.516682899831776,0.3670264831231504,0.41134654458844205,0.5456565637540141,0.5081318057900532,0.41095785475905255,0.5478222150937563,0.3670264831231504,0.5836925456772266,0.3670264831231504,0.5121428579622387,0.5434250156864675,0.41126461533438974,0.5031173701430466,0.3670264831231504,0.5841618974036572,0.3670264831231504,0.5564141971755037,0.3670264831231504,0.5379725831707819,0.3670264831231504,0.5575540923506791,0.5343775134414315,0.3670264831231504,0.5049727120349792,0.3670264831231504,0.5841642719003218,0.3670264831231504,0.5049980107424409,0.4107890998506612,0.5496037907785978,0.5478890120874239,0.4101385260820226,0.3670264831231504,0.5079588917557333,0.3673575467974689,0.3670264831231504,0.5811045100183166,0.5112364082768825,0.5509594730445097,0.41073838511941607,0.551314009690425,0.3670264831231504,0.5379209052351486,0.3671411493040424,0.552430855304948,0.3670264831231504,0.5392151645783501,0.5070254502713487,0.3670264831231504,0.5859571875644269,0.3670264831231504,0.5039935746642089,0.41061952872966667,0.5572705010737657,0.5566507610150745,0.3670264831231504,0.41026026147078715,0.5174128046785483,0.5598728405502869,0.41062773541458025,0.5059265637096151,0.3670264831231504,0.559229223162061,0.4107092958714361,0.5482879487231285,0.3670264831231504,0.5313923140336622,0.3670264831231504,0.5482953873599784,0.3670264831231504,0.3670264831231504,0.5049702637141231,0.4106001304512289,0.3670264831231504,0.3670264831231504,0.5490249591292079,0.3670264831231504,0.3670264831231504,0.3670264831231504,0.5903268921889718,0.3670264831231504,0.3670264831231504,0.3670264831231504,0.5152876336760245,0.3671350123956478,0.4103720067772,0.5545854413662464,0.3670264831231504,0.3670264831231504,0.3670264831231504,0.5495379119337854,0.3670264831231504,0.3671344544896104,0.4102391035472074,0.499316788944663,0.3670264831231504,0.3670264831231504,0.3670264831231504,0.5460133020004228,0.4106329577640561,0.3670264831231504,0.5246198973539312,0.3670264831231504,0.3670264831231504,0.5470815016591615,0.3671350123956478,0.3670264831231504,0.41107512175504696,0.5502146979946172,0.3670264831231504,0.3670264831231504,0.3670264831231504,0.5022113263793785,0.3670264831231504,0.4105889387150546,0.3670264831231504,0.5455116360133166
0.1628619075894372,0.08600710482652013,0.09864720358934762,0.8408964152537145,0.0073592675048642035,0.46825804437781493,0.010584822757351056,0.3670264831231504,0.0,0.18680919456146153,0.40795624394958135,0.35454728762405857,0.18593972785796956,0.4109437103860952,0.0,0.45928463011398957,0.0,0.36042674727568574,0.40486844821103024,0.18662619110579953,0.34712895456295956,0.0,0.45990465482244436,0.0,0.42271140751906217,0.0,0.3972821774780058,0.0,0.4242628755955036,0.39224636922412826,0.0,0.34988283510824525,0.0,0.4599077908643492,0.0,0.3499203110793063,0.18556123793356738,0.41339474776284485,0.41103571437051856,0.18409636057002404,0.0,0.3542927618419064,0.015664239363720953,0.0,0.4558606061180885,0.3591021480763941,0.4152559347466349,0.1854473739022931,0.41574211870434485,0.0,0.397209983555526,0.009217324069437928,0.4172721934697837,0.0,0.3990163856646209,0.35291720066776044,0.0,0.46227366208980786,0.0,0.34843085906605076,0.18518030257954518,0.4238770965991864,0.42303356754968946,0.0,0.1843711683615566,0.36808227331211285,0.4274120833690664,0.18519875284680712,0.35129443678930766,0.0,0.42653885331299646,0.18538203819840707,0.41158502264944585,0.0,0.3880434885326385,0.0,0.41159526231516064,0.0,0.0,0.34987920820819196,0.18513668559939542,0.0,0.0,0.41259905487366105,0.0,0.0,0.0,0.46802283735912126,0.0,0.0,0.0,0.36500426722399765,0.00896723904702802,0.18462313926412846,0.42021770081251936,0.0,0.0,0.0,0.4133042183489694,0.0,0.00894415731439495,0.1843234293512104,0.3414530724356982,0.0,0.0,0.0,0.4084489702578213,0.18521049297578226,0.0,0.37843294010804235,0.0,0.0,0.4099229136429054,0.00896723904702802,0.0,0.18620238127837746,0.4142338647954385,0.0,0.0,0.0,0.34578013037253896,0.0,0.18511151731511555,0.0,0.4077560002125883
0.24777659753682865,0.20564395624931886,0.2112377005597031,0.8551914748057501,0.18695400758319458,0.503170435245678,0.18710864539745242,0.41134654458844205,0.18680919456146153,0.26410762454592457,0.448037834071953,0.4003099703361742,0.2634944687741183,0.450741974969369,0.18680919456146153,0.49490030267708485,0.18680919456146153,0.40550002337291136,0.4452462930935118,0.2639784502578182,0.3937873891615007,0.18680919456146153,0.4954710732838957,0.18680919456146153,0.46142403424845946,0.18680919456146153,0.4384030697767056,0.18680919456146153,0.46283585950487044,0.43387285009424525,0.18680919456146153,0.39620528674657884,0.18680919456146153,0.49547396045562386,0.18680919456146153,0.3962382189710076,0.2632280014644607,0.45296294147868876,0.4508253043396576,0.26219926294433715,0.18680919456146153,0.4000856925407704,0.1874643781117807,0.18680919456146153,0.49175009246860474,0.4043292019517947,0.4546508354654513,0.26314789133031535,0.4550919498542781,0.18680919456146153,0.43833805321616937,0.18703631294550135,0.45648071762621123,0.18680919456146153,0.43996547653459434,0.3988741929390518,0.18680919456146153,0.49765280354871133,0.18680919456146153,0.3949299408794592,0.2629600876088419,0.46248472948406993,0.46171713254889163,0.18680919456146153,0.2623919388060565,0.41228380358402805,0.46570402737888544,0.26297305740702936,0.39744626226369983,0.18680919456146153,0.4649084047206151,0.26310193491021205,0.4513228837173977,0.18680919456146153,0.4300997657327572,0.18680919456146153,0.4513321601226788,0.18680919456146153,0.18680919456146153,0.396202099627648,0.2629294292029833,0.18680919456146153,0.18680919456146153,0.45224170483598647,0.18680919456146153,0.18680919456146153,0.18680919456146153,0.5029534048177048,0.18680919456146153,0.18680919456146153,0.18680919456146153,0.40955285488266224,0.1870241627606314,0.26256873050239377,0.45915644696261226,0.18680919456146153,0.18680919456146153,0.18680919456146153,0.45288087204665645,0.18680919456146153,0.18702305815913708,0.2623584571582867,0.38881725946348494,0.18680919456146153,0.18680919456146153,0.18680919456146153,0.4484836092201364,0.2629813105850726,0.18680919456146153,0.4214999554112396,0.18680919456146153,0.18680919456146153,0.449817627305085,0.1870241627606314,0.18680919456146153,0.2636795436993922,0.4537237796425756,0.18680919456146153,0.18680919456146153,0.18680919456146153,0.39260464596541556,0.18680919456146153,0.26291174005023066,0.18680919456146153,0.4478566964961369
0.4387753744006878,0.4167946744994286,0.41954257327966105,0.9027334799510505,0.4080216908807211,0.6152933613467502,0.4080916219030639,0.5456565637540141,0.40795624394958135,0.448037834071953,0.572900016784955,0.5376419037557588,0.44768314981993035,0.5749413064568201,0.40795624394958135,0.6088381449282406,0.40795624394958135,0.5413997582013449,0.5707972941739012,0.4479630684124743,0.5329480314976063,0.40795624394958135,0.6092826608859467,0.40795624394958135,0.5830461152350594,0.40795624394958135,0.5656625932320083,0.40795624394958135,0.5841221036523375,0.5622793826529598,0.40795624394958135,0.534684235190912,0.40795624394958135,0.609284909795326,0.40795624394958135,0.5347079137061462,0.4475291746532292,0.5766210562385226,0.5750042778854746,0.44693566841781734,0.40795624394958135,0.5374799686194107,0.4082526648370864,0.40795624394958135,0.6063874774617554,0.5405502821568169,0.5778995415930099,0.4474829034419468,0.5782339303834512,0.40795624394958135,0.5656139472386212,0.40805890575153075,0.5792874164549142,0.40795624394958135,0.5668323894118055,0.5366058864389868,0.40795624394958135,0.6109831675500296,0.40795624394958135,0.5337678935318438,0.4473744643879567,0.5838543959965935,0.583269402715651,0.40795624394958135,0.4470467144935972,0.5463412581898297,0.5863113650002391,0.44738195163386424,0.5355770799281433,0.40795624394958135,0.5857036211890785,0.4474563633235198,0.5753803794811574,0.40795624394958135,0.5594715677915995,0.40795624394958135,0.5753873925380105,0.40795624394958135,0.40795624394958135,0.5346819436727769,0.4473567667495168,0.40795624394958135,0.40795624394958135,0.5760752604988751,0.40795624394958135,0.40795624394958135,0.40795624394958135,0.6151235683348295,0.40795624394958135,0.40795624394958135,0.40795624394958135,0.544347969881744,0.4080534111641182,0.44714865208860444,0.5813202362604756,0.40795624394958135,0.40795624394958135,0.40795624394958135,0.57655893504362,0.40795624394958135,0.4080529116522944,0.4470274140415456,0.5293934795394833,0.40795624394958135,0.40795624394958135,0.40795624394958135,0.5732362250404001,0.4473867161778739,0.40795624394958135,0.5531066549223348,0.40795624394958135,0.40795624394958135,0.5742430556872746,0.4080534111641182,0.40795624394958135,0.4477901520664993,0.5771971458879732,0.40795624394958135,0.40795624394958135,0.40795624394958135,0.532100397105728,0.40795624394958135,0.4473465562463058,0.40795624394958135,0.5727634345487638
0.38983735256505697,0.3647449600937547,0.3679020354418771,0.8890353636027785,0.3546230508558017,0.5832419273797861,0.3547040007327185,0.5081318057900532,0.35454728762405857,0.4003099703361742,0.5376419037557588,0.4994130038064873,0.3999099477495678,0.53984585739278,0.35454728762405857,0.576319697839081,0.35454728762405857,0.5035032989549163,0.5353706434316795,0.4002256540374851,0.49429802226328035,0.35454728762405857,0.5767965946489856,0.35454728762405857,0.5485875671612058,0.35454728762405857,0.5298201114293544,0.35454728762405857,0.5497470662956817,0.5261595070524605,0.35454728762405857,0.4961907611291676,0.35454728762405857,0.5767990072959033,0.35454728762405857,0.4962165681723059,0.3997362661664078,0.541658769872945,0.5399138321003504,0.3990666629595196,0.35454728762405857,0.4992366502731422,0.3548904020485182,0.35454728762405857,0.5736899081292764,0.5025790315473905,0.5430381946504128,0.3996840700968765,0.5433989258406136,0.35454728762405857,0.52976749631814,0.3546661301283264,0.5445352460051929,0.35454728762405857,0.531085184740353,0.49828460755913995,0.35454728762405857,0.5786206689434613,0.35454728762405857,0.49519191671906515,0.3995617406273863,0.5494586033757173,0.5488282043434589,0.35454728762405857,0.39919196354436143,0.5088758141252643,0.5521055096112741,0.399570187180288,0.4971637493894493,0.35454728762405857,0.5514508984157709,0.39965413101588565,0.5403197979330221,0.35454728762405857,0.5231193604170274,0.35454728762405857,0.5403273675634522,0.35454728762405857,0.35454728762405857,0.49618826361108725,0.39954177533238244,0.35454728762405857,0.35454728762405857,0.5410697738916809,0.35454728762405857,0.35454728762405857,0.35454728762405857,0.5830599375402152,0.35454728762405857,0.35454728762405857,0.35454728762405857,0.5067094886964032,0.3546597697701978,0.39930697968492823,0.5467272350026195,0.35454728762405857,0.35454728762405857,0.35454728762405857,0.5415917350096283,0.35454728762405857,0.3546591915499847,0.39917018612642235,0.4904201046972351,0.35454728762405857,0.35454728762405857,0.35454728762405857,0.5380049673503867,0.39957556216571266,0.35454728762405857,0.5162204462068346,0.35454728762405857,0.35454728762405857,0.5390920695673895,0.3546597697701978,0.35454728762405857,0.4000306359830502,0.5422803870734665,0.35454728762405857,0.35454728762405857,0.35454728762405857,0.4933736315169734,0.35454728762405857,0.39953025643554396,0.35454728762405857,0.5374944044819037
0.24712256535874444,0.20485467082102182,0.21046947123821635,0.8550621354547948,0.18608521914743942,0.5028585792708667,0.18624058008323904,0.41095785475905255,0.18593972785796956,0.2634944687741183,0.44768314981993035,0.3999099477495678,0.2628798689599891,0.45038960052869054,0.18593972785796956,0.4945825366090426,0.18593972785796956,0.4051054008834594,0.4448891984393926,0.26336499081945813,0.393380393416328,0.18593972785796956,0.4951537202984875,0.18593972785796956,0.4610805517640637,0.18593972785796956,0.4380399513135608,0.18593972785796956,0.4624935254839486,0.4335056508499036,0.18593972785796956,0.3958009007712055,0.18593972785796956,0.49515660955775004,0.18593972785796956,0.39583386833695083,0.26261277201936867,0.4526124459881868,0.45047300068956775,0.2615815908329796,0.18593972785796956,0.39968543368317005,0.18659797174059564,0.18593972785796956,0.49143003227937576,0.40393337243371286,0.4543017571738242,0.26253247234778315,0.4547432404168864,0.18593972785796956,0.4379748767197966,0.18616790953765597,0.45613316538972704,0.18593972785796956,0.43960374806368024,0.3984726535457256,0.18593972785796956,0.4973370223550384,0.18593972785796956,0.39452418205347456,0.2623442238422436,0.46214211040027614,0.46137388898870724,0.18593972785796956,0.2617747256319456,0.4118960504538148,0.46536400794158633,0.26235722437759296,0.3970432042882234,0.18593972785796956,0.4645677456952858,0.2624864071450546,0.4509710022965254,0.18593972785796956,0.42972910899769023,0.18593972785796956,0.4509802865656873,0.18593972785796956,0.18593972785796956,0.3957977102317185,0.26231349276701105,0.18593972785796956,0.18593972785796956,0.4518906009511281,0.18593972785796956,0.18593972785796956,0.18593972785796956,0.5026413957752237,0.18593972785796956,0.18593972785796956,0.18593972785796956,0.4091623614817587,0.18615570253510924,0.26195193784456616,0.4588111070732409,0.18593972785796956,0.18593972785796956,0.18593972785796956,0.45253030741270744,0.18593972785796956,0.1861545927678184,0.26174116428166255,0.38840480438892727,0.18593972785796956,0.18593972785796956,0.18593972785796956,0.44812930742680773,0.26236549711330504,0.18593972785796956,0.42112121002689695,0.18593972785796956,0.18593972785796956,0.44946446605924506,0.18615570253510924,0.18593972785796956,0.2630653804548412,0.4533739241141142,0.18593972785796956,0.18593972785796956,0.18593972785796956,0.39219636273835473,0.18593972785796956,0.2622957616781751,0.18593972785796956,0.4475018566429283
0.44154090367328075,0.4197154897828029,0.4224431825823536,0.9035283307437354,0.411008654193455,0.6171560583995783,0.4110780477821117,0.5478222150937563,0.4109437103860952,0.450741974969369,0.5749413064568201,0.53984585739278,0.45038960052869054,0.5769736102197056,0.4109437103860952,0.6107270375746686,0.4109437103860952,0.5435856484011052,0.5728478857217367,0.4506676959415455,0.53517481496023,0.4109437103860952,0.6111697392265214,0.4109437103860952,0.5850431581374576,0.4109437103860952,0.5677360979237754,0.4109437103860952,0.5861145140938359,0.5643681426355797,0.4109437103860952,0.536902539072982,0.4109437103860952,0.6111719789608945,0.4109437103860952,0.5369261022298087,0.4502366290876279,0.5786459978207186,0.5770363051288329,0.4496469974090526,0.4109437103860952,0.5396847048823734,0.4112378537038174,0.4109437103860952,0.6082864009658202,0.5427402393198761,0.5799188989468627,0.45019065962440774,0.5802518299011766,0.4109437103860952,0.5676876703802919,0.4110455830398751,0.5813007304189892,0.4109437103860952,0.5689006488387212,0.5388148532058101,0.4109437103860952,0.6128633196331278,0.4109437103860952,0.5359906676219304,0.45008292794619326,0.5858479579574539,0.5852654833765032,0.4109437103860952,0.44975731786641193,0.5485036758331503,0.5882943842920252,0.45009036634127086,0.5377910393066024,0.4109437103860952,0.5876892429042979,0.4501642926063711,0.5774107560398326,0.4109437103860952,0.5615730864765989,0.4109437103860952,0.5774177383306478,0.4109437103860952,0.4109437103860952,0.5369002587192104,0.45006534578235535,0.4109437103860952,0.4109437103860952,0.5781025910869163,0.4109437103860952,0.4109437103860952,0.4109437103860952,0.616986950311977,0.4109437103860952,0.4109437103860952,0.4109437103860952,0.5465198180754302,0.4110401306795429,0.4498585896379688,0.5833247330892928,0.4109437103860952,0.4109437103860952,0.4109437103860952,0.5785841483838745,0.4109437103860952,0.41103963500662505,0.4497381435084843,0.5316377544703045,0.4109437103860952,0.4109437103860952,0.4109437103860952,0.5752760317205928,0.45009509979956797,0.4109437103860952,0.555237434704549,0.4109437103860952,0.4109437103860952,0.5762784283424384,0.4110401306795429,0.4109437103860952,0.45049590560850417,0.5792195691506259,0.4109437103860952,0.4109437103860952,0.4109437103860952,0.5343313355689774,0.4109437103860952,0.45005520190486464,0.4109437103860952,0.5748053270127778
0.1628619075894372,0.08600710482652013,0.09864720358934762,0.8408964152537145,0.0073592675048642035,0.46825804437781493,0.010584822757351056,0.3670264831231504,0.0,0.18680919456146153,0.40795624394958135,0.35454728762405857,0.18593972785796956,0.4109437103860952,0.0,0.45928463011398957,0.0,0.36042674727568574,0.40486844821103024,0.18662619110579953,0.34712895456295956,0.0,0.45990465482244436,0.0,0.42271140751906217,0.0,0.3972821774780058,0.0,0.4242628755955036,0.39224636922412826,0.0,0.34988283510824525,0.0,0.4599077908643492,0.0,0.3499203110793063,0.18556123793356738,0.41339474776284485,0.41103571437051856,0.18409636057002404,0.0,0.3542927618419064,0.015664239363720953,0.0,0.4558606061180885,0.3591021480763941,0.4152559347466349,0.1854473739022931,0.41574211870434485,0.0,0.397209983555526,0.009217324069437928,0.4172721934697837,0.0,0.3990163856646209,0.35291720066776044,0.0,0.46227366208980786,0.0,0.34843085906605076,0.18518030257954518,0.4238770965991864,0.42303356754968946,0.0,0.1843711683615566,0.36808227331211285,0.4274120833690664,0.18519875284680712,0.35129443678930766,0.0,0.42653885331299646,0.18538203819840707,0.41158502264944585,0.0,0.3880434885326385,0.0,0.41159526231516064,0.0,0.0,0.34987920820819196,0.18513668559939542,0.0,0.0,0.41259905487366105,0.0,0.0,0.0,0.46802283735912126,0.0,0.0,0.0,0.36500426722399765,0.00896723904702802,0.18462313926412846,0.42021770081251936,0.0,0.0,0.0,0.4133042183489694,0.0,0.00894415731439495,0.1843234293512104,0.3414530724356982,0.0,0.0,0.0,0.4084489702578213,0.18521049297578226,0.0,0.37843294010804235,0.0,0.0,0.4099229136429054,0.00896723904702802,0.0,0.18620238127837746,0.4142338647954385,0.0,0.0,0.0,0.34578013037253896,0.0,0.18511151731511555,0.0,0.4077560002125883
0.486616202107187,0.4670839042349098,0.4695153734754886,0.9167085680175393,0.4593422594465048,0.6481827858631081,0.459403839311022,0.5836925456772266,0.45928463011398957,0.49490030267708485,0.6088381449282406,0.576319697839081,0.4945825366090426,0.6107270375746686,0.45928463011398957,0.6421773143255546,0.45928463011398957,0.5797751288211496,0.6068930639054747,0.49483331563918675,0.5720073909426212,0.45928463011398957,0.6425907088075871,0.45928463011398957,0.6182327979152724,0.45928463011398957,0.6021461812363182,0.45928463011398957,0.6192299627763336,0.5990207808605792,0.45928463011398957,0.5736019575764348,0.45928463011398957,0.6425928003240443,0.45928463011398957,0.5736237085223128,0.49444460161010806,0.61228184755484,0.6107853176407506,0.4939129985486342,0.45928463011398957,0.5761708552788586,0.45954565860933866,0.45928463011398957,0.6398986347847415,0.5789937831020657,0.6134655176053235,0.4944031522168778,0.6137751467797969,0.45928463011398957,0.6021012292169192,0.45937502985478196,0.6147507342388812,0.45928463011398957,0.6032272609002162,0.575367530383857,0.45928463011398957,0.6441723685550945,0.45928463011398957,0.5727602958834922,0.49430601620139186,0.6189818514213837,0.6184397147217683,0.45928463011398957,0.49401245331060833,0.5843229607123012,0.621259342442014,0.494312722893097,0.5744221952839355,0.45928463011398957,0.620695915777399,0.4943793781123135,0.6111334119979843,0.45928463011398957,0.5964283410674021,0.45928463011398957,0.611139903011571,0.45928463011398957,0.45928463011398957,0.5735998526070719,0.49429016363837225,0.45928463011398957,0.45928463011398957,0.6117766023432011,0.45928463011398957,0.45928463011398957,0.45928463011398957,0.6480247630840249,0.45928463011398957,0.45928463011398957,0.45928463011398957,0.5824879286882624,0.45937019143180535,0.49410375406019724,0.6166336915979148,0.45928463011398957,0.45928463011398957,0.45928463011398957,0.6122243395130388,0.45928463011398957,0.459369751572409,0.4939951671943998,0.5687446819576842,0.45928463011398957,0.45928463011398957,0.45928463011398957,0.6091492097572424,0.49431699073770663,0.45928463011398957,0.5905565316046504,0.45928463011398957,0.45928463011398957,0.6100808460132284,0.45937019143180535,0.45928463011398957,0.49467839677082553,0.6128151834890985,0.45928463011398957,0.45928463011398957,0.45928463011398957,0.5712291215943486,0.45928463011398957,0.4942810176843086,0.45928463011398957,0.6087117819062957
0.1628619075894372,0.08600710482652013,0.09864720358934762,0.8408964152537145,0.0073592675048642035,0.46825804437781493,0.010584822757351056,0.3670264831231504,0.0,0.18680919456146153,0.40795624394958135,0.35454728762405857,0.18593972785796956,0.4109437103860952,0.0,0.45928463011398957,0.0,0.36042674727568574,0.40486844821103024,0.18662619110579953,0.34712895456295956,0.0,0.45990465482244436,0.0,0.42271140751906217,0.0,0.3972821774780058,0.0,0.4242628755955036,0.39224636922412826,0.0,0.34988283510824525,0.0,0.4599077908643492,0.0,0.3499203110793063,0.18556123793356738,0.41339474776284485,0.41103571437051856,0.18409636057002404,0.0,0.3542927618419064,0.015664239363720953,0.0,0.4558606061180885,0.3591021480763941,0.4152559347466349,0.1854473739022931,0.41574211870434485,0.0,0.397209983555526,0.009217324069437928,0.4172721934697837,0.0,0.3990163856646209,0.35291720066776044,0.0,0.46227366208980786,0.0,0.34843085906605076,0.18518030257954518,0.4238770965991864,0.42303356754968946,0.0,0.1843711683615566,0.36808227331211285,0.4274120833690664,0.18519875284680712,0.35129443678930766,0.0,0.42653885331299646,0.18538203819840707,0.41158502264944585,0.0,0.3880434885326385,0.0,0.41159526231516064,0.0,0.0,0.34987920820819196,0.18513668559939542,0.0,0.0,0.41259905487366105,0.0,0.0,0.0,0.46802283735912126,0.0,0.0,0.0,0.36500426722399765,0.00896723904702802,0.18462313926412846,0.42021770081251936,0.0,0.0,0.0,0.4133042183489694,0.0,0.00894415731439495,0.1843234293512104,0.3414530724356982,0.0,0.0,0.0,0.4084489702578213,0.18521049297578226,0.0,0.37843294010804235,0.0,0.0,0.4099229136429054,0.00896723904702802,0.0,0.18620238127837746,0.4142338647954385,0.0,0.0,0.0,0.34578013037253896,0.0,0.18511151731511555,0.0,0.4077560002125883
