0.0,0.0,0.0582098769761808,0.24822672669746565,0.1684625905455529,0.49485899617581647,0.6521947210367358,0.559489813137652,0.6725625008178675,0.2875440830181263,0.6877262339431272,0.5765621413303021,0.28633706625111194,0.6521557371681079,0.0,0.5543263385528518,0.2849740642076433,0.6583253635076421,0.0,0.6725804461832428,0.42891769378031586,0.4541488967233585,0.6455273462173062,0.2862105380562724,0.011975937705520188,0.5413285284723102,0.783553678852202,0.0,0.0,0.6828620125383981,0.6312792438330298,0.0,0.6862466072315653,0.6213398168919843,0.0,0.0,0.6316223105741525,0.6719711830168132,0.0,0.5466031118229404,0.2846587682196297,0.6630985406305845,0.31944211316601245,0.6337669010352738,0.05906103843158802,0.5506157530233773,0.0,0.7677726596144228,0.0,0.5616371158733867,0.7718753490305392,0.0,0.6680814977626435,0.01201632885387345,0.6308511818044877,0.0,0.6716469939567836,0.6345444814823171,0.0,0.0,0.6359603255593298,0.0,0.6783161201016216,0.0,0.6289188713490976,0.6853330507298563,0.023243479208096954,0.682374667059191,0.2826006790661637,0.5780393007512098,0.6930580255714904,0.2845134646357709,0.0,0.548572526106347,0.8408964152537145,0.013188970539838609,0.6589003594825725,0.0,0.6139777201780572,0.0,0.011975937705520188,0.6597398016932073,0.0,0.0,0.0,0.631447412583226,0.0,0.0,0.6608921380771045,0.0,0.0,0.2837910478888667,0.692156772597773,0.0,0.018716853140869107,0.013728986411058504,0.5720535441358693,0.0,0.0,0.7943121294434489,0.0,0.0,0.0,0.0,0.6627465925487908,0.0,0.2827521176519543,0.5316733150348937,0.013693647905292847,0.0,0.6532174228871241,0.0,0.0,0.2839840946524896,0.0,0.5962498415216545,0.01201632885387345,0.0,0.6558399939037621,0.0,0.2855573807187262,0.0,0.6645951712507738,0.0,0.0
0.0,0.0,0.0582098769761808,0.24822672669746565,0.1684625905455529,0.49485899617581647,0.6521947210367358,0.559489813137652,0.6725625008178675,0.2875440830181263,0.6877262339431272,0.5765621413303021,0.28633706625111194,0.6521557371681079,0.0,0.5543263385528518,0.2849740642076433,0.6583253635076421,0.0,0.6725804461832428,0.42891769378031586,0.4541488967233585,0.6455273462173062,0.2862105380562724,0.011975937705520188,0.5413285284723102,0.783553678852202,0.0,0.0,0.6828620125383981,0.6312792438330298,0.0,0.6862466072315653,0.6213398168919843,0.0,0.0,0.6316223105741525,0.6719711830168132,0.0,0.5466031118229404,0.2846587682196297,0.6630985406305845,0.31944211316601245,0.6337669010352738,0.05906103843158802,0.5506157530233773,0.0,0.7677726596144228,0.0,0.5616371158733867,0.7718753490305392,0.0,0.6680814977626435,0.01201632885387345,0.6308511818044877,0.0,0.6716469939567836,0.6345444814823171,0.0,0.0,0.6359603255593298,0.0,0.6783161201016216,0.0,0.6289188713490976,0.6853330507298563,0.023243479208096954,0.682374667059191,0.2826006790661637,0.5780393007512098,0.6930580255714904,0.2845134646357709,0.0,0.548572526106347,0.8408964152537145,0.013188970539838609,0.6589003594825725,0.0,0.6139777201780572,0.0,0.011975937705520188,0.6597398016932073,0.0,0.0,0.0,0.631447412583226,0.0,0.0,0.6608921380771045,0.0,0.0,0.2837910478888667,0.692156772597773,0.0,0.018716853140869107,0.013728986411058504,0.5720535441358693,0.0,0.0,0.7943121294434489,0.0,0.0,0.0,0.0,0.6627465925487908,0.0,0.2827521176519543,0.5316733150348937,0.013693647905292847,0.0,0.6532174228871241,0.0,0.0,0.2839840946524896,0.0,0.5962498415216545,0.01201632885387345,0.0,0.6558399939037621,0.0,0.2855573807187262,0.0,0.6645951712507738,0.0,0.0
0.0582098769761808,0.0582098769761808,0.08232096119644279,0.2549472604702925,0.1782316091154468,0.4981658764639011,0.6545396019090106,0.5623567867398872,0.6748034089061119,0.2933562902287465,0.6898913682613527,0.5793251995412856,0.2921736242885493,0.6545008197887807,0.0582098769761808,0.5572256138864657,0.29083835542343833,0.6606386541688116,0.0582098769761808,0.6748212638381601,0.4327815707168619,0.45778332499191077,0.6479068988336071,0.2920496600160361,0.059429050164568356,0.5443110665505645,0.7852562859500397,0.0582098769761808,0.0582098769761808,0.6850513194452073,0.6337340924510843,0.0582098769761808,0.6884190818809024,0.6238482569399295,0.0582098769761808,0.0582098769761808,0.6340753257122385,0.6742150720461921,0.0582098769761808,0.5495515144323067,0.2905295107213744,0.6653874174624498,0.32467426773133146,0.6362084783924677,0.08292499864000036,0.55353850724259,0.0582098769761808,0.7695508879783243,0.0582098769761808,0.5644907799647243,0.7736339461085415,0.0582098769761808,0.6703450481923698,0.05943720276333173,0.633308319630726,0.0582098769761808,0.673892518169031,0.6369819217674282,0.0582098769761808,0.0582098769761808,0.6383902464355629,0.0582098769761808,0.6805281293741526,0.0582098769761808,0.6313863634898689,0.6875100629235944,0.06267890799474,0.6845664025031113,0.2885138680489603,0.5807935645601289,0.6951967965860504,0.29038718477208575,0.0582098769761808,0.5515083064354384,0.8423174433382796,0.05968532207965648,0.6612107009284076,0.0582098769761808,0.6165264727730947,0.0582098769761808,0.059429050164568356,0.6620458416455509,0.0582098769761808,0.0582098769761808,0.0582098769761808,0.6339013623113932,0.0582098769761808,0.0582098769761808,0.6631922810396206,0.0582098769761808,0.0582098769761808,0.2896796151432156,0.6942999905623561,0.0582098769761808,0.06114497649087053,0.05980697035741497,0.5748436325676161,0.0582098769761808,0.0582098769761808,0.7959629260948307,0.0582098769761808,0.0582098769761808,0.0582098769761808,0.0582098769761808,0.6650372642908555,0.0582098769761808,0.2886621633292493,0.534719633542705,0.05979886817135968,0.0582098769761808,0.6555570150953314,0.0582098769761808,0.0582098769761808,0.28986868738292243,0.0582098769761808,0.5988980400066425,0.05943720276333173,0.0582098769761808,0.6581660588749254,0.0582098769761808,0.29140977234220755,0.0582098769761808,0.6668764244706901,0.0582098769761808,0.0582098769761808
0.24822672669746565,0.24822672669746565,0.2549472604702925,0.35071193359784386,0.29986231830507537,0.5515075055495433,0.6930470567243644,0.6090598896944843,0.7116412188976122,0.3793811144719131,0.7255051727328555,0.6244234504169127,0.37847349725529367,0.6930115029839182,0.24822672669746565,0.6044247887227309,0.3774505236379976,0.6986400522875141,0.24822672669746565,0.711657616581072,0.4941514440065123,0.5158982629825025,0.6869685111910259,0.3783784473347546,0.24851490454045363,0.5927827556009911,0.813281107532835,0.24822672669746565,0.24822672669746565,0.7210562372470615,0.673994522310449,0.24822672669746565,0.7241517161967072,0.6649579935295941,0.24822672669746565,0.24822672669746565,0.6743066404233231,0.7111009123007116,0.24822672669746565,0.5975025908811037,0.3772141789485686,0.7029969774489833,0.40391117631628204,0.6762580776050453,0.25514253133492704,0.60109741837282,0.24822672669746565,0.7988290126507461,0.24822672669746565,0.6109890955719353,0.8025871395799745,0.24822672669746565,0.7075474466556333,0.24851685054283418,0.6736050960720422,0.24822672669746565,0.7108047012490564,0.6769657573122725,0.24822672669746565,0.24822672669746565,0.6782545022040044,0.24822672669746565,0.7168998258820438,0.24822672669746565,0.6718474640415242,0.7233161263904585,0.24931051247879132,0.7206105810610113,0.37567418117117746,0.6257553737070188,0.7303833660082789,0.3771052972952011,0.24822672669746565,0.5992664936279836,0.8656400271231683,0.24857619624166588,0.6991647988351412,0.24822672669746565,0.6582728726580416,0.24822672669746565,0.24851490454045363,0.699930934278223,0.24822672669746565,0.24822672669746565,0.24822672669746565,0.6741475185319056,0.24822672669746565,0.24822672669746565,0.7009827406412722,0.24822672669746565,0.24822672669746565,0.3765643130542018,0.7295586748592596,0.24822672669746565,0.24893002834641395,0.24860537741468283,0.6203606420610753,0.24822672669746565,0.24822672669746565,0.8231265836707581,0.24822672669746565,0.24822672669746565,0.24822672669746565,0.24822672669746565,0.7026756541984607,0.24822672669746565,0.3757873348865565,0.5841599923004163,0.2486034321105208,0.24822672669746565,0.6939798247051608,0.24822672669746565,0.24822672669746565,0.3767088195020426,0.24822672669746565,0.6422067611520631,0.24851685054283418,0.24822672669746565,0.6963722252213167,0.24822672669746565,0.3778880675412018,0.24822672669746565,0.7043634951432723,0.24822672669746565,0.24822672669746565
0.1684625905455529,0.1684625905455529,0.1782316091154468,0.29986231830507537,0.2381940955128782,0.521825959538204,0.6714692252310157,0.5829718298295539,0.6909908668358837,0.3330627115804621,0.7055363952224784,0.5992125702661873,0.3320240785681244,0.6714318807382543,0.1684625905455529,0.5780662224218047,0.3308525554905386,0.6773430513275059,0.1684625905455529,0.6910080751618772,0.4602081511951393,0.4836709641770287,0.6650834441876594,0.3319152656475578,0.1688875644832514,0.5657317018692529,0.7975652097563689,0.1684625905455529,0.1684625905455529,0.7008695256632144,0.6514458642305856,0.1684625905455529,0.7041167105859173,0.6419401104973109,0.1684625905455529,0.1684625905455529,0.6517740812515974,0.6904238429219787,0.1684625905455529,0.5707346008138443,0.3305817564724701,0.6819175923792098,0.36087901564599467,0.6538260158790271,0.1785112686263974,0.5745428806314647,0.1684625905455529,0.7824079027498068,0.1684625905455529,0.5850127942149542,0.7863487660325035,0.1684625905455529,0.6866943421933283,0.16889043228587639,0.6510363417743033,0.1684625905455529,0.6901129793153832,0.6545700744638604,0.1684625905455529,0.1684625905455529,0.6559249793956007,0.1684625905455529,0.6965088643192817,0.1684625905455529,0.6491878712108179,0.7032402023556213,0.1700578783530956,0.7004020003443799,0.32881601466429033,0.6006192123589553,0.7106528043247069,0.33045698505679333,0.1684625905455529,0.5726034673262769,0.8525780958062694,0.1689778768485908,0.6778940592744468,0.1684625905455529,0.6349037481225873,0.1684625905455529,0.1688875644832514,0.6786985107731751,0.1684625905455529,0.1684625905455529,0.1684625905455529,0.6516067527973577,0.1684625905455529,0.1684625905455529,0.6798028707561314,0.1684625905455529,0.1684625905455529,0.3298368922375325,0.7097878924978177,0.1684625905455529,0.16949873793067,0.1690208657490183,0.5949205776415499,0.1684625905455529,0.1684625905455529,0.8078958139523389,0.1684625905455529,0.1684625905455529,0.1684625905455529,0.1684625905455529,0.6815802528036646,0.1684625905455529,0.328945829078268,0.5565831884304844,0.16901800016303026,0.1684625905455529,0.6724489487635287,0.1684625905455529,0.1684625905455529,0.3300025560168486,0.1684625905455529,0.6179775960559728,0.16889043228587639,0.1684625905455529,0.6749615604543978,0.1684625905455529,0.3313537516011439,0.1684625905455529,0.6833521672236879,0.1684625905455529,0.1684625905455529
0.49485899617581647,0.49485899617581647,0.4981658764639011,0.5515075055495433,0.521825959538204,0.6890996453722784,0.7962626118568635,0.7321721973564307,0.8105352639222074,0.5693953409968628,0.8211760535148468,0.7438152187099933,0.5688176113475322,0.7962353286890612,0.49485899617581647,0.7286697119401135,0.5681673159938616,0.8005550754436436,0.49485899617581647,0.8105478516809734,0.6473596615835137,0.6630169307643494,0.7915988463460079,0.5687571503682131,0.49499947446332965,0.7198954526588417,0.8880092863030253,0.49485899617581647,0.49485899617581647,0.8177620234758469,0.7816516347273644,0.49485899617581647,0.8201375186178651,0.7747311532465627,0.49485899617581647,0.49485899617581647,0.781890794926187,0.8101204938433855,0.49485899617581647,0.7234485531674625,0.5680172041499663,0.8038994323165175,0.5852720458688344,0.7833862587825414,0.4982629162413856,0.726158534748712,0.49485899617581647,0.8771212784833708,0.49485899617581647,0.7336314393498673,0.8799590728820674,0.49485899617581647,0.8073926195918151,0.49500042348806594,0.7813532484793232,0.49485899617581647,0.8098931045071326,0.7839286551339251,0.49485899617581647,0.49485899617581647,0.784916501262485,0.49485899617581647,0.8145718820895588,0.49485899617581647,0.7800066739420041,0.8194963156566735,0.49538792867867354,0.8174199957666753,0.5670402940539705,0.7448268545506967,0.8249184663525048,0.5679480656136467,0.49485899617581647,0.7247778799192717,0.9266806119679866,0.49502936775716,0.8009578484719243,0.49485899617581647,0.7696167636968897,0.49485899617581647,0.49499947446332965,0.8015459124464568,0.49485899617581647,0.49485899617581647,0.49485899617581647,0.7817688669371272,0.49485899617581647,0.49485899617581647,0.8023532690923924,0.49485899617581647,0.49485899617581647,0.5676047016720575,0.8242858743321193,0.49485899617581647,0.4952020447333312,0.49504360194369057,0.740731529418405,0.49485899617581647,0.49485899617581647,0.8953840876491459,0.49485899617581647,0.49485899617581647,0.49485899617581647,0.49485899617581647,0.8036527748486952,0.49485899617581647,0.5671120028462898,0.7134195353168739,0.49504265301227746,0.49485899617581647,0.7969784143522339,0.49485899617581647,0.49485899617581647,0.5676963950463613,0.49485899617581647,0.7573483365385136,0.49500042348806594,0.49485899617581647,0.7988144687892162,0.49485899617581647,0.5684453466945354,0.49485899617581647,0.8049484271140559,0.49485899617581647,0.49485899617581647
0.6521947210367358,0.6521947210367358,0.6545396019090106,0.6930470567243644,0.6714692252310157,0.7962626118568635,0.8774504739338813,0.8290235220787614,0.8881063704982137,0.7062085145121673,0.8960032099927185,0.8378662723604585,0.7057817730330456,0.8774300425967132,0.6521947210367358,0.8263613877512119,0.7053015581368214,0.8806621445689945,0.6521947210367358,0.8881157378750278,0.7645885760928788,0.7764502013813553,0.8739548430749787,0.7057371195244825,0.65229422140514,0.81968942237515,0.9441387694544371,0.6521947210367358,0.6521947210367358,0.893474449515494,0.866479716068419,0.6521947210367358,0.8952344820259053,0.8612652585670154,0.6521947210367358,0.6521947210367358,0.8666597267263277,0.8877976806737499,0.6521947210367358,0.8223916347299888,0.7051907262914902,0.8831604312037808,0.7179758313282956,0.8677850238564516,0.6546084943815115,0.8244522649597915,0.6521947210367358,0.9365298224730952,0.6521947210367358,0.8301324060255374,0.9385243615216171,0.6521947210367358,0.8857659443580619,0.6522948936305067,0.8662551085611256,0.6521947210367358,0.8876284212496633,0.8681930308170958,0.6521947210367358,0.6521947210367358,0.8689359350102924,0.6521947210367358,0.8911072677098394,0.6521947210367358,0.8652412315005104,0.8947596358236622,0.6525694142198383,0.8932208478440512,0.7044696228129208,0.8386340072470643,0.8987695259384603,0.7051396817751155,0.6521947210367358,0.823402479523156,0.9699087323941404,0.6523153960244762,0.8809632121880281,0.6521947210367358,0.8574052280092229,0.6521947210367358,0.65229422140514,0.8814026900854913,0.6521947210367358,0.6521947210367358,0.6521947210367358,0.8665679558621227,0.6521947210367358,0.6521947210367358,0.8820058719238885,0.6521947210367358,0.6521947210367358,0.704886201242612,0.8983023564198073,0.6521947210367358,0.6524377188745837,0.6523254788282967,0.83552540973833,0.6521947210367358,0.6521947210367358,0.9492197563600325,0.6521947210367358,0.6521947210367358,0.6521947210367358,0.6521947210367358,0.8829762983449608,0.6521947210367358,0.7045225439946582,0.8147632939297663,0.6523248066483647,0.6521947210367358,0.8779864327803676,0.6521947210367358,0.6521947210367358,0.7049538880567655,0.6521947210367358,0.8481266180211577,0.6522948936305067,0.6521947210367358,0.8793604806379851,0.6521947210367358,0.7055068551892785,0.6521947210367358,0.8839432932508211,0.6521947210367358,0.6521947210367358
0.559489813137652,0.559489813137652,0.5623567867398872,0.6090598896944843,0.5829718298295539,0.7321721973564307,0.8290235220787614,0.7710994141427233,0.8418911293307769,0.6248866828284019,0.8514700143924983,0.7816293273481251,0.6243744129891029,0.8289989067650954,0.559489813137652,0.7679319671942791,0.6237978845517376,0.8328954548836888,0.559489813137652,0.8419024687977871,0.6945579237515339,0.7086495751491763,0.8248149262767277,0.6243208066598516,0.5596115286016946,0.7599979522500298,0.9111461591712999,0.559489813137652,0.559489813137652,0.8483982125271362,0.8158332874215931,0.559489813137652,0.8505357449676536,0.8095810573666213,0.559489813137652,0.559489813137652,0.8160493068555555,0.8415174810107114,0.559489813137652,0.7632106073282009,0.6236648136317519,0.8359110085083924,0.6389912102527416,0.8173999946369414,0.5624409731058982,0.7656611124049947,0.559489813137652,0.9015045941074435,0.559489813137652,0.7724191103755762,0.904021536016829,0.559489813137652,0.8390595932422159,0.5596123508938876,0.8155637678630908,0.559489813137652,0.8413126278139745,0.8178898478833962,0.559489813137652,0.559489813137652,0.8187819519861211,0.559489813137652,0.8455265251945819,0.559489813137652,0.8143474008543135,0.8499588456871192,0.5599481343549848,0.8480903877399648,0.6227989219343381,0.7825442497572327,0.8548354850284468,0.6236035254292184,0.559489813137652,0.764412635015493,0.9449417841185487,0.559637430099393,0.8332586843962105,0.559489813137652,0.8049590225549995,0.559489813137652,0.5596115286016946,0.8337889864908707,0.559489813137652,0.559489813137652,0.559489813137652,0.8159391768470037,0.559489813137652,0.559489813137652,0.834516988967354,0.559489813137652,0.559489813137652,0.6232991639188181,0.8542667456611259,0.559489813137652,0.559787054639862,0.5596497636331289,0.7788404207499818,0.559489813137652,0.559489813137652,0.9176509097906663,0.559489813137652,0.559489813137652,0.559489813137652,0.559489813137652,0.8356886377882718,0.559489813137652,0.622862474589359,0.7541434064703145,0.559648941407838,0.559489813137652,0.8296693083391331,0.559489813137652,0.559489813137652,0.6233804394423538,0.559489813137652,0.7938677614404777,0.5596123508938876,0.559489813137652,0.8313255691133877,0.559489813137652,0.6240443655119068,0.559489813137652,0.836856648973274,0.559489813137652,0.559489813137652
0.6725625008178675,0.6725625008178675,0.6748034089061119,0.7116412188976122,0.6909908668358837,0.8105352639222074,0.8881063704982137,0.8418911293307769,0.8982400975102358,0.7242449282927559,0.9057382413038079,0.8503449255007709,0.7238361933989825,0.8880869246491231,0.6725625008178675,0.8393451269323233,0.7233762471574114,0.8911624124386543,0.6725625008178675,0.8982489982217109,0.7801876842098152,0.7915546635429758,0.8847785403160952,0.7237934243452178,0.6726575830787752,0.8329624601706753,0.9511069650392125,0.6725625008178675,0.6725625008178675,0.9033383419476234,0.8776571006139426,0.6725625008178675,0.9050088098438465,0.8726855670591148,0.6725625008178675,0.6725625008178675,0.8778286716280217,0.8979467780905898,0.6725625008178675,0.8355477940825083,0.7232700941115241,0.8935386224524919,0.7355174370337332,0.8789011262706681,0.6748692512628489,0.8375190336437818,0.6725625008178675,0.9439888503970059,0.6725625008178675,0.8429515141396876,0.9458573687309211,0.6725625008178675,0.8960158268635143,0.6726582254572606,0.8774430184867024,0.6725625008178675,0.8977859399660499,0.8792899376860464,0.6725625008178675,0.6725625008178675,0.8799978404800419,0.6725625008178675,0.9010907547512185,0.6725625008178675,0.8764765823432917,0.9045581829348203,0.672920559421571,0.9030975997120879,0.7225794402524562,0.8510786417207843,0.9083622252141225,0.7232212045646159,0.6725625008178675,0.8365148172128902,0.9749270966669761,0.6726778175548419,0.8914488167106613,0.6725625008178675,0.8690035243479103,0.6725625008178675,0.6726575830787752,0.8918668666436093,0.6725625008178675,0.6725625008178675,0.6725625008178675,0.8777412038208506,0.6725625008178675,0.6725625008178675,0.8924405930908766,0.6725625008178675,0.6725625008178675,0.7229784263648,0.9079191954544588,0.6725625008178675,0.672794709819902,0.6726874526957032,0.848107532376747,0.6725625008178675,0.6725625008178675,0.9558433714753594,0.6725625008178675,0.6725625008178675,0.6725625008178675,0.6725625008178675,0.8933635183961577,0.6725625008178675,0.7226301262867526,0.828248455675884,0.6726868103594805,0.6725625008178675,0.8886164575483448,0.6725625008178675,0.6725625008178675,0.7230432551708408,0.6725625008178675,0.8601469614934266,0.6726582254572606,0.6725625008178675,0.8899239969960828,0.6725625008178675,0.723572878395032,0.6725625008178675,0.8942830408546637,0.6725625008178675,0.6725625008178675
0.2875440830181263,0.2875440830181263,0.2933562902287465,0.3793811144719131,0.3330627115804621,0.5693953409968628,0.7062085145121673,0.6248866828284019,0.7242449282927559,0.4059519653772412,0.7376971184515957,0.6397383777948601,0.4051066740432241,0.7061740346973949,0.2875440830181263,0.6204087607306474,0.40415424859120225,0.7116329513679068,0.2875440830181263,0.7242608371731339,0.5144033909216486,0.5352092000451562,0.7003140494575926,0.40501816566248544,0.2877925135125638,0.6091676305442437,0.8228718496653341,0.2875440830181263,0.2875440830181263,0.7333800144130881,0.6877364610676248,0.2875440830181263,0.7363837409001134,0.6789792211257438,0.2875440830181263,0.2875440830181263,0.6880389819643854,0.7237207305005657,0.2875440830181263,0.6137238484404712,0.4039342487031844,0.7158590667421774,0.42888677712974854,0.6899304863223843,0.29352573882583427,0.6171950599120053,0.2875440830181263,0.8088545000379221,0.2875440830181263,0.626750857833096,0.8125000916730797,0.2875440830181263,0.7202733409823654,0.28779419135757806,0.6873590136240317,0.2875440830181263,0.7234333529440682,0.6906164616526769,0.2875440830181263,0.2875440830181263,0.6918657213438376,0.2875440830181263,0.7293470127781243,0.2875440830181263,0.6856555087417072,0.7355729062750419,0.28847876368624414,0.7329475784536179,0.40250117368295446,0.6410265482360012,0.7424310325565868,0.4038329027119775,0.2875440830181263,0.615426989049221,0.8735847856814737,0.28784536086798823,0.7121419209955803,0.2875440830181263,0.6725026059068727,0.2875440830181263,0.2877925135125638,0.712885033106672,0.2875440830181263,0.2875440830181263,0.2875440830181263,0.6878847524628576,0.2875440830181263,0.2875440830181263,0.713905252601831,0.2875440830181263,0.2875440830181263,0.40332941393029925,0.7416307146984005,0.2875440830181263,0.2881505087694917,0.28787052281867986,0.6358096246071513,0.2875440830181263,0.2875440830181263,0.8324175708103158,0.2875440830181263,0.2875440830181263,0.2875440830181263,0.2875440830181263,0.7155473766774652,0.2875440830181263,0.40260644609317026,0.6008478085096804,0.28786884542466284,0.2875440830181263,0.7071131188105962,0.2875440830181263,0.2875440830181263,0.403463895847246,0.2875440830181263,0.6569449695541832,0.28779419135757806,0.2875440830181263,0.7094333811182949,0.2875440830181263,0.4045615786428759,0.2875440830181263,0.7171846406909892,0.2875440830181263,0.2875440830181263
0.6877262339431272,0.6877262339431272,0.6898913682613527,0.7255051727328555,0.7055363952224784,0.8211760535148468,0.8960032099927185,0.8514700143924983,0.9057382413038079,0.7376971184515957,0.912931613482019,0.8596288672867016,0.7373016986114088,0.8959845160840209,0.6877262339431272,0.8490119963055159,0.7368567384251605,0.898940480392765,0.6877262339431272,0.9057467854605783,0.7918252859301126,0.8028212433492112,0.8928033850545473,0.7372603229446315,0.6878180974586774,0.842848347511697,0.9561781684503937,0.6877262339431272,0.6877262339431272,0.9106302505835493,0.8859515578230118,0.6877262339431272,0.912232234159847,0.8811650447176331,0.6877262339431272,0.6877262339431272,0.8861166985222046,0.9054566653780671,0.6877262339431272,0.8453452248623214,0.7367540444924375,0.9012234908210282,0.7486031912287897,0.8871488879928773,0.6899549869229243,0.8472487855478777,0.6877262339431272,0.9494373269769881,0.6877262339431272,0.8524936442949995,0.9512090102914622,0.6877262339431272,0.9036027060183399,0.6878187180923353,0.8857454949513321,0.6877262339431272,0.9053022612111307,0.887523071188228,0.6877262339431272,0.6877262339431272,0.8882042986444353,0.6877262339431272,0.9084740866502377,0.6877262339431272,0.8848152008766472,0.9118001276393872,0.6880721731650764,0.9103993399256143,0.7360859001927549,0.8603367683914744,0.9154467251971335,0.7367067481175527,0.6877262339431272,0.8462790727957874,0.978496825947299,0.6878376469949308,0.899215691480463,0.6877262339431272,0.8776184800515932,0.6877262339431272,0.6878180974586774,0.8996173837218183,0.6877262339431272,0.6877262339431272,0.6877262339431272,0.8860325093103022,0.6877262339431272,0.6877262339431272,0.900168623000024,0.6877262339431272,0.6877262339431272,0.7364718818662439,0.9150221629012733,0.6877262339431272,0.6879505827293598,0.6878469559901274,0.8574699737517707,0.6877262339431272,0.6877262339431272,0.9606495379092078,0.6877262339431272,0.6877262339431272,0.6877262339431272,0.6877262339431272,0.9010552808313989,0.6877262339431272,0.736134934056213,0.8382947847429612,0.6878463353966249,0.6877262339431272,0.896493555810304,0.6877262339431272,0.6877262339431272,0.7365345978723967,0.6877262339431272,0.869082868494235,0.6878187180923353,0.6877262339431272,0.8977503403768398,0.6877262339431272,0.7370469626306198,0.6877262339431272,0.9019385532486116,0.6877262339431272,0.6877262339431272
0.5765621413303021,0.5765621413303021,0.5793251995412856,0.6244234504169127,0.5992125702661873,0.7438152187099933,0.8378662723604585,0.7816293273481251,0.8503449255007709,0.6397383777948601,0.8596288672867016,0.7918572879487763,0.6392424612371344,0.8378423941218174,0.5765621413303021,0.77855252302486,0.6386843538765555,0.8416219507263425,0.5765621413303021,0.8503559187398383,0.70728921061981,0.720970325707473,0.8337833486438297,0.6391905669863803,0.5766794308983102,0.7708453231431859,0.9172983102137491,0.5765621413303021,0.5765621413303021,0.8566522081281056,0.8250677445077405,0.5765621413303021,0.858723593495611,0.818999172457769,0.5765621413303021,0.5765621413303021,0.8252773972684513,0.8499826821206765,0.5765621413303021,0.7739661669119214,0.6385555372858307,0.8445465116799984,0.6533978181883658,0.8265882428633713,0.5794063450317752,0.7763466153546276,0.5765621413303021,0.9080083066812195,0.5765621413303021,0.7829112367555902,0.9104348262590187,0.5765621413303021,0.8475996425112172,0.5766802232941063,0.8248061663514763,0.5765621413303021,0.8497840786892598,0.8270636319672839,0.5765621413303021,0.5765621413303021,0.8279293741352175,0.5765621413303021,0.8538689784774507,0.5765621413303021,0.8236256114656487,0.8581645728533066,0.5770038033867991,0.8563538874757975,0.6377173513414498,0.792745917327026,0.8628894486021195,0.6384962088051142,0.5765621413303021,0.7751338335568804,0.9497119939258967,0.576704390713026,0.8419742414342353,0.5765621413303021,0.8145122060162856,0.5765621413303021,0.5766794308983102,0.8424885628496321,0.5765621413303021,0.5765621413303021,0.5765621413303021,0.8251705132715698,0.5765621413303021,0.5765621413303021,0.8431946066055197,0.5765621413303021,0.5765621413303021,0.6382015823489249,0.8623384840970698,0.5765621413303021,0.5768485765820612,0.5767162758651497,0.7891484662878838,0.5765621413303021,0.5765621413303021,0.9235572134637274,0.5765621413303021,0.5765621413303021,0.5765621413303021,0.5765621413303021,0.8443308649002319,0.5765621413303021,0.6377788691646461,0.7651580336384728,0.5767154835311866,0.5765621413303021,0.8384927125114846,0.5765621413303021,0.5765621413303021,0.6382802577820479,0.5765621413303021,0.8037430006948033,0.5766802232941063,0.5765621413303021,0.8400992769655218,0.5765621413303021,0.6389229572076175,0.5765621413303021,0.84546353278955,0.5765621413303021,0.5765621413303021
0.28633706625111194,0.28633706625111194,0.2921736242885493,0.37847349725529367,0.3320240785681244,0.5688176113475322,0.7057817730330456,0.6243744129891029,0.7238361933989825,0.4051066740432241,0.7373016986114088,0.6392424612371344,0.40425951718557324,0.7057472585806411,0.28633706625111194,0.619891476650657,0.4033049811387994,0.711211648075361,0.28633706625111194,0.723852118074999,0.5137514139250993,0.5345866628146286,0.6998813727024639,0.4041708130547802,0.28658655739441635,0.6086375731192821,0.8225609110159808,0.28633706625111194,0.28633706625111194,0.7329803296591667,0.6872910166306515,0.28633706625111194,0.735987024264756,0.6785247923439278,0.28633706625111194,0.28633706625111194,0.6875938464246107,0.7233114750661945,0.28633706625111194,0.6131990012909485,0.4030844924193605,0.7154419859366173,0.4280895220135328,0.6894872800374102,0.2923437685607079,0.6166741518000739,0.28633706625111194,0.8085294025683271,0.28633706625111194,0.6262406635986981,0.8121786579134608,0.28633706625111194,0.7198606584974547,0.28658824239668307,0.6869131836515792,0.28633706625111194,0.7230238120755832,0.690173954143594,0.28633706625111194,0.28633706625111194,0.691424485210795,0.28633706625111194,0.7289433371994629,0.28633706625111194,0.6852079369113768,0.7351753887437884,0.2872757280850859,0.7325474661078506,0.4016482210732531,0.6405320311867113,0.7420402823673253,0.4029829210756117,0.28633706625111194,0.6149040778158933,0.8733275682368867,0.28663963014344884,0.7117211268748272,0.28633706625111194,0.6720414760233852,0.28633706625111194,0.28658655739441635,0.7124649820724336,0.28633706625111194,0.28633706625111194,0.28633706625111194,0.6874394594546294,0.28633706625111194,0.28633706625111194,0.7134862211412563,0.28633706625111194,0.28633706625111194,0.40247831118655564,0.7412391755101545,0.28633706625111194,0.2869460779046293,0.286664899381018,0.6353094216980112,0.28633706625111194,0.28633706625111194,0.8321164025336838,0.28633706625111194,0.28633706625111194,0.28633706625111194,0.28633706625111194,0.7151299848519679,0.28633706625111194,0.4017537289988468,0.6003081145248871,0.2866632148354136,0.28633706625111194,0.7066872857494919,0.28633706625111194,0.28633706625111194,0.4026130928046032,0.28633706625111194,0.6564675209613907,0.28658824239668307,0.28633706625111194,0.7090098752801653,0.28633706625111194,0.40371321496568296,0.28633706625111194,0.7167688819214402,0.28633706625111194,0.28633706625111194
0.6521557371681079,0.6521557371681079,0.6545008197887807,0.6930115029839182,0.6714318807382543,0.7962353286890612,0.8774300425967132,0.8289989067650954,0.8880869246491231,0.7061740346973949,0.8959845160840209,0.8378423941218174,0.7057472585806411,0.8774096093988819,0.6521557371681079,0.826336552249147,0.7052670046928149,0.8806420070321778,0.6521557371681079,0.8880962929063234,0.7645587657470085,0.7764213344918303,0.8739340948772666,0.7057026014469964,0.6522552461111519,0.8196640381170458,0.9441252834146134,0.6521557371681079,0.6521557371681079,0.8934555126217142,0.866458299711713,0.6521557371681079,0.8952157140230124,0.861243383064404,0.6521557371681079,0.6521557371681079,0.8666383263177742,0.887778205827329,0.6521557371681079,0.8223664722145027,0.7051561638462981,0.8831405240768174,0.7179423024820967,0.8677637232976219,0.6545697181784108,0.824427271998586,0.6521557371681079,0.9365154137294139,0.6521557371681079,0.8301078826511269,0.9385101897237623,0.6521557371681079,0.885746279357153,0.6522559183944447,0.8662336723145896,0.6521557371681079,0.8876089305155989,0.8681717665274302,0.6521557371681079,0.6521557371681079,0.8689147368512541,0.6521557371681079,0.8910881052642831,0.6521557371681079,0.8652197056003378,0.8947408221528607,0.6525304626346996,0.8932018866996263,0.7044350017843872,0.8386101934465057,0.8987511003651184,0.7051051151840918,0.6521557371681079,0.8233774001317741,0.9698989078352495,0.652276422555093,0.8809431023294069,0.6521557371681079,0.857383015970742,0.6521557371681079,0.6522552461111519,0.8813826206726667,0.6521557371681079,0.6521557371681079,0.6521557371681079,0.8665465473222346,0.6521557371681079,0.6521557371681079,0.881985858106629,0.6521557371681079,0.6521557371681079,0.7048516140614696,0.8982838853400485,0.6521557371681079,0.6523987559445961,0.6522865062277233,0.8355013354807386,0.6521557371681079,0.6521557371681079,0.9492069178311898,0.6521557371681079,0.6521557371681079,0.6521557371681079,0.6521557371681079,0.8829563741783397,0.6521557371681079,0.7044879272666363,0.8147375070810401,0.6522858339898716,0.6521557371681079,0.8779660502897261,0.6521557371681079,0.6521557371681079,0.7049193063741946,0.6521557371681079,0.8481036075477703,0.6522559183944447,0.6521557371681079,0.8793402237075202,0.6521557371681079,0.7054723184163797,0.6521557371681079,0.8839234586742055,0.6521557371681079,0.6521557371681079
0.0,0.0,0.0582098769761808,0.24822672669746565,0.1684625905455529,0.49485899617581647,0.6521947210367358,0.559489813137652,0.6725625008178675,0.2875440830181263,0.6877262339431272,0.5765621413303021,0.28633706625111194,0.6521557371681079,0.0,0.5543263385528518,0.2849740642076433,0.6583253635076421,0.0,0.6725804461832428,0.42891769378031586,0.4541488967233585,0.6455273462173062,0.2862105380562724,0.011975937705520188,0.5413285284723102,0.783553678852202,0.0,0.0,0.6828620125383981,0.6312792438330298,0.0,0.6862466072315653,0.6213398168919843,0.0,0.0,0.6316223105741525,0.6719711830168132,0.0,0.5466031118229404,0.2846587682196297,0.6630985406305845,0.31944211316601245,0.6337669010352738,0.05906103843158802,0.5506157530233773,0.0,0.7677726596144228,0.0,0.5616371158733867,0.7718753490305392,0.0,0.6680814977626435,0.01201632885387345,0.6308511818044877,0.0,0.6716469939567836,0.6345444814823171,0.0,0.0,0.6359603255593298,0.0,0.6783161201016216,0.0,0.6289188713490976,0.6853330507298563,0.023243479208096954,0.682374667059191,0.2826006790661637,0.5780393007512098,0.6930580255714904,0.2845134646357709,0.0,0.548572526106347,0.8408964152537145,0.013188970539838609,0.6589003594825725,0.0,0.6139777201780572,0.0,0.011975937705520188,0.6597398016932073,0.0,0.0,0.0,0.631447412583226,0.0,0.0,0.6608921380771045,0.0,0.0,0.2837910478888667,0.692156772597773,0.0,0.018716853140869107,0.013728986411058504,0.5720535441358693,0.0,0.0,0.7943121294434489,0.0,0.0,0.0,0.0,0.6627465925487908,0.0,0.2827521176519543,0.5316733150348937,0.013693647905292847,0.0,0.6532174228871241,0.0,0.0,0.2839840946524896,0.0,0.5962498415216545,0.01201632885387345,0.0,0.6558399939037621,0.0,0.2855573807187262,0.0,0.6645951712507738,0.0,0.0
0.5543263385528518,0.5543263385528518,0.5572256138864657,0.6044247887227309,0.5780662224218047,0.7286697119401135,0.8263613877512119,0.7679319671942791,0.8393451269323233,0.6204087607306474,0.8490119963055159,0.77855252302486,0.619891476650657,0.826336552249147,0.5543263385528518,0.7647372911349837,0.6193092993707521,0.8302680439583413,0.5543263385528518,0.8393565697210015,0.6907263491138634,0.70494233701918,0.8221152430335287,0.6198373453364192,0.554449430257617,0.7567351005968658,0.9092852432232816,0.5543263385528518,0.5543263385528518,0.8459118196061326,0.8130540724978509,0.5543263385528518,0.8480690800895367,0.8067469009677161,0.5543263385528518,0.5543263385528518,0.8132719959857845,0.8389680750875775,0.5543263385528518,0.7599753591186501,0.6191749237695732,0.8333107680204154,0.6346495789127573,0.8146345983859339,0.5573107451540283,0.76244692058897,0.5543263385528518,0.8995392370499572,0.5543263385528518,0.7692630119558221,0.9020830474262411,0.5543263385528518,0.8364878482137859,0.5544502618460098,0.8127821778874008,0.5543263385528518,0.8387613567589526,0.815128776719789,0.5543263385528518,0.5543263385528518,0.8160287631312335,0.5543263385528518,0.8430137451065982,0.5543263385528518,0.8115550997735412,0.8474868489107344,0.5547898397512816,0.8456011599904962,0.6183005347129824,0.7794753337199644,0.8524087408922421,0.6191130345654214,0.5543263385528518,0.7611877151349793,0.9434908678678418,0.5544756245680472,0.8306345401542578,0.5543263385528518,0.8020844406479137,0.5543263385528518,0.554449430257617,0.8311696144261168,0.5543263385528518,0.5543263385528518,0.5543263385528518,0.8131608952107825,0.5543263385528518,0.5543263385528518,0.8319041739161521,0.5543263385528518,0.5543263385528518,0.6188056874353587,0.8518347023051658,0.5543263385528518,0.5546269402058077,0.5544880975236731,0.7757395853350696,0.5543263385528518,0.5543263385528518,0.9158629935770534,0.5543263385528518,0.5543263385528518,0.5543263385528518,0.5543263385528518,0.8330863897573438,0.5543263385528518,0.6183647114983017,0.7508302436218587,0.5544872660038453,0.5543263385528518,0.8270129531658575,0.5543263385528518,0.5543263385528518,0.6188877603908711,0.5543263385528518,0.790896719596289,0.5544502618460098,0.5543263385528518,0.8286840580273604,0.5543263385528518,0.6195581960887437,0.5543263385528518,0.8342649528611454,0.5543263385528518,0.5543263385528518
0.2849740642076433,0.2849740642076433,0.29083835542343833,0.3774505236379976,0.3308525554905386,0.5681673159938616,0.7053015581368214,0.6237978845517376,0.7233762471574114,0.40415424859120225,0.7368567384251605,0.6386843538765555,0.4033049811387994,0.7052670046928149,0.2849740642076433,0.6193092993707521,0.40234805715609867,0.7107375548217009,0.2849740642076433,0.7233921896122111,0.5130173846150321,0.5338858435157054,0.6993944763112886,0.40321605553892814,0.28522476363864785,0.6080410046506105,0.8222110050939468,0.2849740642076433,0.2849740642076433,0.7325305694765825,0.6867897462743147,0.2849740642076433,0.7355406046003772,0.6780134064493387,0.2849740642076433,0.2849740642076433,0.6870929238446654,0.7228509429289482,0.2849740642076433,0.6126083032386052,0.40212701535926026,0.7149726456678304,0.4271914221113196,0.6889885295173609,0.29100929178075413,0.616087891659939,0.2849740642076433,0.8081635689189318,0.2849740642076433,0.6256664733747955,0.8118169458000849,0.2849740642076433,0.7193962689805337,0.28522645679433484,0.6864114792333119,0.2849740642076433,0.7225629586663771,0.6896759903351033,0.2849740642076433,0.2849740642076433,0.6909279527601201,0.2849740642076433,0.728489085368145,0.2849740642076433,0.6847042713747372,0.7347280677046132,0.2859172612241302,0.7320972246792702,0.40068712749531504,0.639975500164838,0.7416005775327235,0.40202518904395895,0.2849740642076433,0.6143155608828054,0.8730380859730156,0.28527809315163366,0.7112476067713883,0.2849740642076433,0.6715225448203608,0.2849740642076433,0.28522476363864785,0.7119922984218584,0.2849740642076433,0.2849740642076433,0.2849740642076433,0.68693835958665,0.2849740642076433,0.2849740642076433,0.7130146851628332,0.2849740642076433,0.2849740642076433,0.401519310682157,0.7407985827264071,0.2849740642076433,0.28558602166197944,0.2853034846078406,0.6347464862709841,0.2849740642076433,0.2849740642076433,0.8317774869997705,0.2849740642076433,0.2849740642076433,0.2849740642076433,0.2849740642076433,0.7146602944929202,0.2849740642076433,0.40079290190365596,0.5997006877387678,0.2853017919153278,0.2849740642076433,0.7062080934562628,0.2849740642076433,0.2849740642076433,0.4016544313981134,0.2849740642076433,0.6559302134088358,0.28522645679433484,0.2849740642076433,0.7085333027015206,0.2849740642076433,0.40275731352793265,0.2849740642076433,0.7163010297538488,0.2849740642076433,0.2849740642076433
