0.0,0.0,0.039510397695250346,0.16415540149580565,0.11444276879597731,0.3316089794405227,0.8408964152537145,0.010098930363691905,0.015183344415429295,0.19530309210281657,0.4423372325052314,0.3817249500186476,0.19394076756124284,0.42450566798863704,0.0,0.4177542159114418,0.0,0.427402665669153,0.4347980173070735,0.19303748932526588,0.3747228589647427,0.0,0.4210970278525016,0.1938623371345125,0.36074594829548373,0.0,0.4787798716514778,0.0,0.4399669291496315,0.19190814360599537,0.3644902510833201,0.44175828939390066,0.008155027132638422,0.4077513823573957,0.0,0.36369624151727803,0.0,0.4782709332166138,0.0,0.36391394469413596,0.192966228057031,0.4301620556109755,0.42726567901195345,0.19129306925472453,0.03945670149515251,0.36655934592730266,0.43106222016795254,0.0,0.42134102918618677,0.0,0.43210902977163806,0.1928781292838171,0.4328301464763913,0.009317342892833655,0.4131668395577045,0.0,0.4341478939805494,0.1914846876234835,0.3665108357365935,0.3667286175433956,0.0,0.4812827655465378,0.0,0.3620985088583489,0.0,0.48406499568993433,0.43985663653311885,0.0,0.1916393624451497,0.38291301648604,0.4445411524789069,0.19255959752400084,0.0,0.36501957461215917,0.48675777725227126,0.009577191900317795,0.42807499752868977,0.0,0.4035926362014614,0.0,0.0,0.428265606944923,0.009293359991182146,0.0,0.36382196271320916,0.19243471127398154,0.0,0.0,0.42914446496915143,0.0,0.0,0.0,0.4873930045856951,0.0,0.0,0.009317342892833655,0.37951372578667225,0.0,0.19168894890145627,0.43713222381578504,0.0,0.0,0.0,0.42989653973963343,0.0,0.0,0.19152905986637,0.35462163460114177,0.0,0.0,0.009293359991182146,0.42483157883514255,0.0,0.19242076549585793,0.3935062463744101,0.008155027132638422,0.0,0.0,0.4265165949758373,0.19348184913735156,0.0,0.0,0.4308266558674171,0.0,0.0
0.0,0.0,0.039510397695250346,0.16415540149580565,0.11444276879597731,0.3316089794405227,0.8408964152537145,0.010098930363691905,0.015183344415429295,0.19530309210281657,0.4423372325052314,0.3817249500186476,0.19394076756124284,0.42450566798863704,0.0,0.4177542159114418,0.0,0.427402665669153,0.4347980173070735,0.19303748932526588,0.3747228589647427,0.0,0.4210970278525016,0.1938623371345125,0.36074594829548373,0.0,0.4787798716514778,0.0,0.4399669291496315,0.19190814360599537,0.3644902510833201,0.44175828939390066,0.008155027132638422,0.4077513823573957,0.0,0.36369624151727803,0.0,0.4782709332166138,0.0,0.36391394469413596,0.192966228057031,0.4301620556109755,0.42726567901195345,0.19129306925472453,0.03945670149515251,0.36655934592730266,0.43106222016795254,0.0,0.42134102918618677,0.0,0.43210902977163806,0.1928781292838171,0.4328301464763913,0.009317342892833655,0.4131668395577045,0.0,0.4341478939805494,0.1914846876234835,0.3665108357365935,0.3667286175433956,0.0,0.4812827655465378,0.0,0.3620985088583489,0.0,0.48406499568993433,0.43985663653311885,0.0,0.1916393624451497,0.38291301648604,0.4445411524789069,0.19255959752400084,0.0,0.36501957461215917,0.48675777725227126,0.009577191900317795,0.42807499752868977,0.0,0.4035926362014614,0.0,0.0,0.428265606944923,0.009293359991182146,0.0,0.36382196271320916,0.19243471127398154,0.0,0.0,0.42914446496915143,0.0,0.0,0.0,0.4873930045856951,0.0,0.0,0.009317342892833655,0.37951372578667225,0.0,0.19168894890145627,0.43713222381578504,0.0,0.0,0.0,0.42989653973963343,0.0,0.0,0.19152905986637,0.35462163460114177,0.0,0.0,0.009293359991182146,0.42483157883514255,0.0,0.19242076549585793,0.3935062463744101,0.008155027132638422,0.0,0.0,0.4265165949758373,0.19348184913735156,0.0,0.0,0.4308266558674171,0.0,0.0
0.039510397695250346,0.039510397695250346,0.05587610623384529,0.16884154598467432,0.12107051252088011,0.33394009295975025,0.8415519971208479,0.040780630065015554,0.042327357009579174,0.19925658536381627,0.444064057281235,0.3837423220879328,0.19792155610831683,0.4263101663150019,0.039510397695250346,0.4195896655076221,0.039510397695250346,0.42919415249538545,0.4365569918734532,0.19703658087855702,0.37677931873210074,0.039510397695250346,0.42291704110415396,0.19784470837717646,0.3628846603526583,0.039510397695250346,0.48036380992628785,0.039510397695250346,0.441703756782047,0.195930352906641,0.3666063488661319,0.4434875486225754,0.04034322630733943,0.4096343874373447,0.039510397695250346,0.36581709830054643,0.039510397695250346,0.4798567384209861,0.039510397695250346,0.366033494705409,0.19696677060870266,0.4319412948145699,0.42905777753834,0.195327979963012,0.05583815031121784,0.3686631332154287,0.43283749424472634,0.039510397695250346,0.42315992433569405,0.039510397695250346,0.433879711279073,0.19688046710449386,0.43459767579980674,0.040594141116955786,0.415023839332573,0.039510397695250346,0.4359096871526748,0.1955156329286707,0.36861491015372366,0.368831403480297,0.039510397695250346,0.48285757069991947,0.039510397695250346,0.36422900123780205,0.039510397695250346,0.4856297411578858,0.4415939319224826,0.039510397695250346,0.1956671124497699,0.38492388837882036,0.4462587608361781,0.19656843958965342,0.039510397695250346,0.36713251061939783,0.48831287770373033,0.040654569388331376,0.4298634871996606,0.039510397695250346,0.4054960425385408,0.039510397695250346,0.039510397695250346,0.4300532484378247,0.040588643176550525,0.039510397695250346,0.36594206467089013,0.196446109121453,0.039510397695250346,0.039510397695250346,0.4309282044064011,0.039510397695250346,0.039510397695250346,0.039510397695250346,0.48894584267459074,0.039510397695250346,0.039510397695250346,0.040594141116955786,0.3815432965558887,0.039510397695250346,0.19571567559361325,0.43888113974650567,0.039510397695250346,0.039510397695250346,0.039510397695250346,0.4316769513386364,0.039510397695250346,0.039510397695250346,0.1955590880121861,0.3567983028142343,0.039510397695250346,0.039510397695250346,0.040588643176550525,0.42663460543972476,0.039510397695250346,0.1964324489407514,0.3954607690049884,0.04034322630733943,0.039510397695250346,0.039510397695250346,0.4283120446766767,0.19747191606542422,0.039510397695250346,0.039510397695250346,0.4326029661526668,0.039510397695250346,0.039510397695250346
0.16415540149580565,0.16415540149580565,0.16884154598467432,0.2321086401229779,0.2000926681367478,0.3697406649254802,0.8520002397826162,0.16446564096872632,0.16485583203724424,0.2550624090965408,0.47118714111617194,0.41511493310290953,0.25402222398313173,0.45458274435418444,0.16415540149580565,0.4483176049426719,0.16415540149580565,0.45727484244025396,0.4641570228670107,0.2533342082375749,0.40871291492584,0.16415540149580565,0.45141807111951954,0.2539624314669693,0.39599017466908487,0.16415540149580565,0.5053477828309929,0.16415540149580565,0.46897540905446977,0.2524758929420927,0.3993908234240676,0.4706468048795581,0.1643577685958456,0.4390589426900573,0.16415540149580565,0.39866920692118657,0.16415540149580565,0.5048688603147047,0.16415540149580565,0.39886703562483244,0.253279986512324,0.4598411144622738,0.45714749465510873,0.25200932163321105,0.16882899376363159,0.4012724713555952,0.46067870645004877,0.16415540149580565,0.4516445036457844,0.16415540149580565,0.46165301069740083,0.2532129649385971,0.46232434276844386,0.1644195155461592,0.44406791332426093,0.16415540149580565,0.46355145475992804,0.25215460804346174,0.40122833614649883,0.40142648427911787,0.16415540149580565,0.5077037624362094,0.16415540149580565,0.39721792897457225,0.16415540149580565,0.5103240303892996,0.4688725277533135,0.16415540149580565,0.252271928371175,0.4162029571222785,0.47324481796883766,0.25297074732046254,0.16415540149580565,0.39987202890059964,0.5128613854669963,0.1644344398948945,0.45789993793985595,0.16415540149580565,0.43521830982958143,0.16415540149580565,0.16415540149580565,0.45807717712429163,0.16441815871991078,0.16415540149580565,0.39878344846407765,0.2528758272487125,0.16415540149580565,0.16415540149580565,0.45889451039188917,0.16415540149580565,0.16415540149580565,0.16415540149580565,0.5134601356631139,0.16415540149580565,0.16415540149580565,0.1644195155461592,0.41309126215834113,0.16415540149580565,0.2523095479873092,0.46633212456695605,0.16415540149580565,0.16415540149580565,0.16415540149580565,0.45959409503831333,0.16415540149580565,0.16415540149580565,0.2521882601505318,0.39044065406564216,0.16415540149580565,0.16415540149580565,0.16441815871991078,0.4548854927709468,0.16415540149580565,0.2528652293329941,0.4259259422376975,0.1643577685958456,0.16415540149580565,0.16415540149580565,0.45645120615749635,0.25367250416895404,0.16415540149580565,0.16415540149580565,0.46045949668645003,0.16415540149580565,0.16415540149580565
0.11444276879597731,0.11444276879597731,0.12107051252088011,0.2000926681367478,0.16183957470392044,0.3506747828171873,0.8463493447749032,0.11488745322585991,0.1154454899776894,0.22633524350613027,0.4566064412394511,0.39831996911112216,0.22516144148074202,0.4393999778094559,0.11444276879597731,0.43289695443560994,0.11444276879597731,0.442192425939331,0.44932624572933316,0.22438432919842985,0.3916280934533345,0.11444276879597731,0.4361159150672563,0.22509392875738513,0.3783017915776786,0.11444276879597731,0.491893183376248,0.11444276879597731,0.45431677009563604,0.22341405249774296,0.38186751481713926,0.4560471255870948,0.11473293364973733,0.42327507288600863,0.11444276879597731,0.38111110481936483,0.11444276879597731,0.49139939596181953,0.11444276879597731,0.3813184845460416,0.22432306137307187,0.4448533433272622,0.44206035588922227,0.22288623832272206,0.12105300169417409,0.38383930129201577,0.4457216151237329,0.11444276879597731,0.43635094177565104,0.11444276879597731,0.4467314775681952,0.22424732539394324,0.4474272302308046,0.11482139483958306,0.42848232306680056,0.11444276879597731,0.44869881187575383,0.22305062425455274,0.3837930614765565,0.38400065477821854,0.11444276879597731,0.4943219396763266,0.11444276879597731,0.37958946960586926,0.11444276879597731,0.49702247647072934,0.45421024708931945,0.11444276879597731,0.22318334848624047,0.39945638387027266,0.4587360344934687,0.22397356782081787,0.11444276879597731,0.3823718524699652,0.49963689843428777,0.11484277082985689,0.4428406657068751,0.11444276879597731,0.4192794728250164,0.11444276879597731,0.11444276879597731,0.4430244565554615,0.11481945137033651,0.11444276879597731,0.3812308630136032,0.22386626825210146,0.11444276879597731,0.11444276879597731,0.4438719420189375,0.11444276879597731,0.11444276879597731,0.11444276879597731,0.5002537407549936,0.11444276879597731,0.11444276879597731,0.11482139483958306,0.39620562928347336,0.11444276879597731,0.22322590385615795,0.4515794561843095,0.11444276879597731,0.11444276879597731,0.11444276879597731,0.4445972562216299,0.11444276879597731,0.11444276879597731,0.22308869655987199,0.3724766949929151,0.11444276879597731,0.11444276879597731,0.11481945137033651,0.43971406648194483,0.11444276879597731,0.22385428746627717,0.4096010983291113,0.11473293364973733,0.11444276879597731,0.11444276879597731,0.4413382046703502,0.22476650560862074,0.11444276879597731,0.11444276879597731,0.4454943859671004,0.11444276879597731,0.11444276879597731
0.3316089794405227,0.3316089794405227,0.33394009295975025,0.3697406649254802,0.3506747828171873,0.4675417349263897,0.883501667353752,0.331761788880648,0.3319542863125354,0.38444306484268226,0.5498315067027897,0.5036080772269705,0.3837598465439708,0.5359818133379227,0.3316089794405227,0.5307892293081229,0.3316089794405227,0.5382187676486478,0.5439525892548239,0.383308792852602,0.4984382569054917,0.3316089794405227,0.533356557160532,0.3837206204402864,0.48823948166807,0.3316089794405227,0.5786850694412016,0.3316089794405227,0.5479796245336674,0.3827470478767867,0.49095541299840795,0.5493788886641646,0.3317086314136309,0.5231509368105836,0.3316089794405227,0.4903784664899906,0.3316089794405227,0.5782775139955156,0.3316089794405227,0.49053660099076557,0.3832732747422347,0.5403543047640488,0.5381128738273533,0.3824421354014735,0.3339337836975161,0.4924614000089491,0.5410519663571165,0.3316089794405227,0.5335442355854296,0.3316089794405227,0.5418639028271488,0.3832293778966967,0.5424236079017022,0.3317390559375341,0.5272779429959101,0.3316089794405227,0.5434472048395632,0.382537048830053,0.49242605024375835,0.49258476522111555,0.3316089794405227,0.5806911393108377,0.3316089794405227,0.4892191614952547,0.3316089794405227,0.5829245023595203,0.5478935336028655,0.3316089794405227,0.3826137147348673,0.5044891146200606,0.5515562837722252,0.38307078753372753,0.3316089794405227,0.4913403325032645,0.5850894266396766,0.3317464108878798,0.5387386640384655,0.3316089794405227,0.5199952876645029,0.3316089794405227,0.3316089794405227,0.5388861080818567,0.33173838729740085,0.3316089794405227,0.4904697824573209,0.383008662304754,0.3316089794405227,0.3316089794405227,0.5395662297018076,0.3316089794405227,0.3316089794405227,0.3316089794405227,0.5856006092715115,0.3316089794405227,0.3316089794405227,0.3317390559375341,0.5019712501523074,0.3316089794405227,0.3826383024309433,0.5457691944501386,0.3316089794405227,0.3316089794405227,0.3316089794405227,0.5401486143477233,0.3316089794405227,0.3316089794405227,0.3825590376046584,0.4838237047522744,0.3316089794405227,0.3316089794405227,0.33173838729740085,0.5362332074322869,0.3316089794405227,0.3830017267702786,0.512392689965717,0.3317086314136309,0.3316089794405227,0.3316089794405227,0.537534020793515,0.3835304901027863,0.3316089794405227,0.3316089794405227,0.5408693474232552,0.3316089794405227,0.3316089794405227
0.8408964152537145,0.8408964152537145,0.8415519971208479,0.8520002397826162,0.8463493447749032,0.883501667353752,1.0,0.8409392928116766,0.8409933260819417,0.8564832687785802,0.9120271092554137,0.8958766532338199,0.8562726438984674,0.9071686738365442,0.8408964152537145,0.9053500486261731,0.8408964152537145,0.9079527233622049,0.9099637344560663,0.8561337116603607,0.8940867042748211,0.8408964152537145,0.906248961236363,0.856260557790824,0.8905698784362431,0.8408964152537145,0.9221541741745176,0.8408964152537145,0.9113770148927184,0.8559608185900783,0.8915044344792425,0.9118682112043199,0.8409243755431655,0.9026790717994763,0.8408964152537145,0.8913057818651452,0.8408964152537145,0.9220113465458499,0.8408964152537145,0.8913602236867938,0.8561227755420363,0.9087015120595285,0.9079156005529415,0.8558670354233324,0.8415502184864962,0.8920232819747819,0.908946190234916,0.8408964152537145,0.9063146943705427,0.8408964152537145,0.9092309779873607,0.8561092604103251,0.9094273144956815,0.840932913196512,0.904121526095647,0.8408964152537145,0.9097864162210284,0.8558962236218884,0.8920110980673738,0.8920658038301067,0.8408964152537145,0.9228570259687514,0.8408964152537145,0.8909068152852092,0.8408964152537145,0.9236391461462451,0.9113467954948928,0.8408964152537145,0.8559198033698803,0.8961821409531505,0.9126326612254793,0.8560604405568223,0.8408964152537145,0.8916370056999713,0.924396895094007,0.8409349772055419,0.9081349914076903,0.8408964152537145,0.9015773353574753,0.8408964152537145,0.8408964152537145,0.9081866860722303,0.8409327255585739,0.8408964152537145,0.8913372190978879,0.8560413193944829,0.8408964152537145,0.8408964152537145,0.9084251567893836,0.8408964152537145,0.8408964152537145,0.8408964152537145,0.9245757530550672,0.8408964152537145,0.8408964152537145,0.840932913196512,0.895309443495831,0.8408964152537145,0.8559273662724975,0.9106011937686161,0.8408964152537145,0.8408964152537145,0.8408964152537145,0.9086293790159656,0.8408964152537145,0.8408964152537145,0.8559029863149634,0.8890536736783349,0.8408964152537145,0.8408964152537145,0.8409327255585739,0.9072567708064693,0.8408964152537145,0.8560391848596521,0.898927944410605,0.8409243755431655,0.8408964152537145,0.8408964152537145,0.9077126864346201,0.8562019862403445,0.8408964152537145,0.8408964152537145,0.9088821411083013,0.8408964152537145,0.8408964152537145
0.010098930363691905,0.010098930363691905,0.040780630065015554,0.16446564096872632,0.11488745322585991,0.331761788880648,0.8409392928116766,0.01428204427150329,0.018235195054399113,0.19556383040415382,0.44245027216561345,0.38185708918083294,0.19420334021953164,0.4246238099384134,0.010098930363691905,0.4178743917409107,0.010098930363691905,0.4275199527278813,0.43491316854018847,0.19330129242353233,0.37485757060152525,0.010098930363691905,0.42121618927147625,0.19412501617850605,0.3608860756720513,0.010098930363691905,0.4788835317480297,0.010098930363691905,0.44008062574313833,0.19217350128425073,0.3646288891275121,0.4418714889320234,0.012980480023039928,0.4078746839955632,0.010098930363691905,0.3638351929583966,0.010098930363691905,0.4783747158128602,0.010098930363691905,0.36405281007857554,0.19323012871413567,0.43027853803431204,0.4273830062594086,0.1915592812753642,0.04072860856949124,0.3666971733353292,0.43117844210708833,0.010098930363691905,0.4214601171323428,0.010098930363691905,0.4322249500159106,0.19314215064983503,0.4329458596527448,0.013740497534224504,0.4132884317490508,0.010098930363691905,0.4342632303582598,0.19175063289993702,0.366648682050962,0.36686637901661795,0.010098930363691905,0.48138582638715,0.010098930363691905,0.36223809487266106,0.010098930363691905,0.4841673965163654,0.43997036384737953,0.010098930363691905,0.1919050927917375,0.38304472792490224,0.4446535868920457,0.19282405624361432,0.010098930363691905,0.36515800444865687,0.48685954530694087,0.01391800985679221,0.4281920876765234,0.010098930363691905,0.4037172791211878,0.010098930363691905,0.010098930363691905,0.42838264136878507,0.013724246202326965,0.010098930363691905,0.3639608644456392,0.19269934185880894,0.010098930363691905,0.010098930363691905,0.4292612430380583,0.010098930363691905,0.010098930363691905,0.010098930363691905,0.4874946242207052,0.010098930363691905,0.010098930363691905,0.013740497534224504,0.37964666770056055,0.010098930363691905,0.19195461041769074,0.4372467143588924,0.010098930363691905,0.010098930363691905,0.010098930363691905,0.4300130991833573,0.010098930363691905,0.010098930363691905,0.191794943449664,0.35476426228722735,0.010098930363691905,0.010098930363691905,0.013724246202326965,0.4249496240850999,0.010098930363691905,0.1926854152862669,0.3936342507782105,0.012980480023039928,0.010098930363691905,0.010098930363691905,0.4266341423984686,0.19374504550470015,0.010098930363691905,0.010098930363691905,0.43094294587836235,0.010098930363691905,0.010098930363691905
0.015183344415429295,0.015183344415429295,0.042327357009579174,0.16485583203724424,0.1154454899776894,0.3319542863125354,0.8409933260819417,0.018235195054399113,0.021472491315532135,0.19589196756074834,0.4425927022651284,0.3820235686439729,0.19453377891780338,0.42477266538364716,0.015183344415429295,0.41802580831861,0.015183344415429295,0.4276677316394009,0.4350582578191241,0.19363327485504078,0.37502728862586016,0.015183344415429295,0.42136632847851146,0.1944555883529094,0.361062611227177,0.015183344415429295,0.4790141488035552,0.015183344415429295,0.44022388315146554,0.1925074340260824,0.3648035499249938,0.4420141203743618,0.017234802372228967,0.4080300365350826,0.015183344415429295,0.3640102482613387,0.015183344415429295,0.47850548716041014,0.015183344415429295,0.3642277570532114,0.1935622335419606,0.4304253036838837,0.4275308357794828,0.19189428579361104,0.04227723879198782,0.3668708136896743,0.4313248797311249,0.015183344415429295,0.42161016381978067,0.015183344415429295,0.4323710077164914,0.19347440691726187,0.433091656592258,0.017814230917776556,0.41344163180914956,0.015183344415429295,0.4344085527922705,0.19208530278986036,0.36682234620511966,0.36703993637038823,0.015183344415429295,0.48151568865806504,0.015183344415429295,0.3624139489721096,0.015183344415429295,0.48429642746808776,0.4401136599436863,0.015183344415429295,0.19223949305166793,0.38321066890055766,0.4447952547659748,0.19315686120292738,0.015183344415429295,0.36533240315208043,0.4869877792453772,0.01795150547137682,0.4283396186231179,0.015183344415429295,0.40387432051554634,0.015183344415429295,0.015183344415429295,0.4285301021434467,0.01780169892199468,0.015183344415429295,0.36413585717521485,0.19303236243321975,0.015183344415429295,0.015183344415429295,0.42940838098994033,0.015183344415429295,0.015183344415429295,0.015183344415429295,0.48762267121482517,0.015183344415429295,0.015183344415429295,0.017814230917776556,0.3798141577866399,0.015183344415429295,0.1922889243293462,0.4373909716165303,0.015183344415429295,0.015183344415429295,0.015183344415429295,0.4301599618237875,0.015183344415429295,0.015183344415429295,0.19212953594558313,0.35494394508996024,0.015183344415429295,0.015183344415429295,0.01780169892199468,0.42509835776044846,0.015183344415429295,0.19301845995513073,0.3937955245668946,0.017234802372228967,0.015183344415429295,0.015183344415429295,0.4267822491784932,0.19407626672843958,0.015183344415429295,0.015183344415429295,0.43108946922477914,0.015183344415429295,0.015183344415429295
0.19530309210281657,0.19530309210281657,0.19925658536381627,0.2550624090965408,0.22633524350613027,0.38444306484268226,0.8564832687785802,0.19556383040415382,0.19589196756074834,0.27609976504912126,0.48262395208721626,0.42818697303787123,0.2751398851185495,0.4664684121763458,0.19530309210281657,0.4603797675230951,0.19530309210281657,0.469085910737837,0.4757806460741971,0.27450530273993307,0.4219957661448493,0.19530309210281657,0.46339237948125184,0.2750847262282051,0.4097094826973102,0.19530309210281657,0.515936989864306,0.19530309210281657,0.4804704983103207,0.27371400334597673,0.41299109993672894,0.48209781223260056,0.19547315358187445,0.4513896409669419,0.19530309210281657,0.41229459363264215,0.19530309210281657,0.5154693225194036,0.19530309210281657,0.4124855305719009,0.2744553028188439,0.47158174507783446,0.46896207538691265,0.27328402839420196,0.19924595332283843,0.4148076425895807,0.47239648791107836,0.19530309210281657,0.46361243537790653,0.19530309210281657,0.4733442997453418,0.2743935018522768,0.4739974311839549,0.19552505554101185,0.4562521624496332,0.19530309210281657,0.4751913870106864,0.2734179063274051,0.41476502836632007,0.41495635020905447,0.19530309210281657,0.5182378404083388,0.19530309210281657,0.4108940571024742,0.19530309210281657,0.5207972556558905,0.4803703388179667,0.19530309210281657,0.27352602256108405,0.42923972750122524,0.4846278090029203,0.27417017178471087,0.19530309210281657,0.4134556047897284,0.5232761380282277,0.195537601193515,0.46969378870566175,0.19530309210281657,0.44766322551489096,0.19530309210281657,0.19530309210281657,0.46986615313068947,0.19552391498711702,0.19530309210281657,0.412404854611418,0.27408266197275527,0.19530309210281657,0.19530309210281657,0.4706610469584807,0.19530309210281657,0.19530309210281657,0.19530309210281657,0.5238611545328816,0.19530309210281657,0.19530309210281657,0.19552505554101185,0.42622932816914316,0.19530309210281657,0.27356069240001374,0.4778974556529452,0.19530309210281657,0.19530309210281657,0.19530309210281657,0.47134147738315496,0.19530309210281657,0.19530309210281657,0.2734489175717827,0.4043580981874714,0.19530309210281657,0.19530309210281657,0.19552391498711702,0.46676273465716694,0.19530309210281657,0.27407289172111376,0.43865443174815133,0.19547315358187445,0.19530309210281657,0.19530309210281657,0.4682850202690947,0.27481729394000165,0.19530309210281657,0.19530309210281657,0.47218325146000717,0.19530309210281657,0.19530309210281657
0.4423372325052314,0.4423372325052314,0.444064057281235,0.47118714111617194,0.4566064412394511,0.5498315067027897,0.9120271092554137,0.44245027216561345,0.4425927022651284,0.48262395208721626,0.6194842050668516,0.5800615155795599,0.4820889804471278,0.6076026618488594,0.4423372325052314,0.6031624550426489,0.4423372325052314,0.6095179854588099,0.6144340599371545,0.48173598025653985,0.5756968246472953,0.4423372325052314,0.6053567701963867,0.48205827584115346,0.5671160001282903,0.4423372325052314,0.6444002150891517,0.4423372325052314,0.6178923552847653,0.48129655536811494,0.5693971339180325,0.6190950546757602,0.4424109468054777,0.5966460730724109,0.4423372325052314,0.5689123087707854,0.4423372325052314,0.6440468854758404,0.4423372325052314,0.5690451808741571,0.48170818952535416,0.6113478458534202,0.609427283799837,0.48105813247604906,0.4440593766460631,0.5706632714757294,0.6119459328588563,0.4423372325052314,0.6055172591231417,0.4423372325052314,0.612642161546023,0.481673844198521,0.6131222142027541,0.4424334542344125,0.6001646230337893,0.4423372325052314,0.6140003732121295,0.48113234180499426,0.5706335415468131,0.5707670281233034,0.4423372325052314,0.6461399149830047,0.4423372325052314,0.5679385060183849,0.4423372325052314,0.6480777727949601,0.6178183757683064,0.4423372325052314,0.4811922887925349,0.5808063193050519,0.6209676387342362,0.4815497730282066,0.4423372325052314,0.569720665544898,0.6499572822306778,0.4424388954053215,0.6099633421531496,0.4423372325052314,0.5939593711854625,0.4423372325052314,0.4423372325052314,0.6100896609539733,0.4424329595789294,0.4423372325052314,0.568989035578446,0.48150117505206574,0.4423372325052314,0.4423372325052314,0.6106724194888422,0.4423372325052314,0.4423372325052314,0.4423372325052314,0.6504012195402219,0.4423372325052314,0.4423372325052314,0.4424334542344125,0.5786785381770986,0.4423372325052314,0.4812115154213082,0.6159935434794149,0.4423372325052314,0.4423372325052314,0.4423372325052314,0.6111715397518915,0.4423372325052314,0.4423372325052314,0.4811495349454945,0.5634134289271431,0.4423372325052314,0.4423372325052314,0.4424329595789294,0.6078178363527839,0.4423372325052314,0.481495749844337,0.5875001395102348,0.4424109468054777,0.4423372325052314,0.4423372325052314,0.6089315348216837,0.4819094650866144,0.4423372325052314,0.4423372325052314,0.6117893648337724,0.4423372325052314,0.4423372325052314
0.3817249500186476,0.3817249500186476,0.3837423220879328,0.41511493310290953,0.39831996911112216,0.5036080772269705,0.8958766532338199,0.38185708918083294,0.3820235686439729,0.42818697303787123,0.5800615155795599,0.5369519501872013,0.42757735683601306,0.567106828689384,0.3817249500186476,0.5622576820207933,0.3817249500186476,0.5691971891606895,0.5745588853632051,0.42717500638996214,0.5321548461939941,0.3817249500186476,0.564654650127061,0.42754236269481394,0.5227077833077655,0.3817249500186476,0.6071387327950251,0.3817249500186476,0.5783276038004224,0.426674041637598,0.5252213444372542,0.5796376835415767,0.3818111205740869,0.5551328665221972,0.3817249500186476,0.5246872522687158,0.3817249500186476,0.6067555153669719,0.3817249500186476,0.5248336336576692,0.42714332719428527,0.5711935257163093,0.5690982167102117,0.42640217856472096,0.38373685742771074,0.5266158106840156,0.5718458680682972,0.3817249500186476,0.5648299177471932,0.3817249500186476,0.5726051583316045,0.4271041756301814,0.5731286319312091,0.3818374303575381,0.5589811907729462,0.3817249500186476,0.5740860941381354,0.42648679994909494,0.526583073004311,0.5267300622317851,0.3817249500186476,0.6090252980515564,0.3817249500186476,0.5236142780837315,0.3817249500186476,0.6111261809481231,0.5782470095698375,0.3817249500186476,0.4265551554029121,0.5377700092308786,0.5816768758769068,0.42696273605673446,0.3817249500186476,0.5255777132617393,0.613163243908357,0.3818437906806283,0.5696831303845525,0.3817249500186476,0.552192333238303,0.3817249500186476,0.3817249500186476,0.5698209524999769,0.3818368521408674,0.3817249500186476,0.5247717806463201,0.42690733238814005,0.3817249500186476,0.3817249500186476,0.5704567354015034,0.3817249500186476,0.3817249500186476,0.3817249500186476,0.6136443152575606,0.3817249500186476,0.3817249500186476,0.3818374303575381,0.5354325409260579,0.3817249500186476,0.4265770783844988,0.5762586580800194,0.3817249500186476,0.3817249500186476,0.3817249500186476,0.5710012113348252,0.3817249500186476,0.3817249500186476,0.4265064049134911,0.5186245363306398,0.3817249500186476,0.3817249500186476,0.3818368521408674,0.567341707924485,0.3817249500186476,0.42690114734035545,0.5451154422734109,0.3818111205740869,0.3817249500186476,0.3817249500186476,0.5685572300967423,0.42737275438025984,0.3817249500186476,0.3817249500186476,0.5716751044386137,0.3817249500186476,0.3817249500186476
0.19394076756124284,0.19394076756124284,0.19792155610831683,0.25402222398313173,0.22516144148074202,0.3837598465439708,0.8562726438984674,0.19420334021953164,0.19453377891780338,0.2751398851185495,0.4820889804471278,0.42757735683601306,0.27417660583730025,0.4659128742559264,0.19394076756124284,0.4598161583153266,0.19394076756124284,0.46853378699717774,0.47523710800875885,0.2735397632289954,0.42137658497865127,0.19394076756124284,0.4628327868245356,0.2741212508932245,0.4090705428918417,0.19394076756124284,0.5154410041104036,0.19394076756124284,0.4799328532376536,0.2727456309058635,0.41235754275513764,0.4815621892678014,0.19411202602234495,0.45081376857150157,0.19394076756124284,0.4116599005868337,0.19394076756124284,0.5149728178434169,0.19394076756124284,0.4118511492562225,0.2734895847812099,0.47103284648575966,0.4684097908581312,0.27231410980140996,0.19791085212358056,0.4141770313921242,0.47184863581904063,0.19394076756124284,0.46305313433630546,0.19394076756124284,0.4727976611993011,0.2734275630629816,0.47345162647368816,0.19416429287745587,0.4556829753344908,0.19394076756124284,0.4746471015403176,0.27244846966349595,0.41413434832957347,0.4143259791335631,0.19394076756124284,0.5177443968601262,0.19394076756124284,0.41025706937467693,0.19394076756124284,0.5203066191521353,0.47983256890909776,0.19394076756124284,0.2725569747496034,0.428631712898264,0.48409530710357074,0.2732034344454377,0.19394076756124284,0.4128228031750823,0.5227881996685997,0.19417692670273548,0.469142453179506,0.19394076756124284,0.44708214355235093,0.19394076756124284,0.19394076756124284,0.4693150407850527,0.1941631443070037,0.19394076756124284,0.4117703416137007,0.27311561137832785,0.19394076756124284,0.19394076756124284,0.4701109620413798,0.19394076756124284,0.19394076756124284,0.19394076756124284,0.5233738500212939,0.19394076756124284,0.19394076756124284,0.19416429287745587,0.4256167147390402,0.19394076756124284,0.272591769218238,0.47735658958267857,0.19394076756124284,0.19394076756124284,0.19394076756124284,0.4707922695873579,0.19394076756124284,0.19394076756124284,0.27247959247446113,0.4037102087449696,0.19394076756124284,0.19394076756124284,0.1941631443070037,0.46620758228565623,0.19394076756124284,0.27310580614026075,0.438060432441095,0.19411202602234495,0.19394076756124284,0.19394076756124284,0.4677318553588812,0.2738528669557424,0.19394076756124284,0.19394076756124284,0.4716351257738176,0.19394076756124284,0.19394076756124284
0.42450566798863704,0.42450566798863704,0.4263101663150019,0.45458274435418444,0.4393999778094559,0.5359818133379227,0.9071686738365442,0.4246238099384134,0.42477266538364716,0.4664684121763458,0.6076026618488594,0.567106828689384,0.4659128742559264,0.5954073170824694,0.42450566798863704,0.5908478365764335,0.42450566798863704,0.5973737448782769,0.6024200635464837,0.46554628095782924,0.562617211017692,0.42450566798863704,0.5931012373178294,0.46588098800716704,0.5537867381626926,0.42450566798863704,0.6331540566109827,0.42450566798863704,0.605969205245051,0.46508990991865656,0.5561347762049549,0.6072033521274204,0.4245827098256829,0.5841543130740133,0.42450566798863704,0.5556357645586353,0.42450566798863704,0.6327919098512311,0.42450566798863704,0.5557725264111989,0.46551741931810564,0.5992522387753608,0.597280627761253,0.464842280735153,0.4263052759210944,0.5574378787072879,0.5998661816928563,0.42450566798863704,0.5932660367678839,0.42450566798863704,0.6005808435944229,0.46548175034955036,0.6010735907295766,0.42460623305124906,0.5877688273039301,0.42450566798863704,0.6019749395715962,0.4649193564106395,0.5574072821917253,0.5575446592006027,0.42450566798863704,0.634937095040153,0.42450566798863704,0.5546334133869429,0.42450566798863704,0.636923083373209,0.6058932889117669,0.42450566798863704,0.46498161827841705,0.5678728163145863,0.6091247517643551,0.46535289615954223,0.42450566798863704,0.5564677648276619,0.6388491312370811,0.4246119197761741,0.5978309551551526,0.42450566798863704,0.5813938232253254,0.42450566798863704,0.42450566798863704,0.5979606340482181,0.42460571607222636,0.42450566798863704,0.5557147376596845,0.46530242409721506,0.42450566798863704,0.42450566798863704,0.5985588826064124,0.42450566798863704,0.42450566798863704,0.42450566798863704,0.6393040405852263,0.42450566798863704,0.42450566798863704,0.42460623305124906,0.565684413469305,0.42450566798863704,0.465001587242251,0.6040205913048597,0.42450566798863704,0.42450566798863704,0.42450566798863704,0.5990712548824942,0.42450566798863704,0.42450566798863704,0.4649372135252051,0.5499747186108388,0.42450566798863704,0.42450566798863704,0.42460571607222636,0.5956282430772127,0.42450566798863704,0.46529678965580956,0.5747553221413725,0.4245827098256829,0.42450566798863704,0.42450566798863704,0.5967716685005267,0.4657264484692275,0.42450566798863704,0.42450566798863704,0.5997054647722083,0.42450566798863704,0.42450566798863704
0.0,0.0,0.039510397695250346,0.16415540149580565,0.11444276879597731,0.3316089794405227,0.8408964152537145,0.010098930363691905,0.015183344415429295,0.19530309210281657,0.4423372325052314,0.3817249500186476,0.19394076756124284,0.42450566798863704,0.0,0.4177542159114418,0.0,0.427402665669153,0.4347980173070735,0.19303748932526588,0.3747228589647427,0.0,0.4210970278525016,0.1938623371345125,0.36074594829548373,0.0,0.4787798716514778,0.0,0.4399669291496315,0.19190814360599537,0.3644902510833201,0.44175828939390066,0.008155027132638422,0.4077513823573957,0.0,0.36369624151727803,0.0,0.4782709332166138,0.0,0.36391394469413596,0.192966228057031,0.4301620556109755,0.42726567901195345,0.19129306925472453,0.03945670149515251,0.36655934592730266,0.43106222016795254,0.0,0.42134102918618677,0.0,0.43210902977163806,0.1928781292838171,0.4328301464763913,0.009317342892833655,0.4131668395577045,0.0,0.4341478939805494,0.1914846876234835,0.3665108357365935,0.3667286175433956,0.0,0.4812827655465378,0.0,0.3620985088583489,0.0,0.48406499568993433,0.43985663653311885,0.0,0.1916393624451497,0.38291301648604,0.4445411524789069,0.19255959752400084,0.0,0.36501957461215917,0.48675777725227126,0.009577191900317795,0.42807499752868977,0.0,0.4035926362014614,0.0,0.0,0.428265606944923,0.009293359991182146,0.0,0.36382196271320916,0.19243471127398154,0.0,0.0,0.42914446496915143,0.0,0.0,0.0,0.4873930045856951,0.0,0.0,0.009317342892833655,0.37951372578667225,0.0,0.19168894890145627,0.43713222381578504,0.0,0.0,0.0,0.42989653973963343,0.0,0.0,0.19152905986637,0.35462163460114177,0.0,0.0,0.009293359991182146,0.42483157883514255,0.0,0.19242076549585793,0.3935062463744101,0.008155027132638422,0.0,0.0,0.4265165949758373,0.19348184913735156,0.0,0.0,0.4308266558674171,0.0,0.0
0.4177542159114418,0.4177542159114418,0.4195896655076221,0.4483176049426719,0.43289695443560994,0.5307892293081229,0.9053500486261731,0.4178743917409107,0.41802580831861,0.4603797675230951,0.6031624550426489,0.5622576820207933,0.4598161583153266,0.5908478365764335,0.4177542159114418,0.5862429560792172,0.4177542159114418,0.5928337054813805,0.5979295421352977,0.45944422955603664,0.5577202613578373,0.4177542159114418,0.5885188515101608,0.4597838082829827,0.5487941320921913,0.4177542159114418,0.6289546239784082,0.4177542159114418,0.6015131980356602,0.4589812060382533,0.5511678224861922,0.6027592876558591,0.4178325841861126,0.5794819386229072,0.4177542159114418,0.5506633725150704,0.4177542159114418,0.6285891425045564,0.4177542159114418,0.5508016255398452,0.4594149475440873,0.5947306944823889,0.5927396696214906,0.45872996235761654,0.419584691561055,0.5524850926810766,0.595350666050369,0.4177542159114418,0.5886852916869313,0.4177542159114418,0.5960723357402778,0.45937875899038894,0.596569908464856,0.41785651232442844,0.5831330269330103,0.4177542159114418,0.5974800714891743,0.4588081634259966,0.5524541640691835,0.552593031966644,0.4177542159114418,0.6307540507983569,0.4177542159114418,0.5496500757411498,0.4177542159114418,0.6327582345894076,0.6014365460826216,0.4177542159114418,0.45887133414739467,0.5630317714093213,0.6046992210627773,0.45924802721244434,0.4177542159114418,0.5515044360896932,0.6347018710387152,0.4178622969304954,0.5932954241703855,0.4177542159114418,0.5766933102767287,0.4177542159114418,0.4177542159114418,0.5934263809824804,0.41785598644692973,0.4177542159114418,0.5507432067591341,0.45919681945040336,0.4177542159114418,0.4177542159114418,0.5940305203798928,0.4177542159114418,0.4177542159114418,0.4177542159114418,0.6351609264122273,0.4177542159114418,0.4177542159114418,0.41785651232442844,0.5608201805934729,0.4177542159114418,0.45889159455813644,0.5995456658753104,0.4177542159114418,0.4177542159114418,0.4177542159114418,0.5945479319043401,0.4177542159114418,0.4177542159114418,0.458826281227779,0.5449401208470888,0.4177542159114418,0.4177542159114418,0.41785598644692973,0.5910709508888085,0.4177542159114418,0.45919110287051923,0.5699863864615089,0.4178325841861126,0.4177542159114418,0.4177542159114418,0.5922256854418864,0.45962702018258567,0.4177542159114418,0.4177542159114418,0.5951883717195123,0.4177542159114418,0.4177542159114418
0.0,0.0,0.039510397695250346,0.16415540149580565,0.11444276879597731,0.3316089794405227,0.8408964152537145,0.010098930363691905,0.015183344415429295,0.19530309210281657,0.4423372325052314,0.3817249500186476,0.19394076756124284,0.42450566798863704,0.0,0.4177542159114418,0.0,0.427402665669153,0.4347980173070735,0.19303748932526588,0.3747228589647427,0.0,0.4210970278525016,0.1938623371345125,0.36074594829548373,0.0,0.4787798716514778,0.0,0.4399669291496315,0.19190814360599537,0.3644902510833201,0.44175828939390066,0.008155027132638422,0.4077513823573957,0.0,0.36369624151727803,0.0,0.4782709332166138,0.0,0.36391394469413596,0.192966228057031,0.4301620556109755,0.42726567901195345,0.19129306925472453,0.03945670149515251,0.36655934592730266,0.43106222016795254,0.0,0.42134102918618677,0.0,0.43210902977163806,0.1928781292838171,0.4328301464763913,0.009317342892833655,0.4131668395577045,0.0,0.4341478939805494,0.1914846876234835,0.3665108357365935,0.3667286175433956,0.0,0.4812827655465378,0.0,0.3620985088583489,0.0,0.48406499568993433,0.43985663653311885,0.0,0.1916393624451497,0.38291301648604,0.4445411524789069,0.19255959752400084,0.0,0.36501957461215917,0.48675777725227126,0.009577191900317795,0.42807499752868977,0.0,0.4035926362014614,0.0,0.0,0.428265606944923,0.009293359991182146,0.0,0.36382196271320916,0.19243471127398154,0.0,0.0,0.42914446496915143,0.0,0.0,0.0,0.4873930045856951,0.0,0.0,0.009317342892833655,0.37951372578667225,0.0,0.19168894890145627,0.43713222381578504,0.0,0.0,0.0,0.42989653973963343,0.0,0.0,0.19152905986637,0.35462163460114177,0.0,0.0,0.009293359991182146,0.42483157883514255,0.0,0.19242076549585793,0.3935062463744101,0.008155027132638422,0.0,0.0,0.4265165949758373,0.19348184913735156,0.0,0.0,0.4308266558674171,0.0,0.0
