0.0,0.0,0.13687527251538897,0.15481682776073366,0.8408964152537145,0.5192891982002033,0.00633726585193504,0.22972032148093316,0.523566477275948,0.009526034116360037,0.44996249612687755,0.5568311068298544,0.0,0.4336082919904416,0.011901104432395676,0.22661736588080392,0.5049638892582498,0.514140764882181,0.2262857269982678,0.44122039570110816,0.0,0.4971755428079034,0.2275600625977491,0.42462089379525647,0.0,0.5689818638604235,0.5207059277059538,0.0,0.4880851059236832,0.0,0.5223676657910948,0.010920463675341692,0.48104300364619956,0.0,0.42803412243701294,0.5690531346386464,0.0,0.0,0.4280201588146966,0.5634107892047788,0.01089235431553561,0.5053396758693125,0.2242734092625541,0.431230007118685,0.04562150951233911,0.0,0.5637051281542732,0.4394756246380319,0.5109537387159936,0.2262047834723824,0.0,0.5119973276017908,0.4281461959152567,0.22597540201863353,0.5140010402049724,0.0,0.48998967624339373,0.0,0.4317254425618551,0.22543132157644485,0.5180045082416165,0.0,0.426160564133318,0.5759740140304197,0.0,0.0,0.5742163208574537,0.451448481478093,0.01089235431553561,0.526844284736628,0.22572465814194764,0.4298539006131156,0.009558162495860553,0.5793791558388046,0.0,0.50561349354289,0.4156627918932537,0.2255050321291252,0.0,0.5061453890207871,0.0,0.0,0.0,0.42828276627111334,0.22554256079732093,0.0,0.0,0.5071890971952214,0.0,0.0,0.580019673318421,0.0,0.0,0.010920463675341692,0.44678980760473475,0.009526034116360037,0.0,0.2249160501619054,0.5169133134212596,0.0,0.0,0.0,0.5078852772165405,0.0,0.22469290680955156,0.4173396612101782,0.0,0.0,0.0,0.5023223379705215,0.0,0.22566806659507727,0.0,0.46401783734949337,0.010920463675341692,0.0,0.5039298622313982,0.0,0.2268427163268942,0.0,0.5098489662913865,0.0,0.0,0.2972577402542036,0.29713718157775504
0.0,0.0,0.13687527251538897,0.15481682776073366,0.8408964152537145,0.5192891982002033,0.00633726585193504,0.22972032148093316,0.523566477275948,0.009526034116360037,0.44996249612687755,0.5568311068298544,0.0,0.4336082919904416,0.011901104432395676,0.22661736588080392,0.5049638892582498,0.514140764882181,0.2262857269982678,0.44122039570110816,0.0,0.4971755428079034,0.2275600625977491,0.42462089379525647,0.0,0.5689818638604235,0.5207059277059538,0.0,0.4880851059236832,0.0,0.5223676657910948,0.010920463675341692,0.48104300364619956,0.0,0.42803412243701294,0.5690531346386464,0.0,0.0,0.4280201588146966,0.5634107892047788,0.01089235431553561,0.5053396758693125,0.2242734092625541,0.431230007118685,0.04562150951233911,0.0,0.5637051281542732,0.4394756246380319,0.5109537387159936,0.2262047834723824,0.0,0.5119973276017908,0.4281461959152567,0.22597540201863353,0.5140010402049724,0.0,0.48998967624339373,0.0,0.4317254425618551,0.22543132157644485,0.5180045082416165,0.0,0.426160564133318,0.5759740140304197,0.0,0.0,0.5742163208574537,0.451448481478093,0.01089235431553561,0.526844284736628,0.22572465814194764,0.4298539006131156,0.009558162495860553,0.5793791558388046,0.0,0.50561349354289,0.4156627918932537,0.2255050321291252,0.0,0.5061453890207871,0.0,0.0,0.0,0.42828276627111334,0.22554256079732093,0.0,0.0,0.5071890971952214,0.0,0.0,0.580019673318421,0.0,0.0,0.010920463675341692,0.44678980760473475,0.009526034116360037,0.0,0.2249160501619054,0.5169133134212596,0.0,0.0,0.0,0.5078852772165405,0.0,0.22469290680955156,0.4173396612101782,0.0,0.0,0.0,0.5023223379705215,0.0,0.22566806659507727,0.0,0.46401783734949337,0.010920463675341692,0.0,0.5039298622313982,0.0,0.2268427163268942,0.0,0.5098489662913865,0.0,0.0,0.2972577402542036,0.29713718157775504
0.13687527251538897,0.13687527251538897,0.1935538789439057,0.20662405841382156,0.8486637777475822,0.5363345551497369,0.1370218745325061,0.26734041872410275,0.5404543883130599,0.13720630287327842,0.46986970537919187,0.5725539166759951,0.13687527251538897,0.4542949191789765,0.13739159896477945,0.2646819515270016,0.5225507808651184,0.5313781712481325,0.2643983850979248,0.4615383727558572,0.13687527251538897,0.5150666073531375,0.26548860179043854,0.4457567222950132,0.13687527251538897,0.5843025195169462,0.5376989263744736,0.13687527251538897,0.5063405112266859,0.13687527251538897,0.5392995155223912,0.13731014415829876,0.499587929182906,0.13687527251538897,0.4489975201718399,0.5843714646544572,0.13687527251538897,0.13687527251538897,0.44898425733572117,0.5789144147831059,0.13730791183922422,0.5229120703436531,0.2626801481491801,0.45203400047516007,0.14427666644144194,0.13687527251538897,0.5791990277668106,0.459877175481975,0.5283114574787102,0.2643291914700774,0.13687527251538897,0.5293155279301252,0.44910397043506317,0.26413314328194293,0.531243698106859,0.13687527251538897,0.5081678882024936,0.13687527251538897,0.45250489887473805,0.26366834019507096,0.5350975246427667,0.13687527251538897,0.44721832818873697,0.5910682714872973,0.13687527251538897,0.13687527251538897,0.5893671594132402,0.4712871547123008,0.13730791183922422,0.5436127981467945,0.2639188977913889,0.45072629173208817,0.1372085368466319,0.5943644169555508,0.13687527251538897,0.5231753348450395,0.43726230502642993,0.2637312929054688,0.13687527251538897,0.5236867550996773,0.13687527251538897,0.13687527251538897,0.13687527251538897,0.44923369174632305,0.26376334649023647,0.13687527251538897,0.13687527251538897,0.5246903795077307,0.13687527251538897,0.13687527251538897,0.5949845215766667,0.13687527251538897,0.13687527251538897,0.13731014415829876,0.46684458142663393,0.13720630287327842,0.13687527251538897,0.2632284253934645,0.5340469473378546,0.13687527251538897,0.13687527251538897,0.13687527251538897,0.5253598912243022,0.13687527251538897,0.26303799992713434,0.438851119254935,0.13687527251538897,0.13687527251538897,0.13687527251538897,0.5200115957133669,0.13687527251538897,0.2638705525299189,0.13687527251538897,0.48329099039979656,0.13731014415829876,0.13687527251538897,0.5215567284850484,0.13687527251538897,0.26487469946085695,0.13687527251538897,0.5272486513392917,0.13687527251538897,0.13687527251538897,0.32712109800040534,0.3270117504233959
0.15481682776073366,0.15481682776073366,0.20662405841382156,0.21891260614428323,0.8507947789749498,0.540984431640712,0.15494644087308504,0.2769316145846318,0.5450626129059387,0.15510953973235356,0.4752682747454067,0.576852514153649,0.15481682776073366,0.4598944841054934,0.15527345399340436,0.27436708938624504,0.5273435634921536,0.5360787912302288,0.27409364725673935,0.4670430323087145,0.15481682776073366,0.519939413117625,0.2751450497393704,0.4514715315378672,0.15481682776073366,0.5884936876548799,0.5423349567384269,0.15481682776073366,0.5113089327271167,0.15481682776073366,0.5439193686138963,0.15520139256564947,0.5046321444199131,0.15481682776073366,0.45466814374931447,0.5885620107270917,0.15481682776073366,0.15481682776073366,0.45465506062261896,0.58315449502344,0.1551994178085144,0.527701034559727,0.2724371929791969,0.45766371858821076,0.16139678575552588,0.15481682776073366,0.5834365094734211,0.4654033758922368,0.5330438311679567,0.27402692715374005,0.15481682776073366,0.5340374746487286,0.4547731519579284,0.27383789383177376,0.5359457046820875,0.15481682776073366,0.513116073194698,0.15481682776073366,0.4581283155136078,0.2733897608769543,0.5397600002090817,0.15481682776073366,0.45291314136727395,0.5951988394310254,0.15481682776073366,0.15481682776073366,0.5935128805680212,0.4766679883460819,0.1551994178085144,0.5481894057860943,0.2736313254410555,0.4563735684834912,0.15511151563504777,0.5984657790411518,0.15481682776073366,0.5279615191999795,0.4430956088530228,0.2734504525855812,0.15481682776073366,0.5284675453715139,0.15481682776073366,0.15481682776073366,0.15481682776073366,0.4549011167613384,0.2734813553243179,0.15481682776073366,0.15481682776073366,0.5294606076169843,0.15481682776073366,0.15481682776073366,0.5990804117795403,0.15481682776073366,0.15481682776073366,0.15520139256564947,0.472281303899783,0.15510953973235356,0.15481682776073366,0.2729656741355172,0.538720157045984,0.15481682776073366,0.15481682776073366,0.15481682776073366,0.5301230904773475,0.15481682776073366,0.2727821154487988,0.44466195731480757,0.15481682776073366,0.15481682776073366,0.15481682776073366,0.5248313291679079,0.15481682776073366,0.2735847141517376,0.15481682776073366,0.48852510457033194,0.15520139256564947,0.15481682776073366,0.5263600379797599,0.15481682776073366,0.27455296709266036,0.15481682776073366,0.5319920946272347,0.15481682776073366,0.15481682776073366,0.33497951543049115,0.33487279552036053
0.8408964152537145,0.8408964152537145,0.8486637777475822,0.8507947789749498,1.0,0.9335906466089087,0.8409133003395569,0.8622276638143639,0.9348018267869459,0.8409345663668257,0.9141265340479136,0.9441950962235972,0.8408964152537145,0.9096393182347093,0.840955959651174,0.8616771344350181,0.9295358157896361,0.9321328536085122,0.8616186685027738,0.9117206450720629,0.8408964152537145,0.9273346049045229,0.8618437210277196,0.9071998173643748,0.8408964152537145,0.9475997200764806,0.9339918241450301,0.8408964152537145,0.924770668629588,0.8408964152537145,0.9344623743822781,0.8409465519621943,0.9227896658187393,0.8408964152537145,0.9081239069768777,0.9476196257272003,0.8408964152537145,0.8408964152537145,0.9081201204444985,0.9460412985957294,0.8409462942128471,0.9296421039472299,0.861265463326678,0.9089918192152205,0.8417701388255568,0.8408964152537145,0.9461237511046996,0.9112424217837258,0.9312306456726073,0.861604409636273,0.8408964152537145,0.9315260472079093,0.9081542998587169,0.8615640256433722,0.9320932948144252,0.8408964152537145,0.9253072788668989,0.8408964152537145,0.909126590965972,0.8614683756145314,0.9332268620675737,0.8408964152537145,0.9076162940365476,0.9495484788151297,0.8408964152537145,0.8408964152537145,0.9490594102263155,0.9145370300479647,0.8409462942128471,0.935729864346646,0.8615199203151477,0.9086177968143909,0.840934824126957,0.9504942782123056,0.8408964152537145,0.9297195549353527,0.9047892165082061,0.861481322595475,0.8408964152537145,0.9298700139592958,0.8408964152537145,0.8408964152537145,0.8408964152537145,0.9081913402555886,0.8614879157410774,0.8408964152537145,0.8408964152537145,0.9301652847964054,0.8408964152537145,0.8408964152537145,0.9506719316207061,0.8408964152537145,0.8408964152537145,0.8409465519621943,0.9132515590841325,0.8409345663668257,0.8408964152537145,0.8613779702389608,0.9329178767332799,0.8408964152537145,0.8408964152537145,0.8408964152537145,0.9303622614345406,0.8408964152537145,0.8613388736878482,0.905238785321074,0.8408964152537145,0.8408964152537145,0.8408964152537145,0.928788862642797,0.8408964152537145,0.8615099717097562,0.8408964152537145,0.9180254305809472,0.8409465519621943,0.8408964152537145,0.9292433829622854,0.8408964152537145,0.8617169036367024,0.8408964152537145,0.9309179576400447,0.8408964152537145,0.8408964152537145,0.8756839369701799,0.8756575698920341
0.5192891982002033,0.5192891982002033,0.5363345551497369,0.540984431640712,0.9335906466089087,0.7206548895494093,0.5193264333112804,0.5657756193846172,0.7233940597241247,0.519373328102795,0.6775266169826033,0.7449471298072341,0.5192891982002033,0.6677598769697629,0.519420502163199,0.5645869445709955,0.7115405192733921,0.717368478501432,0.5644606820593305,0.6722839937092115,0.5192891982002033,0.7066257804065229,0.5649466761057345,0.6624692106188624,0.5192891982002033,0.752918588393228,0.7215612861067523,0.5192891982002033,0.7009276645145267,0.5192891982002033,0.7226255445457754,0.5193997575543733,0.6965430977177172,0.5192891982002033,0.6644718883396057,0.7529654838386594,0.5192891982002033,0.5192891982002033,0.6644636787039729,0.7492577873732932,0.519399189195438,0.7117783961995325,0.5636977960416005,0.6663544032968284,0.5212148379986182,0.5192891982002033,0.7494509538716044,0.6712436082367257,0.7153400748652303,0.5644298879762366,0.5192891982002033,0.7160037631583039,0.6645377846459181,0.564342671284992,0.7172794529945076,0.5192891982002033,0.7021179879807292,0.5192891982002033,0.6666468671592412,0.5641360877972201,0.7198337292052835,0.5192891982002033,0.6633715840059623,0.7575266474538129,0.5192891982002033,0.5192891982002033,0.7563669027092288,0.6784226137710706,0.519399189195438,0.725498461003536,0.5642474149400158,0.665542950573068,0.5193738964944663,0.7597759289219657,0.5192891982002033,0.7119517680097954,0.6572526326054509,0.5641640512813874,0.5192891982002033,0.7122886473965417,0.5192891982002033,0.5192891982002033,0.5192891982002033,0.6646180963078208,0.5641782913649249,0.5192891982002033,0.5192891982002033,0.712950075495529,0.5192891982002033,0.5192891982002033,0.7601993923868902,0.5192891982002033,0.5192891982002033,0.5193997575543733,0.6756182775623558,0.519373328102795,0.5192891982002033,0.563940819198525,0.719136820923632,0.5192891982002033,0.5192891982002033,0.5192891982002033,0.7133915501354683,0.5192891982002033,0.5638563699250514,0.6582247070661554,0.5192891982002033,0.5192891982002033,0.5192891982002033,0.7098702968529618,0.5192891982002033,0.564225928074179,0.5192891982002033,0.6860559517847851,0.5193997575543733,0.5192891982002033,0.7108863170030033,0.5192891982002033,0.5646728269271724,0.5192891982002033,0.7146380222858313,0.5192891982002033,0.5192891982002033,0.5947228574900861,0.5946662810850654
0.00633726585193504,0.00633726585193504,0.1370218745325061,0.15494644087308504,0.8409133003395569,0.5193264333112804,0.008962247277613754,0.2298075956910328,0.5236033598804368,0.011441427537785716,0.4500061965485075,0.5568653903395092,0.00633726585193504,0.4336537736912014,0.013483220102437958,0.22670584117008377,0.505002339232638,0.51417843039948,0.2263743325884717,0.44126503373054626,0.00633726585193504,0.49721467683311243,0.227648169558004,0.4246674063875633,0.00633726585193504,0.5690152539698251,0.5207430455570531,0.00633726585193504,0.4881250609386888,0.00633726585193504,0.5224046467387645,0.012626062909474458,0.4810836123435358,0.00633726585193504,0.42808023893268216,0.5690865195869035,0.00633726585193504,0.00633726585193504,0.4280662769192086,0.5634445855593837,0.012601758626736211,0.5053780932717371,0.22436281368604244,0.4312757578606928,0.04605955904719763,0.00633726585193504,0.5637389029048955,0.43952045374554255,0.510991674108773,0.2262934209228168,0.00633726585193504,0.5120351743293033,0.42819229950160975,0.2260641298789769,0.5140387174982254,0.00633726585193504,0.4900294571642959,0.00633726585193504,0.4317711370391477,0.22552026461380423,0.5180418501195226,0.00633726585193504,0.4262068973424072,0.5760069019930935,0.00633726585193504,0.00633726585193504,0.5742493342622801,0.4514920257089222,0.012601758626736211,0.5268809002285927,0.22581348504057303,0.429899808244774,0.011468191163102274,0.5794118022528614,0.00633726585193504,0.5056518872363197,0.4157103720040969,0.22559394595458504,0.00633726585193504,0.5061837367182752,0.00633726585193504,0.00633726585193504,0.00633726585193504,0.4283288541346681,0.22563145975723972,0.00633726585193504,0.00633726585193504,0.507227354863614,0.00633726585193504,0.00633726585193504,0.5800522745097457,0.00633726585193504,0.00633726585193504,0.012626062909474458,0.4468338445593449,0.011441427537785716,0.00633726585193504,0.22500519793447052,0.5169507463134175,0.00633726585193504,0.00633726585193504,0.00633726585193504,0.507923474998895,0.00633726585193504,0.22478214353366796,0.41738703832747753,0.00633726585193504,0.00633726585193504,0.00633726585193504,0.5023610180183313,0.00633726585193504,0.225756915876296,0.00633726585193504,0.4640600954356088,0.012626062909474458,0.00633726585193504,0.5039684020345693,0.00633726585193504,0.22693110329153737,0.00633726585193504,0.5098869958636374,0.00633726585193504,0.00633726585193504,0.2973250206674434,0.29720448971218805
0.22972032148093316,0.22972032148093316,0.26734041872410275,0.2769316145846318,0.8622276638143639,0.5657756193846172,0.2298075956910328,0.3246471787081719,0.5696401621902515,0.2299174738186473,0.5038478191272193,0.5998329137222446,0.22972032148093316,0.4894736659081482,0.23002796461574565,0.32246808177176833,0.5528654907498477,0.5611298520052167,0.32223606218153344,0.4961511547605913,0.22972032148093316,0.5458689938031741,0.3231285379393362,0.48162042607856287,0.22972032148093316,0.6109163108728564,0.5670551582791608,0.22972032148093316,0.5377241288459846,0.22972032148093316,0.5685565915868467,0.22997938186484637,0.5314311341120248,0.22972032148093316,0.4845989049787656,0.6109813988646886,0.22972032148093316,0.22972032148093316,0.4845867097873606,0.6058312976978051,0.2299780506853303,0.5532034822963037,0.32083189738926177,0.487392207730112,0.23420020036985387,0.22972032148093316,0.606099817937699,0.4946185646853065,0.5582572889880308,0.3221794588298973,0.22972032148093316,0.5591976251570985,0.48469678784428144,0.3220191090971326,0.561003860470303,0.22972032148093316,0.5394286260719086,0.22972032148093316,0.4878256163824412,0.3216390964677053,0.5646157525491476,0.22972032148093316,0.48296336672739315,0.6173060250534048,0.22972032148093316,0.22972032148093316,0.6156989955820098,0.5051589623242888,0.2299780506853303,0.5726045920873609,0.3218439197598736,0.48618892181520024,0.22991880535084164,0.6204207383616391,0.22972032148093316,0.5534497839634758,0.4738276294448122,0.321690552465537,0.22972032148093316,0.5539282854766939,0.22972032148093316,0.22972032148093316,0.22972032148093316,0.4848160730219147,0.3217167538119792,0.22972032148093316,0.22972032148093316,0.5548674370933864,0.22972032148093316,0.22972032148093316,0.621006836032306,0.22972032148093316,0.22972032148093316,0.22997938186484637,0.5010511824971698,0.2299174738186473,0.22972032148093316,0.32127963253245784,0.5636308957733873,0.22972032148093316,0.22972032148093316,0.22972032148093316,0.5554940331078297,0.22972032148093316,0.3211240924174037,0.475283629210203,0.22972032148093316,0.22972032148093316,0.22972032148093316,0.5504906735323255,0.22972032148093316,0.3218043940424754,0.22972032148093316,0.5162811471181439,0.22997938186484637,0.22972032148093316,0.5519356547023349,0.22972032148093316,0.3226258378161461,0.22972032148093316,0.5572621247475579,0.22972032148093316,0.22972032148093316,0.37523865468003503,0.37514373735016276
0.523566477275948,0.523566477275948,0.5404543883130599,0.5450626129059387,0.9348018267869459,0.7233940597241247,0.5236033598804368,0.5696401621902515,0.7261151549993736,0.523649810772213,0.6805551821893792,0.7475267328430075,0.523566477275948,0.6708556740689685,0.5236965383517744,0.5684614276303985,0.7143400385155104,0.720129370682981,0.5683362226802016,0.6753485522077751,0.523566477275948,0.709457990990077,0.5688181478805793,0.6656017611193824,0.523566477275948,0.7554460687218328,0.7242944723467216,0.523566477275948,0.7037979264067924,0.523566477275948,0.7253517083703793,0.5236759900734451,0.6994427583746249,0.523566477275948,0.6675904976089081,0.7554926576887183,0.523566477275948,0.523566477275948,0.6675823450501114,0.7518091969940895,0.5236754270937255,0.7145763359778236,0.5675797334764048,0.6694599401480525,0.5254739378957135,0.523566477275948,0.7520011005672123,0.6743153355204532,0.7181143950250876,0.568305686574643,0.523566477275948,0.7187736878943988,0.6676559357979825,0.5682192006470274,0.7200409341780675,0.523566477275948,0.7049802870330585,0.523566477275948,0.6697503758737305,0.5680143486856463,0.7225783231624199,0.523566477275948,0.6664978483830417,0.7600240167943139,0.523566477275948,0.523566477275948,0.7588718497094047,0.6814450487634964,0.5236754270937255,0.7282056872920261,0.568124742605893,0.6686541184546758,0.5236503737839453,0.7622586019453006,0.523566477275948,0.7147485567859567,0.6604216692140109,0.5680420777362525,0.523566477275948,0.7150832000359978,0.523566477275948,0.523566477275948,0.523566477275948,0.66773568917759,0.5680561984433599,0.523566477275948,0.523566477275948,0.7157402391567037,0.523566477275948,0.523566477275948,0.7626792985587504,0.523566477275948,0.523566477275948,0.5236759900734451,0.6786599196187681,0.523649810772213,0.523566477275948,0.5678207175809402,0.7218860199301935,0.523566477275948,0.523566477275948,0.523566477275948,0.716178785399545,0.523566477275948,0.5677369767296463,0.6613869254740117,0.523566477275948,0.523566477275948,0.523566477275948,0.7126809132751031,0.523566477275948,0.5681034358382878,0.523566477275948,0.6890263988333841,0.5236759900734451,0.523566477275948,0.7136901813462094,0.523566477275948,0.5685465908315673,0.523566477275948,0.717416993917326,0.523566477275948,0.523566477275948,0.5983536189343447,0.598297485022788
0.009526034116360037,0.009526034116360037,0.13720630287327842,0.15510953973235356,0.8409345663668257,0.519373328102795,0.011441427537785716,0.2299174738186473,0.523649810772213,0.013471846625957304,0.45006123251024155,0.5569085682174059,0.009526034116360037,0.43371105251873515,0.015244068069846954,0.22681723014225605,0.5050507638451623,0.5142258671843792,0.22648588546369375,0.44132125027207536,0.009526034116360037,0.4972639628282108,0.22775909521266843,0.42472598321529054,0.009526034116360037,0.5690573067739431,0.52078979268723,0.009526034116360037,0.48817538074448386,0.009526034116360037,0.5224512214710169,0.014491440643156668,0.48113475527390875,0.009526034116360037,0.42813831703585986,0.5691285658914723,0.009526034116360037,0.009526034116360037,0.4281243570480834,0.5634871499563024,0.014470269785071717,0.5054264768682196,0.22447537138440662,0.4313333754413165,0.04660544229087478,0.009526034116360037,0.5637814400955432,0.43957691087909523,0.5110394507355402,0.2264050138743162,0.009526034116360037,0.5120828393040823,0.42825036135063743,0.226175836554893,0.5140861691120711,0.009526034116360037,0.49007955774745776,0.009526034116360037,0.43182868377630707,0.22563224195439743,0.5180888793585292,0.009526034116360037,0.426265248309445,0.5760483224303447,0.009526034116360037,0.009526034116360037,0.5742909126725473,0.4515468650028872,0.014470269785071717,0.5269270147531745,0.22592531629396853,0.42995762336639193,0.01349458394100179,0.5794529185001508,0.009526034116360037,0.5057002409773875,0.41577029292662276,0.22570588655051263,0.009526034116360037,0.5062320325391919,0.009526034116360037,0.009526034116360037,0.009526034116360037,0.4283868961870808,0.22574338165428698,0.009526034116360037,0.009526034116360037,0.5072755373157561,0.009526034116360037,0.009526034116360037,0.5800933338064976,0.009526034116360037,0.009526034116360037,0.014491440643156668,0.4468893042652654,0.013471846625957304,0.009526034116360037,0.2251174328036713,0.5169978901631349,0.009526034116360037,0.009526034116360037,0.009526034116360037,0.5079715820397105,0.009526034116360037,0.22489449029114056,0.41744670366600845,0.009526034116360037,0.009526034116360037,0.009526034116360037,0.5024097323488655,0.009526034116360037,0.2258687752840811,0.009526034116360037,0.4641133152620124,0.014491440643156668,0.009526034116360037,0.5040169397633348,0.009526034116360037,0.22704238116146627,0.009526034116360037,0.5099348910860275,0.009526034116360037,0.009526034116360037,0.29740974117388,0.29728924510813426
0.44996249612687755,0.44996249612687755,0.46986970537919187,0.4752682747454067,0.9141265340479136,0.6775266169826033,0.4500061965485075,0.5038478191272193,0.6805551821893792,0.45006123251024155,0.6297190140831864,0.7043630663356579,0.44996249612687755,0.6188518771075373,0.4501165946527315,0.5024847281323888,0.6674436777740176,0.6738919958182994,0.5023398988798058,0.6238879446915129,0.44996249612687755,0.6620027308241839,0.502897315473299,0.6129573796550656,0.44996249612687755,0.7131606239404623,0.6785288566859295,0.44996249612687755,0.6556907407952222,0.44996249612687755,0.6797055470045867,0.4500922495607952,0.6508308445427182,0.44996249612687755,0.6151892944263765,0.7132123699002615,0.44996249612687755,0.44996249612687755,0.6151801467534905,0.7091208560308401,0.45009158255185966,0.6677069505889661,0.5014646669342933,0.6172865458052937,0.4522212132998745,0.44996249612687755,0.7093340356852565,0.6227301767919364,0.6716481049705644,0.5023045753955326,0.44996249612687755,0.6723823490989531,0.6152627195811553,0.5022045277929026,0.6737935219727555,0.44996249612687755,0.6570096525000424,0.44996249612687755,0.6176123067018952,0.5019675379956532,0.6766185551532852,0.44996249612687755,0.6139631457542044,0.7182448593944109,0.44996249612687755,0.44996249612687755,0.7169653528358053,0.6307150821774352,0.45009158255185966,0.6828814244416851,0.5020952535678712,0.6163826193218389,0.4500618995679989,0.720726274283758,0.44996249612687755,0.6678988275478644,0.6071397256924194,0.5019996185401437,0.44996249612687755,0.6682716544265354,0.44996249612687755,0.44996249612687755,0.44996249612687755,0.6153522058920611,0.5020159550435591,0.44996249612687755,0.44996249612687755,0.6690036238204058,0.44996249612687755,0.44996249612687755,0.7211934211877807,0.44996249612687755,0.44996249612687755,0.4500922495607952,0.6275970591278541,0.45006123251024155,0.44996249612687755,0.501743509438598,0.6758478407909797,0.44996249612687755,0.44996249612687755,0.44996249612687755,0.6694921539673365,0.44996249612687755,0.5016466163886444,0.6082242492504748,0.44996249612687755,0.44996249612687755,0.44996249612687755,0.6655949546641526,0.44996249612687755,0.5020706040964488,0.44996249612687755,0.6391953592067691,0.4500922495607952,0.44996249612687755,0.666719598444689,0.44996249612687755,0.5025832349722459,0.44996249612687755,0.6708713654814504,0.44996249612687755,0.44996249612687755,0.536848582394853,0.5367844181772782
0.5568311068298544,0.5568311068298544,0.5725539166759951,0.576852514153649,0.9441950962235972,0.7449471298072341,0.5568653903395092,0.5998329137222446,0.7475267328430075,0.5569085682174059,0.7043630663356579,0.7678281827109041,0.5568311068298544,0.695184386496326,0.5569520036834034,0.5987288225570877,0.7363649823788843,0.741852383966661,0.598611557175505,0.699435414131493,0.5568311068298544,0.7317381945594278,0.5990629338220063,0.6902146892449706,0.5568311068298544,0.7753374875682485,0.7458007077996995,0.5568311068298544,0.7263749198044349,0.5568311068298544,0.7468029708662842,0.5569329030507522,0.7222488139350355,0.5568311068298544,0.6920956599082014,0.7753816639081961,0.5568311068298544,0.5568311068298544,0.6920879486595685,0.7718889295070988,0.5569323797345686,0.7365889407155131,0.5979030839032885,0.6938640054886583,0.5586044733708131,0.5568311068298544,0.7720708973481507,0.6984577211348109,0.7399424082753009,0.5985829577634287,0.5568311068298544,0.7405673357694006,0.6921575559670051,0.5985019577206996,0.7417685540341512,0.5568311068298544,0.7274952013191692,0.5568311068298544,0.6941387523313792,0.5983101037397373,0.744173836635689,0.5568311068298544,0.69106219115386,0.7796783074317798,0.5568311068298544,0.5568311068298544,0.7785858328587582,0.7052053852276013,0.5569323797345686,0.7495086469243105,0.5984134923956372,0.6931017375486841,0.5569090915607219,0.7817970902538964,0.5568311068298544,0.7367521692674179,0.6853163882603753,0.5983360730339206,0.5568311068298544,0.7370693417085801,0.5568311068298544,0.5568311068298544,0.5568311068298544,0.6922329926715552,0.5983492976447597,0.5568311068298544,0.5568311068298544,0.7376920865800813,0.5568311068298544,0.5568311068298544,0.7821959800955057,0.5568311068298544,0.5568311068298544,0.5569329030507522,0.702569199075691,0.5569085682174059,0.5568311068298544,0.5981287638550745,0.7435175645640258,0.5568311068298544,0.5568311068298544,0.5568311068298544,0.7381077486362158,0.5568311068298544,0.5980503402344309,0.6862290132145458,0.5568311068298544,0.5568311068298544,0.5568311068298544,0.7347925342278663,0.5568311068298544,0.5983935375629654,0.5568311068298544,0.712383115169093,0.5569329030507522,0.5568311068298544,0.7357490670846606,0.5568311068298544,0.598808586546181,0.5568311068298544,0.7392813695444496,0.5568311068298544,0.5568311068298544,0.6267818097417222,0.6267290318614448
0.0,0.0,0.13687527251538897,0.15481682776073366,0.8408964152537145,0.5192891982002033,0.00633726585193504,0.22972032148093316,0.523566477275948,0.009526034116360037,0.44996249612687755,0.5568311068298544,0.0,0.4336082919904416,0.011901104432395676,0.22661736588080392,0.5049638892582498,0.514140764882181,0.2262857269982678,0.44122039570110816,0.0,0.4971755428079034,0.2275600625977491,0.42462089379525647,0.0,0.5689818638604235,0.5207059277059538,0.0,0.4880851059236832,0.0,0.5223676657910948,0.010920463675341692,0.48104300364619956,0.0,0.42803412243701294,0.5690531346386464,0.0,0.0,0.4280201588146966,0.5634107892047788,0.01089235431553561,0.5053396758693125,0.2242734092625541,0.431230007118685,0.04562150951233911,0.0,0.5637051281542732,0.4394756246380319,0.5109537387159936,0.2262047834723824,0.0,0.5119973276017908,0.4281461959152567,0.22597540201863353,0.5140010402049724,0.0,0.48998967624339373,0.0,0.4317254425618551,0.22543132157644485,0.5180045082416165,0.0,0.426160564133318,0.5759740140304197,0.0,0.0,0.5742163208574537,0.451448481478093,0.01089235431553561,0.526844284736628,0.22572465814194764,0.4298539006131156,0.009558162495860553,0.5793791558388046,0.0,0.50561349354289,0.4156627918932537,0.2255050321291252,0.0,0.5061453890207871,0.0,0.0,0.0,0.42828276627111334,0.22554256079732093,0.0,0.0,0.5071890971952214,0.0,0.0,0.580019673318421,0.0,0.0,0.010920463675341692,0.44678980760473475,0.009526034116360037,0.0,0.2249160501619054,0.5169133134212596,0.0,0.0,0.0,0.5078852772165405,0.0,0.22469290680955156,0.4173396612101782,0.0,0.0,0.0,0.5023223379705215,0.0,0.22566806659507727,0.0,0.46401783734949337,0.010920463675341692,0.0,0.5039298622313982,0.0,0.2268427163268942,0.0,0.5098489662913865,0.0,0.0,0.2972577402542036,0.29713718157775504
0.4336082919904416,0.4336082919904416,0.4542949191789765,0.4598944841054934,0.9096393182347093,0.6677598769697629,0.4336537736912014,0.4894736659081482,0.6708556740689685,0.43371105251873515,0.6188518771075373,0.695184386496326,0.4336082919904416,0.6077220728701996,0.4337686702993491,0.488065166413209,0.657451254090036,0.6640442394471753,0.48791549999969,0.6128805395454869,0.4336082919904416,0.651887256940695,0.48849152061056356,0.6016827647715097,0.4336082919904416,0.7041714826088846,0.6687843928567667,0.4336082919904416,0.6454313154182836,0.4336082919904416,0.6699872023022827,0.4337433333715456,0.6404596535999028,0.4336082919904416,0.6039697122927215,0.7042243395182324,0.4336082919904416,0.4336082919904416,0.6039603395691272,0.7000448473920157,0.43374263918678535,0.6577204576403763,0.4870109848124072,0.6061184516920648,0.43595865325511596,0.4336082919904416,0.7002626179481579,0.6116947376644044,0.6617501455581785,0.4878789963792101,0.4336082919904416,0.6625008330487568,0.604044943700726,0.48777560546938514,0.6639435654521779,0.4336082919904416,0.6467804168386824,0.4336082919904416,0.6064521908417411,0.48753069155605455,0.6668316085868375,0.4336082919904416,0.6027133609806923,0.7093646740132732,0.4336082919904416,0.4336082919904416,0.7080577843610452,0.6198717551470189,0.43374263918678535,0.6732333931681386,0.4876626782958567,0.6051923599996754,0.43371174675775404,0.7118991272206848,0.4336082919904416,0.6579166556747231,0.5957204746291256,0.4875638451405379,0.4336082919904416,0.6582978754337476,0.4336082919904416,0.4336082919904416,0.4336082919904416,0.6041366310082829,0.4875807280268833,0.4336082919904416,0.4336082919904416,0.6590463103252483,0.4336082919904416,0.4336082919904416,0.7123762494132899,0.4336082919904416,0.4336082919904416,0.4337433333715456,0.6166790539352565,0.43371105251873515,0.4336082919904416,0.4872991663197908,0.6660437261888552,0.4336082919904416,0.4336082919904416,0.4336082919904416,0.6595458209059666,0.4336082919904416,0.48719902914127167,0.5968320939797277,0.4336082919904416,0.4336082919904416,0.4336082919904416,0.655560824982331,0.4336082919904416,0.48763720462293486,0.4336082919904416,0.628553039190144,0.4337433333715456,0.4336082919904416,0.656710852534655,0.4336082919904416,0.48816696191491693,0.4336082919904416,0.6609559939301339,0.4336082919904416,0.4336082919904416,0.5235141040983372,0.5234480207302684
0.011901104432395676,0.011901104432395676,0.13739159896477945,0.15527345399340436,0.840955959651174,0.519420502163199,0.013483220102437958,0.23002796461574565,0.5236965383517744,0.015244068069846954,0.4501165946527315,0.5569520036834034,0.011901104432395676,0.4337686702993491,0.016830703214009916,0.22692923873478812,0.5050994766042776,0.5142735863865526,0.22659805870969638,0.4413777997259656,0.011901104432395676,0.4973135419563414,0.2278706383625574,0.424784906355731,0.011901104432395676,0.5690996105739582,0.5208368182279551,0.011901104432395676,0.4882259996560053,0.011901104432395676,0.522498073611367,0.01615217667973762,0.481186202056036,0.011901104432395676,0.4281967386268166,0.5691708631538164,0.011901104432395676,0.011901104432395676,0.4281827806762188,0.5635299683483718,0.016133185280407237,0.5054751483736337,0.22458855403834366,0.43139133389803935,0.04714825648207196,0.011901104432395676,0.5638242311219116,0.43963370229451215,0.5110875117519363,0.2265172273799694,0.011901104432395676,0.5121307880206402,0.42830876659531675,0.22628816430510196,0.5141339032292823,0.011901104432395676,0.4901299561709161,0.011901104432395676,0.43188657098753724,0.22574484160581418,0.5181361886477357,0.011901104432395676,0.4263239443102885,0.5760899901524401,0.011901104432395676,0.011901104432395676,0.574332739295111,0.45160202935438115,0.016133185280407237,0.5269734040081909,0.22603776919103538,0.4300157804847559,0.01526416573172286,0.579494280245682,0.011901104432395676,0.5057488824543828,0.41583056775744415,0.2258184492895132,0.011901104432395676,0.5062806157603746,0.011901104432395676,0.011901104432395676,0.011901104432395676,0.428445281522932,0.22585592560902576,0.011901104432395676,0.011901104432395676,0.5073240065110488,0.011901104432395676,0.011901104432395676,0.5801346382668985,0.011901104432395676,0.011901104432395676,0.01615217667973762,0.4469450925702913,0.015244068069846954,0.011901104432395676,0.22523029115839543,0.51704531472892,0.011901104432395676,0.011901104432395676,0.011901104432395676,0.5080199753864876,0.011901104432395676,0.2250074610439493,0.41750672147052553,0.011901104432395676,0.011901104432395676,0.011901104432395676,0.5024587365041304,0.011901104432395676,0.2259812564641563,0.011901104432395676,0.46416685087709064,0.01615217667973762,0.011901104432395676,0.5040657662940162,0.011901104432395676,0.22715427814267783,0.011901104432395676,0.509983071386025,0.011901104432395676,0.011901104432395676,0.2974949504091913,0.297374489414635
0.22661736588080392,0.22661736588080392,0.2646819515270016,0.27436708938624504,0.8616771344350181,0.5645869445709955,0.22670584117008377,0.32246808177176833,0.5684614276303985,0.22681723014225605,0.5024847281323888,0.5987288225570877,0.22661736588080392,0.488065166413209,0.22692923873478812,0.32027383255190994,0.5516428971820186,0.5599291001481476,0.3200401878160365,0.49476401980636014,0.22661736588080392,0.5446275337650077,0.3209389022849168,0.4801861681328239,0.22661736588080392,0.6098384207812209,0.5658697851565223,0.22661736588080392,0.5364602471160749,0.22661736588080392,0.5673750794341706,0.2268799887918237,0.5301495732427389,0.22661736588080392,0.48317449902743487,0.6099036609333616,0.22661736588080392,0.22661736588080392,0.48316226370598436,0.6047414594126331,0.22687863932706248,0.5519817912583199,0.31862613868976997,0.485976949033748,0.23115772750330646,0.22661736588080392,0.6050106136248828,0.49322656857403113,0.5570489981782449,0.31998318764743605,0.22661736588080392,0.55799180834081,0.4832727039291179,0.31982171304425555,0.5598027791110645,0.22661736588080392,0.5381694787191795,0.22661736588080392,0.4864117690908435,0.3194390302037071,0.5634240757502742,0.22661736588080392,0.4815335635598061,0.6162429818567378,0.22661736588080392,0.22661736588080392,0.6146322353926924,0.5037999074626264,0.22687863932706248,0.5714334191204885,0.3196452934815522,0.4847697335331531,0.22681857997429894,0.6193648675975236,0.22661736588080392,0.5522287501117709,0.47236709906202473,0.3194908481255537,0.22661736588080392,0.5527085271532379,0.22661736588080392,0.22661736588080392,0.22661736588080392,0.4833923814088552,0.3195172337198363,0.22661736588080392,0.22661736588080392,0.5536501775847461,0.22661736588080392,0.22661736588080392,0.6199523102918942,0.22661736588080392,0.22661736588080392,0.2268799887918237,0.49967942502752744,0.22681723014225605,0.22661736588080392,0.3190770347564933,0.5624366631083205,0.22661736588080392,0.22661736588080392,0.22661736588080392,0.5542784373785684,0.22661736588080392,0.31892039753635437,0.47382806329090954,0.22661736588080392,0.22661736588080392,0.22661736588080392,0.5492617157177843,0.22661736588080392,0.3196054900229969,0.22661736588080392,0.514955662111326,0.2268799887918237,0.22661736588080392,0.5507105740538341,0.22661736588080392,0.3204326922683804,0.22661736588080392,0.556051209155622,0.22661736588080392,0.22661736588080392,0.37336324701221435,0.3732678336514549
0.5049638892582498,0.5049638892582498,0.5225507808651184,0.5273435634921536,0.9295358157896361,0.7115405192733921,0.505002339232638,0.5528654907498477,0.7143400385155104,0.5050507638451623,0.6674436777740176,0.7363649823788843,0.5049638892582498,0.657451254090036,0.5050994766042776,0.5516428971820186,0.7022245345995177,0.7081815604989486,0.5515130255352065,0.6620802652883101,0.5049638892582498,0.6972005024133361,0.5520129048309628,0.6520371012041697,0.5049638892582498,0.7445100350831616,0.7124668969853237,0.5049638892582498,0.6913751032497872,0.5049638892582498,0.7135546019334565,0.5050780553874508,0.686892143444852,0.5049638892582498,0.6540866291253717,0.7445579508934379,0.5049638892582498,0.5049638892582498,0.6540782277039943,0.7407695529444018,0.5050774684902349,0.7024676905694702,0.5507283072593362,0.6560130640078896,0.5069521666485156,0.5049638892582498,0.7409669254411743,0.6610158132071208,0.7061082978559464,0.5514813510399894,0.5049638892582498,0.7067866709993623,0.6541540647593357,0.5513916404086979,0.7080905674973174,0.5049638892582498,0.6925920691078288,0.5049638892582498,0.6563123409681363,0.5511791474233778,0.7107012466546526,0.5049638892582498,0.6529606008683198,0.7492183235276013,0.5049638892582498,0.5049638892582498,0.7480333590258753,0.6683602393640822,0.5050774684902349,0.7164907350715649,0.5512936595752346,0.6551826937385566,0.5050513507777237,0.7515165097841795,0.5049638892582498,0.7026449092946271,0.6466978541540409,0.5512079110157803,0.5049638892582498,0.7029892621718314,0.5049638892582498,0.5049638892582498,0.5049638892582498,0.6542362522982271,0.5512225585225294,0.5049638892582498,0.5049638892582498,0.7036653581207676,0.5049638892582498,0.5049638892582498,0.7519491794325002,0.5049638892582498,0.5049638892582498,0.5050780553874508,0.6654914626933369,0.5050507638451623,0.5049638892582498,0.5509782900311039,0.7099889590345937,0.5049638892582498,0.5049638892582498,0.5049638892582498,0.7041166188374387,0.5049638892582498,0.5508914228356325,0.6476928580749185,0.5049638892582498,0.5049638892582498,0.5049638892582498,0.7005172184321813,0.5049638892582498,0.5512715580548255,0.5049638892582498,0.6761678932393312,0.5050780553874508,0.5049638892582498,0.7015558090293226,0.5049638892582498,0.5517312337448245,0.5049638892582498,0.7053907039158176,0.5049638892582498,0.5049638892582498,0.5826082656047326,0.5825501872947815
