0.0,0.0,0.13418847256233807,0.15635988826080197,0.17427797287320004,0.4150402065011761,0.538242843776673,0.8408964152537145,0.023368544404659478,0.6221503050724534,0.02009618293647353,0.0183405043605763,0.5430587868508723,0.5388609427613754,0.0,0.46226689842604995,0.24063902241399304,0.5397177856934802,0.02097253491507047,0.6105261084366069,0.0,0.47028694824425654,0.0,0.5927063479568924,0.45204344887396686,0.005094584505134262,0.6112156025249526,0.0,0.5569037994894533,0.23887510010484625,0.4569963421995938,0.0,0.5588238355424098,0.01981000904396669,0.5157393275243285,0.4558033867498387,0.0,0.6107482721988216,0.0,0.4563587237293436,0.2402983982924961,0.5438392117082518,0.01140701609164958,0.5400908118650235,0.2433550644297363,0.45951913585760457,0.0,0.6047005112891605,0.4686539659452829,0.02009618293647353,0.01140701609164958,0.6066976397182698,0.5466239779221711,0.01160253620848366,0.011926116365777515,0.520685128835002,0.0,0.6093052431992768,0.45974417801378553,0.0,0.4601786908899532,0.23994787908201146,0.5541376833835333,0.0,0.45414914109552806,0.6190772044211084,0.0,0.0,0.6166474488977056,0.4808867695961752,0.0,0.6233531922709176,0.016376797872920873,0.4582923649684155,0.01160253620848366,0.622757136441478,0.0,0.5405678526710944,0.0,0.5080470112573211,0.016376797872920873,0.5413798005508568,0.0,0.0,0.0,0.520882734100586,0.0,0.0,0.005094584505134262,0.5428925554826862,0.0,0.0,0.6234895053240013,0.0,0.0,0.010155148121217566,0.4766645463679801,0.017490582464456766,0.04449145099891283,0.23896825625446994,0.5529789452616927,0.0,0.0,0.5430709494254021,0.02009618293647353,0.01164719013666116,0.23865516854663002,0.444423928148444,0.0,0.0,0.0,0.5367693402653717,0.02097253491507047,0.2401159591226179,0.0,0.49479820727918555,0.0,0.010121013095950085,0.5382975666245602,0.0,0.24209095623629226,0.0,0.544629929821067,0.0,0.0
0.0,0.0,0.13418847256233807,0.15635988826080197,0.17427797287320004,0.4150402065011761,0.538242843776673,0.8408964152537145,0.023368544404659478,0.6221503050724534,0.02009618293647353,0.0183405043605763,0.5430587868508723,0.5388609427613754,0.0,0.46226689842604995,0.24063902241399304,0.5397177856934802,0.02097253491507047,0.6105261084366069,0.0,0.47028694824425654,0.0,0.5927063479568924,0.45204344887396686,0.005094584505134262,0.6112156025249526,0.0,0.5569037994894533,0.23887510010484625,0.4569963421995938,0.0,0.5588238355424098,0.01981000904396669,0.5157393275243285,0.4558033867498387,0.0,0.6107482721988216,0.0,0.4563587237293436,0.2402983982924961,0.5438392117082518,0.01140701609164958,0.5400908118650235,0.2433550644297363,0.45951913585760457,0.0,0.6047005112891605,0.4686539659452829,0.02009618293647353,0.01140701609164958,0.6066976397182698,0.5466239779221711,0.01160253620848366,0.011926116365777515,0.520685128835002,0.0,0.6093052431992768,0.45974417801378553,0.0,0.4601786908899532,0.23994787908201146,0.5541376833835333,0.0,0.45414914109552806,0.6190772044211084,0.0,0.0,0.6166474488977056,0.4808867695961752,0.0,0.6233531922709176,0.016376797872920873,0.4582923649684155,0.01160253620848366,0.622757136441478,0.0,0.5405678526710944,0.0,0.5080470112573211,0.016376797872920873,0.5413798005508568,0.0,0.0,0.0,0.520882734100586,0.0,0.0,0.005094584505134262,0.5428925554826862,0.0,0.0,0.6234895053240013,0.0,0.0,0.010155148121217566,0.4766645463679801,0.017490582464456766,0.04449145099891283,0.23896825625446994,0.5529789452616927,0.0,0.0,0.5430709494254021,0.02009618293647353,0.01164719013666116,0.23865516854663002,0.444423928148444,0.0,0.0,0.0,0.5367693402653717,0.02097253491507047,0.2401159591226179,0.0,0.49479820727918555,0.0,0.010121013095950085,0.5382975666245602,0.0,0.24209095623629226,0.0,0.544629929821067,0.0,0.0
0.13418847256233807,0.13418847256233807,0.18975577329479273,0.20602333531450207,0.2199230004298584,0.43585298593100075,0.5539790067456951,0.8483658928561592,0.13620772303125322,0.6353040061232906,0.1356846925456485,0.13543583245757326,0.5586329038807805,0.5545761945745739,0.13418847256233807,0.4808811278864274,0.2754525027612271,0.5554041050015802,0.13581723136135007,0.6240116985093884,0.13418847256233807,0.48856378792864336,0.13418847256233807,0.60671468967876,0.4711016287255972,0.134285132254827,0.6246813155414667,0.13418847256233807,0.5720229077385746,0.27391471247746146,0.47583744419519475,0.13418847256233807,0.573881054575628,0.13564260987691715,0.5322610434545632,0.4746964254946958,0.13418847256233807,0.6242274549204925,0.13418847256233807,0.4752275579543812,0.2751553376014939,0.5593872580080418,0.13467236143967973,0.5557645555529399,0.27782553481007705,0.47825112142939774,0.13418847256233807,0.6183550514995011,0.4869987557397706,0.1356846925456485,0.13467236143967973,0.6202940552018533,0.5620794179764858,0.13468906052846064,0.13471731580625254,0.5370299842944071,0.13418847256233807,0.6228260900744556,0.47846647685219973,0.13418847256233807,0.4788823080708106,0.2748496436623742,0.5693464584711067,0.13418847256233807,0.47311456380163674,0.6323179960082872,0.13418847256233807,0.13418847256233807,0.6299574246698028,0.4987314411025033,0.13418847256233807,0.6364729269592636,0.13518395446978035,0.47707729027693496,0.13468906052846064,0.6358936936129156,0.13418847256233807,0.5562255318785414,0.13418847256233807,0.524848847983698,0.13518395446978035,0.5570101827661147,0.13418847256233807,0.13418847256233807,0.13418847256233807,0.5372205744964065,0.13418847256233807,0.13418847256233807,0.134285132254827,0.5584722323397227,0.13418847256233807,0.13418847256233807,0.6366053952033355,0.13418847256233807,0.13418847256233807,0.13457212336306854,0.49467954785712903,0.13532337640564174,0.14137071537559645,0.27399585893215284,0.5682254620004885,0.13418847256233807,0.13418847256233807,0.55864465975497,0.1356846925456485,0.1346929138701258,0.2737231644366695,0.4638237039771139,0.13418847256233807,0.13418847256233807,0.13418847256233807,0.552555490659112,0.13581723136135007,0.27499621604314245,0.13418847256233807,0.512097772917674,0.13418847256233807,0.13456955217355562,0.5540318768798531,0.13418847256233807,0.27672029763822736,0.13418847256233807,0.5601516144753408,0.13418847256233807,0.13418847256233807
0.15635988826080197,0.15635988826080197,0.20602333531450207,0.22109322400598766,0.23409585281972495,0.44304609090780644,0.5594807679844012,0.8509894603920015,0.15809597290636712,0.6399202781425776,0.1576456422367424,0.15743153060742127,0.5640795557383834,0.5600708478364853,0.15635988826080197,0.4873504914640088,0.28687492017376864,0.5608889219658136,0.15775971614840592,0.6287425965113616,0.15635988826080197,0.49492086411879677,0.15635988826080197,0.6116256583176937,0.47771825985656136,0.15644283838146542,0.6294053550120873,0.15635988826080197,0.5773144800037585,0.28539943531945766,0.48238213539644453,0.15635988826080197,0.5791514952687244,0.15760942843161707,0.5380290402744827,0.48125834072521134,0.15635988826080197,0.6289561421722419,0.15635988826080197,0.4817814470713634,0.2865897449135656,0.5648250376524413,0.15677530281331786,0.561245096498161,0.28915305593417673,0.48475960112348054,0.15635988826080197,0.6231442115028727,0.49337847187678335,0.1576456422367424,0.15677530281331786,0.6250631779056317,0.5674856692281106,0.1567896458422505,0.15681391566827987,0.5427381751901815,0.15635988826080197,0.6275691512976388,0.48497174028060624,0.15635988826080197,0.4853813679255419,0.2862964099568368,0.5746686307188974,0.15635988826080197,0.4797004713740925,0.6369643690711166,0.15635988826080197,0.15635988826080197,0.6346276986102185,0.5049442294983398,0.15635988826080197,0.6410774549673753,0.15721492651597832,0.4836033427917407,0.1567896458422505,0.6405040383611266,0.15635988826080197,0.5617006099468591,0.15635988826080197,0.5307114054524318,0.15721492651597832,0.5624759767978583,0.15635988826080197,0.15635988826080197,0.15635988826080197,0.5429263915956308,0.15635988826080197,0.15635988826080197,0.15644283838146542,0.5639207760670305,0.15635988826080197,0.15635988826080197,0.6412085937033232,0.15635988826080197,0.15635988826080197,0.1566892170354698,0.5009492650283476,0.15733481034429442,0.16256464648358018,0.28547727789949606,0.5735605083862697,0.15635988826080197,0.15635988826080197,0.5640911732197118,0.1576456422367424,0.15679295558545414,0.2852156933186275,0.4705532692877512,0.15635988826080197,0.15635988826080197,0.15635988826080197,0.558074238950516,0.15775971614840592,0.28643705335883873,0.15635988826080197,0.5181278483842519,0.15635988826080197,0.15668700908518374,0.5595330083999056,0.15635988826080197,0.28809182967118374,0.15635988826080197,0.5655804212336601,0.15635988826080197,0.15635988826080197
0.17427797287320004,0.17427797287320004,0.2199230004298584,0.23409585281972495,0.24640941142719058,0.4495527698396347,0.5644838357394312,0.8533799689556627,0.17583698195734568,0.6441255090250355,0.17543226498339753,0.17523991845771955,0.5690331627429313,0.565067537693917,0.17427797287320004,0.49321733398130163,0.2969886673047673,0.5658767850927545,0.17553476346140678,0.6330514630341865,0.17427797287320004,0.50068794007723,0.17427797287320004,0.6160971252636533,0.48371575103150477,0.17435238637390668,0.6337080234147314,0.17427797287320004,0.5821287591349587,0.29556439620061986,0.48831583317102634,0.17427797287320004,0.5839467730063731,0.17539972888713662,0.5432706673490407,0.48720731699612063,0.17427797287320004,0.6332630108584877,0.17427797287320004,0.48772330420004895,0.2967133522447937,0.569770679308573,0.17465071301174875,0.5662291222140139,0.29918868295433104,0.4906611675731502,0.17427797287320004,0.6275057153069252,0.49916567365170295,0.17543226498339753,0.17465071301174875,0.6294065818142611,0.5724029995033787,0.17466358605119636,0.1746853690298106,0.5479262701283801,0.17427797287320004,0.6318890089495324,0.4908704522032639,0.17427797287320004,0.4912745736977126,0.2964301786425502,0.5795104183533816,0.17427797287320004,0.4856707247773419,0.6411968245390411,0.17427797287320004,0.17427797287320004,0.638881766123925,0.5105829187766019,0.17427797287320004,0.6452720622558489,0.17504538413897996,0.4895205037224701,0.17466358605119636,0.6447039075824258,0.17427797287320004,0.5666797328970755,0.17427797287320004,0.5360376051815801,0.17504538413897996,0.5674467669980274,0.17427797287320004,0.17427797287320004,0.17427797287320004,0.5481123610688022,0.17427797287320004,0.17427797287320004,0.17435238637390668,0.5688760814753594,0.17427797287320004,0.17427797287320004,0.6454019982582073,0.17427797287320004,0.17427797287320004,0.17457345480409553,0.5066386343242809,0.17515304662772943,0.17986474995668647,0.29563952460323956,0.5784138670747043,0.17427797287320004,0.17427797287320004,0.5690446559824497,0.17543226498339753,0.17466655661763425,0.2953870662814144,0.4766507959435851,0.17427797287320004,0.17427797287320004,0.17427797287320004,0.5630925471395679,0.17553476346140678,0.29656594763496674,0.17427797287320004,0.523603663017751,0.17427797287320004,0.17457147337399814,0.564535511134614,0.17427797287320004,0.298163704742509,0.17427797287320004,0.570518006449695,0.17427797287320004,0.17427797287320004
0.4150402065011761,0.4150402065011761,0.43585298593100075,0.44304609090780644,0.4495527698396347,0.5825520075875418,0.6710037331376656,0.9046225029240282,0.4156877110894999,0.7349257144613469,0.4155191675550763,0.4154391762711641,0.6746120862732279,0.6714663495408969,0.4150402065011761,0.6154476709715218,0.47855078170908805,0.6721078968524196,0.4155618228939839,0.7259579008972629,0.4150402065011761,0.6211732219622531,0.4150402065011761,0.7122700193675966,0.6082041723758487,0.41507100569348826,0.7264890230729779,0.4150402065011761,0.6850329508939329,0.47768824346236144,0.6117055073530439,0.4150402065011761,0.6864834404662575,0.415505631717021,0.6542660527228478,0.6108608063205085,0.4150402065011761,0.7261290236733892,0.4150402065011761,0.6112539188780064,0.4783838574830387,0.6751976458333904,0.41519458872988085,0.672387282017781,0.47988797086259205,0.6134946572209634,0.4150402065011761,0.7214747038593533,0.6200044337132103,0.4155191675550763,0.41519458872988085,0.7230107523544932,0.677288922383392,0.4151999253239445,0.41520895631733035,0.6579264573760922,0.4150402065011761,0.7250177202519505,0.6136544408637777,0.4150402065011761,0.6139630375123936,0.47821226522124605,0.6829455118317878,0.4150402065011761,0.6096909094656541,0.7325521439242297,0.4150402065011761,0.4150402065011761,0.7306768390514344,0.6287959904440905,0.4150402065011761,0.7358553012748889,0.4153583479676459,0.6126241616821021,0.4151999253239445,0.7353946359212514,0.4150402065011761,0.6727446483230107,0.4150402065011761,0.6485945335379976,0.4153583479676459,0.6733531030559464,0.4150402065011761,0.4150402065011761,0.4150402065011761,0.6580729259139438,0.4150402065011761,0.4150402065011761,0.41507100569348826,0.6744873908640177,0.4150402065011761,0.4150402065011761,0.7359606614195073,0.4150402065011761,0.4150402065011761,0.4151625676369562,0.6257522278580541,0.41540307228900913,0.41738224080712116,0.47773367911167414,0.6820718640006856,0.4150402065011761,0.4150402065011761,0.6746212102117113,0.4155191675550763,0.4152011568353156,0.47758102655603524,0.6028475032392128,0.4150402065011761,0.4150402065011761,0.4150402065011761,0.6699014849592814,0.4155618228939839,0.47829452375095355,0.4150402065011761,0.6388909459517245,0.4150402065011761,0.41516174654883226,0.6710446845290922,0.4150402065011761,0.4792642485282378,0.4150402065011761,0.6757911600150153,0.4150402065011761,0.4150402065011761
0.538242843776673,0.538242843776673,0.5539790067456951,0.5594807679844012,0.5644838357394312,0.6710037331376656,0.7446900013991438,0.938954605897483,0.5387281188188605,0.7984952114884516,0.5386017756987797,0.5385418196199352,0.7477206940423826,0.7450784866724383,0.538242843776673,0.6982408686835492,0.5870630868988641,0.7456172654467028,0.5386337490465255,0.7909394056050524,0.538242843776673,0.7030050046471853,0.538242843776673,0.7794073987462414,0.6922229181218361,0.5382659198956119,0.7913869115719145,0.538242843776673,0.7564798442217281,0.5863852181894973,0.6951305262076636,0.538242843776673,0.7576997340223095,0.5385916298403866,0.7306501351247497,0.6944288322776648,0.538242843776673,0.7910835879620244,0.538242843776673,0.6947553731950084,0.5869318727767667,0.748212628627061,0.5383585202797037,0.7458519089358286,0.5881147009653757,0.6966172506063572,0.538242843776673,0.7871620566457768,0.7020319697931431,0.5386017756987797,0.5383585202797037,0.7884562510682901,0.7499697883811374,0.5383625192073298,0.5383692865432561,0.7337177501112975,0.538242843776673,0.7901472416882297,0.696750056725537,0.538242843776673,0.697006564967316,0.5867970034415296,0.7547245481888014,0.538242843776673,0.6934572385868567,0.7964954337714588,0.538242843776673,0.538242843776673,0.7949154076644385,0.7093571801744193,0.538242843776673,0.7992783826484017,0.5384812405884373,0.6958938172393755,0.5383625192073298,0.7988902767610002,0.538242843776673,0.7461520564904801,0.538242843776673,0.7259005307995406,0.5384812405884373,0.7466631185419567,0.538242843776673,0.538242843776673,0.538242843776673,0.7338405332350798,0.538242843776673,0.538242843776673,0.5382659198956119,0.7476159402874836,0.538242843776673,0.538242843776673,0.7993671469748684,0.538242843776673,0.538242843776673,0.5383345259759076,0.7068195188075548,0.5385147599320053,0.5399994368932797,0.5864209169725216,0.7539900125026435,0.538242843776673,0.538242843776673,0.7477283589111721,0.5386017756987797,0.5383634420317915,0.5863009818956748,0.6877795685910212,0.538242843776673,0.538242843776673,0.538242843776673,0.7437644674319828,0.5386337490465255,0.5868616558036693,0.538242843776673,0.7177847645256216,0.538242843776673,0.538333910720711,0.7447243897490883,0.538242843776673,0.5876240748902667,0.538242843776673,0.748711278386773,0.538242843776673,0.538242843776673
0.8408964152537145,0.8408964152537145,0.8483658928561592,0.8509894603920015,0.8533799689556627,0.9046225029240282,0.938954605897483,1.0,0.8411259233275924,0.9621269538965553,0.8410661646031744,0.841037807467738,0.9403150981229365,0.9391292997215318,0.8408964152537145,0.9175378561852741,0.8642145382817473,0.939371432112688,0.8410812872360237,0.9590190799051412,0.8408964152537145,0.9197750688766771,0.8408964152537145,0.9541723390377631,0.9147015066565808,0.84090732768632,0.9592047060090352,0.8408964152537145,0.9442155232076221,0.8638883705400374,0.9160732922376291,0.8408964152537145,0.9447548295304696,0.8410613659049551,0.9325854604151941,0.9157424715527521,0.8408964152537145,0.9590789077998534,0.8408964152537145,0.9158964412239722,0.8641513989376636,0.9405354158105635,0.8409511186425617,0.939476830145552,0.864720627385342,0.9167737231313067,0.8408964152537145,0.957444725313053,0.9193187543018363,0.8410661646031744,0.8409511186425617,0.9579856261514154,0.9413211812784466,0.8409530097922163,0.8409562101702591,0.9339859345092215,0.8408964152537145,0.9586900225467464,0.9168362577573406,0.8408964152537145,0.9169570245110552,0.8640865024727179,0.9434377976700317,0.8408964152537145,0.915284157898083,0.9613099358688377,0.8408964152537145,0.8408964152537145,0.9606615518055875,0.9227457759885889,0.8408964152537145,0.9624458038732027,0.841009156576972,0.9164329821739494,0.8409530097922163,0.9622878748793925,0.8408964152537145,0.9396116044527314,0.8408964152537145,0.9304080248946333,0.841009156576972,0.939840962942607,0.8408964152537145,0.8408964152537145,0.8408964152537145,0.9340418905331546,0.8408964152537145,0.8408964152537145,0.84090732768632,0.9402681643900456,0.8408964152537145,0.8408964152537145,0.9624819021046043,0.8408964152537145,0.8408964152537145,0.840939771476695,0.9215607401342133,0.8410250094621441,0.8417274535588246,0.8639055464756287,0.9431117502361491,0.8408964152537145,0.8408964152537145,0.9403185320225983,0.8410661646031744,0.8409534462095555,0.8638478420064676,0.9126004265059593,0.8408964152537145,0.8408964152537145,0.8408964152537145,0.9385380610257814,0.8410812872360237,0.8641176116937025,0.8408964152537145,0.926663455641447,0.8408964152537145,0.8409394805176841,0.9389700731602133,0.8408964152537145,0.864484500584221,0.8408964152537145,0.9407585922151809,0.8408964152537145,0.8408964152537145
0.023368544404659478,0.023368544404659478,0.13620772303125322,0.15809597290636712,0.17583698195734568,0.4156877110894999,0.5387281188188605,0.8411259233275924,0.033048109965433316,0.6225547892185526,0.030821183163156154,0.029706276891497373,0.5435389619033405,0.5393455594333821,0.023368544404659478,0.4628435248351534,0.24176911090984896,0.5402014915693821,0.03139961735335154,0.6109409205974206,0.023368544404659478,0.47085278576016154,0.023368544404659478,0.5931374588860818,0.45263430626371703,0.023917434095941877,0.6116297957061072,0.023368544404659478,0.5573696771699025,0.2400135497294001,0.45758023612774545,0.023368544404659478,0.5592877710943582,0.03063535906884969,0.5162493885567345,0.45638894584628203,0.023368544404659478,0.6111628848260892,0.023368544404659478,0.45694350672573275,0.2414300919724775,0.5443185666536954,0.026004016220458313,0.5405741219032356,0.2444725116572791,0.4600995331205763,0.023368544404659478,0.6051205868603889,0.46922197453989933,0.030821183163156154,0.026004016220458313,0.607115904040331,0.547100420651801,0.026090375409733385,0.026235874154700356,0.5211896002929653,0.023368544404659478,0.6097211534069236,0.4603242649781343,0.023368544404659478,0.4607581794710131,0.24108122925307146,0.554606375954957,0.023368544404659478,0.45473702183681647,0.6194843972660242,0.023368544404659478,0.023368544404659478,0.6170567942533187,0.4814388197898117,0.023368544404659478,0.6237566202704106,0.02853573753247921,0.45887445840104213,0.026090375409733385,0.6231610874980572,0.023368544404659478,0.541050657092205,0.023368544404659478,0.5085659365730866,0.02853573753247921,0.5418617459179469,0.023368544404659478,0.023368544404659478,0.023368544404659478,0.5213869839634383,0.023368544404659478,0.023368544404659478,0.023917434095941877,0.5433729054450793,0.023368544404659478,0.023368544404659478,0.6238928137832112,0.023368544404659478,0.023368544404659478,0.02547971512769563,0.47722202625669713,0.029189197855226813,0.05025511630205554,0.24010626127692558,0.5534488230324179,0.023368544404659478,0.023368544404659478,0.5435511116834403,0.030821183163156154,0.02611026389034969,0.2397946691822117,0.4450257628098309,0.023368544404659478,0.023368544404659478,0.023368544404659478,0.5372561894140566,0.03139961735335154,0.24124851438424547,0.023368544404659478,0.49533291762759246,0.023368544404659478,0.025466129570818587,0.5387827833326821,0.023368544404659478,0.24321425232227545,0.023368544404659478,0.5451084556214105,0.023368544404659478,0.023368544404659478
0.6221503050724534,0.6221503050724534,0.6353040061232906,0.6399202781425776,0.6441255090250355,0.7349257144613469,0.7984952114884516,0.9621269538965553,0.6225547892185526,0.8448654132338885,0.6224494730092667,0.622399497037904,0.8011117626464386,0.7988306236125903,0.6221503050724534,0.7583954579469683,0.6631853129289098,0.799295790783084,0.6224761246427492,0.8383695874530638,0.6221503050724534,0.7625056829899423,0.6221503050724534,0.8284425175700803,0.7532053059325453,0.6221695376530434,0.8387545153894759,0.6221503050724534,0.8086723089282077,0.662611286509239,0.7557126897089728,0.6221503050724534,0.8097250217677695,0.6224410159185241,0.7863718767140206,0.7551075345155013,0.6221503050724534,0.8384936103683156,0.6221503050724534,0.7553891464003404,0.6630741911066865,0.8015364511581339,0.6222467163225871,0.7994983734400856,0.664076040988001,0.7569949673656569,0.6221503050724534,0.8351195180404544,0.7616661115717533,0.6224494730092667,0.6222467163225871,0.836233240509869,0.8030533517802992,0.6222500493289906,0.622255689746369,0.7890208844910642,0.6221503050724534,0.8376881389004518,0.7571095168902616,0.6221503050724534,0.7573307662920443,0.6629599779332638,0.8071574457735006,0.6221503050724534,0.7542696616313922,0.8431469044869182,0.6221503050724534,0.6221503050724534,0.8417887298906924,0.7679876093045558,0.6221503050724534,0.8455382810045152,0.6223490029827901,0.7563710007546982,0.6222500493289906,0.845204847456219,0.6221503050724534,0.799757507882912,0.6221503050724534,0.7822704497515555,0.6223490029827901,0.8001987313901031,0.6221503050724534,0.6221503050724534,0.6221503050724534,0.7891269122007817,0.6221503050724534,0.6221503050724534,0.6221695376530434,0.8010213275260314,0.6221503050724534,0.6221503050724534,0.8456145381529588,0.6221503050724534,0.6221503050724534,0.622226717777158,0.7657974064930032,0.6223769420023332,0.6236148102864698,0.6626415139582358,0.806523484612811,0.6221503050724534,0.6221503050724534,0.8011183798033454,0.6224494730092667,0.6222508184808861,0.6625399617709591,0.7493746306637844,0.6221503050724534,0.6221503050724534,0.6221503050724534,0.7976961059353388,0.6224761246427492,0.6630147278179243,0.6221503050724534,0.7752628388170686,0.6221503050724534,0.6222262049825125,0.7985249019966643,0.6221503050724534,0.6636604438989319,0.6221503050724534,0.801966929549697,0.6221503050724534,0.6221503050724534
0.02009618293647353,0.02009618293647353,0.1356846925456485,0.1576456422367424,0.17543226498339753,0.4155191675550763,0.5386017756987797,0.8410661646031744,0.030821183163156154,0.6224494730092667,0.028420293304785856,0.027207179541557203,0.5434139459315064,0.5392193876365801,0.02009618293647353,0.4626934146819868,0.2414752850144264,0.5400755567837283,0.029046578360585044,0.6108329160399204,0.02009618293647353,0.47070548205773594,0.02009618293647353,0.5930252120090327,0.45248049451315087,0.020731892261616244,0.6115219522642978,0.02009618293647353,0.5572483818857846,0.23971755745502848,0.45742823559990936,0.02009618293647353,0.5591669812377457,0.02821866339609746,0.5161165958834664,0.45623651219625816,0.02009618293647353,0.6110549322056137,0.02009618293647353,0.456791274944449,0.24113585015883826,0.5441937640973152,0.023107933069539715,0.5404482901243843,0.2441819614471402,0.4599484421117858,0.02009618293647353,0.6050112122912266,0.4690741060760783,0.028420293304785856,0.023107933069539715,0.6070070009178872,0.5469763759434833,0.02320507273349836,0.023368543062696746,0.5210582620222134,0.02009618293647353,0.6096128630370441,0.46017325468199355,0.02009618293647353,0.46060732482237804,0.2407865582335689,0.5544843481188553,0.02009618293647353,0.454583984316232,0.6193783759822272,0.02009618293647353,0.02009618293647353,0.6169502126754269,0.481295102709513,0.02009618293647353,0.6236515789779083,0.025924043681817242,0.4587229261989246,0.02320507273349836,0.6230559100527714,0.02009618293647353,0.5409249568877271,0.02009618293647353,0.5084308374922621,0.025924043681817242,0.5417362692616969,0.02009618293647353,0.02009618293647353,0.02009618293647353,0.5212557033522571,0.02009618293647353,0.02009618293647353,0.020731892261616244,0.5432478439567393,0.02009618293647353,0.02009618293647353,0.6237878036073121,0.02009618293647353,0.02009618293647353,0.022516296139442536,0.4770768966726656,0.02664164033692705,0.048819512779557234,0.23981038419529024,0.5533264867604707,0.02009618293647353,0.02009618293647353,0.5434260990410797,0.028420293304785856,0.023227431886607405,0.23949840460143906,0.44486909595565705,0.02009618293647353,0.02009618293647353,0.02009618293647353,0.53712943667661,0.029046578360585044,0.24095404932928874,0.02009618293647353,0.49519371164297044,0.02009618293647353,0.02250092140536524,0.5386564553924673,0.02009618293647353,0.24292218647180508,0.02009618293647353,0.5449838688331676,0.02009618293647353,0.02009618293647353
0.0183405043605763,0.0183405043605763,0.13543583245757326,0.15743153060742127,0.17523991845771955,0.4154391762711641,0.5385418196199352,0.841037807467738,0.029706276891497373,0.622399497037904,0.027207179541557203,0.025937389275000947,0.54335461981098,0.539159512880247,0.0183405043605763,0.46262217587490956,0.24133575261032486,0.5400157945299704,0.02786074772072305,0.610781664169219,0.0183405043605763,0.47063557566022163,0.0183405043605763,0.5929719466705333,0.45240749825571397,0.01903493863559597,0.611470776860318,0.0183405043605763,0.5571908218309367,0.23957699442920338,0.4573560992855905,0.0183405043605763,0.5591096610856823,0.026996490704509355,0.5160535782931218,0.4561641702429875,0.0183405043605763,0.611003704984625,0.0183405043605763,0.4567190288350856,0.2409961198911812,0.5441345392782123,0.021598474623937106,0.5403885767650121,0.2440439873226176,0.45987673761863074,0.0183405043605763,0.6049593101992186,0.46900393155146847,0.027207179541557203,0.021598474623937106,0.6069553225799286,0.5469175108489805,0.02170237166811303,0.02187707339941271,0.5209959348305442,0.0183405043605763,0.6095614755174238,0.460101588509381,0.0183405043605763,0.46053573254760166,0.24064662377947363,0.5544264403541833,0.0183405043605763,0.4545113556541773,0.6193280653823169,0.0183405043605763,0.0183405043605763,0.6168996361586583,0.4812268990698636,0.0183405043605763,0.6236017334816948,0.024588078035010376,0.45865101223661553,0.02170237166811303,0.6230059999386532,0.0183405043605763,0.5408653059828915,0.0183405043605763,0.5083667250424974,0.024588078035010376,0.541676724468565,0.0183405043605763,0.0183405043605763,0.0183405043605763,0.5211934035311653,0.0183405043605763,0.0183405043605763,0.01903493863559597,0.5431884962309752,0.0183405043605763,0.0183405043605763,0.623737972878983,0.0183405043605763,0.0183405043605763,0.02096428215517646,0.47700802245009744,0.02534353057811771,0.04812340949276734,0.23966987597168868,0.5532684325944333,0.0183405043605763,0.0183405043605763,0.5433667745009483,0.027207179541557203,0.02172627735219629,0.23935771202708653,0.44479474410403813,0.0183405043605763,0.0183405043605763,0.0183405043605763,0.5370692861630577,0.02786074772072305,0.24081421285906757,0.0183405043605763,0.4951276495777549,0.0183405043605763,0.020947768343248713,0.538596506519098,0.0183405043605763,0.24278349135205307,0.0183405043605763,0.5449247464320545,0.0183405043605763,0.0183405043605763
0.5430587868508723,0.5430587868508723,0.5586329038807805,0.5640795557383834,0.5690331627429313,0.6746120862732279,0.7477206940423826,0.9403150981229365,0.5435389619033405,0.8011117626464386,0.5434139459315064,0.54335461981098,0.7507281110149647,0.7481061950109752,0.5430587868508723,0.7016319375338639,0.5913963516244125,0.7486408353229986,0.5434455833776738,0.7936145479781488,0.5430587868508723,0.7063586347909668,0.5430587868508723,0.7821715256405131,0.6956614953098492,0.5430816202981266,0.7940585910263814,0.5430587868508723,0.7594200435085949,0.590724809672034,0.6985461179990605,0.5430587868508723,0.7606305750161287,0.5434039066683432,0.7337888920872765,0.6978499656504495,0.5430587868508723,0.793757614706136,0.5430587868508723,0.69817392730348,0.5912663614339638,0.7512162687033945,0.5431732470380698,0.7488736766056369,0.5924381691110036,0.7000211123759955,0.5430587868508723,0.7898663970517372,0.7053932348130598,0.5434139459315064,0.5431732470380698,0.791150593892818,0.7529599398532876,0.54317720392465,0.543183900116082,0.7368328535312202,0.5430587868508723,0.7928285119908486,0.7001528714128916,0.5430587868508723,0.7004073576075565,0.5911327504901546,0.7576782137336504,0.5430587868508723,0.6968860507880438,0.7991275188213932,0.5430587868508723,0.5430587868508723,0.7975597519231782,0.7126611061512474,0.5430587868508723,0.801888844602034,0.5432946773882295,0.6993033848836417,0.54317720392465,0.801503756670693,0.5430587868508723,0.7491715189582022,0.5430587868508723,0.7290759700452651,0.5432946773882295,0.7496786562271753,0.5430587868508723,0.5430587868508723,0.5430587868508723,0.7369546904775345,0.5430587868508723,0.5430587868508723,0.5430816202981266,0.7506241615597387,0.5430587868508723,0.5430587868508723,0.8019769185731255,0.5430587868508723,0.5430587868508723,0.5431495049979864,0.7101432734824337,0.5433278444729781,0.5447969511154184,0.5907601750337139,0.7569493136042431,0.5430587868508723,0.5430587868508723,0.7507357170334001,0.5434139459315064,0.5431781170474497,0.5906413602358727,0.6912533913900442,0.5430587868508723,0.5430587868508723,0.5430587868508723,0.7468022709061342,0.5434455833776738,0.591196799570557,0.5430587868508723,0.7210230808586798,0.5430587868508723,0.5431488962114833,0.7477548182149749,0.5430587868508723,0.5919521108040653,0.5430587868508723,0.7517110903012785,0.5430587868508723,0.5430587868508723
0.5388609427613754,0.5388609427613754,0.5545761945745739,0.5600708478364853,0.565067537693917,0.6714663495408969,0.7450784866724383,0.9391292997215318,0.5393455594333821,0.7988306236125903,0.5392193876365801,0.539159512880247,0.7481061950109752,0.745466589300704,0.5388609427613754,0.6986755852798336,0.5876189443817229,0.7460048374499748,0.5392513176222552,0.7912823231395928,0.5388609427613754,0.7034349160271615,0.5388609427613754,0.7797617169173602,0.6926637331883838,0.538883987552868,0.7917293854866772,0.5388609427613754,0.756856727875302,0.5869418906437731,0.6955683906069347,0.5388609427613754,0.7580754180624486,0.5392092555387497,0.731052478445384,0.6948674080373562,0.5388609427613754,0.7914263625777025,0.5388609427613754,0.6951936178587206,0.5874878879167624,0.7485976453562322,0.5389764622457558,0.7462392498658089,0.5886692965605442,0.6970536092908297,0.5388609427613754,0.7875087147545664,0.7024628610547684,0.5392193876365801,0.5389764622457558,0.7888016283540519,0.7503530757637492,0.5389804557461663,0.5389872138978202,0.7341170597685144,0.5388609427613754,0.790490944254253,0.6971862810048944,0.5388609427613754,0.6974425296948294,0.5873531806783596,0.7551031580957007,0.5388609427613754,0.6938968000816491,0.7968328356594965,0.5388609427613754,0.5388609427613754,0.7952543799043342,0.7097807129525388,0.5388609427613754,0.7996130148139131,0.5390990160300257,0.6963309083467552,0.5389804557461663,0.799225295491466,0.5388609427613754,0.7465391018562892,0.5388609427613754,0.7263075791804285,0.5390990160300257,0.7470496606914504,0.5388609427613754,0.5388609427613754,0.5388609427613754,0.73423972154542,0.5388609427613754,0.5388609427613754,0.538883987552868,0.7480015443767297,0.5388609427613754,0.5388609427613754,0.7997016907142682,0.5388609427613754,0.5388609427613754,0.5389525005075281,0.7072455961106199,0.5391324898996676,0.5406151569279112,0.5869775464770903,0.7543693448553723,0.5388609427613754,0.5388609427613754,0.7481138523344676,0.5392193876365801,0.5389813773182087,0.5868577557093507,0.6882249086147841,0.5388609427613754,0.5388609427613754,0.5388609427613754,0.744153864462557,0.5392513176222552,0.587417755330023,0.5388609427613754,0.7181998790231859,0.5388609427613754,0.5389518860873974,0.7451128411496603,0.5388609427613754,0.5881792588485116,0.5388609427613754,0.7490958043087323,0.5388609427613754,0.5388609427613754
0.0,0.0,0.13418847256233807,0.15635988826080197,0.17427797287320004,0.4150402065011761,0.538242843776673,0.8408964152537145,0.023368544404659478,0.6221503050724534,0.02009618293647353,0.0183405043605763,0.5430587868508723,0.5388609427613754,0.0,0.46226689842604995,0.24063902241399304,0.5397177856934802,0.02097253491507047,0.6105261084366069,0.0,0.47028694824425654,0.0,0.5927063479568924,0.45204344887396686,0.005094584505134262,0.6112156025249526,0.0,0.5569037994894533,0.23887510010484625,0.4569963421995938,0.0,0.5588238355424098,0.01981000904396669,0.5157393275243285,0.4558033867498387,0.0,0.6107482721988216,0.0,0.4563587237293436,0.2402983982924961,0.5438392117082518,0.01140701609164958,0.5400908118650235,0.2433550644297363,0.45951913585760457,0.0,0.6047005112891605,0.4686539659452829,0.02009618293647353,0.01140701609164958,0.6066976397182698,0.5466239779221711,0.01160253620848366,0.011926116365777515,0.520685128835002,0.0,0.6093052431992768,0.45974417801378553,0.0,0.4601786908899532,0.23994787908201146,0.5541376833835333,0.0,0.45414914109552806,0.6190772044211084,0.0,0.0,0.6166474488977056,0.4808867695961752,0.0,0.6233531922709176,0.016376797872920873,0.4582923649684155,0.01160253620848366,0.622757136441478,0.0,0.5405678526710944,0.0,0.5080470112573211,0.016376797872920873,0.5413798005508568,0.0,0.0,0.0,0.520882734100586,0.0,0.0,0.005094584505134262,0.5428925554826862,0.0,0.0,0.6234895053240013,0.0,0.0,0.010155148121217566,0.4766645463679801,0.017490582464456766,0.04449145099891283,0.23896825625446994,0.5529789452616927,0.0,0.0,0.5430709494254021,0.02009618293647353,0.01164719013666116,0.23865516854663002,0.444423928148444,0.0,0.0,0.0,0.5367693402653717,0.02097253491507047,0.2401159591226179,0.0,0.49479820727918555,0.0,0.010121013095950085,0.5382975666245602,0.0,0.24209095623629226,0.0,0.544629929821067,0.0,0.0
0.46226689842604995,0.46226689842604995,0.4808811278864274,0.4873504914640088,0.49321733398130163,0.6154476709715218,0.6982408686835492,0.9175378561852741,0.4628435248351534,0.7583954579469683,0.4626934146819868,0.46262217587490956,0.7016319375338639,0.6986755852798336,0.46226689842604995,0.6461497098534044,0.5195206160028621,0.6992784625624755,0.462731403800347,0.7499489027366841,0.46226689842604995,0.6515057917465018,0.46226689842604995,0.7370596001009068,0.639378519307501,0.46229432245989044,0.7504491185609067,0.46226689842604995,0.7114293019940172,0.518734796795172,0.6426508525490046,0.46226689842604995,0.7127934453828605,0.4626813597284545,0.6825217494959674,0.6418612771962877,0.46226689842604995,0.7501100672186598,0.46226689842604995,0.6422287254867495,0.5193685235098995,0.702182306880433,0.4624043663219975,0.6995410149908992,0.5207392582091303,0.6443234924605766,0.46226689842604995,0.7457267987578998,0.6504121571991868,0.4626934146819868,0.4624043663219975,0.7471733457572938,0.704148060707825,0.4624091184005852,0.46241716025784824,0.6859578015632548,0.46226689842604995,0.7490634442931556,0.6444728874081116,0.46226689842604995,0.6447614275408067,0.5192121854726747,0.709466306838373,0.46226689842604995,0.6407678553241901,0.7561597437151902,0.46226689842604995,0.46226689842604995,0.7543934063894653,0.6586416599342064,0.46226689842604995,0.75927107194263,0.46255019420909166,0.6435096414510497,0.4624091184005852,0.7588371521810953,0.46226689842604995,0.6998768568858442,0.46226689842604995,0.6771997697660119,0.46255019420909166,0.7004486810132652,0.46226689842604995,0.46226689842604995,0.46226689842604995,0.6860953123578549,0.46226689842604995,0.46226689842604995,0.46229432245989044,0.7015147384123628,0.46226689842604995,0.46226689842604995,0.759370315329151,0.46226689842604995,0.46226689842604995,0.46237585272678905,0.65579165176075,0.46259002314454667,0.4643533486980379,0.5187761861926664,0.708644806777439,0.46226689842604995,0.46226689842604995,0.7016405130050305,0.4626934146819868,0.46241021502650703,0.518637130229081,0.6343748176999131,0.46226689842604995,0.46226689842604995,0.46226689842604995,0.6972051469966849,0.462731403800347,0.5192871303986567,0.46226689842604995,0.6681000085693423,0.46226689842604995,0.4623751215836317,0.6982793498375002,0.46226689842604995,0.5201707724104194,0.46226689842604995,0.7027401724538085,0.46226689842604995,0.46226689842604995
0.24063902241399304,0.24063902241399304,0.2754525027612271,0.28687492017376864,0.2969886673047673,0.47855078170908805,0.5870630868988641,0.8642145382817473,0.24176911090984896,0.6631853129289098,0.2414752850144264,0.24133575261032486,0.5913963516244125,0.5876189443817229,0.24063902241399304,0.5195206160028621,0.3400293205238447,0.5883896481947797,0.24154966912085996,0.6525723847105029,0.24063902241399304,0.5265660184630027,0.24063902241399304,0.6363392287511682,0.5105738377154037,0.2406928547470067,0.6532013986989151,0.24063902241399304,0.6038817524300786,0.33878954039154424,0.5149033061832687,0.24063902241399304,0.6056163718539413,0.24145167754424274,0.5668878617673879,0.5138596519893343,0.24063902241399304,0.6527750539643788,0.24063902241399304,0.514345420134001,0.3397895588269102,0.592099045349647,0.2409087800172317,0.5887252256205536,0.34194709467172213,0.5171121304449374,0.24063902241399304,0.647260409566291,0.52512963465533,0.2414752850144264,0.2409087800172317,0.6490809240655171,0.5946075329758718,0.2409181013045166,0.24093387496365207,0.5713111605099124,0.24063902241399304,0.6514587686795998,0.5173092808805155,0.24063902241399304,0.517689993407795,0.3395430078819305,0.6013840679712145,0.24063902241399304,0.5124133353026156,0.6603778701366212,0.24063902241399304,0.24063902241399304,0.6581590038934878,0.5359118756794159,0.24063902241399304,0.6642845344167148,0.24119470659288925,0.5160377372059165,0.2409181013045166,0.6637398249040896,0.24063902241399304,0.5891544211587914,0.24063902241399304,0.5600210770295516,0.24119470659288925,0.5898850514337998,0.24063902241399304,0.24063902241399304,0.24063902241399304,0.5714880206183413,0.24063902241399304,0.24063902241399304,0.2406928547470067,0.5912466944448748,0.24063902241399304,0.24063902241399304,0.6644091110984993,0.24063902241399304,0.24063902241399304,0.2408528446671098,0.532184613335256,0.24127275754025485,0.24471042731022746,0.3388549020548619,0.6003382425643131,0.24063902241399304,0.24063902241399304,0.5914073017627627,0.2414752850144264,0.24092025231925399,0.3386352790352669,0.5039321232504317,0.24063902241399304,0.24063902241399304,0.24063902241399304,0.5857383148043601,0.24154966912085996,0.3396612110591005,0.24063902241399304,0.5482328943396196,0.24063902241399304,0.24085141025540197,0.5871122957393041,0.24063902241399304,0.34105320139349543,0.24063902241399304,0.5928111437265452,0.24063902241399304,0.24063902241399304
