0.23809111143630293,0.1862587936737267,0.2097144418605025,0.8525682022544571,0.5020057602428334,0.1686374965255137,0.27088118163554625,0.510743916671685,0.4477456069083761,0.16885529050725057,0.5386486213133873,0.16838969644376123,0.16875072208379957,0.4850837996551185,0.4946793121235741,0.16838969644376123,0.5485332053601533,0.16838969644376123,0.44097936668792614,0.16838969644376123,0.5351600429309705,0.42699075345361936,0.16838969644376123,0.503251766353685,0.2681241861490408,0.5082451267956155,0.16838969644376123,0.48018705621603236,0.16838969644376123,0.5094982409396158,0.2684089568625954,0.42399249895547986,0.16838969644376123,0.4298936688385829,0.548710520146194,0.16838969644376123,0.4300796304701536,0.16838969644376123,0.5440339589087502,0.16838969644376123,0.4949570304013376,0.26927422975758125,0.4336120586452032,0.16838969644376123,0.5439990704725267,0.16838969644376123,0.43959188114714615,0.16838969644376123,0.5454413880993696,0.500495186051765,0.1686937283858998,0.4805204615417261,0.16838969644376123,0.5021001112470483,0.267577910848656,0.4325617537684775,0.16838969644376123,0.43301047511982504,0.16838969644376123,0.551389470071597,0.42817218841872545,0.16838969644376123,0.554305022711965,0.16838969644376123,0.5077364010337663,0.267682916396794,0.4490548923936487,0.16838969644376123,0.5124814297379094,0.26846105882569254,0.43150398274221535,0.5120985941226512,0.2686330229118083,0.16838969644376123,0.49533666096831463,0.4702990093434883,0.16838969644376123,0.16838969644376123,0.49575654146222237,0.16838969644376123,0.16838969644376123,0.16838969644376123,0.4799641135295385,0.16838969644376123,0.16838969644376123,0.49663856229870634,0.16869216664329154,0.16838969644376123,0.16838969644376123,0.2683357023478663,0.5127723503340228,0.16838969644376123,0.1686226544302019,0.44581338255594155,0.16838969644376123,0.16838969644376123,0.2678785227190604,0.5053656333850379,0.16838969644376123,0.16838969644376123,0.16838969644376123,0.4978769152944134,0.16838969644376123,0.2677179092278422,0.420606736804902,0.16838969644376123,0.16838969644376123,0.16838969644376123,0.4923915069959991,0.16838969644376123,0.2684458224897622,0.46035600207095595,0.16838969644376123,0.1686937283858998,0.16862109202826242,0.16838969644376123,0.49380985489848217,0.269420706234793,0.16838969644376123,0.4988123927081345,0.16838969644376123,0.16838969644376123,0.16838969644376123,0.4255296197516582,0.26825652598987093
0.1862587936737267,0.11260763944968842,0.1482365949906953,0.8435495747629137,0.48025263272053664,0.08014932957984607,0.22671893841109594,0.48942997819405604,0.42291583350239936,0.08060674421922122,0.5186544007246565,0.07962642573114358,0.08038737889761075,0.46244000111402794,0.47254733039559227,0.07962642573114358,0.5289794998677194,0.07962642573114358,0.4157153644204614,0.07962642573114358,0.5150071847642415,0.40078576425168033,0.07962642573114358,0.48156208863118144,0.22341311328492383,0.4868069559094084,0.07962642573114358,0.45727485102677706,0.07962642573114358,0.4881225047403692,0.2237552542349242,0.3975777179856963,0.07962642573114358,0.40388898932151907,0.5291645997488102,0.07962642573114358,0.404087690202151,0.07962642573114358,0.5242813491723036,0.07962642573114358,0.47283959334105036,0.22479387443605467,0.40786002680594513,0.07962642573114358,0.5242449080124677,0.07962642573114358,0.41423720877786346,0.07962642573114358,0.5257512825502038,0.4786647590957326,0.08026762162947683,0.4576266918140749,0.07962642573114358,0.4803517981200575,0.2227563374125497,0.4067387990832948,0.07962642573114358,0.4072178628479619,0.07962642573114358,0.5319606837273247,0.4020490515076636,0.07962642573114358,0.535002692995741,0.07962642573114358,0.4862728063128926,0.22288262931946876,0.4243076614866709,0.07962642573114358,0.49125325004130943,0.22381783550779163,0.4056092520420893,0.49085156236156263,0.22402434918746073,0.07962642573114358,0.47323908211276816,0.44682897883081324,0.07962642573114358,0.07962642573114358,0.4736808943062316,0.07962642573114358,0.07962642573114358,0.07962642573114358,0.45703956759856107,0.07962642573114358,0.07962642573114358,0.4746088770811448,0.08026433809342898,0.07962642573114358,0.07962642573114358,0.2236672569858823,0.4915584801023141,0.07962642573114358,0.08011808449406001,0.4208609278054518,0.07962642573114358,0.07962642573114358,0.22311783002935642,0.4837829636560332,0.07962642573114358,0.07962642573114358,0.07962642573114358,0.47591151315320185,0.07962642573114358,0.2229247109185392,0.39395140790877214,0.07962642573114358,0.07962642573114358,0.07962642573114358,0.4701391439569461,0.07962642573114358,0.22379953522521553,0.4363022781174195,0.07962642573114358,0.08026762162947683,0.08011479482875938,0.07962642573114358,0.4716322423819559,0.22496955207583533,0.07962642573114358,0.4768953613008028,0.07962642573114358,0.07962642573114358,0.07962642573114358,0.39922276624415115,0.22357213426660597
0.2097144418605025,0.1482365949906953,0.1768213709632756,0.8473935512413918,0.4895681018651547,0.12537283783488762,0.24633690767534444,0.49855355513237154,0.43358401451181405,0.12566571949425512,0.5272030490578997,0.12503923254227245,0.12552513764645967,0.47214552230867657,0.482028562821601,0.12503923254227245,0.53733678432482,0.12503923254227245,0.42657572146201134,0.12503923254227245,0.5236248122055017,0.41206370454054314,0.12503923254227245,0.49084981724892013,0.2432993630907589,0.49598478387303213,0.12503923254227245,0.4670981567411736,0.12503923254227245,0.4972730652613138,0.24361341691939725,0.40894897335017827,0.12503923254227245,0.41507790613974105,0.5375185046669934,0.12503923254227245,0.41527094775798173,0.12503923254227245,0.532725006616903,0.12503923254227245,0.4823144578875455,0.24456723182027884,0.4189367618492734,0.12503923254227245,0.5326892399301415,0.12503923254227245,0.4251377347375054,0.12503923254227245,0.5341677921201963,0.4880140320690999,0.12544848569127273,0.4674419038909784,0.12503923254227245,0.48966516217819167,0.24269671429146286,0.41784701415397485,0.12503923254227245,0.41831260895217864,0.12503923254227245,0.5402637501930182,0.41329060554787256,0.12503923254227245,0.5432508955365416,0.12503923254227245,0.4954617394218445,0.24281257646011878,0.43493934840661225,0.12503923254227245,0.5003393902760811,0.2436708688623601,0.4167493349236292,0.49994593125350295,0.2438604738717555,0.12503923254227245,0.48270525295339467,0.45689744019491035,0.12503923254227245,0.12503923254227245,0.4831374643872392,0.12503923254227245,0.12503923254227245,0.12503923254227245,0.46686829151339,0.12503923254227245,0.12503923254227245,0.48404532937145656,0.12544638497819774,0.12503923254227245,0.12503923254227245,0.24353263639974654,0.5006383748082255,0.12503923254227245,0.12535286758938433,0.4315833708147708,0.12503923254227245,0.12503923254227245,0.24302838071468735,0.493023921582847,0.12503923254227245,0.12503923254227245,0.12503923254227245,0.48531983378394644,0.12503923254227245,0.2428511850657079,0.40542975699812406,0.12503923254227245,0.12503923254227245,0.12503923254227245,0.47967309361344107,0.12503923254227245,0.24365406826127523,0.4466278032360453,0.12503923254227245,0.12544848569127273,0.12535076527311168,0.12503923254227245,0.4811334547704096,0.2447286326844396,0.12503923254227245,0.48628251799295646,0.12503923254227245,0.12503923254227245,0.12503923254227245,0.41054600569012933,0.24344532035152683
0.8525682022544571,0.8435495747629137,0.8473935512413918,1.0,0.9207527268594385,0.8409315411046728,0.8592185418312537,0.9233664702575604,0.9047378237918963,0.8409624526444125,0.931732977679668,0.8408964152537145,0.840947606667243,0.9157108553815396,0.9185660775919396,0.8408964152537145,0.9346949076193022,0.8408964152537145,0.902779873106164,0.8408964152537145,0.9306868099354314,0.8987689512667286,0.8408964152537145,0.9211250861171139,0.8586330230010003,0.9226184994925309,0.8408964152537145,0.9142582982725307,0.8408964152537145,0.9229935501434622,0.8586932834536415,0.8979162603328392,0.8408964152537145,0.8995969584583933,0.9347479962557318,0.8408964152537145,0.8996500808971886,0.8408964152537145,0.9333472380105291,0.8408964152537145,0.9186488701572807,0.8588766927234901,0.9006609609067344,0.8408964152537145,0.9333367838401415,0.8408964152537145,0.9023797562028673,0.8408964152537145,0.933768920762122,0.9203014776791341,0.8409395186025563,0.9143570920971306,0.8408964152537145,0.9207809184634825,0.8585175664210986,0.9003600403967981,0.8408964152537145,0.9004885663012301,0.8408964152537145,0.9355498409626659,0.8991056504436349,0.8408964152537145,0.9364219365965845,0.8408964152537145,0.9224662693680213,0.8585397451945059,0.9051179400963695,0.8408964152537145,0.9238867811856785,0.8587043142179748,0.9000572816187155,0.9237721240719096,0.8587407335342448,0.8408964152537145,0.9187620574396403,0.9113360664683836,0.8408964152537145,0.8408964152537145,0.9188872624939849,0.8408964152537145,0.8408964152537145,0.8408964152537145,0.9141922454455903,0.8408964152537145,0.8408964152537145,0.9191503321102676,0.8409392970084586,0.8408964152537145,0.8408964152537145,0.8586777772264976,0.923973915439574,0.8408964152537145,0.8409294358937587,0.9041775798529644,0.8408964152537145,0.8408964152537145,0.858581078509305,0.921757079261152,0.8408964152537145,0.8408964152537145,0.8408964152537145,0.9195198099243284,0.8408964152537145,0.8585471377370245,0.8969565127274162,0.8408964152537145,0.8408964152537145,0.8408964152537145,0.9178843558936955,0.8408964152537145,0.8587010882837078,0.908414545442082,0.8408964152537145,0.8409395186025563,0.84092921429169,0.8408964152537145,0.9183069299014696,0.8589077867853941,0.8408964152537145,0.9197990182970994,0.8408964152537145,0.8408964152537145,0.8408964152537145,0.8983530883421764,0.858661021231384
0.5020057602428334,0.48025263272053664,0.4895681018651547,0.9207527268594385,0.6614233084350635,0.4738670165447551,0.5178405370448401,0.6676042628804447,0.6239472925240738,0.4739426174303238,0.687571616303454,0.47378110257144235,0.4739063089923546,0.6495609645587815,0.6562695423109988,0.47378110257144235,0.6947208010317998,0.47378110257144235,0.6193970876452909,0.47378110257144235,0.6850574886160431,0.6100873905067032,0.47378110257144235,0.6623024398522112,0.516452441479298,0.66583304211636,0.47378110257144235,0.6461562545499766,0.47378110257144235,0.6667209238865935,0.5165953521580643,0.6081097272170508,0.47378110257144235,0.6120082337885405,0.69484938268435,0.47378110257144235,0.6121314851137751,0.47378110257144235,0.6914620406152547,0.47378110257144235,0.6564644125677003,0.5170302447166616,0.6144772635346257,0.47378110257144235,0.6914368009963926,0.47378110257144235,0.6184677454851313,0.47378110257144235,0.692480612462372,0.6603585238733682,0.4738865277277578,0.6463876588216092,0.47378110257144235,0.6614898522619551,0.5161785977491808,0.6137788861970921,0.47378110257144235,0.614077160730457,0.47378110257144235,0.6967934516559757,0.6108684239560243,0.47378110257144235,0.6989121668875868,0.47378110257144235,0.6654728001621406,0.5162312054338204,0.6248311973098213,0.47378110257144235,0.6688375777509368,0.5166215109036422,0.6130763139980328,0.6685657151603247,0.5167078741868486,0.47378110257144235,0.65673085615607,0.6393214518414647,0.47378110257144235,0.47378110257144235,0.6570256339798333,0.47378110257144235,0.47378110257144235,0.47378110257144235,0.6460015522458457,0.47378110257144235,0.47378110257144235,0.6576451475490671,0.4738859857624498,0.47378110257144235,0.47378110257144235,0.5165585794802395,0.669044213899422,0.47378110257144235,0.4738618676121722,0.6226448539542092,0.47378110257144235,0.47378110257144235,0.5163292431375728,0.6637956151888348,0.47378110257144235,0.47378110257144235,0.47378110257144235,0.6585156001680198,0.47378110257144235,0.5162487400697561,0.6058842245147879,0.47378110257144235,0.47378110257144235,0.47378110257144235,0.6546657218781167,0.47378110257144235,0.5166138608492029,0.6325054319513417,0.47378110257144235,0.4738865277277578,0.47386132561566896,0.47378110257144235,0.6556597120083221,0.517103963014676,0.47378110257144235,0.6591736652665557,0.47378110257144235,0.47378110257144235,0.47378110257144235,0.6091228189979128,0.5165188421361792
0.1686374965255137,0.08014932957984607,0.12537283783488762,0.8409315411046728,0.4738670165447551,0.012926643688430075,0.2124898155213971,0.48317942325976865,0.4155699370890234,0.015512312260238382,0.5128069140545963,0.009140517423700353,0.014328801888722369,0.4557789941941303,0.46604482171266437,0.009140517423700353,0.5232656657806422,0.009140517423700353,0.40823180189150005,0.009140517423700353,0.5091114607547417,0.3930019215383257,0.009140517423700353,0.4751960142310469,0.20895794009306948,0.48051824458559284,0.009140517423700353,0.4505304519892015,0.009140517423700353,0.48185297413708345,0.2093238167445895,0.3897265539850219,0.009140517423700353,0.39616929623345487,0.5234531237978992,0.009140517423700353,0.3963720726580715,0.009140517423700353,0.5185072208683751,0.009140517423700353,0.4663415789929234,0.2104340042057342,0.40022106709286,0.009140517423700353,0.5184703086838728,0.009140517423700353,0.40672482974979474,0.009140517423700353,0.5199961106859626,0.47225532206571574,0.013640914897435614,0.4508880266284933,0.009140517423700353,0.4739676650714105,0.208255376340955,0.3990771959045233,0.009140517423700353,0.39956594895317366,0.009140517423700353,0.5262846721155431,0.3942914373149613,0.009140517423700353,0.5293649347166204,0.009140517423700353,0.47997628173443807,0.20839049587943906,0.416987871171782,0.009140517423700353,0.4850290129016872,0.20939073090664054,0.39792471724059186,0.4846215413990625,0.20961152393887653,0.009140517423700353,0.46674720312617163,0.43991065300181836,0.009140517423700353,0.009140517423700353,0.46719579014165113,0.009140517423700353,0.009140517423700353,0.009140517423700353,0.450291329803314,0.009140517423700353,0.009140517423700353,0.46813796685606923,0.013621579791727342,0.009140517423700353,0.009140517423700353,0.20922972239360577,0.48533863253940757,0.009140517423700353,0.012731474573862638,0.41347619350352155,0.009140517423700353,0.009140517423700353,0.20864210750411624,0.4774498238042534,0.009140517423700353,0.009140517423700353,0.009140517423700353,0.4694604458307906,0.009140517423700353,0.208435516481151,0.38602288127782886,0.009140517423700353,0.009140517423700353,0.009140517423700353,0.46359941648367703,0.009140517423700353,0.20937116385760204,0.4292010497624896,0.009140517423700353,0.013640914897435614,0.012710756124305018,0.009140517423700353,0.4651156301893869,0.2106217153809382,0.009140517423700353,0.4704592181887659,0.009140517423700353,0.009140517423700353,0.009140517423700353,0.39140625304535726,0.2091280029342974
0.27088118163554625,0.22671893841109594,0.24633690767534444,0.8592185418312537,0.5178405370448401,0.2124898155213971,0.30007553605883003,0.5262773825088398,0.46565290350043426,0.2126625973219181,0.5532688374097301,0.21229332936498524,0.21257963011250924,0.5015255239000699,0.5107729367001368,0.21229332936498524,0.5628460260022852,0.21229332936498524,0.4591736042431237,0.21229332936498524,0.5498906484517602,0.4458019195279758,0.21229332936498524,0.5190430945911938,0.2975925229530171,0.5238639579308745,0.21229332936498524,0.4968105910572391,0.21229332936498524,0.525074183761781,0.29784877522528813,0.4429402884174817,0.21229332936498524,0.4485740720822455,0.5630178970026427,0.21229332936498524,0.44875170712597007,0.21229332936498524,0.5584857323978079,0.21229332936498524,0.5110407359312331,0.29862770582713793,0.4521270963200131,0.21229332936498524,0.5584519276761862,0.21229332936498524,0.4578458555271737,0.21229332936498524,0.559849524195296,0.5163828576602038,0.21253441787478639,0.4971315251394327,0.21229332936498524,0.5179315922665065,0.29710109702789916,0.4511232616194308,0.21229332936498524,0.45155210664514667,0.21229332936498524,0.5656148931252505,0.4469299580981481,0.21229332936498524,0.5684418708332133,0.21229332936498524,0.5233726889445872,0.29719554480258326,0.4669074850970628,0.21229332936498524,0.527955905699752,0.2978956649168092,0.4501124808535877,0.5275860419240502,0.29805043778659407,0.21229332936498524,0.5114068213876405,0.48729875166784453,0.21229332936498524,0.21229332936498524,0.5118117392615805,0.21229332936498524,0.21229332936498524,0.21229332936498524,0.4965959952971617,0.21229332936498524,0.21229332936498524,0.5126623922825193,0.21253317904743244,0.21229332936498524,0.21229332936498524,0.297782851952278,0.5282369785413396,0.21229332936498524,0.2124780438882331,0.46380189065924826,0.21229332936498524,0.21229332936498524,0.2973715024152048,0.5210836228263936,0.21229332936498524,0.21229332936498524,0.21229332936498524,0.513856849101908,0.21229332936498524,0.29722702082549174,0.43971076273096027,0.21229332936498524,0.21229332936498524,0.21229332936498524,0.5085671714205967,0.21229332936498524,0.297881952645705,0.4777469896528866,0.21229332936498524,0.21253441787478639,0.21247680473085867,0.21229332936498524,0.5099345887771364,0.29875961206115476,0.21229332936498524,0.5147592772633318,0.21229332936498524,0.21229332936498524,0.21229332936498524,0.44440716542177733,0.29771160326599316
0.510743916671685,0.48942997819405604,0.49855355513237154,0.9233664702575604,0.6676042628804447,0.48317942325976865,0.5262773825088398,0.6737007861424692,0.6306561798652132,0.48325340775228964,0.6933994506253306,0.4830953466924595,0.48321787555815987,0.65590587539447,0.6625214077706444,0.4830953466924595,0.700453745364347,0.4830953466924595,0.6261722512311059,0.4830953466924595,0.6909188442458515,0.6169998534711576,0.4830953466924595,0.6684713455548572,0.5249151306142018,0.6719536940624754,0.4830953466924595,0.6525487251012163,0.4830953466924595,0.6728294740497178,0.5250553756837884,0.6150516635042867,0.4830953466924595,0.6188921751745148,0.7005806259419349,0.4830953466924595,0.6190135998996258,0.4830953466924595,0.6972381612268755,0.4830953466924595,0.6627135880010624,0.5254821634209137,0.6213246929526127,0.4830953466924595,0.697213256507243,0.4830953466924595,0.6252565109440414,0.4830953466924595,0.6982432242398394,0.6665540896775728,0.4831985172413409,0.652776889496079,0.4830953466924595,0.6676698942323033,0.524646397838651,0.6206366263373317,0.4830953466924595,0.620930495578108,0.4830953466924595,0.7024989986625483,0.6177692773860262,0.4830953466924595,0.7045897569911002,0.4830953466924595,0.6715983659429091,0.5246980233447931,0.631527270775467,0.4830953466924595,0.6749173304826166,0.5250810466310679,0.6199444401813532,0.6746491625341257,0.5251657997122181,0.4830953466924595,0.6629763546879116,0.6458101213419845,0.4830953466924595,0.4830953466924595,0.6632670661258249,0.4830953466924595,0.4830953466924595,0.4830953466924595,0.6523961893862386,0.4830953466924595,0.4830953466924595,0.6638780388648418,0.48319798686432514,0.4830953466924595,0.4830953466924595,0.5250192887925339,0.6751211592234556,0.4830953466924595,0.4831743844298685,0.6293726582607613,0.4830953466924595,0.4830953466924595,0.5247942311052172,0.6699440872489948,0.4830953466924595,0.4830953466924595,0.4830953466924595,0.6647365029615986,0.4830953466924595,0.5247152306453511,0.6128594609483293,0.4830953466924595,0.4830953466924595,0.4830953466924595,0.660939753649588,0.4830953466924595,0.5250735392280247,0.6390910523943866,0.4830953466924595,0.4831985172413409,0.4831738540233123,0.4830953466924595,0.6619200002370722,0.5255545089070438,0.4830953466924595,0.665385513812565,0.4830953466924595,0.4830953466924595,0.4830953466924595,0.6160496432716238,0.5249802926078734
0.4477456069083761,0.42291583350239936,0.43358401451181405,0.9047378237918963,0.6239472925240738,0.4155699370890234,0.46565290350043426,0.6306561798652132,0.5831380108265342,0.41565707139355895,0.6522948381584031,0.41547091149134424,0.4156152243624157,0.6110558267799014,0.6183490775282726,0.41547091149134424,0.6600312006340379,0.41547091149134424,0.5781652036796969,0.41547091149134424,0.6495729076641829,0.5679769159175664,0.41547091149134424,0.6249018454884052,0.4640882067208777,0.6287342246099094,0.41547091149134424,0.6073515978201887,0.41547091149134424,0.6296977212209978,0.4642493425595577,0.5658100919619229,0.41547091149134424,0.570080622083752,0.6601702944269754,0.41547091149134424,0.570215578129484,0.41547091149134424,0.6565054582881189,0.41547091149134424,0.6185608258690721,0.4647396350007563,0.5727834741903268,0.41547091149134424,0.6564781465606225,0.41547091149134424,0.5771490108186332,0.41547091149134424,0.6576075967401369,0.6227910078359684,0.4155924252173954,0.6076034204751701,0.41547091149134424,0.6240195491467648,0.46377941228002667,0.5720190976572683,0.41547091149134424,0.5723455735193914,0.41547091149134424,0.6622730989767591,0.568832405005713,0.41547091149134424,0.6645643882582872,0.41547091149134424,0.6283432719501887,0.46383873713612167,0.5841035105419586,0.41547091149134424,0.6319941976580136,0.4642788362072027,0.5712500198218007,0.6316992729453942,0.46437620732388546,0.41547091149134424,0.6188503372275305,0.5999095538830125,0.41547091149134424,0.41547091149134424,0.6191706232586146,0.41547091149134424,0.41547091149134424,0.41547091149134424,0.6071832400315386,0.41547091149134424,0.41547091149134424,0.6198437024869402,0.4155918005646023,0.41547091149134424,0.41547091149134424,0.46420788127601126,0.6322183560659906,0.41547091149134424,0.4155640025064205,0.5817150490803924,0.41547091149134424,0.41547091149134424,0.4639492890956638,0.6265228659445166,0.41547091149134424,0.41547091149134424,0.41547091149134424,0.620789319796955,0.41547091149134424,0.46385851036755876,0.5633706268217424,0.41547091149134424,0.41547091149134424,0.41547091149134424,0.6166061246795337,0.41547091149134424,0.4642702109041977,0.5924796057928748,0.41547091149134424,0.4155924252173954,0.4155633778082822,0.41547091149134424,0.6176863909367816,0.4648227349685202,0.41547091149134424,0.6215041340385238,0.41547091149134424,0.41547091149134424,0.41547091149134424,0.5669201980367187,0.4641630765823312
0.16885529050725057,0.08060674421922122,0.12566571949425512,0.8409624526444125,0.4739426174303238,0.015512312260238382,0.2126625973219181,0.48325340775228964,0.41565707139355895,0.017724715659280407,0.5128760824963791,0.012533266706008295,0.01669875078474101,0.45585789516406444,0.4661218226484833,0.012533266706008295,0.5233332397674274,0.012533266706008295,0.4083205958732161,0.012533266706008295,0.5091812049590538,0.39309434143154104,0.012533266706008295,0.47527138115996076,0.20913365151690497,0.4805926855918499,0.012533266706008295,0.4506103534233177,0.012533266706008295,0.481927185646489,0.2094992201232774,0.38981978790313376,0.012533266706008295,0.39626094083594987,0.5235206696632705,0.012533266706008295,0.39646366801748895,0.012533266706008295,0.5185755140066272,0.012533266706008295,0.46641852607991785,0.21060847938677638,0.4003117365061186,0.012533266706008295,0.5185386074411731,0.012533266706008295,0.4068139713465267,0.012533266706008295,0.5200641776974124,0.47233120817617125,0.016112364002867415,0.4509678592555072,0.012533266706008295,0.4740432481997917,0.20843168229282943,0.39916813877227775,0.012533266706008295,0.3996567748023891,0.012533266706008295,0.5263517951037232,0.39438354017407673,0.012533266706008295,0.5294316016651267,0.012533266706008295,0.48005081623384244,0.20856668718039253,0.41707469093036165,0.012533266706008295,0.48510268258276396,0.20956607806344094,0.398015937089549,0.4846952802614577,0.20978668583619747,0.012533266706008295,0.466824076704873,0.43999264282520195,0.012533266706008295,0.012533266706008295,0.46727258255394605,0.012533266706008295,0.012533266706008295,0.012533266706008295,0.4503712773045576,0.012533266706008295,0.012533266706008295,0.4682145892277803,0.016095997963456617,0.012533266706008295,0.012533266706008295,0.20940520489163886,0.48541224971761293,0.012533266706008295,0.015350054059534043,0.41356379586447606,0.012533266706008295,0.012533266706008295,0.20881808570188973,0.4775247965007628,0.012533266706008295,0.012533266706008295,0.012533266706008295,0.46953683051398676,0.012533266706008295,0.2086116696142488,0.3861170511508508,0.012533266706008295,0.012533266706008295,0.012533266706008295,0.46367686341511827,0.012533266706008295,0.20954652745112173,0.4292852383874334,0.012533266706008295,0.016112364002867415,0.015332874364915898,0.012533266706008295,0.46519280011622677,0.2107960345820073,0.012533266706008295,0.47053542412164195,0.012533266706008295,0.012533266706008295,0.012533266706008295,0.39149906792667954,0.20930357104278155
0.5386486213133873,0.5186544007246565,0.5272030490578997,0.931732977679668,0.687571616303454,0.5128069140545963,0.5532688374097301,0.6933994506253306,0.6522948381584031,0.5128760824963791,0.7122406126389715,0.5127283118167745,0.5128428631481202,0.6763939129303373,0.6827141334234815,0.5127283118167745,0.7189912094491164,0.5127283118167745,0.6480196181158959,0.5127283118167745,0.709867186091388,0.6392787730877466,0.5127283118167745,0.6884003786717773,0.5519851617919116,0.6917291824105148,0.5127283118167745,0.6731875286870675,0.5127283118167745,0.6925664350537266,0.5521173043436364,0.6374230778156582,0.5127283118167745,0.6410815380770425,0.7191126416807831,0.5127283118167745,0.6411972257122563,0.5127283118167745,0.715913866804872,0.5127283118167745,0.6828977689939173,0.5525194532642658,0.6433993397983887,0.5127283118167745,0.7158900340076275,0.5127283118167745,0.6471466796757243,0.5127283118167745,0.716875687100027,0.6865679033569173,0.5128247650006948,0.6734054264745976,0.5127283118167745,0.687634345851376,0.5517319631612196,0.6427436761120765,0.5127283118167745,0.6430237018487164,0.5127283118167745,0.720948695250724,0.6400117492747437,0.5127283118167745,0.7229498561648313,0.5127283118167745,0.691389495833259,0.5517806035908248,0.6531255480886576,0.5127283118167745,0.6945625810274741,0.5521414925021555,0.6420841232913176,0.694306181725344,0.5522213508427125,0.5127283118167745,0.6831488556620546,0.6667534994607823,0.5127283118167745,0.5127283118167745,0.683426649006643,0.5127283118167745,0.5127283118167745,0.5127283118167745,0.6730418581964464,0.5127283118167745,0.5127283118167745,0.6840104863637899,0.5128242691507165,0.5127283118167745,0.5127283118167745,0.5520833020499106,0.6947574667807886,0.5127283118167745,0.5128022032692597,0.6510709132502565,0.5127283118167745,0.5127283118167745,0.5518712495367,0.6898081148906146,0.5127283118167745,0.5127283118167745,0.5127283118167745,0.6848308547289572,0.5127283118167745,0.551796816025752,0.6353353175346352,0.5127283118167745,0.5127283118167745,0.5127283118167745,0.6812028741161387,0.5127283118167745,0.5521344187265202,0.6603408653101581,0.5127283118167745,0.5128247650006948,0.512801707394228,0.5127283118167745,0.6821394776579948,0.5525876249284002,0.5127283118167745,0.685451088973495,0.5127283118167745,0.5127283118167745,0.5127283118167745,0.6383736387051936,0.5520465587442025
0.16838969644376123,0.07962642573114358,0.12503923254227245,0.8408964152537145,0.47378110257144235,0.009140517423700353,0.21229332936498524,0.4830953466924595,0.41547091149134424,0.012533266706008295,0.5127283118167745,0.0,0.011034740861753666,0.4556893287829198,0.46595731622468767,0.0,0.5231888758615206,0.0,0.4081308893244784,0.0,0.5090322040743566,0.39289688631957015,0.0,0.47511036620626435,0.20875811648308792,0.48043364908845504,0.0,0.4504396492458486,0.0,0.48176863951477206,0.20912434407649558,0.38962059318878756,0.0,0.39606514253845976,0.5233763658423375,0.0,0.3962679749532358,0.0,0.5184296135385138,0.0,0.46625413471845273,0.2102355889711678,0.4001180221951709,0.0,0.5183926949671918,0.0,0.4066235219557873,0.0,0.5199187603798889,0.4721690838639414,0.010125487705110148,0.45079730210587887,0.0,0.4738817712834812,0.20805487540270318,0.3989738400888332,0.0,0.3994627261878323,0.0,0.5262083948123226,0.39418676257277296,0.0,0.5292891757562617,0.0,0.479891579961066,0.20819012556056146,0.416889203191513,0.0,0.4849452941860691,0.20919132228924286,0.3978210464956309,0.484537744043954,0.20941232637725676,0.0,0.46665984241334624,0.4398174761156777,0.0,0.0,0.46710852169584755,0.0,0.0,0.0,0.4502004746902558,0.0,0.0,0.46805089170588865,0.010099424631799464,0.0,0.0,0.20903015958874246,0.4852549735045791,0.0,0.008862357843347287,0.41337663575422356,0.0,0.0,0.20844197996797748,0.4773646239183973,0.0,0.0,0.0,0.46937364087505473,0.0,0.20823518964600912,0.3859158562496321,0.0,0.0,0.0,0.4635114040013504,0.0,0.20917173651470677,0.4291053731351976,0.0,0.010125487705110148,0.008832568297930958,0.0,0.4650279325978906,0.2104234778409787,0.0,0.4703726164284012,0.0,0.0,0.0,0.3913007687115475,0.20892834259742338
0.16875072208379957,0.08038737889761075,0.12552513764645967,0.840947606667243,0.4739063089923546,0.014328801888722369,0.21257963011250924,0.48321787555815987,0.4156152243624157,0.01669875078474101,0.5128428631481202,0.011034740861753666,0.015605480125538251,0.4558200019325507,0.46608484186476984,0.011034740861753666,0.5233007861430272,0.011034740861753666,0.40827795184887955,0.011034740861753666,0.5091477091064938,0.39304995622685784,0.011034740861753666,0.47523518507523504,0.20904927815258156,0.4805569341647528,0.011034740861753666,0.45057197974421115,0.011034740861753666,0.481891544431316,0.2094149946124285,0.3897750118031588,0.011034740861753666,0.39621692792756147,0.52348822954398,0.011034740861753666,0.39641967875577244,0.011034740861753666,0.5185427150152159,0.011034740861753666,0.46638157115595225,0.21052469938814697,0.4002681918873468,0.011034740861753666,0.5185058057512596,0.011034740861753666,0.4067711603947037,0.011034740861753666,0.5200314873015949,0.4722947627644803,0.014976348212837463,0.4509295186192161,0.011034740861753666,0.47400694828937184,0.20834702357183185,0.3991244628394258,0.011034740861753666,0.3996131550623488,0.011034740861753666,0.5263195580683411,0.39433930720972143,0.011034740861753666,0.5293995836399937,0.011034740861753666,0.4800150199082894,0.20848208348849734,0.41703299494782314,0.011034740861753666,0.4850673015716713,0.20948187953763905,0.39797212814921973,0.4846598660271575,0.2097025762302145,0.011034740861753666,0.46678715708170315,0.43995326625542536,0.011034740861753666,0.011034740861753666,0.4672357019092284,0.011034740861753666,0.011034740861753666,0.011034740861753666,0.45033288150291956,0.011034740861753666,0.011034740861753666,0.4681777902414945,0.014958739333852245,0.011034740861753666,0.011034740861753666,0.20932094140557503,0.48537689392017874,0.011034740861753666,0.014152981720922586,0.4135217240675601,0.011034740861753666,0.011034740861753666,0.20873358429345137,0.47748878973886294,0.011034740861753666,0.011034740861753666,0.011034740861753666,0.46950014567271425,0.011034740861753666,0.2085270842418275,0.38607182560629133,0.011034740861753666,0.011034740861753666,0.011034740861753666,0.4636396684517107,0.011034740861753666,0.20946232103612264,0.4292448059126185,0.011034740861753666,0.014976348212837463,0.014134347110307217,0.011034740861753666,0.4651557381782144,0.21071232945026103,0.011034740861753666,0.4704988251215879,0.011034740861753666,0.011034740861753666,0.011034740861753666,0.3914544930482882,0.20921926646597055
0.4850837996551185,0.46244000111402794,0.47214552230867657,0.9157108553815396,0.6495609645587815,0.4557789941941303,0.5015255239000699,0.65590587539447,0.6110558267799014,0.45585789516406444,0.6763939129303373,0.4556893287829198,0.4558200019325507,0.6373797522643058,0.644269367152823,0.4556893287829198,0.6837266025182036,0.4556893287829198,0.6063759247909879,0.4556893287829198,0.6738149129440346,0.5967971704054389,0.4556893287829198,0.6504635035540861,0.5000854966479605,0.6540878162439939,0.4556893287829198,0.6338824245949315,0.4556893287829198,0.6549991915742986,0.500233764832114,0.5947616833382114,0.4556893287829198,0.5987739476381454,0.6838584720732219,0.4556893287829198,0.5989007803725217,0.4556893287829198,0.6803843687430039,0.4556893287829198,0.6444694682560818,0.5006849454264372,0.6013145491179399,0.4556893287829198,0.6803584815028323,0.4556893287829198,0.6054199504795091,0.4556893287829198,0.6814290616976024,0.6484677893319868,0.4557993571600245,0.6341201399578806,0.4556893287829198,0.6496292812072804,0.4998013799081235,0.6005959640841763,0.4556893287829198,0.6009028727787507,0.4556893287829198,0.6858522002960538,0.5976009741035765,0.4556893287829198,0.6880249278177859,0.4556893287829198,0.6537180339416735,0.49985596184112946,0.611964793890784,0.4556893287829198,0.6571717371368039,0.5002609039577053,0.5998730336630763,0.6568927048444587,0.5003505033755382,0.4556893287829198,0.6447430614231804,0.6268601132240386,0.4556893287829198,0.4556893287829198,0.6450457457852052,0.4556893287829198,0.4556893287829198,0.4556893287829198,0.63372350175686,0.4556893287829198,0.4556893287829198,0.6456818645607222,0.4557987915354733,0.4556893287829198,0.4556893287829198,0.5001956138420921,0.6573838210386116,0.4556893287829198,0.4557736204683062,0.609716381118262,0.4556893287829198,0.4556893287829198,0.49995767777012234,0.6519963683590444,0.4556893287829198,0.4556893287829198,0.4556893287829198,0.646575622507106,0.4556893287829198,0.4998741544368269,0.5924708202862551,0.4556893287829198,0.4556893287829198,0.4556893287829198,0.6426224369798978,0.4556893287829198,0.5002529672024804,0.6198548833569835,0.4556893287829198,0.4557993571600245,0.4557730548089388,0.4556893287829198,0.6436431573720776,0.500761422398153,0.4556893287829198,0.6472512865266072,0.4556893287829198,0.4556893287829198,0.4556893287829198,0.5958044263848258,0.5001543868774562
0.4946793121235741,0.47254733039559227,0.482028562821601,0.9185660775919396,0.6562695423109988,0.46604482171266437,0.5107729367001368,0.6625214077706444,0.6183490775282726,0.4661218226484833,0.6827141334234815,0.46595731622468767,0.46608484186476984,0.644269367152823,0.6510561854928141,0.46595731622468767,0.6899428082012969,0.46595731622468767,0.6137429424957033,0.46595731622468767,0.6801719121635047,0.6043172793395855,0.46595731622468767,0.6571587958180513,0.5093626726641536,0.6607299266647348,0.46595731622468767,0.6408246429949339,0.46595731622468767,0.6616279704977924,0.5095078701624912,0.6023147044438878,0.46595731622468767,0.6062622237599119,0.6900728143838926,0.46595731622468767,0.6063870183868248,0.46595731622468767,0.6866478851469823,0.46595731622468767,0.6512533169233313,0.5099497154263113,0.6087620980300664,0.46595731622468767,0.6866223649886574,0.46595731622468767,0.6128021179385807,0.46595731622468767,0.6876777725782227,0.655192481584972,0.46606469426019204,0.6410587735952527,0.46595731622468767,0.6563368527358409,0.5090844440758503,0.608055011392556,0.46595731622468767,0.608357007098997,0.46595731622468767,0.692038400142394,0.6051081237241541,0.46595731622468767,0.6941805208635928,0.46595731622468767,0.6603655582230195,0.5091378944227999,0.6192437922993463,0.46595731622468767,0.663768802365162,0.5095344473819594,0.6073436654953057,0.6634938380820109,0.5096221920146818,0.46595731622468767,0.6515228511548262,0.6339088578632965,0.46595731622468767,0.46595731622468767,0.6518210469042367,0.46595731622468767,0.46595731622468767,0.46595731622468767,0.6406681174857681,0.46595731622468767,0.46595731622468767,0.6524477389657427,0.46606414225755555,0.46595731622468767,0.46595731622468767,0.5094705091562945,0.6639777953065957,0.46595731622468767,0.4660395774128925,0.6170306782011715,0.46595731622468767,0.46595731622468767,0.5092375021069786,0.6586691352637404,0.46595731622468767,0.46595731622468767,0.46595731622468767,0.6533282670441798,0.46595731622468767,0.5091557098949064,0.6000610479469488,0.46595731622468767,0.46595731622468767,0.46595731622468767,0.6494337307988053,0.46595731622468767,0.5095266749495324,0.6270111593923167,0.46595731622468767,0.46606469426019204,0.4660390253775648,0.46595731622468767,0.6504392749045843,0.5100246113285408,0.46595731622468767,0.6539939409547536,0.46595731622468767,0.46595731622468767,0.46595731622468767,0.6033405700780022,0.509430135975289
0.16838969644376123,0.07962642573114358,0.12503923254227245,0.8408964152537145,0.47378110257144235,0.009140517423700353,0.21229332936498524,0.4830953466924595,0.41547091149134424,0.012533266706008295,0.5127283118167745,0.0,0.011034740861753666,0.4556893287829198,0.46595731622468767,0.0,0.5231888758615206,0.0,0.4081308893244784,0.0,0.5090322040743566,0.39289688631957015,0.0,0.47511036620626435,0.20875811648308792,0.48043364908845504,0.0,0.4504396492458486,0.0,0.48176863951477206,0.20912434407649558,0.38962059318878756,0.0,0.39606514253845976,0.5233763658423375,0.0,0.3962679749532358,0.0,0.5184296135385138,0.0,0.46625413471845273,0.2102355889711678,0.4001180221951709,0.0,0.5183926949671918,0.0,0.4066235219557873,0.0,0.5199187603798889,0.4721690838639414,0.010125487705110148,0.45079730210587887,0.0,0.4738817712834812,0.20805487540270318,0.3989738400888332,0.0,0.3994627261878323,0.0,0.5262083948123226,0.39418676257277296,0.0,0.5292891757562617,0.0,0.479891579961066,0.20819012556056146,0.416889203191513,0.0,0.4849452941860691,0.20919132228924286,0.3978210464956309,0.484537744043954,0.20941232637725676,0.0,0.46665984241334624,0.4398174761156777,0.0,0.0,0.46710852169584755,0.0,0.0,0.0,0.4502004746902558,0.0,0.0,0.46805089170588865,0.010099424631799464,0.0,0.0,0.20903015958874246,0.4852549735045791,0.0,0.008862357843347287,0.41337663575422356,0.0,0.0,0.20844197996797748,0.4773646239183973,0.0,0.0,0.0,0.46937364087505473,0.0,0.20823518964600912,0.3859158562496321,0.0,0.0,0.0,0.4635114040013504,0.0,0.20917173651470677,0.4291053731351976,0.0,0.010125487705110148,0.008832568297930958,0.0,0.4650279325978906,0.2104234778409787,0.0,0.4703726164284012,0.0,0.0,0.0,0.3913007687115475,0.20892834259742338
0.5485332053601533,0.5289794998677194,0.53733678432482,0.9346949076193022,0.6947208010317998,0.5232656657806422,0.5628460260022852,0.700453745364347,0.6600312006340379,0.5233332397674274,0.7189912094491164,0.5231888758615206,0.5233007861430272,0.6837266025182036,0.6899428082012969,0.5231888758615206,0.7256339411267174,0.5231888758615206,0.6558289214130832,0.5231888758615206,0.7166558126652357,0.6472386169979335,0.5231888758615206,0.6955360382930716,0.5615888795260061,0.6988106216334976,0.5231888758615206,0.6805732576343895,0.5231888758615206,0.699634262593543,0.5617182871807931,0.6454151372061053,0.5231888758615206,0.6490101729252196,0.7257534368330169,0.5231888758615206,0.6491238607136667,0.5231888758615206,0.7226057174383783,0.5231888758615206,0.690123431739505,0.5621121186111027,0.6512879738265304,0.5231888758615206,0.7225822653826416,0.5231888758615206,0.6549709307476104,0.5231888758615206,0.7235521765131591,0.6937334825576891,0.5232831051994572,0.680787545011393,0.5231888758615206,0.6947825064858072,0.5613409237898834,0.6506436115925537,0.5231888758615206,0.6509188092729885,0.5231888758615206,0.7275602253585368,0.6479588937417551,0.5231888758615206,0.7295295209083402,0.5231888758615206,0.6984764604324449,0.5613885567787874,0.6608477878311443,0.5231888758615206,0.7015979965109048,0.5617419748263467,0.6499954384063134,0.7013457573011304,0.5618201809169127,0.5231888758615206,0.6903704009271234,0.674246244733673,0.5231888758615206,0.5231888758615206,0.6906436400453565,0.5231888758615206,0.5231888758615206,0.5231888758615206,0.6804300012933675,0.5231888758615206,0.5231888758615206,0.6912179099135596,0.5232826207802752,0.5231888758615206,0.5231888758615206,0.5616849885305246,0.7017897208454581,0.5231888758615206,0.5232610635991685,0.6588281129254071,0.5231888758615206,0.5231888758615206,0.5614773255962677,0.696920824749972,0.5231888758615206,0.5231888758615206,0.5231888758615206,0.6920248440456811,0.5231888758615206,0.5614044334492626,0.6433637323236346,0.5231888758615206,0.5231888758615206,0.5231888758615206,0.6884563582121217,0.5231888758615206,0.5617350474215029,0.6679410989371294,0.5231888758615206,0.5232831051994572,0.5232605791562774,0.5231888758615206,0.6893775816785617,0.5621788811432329,0.5231888758615206,0.6926349286092951,0.5231888758615206,0.5231888758615206,0.5231888758615206,0.6463491845325084,0.5616490056587164
