-0.3019607843137255,-0.2549019607843137,-0.5764705882352941,-0.607843137254902,-0.3019607843137255,-0.5764705882352941,-0.607843137254902,-0.48235294117647054,-0.5764705882352941,-0.5764705882352941,-0.3803921568627451,-0.5058823529411764,-0.4509803921568627,-0.5529411764705883,-0.5058823529411764,-0.607843137254902,-0.41960784313725485,-0.388235294117647,-0.388235294117647,-0.388235294117647,-0.388235294117647,-0.388235294117647,-0.388235294117647,-0.388235294117647,-0.388235294117647,-0.388235294117647,-0.388235294117647,-0.388235294117647,-0.388235294117647,-0.388235294117647,-0.388235294117647,-0.388235294117647,-0.388235294117647,-0.388235294117647,-0.388235294117647,-0.388235294117647,-0.388235294117647,-0.388235294117647,-0.388235294117647,-0.388235294117647,-0.388235294117647,-0.388235294117647,-0.388235294117647,-0.388235294117647,-0.388235294117647,-0.388235294117647,-0.388235294117647,-0.388235294117647,-0.388235294117647,-0.388235294117647,-0.388235294117647,-0.388235294117647,-0.388235294117647,-0.388235294117647,-0.388235294117647,-0.388235294117647,-0.388235294117647,-0.388235294117647,-0.388235294117647,-0.388235294117647,-0.388235294117647,-0.388235294117647,-0.388235294117647,-0.388235294117647,-0.388235294117647,-0.388235294117647,-0.388235294117647,-0.388235294117647,-0.388235294117647,-0.388235294117647,-0.388235294117647,-0.388235294117647,-0.388235294117647,-0.388235294117647,-0.388235294117647,-0.388235294117647,-0.388235294117647,-0.388235294117647,-0.388235294117647,-0.388235294117647,-0.388235294117647,-0.388235294117647,-0.388235294117647,-0.388235294117647,-0.388235294117647,-0.388235294117647,-0.388235294117647,-0.388235294117647,-0.388235294117647,-0.388235294117647,-0.388235294117647,-0.388235294117647,-0.388235294117647,-0.388235294117647,-0.388235294117647,-0.388235294117647,-0.388235294117647,-0.388235294117647,-0.388235294117647,-0.388235294117647,-0.388235294117647,-0.388235294117647,-0.388235294117647,-0.388235294117647,-0.388235294117647,-0.388235294117647,-0.388235294117647,-0.388235294117647,-0.388235294117647,-0.388235294117647,-0.388235294117647,-0.388235294117647,-0.388235294117647,-0.388235294117647,-0.388235294117647,-0.388235294117647,-0.388235294117647,-0.388235294117647,-0.388235294117647,-0.388235294117647,-0.388235294117647,-0.388235294117647,-0.388235294117647,-0.388235294117647,-0.388235294117647
-0.2549019607843137,-0.207843137254902,-0.5294117647058824,-0.5529411764705883,-0.2549019607843137,-0.5294117647058824,-0.5529411764705883,-0.4274509803921569,-0.5294117647058824,-0.5294117647058824,-0.3254901960784313,-0.4509803921568627,-0.403921568627451,-0.5058823529411764,-0.4509803921568627,-0.5529411764705883,-0.34901960784313724,-0.3254901960784313,-0.3254901960784313,-0.3254901960784313,-0.3254901960784313,-0.3254901960784313,-0.3254901960784313,-0.3254901960784313,-0.3254901960784313,-0.3254901960784313,-0.3254901960784313,-0.3254901960784313,-0.3254901960784313,-0.3254901960784313,-0.3254901960784313,-0.3254901960784313,-0.3254901960784313,-0.3254901960784313,-0.3254901960784313,-0.3254901960784313,-0.3254901960784313,-0.3254901960784313,-0.3254901960784313,-0.3254901960784313,-0.3254901960784313,-0.3254901960784313,-0.3254901960784313,-0.3254901960784313,-0.3254901960784313,-0.3254901960784313,-0.3254901960784313,-0.3254901960784313,-0.3254901960784313,-0.3254901960784313,-0.3254901960784313,-0.3254901960784313,-0.3254901960784313,-0.3254901960784313,-0.3254901960784313,-0.3254901960784313,-0.3254901960784313,-0.3254901960784313,-0.3254901960784313,-0.3254901960784313,-0.3254901960784313,-0.3254901960784313,-0.3254901960784313,-0.3254901960784313,-0.3254901960784313,-0.3254901960784313,-0.3254901960784313,-0.3254901960784313,-0.3254901960784313,-0.3254901960784313,-0.3254901960784313,-0.3254901960784313,-0.3254901960784313,-0.3254901960784313,-0.3254901960784313,-0.3254901960784313,-0.3254901960784313,-0.3254901960784313,-0.3254901960784313,-0.3254901960784313,-0.3254901960784313,-0.3254901960784313,-0.3254901960784313,-0.3254901960784313,-0.3254901960784313,-0.3254901960784313,-0.3254901960784313,-0.3254901960784313,-0.3254901960784313,-0.3254901960784313,-0.3254901960784313,-0.3254901960784313,-0.3254901960784313,-0.3254901960784313,-0.3254901960784313,-0.3254901960784313,-0.3254901960784313,-0.3254901960784313,-0.3254901960784313,-0.3254901960784313,-0.3254901960784313,-0.3254901960784313,-0.3254901960784313,-0.3254901960784313,-0.3254901960784313,-0.3254901960784313,-0.3254901960784313,-0.3254901960784313,-0.3254901960784313,-0.3254901960784313,-0.3254901960784313,-0.3254901960784313,-0.3254901960784313,-0.3254901960784313,-0.3254901960784313,-0.3254901960784313,-0.3254901960784313,-0.3254901960784313,-0.3254901960784313,-0.3254901960784313,-0.3254901960784313,-0.3254901960784313,-0.3254901960784313,-0.3254901960784313,-0.3254901960784313
-0.5764705882352941,-0.5294117647058824,-0.8509803921568627,-0.8823529411764706,-0.5764705882352941,-0.8509803921568627,-0.8823529411764706,-0.7568627450980392,-0.8509803921568627,-0.8509803921568627,-0.6549019607843137,-0.7803921568627451,-0.7254901960784313,-0.8274509803921568,-0.7803921568627451,-0.8823529411764706,-0.7803921568627451,-0.7647058823529411,-0.7647058823529411,-0.7647058823529411,-0.7647058823529411,-0.7647058823529411,-0.7647058823529411,-0.7647058823529411,-0.7647058823529411,-0.7647058823529411,-0.7647058823529411,-0.7647058823529411,-0.7647058823529411,-0.7647058823529411,-0.7647058823529411,-0.7647058823529411,-0.7647058823529411,-0.7647058823529411,-0.7647058823529411,-0.7647058823529411,-0.7647058823529411,-0.7647058823529411,-0.7647058823529411,-0.7647058823529411,-0.7647058823529411,-0.7647058823529411,-0.7647058823529411,-0.7647058823529411,-0.7647058823529411,-0.7647058823529411,-0.7647058823529411,-0.7647058823529411,-0.7647058823529411,-0.7647058823529411,-0.7647058823529411,-0.7647058823529411,-0.7647058823529411,-0.7647058823529411,-0.7647058823529411,-0.7647058823529411,-0.7647058823529411,-0.7647058823529411,-0.7647058823529411,-0.7647058823529411,-0.7647058823529411,-0.7647058823529411,-0.7647058823529411,-0.7647058823529411,-0.7647058823529411,-0.7647058823529411,-0.7647058823529411,-0.7647058823529411,-0.7647058823529411,-0.7647058823529411,-0.7647058823529411,-0.7647058823529411,-0.7647058823529411,-0.7647058823529411,-0.7647058823529411,-0.7647058823529411,-0.7647058823529411,-0.7647058823529411,-0.7647058823529411,-0.7647058823529411,-0.7647058823529411,-0.7647058823529411,-0.7647058823529411,-0.7647058823529411,-0.7647058823529411,-0.7647058823529411,-0.7647058823529411,-0.7647058823529411,-0.7647058823529411,-0.7647058823529411,-0.7647058823529411,-0.7647058823529411,-0.7647058823529411,-0.7647058823529411,-0.7647058823529411,-0.7647058823529411,-0.7647058823529411,-0.7647058823529411,-0.7647058823529411,-0.7647058823529411,-0.7647058823529411,-0.7647058823529411,-0.7647058823529411,-0.7647058823529411,-0.7647058823529411,-0.7647058823529411,-0.7647058823529411,-0.7647058823529411,-0.7647058823529411,-0.7647058823529411,-0.7647058823529411,-0.7647058823529411,-0.7647058823529411,-0.7647058823529411,-0.7647058823529411,-0.7647058823529411,-0.7647058823529411,-0.7647058823529411,-0.7647058823529411,-0.7647058823529411,-0.7647058823529411,-0.7647058823529411,-0.7647058823529411,-0.7647058823529411,-0.7647058823529411
-0.607843137254902,-0.5529411764705883,-0.8823529411764706,-0.9058823529411765,-0.607843137254902,-0.8823529411764706,-0.9058823529411765,-0.7803921568627451,-0.8823529411764706,-0.8823529411764706,-0.6784313725490196,-0.803921568627451,-0.7568627450980392,-0.8509803921568627,-0.803921568627451,-0.9058823529411765,-0.8196078431372549,-0.803921568627451,-0.803921568627451,-0.803921568627451,-0.803921568627451,-0.803921568627451,-0.803921568627451,-0.803921568627451,-0.803921568627451,-0.803921568627451,-0.803921568627451,-0.803921568627451,-0.803921568627451,-0.803921568627451,-0.803921568627451,-0.803921568627451,-0.803921568627451,-0.803921568627451,-0.803921568627451,-0.803921568627451,-0.803921568627451,-0.803921568627451,-0.803921568627451,-0.803921568627451,-0.803921568627451,-0.803921568627451,-0.803921568627451,-0.803921568627451,-0.803921568627451,-0.803921568627451,-0.803921568627451,-0.803921568627451,-0.803921568627451,-0.803921568627451,-0.803921568627451,-0.803921568627451,-0.803921568627451,-0.803921568627451,-0.803921568627451,-0.803921568627451,-0.803921568627451,-0.803921568627451,-0.803921568627451,-0.803921568627451,-0.803921568627451,-0.803921568627451,-0.803921568627451,-0.803921568627451,-0.803921568627451,-0.803921568627451,-0.803921568627451,-0.803921568627451,-0.803921568627451,-0.803921568627451,-0.803921568627451,-0.803921568627451,-0.803921568627451,-0.803921568627451,-0.803921568627451,-0.803921568627451,-0.803921568627451,-0.803921568627451,-0.803921568627451,-0.803921568627451,-0.803921568627451,-0.803921568627451,-0.803921568627451,-0.803921568627451,-0.803921568627451,-0.803921568627451,-0.803921568627451,-0.803921568627451,-0.803921568627451,-0.803921568627451,-0.803921568627451,-0.803921568627451,-0.803921568627451,-0.803921568627451,-0.803921568627451,-0.803921568627451,-0.803921568627451,-0.803921568627451,-0.803921568627451,-0.803921568627451,-0.803921568627451,-0.803921568627451,-0.803921568627451,-0.803921568627451,-0.803921568627451,-0.803921568627451,-0.803921568627451,-0.803921568627451,-0.803921568627451,-0.803921568627451,-0.803921568627451,-0.803921568627451,-0.803921568627451,-0.803921568627451,-0.803921568627451,-0.803921568627451,-0.803921568627451,-0.803921568627451,-0.803921568627451,-0.803921568627451,-0.803921568627451,-0.803921568627451,-0.803921568627451,-0.803921568627451,-0.803921568627451
-0.3019607843137255,-0.2549019607843137,-0.5764705882352941,-0.607843137254902,-0.3019607843137255,-0.5764705882352941,-0.607843137254902,-0.48235294117647054,-0.5764705882352941,-0.5764705882352941,-0.3803921568627451,-0.5058823529411764,-0.4509803921568627,-0.5529411764705883,-0.5058823529411764,-0.607843137254902,-0.41960784313725485,-0.388235294117647,-0.388235294117647,-0.388235294117647,-0.388235294117647,-0.388235294117647,-0.388235294117647,-0.388235294117647,-0.388235294117647,-0.388235294117647,-0.388235294117647,-0.388235294117647,-0.388235294117647,-0.388235294117647,-0.388235294117647,-0.388235294117647,-0.388235294117647,-0.388235294117647,-0.388235294117647,-0.388235294117647,-0.388235294117647,-0.388235294117647,-0.388235294117647,-0.388235294117647,-0.388235294117647,-0.388235294117647,-0.388235294117647,-0.388235294117647,-0.388235294117647,-0.388235294117647,-0.388235294117647,-0.388235294117647,-0.388235294117647,-0.388235294117647,-0.388235294117647,-0.388235294117647,-0.388235294117647,-0.388235294117647,-0.388235294117647,-0.388235294117647,-0.388235294117647,-0.388235294117647,-0.388235294117647,-0.388235294117647,-0.388235294117647,-0.388235294117647,-0.388235294117647,-0.388235294117647,-0.388235294117647,-0.388235294117647,-0.388235294117647,-0.388235294117647,-0.388235294117647,-0.388235294117647,-0.388235294117647,-0.388235294117647,-0.388235294117647,-0.388235294117647,-0.388235294117647,-0.388235294117647,-0.388235294117647,-0.388235294117647,-0.388235294117647,-0.388235294117647,-0.388235294117647,-0.388235294117647,-0.388235294117647,-0.388235294117647,-0.388235294117647,-0.388235294117647,-0.388235294117647,-0.388235294117647,-0.388235294117647,-0.388235294117647,-0.388235294117647,-0.388235294117647,-0.388235294117647,-0.388235294117647,-0.388235294117647,-0.388235294117647,-0.388235294117647,-0.388235294117647,-0.388235294117647,-0.388235294117647,-0.388235294117647,-0.388235294117647,-0.388235294117647,-0.388235294117647,-0.388235294117647,-0.388235294117647,-0.388235294117647,-0.388235294117647,-0.388235294117647,-0.388235294117647,-0.388235294117647,-0.388235294117647,-0.388235294117647,-0.388235294117647,-0.388235294117647,-0.388235294117647,-0.388235294117647,-0.388235294117647,-0.388235294117647,-0.388235294117647,-0.388235294117647,-0.388235294117647,-0.388235294117647,-0.388235294117647,-0.388235294117647
-0.5764705882352941,-0.5294117647058824,-0.8509803921568627,-0.8823529411764706,-0.5764705882352941,-0.8509803921568627,-0.8823529411764706,-0.7568627450980392,-0.8509803921568627,-0.8509803921568627,-0.6549019607843137,-0.7803921568627451,-0.7254901960784313,-0.8274509803921568,-0.7803921568627451,-0.8823529411764706,-0.7803921568627451,-0.7647058823529411,-0.7647058823529411,-0.7647058823529411,-0.7647058823529411,-0.7647058823529411,-0.7647058823529411,-0.7647058823529411,-0.7647058823529411,-0.7647058823529411,-0.7647058823529411,-0.7647058823529411,-0.7647058823529411,-0.7647058823529411,-0.7647058823529411,-0.7647058823529411,-0.7647058823529411,-0.7647058823529411,-0.7647058823529411,-0.7647058823529411,-0.7647058823529411,-0.7647058823529411,-0.7647058823529411,-0.7647058823529411,-0.7647058823529411,-0.7647058823529411,-0.7647058823529411,-0.7647058823529411,-0.7647058823529411,-0.7647058823529411,-0.7647058823529411,-0.7647058823529411,-0.7647058823529411,-0.7647058823529411,-0.7647058823529411,-0.7647058823529411,-0.7647058823529411,-0.7647058823529411,-0.7647058823529411,-0.7647058823529411,-0.7647058823529411,-0.7647058823529411,-0.7647058823529411,-0.7647058823529411,-0.7647058823529411,-0.7647058823529411,-0.7647058823529411,-0.7647058823529411,-0.7647058823529411,-0.7647058823529411,-0.7647058823529411,-0.7647058823529411,-0.7647058823529411,-0.7647058823529411,-0.7647058823529411,-0.7647058823529411,-0.7647058823529411,-0.7647058823529411,-0.7647058823529411,-0.7647058823529411,-0.7647058823529411,-0.7647058823529411,-0.7647058823529411,-0.7647058823529411,-0.7647058823529411,-0.7647058823529411,-0.7647058823529411,-0.7647058823529411,-0.7647058823529411,-0.7647058823529411,-0.7647058823529411,-0.7647058823529411,-0.7647058823529411,-0.7647058823529411,-0.7647058823529411,-0.7647058823529411,-0.7647058823529411,-0.7647058823529411,-0.7647058823529411,-0.7647058823529411,-0.7647058823529411,-0.7647058823529411,-0.7647058823529411,-0.7647058823529411,-0.7647058823529411,-0.7647058823529411,-0.7647058823529411,-0.7647058823529411,-0.7647058823529411,-0.7647058823529411,-0.7647058823529411,-0.7647058823529411,-0.7647058823529411,-0.7647058823529411,-0.7647058823529411,-0.7647058823529411,-0.7647058823529411,-0.7647058823529411,-0.7647058823529411,-0.7647058823529411,-0.7647058823529411,-0.7647058823529411,-0.7647058823529411,-0.7647058823529411,-0.7647058823529411,-0.7647058823529411,-0.7647058823529411,-0.7647058823529411,-0.7647058823529411
-0.607843137254902,-0.5529411764705883,-0.8823529411764706,-0.9058823529411765,-0.607843137254902,-0.8823529411764706,-0.9058823529411765,-0.7803921568627451,-0.8823529411764706,-0.8823529411764706,-0.6784313725490196,-0.803921568627451,-0.7568627450980392,-0.8509803921568627,-0.803921568627451,-0.9058823529411765,-0.8196078431372549,-0.803921568627451,-0.803921568627451,-0.803921568627451,-0.803921568627451,-0.803921568627451,-0.803921568627451,-0.803921568627451,-0.803921568627451,-0.803921568627451,-0.803921568627451,-0.803921568627451,-0.803921568627451,-0.803921568627451,-0.803921568627451,-0.803921568627451,-0.803921568627451,-0.803921568627451,-0.803921568627451,-0.803921568627451,-0.803921568627451,-0.803921568627451,-0.803921568627451,-0.803921568627451,-0.803921568627451,-0.803921568627451,-0.803921568627451,-0.803921568627451,-0.803921568627451,-0.803921568627451,-0.803921568627451,-0.803921568627451,-0.803921568627451,-0.803921568627451,-0.803921568627451,-0.803921568627451,-0.803921568627451,-0.803921568627451,-0.803921568627451,-0.803921568627451,-0.803921568627451,-0.803921568627451,-0.803921568627451,-0.803921568627451,-0.803921568627451,-0.803921568627451,-0.803921568627451,-0.803921568627451,-0.803921568627451,-0.803921568627451,-0.803921568627451,-0.803921568627451,-0.803921568627451,-0.803921568627451,-0.803921568627451,-0.803921568627451,-0.803921568627451,-0.803921568627451,-0.803921568627451,-0.803921568627451,-0.803921568627451,-0.803921568627451,-0.803921568627451,-0.803921568627451,-0.803921568627451,-0.803921568627451,-0.803921568627451,-0.803921568627451,-0.803921568627451,-0.803921568627451,-0.803921568627451,-0.803921568627451,-0.803921568627451,-0.803921568627451,-0.803921568627451,-0.803921568627451,-0.803921568627451,-0.803921568627451,-0.803921568627451,-0.803921568627451,-0.803921568627451,-0.803921568627451,-0.803921568627451,-0.803921568627451,-0.803921568627451,-0.803921568627451,-0.803921568627451,-0.803921568627451,-0.803921568627451,-0.803921568627451,-0.803921568627451,-0.803921568627451,-0.803921568627451,-0.803921568627451,-0.803921568627451,-0.803921568627451,-0.803921568627451,-0.803921568627451,-0.803921568627451,-0.803921568627451,-0.803921568627451,-0.803921568627451,-0.803921568627451,-0.803921568627451,-0.803921568627451,-0.803921568627451,-0.803921568627451,-0.803921568627451,-0.803921568627451
-0.48235294117647054,-0.4274509803921569,-0.7568627450980392,-0.7803921568627451,-0.48235294117647054,-0.7568627450980392,-0.7803921568627451,-0.6549019607843137,-0.7568627450980392,-0.7568627450980392,-0.5529411764705883,-0.6784313725490196,-0.6313725490196078,-0.7254901960784313,-0.6784313725490196,-0.7803921568627451,-0.6470588235294117,-0.6313725490196078,-0.6313725490196078,-0.6313725490196078,-0.6313725490196078,-0.6313725490196078,-0.6313725490196078,-0.6313725490196078,-0.6313725490196078,-0.6313725490196078,-0.6313725490196078,-0.6313725490196078,-0.6313725490196078,-0.6313725490196078,-0.6313725490196078,-0.6313725490196078,-0.6313725490196078,-0.6313725490196078,-0.6313725490196078,-0.6313725490196078,-0.6313725490196078,-0.6313725490196078,-0.6313725490196078,-0.6313725490196078,-0.6313725490196078,-0.6313725490196078,-0.6313725490196078,-0.6313725490196078,-0.6313725490196078,-0.6313725490196078,-0.6313725490196078,-0.6313725490196078,-0.6313725490196078,-0.6313725490196078,-0.6313725490196078,-0.6313725490196078,-0.6313725490196078,-0.6313725490196078,-0.6313725490196078,-0.6313725490196078,-0.6313725490196078,-0.6313725490196078,-0.6313725490196078,-0.6313725490196078,-0.6313725490196078,-0.6313725490196078,-0.6313725490196078,-0.6313725490196078,-0.6313725490196078,-0.6313725490196078,-0.6313725490196078,-0.6313725490196078,-0.6313725490196078,-0.6313725490196078,-0.6313725490196078,-0.6313725490196078,-0.6313725490196078,-0.6313725490196078,-0.6313725490196078,-0.6313725490196078,-0.6313725490196078,-0.6313725490196078,-0.6313725490196078,-0.6313725490196078,-0.6313725490196078,-0.6313725490196078,-0.6313725490196078,-0.6313725490196078,-0.6313725490196078,-0.6313725490196078,-0.6313725490196078,-0.6313725490196078,-0.6313725490196078,-0.6313725490196078,-0.6313725490196078,-0.6313725490196078,-0.6313725490196078,-0.6313725490196078,-0.6313725490196078,-0.6313725490196078,-0.6313725490196078,-0.6313725490196078,-0.6313725490196078,-0.6313725490196078,-0.6313725490196078,-0.6313725490196078,-0.6313725490196078,-0.6313725490196078,-0.6313725490196078,-0.6313725490196078,-0.6313725490196078,-0.6313725490196078,-0.6313725490196078,-0.6313725490196078,-0.6313725490196078,-0.6313725490196078,-0.6313725490196078,-0.6313725490196078,-0.6313725490196078,-0.6313725490196078,-0.6313725490196078,-0.6313725490196078,-0.6313725490196078,-0.6313725490196078,-0.6313725490196078,-0.6313725490196078,-0.6313725490196078,-0.6313725490196078,-0.6313725490196078
-0.5764705882352941,-0.5294117647058824,-0.8509803921568627,-0.8823529411764706,-0.5764705882352941,-0.8509803921568627,-0.8823529411764706,-0.7568627450980392,-0.8509803921568627,-0.8509803921568627,-0.6549019607843137,-0.7803921568627451,-0.7254901960784313,-0.8274509803921568,-0.7803921568627451,-0.8823529411764706,-0.7803921568627451,-0.7647058823529411,-0.7647058823529411,-0.7647058823529411,-0.7647058823529411,-0.7647058823529411,-0.7647058823529411,-0.7647058823529411,-0.7647058823529411,-0.7647058823529411,-0.7647058823529411,-0.7647058823529411,-0.7647058823529411,-0.7647058823529411,-0.7647058823529411,-0.7647058823529411,-0.7647058823529411,-0.7647058823529411,-0.7647058823529411,-0.7647058823529411,-0.7647058823529411,-0.7647058823529411,-0.7647058823529411,-0.7647058823529411,-0.7647058823529411,-0.7647058823529411,-0.7647058823529411,-0.7647058823529411,-0.7647058823529411,-0.7647058823529411,-0.7647058823529411,-0.7647058823529411,-0.7647058823529411,-0.7647058823529411,-0.7647058823529411,-0.7647058823529411,-0.7647058823529411,-0.7647058823529411,-0.7647058823529411,-0.7647058823529411,-0.7647058823529411,-0.7647058823529411,-0.7647058823529411,-0.7647058823529411,-0.7647058823529411,-0.7647058823529411,-0.7647058823529411,-0.7647058823529411,-0.7647058823529411,-0.7647058823529411,-0.7647058823529411,-0.7647058823529411,-0.7647058823529411,-0.7647058823529411,-0.7647058823529411,-0.7647058823529411,-0.7647058823529411,-0.7647058823529411,-0.7647058823529411,-0.7647058823529411,-0.7647058823529411,-0.7647058823529411,-0.7647058823529411,-0.7647058823529411,-0.7647058823529411,-0.7647058823529411,-0.7647058823529411,-0.7647058823529411,-0.7647058823529411,-0.7647058823529411,-0.7647058823529411,-0.7647058823529411,-0.7647058823529411,-0.7647058823529411,-0.7647058823529411,-0.7647058823529411,-0.7647058823529411,-0.7647058823529411,-0.7647058823529411,-0.7647058823529411,-0.7647058823529411,-0.7647058823529411,-0.7647058823529411,-0.7647058823529411,-0.7647058823529411,-0.7647058823529411,-0.7647058823529411,-0.7647058823529411,-0.7647058823529411,-0.7647058823529411,-0.7647058823529411,-0.7647058823529411,-0.7647058823529411,-0.7647058823529411,-0.7647058823529411,-0.7647058823529411,-0.7647058823529411,-0.7647058823529411,-0.7647058823529411,-0.7647058823529411,-0.7647058823529411,-0.7647058823529411,-0.7647058823529411,-0.7647058823529411,-0.7647058823529411,-0.7647058823529411,-0.7647058823529411,-0.7647058823529411,-0.7647058823529411
-0.5764705882352941,-0.5294117647058824,-0.8509803921568627,-0.8823529411764706,-0.5764705882352941,-0.8509803921568627,-0.8823529411764706,-0.7568627450980392,-0.8509803921568627,-0.8509803921568627,-0.6549019607843137,-0.7803921568627451,-0.7254901960784313,-0.8274509803921568,-0.7803921568627451,-0.8823529411764706,-0.7803921568627451,-0.7647058823529411,-0.7647058823529411,-0.7647058823529411,-0.7647058823529411,-0.7647058823529411,-0.7647058823529411,-0.7647058823529411,-0.7647058823529411,-0.7647058823529411,-0.7647058823529411,-0.7647058823529411,-0.7647058823529411,-0.7647058823529411,-0.7647058823529411,-0.7647058823529411,-0.7647058823529411,-0.7647058823529411,-0.7647058823529411,-0.7647058823529411,-0.7647058823529411,-0.7647058823529411,-0.7647058823529411,-0.7647058823529411,-0.7647058823529411,-0.7647058823529411,-0.7647058823529411,-0.7647058823529411,-0.7647058823529411,-0.7647058823529411,-0.7647058823529411,-0.7647058823529411,-0.7647058823529411,-0.7647058823529411,-0.7647058823529411,-0.7647058823529411,-0.7647058823529411,-0.7647058823529411,-0.7647058823529411,-0.7647058823529411,-0.7647058823529411,-0.7647058823529411,-0.7647058823529411,-0.7647058823529411,-0.7647058823529411,-0.7647058823529411,-0.7647058823529411,-0.7647058823529411,-0.7647058823529411,-0.7647058823529411,-0.7647058823529411,-0.7647058823529411,-0.7647058823529411,-0.7647058823529411,-0.7647058823529411,-0.7647058823529411,-0.7647058823529411,-0.7647058823529411,-0.7647058823529411,-0.7647058823529411,-0.7647058823529411,-0.7647058823529411,-0.7647058823529411,-0.7647058823529411,-0.7647058823529411,-0.7647058823529411,-0.7647058823529411,-0.7647058823529411,-0.7647058823529411,-0.7647058823529411,-0.7647058823529411,-0.7647058823529411,-0.7647058823529411,-0.7647058823529411,-0.7647058823529411,-0.7647058823529411,-0.7647058823529411,-0.7647058823529411,-0.7647058823529411,-0.7647058823529411,-0.7647058823529411,-0.7647058823529411,-0.7647058823529411,-0.7647058823529411,-0.7647058823529411,-0.7647058823529411,-0.7647058823529411,-0.7647058823529411,-0.7647058823529411,-0.7647058823529411,-0.7647058823529411,-0.7647058823529411,-0.7647058823529411,-0.7647058823529411,-0.7647058823529411,-0.7647058823529411,-0.7647058823529411,-0.7647058823529411,-0.7647058823529411,-0.7647058823529411,-0.7647058823529411,-0.7647058823529411,-0.7647058823529411,-0.7647058823529411,-0.7647058823529411,-0.7647058823529411,-0.7647058823529411,-0.7647058823529411,-0.7647058823529411
-0.3803921568627451,-0.3254901960784313,-0.6549019607843137,-0.6784313725490196,-0.3803921568627451,-0.6549019607843137,-0.6784313725490196,-0.5529411764705883,-0.6549019607843137,-0.6549019607843137,-0.4509803921568627,-0.5764705882352941,-0.5294117647058824,-0.6313725490196078,-0.5764705882352941,-0.6784313725490196,-0.5215686274509803,-0.4980392156862745,-0.4980392156862745,-0.4980392156862745,-0.4980392156862745,-0.4980392156862745,-0.4980392156862745,-0.4980392156862745,-0.4980392156862745,-0.4980392156862745,-0.4980392156862745,-0.4980392156862745,-0.4980392156862745,-0.4980392156862745,-0.4980392156862745,-0.4980392156862745,-0.4980392156862745,-0.4980392156862745,-0.4980392156862745,-0.4980392156862745,-0.4980392156862745,-0.4980392156862745,-0.4980392156862745,-0.4980392156862745,-0.4980392156862745,-0.4980392156862745,-0.4980392156862745,-0.4980392156862745,-0.4980392156862745,-0.4980392156862745,-0.4980392156862745,-0.4980392156862745,-0.4980392156862745,-0.4980392156862745,-0.4980392156862745,-0.4980392156862745,-0.4980392156862745,-0.4980392156862745,-0.4980392156862745,-0.4980392156862745,-0.4980392156862745,-0.4980392156862745,-0.4980392156862745,-0.4980392156862745,-0.4980392156862745,-0.4980392156862745,-0.4980392156862745,-0.4980392156862745,-0.4980392156862745,-0.4980392156862745,-0.4980392156862745,-0.4980392156862745,-0.4980392156862745,-0.4980392156862745,-0.4980392156862745,-0.4980392156862745,-0.4980392156862745,-0.4980392156862745,-0.4980392156862745,-0.4980392156862745,-0.4980392156862745,-0.4980392156862745,-0.4980392156862745,-0.4980392156862745,-0.4980392156862745,-0.4980392156862745,-0.4980392156862745,-0.4980392156862745,-0.4980392156862745,-0.4980392156862745,-0.4980392156862745,-0.4980392156862745,-0.4980392156862745,-0.4980392156862745,-0.4980392156862745,-0.4980392156862745,-0.4980392156862745,-0.4980392156862745,-0.4980392156862745,-0.4980392156862745,-0.4980392156862745,-0.4980392156862745,-0.4980392156862745,-0.4980392156862745,-0.4980392156862745,-0.4980392156862745,-0.4980392156862745,-0.4980392156862745,-0.4980392156862745,-0.4980392156862745,-0.4980392156862745,-0.4980392156862745,-0.4980392156862745,-0.4980392156862745,-0.4980392156862745,-0.4980392156862745,-0.4980392156862745,-0.4980392156862745,-0.4980392156862745,-0.4980392156862745,-0.4980392156862745,-0.4980392156862745,-0.4980392156862745,-0.4980392156862745,-0.4980392156862745,-0.4980392156862745,-0.4980392156862745,-0.4980392156862745,-0.4980392156862745
-0.5058823529411764,-0.4509803921568627,-0.7803921568627451,-0.803921568627451,-0.5058823529411764,-0.7803921568627451,-0.803921568627451,-0.6784313725490196,-0.7803921568627451,-0.7803921568627451,-0.5764705882352941,-0.7019607843137254,-0.6549019607843137,-0.7568627450980392,-0.7019607843137254,-0.803921568627451,-0.6862745098039216,-0.6627450980392157,-0.6627450980392157,-0.6627450980392157,-0.6627450980392157,-0.6627450980392157,-0.6627450980392157,-0.6627450980392157,-0.6627450980392157,-0.6627450980392157,-0.6627450980392157,-0.6627450980392157,-0.6627450980392157,-0.6627450980392157,-0.6627450980392157,-0.6627450980392157,-0.6627450980392157,-0.6627450980392157,-0.6627450980392157,-0.6627450980392157,-0.6627450980392157,-0.6627450980392157,-0.6627450980392157,-0.6627450980392157,-0.6627450980392157,-0.6627450980392157,-0.6627450980392157,-0.6627450980392157,-0.6627450980392157,-0.6627450980392157,-0.6627450980392157,-0.6627450980392157,-0.6627450980392157,-0.6627450980392157,-0.6627450980392157,-0.6627450980392157,-0.6627450980392157,-0.6627450980392157,-0.6627450980392157,-0.6627450980392157,-0.6627450980392157,-0.6627450980392157,-0.6627450980392157,-0.6627450980392157,-0.6627450980392157,-0.6627450980392157,-0.6627450980392157,-0.6627450980392157,-0.6627450980392157,-0.6627450980392157,-0.6627450980392157,-0.6627450980392157,-0.6627450980392157,-0.6627450980392157,-0.6627450980392157,-0.6627450980392157,-0.6627450980392157,-0.6627450980392157,-0.6627450980392157,-0.6627450980392157,-0.6627450980392157,-0.6627450980392157,-0.6627450980392157,-0.6627450980392157,-0.6627450980392157,-0.6627450980392157,-0.6627450980392157,-0.6627450980392157,-0.6627450980392157,-0.6627450980392157,-0.6627450980392157,-0.6627450980392157,-0.6627450980392157,-0.6627450980392157,-0.6627450980392157,-0.6627450980392157,-0.6627450980392157,-0.6627450980392157,-0.6627450980392157,-0.6627450980392157,-0.6627450980392157,-0.6627450980392157,-0.6627450980392157,-0.6627450980392157,-0.6627450980392157,-0.6627450980392157,-0.6627450980392157,-0.6627450980392157,-0.6627450980392157,-0.6627450980392157,-0.6627450980392157,-0.6627450980392157,-0.6627450980392157,-0.6627450980392157,-0.6627450980392157,-0.6627450980392157,-0.6627450980392157,-0.6627450980392157,-0.6627450980392157,-0.6627450980392157,-0.6627450980392157,-0.6627450980392157,-0.6627450980392157,-0.6627450980392157,-0.6627450980392157,-0.6627450980392157,-0.6627450980392157,-0.6627450980392157,-0.6627450980392157
-0.4509803921568627,-0.403921568627451,-0.7254901960784313,-0.7568627450980392,-0.4509803921568627,-0.7254901960784313,-0.7568627450980392,-0.6313725490196078,-0.7254901960784313,-0.7254901960784313,-0.5294117647058824,-0.6549019607843137,-0.607843137254902,-0.7019607843137254,-0.6549019607843137,-0.7568627450980392,-0.615686274509804,-0.6,-0.6,-0.6,-0.6,-0.6,-0.6,-0.6,-0.6,-0.6,-0.6,-0.6,-0.6,-0.6,-0.6,-0.6,-0.6,-0.6,-0.6,-0.6,-0.6,-0.6,-0.6,-0.6,-0.6,-0.6,-0.6,-0.6,-0.6,-0.6,-0.6,-0.6,-0.6,-0.6,-0.6,-0.6,-0.6,-0.6,-0.6,-0.6,-0.6,-0.6,-0.6,-0.6,-0.6,-0.6,-0.6,-0.6,-0.6,-0.6,-0.6,-0.6,-0.6,-0.6,-0.6,-0.6,-0.6,-0.6,-0.6,-0.6,-0.6,-0.6,-0.6,-0.6,-0.6,-0.6,-0.6,-0.6,-0.6,-0.6,-0.6,-0.6,-0.6,-0.6,-0.6,-0.6,-0.6,-0.6,-0.6,-0.6,-0.6,-0.6,-0.6,-0.6,-0.6,-0.6,-0.6,-0.6,-0.6,-0.6,-0.6,-0.6,-0.6,-0.6,-0.6,-0.6,-0.6,-0.6,-0.6,-0.6,-0.6,-0.6,-0.6,-0.6,-0.6,-0.6,-0.6,-0.6,-0.6
-0.5529411764705883,-0.5058823529411764,-0.8274509803921568,-0.8509803921568627,-0.5529411764705883,-0.8274509803921568,-0.8509803921568627,-0.7254901960784313,-0.8274509803921568,-0.8274509803921568,-0.6313725490196078,-0.7568627450980392,-0.7019607843137254,-0.803921568627451,-0.7568627450980392,-0.8509803921568627,-0.7490196078431373,-0.7333333333333334,-0.7333333333333334,-0.7333333333333334,-0.7333333333333334,-0.7333333333333334,-0.7333333333333334,-0.7333333333333334,-0.7333333333333334,-0.7333333333333334,-0.7333333333333334,-0.7333333333333334,-0.7333333333333334,-0.7333333333333334,-0.7333333333333334,-0.7333333333333334,-0.7333333333333334,-0.7333333333333334,-0.7333333333333334,-0.7333333333333334,-0.7333333333333334,-0.7333333333333334,-0.7333333333333334,-0.7333333333333334,-0.7333333333333334,-0.7333333333333334,-0.7333333333333334,-0.7333333333333334,-0.7333333333333334,-0.7333333333333334,-0.7333333333333334,-0.7333333333333334,-0.7333333333333334,-0.7333333333333334,-0.7333333333333334,-0.7333333333333334,-0.7333333333333334,-0.7333333333333334,-0.7333333333333334,-0.7333333333333334,-0.7333333333333334,-0.7333333333333334,-0.7333333333333334,-0.7333333333333334,-0.7333333333333334,-0.7333333333333334,-0.7333333333333334,-0.7333333333333334,-0.7333333333333334,-0.7333333333333334,-0.7333333333333334,-0.7333333333333334,-0.7333333333333334,-0.7333333333333334,-0.7333333333333334,-0.7333333333333334,-0.7333333333333334,-0.7333333333333334,-0.7333333333333334,-0.7333333333333334,-0.7333333333333334,-0.7333333333333334,-0.7333333333333334,-0.7333333333333334,-0.7333333333333334,-0.7333333333333334,-0.7333333333333334,-0.7333333333333334,-0.7333333333333334,-0.7333333333333334,-0.7333333333333334,-0.7333333333333334,-0.7333333333333334,-0.7333333333333334,-0.7333333333333334,-0.7333333333333334,-0.7333333333333334,-0.7333333333333334,-0.7333333333333334,-0.7333333333333334,-0.7333333333333334,-0.7333333333333334,-0.7333333333333334,-0.7333333333333334,-0.7333333333333334,-0.7333333333333334,-0.7333333333333334,-0.7333333333333334,-0.7333333333333334,-0.7333333333333334,-0.7333333333333334,-0.7333333333333334,-0.7333333333333334,-0.7333333333333334,-0.7333333333333334,-0.7333333333333334,-0.7333333333333334,-0.7333333333333334,-0.7333333333333334,-0.7333333333333334,-0.7333333333333334,-0.7333333333333334,-0.7333333333333334,-0.7333333333333334,-0.7333333333333334,-0.7333333333333334,-0.7333333333333334,-0.7333333333333334,-0.7333333333333334
-0.5058823529411764,-0.4509803921568627,-0.7803921568627451,-0.803921568627451,-0.5058823529411764,-0.7803921568627451,-0.803921568627451,-0.6784313725490196,-0.7803921568627451,-0.7803921568627451,-0.5764705882352941,-0.7019607843137254,-0.6549019607843137,-0.7568627450980392,-0.7019607843137254,-0.803921568627451,-0.6862745098039216,-0.6627450980392157,-0.6627450980392157,-0.6627450980392157,-0.6627450980392157,-0.6627450980392157,-0.6627450980392157,-0.6627450980392157,-0.6627450980392157,-0.6627450980392157,-0.6627450980392157,-0.6627450980392157,-0.6627450980392157,-0.6627450980392157,-0.6627450980392157,-0.6627450980392157,-0.6627450980392157,-0.6627450980392157,-0.6627450980392157,-0.6627450980392157,-0.6627450980392157,-0.6627450980392157,-0.6627450980392157,-0.6627450980392157,-0.6627450980392157,-0.6627450980392157,-0.6627450980392157,-0.6627450980392157,-0.6627450980392157,-0.6627450980392157,-0.6627450980392157,-0.6627450980392157,-0.6627450980392157,-0.6627450980392157,-0.6627450980392157,-0.6627450980392157,-0.6627450980392157,-0.6627450980392157,-0.6627450980392157,-0.6627450980392157,-0.6627450980392157,-0.6627450980392157,-0.6627450980392157,-0.6627450980392157,-0.6627450980392157,-0.6627450980392157,-0.6627450980392157,-0.6627450980392157,-0.6627450980392157,-0.6627450980392157,-0.6627450980392157,-0.6627450980392157,-0.6627450980392157,-0.6627450980392157,-0.6627450980392157,-0.6627450980392157,-0.6627450980392157,-0.6627450980392157,-0.6627450980392157,-0.6627450980392157,-0.6627450980392157,-0.6627450980392157,-0.6627450980392157,-0.6627450980392157,-0.6627450980392157,-0.6627450980392157,-0.6627450980392157,-0.6627450980392157,-0.6627450980392157,-0.6627450980392157,-0.6627450980392157,-0.6627450980392157,-0.6627450980392157,-0.6627450980392157,-0.6627450980392157,-0.6627450980392157,-0.6627450980392157,-0.6627450980392157,-0.6627450980392157,-0.6627450980392157,-0.6627450980392157,-0.6627450980392157,-0.6627450980392157,-0.6627450980392157,-0.6627450980392157,-0.6627450980392157,-0.6627450980392157,-0.6627450980392157,-0.6627450980392157,-0.6627450980392157,-0.6627450980392157,-0.6627450980392157,-0.6627450980392157,-0.6627450980392157,-0.6627450980392157,-0.6627450980392157,-0.6627450980392157,-0.6627450980392157,-0.6627450980392157,-0.6627450980392157,-0.6627450980392157,-0.6627450980392157,-0.6627450980392157,-0.6627450980392157,-0.6627450980392157,-0.6627450980392157,-0.6627450980392157,-0.6627450980392157,-0.6627450980392157
-0.607843137254902,-0.5529411764705883,-0.8823529411764706,-0.9058823529411765,-0.607843137254902,-0.8823529411764706,-0.9058823529411765,-0.7803921568627451,-0.8823529411764706,-0.8823529411764706,-0.6784313725490196,-0.803921568627451,-0.7568627450980392,-0.8509803921568627,-0.803921568627451,-0.9058823529411765,-0.8196078431372549,-0.803921568627451,-0.803921568627451,-0.803921568627451,-0.803921568627451,-0.803921568627451,-0.803921568627451,-0.803921568627451,-0.803921568627451,-0.803921568627451,-0.803921568627451,-0.803921568627451,-0.803921568627451,-0.803921568627451,-0.803921568627451,-0.803921568627451,-0.803921568627451,-0.803921568627451,-0.803921568627451,-0.803921568627451,-0.803921568627451,-0.803921568627451,-0.803921568627451,-0.803921568627451,-0.803921568627451,-0.803921568627451,-0.803921568627451,-0.803921568627451,-0.803921568627451,-0.803921568627451,-0.803921568627451,-0.803921568627451,-0.803921568627451,-0.803921568627451,-0.803921568627451,-0.803921568627451,-0.803921568627451,-0.803921568627451,-0.803921568627451,-0.803921568627451,-0.803921568627451,-0.803921568627451,-0.803921568627451,-0.803921568627451,-0.803921568627451,-0.803921568627451,-0.803921568627451,-0.803921568627451,-0.803921568627451,-0.803921568627451,-0.803921568627451,-0.803921568627451,-0.803921568627451,-0.803921568627451,-0.803921568627451,-0.803921568627451,-0.803921568627451,-0.803921568627451,-0.803921568627451,-0.803921568627451,-0.803921568627451,-0.803921568627451,-0.803921568627451,-0.803921568627451,-0.803921568627451,-0.803921568627451,-0.803921568627451,-0.803921568627451,-0.803921568627451,-0.803921568627451,-0.803921568627451,-0.803921568627451,-0.803921568627451,-0.803921568627451,-0.803921568627451,-0.803921568627451,-0.803921568627451,-0.803921568627451,-0.803921568627451,-0.803921568627451,-0.803921568627451,-0.803921568627451,-0.803921568627451,-0.803921568627451,-0.803921568627451,-0.803921568627451,-0.803921568627451,-0.803921568627451,-0.803921568627451,-0.803921568627451,-0.803921568627451,-0.803921568627451,-0.803921568627451,-0.803921568627451,-0.803921568627451,-0.803921568627451,-0.803921568627451,-0.803921568627451,-0.803921568627451,-0.803921568627451,-0.803921568627451,-0.803921568627451,-0.803921568627451,-0.803921568627451,-0.803921568627451,-0.803921568627451,-0.803921568627451,-0.803921568627451,-0.803921568627451
