-0.403921568627451,-0.403921568627451,-0.5058823529411764,-0.6313725490196078,-0.4274509803921569,-0.5529411764705883,-0.6549019607843137,-0.6313725490196078,-0.6313725490196078,-0.607843137254902,-0.5294117647058824,-0.37254901960784315,-0.45882352941176474,-0.45882352941176474,-0.45882352941176474,-0.45882352941176474,-0.45882352941176474,-0.45882352941176474,-0.45882352941176474,-0.45882352941176474,-0.45882352941176474,-0.45882352941176474,-0.45882352941176474,-0.45882352941176474,-0.45882352941176474,-0.45882352941176474,-0.45882352941176474,-0.45882352941176474,-0.45882352941176474,-0.45882352941176474,-0.45882352941176474,-0.45882352941176474,-0.45882352941176474,-0.45882352941176474,-0.45882352941176474,-0.45882352941176474,-0.45882352941176474,-0.45882352941176474,-0.45882352941176474,-0.45882352941176474,-0.45882352941176474,-0.45882352941176474,-0.45882352941176474,-0.45882352941176474,-0.45882352941176474,-0.45882352941176474,-0.45882352941176474,-0.45882352941176474,-0.45882352941176474,-0.45882352941176474,-0.45882352941176474,-0.45882352941176474,-0.45882352941176474,-0.45882352941176474,-0.45882352941176474,-0.45882352941176474,-0.45882352941176474,-0.45882352941176474,-0.45882352941176474,-0.45882352941176474,-0.45882352941176474,-0.45882352941176474,-0.45882352941176474,-0.45882352941176474,-0.45882352941176474,-0.45882352941176474,-0.45882352941176474,-0.45882352941176474,-0.45882352941176474,-0.45882352941176474,-0.45882352941176474,-0.45882352941176474,-0.45882352941176474,-0.45882352941176474,-0.45882352941176474,-0.45882352941176474,-0.45882352941176474,-0.45882352941176474,-0.45882352941176474,-0.45882352941176474,-0.45882352941176474,-0.45882352941176474,-0.45882352941176474,-0.45882352941176474,-0.45882352941176474,-0.45882352941176474,-0.45882352941176474,-0.45882352941176474,-0.45882352941176474,-0.45882352941176474,-0.45882352941176474,-0.45882352941176474,-0.45882352941176474,-0.45882352941176474,-0.45882352941176474,-0.45882352941176474,-0.45882352941176474,-0.45882352941176474,-0.45882352941176474,-0.45882352941176474,-0.45882352941176474,-0.45882352941176474,-0.45882352941176474,-0.45882352941176474,-0.45882352941176474,-0.45882352941176474,-0.45882352941176474,-0.45882352941176474,-0.45882352941176474,-0.45882352941176474,-0.45882352941176474,-0.45882352941176474,-0.45882352941176474,-0.45882352941176474,-0.45882352941176474,-0.45882352941176474,-0.45882352941176474,-0.45882352941176474,-0.45882352941176474,-0.45882352941176474,-0.45882352941176474,-0.45882352941176474,-0.45882352941176474,-0.45882352941176474,-0.45882352941176474
-0.403921568627451,-0.403921568627451,-0.5058823529411764,-0.6313725490196078,-0.4274509803921569,-0.5529411764705883,-0.6549019607843137,-0.6313725490196078,-0.6313725490196078,-0.607843137254902,-0.5294117647058824,-0.37254901960784315,-0.45882352941176474,-0.45882352941176474,-0.45882352941176474,-0.45882352941176474,-0.45882352941176474,-0.45882352941176474,-0.45882352941176474,-0.45882352941176474,-0.45882352941176474,-0.45882352941176474,-0.45882352941176474,-0.45882352941176474,-0.45882352941176474,-0.45882352941176474,-0.45882352941176474,-0.45882352941176474,-0.45882352941176474,-0.45882352941176474,-0.45882352941176474,-0.45882352941176474,-0.45882352941176474,-0.45882352941176474,-0.45882352941176474,-0.45882352941176474,-0.45882352941176474,-0.45882352941176474,-0.45882352941176474,-0.45882352941176474,-0.45882352941176474,-0.45882352941176474,-0.45882352941176474,-0.45882352941176474,-0.45882352941176474,-0.45882352941176474,-0.45882352941176474,-0.45882352941176474,-0.45882352941176474,-0.45882352941176474,-0.45882352941176474,-0.45882352941176474,-0.45882352941176474,-0.45882352941176474,-0.45882352941176474,-0.45882352941176474,-0.45882352941176474,-0.45882352941176474,-0.45882352941176474,-0.45882352941176474,-0.45882352941176474,-0.45882352941176474,-0.45882352941176474,-0.45882352941176474,-0.45882352941176474,-0.45882352941176474,-0.45882352941176474,-0.45882352941176474,-0.45882352941176474,-0.45882352941176474,-0.45882352941176474,-0.45882352941176474,-0.45882352941176474,-0.45882352941176474,-0.45882352941176474,-0.45882352941176474,-0.45882352941176474,-0.45882352941176474,-0.45882352941176474,-0.45882352941176474,-0.45882352941176474,-0.45882352941176474,-0.45882352941176474,-0.45882352941176474,-0.45882352941176474,-0.45882352941176474,-0.45882352941176474,-0.45882352941176474,-0.45882352941176474,-0.45882352941176474,-0.45882352941176474,-0.45882352941176474,-0.45882352941176474,-0.45882352941176474,-0.45882352941176474,-0.45882352941176474,-0.45882352941176474,-0.45882352941176474,-0.45882352941176474,-0.45882352941176474,-0.45882352941176474,-0.45882352941176474,-0.45882352941176474,-0.45882352941176474,-0.45882352941176474,-0.45882352941176474,-0.45882352941176474,-0.45882352941176474,-0.45882352941176474,-0.45882352941176474,-0.45882352941176474,-0.45882352941176474,-0.45882352941176474,-0.45882352941176474,-0.45882352941176474,-0.45882352941176474,-0.45882352941176474,-0.45882352941176474,-0.45882352941176474,-0.45882352941176474,-0.45882352941176474,-0.45882352941176474,-0.45882352941176474,-0.45882352941176474,-0.45882352941176474
-0.5058823529411764,-0.5058823529411764,-0.607843137254902,-0.7254901960784313,-0.5294117647058824,-0.6549019607843137,-0.7568627450980392,-0.7254901960784313,-0.7254901960784313,-0.7019607843137254,-0.6313725490196078,-0.4901960784313726,-0.6,-0.6,-0.6,-0.6,-0.6,-0.6,-0.6,-0.6,-0.6,-0.6,-0.6,-0.6,-0.6,-0.6,-0.6,-0.6,-0.6,-0.6,-0.6,-0.6,-0.6,-0.6,-0.6,-0.6,-0.6,-0.6,-0.6,-0.6,-0.6,-0.6,-0.6,-0.6,-0.6,-0.6,-0.6,-0.6,-0.6,-0.6,-0.6,-0.6,-0.6,-0.6,-0.6,-0.6,-0.6,-0.6,-0.6,-0.6,-0.6,-0.6,-0.6,-0.6,-0.6,-0.6,-0.6,-0.6,-0.6,-0.6,-0.6,-0.6,-0.6,-0.6,-0.6,-0.6,-0.6,-0.6,-0.6,-0.6,-0.6,-0.6,-0.6,-0.6,-0.6,-0.6,-0.6,-0.6,-0.6,-0.6,-0.6,-0.6,-0.6,-0.6,-0.6,-0.6,-0.6,-0.6,-0.6,-0.6,-0.6,-0.6,-0.6,-0.6,-0.6,-0.6,-0.6,-0.6,-0.6,-0.6,-0.6,-0.6,-0.6,-0.6,-0.6,-0.6,-0.6,-0.6,-0.6,-0.6,-0.6,-0.6,-0.6,-0.6,-0.6
-0.6313725490196078,-0.6313725490196078,-0.7254901960784313,-0.8509803921568627,-0.6549019607843137,-0.7803921568627451,-0.8823529411764706,-0.8509803921568627,-0.8509803921568627,-0.8274509803921568,-0.7568627450980392,-0.6235294117647059,-0.7647058823529411,-0.7647058823529411,-0.7647058823529411,-0.7647058823529411,-0.7647058823529411,-0.7647058823529411,-0.7647058823529411,-0.7647058823529411,-0.7647058823529411,-0.7647058823529411,-0.7647058823529411,-0.7647058823529411,-0.7647058823529411,-0.7647058823529411,-0.7647058823529411,-0.7647058823529411,-0.7647058823529411,-0.7647058823529411,-0.7647058823529411,-0.7647058823529411,-0.7647058823529411,-0.7647058823529411,-0.7647058823529411,-0.7647058823529411,-0.7647058823529411,-0.7647058823529411,-0.7647058823529411,-0.7647058823529411,-0.7647058823529411,-0.7647058823529411,-0.7647058823529411,-0.7647058823529411,-0.7647058823529411,-0.7647058823529411,-0.7647058823529411,-0.7647058823529411,-0.7647058823529411,-0.7647058823529411,-0.7647058823529411,-0.7647058823529411,-0.7647058823529411,-0.7647058823529411,-0.7647058823529411,-0.7647058823529411,-0.7647058823529411,-0.7647058823529411,-0.7647058823529411,-0.7647058823529411,-0.7647058823529411,-0.7647058823529411,-0.7647058823529411,-0.7647058823529411,-0.7647058823529411,-0.7647058823529411,-0.7647058823529411,-0.7647058823529411,-0.7647058823529411,-0.7647058823529411,-0.7647058823529411,-0.7647058823529411,-0.7647058823529411,-0.7647058823529411,-0.7647058823529411,-0.7647058823529411,-0.7647058823529411,-0.7647058823529411,-0.7647058823529411,-0.7647058823529411,-0.7647058823529411,-0.7647058823529411,-0.7647058823529411,-0.7647058823529411,-0.7647058823529411,-0.7647058823529411,-0.7647058823529411,-0.7647058823529411,-0.7647058823529411,-0.7647058823529411,-0.7647058823529411,-0.7647058823529411,-0.7647058823529411,-0.7647058823529411,-0.7647058823529411,-0.7647058823529411,-0.7647058823529411,-0.7647058823529411,-0.7647058823529411,-0.7647058823529411,-0.7647058823529411,-0.7647058823529411,-0.7647058823529411,-0.7647058823529411,-0.7647058823529411,-0.7647058823529411,-0.7647058823529411,-0.7647058823529411,-0.7647058823529411,-0.7647058823529411,-0.7647058823529411,-0.7647058823529411,-0.7647058823529411,-0.7647058823529411,-0.7647058823529411,-0.7647058823529411,-0.7647058823529411,-0.7647058823529411,-0.7647058823529411,-0.7647058823529411,-0.7647058823529411,-0.7647058823529411,-0.7647058823529411,-0.7647058823529411,-0.7647058823529411
-0.4274509803921569,-0.4274509803921569,-0.5294117647058824,-0.6549019607843137,-0.4509803921568627,-0.5764705882352941,-0.6784313725490196,-0.6549019607843137,-0.6549019607843137,-0.6313725490196078,-0.5529411764705883,-0.403921568627451,-0.4980392156862745,-0.4980392156862745,-0.4980392156862745,-0.4980392156862745,-0.4980392156862745,-0.4980392156862745,-0.4980392156862745,-0.4980392156862745,-0.4980392156862745,-0.4980392156862745,-0.4980392156862745,-0.4980392156862745,-0.4980392156862745,-0.4980392156862745,-0.4980392156862745,-0.4980392156862745,-0.4980392156862745,-0.4980392156862745,-0.4980392156862745,-0.4980392156862745,-0.4980392156862745,-0.4980392156862745,-0.4980392156862745,-0.4980392156862745,-0.4980392156862745,-0.4980392156862745,-0.4980392156862745,-0.4980392156862745,-0.4980392156862745,-0.4980392156862745,-0.4980392156862745,-0.4980392156862745,-0.4980392156862745,-0.4980392156862745,-0.4980392156862745,-0.4980392156862745,-0.4980392156862745,-0.4980392156862745,-0.4980392156862745,-0.4980392156862745,-0.4980392156862745,-0.4980392156862745,-0.4980392156862745,-0.4980392156862745,-0.4980392156862745,-0.4980392156862745,-0.4980392156862745,-0.4980392156862745,-0.4980392156862745,-0.4980392156862745,-0.4980392156862745,-0.4980392156862745,-0.4980392156862745,-0.4980392156862745,-0.4980392156862745,-0.4980392156862745,-0.4980392156862745,-0.4980392156862745,-0.4980392156862745,-0.4980392156862745,-0.4980392156862745,-0.4980392156862745,-0.4980392156862745,-0.4980392156862745,-0.4980392156862745,-0.4980392156862745,-0.4980392156862745,-0.4980392156862745,-0.4980392156862745,-0.4980392156862745,-0.4980392156862745,-0.4980392156862745,-0.4980392156862745,-0.4980392156862745,-0.4980392156862745,-0.4980392156862745,-0.4980392156862745,-0.4980392156862745,-0.4980392156862745,-0.4980392156862745,-0.4980392156862745,-0.4980392156862745,-0.4980392156862745,-0.4980392156862745,-0.4980392156862745,-0.4980392156862745,-0.4980392156862745,-0.4980392156862745,-0.4980392156862745,-0.4980392156862745,-0.4980392156862745,-0.4980392156862745,-0.4980392156862745,-0.4980392156862745,-0.4980392156862745,-0.4980392156862745,-0.4980392156862745,-0.4980392156862745,-0.4980392156862745,-0.4980392156862745,-0.4980392156862745,-0.4980392156862745,-0.4980392156862745,-0.4980392156862745,-0.4980392156862745,-0.4980392156862745,-0.4980392156862745,-0.4980392156862745,-0.4980392156862745,-0.4980392156862745,-0.4980392156862745,-0.4980392156862745,-0.4980392156862745
-0.5529411764705883,-0.5529411764705883,-0.6549019607843137,-0.7803921568627451,-0.5764705882352941,-0.7019607843137254,-0.803921568627451,-0.7803921568627451,-0.7803921568627451,-0.7568627450980392,-0.6784313725490196,-0.5450980392156863,-0.6627450980392157,-0.6627450980392157,-0.6627450980392157,-0.6627450980392157,-0.6627450980392157,-0.6627450980392157,-0.6627450980392157,-0.6627450980392157,-0.6627450980392157,-0.6627450980392157,-0.6627450980392157,-0.6627450980392157,-0.6627450980392157,-0.6627450980392157,-0.6627450980392157,-0.6627450980392157,-0.6627450980392157,-0.6627450980392157,-0.6627450980392157,-0.6627450980392157,-0.6627450980392157,-0.6627450980392157,-0.6627450980392157,-0.6627450980392157,-0.6627450980392157,-0.6627450980392157,-0.6627450980392157,-0.6627450980392157,-0.6627450980392157,-0.6627450980392157,-0.6627450980392157,-0.6627450980392157,-0.6627450980392157,-0.6627450980392157,-0.6627450980392157,-0.6627450980392157,-0.6627450980392157,-0.6627450980392157,-0.6627450980392157,-0.6627450980392157,-0.6627450980392157,-0.6627450980392157,-0.6627450980392157,-0.6627450980392157,-0.6627450980392157,-0.6627450980392157,-0.6627450980392157,-0.6627450980392157,-0.6627450980392157,-0.6627450980392157,-0.6627450980392157,-0.6627450980392157,-0.6627450980392157,-0.6627450980392157,-0.6627450980392157,-0.6627450980392157,-0.6627450980392157,-0.6627450980392157,-0.6627450980392157,-0.6627450980392157,-0.6627450980392157,-0.6627450980392157,-0.6627450980392157,-0.6627450980392157,-0.6627450980392157,-0.6627450980392157,-0.6627450980392157,-0.6627450980392157,-0.6627450980392157,-0.6627450980392157,-0.6627450980392157,-0.6627450980392157,-0.6627450980392157,-0.6627450980392157,-0.6627450980392157,-0.6627450980392157,-0.6627450980392157,-0.6627450980392157,-0.6627450980392157,-0.6627450980392157,-0.6627450980392157,-0.6627450980392157,-0.6627450980392157,-0.6627450980392157,-0.6627450980392157,-0.6627450980392157,-0.6627450980392157,-0.6627450980392157,-0.6627450980392157,-0.6627450980392157,-0.6627450980392157,-0.6627450980392157,-0.6627450980392157,-0.6627450980392157,-0.6627450980392157,-0.6627450980392157,-0.6627450980392157,-0.6627450980392157,-0.6627450980392157,-0.6627450980392157,-0.6627450980392157,-0.6627450980392157,-0.6627450980392157,-0.6627450980392157,-0.6627450980392157,-0.6627450980392157,-0.6627450980392157,-0.6627450980392157,-0.6627450980392157,-0.6627450980392157,-0.6627450980392157,-0.6627450980392157,-0.6627450980392157
-0.6549019607843137,-0.6549019607843137,-0.7568627450980392,-0.8823529411764706,-0.6784313725490196,-0.803921568627451,-0.9058823529411765,-0.8823529411764706,-0.8823529411764706,-0.8509803921568627,-0.7803921568627451,-0.6549019607843137,-0.803921568627451,-0.803921568627451,-0.803921568627451,-0.803921568627451,-0.803921568627451,-0.803921568627451,-0.803921568627451,-0.803921568627451,-0.803921568627451,-0.803921568627451,-0.803921568627451,-0.803921568627451,-0.803921568627451,-0.803921568627451,-0.803921568627451,-0.803921568627451,-0.803921568627451,-0.803921568627451,-0.803921568627451,-0.803921568627451,-0.803921568627451,-0.803921568627451,-0.803921568627451,-0.803921568627451,-0.803921568627451,-0.803921568627451,-0.803921568627451,-0.803921568627451,-0.803921568627451,-0.803921568627451,-0.803921568627451,-0.803921568627451,-0.803921568627451,-0.803921568627451,-0.803921568627451,-0.803921568627451,-0.803921568627451,-0.803921568627451,-0.803921568627451,-0.803921568627451,-0.803921568627451,-0.803921568627451,-0.803921568627451,-0.803921568627451,-0.803921568627451,-0.803921568627451,-0.803921568627451,-0.803921568627451,-0.803921568627451,-0.803921568627451,-0.803921568627451,-0.803921568627451,-0.803921568627451,-0.803921568627451,-0.803921568627451,-0.803921568627451,-0.803921568627451,-0.803921568627451,-0.803921568627451,-0.803921568627451,-0.803921568627451,-0.803921568627451,-0.803921568627451,-0.803921568627451,-0.803921568627451,-0.803921568627451,-0.803921568627451,-0.803921568627451,-0.803921568627451,-0.803921568627451,-0.803921568627451,-0.803921568627451,-0.803921568627451,-0.803921568627451,-0.803921568627451,-0.803921568627451,-0.803921568627451,-0.803921568627451,-0.803921568627451,-0.803921568627451,-0.803921568627451,-0.803921568627451,-0.803921568627451,-0.803921568627451,-0.803921568627451,-0.803921568627451,-0.803921568627451,-0.803921568627451,-0.803921568627451,-0.803921568627451,-0.803921568627451,-0.803921568627451,-0.803921568627451,-0.803921568627451,-0.803921568627451,-0.803921568627451,-0.803921568627451,-0.803921568627451,-0.803921568627451,-0.803921568627451,-0.803921568627451,-0.803921568627451,-0.803921568627451,-0.803921568627451,-0.803921568627451,-0.803921568627451,-0.803921568627451,-0.803921568627451,-0.803921568627451,-0.803921568627451,-0.803921568627451,-0.803921568627451,-0.803921568627451
-0.6313725490196078,-0.6313725490196078,-0.7254901960784313,-0.8509803921568627,-0.6549019607843137,-0.7803921568627451,-0.8823529411764706,-0.8509803921568627,-0.8509803921568627,-0.8274509803921568,-0.7568627450980392,-0.6235294117647059,-0.7647058823529411,-0.7647058823529411,-0.7647058823529411,-0.7647058823529411,-0.7647058823529411,-0.7647058823529411,-0.7647058823529411,-0.7647058823529411,-0.7647058823529411,-0.7647058823529411,-0.7647058823529411,-0.7647058823529411,-0.7647058823529411,-0.7647058823529411,-0.7647058823529411,-0.7647058823529411,-0.7647058823529411,-0.7647058823529411,-0.7647058823529411,-0.7647058823529411,-0.7647058823529411,-0.7647058823529411,-0.7647058823529411,-0.7647058823529411,-0.7647058823529411,-0.7647058823529411,-0.7647058823529411,-0.7647058823529411,-0.7647058823529411,-0.7647058823529411,-0.7647058823529411,-0.7647058823529411,-0.7647058823529411,-0.7647058823529411,-0.7647058823529411,-0.7647058823529411,-0.7647058823529411,-0.7647058823529411,-0.7647058823529411,-0.7647058823529411,-0.7647058823529411,-0.7647058823529411,-0.7647058823529411,-0.7647058823529411,-0.7647058823529411,-0.7647058823529411,-0.7647058823529411,-0.7647058823529411,-0.7647058823529411,-0.7647058823529411,-0.7647058823529411,-0.7647058823529411,-0.7647058823529411,-0.7647058823529411,-0.7647058823529411,-0.7647058823529411,-0.7647058823529411,-0.7647058823529411,-0.7647058823529411,-0.7647058823529411,-0.7647058823529411,-0.7647058823529411,-0.7647058823529411,-0.7647058823529411,-0.7647058823529411,-0.7647058823529411,-0.7647058823529411,-0.7647058823529411,-0.7647058823529411,-0.7647058823529411,-0.7647058823529411,-0.7647058823529411,-0.7647058823529411,-0.7647058823529411,-0.7647058823529411,-0.7647058823529411,-0.7647058823529411,-0.7647058823529411,-0.7647058823529411,-0.7647058823529411,-0.7647058823529411,-0.7647058823529411,-0.7647058823529411,-0.7647058823529411,-0.7647058823529411,-0.7647058823529411,-0.7647058823529411,-0.7647058823529411,-0.7647058823529411,-0.7647058823529411,-0.7647058823529411,-0.7647058823529411,-0.7647058823529411,-0.7647058823529411,-0.7647058823529411,-0.7647058823529411,-0.7647058823529411,-0.7647058823529411,-0.7647058823529411,-0.7647058823529411,-0.7647058823529411,-0.7647058823529411,-0.7647058823529411,-0.7647058823529411,-0.7647058823529411,-0.7647058823529411,-0.7647058823529411,-0.7647058823529411,-0.7647058823529411,-0.7647058823529411,-0.7647058823529411,-0.7647058823529411,-0.7647058823529411
-0.6313725490196078,-0.6313725490196078,-0.7254901960784313,-0.8509803921568627,-0.6549019607843137,-0.7803921568627451,-0.8823529411764706,-0.8509803921568627,-0.8509803921568627,-0.8274509803921568,-0.7568627450980392,-0.6235294117647059,-0.7647058823529411,-0.7647058823529411,-0.7647058823529411,-0.7647058823529411,-0.7647058823529411,-0.7647058823529411,-0.7647058823529411,-0.7647058823529411,-0.7647058823529411,-0.7647058823529411,-0.7647058823529411,-0.7647058823529411,-0.7647058823529411,-0.7647058823529411,-0.7647058823529411,-0.7647058823529411,-0.7647058823529411,-0.7647058823529411,-0.7647058823529411,-0.7647058823529411,-0.7647058823529411,-0.7647058823529411,-0.7647058823529411,-0.7647058823529411,-0.7647058823529411,-0.7647058823529411,-0.7647058823529411,-0.7647058823529411,-0.7647058823529411,-0.7647058823529411,-0.7647058823529411,-0.7647058823529411,-0.7647058823529411,-0.7647058823529411,-0.7647058823529411,-0.7647058823529411,-0.7647058823529411,-0.7647058823529411,-0.7647058823529411,-0.7647058823529411,-0.7647058823529411,-0.7647058823529411,-0.7647058823529411,-0.7647058823529411,-0.7647058823529411,-0.7647058823529411,-0.7647058823529411,-0.7647058823529411,-0.7647058823529411,-0.7647058823529411,-0.7647058823529411,-0.7647058823529411,-0.7647058823529411,-0.7647058823529411,-0.7647058823529411,-0.7647058823529411,-0.7647058823529411,-0.7647058823529411,-0.7647058823529411,-0.7647058823529411,-0.7647058823529411,-0.7647058823529411,-0.7647058823529411,-0.7647058823529411,-0.7647058823529411,-0.7647058823529411,-0.7647058823529411,-0.7647058823529411,-0.7647058823529411,-0.7647058823529411,-0.7647058823529411,-0.7647058823529411,-0.7647058823529411,-0.7647058823529411,-0.7647058823529411,-0.7647058823529411,-0.7647058823529411,-0.7647058823529411,-0.7647058823529411,-0.7647058823529411,-0.7647058823529411,-0.7647058823529411,-0.7647058823529411,-0.7647058823529411,-0.7647058823529411,-0.7647058823529411,-0.7647058823529411,-0.7647058823529411,-0.7647058823529411,-0.7647058823529411,-0.7647058823529411,-0.7647058823529411,-0.7647058823529411,-0.7647058823529411,-0.7647058823529411,-0.7647058823529411,-0.7647058823529411,-0.7647058823529411,-0.7647058823529411,-0.7647058823529411,-0.7647058823529411,-0.7647058823529411,-0.7647058823529411,-0.7647058823529411,-0.7647058823529411,-0.7647058823529411,-0.7647058823529411,-0.7647058823529411,-0.7647058823529411,-0.7647058823529411,-0.7647058823529411,-0.7647058823529411,-0.7647058823529411
-0.607843137254902,-0.607843137254902,-0.7019607843137254,-0.8274509803921568,-0.6313725490196078,-0.7568627450980392,-0.8509803921568627,-0.8274509803921568,-0.8274509803921568,-0.803921568627451,-0.7254901960784313,-0.6,-0.7333333333333334,-0.7333333333333334,-0.7333333333333334,-0.7333333333333334,-0.7333333333333334,-0.7333333333333334,-0.7333333333333334,-0.7333333333333334,-0.7333333333333334,-0.7333333333333334,-0.7333333333333334,-0.7333333333333334,-0.7333333333333334,-0.7333333333333334,-0.7333333333333334,-0.7333333333333334,-0.7333333333333334,-0.7333333333333334,-0.7333333333333334,-0.7333333333333334,-0.7333333333333334,-0.7333333333333334,-0.7333333333333334,-0.7333333333333334,-0.7333333333333334,-0.7333333333333334,-0.7333333333333334,-0.7333333333333334,-0.7333333333333334,-0.7333333333333334,-0.7333333333333334,-0.7333333333333334,-0.7333333333333334,-0.7333333333333334,-0.7333333333333334,-0.7333333333333334,-0.7333333333333334,-0.7333333333333334,-0.7333333333333334,-0.7333333333333334,-0.7333333333333334,-0.7333333333333334,-0.7333333333333334,-0.7333333333333334,-0.7333333333333334,-0.7333333333333334,-0.7333333333333334,-0.7333333333333334,-0.7333333333333334,-0.7333333333333334,-0.7333333333333334,-0.7333333333333334,-0.7333333333333334,-0.7333333333333334,-0.7333333333333334,-0.7333333333333334,-0.7333333333333334,-0.7333333333333334,-0.7333333333333334,-0.7333333333333334,-0.7333333333333334,-0.7333333333333334,-0.7333333333333334,-0.7333333333333334,-0.7333333333333334,-0.7333333333333334,-0.7333333333333334,-0.7333333333333334,-0.7333333333333334,-0.7333333333333334,-0.7333333333333334,-0.7333333333333334,-0.7333333333333334,-0.7333333333333334,-0.7333333333333334,-0.7333333333333334,-0.7333333333333334,-0.7333333333333334,-0.7333333333333334,-0.7333333333333334,-0.7333333333333334,-0.7333333333333334,-0.7333333333333334,-0.7333333333333334,-0.7333333333333334,-0.7333333333333334,-0.7333333333333334,-0.7333333333333334,-0.7333333333333334,-0.7333333333333334,-0.7333333333333334,-0.7333333333333334,-0.7333333333333334,-0.7333333333333334,-0.7333333333333334,-0.7333333333333334,-0.7333333333333334,-0.7333333333333334,-0.7333333333333334,-0.7333333333333334,-0.7333333333333334,-0.7333333333333334,-0.7333333333333334,-0.7333333333333334,-0.7333333333333334,-0.7333333333333334,-0.7333333333333334,-0.7333333333333334,-0.7333333333333334,-0.7333333333333334,-0.7333333333333334,-0.7333333333333334,-0.7333333333333334
-0.5294117647058824,-0.5294117647058824,-0.6313725490196078,-0.7568627450980392,-0.5529411764705883,-0.6784313725490196,-0.7803921568627451,-0.7568627450980392,-0.7568627450980392,-0.7254901960784313,-0.6549019607843137,-0.5137254901960784,-0.6313725490196078,-0.6313725490196078,-0.6313725490196078,-0.6313725490196078,-0.6313725490196078,-0.6313725490196078,-0.6313725490196078,-0.6313725490196078,-0.6313725490196078,-0.6313725490196078,-0.6313725490196078,-0.6313725490196078,-0.6313725490196078,-0.6313725490196078,-0.6313725490196078,-0.6313725490196078,-0.6313725490196078,-0.6313725490196078,-0.6313725490196078,-0.6313725490196078,-0.6313725490196078,-0.6313725490196078,-0.6313725490196078,-0.6313725490196078,-0.6313725490196078,-0.6313725490196078,-0.6313725490196078,-0.6313725490196078,-0.6313725490196078,-0.6313725490196078,-0.6313725490196078,-0.6313725490196078,-0.6313725490196078,-0.6313725490196078,-0.6313725490196078,-0.6313725490196078,-0.6313725490196078,-0.6313725490196078,-0.6313725490196078,-0.6313725490196078,-0.6313725490196078,-0.6313725490196078,-0.6313725490196078,-0.6313725490196078,-0.6313725490196078,-0.6313725490196078,-0.6313725490196078,-0.6313725490196078,-0.6313725490196078,-0.6313725490196078,-0.6313725490196078,-0.6313725490196078,-0.6313725490196078,-0.6313725490196078,-0.6313725490196078,-0.6313725490196078,-0.6313725490196078,-0.6313725490196078,-0.6313725490196078,-0.6313725490196078,-0.6313725490196078,-0.6313725490196078,-0.6313725490196078,-0.6313725490196078,-0.6313725490196078,-0.6313725490196078,-0.6313725490196078,-0.6313725490196078,-0.6313725490196078,-0.6313725490196078,-0.6313725490196078,-0.6313725490196078,-0.6313725490196078,-0.6313725490196078,-0.6313725490196078,-0.6313725490196078,-0.6313725490196078,-0.6313725490196078,-0.6313725490196078,-0.6313725490196078,-0.6313725490196078,-0.6313725490196078,-0.6313725490196078,-0.6313725490196078,-0.6313725490196078,-0.6313725490196078,-0.6313725490196078,-0.6313725490196078,-0.6313725490196078,-0.6313725490196078,-0.6313725490196078,-0.6313725490196078,-0.6313725490196078,-0.6313725490196078,-0.6313725490196078,-0.6313725490196078,-0.6313725490196078,-0.6313725490196078,-0.6313725490196078,-0.6313725490196078,-0.6313725490196078,-0.6313725490196078,-0.6313725490196078,-0.6313725490196078,-0.6313725490196078,-0.6313725490196078,-0.6313725490196078,-0.6313725490196078,-0.6313725490196078,-0.6313725490196078,-0.6313725490196078,-0.6313725490196078,-0.6313725490196078
-0.37254901960784315,-0.37254901960784315,-0.4901960784313726,-0.6235294117647059,-0.403921568627451,-0.5450980392156863,-0.6549019607843137,-0.6235294117647059,-0.6235294117647059,-0.6,-0.5137254901960784,-0.33333333333333337,-0.4117647058823529,-0.4117647058823529,-0.4117647058823529,-0.4117647058823529,-0.4117647058823529,-0.4117647058823529,-0.4117647058823529,-0.4117647058823529,-0.4117647058823529,-0.4117647058823529,-0.4117647058823529,-0.4117647058823529,-0.4117647058823529,-0.4117647058823529,-0.4117647058823529,-0.4117647058823529,-0.4117647058823529,-0.4117647058823529,-0.4117647058823529,-0.4117647058823529,-0.4117647058823529,-0.4117647058823529,-0.4117647058823529,-0.4117647058823529,-0.4117647058823529,-0.4117647058823529,-0.4117647058823529,-0.4117647058823529,-0.4117647058823529,-0.4117647058823529,-0.4117647058823529,-0.4117647058823529,-0.4117647058823529,-0.4117647058823529,-0.4117647058823529,-0.4117647058823529,-0.4117647058823529,-0.4117647058823529,-0.4117647058823529,-0.4117647058823529,-0.4117647058823529,-0.4117647058823529,-0.4117647058823529,-0.4117647058823529,-0.4117647058823529,-0.4117647058823529,-0.4117647058823529,-0.4117647058823529,-0.4117647058823529,-0.4117647058823529,-0.4117647058823529,-0.4117647058823529,-0.4117647058823529,-0.4117647058823529,-0.4117647058823529,-0.4117647058823529,-0.4117647058823529,-0.4117647058823529,-0.4117647058823529,-0.4117647058823529,-0.4117647058823529,-0.4117647058823529,-0.4117647058823529,-0.4117647058823529,-0.4117647058823529,-0.4117647058823529,-0.4117647058823529,-0.4117647058823529,-0.4117647058823529,-0.4117647058823529,-0.4117647058823529,-0.4117647058823529,-0.4117647058823529,-0.4117647058823529,-0.4117647058823529,-0.4117647058823529,-0.4117647058823529,-0.4117647058823529,-0.4117647058823529,-0.4117647058823529,-0.4117647058823529,-0.4117647058823529,-0.4117647058823529,-0.4117647058823529,-0.4117647058823529,-0.4117647058823529,-0.4117647058823529,-0.4117647058823529,-0.4117647058823529,-0.4117647058823529,-0.4117647058823529,-0.4117647058823529,-0.4117647058823529,-0.4117647058823529,-0.4117647058823529,-0.4117647058823529,-0.4117647058823529,-0.4117647058823529,-0.4117647058823529,-0.4117647058823529,-0.4117647058823529,-0.4117647058823529,-0.4117647058823529,-0.4117647058823529,-0.4117647058823529,-0.4117647058823529,-0.4117647058823529,-0.4117647058823529,-0.4117647058823529,-0.4117647058823529,-0.4117647058823529,-0.4117647058823529,-0.4117647058823529
-0.45882352941176474,-0.45882352941176474,-0.6,-0.7647058823529411,-0.4980392156862745,-0.6627450980392157,-0.803921568627451,-0.7647058823529411,-0.7647058823529411,-0.7333333333333334,-0.6313725490196078,-0.4117647058823529,-0.5058823529411764,-0.5058823529411764,-0.5058823529411764,-0.5058823529411764,-0.5058823529411764,-0.5058823529411764,-0.5058823529411764,-0.5058823529411764,-0.5058823529411764,-0.5058823529411764,-0.5058823529411764,-0.5058823529411764,-0.5058823529411764,-0.5058823529411764,-0.5058823529411764,-0.5058823529411764,-0.5058823529411764,-0.5058823529411764,-0.5058823529411764,-0.5058823529411764,-0.5058823529411764,-0.5058823529411764,-0.5058823529411764,-0.5058823529411764,-0.5058823529411764,-0.5058823529411764,-0.5058823529411764,-0.5058823529411764,-0.5058823529411764,-0.5058823529411764,-0.5058823529411764,-0.5058823529411764,-0.5058823529411764,-0.5058823529411764,-0.5058823529411764,-0.5058823529411764,-0.5058823529411764,-0.5058823529411764,-0.5058823529411764,-0.5058823529411764,-0.5058823529411764,-0.5058823529411764,-0.5058823529411764,-0.5058823529411764,-0.5058823529411764,-0.5058823529411764,-0.5058823529411764,-0.5058823529411764,-0.5058823529411764,-0.5058823529411764,-0.5058823529411764,-0.5058823529411764,-0.5058823529411764,-0.5058823529411764,-0.5058823529411764,-0.5058823529411764,-0.5058823529411764,-0.5058823529411764,-0.5058823529411764,-0.5058823529411764,-0.5058823529411764,-0.5058823529411764,-0.5058823529411764,-0.5058823529411764,-0.5058823529411764,-0.5058823529411764,-0.5058823529411764,-0.5058823529411764,-0.5058823529411764,-0.5058823529411764,-0.5058823529411764,-0.5058823529411764,-0.5058823529411764,-0.5058823529411764,-0.5058823529411764,-0.5058823529411764,-0.5058823529411764,-0.5058823529411764,-0.5058823529411764,-0.5058823529411764,-0.5058823529411764,-0.5058823529411764,-0.5058823529411764,-0.5058823529411764,-0.5058823529411764,-0.5058823529411764,-0.5058823529411764,-0.5058823529411764,-0.5058823529411764,-0.5058823529411764,-0.5058823529411764,-0.5058823529411764,-0.5058823529411764,-0.5058823529411764,-0.5058823529411764,-0.5058823529411764,-0.5058823529411764,-0.5058823529411764,-0.5058823529411764,-0.5058823529411764,-0.5058823529411764,-0.5058823529411764,-0.5058823529411764,-0.5058823529411764,-0.5058823529411764,-0.5058823529411764,-0.5058823529411764,-0.5058823529411764,-0.5058823529411764,-0.5058823529411764,-0.5058823529411764,-0.5058823529411764,-0.5058823529411764
-0.45882352941176474,-0.45882352941176474,-0.6,-0.7647058823529411,-0.4980392156862745,-0.6627450980392157,-0.803921568627451,-0.7647058823529411,-0.7647058823529411,-0.7333333333333334,-0.6313725490196078,-0.4117647058823529,-0.5058823529411764,-0.5058823529411764,-0.5058823529411764,-0.5058823529411764,-0.5058823529411764,-0.5058823529411764,-0.5058823529411764,-0.5058823529411764,-0.5058823529411764,-0.5058823529411764,-0.5058823529411764,-0.5058823529411764,-0.5058823529411764,-0.5058823529411764,-0.5058823529411764,-0.5058823529411764,-0.5058823529411764,-0.5058823529411764,-0.5058823529411764,-0.5058823529411764,-0.5058823529411764,-0.5058823529411764,-0.5058823529411764,-0.5058823529411764,-0.5058823529411764,-0.5058823529411764,-0.5058823529411764,-0.5058823529411764,-0.5058823529411764,-0.5058823529411764,-0.5058823529411764,-0.5058823529411764,-0.5058823529411764,-0.5058823529411764,-0.5058823529411764,-0.5058823529411764,-0.5058823529411764,-0.5058823529411764,-0.5058823529411764,-0.5058823529411764,-0.5058823529411764,-0.5058823529411764,-0.5058823529411764,-0.5058823529411764,-0.5058823529411764,-0.5058823529411764,-0.5058823529411764,-0.5058823529411764,-0.5058823529411764,-0.5058823529411764,-0.5058823529411764,-0.5058823529411764,-0.5058823529411764,-0.5058823529411764,-0.5058823529411764,-0.5058823529411764,-0.5058823529411764,-0.5058823529411764,-0.5058823529411764,-0.5058823529411764,-0.5058823529411764,-0.5058823529411764,-0.5058823529411764,-0.5058823529411764,-0.5058823529411764,-0.5058823529411764,-0.5058823529411764,-0.5058823529411764,-0.5058823529411764,-0.5058823529411764,-0.5058823529411764,-0.5058823529411764,-0.5058823529411764,-0.5058823529411764,-0.5058823529411764,-0.5058823529411764,-0.5058823529411764,-0.5058823529411764,-0.5058823529411764,-0.5058823529411764,-0.5058823529411764,-0.5058823529411764,-0.5058823529411764,-0.5058823529411764,-0.5058823529411764,-0.5058823529411764,-0.5058823529411764,-0.5058823529411764,-0.5058823529411764,-0.5058823529411764,-0.5058823529411764,-0.5058823529411764,-0.5058823529411764,-0.5058823529411764,-0.5058823529411764,-0.5058823529411764,-0.5058823529411764,-0.5058823529411764,-0.5058823529411764,-0.5058823529411764,-0.5058823529411764,-0.5058823529411764,-0.5058823529411764,-0.5058823529411764,-0.5058823529411764,-0.5058823529411764,-0.5058823529411764,-0.5058823529411764,-0.5058823529411764,-0.5058823529411764,-0.5058823529411764,-0.5058823529411764,-0.5058823529411764
-0.45882352941176474,-0.45882352941176474,-0.6,-0.7647058823529411,-0.4980392156862745,-0.6627450980392157,-0.803921568627451,-0.7647058823529411,-0.7647058823529411,-0.7333333333333334,-0.6313725490196078,-0.4117647058823529,-0.5058823529411764,-0.5058823529411764,-0.5058823529411764,-0.5058823529411764,-0.5058823529411764,-0.5058823529411764,-0.5058823529411764,-0.5058823529411764,-0.5058823529411764,-0.5058823529411764,-0.5058823529411764,-0.5058823529411764,-0.5058823529411764,-0.5058823529411764,-0.5058823529411764,-0.5058823529411764,-0.5058823529411764,-0.5058823529411764,-0.5058823529411764,-0.5058823529411764,-0.5058823529411764,-0.5058823529411764,-0.5058823529411764,-0.5058823529411764,-0.5058823529411764,-0.5058823529411764,-0.5058823529411764,-0.5058823529411764,-0.5058823529411764,-0.5058823529411764,-0.5058823529411764,-0.5058823529411764,-0.5058823529411764,-0.5058823529411764,-0.5058823529411764,-0.5058823529411764,-0.5058823529411764,-0.5058823529411764,-0.5058823529411764,-0.5058823529411764,-0.5058823529411764,-0.5058823529411764,-0.5058823529411764,-0.5058823529411764,-0.5058823529411764,-0.5058823529411764,-0.5058823529411764,-0.5058823529411764,-0.5058823529411764,-0.5058823529411764,-0.5058823529411764,-0.5058823529411764,-0.5058823529411764,-0.5058823529411764,-0.5058823529411764,-0.5058823529411764,-0.5058823529411764,-0.5058823529411764,-0.5058823529411764,-0.5058823529411764,-0.5058823529411764,-0.5058823529411764,-0.5058823529411764,-0.5058823529411764,-0.5058823529411764,-0.5058823529411764,-0.5058823529411764,-0.5058823529411764,-0.5058823529411764,-0.5058823529411764,-0.5058823529411764,-0.5058823529411764,-0.5058823529411764,-0.5058823529411764,-0.5058823529411764,-0.5058823529411764,-0.5058823529411764,-0.5058823529411764,-0.5058823529411764,-0.5058823529411764,-0.5058823529411764,-0.5058823529411764,-0.5058823529411764,-0.5058823529411764,-0.5058823529411764,-0.5058823529411764,-0.5058823529411764,-0.5058823529411764,-0.5058823529411764,-0.5058823529411764,-0.5058823529411764,-0.5058823529411764,-0.5058823529411764,-0.5058823529411764,-0.5058823529411764,-0.5058823529411764,-0.5058823529411764,-0.5058823529411764,-0.5058823529411764,-0.5058823529411764,-0.5058823529411764,-0.5058823529411764,-0.5058823529411764,-0.5058823529411764,-0.5058823529411764,-0.5058823529411764,-0.5058823529411764,-0.5058823529411764,-0.5058823529411764,-0.5058823529411764,-0.5058823529411764,-0.5058823529411764,-0.5058823529411764
-0.45882352941176474,-0.45882352941176474,-0.6,-0.7647058823529411,-0.4980392156862745,-0.6627450980392157,-0.803921568627451,-0.7647058823529411,-0.7647058823529411,-0.7333333333333334,-0.6313725490196078,-0.4117647058823529,-0.5058823529411764,-0.5058823529411764,-0.5058823529411764,-0.5058823529411764,-0.5058823529411764,-0.5058823529411764,-0.5058823529411764,-0.5058823529411764,-0.5058823529411764,-0.5058823529411764,-0.5058823529411764,-0.5058823529411764,-0.5058823529411764,-0.5058823529411764,-0.5058823529411764,-0.5058823529411764,-0.5058823529411764,-0.5058823529411764,-0.5058823529411764,-0.5058823529411764,-0.5058823529411764,-0.5058823529411764,-0.5058823529411764,-0.5058823529411764,-0.5058823529411764,-0.5058823529411764,-0.5058823529411764,-0.5058823529411764,-0.5058823529411764,-0.5058823529411764,-0.5058823529411764,-0.5058823529411764,-0.5058823529411764,-0.5058823529411764,-0.5058823529411764,-0.5058823529411764,-0.5058823529411764,-0.5058823529411764,-0.5058823529411764,-0.5058823529411764,-0.5058823529411764,-0.5058823529411764,-0.5058823529411764,-0.5058823529411764,-0.5058823529411764,-0.5058823529411764,-0.5058823529411764,-0.5058823529411764,-0.5058823529411764,-0.5058823529411764,-0.5058823529411764,-0.5058823529411764,-0.5058823529411764,-0.5058823529411764,-0.5058823529411764,-0.5058823529411764,-0.5058823529411764,-0.5058823529411764,-0.5058823529411764,-0.5058823529411764,-0.5058823529411764,-0.5058823529411764,-0.5058823529411764,-0.5058823529411764,-0.5058823529411764,-0.5058823529411764,-0.5058823529411764,-0.5058823529411764,-0.5058823529411764,-0.5058823529411764,-0.5058823529411764,-0.5058823529411764,-0.5058823529411764,-0.5058823529411764,-0.5058823529411764,-0.5058823529411764,-0.5058823529411764,-0.5058823529411764,-0.5058823529411764,-0.5058823529411764,-0.5058823529411764,-0.5058823529411764,-0.5058823529411764,-0.5058823529411764,-0.5058823529411764,-0.5058823529411764,-0.5058823529411764,-0.5058823529411764,-0.5058823529411764,-0.5058823529411764,-0.5058823529411764,-0.5058823529411764,-0.5058823529411764,-0.5058823529411764,-0.5058823529411764,-0.5058823529411764,-0.5058823529411764,-0.5058823529411764,-0.5058823529411764,-0.5058823529411764,-0.5058823529411764,-0.5058823529411764,-0.5058823529411764,-0.5058823529411764,-0.5058823529411764,-0.5058823529411764,-0.5058823529411764,-0.5058823529411764,-0.5058823529411764,-0.5058823529411764,-0.5058823529411764,-0.5058823529411764,-0.5058823529411764
