-0.35686274509803917,-0.3019607843137255,-0.607843137254902,-0.607843137254902,-0.2549019607843137,-0.5764705882352941,-0.607843137254902,-0.607843137254902,-0.6313725490196078,-0.4509803921568627,-0.2784313725490196,-0.2784313725490196,-0.24705882352941178,-0.4274509803921569,-0.4274509803921569,-0.4274509803921569,-0.4274509803921569,-0.4274509803921569,-0.4274509803921569,-0.4274509803921569,-0.4274509803921569,-0.4274509803921569,-0.4274509803921569,-0.4274509803921569,-0.4274509803921569,-0.4274509803921569,-0.4274509803921569,-0.4274509803921569,-0.4274509803921569,-0.4274509803921569,-0.4274509803921569,-0.4274509803921569,-0.4274509803921569,-0.4274509803921569,-0.4274509803921569,-0.4274509803921569,-0.4274509803921569,-0.4274509803921569,-0.4274509803921569,-0.4274509803921569,-0.4274509803921569,-0.4274509803921569,-0.4274509803921569,-0.4274509803921569,-0.4274509803921569,-0.4274509803921569,-0.4274509803921569,-0.4274509803921569,-0.4274509803921569,-0.4274509803921569,-0.4274509803921569,-0.4274509803921569,-0.4274509803921569,-0.4274509803921569,-0.4274509803921569,-0.4274509803921569,-0.4274509803921569,-0.4274509803921569,-0.4274509803921569,-0.4274509803921569,-0.4274509803921569,-0.4274509803921569,-0.4274509803921569,-0.4274509803921569,-0.4274509803921569,-0.4274509803921569,-0.4274509803921569,-0.4274509803921569,-0.4274509803921569,-0.4274509803921569,-0.4274509803921569,-0.4274509803921569,-0.4274509803921569,-0.4274509803921569,-0.4274509803921569,-0.4274509803921569,-0.4274509803921569,-0.4274509803921569,-0.4274509803921569,-0.4274509803921569,-0.4274509803921569,-0.4274509803921569,-0.4274509803921569,-0.4274509803921569,-0.4274509803921569,-0.4274509803921569,-0.4274509803921569,-0.4274509803921569,-0.4274509803921569,-0.4274509803921569,-0.4274509803921569,-0.4274509803921569,-0.4274509803921569,-0.4274509803921569,-0.4274509803921569,-0.4274509803921569,-0.4274509803921569,-0.4274509803921569,-0.4274509803921569,-0.4274509803921569,-0.4274509803921569,-0.4274509803921569,-0.4274509803921569,-0.4274509803921569,-0.4274509803921569,-0.4274509803921569,-0.4274509803921569,-0.4274509803921569,-0.4274509803921569,-0.4274509803921569,-0.4274509803921569,-0.4274509803921569,-0.4274509803921569,-0.4274509803921569,-0.4274509803921569,-0.4274509803921569,-0.4274509803921569,-0.4274509803921569,-0.4274509803921569,-0.4274509803921569,-0.4274509803921569,-0.4274509803921569,-0.4274509803921569,-0.4274509803921569,-0.4274509803921569
-0.3019607843137255,-0.2549019607843137,-0.5529411764705883,-0.5529411764705883,-0.207843137254902,-0.5294117647058824,-0.5529411764705883,-0.5529411764705883,-0.5764705882352941,-0.403921568627451,-0.2313725490196078,-0.2313725490196078,-0.19999999999999996,-0.35686274509803917,-0.35686274509803917,-0.35686274509803917,-0.35686274509803917,-0.35686274509803917,-0.35686274509803917,-0.35686274509803917,-0.35686274509803917,-0.35686274509803917,-0.35686274509803917,-0.35686274509803917,-0.35686274509803917,-0.35686274509803917,-0.35686274509803917,-0.35686274509803917,-0.35686274509803917,-0.35686274509803917,-0.35686274509803917,-0.35686274509803917,-0.35686274509803917,-0.35686274509803917,-0.35686274509803917,-0.35686274509803917,-0.35686274509803917,-0.35686274509803917,-0.35686274509803917,-0.35686274509803917,-0.35686274509803917,-0.35686274509803917,-0.35686274509803917,-0.35686274509803917,-0.35686274509803917,-0.35686274509803917,-0.35686274509803917,-0.35686274509803917,-0.35686274509803917,-0.35686274509803917,-0.35686274509803917,-0.35686274509803917,-0.35686274509803917,-0.35686274509803917,-0.35686274509803917,-0.35686274509803917,-0.35686274509803917,-0.35686274509803917,-0.35686274509803917,-0.35686274509803917,-0.35686274509803917,-0.35686274509803917,-0.35686274509803917,-0.35686274509803917,-0.35686274509803917,-0.35686274509803917,-0.35686274509803917,-0.35686274509803917,-0.35686274509803917,-0.35686274509803917,-0.35686274509803917,-0.35686274509803917,-0.35686274509803917,-0.35686274509803917,-0.35686274509803917,-0.35686274509803917,-0.35686274509803917,-0.35686274509803917,-0.35686274509803917,-0.35686274509803917,-0.35686274509803917,-0.35686274509803917,-0.35686274509803917,-0.35686274509803917,-0.35686274509803917,-0.35686274509803917,-0.35686274509803917,-0.35686274509803917,-0.35686274509803917,-0.35686274509803917,-0.35686274509803917,-0.35686274509803917,-0.35686274509803917,-0.35686274509803917,-0.35686274509803917,-0.35686274509803917,-0.35686274509803917,-0.35686274509803917,-0.35686274509803917,-0.35686274509803917,-0.35686274509803917,-0.35686274509803917,-0.35686274509803917,-0.35686274509803917,-0.35686274509803917,-0.35686274509803917,-0.35686274509803917,-0.35686274509803917,-0.35686274509803917,-0.35686274509803917,-0.35686274509803917,-0.35686274509803917,-0.35686274509803917,-0.35686274509803917,-0.35686274509803917,-0.35686274509803917,-0.35686274509803917,-0.35686274509803917,-0.35686274509803917,-0.35686274509803917,-0.35686274509803917,-0.35686274509803917,-0.35686274509803917,-0.35686274509803917,-0.35686274509803917
-0.607843137254902,-0.5529411764705883,-0.8509803921568627,-0.8509803921568627,-0.5058823529411764,-0.8274509803921568,-0.8509803921568627,-0.8509803921568627,-0.8823529411764706,-0.7019607843137254,-0.5294117647058824,-0.5294117647058824,-0.4980392156862745,-0.7647058823529411,-0.7647058823529411,-0.7647058823529411,-0.7647058823529411,-0.7647058823529411,-0.7647058823529411,-0.7647058823529411,-0.7647058823529411,-0.7647058823529411,-0.7647058823529411,-0.7647058823529411,-0.7647058823529411,-0.7647058823529411,-0.7647058823529411,-0.7647058823529411,-0.7647058823529411,-0.7647058823529411,-0.7647058823529411,-0.7647058823529411,-0.7647058823529411,-0.7647058823529411,-0.7647058823529411,-0.7647058823529411,-0.7647058823529411,-0.7647058823529411,-0.7647058823529411,-0.7647058823529411,-0.7647058823529411,-0.7647058823529411,-0.7647058823529411,-0.7647058823529411,-0.7647058823529411,-0.7647058823529411,-0.7647058823529411,-0.7647058823529411,-0.7647058823529411,-0.7647058823529411,-0.7647058823529411,-0.7647058823529411,-0.7647058823529411,-0.7647058823529411,-0.7647058823529411,-0.7647058823529411,-0.7647058823529411,-0.7647058823529411,-0.7647058823529411,-0.7647058823529411,-0.7647058823529411,-0.7647058823529411,-0.7647058823529411,-0.7647058823529411,-0.7647058823529411,-0.7647058823529411,-0.7647058823529411,-0.7647058823529411,-0.7647058823529411,-0.7647058823529411,-0.7647058823529411,-0.7647058823529411,-0.7647058823529411,-0.7647058823529411,-0.7647058823529411,-0.7647058823529411,-0.7647058823529411,-0.7647058823529411,-0.7647058823529411,-0.7647058823529411,-0.7647058823529411,-0.7647058823529411,-0.7647058823529411,-0.7647058823529411,-0.7647058823529411,-0.7647058823529411,-0.7647058823529411,-0.7647058823529411,-0.7647058823529411,-0.7647058823529411,-0.7647058823529411,-0.7647058823529411,-0.7647058823529411,-0.7647058823529411,-0.7647058823529411,-0.7647058823529411,-0.7647058823529411,-0.7647058823529411,-0.7647058823529411,-0.7647058823529411,-0.7647058823529411,-0.7647058823529411,-0.7647058823529411,-0.7647058823529411,-0.7647058823529411,-0.7647058823529411,-0.7647058823529411,-0.7647058823529411,-0.7647058823529411,-0.7647058823529411,-0.7647058823529411,-0.7647058823529411,-0.7647058823529411,-0.7647058823529411,-0.7647058823529411,-0.7647058823529411,-0.7647058823529411,-0.7647058823529411,-0.7647058823529411,-0.7647058823529411,-0.7647058823529411,-0.7647058823529411,-0.7647058823529411,-0.7647058823529411,-0.7647058823529411
-0.607843137254902,-0.5529411764705883,-0.8509803921568627,-0.8509803921568627,-0.5058823529411764,-0.8274509803921568,-0.8509803921568627,-0.8509803921568627,-0.8823529411764706,-0.7019607843137254,-0.5294117647058824,-0.5294117647058824,-0.4980392156862745,-0.7647058823529411,-0.7647058823529411,-0.7647058823529411,-0.7647058823529411,-0.7647058823529411,-0.7647058823529411,-0.7647058823529411,-0.7647058823529411,-0.7647058823529411,-0.7647058823529411,-0.7647058823529411,-0.7647058823529411,-0.7647058823529411,-0.7647058823529411,-0.7647058823529411,-0.7647058823529411,-0.7647058823529411,-0.7647058823529411,-0.7647058823529411,-0.7647058823529411,-0.7647058823529411,-0.7647058823529411,-0.7647058823529411,-0.7647058823529411,-0.7647058823529411,-0.7647058823529411,-0.7647058823529411,-0.7647058823529411,-0.7647058823529411,-0.7647058823529411,-0.7647058823529411,-0.7647058823529411,-0.7647058823529411,-0.7647058823529411,-0.7647058823529411,-0.7647058823529411,-0.7647058823529411,-0.7647058823529411,-0.7647058823529411,-0.7647058823529411,-0.7647058823529411,-0.7647058823529411,-0.7647058823529411,-0.7647058823529411,-0.7647058823529411,-0.7647058823529411,-0.7647058823529411,-0.7647058823529411,-0.7647058823529411,-0.7647058823529411,-0.7647058823529411,-0.7647058823529411,-0.7647058823529411,-0.7647058823529411,-0.7647058823529411,-0.7647058823529411,-0.7647058823529411,-0.7647058823529411,-0.7647058823529411,-0.7647058823529411,-0.7647058823529411,-0.7647058823529411,-0.7647058823529411,-0.7647058823529411,-0.7647058823529411,-0.7647058823529411,-0.7647058823529411,-0.7647058823529411,-0.7647058823529411,-0.7647058823529411,-0.7647058823529411,-0.7647058823529411,-0.7647058823529411,-0.7647058823529411,-0.7647058823529411,-0.7647058823529411,-0.7647058823529411,-0.7647058823529411,-0.7647058823529411,-0.7647058823529411,-0.7647058823529411,-0.7647058823529411,-0.7647058823529411,-0.7647058823529411,-0.7647058823529411,-0.7647058823529411,-0.7647058823529411,-0.7647058823529411,-0.7647058823529411,-0.7647058823529411,-0.7647058823529411,-0.7647058823529411,-0.7647058823529411,-0.7647058823529411,-0.7647058823529411,-0.7647058823529411,-0.7647058823529411,-0.7647058823529411,-0.7647058823529411,-0.7647058823529411,-0.7647058823529411,-0.7647058823529411,-0.7647058823529411,-0.7647058823529411,-0.7647058823529411,-0.7647058823529411,-0.7647058823529411,-0.7647058823529411,-0.7647058823529411,-0.7647058823529411,-0.7647058823529411,-0.7647058823529411
-0.2549019607843137,-0.207843137254902,-0.5058823529411764,-0.5058823529411764,-0.15294117647058825,-0.48235294117647054,-0.5058823529411764,-0.5058823529411764,-0.5294117647058824,-0.35686274509803917,-0.17647058823529416,-0.17647058823529416,-0.14509803921568631,-0.28627450980392155,-0.28627450980392155,-0.28627450980392155,-0.28627450980392155,-0.28627450980392155,-0.28627450980392155,-0.28627450980392155,-0.28627450980392155,-0.28627450980392155,-0.28627450980392155,-0.28627450980392155,-0.28627450980392155,-0.28627450980392155,-0.28627450980392155,-0.28627450980392155,-0.28627450980392155,-0.28627450980392155,-0.28627450980392155,-0.28627450980392155,-0.28627450980392155,-0.28627450980392155,-0.28627450980392155,-0.28627450980392155,-0.28627450980392155,-0.28627450980392155,-0.28627450980392155,-0.28627450980392155,-0.28627450980392155,-0.28627450980392155,-0.28627450980392155,-0.28627450980392155,-0.28627450980392155,-0.28627450980392155,-0.28627450980392155,-0.28627450980392155,-0.28627450980392155,-0.28627450980392155,-0.28627450980392155,-0.28627450980392155,-0.28627450980392155,-0.28627450980392155,-0.28627450980392155,-0.28627450980392155,-0.28627450980392155,-0.28627450980392155,-0.28627450980392155,-0.28627450980392155,-0.28627450980392155,-0.28627450980392155,-0.28627450980392155,-0.28627450980392155,-0.28627450980392155,-0.28627450980392155,-0.28627450980392155,-0.28627450980392155,-0.28627450980392155,-0.28627450980392155,-0.28627450980392155,-0.28627450980392155,-0.28627450980392155,-0.28627450980392155,-0.28627450980392155,-0.28627450980392155,-0.28627450980392155,-0.28627450980392155,-0.28627450980392155,-0.28627450980392155,-0.28627450980392155,-0.28627450980392155,-0.28627450980392155,-0.28627450980392155,-0.28627450980392155,-0.28627450980392155,-0.28627450980392155,-0.28627450980392155,-0.28627450980392155,-0.28627450980392155,-0.28627450980392155,-0.28627450980392155,-0.28627450980392155,-0.28627450980392155,-0.28627450980392155,-0.28627450980392155,-0.28627450980392155,-0.28627450980392155,-0.28627450980392155,-0.28627450980392155,-0.28627450980392155,-0.28627450980392155,-0.28627450980392155,-0.28627450980392155,-0.28627450980392155,-0.28627450980392155,-0.28627450980392155,-0.28627450980392155,-0.28627450980392155,-0.28627450980392155,-0.28627450980392155,-0.28627450980392155,-0.28627450980392155,-0.28627450980392155,-0.28627450980392155,-0.28627450980392155,-0.28627450980392155,-0.28627450980392155,-0.28627450980392155,-0.28627450980392155,-0.28627450980392155,-0.28627450980392155,-0.28627450980392155,-0.28627450980392155,-0.28627450980392155
-0.5764705882352941,-0.5294117647058824,-0.8274509803921568,-0.8274509803921568,-0.48235294117647054,-0.803921568627451,-0.8274509803921568,-0.8274509803921568,-0.8509803921568627,-0.6784313725490196,-0.5058823529411764,-0.5058823529411764,-0.4745098039215686,-0.7333333333333334,-0.7333333333333334,-0.7333333333333334,-0.7333333333333334,-0.7333333333333334,-0.7333333333333334,-0.7333333333333334,-0.7333333333333334,-0.7333333333333334,-0.7333333333333334,-0.7333333333333334,-0.7333333333333334,-0.7333333333333334,-0.7333333333333334,-0.7333333333333334,-0.7333333333333334,-0.7333333333333334,-0.7333333333333334,-0.7333333333333334,-0.7333333333333334,-0.7333333333333334,-0.7333333333333334,-0.7333333333333334,-0.7333333333333334,-0.7333333333333334,-0.7333333333333334,-0.7333333333333334,-0.7333333333333334,-0.7333333333333334,-0.7333333333333334,-0.7333333333333334,-0.7333333333333334,-0.7333333333333334,-0.7333333333333334,-0.7333333333333334,-0.7333333333333334,-0.7333333333333334,-0.7333333333333334,-0.7333333333333334,-0.7333333333333334,-0.7333333333333334,-0.7333333333333334,-0.7333333333333334,-0.7333333333333334,-0.7333333333333334,-0.7333333333333334,-0.7333333333333334,-0.7333333333333334,-0.7333333333333334,-0.7333333333333334,-0.7333333333333334,-0.7333333333333334,-0.7333333333333334,-0.7333333333333334,-0.7333333333333334,-0.7333333333333334,-0.7333333333333334,-0.7333333333333334,-0.7333333333333334,-0.7333333333333334,-0.7333333333333334,-0.7333333333333334,-0.7333333333333334,-0.7333333333333334,-0.7333333333333334,-0.7333333333333334,-0.7333333333333334,-0.7333333333333334,-0.7333333333333334,-0.7333333333333334,-0.7333333333333334,-0.7333333333333334,-0.7333333333333334,-0.7333333333333334,-0.7333333333333334,-0.7333333333333334,-0.7333333333333334,-0.7333333333333334,-0.7333333333333334,-0.7333333333333334,-0.7333333333333334,-0.7333333333333334,-0.7333333333333334,-0.7333333333333334,-0.7333333333333334,-0.7333333333333334,-0.7333333333333334,-0.7333333333333334,-0.7333333333333334,-0.7333333333333334,-0.7333333333333334,-0.7333333333333334,-0.7333333333333334,-0.7333333333333334,-0.7333333333333334,-0.7333333333333334,-0.7333333333333334,-0.7333333333333334,-0.7333333333333334,-0.7333333333333334,-0.7333333333333334,-0.7333333333333334,-0.7333333333333334,-0.7333333333333334,-0.7333333333333334,-0.7333333333333334,-0.7333333333333334,-0.7333333333333334,-0.7333333333333334,-0.7333333333333334,-0.7333333333333334,-0.7333333333333334
-0.607843137254902,-0.5529411764705883,-0.8509803921568627,-0.8509803921568627,-0.5058823529411764,-0.8274509803921568,-0.8509803921568627,-0.8509803921568627,-0.8823529411764706,-0.7019607843137254,-0.5294117647058824,-0.5294117647058824,-0.4980392156862745,-0.7647058823529411,-0.7647058823529411,-0.7647058823529411,-0.7647058823529411,-0.7647058823529411,-0.7647058823529411,-0.7647058823529411,-0.7647058823529411,-0.7647058823529411,-0.7647058823529411,-0.7647058823529411,-0.7647058823529411,-0.7647058823529411,-0.7647058823529411,-0.7647058823529411,-0.7647058823529411,-0.7647058823529411,-0.7647058823529411,-0.7647058823529411,-0.7647058823529411,-0.7647058823529411,-0.7647058823529411,-0.7647058823529411,-0.7647058823529411,-0.7647058823529411,-0.7647058823529411,-0.7647058823529411,-0.7647058823529411,-0.7647058823529411,-0.7647058823529411,-0.7647058823529411,-0.7647058823529411,-0.7647058823529411,-0.7647058823529411,-0.7647058823529411,-0.7647058823529411,-0.7647058823529411,-0.7647058823529411,-0.7647058823529411,-0.7647058823529411,-0.7647058823529411,-0.7647058823529411,-0.7647058823529411,-0.7647058823529411,-0.7647058823529411,-0.7647058823529411,-0.7647058823529411,-0.7647058823529411,-0.7647058823529411,-0.7647058823529411,-0.7647058823529411,-0.7647058823529411,-0.7647058823529411,-0.7647058823529411,-0.7647058823529411,-0.7647058823529411,-0.7647058823529411,-0.7647058823529411,-0.7647058823529411,-0.7647058823529411,-0.7647058823529411,-0.7647058823529411,-0.7647058823529411,-0.7647058823529411,-0.7647058823529411,-0.7647058823529411,-0.7647058823529411,-0.7647058823529411,-0.7647058823529411,-0.7647058823529411,-0.7647058823529411,-0.7647058823529411,-0.7647058823529411,-0.7647058823529411,-0.7647058823529411,-0.7647058823529411,-0.7647058823529411,-0.7647058823529411,-0.7647058823529411,-0.7647058823529411,-0.7647058823529411,-0.7647058823529411,-0.7647058823529411,-0.7647058823529411,-0.7647058823529411,-0.7647058823529411,-0.7647058823529411,-0.7647058823529411,-0.7647058823529411,-0.7647058823529411,-0.7647058823529411,-0.7647058823529411,-0.7647058823529411,-0.7647058823529411,-0.7647058823529411,-0.7647058823529411,-0.7647058823529411,-0.7647058823529411,-0.7647058823529411,-0.7647058823529411,-0.7647058823529411,-0.7647058823529411,-0.7647058823529411,-0.7647058823529411,-0.7647058823529411,-0.7647058823529411,-0.7647058823529411,-0.7647058823529411,-0.7647058823529411,-0.7647058823529411,-0.7647058823529411,-0.7647058823529411
-0.607843137254902,-0.5529411764705883,-0.8509803921568627,-0.8509803921568627,-0.5058823529411764,-0.8274509803921568,-0.8509803921568627,-0.8509803921568627,-0.8823529411764706,-0.7019607843137254,-0.5294117647058824,-0.5294117647058824,-0.4980392156862745,-0.7647058823529411,-0.7647058823529411,-0.7647058823529411,-0.7647058823529411,-0.7647058823529411,-0.7647058823529411,-0.7647058823529411,-0.7647058823529411,-0.7647058823529411,-0.7647058823529411,-0.7647058823529411,-0.7647058823529411,-0.7647058823529411,-0.7647058823529411,-0.7647058823529411,-0.7647058823529411,-0.7647058823529411,-0.7647058823529411,-0.7647058823529411,-0.7647058823529411,-0.7647058823529411,-0.7647058823529411,-0.7647058823529411,-0.7647058823529411,-0.7647058823529411,-0.7647058823529411,-0.7647058823529411,-0.7647058823529411,-0.7647058823529411,-0.7647058823529411,-0.7647058823529411,-0.7647058823529411,-0.7647058823529411,-0.7647058823529411,-0.7647058823529411,-0.7647058823529411,-0.7647058823529411,-0.7647058823529411,-0.7647058823529411,-0.7647058823529411,-0.7647058823529411,-0.7647058823529411,-0.7647058823529411,-0.7647058823529411,-0.7647058823529411,-0.7647058823529411,-0.7647058823529411,-0.7647058823529411,-0.7647058823529411,-0.7647058823529411,-0.7647058823529411,-0.7647058823529411,-0.7647058823529411,-0.7647058823529411,-0.7647058823529411,-0.7647058823529411,-0.7647058823529411,-0.7647058823529411,-0.7647058823529411,-0.7647058823529411,-0.7647058823529411,-0.7647058823529411,-0.7647058823529411,-0.7647058823529411,-0.7647058823529411,-0.7647058823529411,-0.7647058823529411,-0.7647058823529411,-0.7647058823529411,-0.7647058823529411,-0.7647058823529411,-0.7647058823529411,-0.7647058823529411,-0.7647058823529411,-0.7647058823529411,-0.7647058823529411,-0.7647058823529411,-0.7647058823529411,-0.7647058823529411,-0.7647058823529411,-0.7647058823529411,-0.7647058823529411,-0.7647058823529411,-0.7647058823529411,-0.7647058823529411,-0.7647058823529411,-0.7647058823529411,-0.7647058823529411,-0.7647058823529411,-0.7647058823529411,-0.7647058823529411,-0.7647058823529411,-0.7647058823529411,-0.7647058823529411,-0.7647058823529411,-0.7647058823529411,-0.7647058823529411,-0.7647058823529411,-0.7647058823529411,-0.7647058823529411,-0.7647058823529411,-0.7647058823529411,-0.7647058823529411,-0.7647058823529411,-0.7647058823529411,-0.7647058823529411,-0.7647058823529411,-0.7647058823529411,-0.7647058823529411,-0.7647058823529411,-0.7647058823529411,-0.7647058823529411
-0.6313725490196078,-0.5764705882352941,-0.8823529411764706,-0.8823529411764706,-0.5294117647058824,-0.8509803921568627,-0.8823529411764706,-0.8823529411764706,-0.9058823529411765,-0.7254901960784313,-0.5529411764705883,-0.5529411764705883,-0.5215686274509803,-0.803921568627451,-0.803921568627451,-0.803921568627451,-0.803921568627451,-0.803921568627451,-0.803921568627451,-0.803921568627451,-0.803921568627451,-0.803921568627451,-0.803921568627451,-0.803921568627451,-0.803921568627451,-0.803921568627451,-0.803921568627451,-0.803921568627451,-0.803921568627451,-0.803921568627451,-0.803921568627451,-0.803921568627451,-0.803921568627451,-0.803921568627451,-0.803921568627451,-0.803921568627451,-0.803921568627451,-0.803921568627451,-0.803921568627451,-0.803921568627451,-0.803921568627451,-0.803921568627451,-0.803921568627451,-0.803921568627451,-0.803921568627451,-0.803921568627451,-0.803921568627451,-0.803921568627451,-0.803921568627451,-0.803921568627451,-0.803921568627451,-0.803921568627451,-0.803921568627451,-0.803921568627451,-0.803921568627451,-0.803921568627451,-0.803921568627451,-0.803921568627451,-0.803921568627451,-0.803921568627451,-0.803921568627451,-0.803921568627451,-0.803921568627451,-0.803921568627451,-0.803921568627451,-0.803921568627451,-0.803921568627451,-0.803921568627451,-0.803921568627451,-0.803921568627451,-0.803921568627451,-0.803921568627451,-0.803921568627451,-0.803921568627451,-0.803921568627451,-0.803921568627451,-0.803921568627451,-0.803921568627451,-0.803921568627451,-0.803921568627451,-0.803921568627451,-0.803921568627451,-0.803921568627451,-0.803921568627451,-0.803921568627451,-0.803921568627451,-0.803921568627451,-0.803921568627451,-0.803921568627451,-0.803921568627451,-0.803921568627451,-0.803921568627451,-0.803921568627451,-0.803921568627451,-0.803921568627451,-0.803921568627451,-0.803921568627451,-0.803921568627451,-0.803921568627451,-0.803921568627451,-0.803921568627451,-0.803921568627451,-0.803921568627451,-0.803921568627451,-0.803921568627451,-0.803921568627451,-0.803921568627451,-0.803921568627451,-0.803921568627451,-0.803921568627451,-0.803921568627451,-0.803921568627451,-0.803921568627451,-0.803921568627451,-0.803921568627451,-0.803921568627451,-0.803921568627451,-0.803921568627451,-0.803921568627451,-0.803921568627451,-0.803921568627451,-0.803921568627451,-0.803921568627451,-0.803921568627451,-0.803921568627451
-0.4509803921568627,-0.403921568627451,-0.7019607843137254,-0.7019607843137254,-0.35686274509803917,-0.6784313725490196,-0.7019607843137254,-0.7019607843137254,-0.7254901960784313,-0.5529411764705883,-0.3803921568627451,-0.3803921568627451,-0.34901960784313724,-0.5607843137254902,-0.5607843137254902,-0.5607843137254902,-0.5607843137254902,-0.5607843137254902,-0.5607843137254902,-0.5607843137254902,-0.5607843137254902,-0.5607843137254902,-0.5607843137254902,-0.5607843137254902,-0.5607843137254902,-0.5607843137254902,-0.5607843137254902,-0.5607843137254902,-0.5607843137254902,-0.5607843137254902,-0.5607843137254902,-0.5607843137254902,-0.5607843137254902,-0.5607843137254902,-0.5607843137254902,-0.5607843137254902,-0.5607843137254902,-0.5607843137254902,-0.5607843137254902,-0.5607843137254902,-0.5607843137254902,-0.5607843137254902,-0.5607843137254902,-0.5607843137254902,-0.5607843137254902,-0.5607843137254902,-0.5607843137254902,-0.5607843137254902,-0.5607843137254902,-0.5607843137254902,-0.5607843137254902,-0.5607843137254902,-0.5607843137254902,-0.5607843137254902,-0.5607843137254902,-0.5607843137254902,-0.5607843137254902,-0.5607843137254902,-0.5607843137254902,-0.5607843137254902,-0.5607843137254902,-0.5607843137254902,-0.5607843137254902,-0.5607843137254902,-0.5607843137254902,-0.5607843137254902,-0.5607843137254902,-0.5607843137254902,-0.5607843137254902,-0.5607843137254902,-0.5607843137254902,-0.5607843137254902,-0.5607843137254902,-0.5607843137254902,-0.5607843137254902,-0.5607843137254902,-0.5607843137254902,-0.5607843137254902,-0.5607843137254902,-0.5607843137254902,-0.5607843137254902,-0.5607843137254902,-0.5607843137254902,-0.5607843137254902,-0.5607843137254902,-0.5607843137254902,-0.5607843137254902,-0.5607843137254902,-0.5607843137254902,-0.5607843137254902,-0.5607843137254902,-0.5607843137254902,-0.5607843137254902,-0.5607843137254902,-0.5607843137254902,-0.5607843137254902,-0.5607843137254902,-0.5607843137254902,-0.5607843137254902,-0.5607843137254902,-0.5607843137254902,-0.5607843137254902,-0.5607843137254902,-0.5607843137254902,-0.5607843137254902,-0.5607843137254902,-0.5607843137254902,-0.5607843137254902,-0.5607843137254902,-0.5607843137254902,-0.5607843137254902,-0.5607843137254902,-0.5607843137254902,-0.5607843137254902,-0.5607843137254902,-0.5607843137254902,-0.5607843137254902,-0.5607843137254902,-0.5607843137254902,-0.5607843137254902,-0.5607843137254902,-0.5607843137254902,-0.5607843137254902,-0.5607843137254902,-0.5607843137254902
-0.2784313725490196,-0.2313725490196078,-0.5294117647058824,-0.5294117647058824,-0.17647058823529416,-0.5058823529411764,-0.5294117647058824,-0.5294117647058824,-0.5529411764705883,-0.3803921568627451,-0.207843137254902,-0.207843137254902,-0.1686274509803921,-0.3254901960784313,-0.3254901960784313,-0.3254901960784313,-0.3254901960784313,-0.3254901960784313,-0.3254901960784313,-0.3254901960784313,-0.3254901960784313,-0.3254901960784313,-0.3254901960784313,-0.3254901960784313,-0.3254901960784313,-0.3254901960784313,-0.3254901960784313,-0.3254901960784313,-0.3254901960784313,-0.3254901960784313,-0.3254901960784313,-0.3254901960784313,-0.3254901960784313,-0.3254901960784313,-0.3254901960784313,-0.3254901960784313,-0.3254901960784313,-0.3254901960784313,-0.3254901960784313,-0.3254901960784313,-0.3254901960784313,-0.3254901960784313,-0.3254901960784313,-0.3254901960784313,-0.3254901960784313,-0.3254901960784313,-0.3254901960784313,-0.3254901960784313,-0.3254901960784313,-0.3254901960784313,-0.3254901960784313,-0.3254901960784313,-0.3254901960784313,-0.3254901960784313,-0.3254901960784313,-0.3254901960784313,-0.3254901960784313,-0.3254901960784313,-0.3254901960784313,-0.3254901960784313,-0.3254901960784313,-0.3254901960784313,-0.3254901960784313,-0.3254901960784313,-0.3254901960784313,-0.3254901960784313,-0.3254901960784313,-0.3254901960784313,-0.3254901960784313,-0.3254901960784313,-0.3254901960784313,-0.3254901960784313,-0.3254901960784313,-0.3254901960784313,-0.3254901960784313,-0.3254901960784313,-0.3254901960784313,-0.3254901960784313,-0.3254901960784313,-0.3254901960784313,-0.3254901960784313,-0.3254901960784313,-0.3254901960784313,-0.3254901960784313,-0.3254901960784313,-0.3254901960784313,-0.3254901960784313,-0.3254901960784313,-0.3254901960784313,-0.3254901960784313,-0.3254901960784313,-0.3254901960784313,-0.3254901960784313,-0.3254901960784313,-0.3254901960784313,-0.3254901960784313,-0.3254901960784313,-0.3254901960784313,-0.3254901960784313,-0.3254901960784313,-0.3254901960784313,-0.3254901960784313,-0.3254901960784313,-0.3254901960784313,-0.3254901960784313,-0.3254901960784313,-0.3254901960784313,-0.3254901960784313,-0.3254901960784313,-0.3254901960784313,-0.3254901960784313,-0.3254901960784313,-0.3254901960784313,-0.3254901960784313,-0.3254901960784313,-0.3254901960784313,-0.3254901960784313,-0.3254901960784313,-0.3254901960784313,-0.3254901960784313,-0.3254901960784313,-0.3254901960784313,-0.3254901960784313,-0.3254901960784313,-0.3254901960784313
-0.2784313725490196,-0.2313725490196078,-0.5294117647058824,-0.5294117647058824,-0.17647058823529416,-0.5058823529411764,-0.5294117647058824,-0.5294117647058824,-0.5529411764705883,-0.3803921568627451,-0.207843137254902,-0.207843137254902,-0.1686274509803921,-0.3254901960784313,-0.3254901960784313,-0.3254901960784313,-0.3254901960784313,-0.3254901960784313,-0.3254901960784313,-0.3254901960784313,-0.3254901960784313,-0.3254901960784313,-0.3254901960784313,-0.3254901960784313,-0.3254901960784313,-0.3254901960784313,-0.3254901960784313,-0.3254901960784313,-0.3254901960784313,-0.3254901960784313,-0.3254901960784313,-0.3254901960784313,-0.3254901960784313,-0.3254901960784313,-0.3254901960784313,-0.3254901960784313,-0.3254901960784313,-0.3254901960784313,-0.3254901960784313,-0.3254901960784313,-0.3254901960784313,-0.3254901960784313,-0.3254901960784313,-0.3254901960784313,-0.3254901960784313,-0.3254901960784313,-0.3254901960784313,-0.3254901960784313,-0.3254901960784313,-0.3254901960784313,-0.3254901960784313,-0.3254901960784313,-0.3254901960784313,-0.3254901960784313,-0.3254901960784313,-0.3254901960784313,-0.3254901960784313,-0.3254901960784313,-0.3254901960784313,-0.3254901960784313,-0.3254901960784313,-0.3254901960784313,-0.3254901960784313,-0.3254901960784313,-0.3254901960784313,-0.3254901960784313,-0.3254901960784313,-0.3254901960784313,-0.3254901960784313,-0.3254901960784313,-0.3254901960784313,-0.3254901960784313,-0.3254901960784313,-0.3254901960784313,-0.3254901960784313,-0.3254901960784313,-0.3254901960784313,-0.3254901960784313,-0.3254901960784313,-0.3254901960784313,-0.3254901960784313,-0.3254901960784313,-0.3254901960784313,-0.3254901960784313,-0.3254901960784313,-0.3254901960784313,-0.3254901960784313,-0.3254901960784313,-0.3254901960784313,-0.3254901960784313,-0.3254901960784313,-0.3254901960784313,-0.3254901960784313,-0.3254901960784313,-0.3254901960784313,-0.3254901960784313,-0.3254901960784313,-0.3254901960784313,-0.3254901960784313,-0.3254901960784313,-0.3254901960784313,-0.3254901960784313,-0.3254901960784313,-0.3254901960784313,-0.3254901960784313,-0.3254901960784313,-0.3254901960784313,-0.3254901960784313,-0.3254901960784313,-0.3254901960784313,-0.3254901960784313,-0.3254901960784313,-0.3254901960784313,-0.3254901960784313,-0.3254901960784313,-0.3254901960784313,-0.3254901960784313,-0.3254901960784313,-0.3254901960784313,-0.3254901960784313,-0.3254901960784313,-0.3254901960784313,-0.3254901960784313,-0.3254901960784313,-0.3254901960784313
-0.24705882352941178,-0.19999999999999996,-0.4980392156862745,-0.4980392156862745,-0.14509803921568631,-0.4745098039215686,-0.4980392156862745,-0.4980392156862745,-0.5215686274509803,-0.34901960784313724,-0.1686274509803921,-0.1686274509803921,-0.13725490196078427,-0.2784313725490196,-0.2784313725490196,-0.2784313725490196,-0.2784313725490196,-0.2784313725490196,-0.2784313725490196,-0.2784313725490196,-0.2784313725490196,-0.2784313725490196,-0.2784313725490196,-0.2784313725490196,-0.2784313725490196,-0.2784313725490196,-0.2784313725490196,-0.2784313725490196,-0.2784313725490196,-0.2784313725490196,-0.2784313725490196,-0.2784313725490196,-0.2784313725490196,-0.2784313725490196,-0.2784313725490196,-0.2784313725490196,-0.2784313725490196,-0.2784313725490196,-0.2784313725490196,-0.2784313725490196,-0.2784313725490196,-0.2784313725490196,-0.2784313725490196,-0.2784313725490196,-0.2784313725490196,-0.2784313725490196,-0.2784313725490196,-0.2784313725490196,-0.2784313725490196,-0.2784313725490196,-0.2784313725490196,-0.2784313725490196,-0.2784313725490196,-0.2784313725490196,-0.2784313725490196,-0.2784313725490196,-0.2784313725490196,-0.2784313725490196,-0.2784313725490196,-0.2784313725490196,-0.2784313725490196,-0.2784313725490196,-0.2784313725490196,-0.2784313725490196,-0.2784313725490196,-0.2784313725490196,-0.2784313725490196,-0.2784313725490196,-0.2784313725490196,-0.2784313725490196,-0.2784313725490196,-0.2784313725490196,-0.2784313725490196,-0.2784313725490196,-0.2784313725490196,-0.2784313725490196,-0.2784313725490196,-0.2784313725490196,-0.2784313725490196,-0.2784313725490196,-0.2784313725490196,-0.2784313725490196,-0.2784313725490196,-0.2784313725490196,-0.2784313725490196,-0.2784313725490196,-0.2784313725490196,-0.2784313725490196,-0.2784313725490196,-0.2784313725490196,-0.2784313725490196,-0.2784313725490196,-0.2784313725490196,-0.2784313725490196,-0.2784313725490196,-0.2784313725490196,-0.2784313725490196,-0.2784313725490196,-0.2784313725490196,-0.2784313725490196,-0.2784313725490196,-0.2784313725490196,-0.2784313725490196,-0.2784313725490196,-0.2784313725490196,-0.2784313725490196,-0.2784313725490196,-0.2784313725490196,-0.2784313725490196,-0.2784313725490196,-0.2784313725490196,-0.2784313725490196,-0.2784313725490196,-0.2784313725490196,-0.2784313725490196,-0.2784313725490196,-0.2784313725490196,-0.2784313725490196,-0.2784313725490196,-0.2784313725490196,-0.2784313725490196,-0.2784313725490196,-0.2784313725490196,-0.2784313725490196,-0.2784313725490196
-0.4274509803921569,-0.35686274509803917,-0.7647058823529411,-0.7647058823529411,-0.28627450980392155,-0.7333333333333334,-0.7647058823529411,-0.7647058823529411,-0.803921568627451,-0.5607843137254902,-0.3254901960784313,-0.3254901960784313,-0.2784313725490196,-0.5058823529411764,-0.5058823529411764,-0.5058823529411764,-0.5058823529411764,-0.5058823529411764,-0.5058823529411764,-0.5058823529411764,-0.5058823529411764,-0.5058823529411764,-0.5058823529411764,-0.5058823529411764,-0.5058823529411764,-0.5058823529411764,-0.5058823529411764,-0.5058823529411764,-0.5058823529411764,-0.5058823529411764,-0.5058823529411764,-0.5058823529411764,-0.5058823529411764,-0.5058823529411764,-0.5058823529411764,-0.5058823529411764,-0.5058823529411764,-0.5058823529411764,-0.5058823529411764,-0.5058823529411764,-0.5058823529411764,-0.5058823529411764,-0.5058823529411764,-0.5058823529411764,-0.5058823529411764,-0.5058823529411764,-0.5058823529411764,-0.5058823529411764,-0.5058823529411764,-0.5058823529411764,-0.5058823529411764,-0.5058823529411764,-0.5058823529411764,-0.5058823529411764,-0.5058823529411764,-0.5058823529411764,-0.5058823529411764,-0.5058823529411764,-0.5058823529411764,-0.5058823529411764,-0.5058823529411764,-0.5058823529411764,-0.5058823529411764,-0.5058823529411764,-0.5058823529411764,-0.5058823529411764,-0.5058823529411764,-0.5058823529411764,-0.5058823529411764,-0.5058823529411764,-0.5058823529411764,-0.5058823529411764,-0.5058823529411764,-0.5058823529411764,-0.5058823529411764,-0.5058823529411764,-0.5058823529411764,-0.5058823529411764,-0.5058823529411764,-0.5058823529411764,-0.5058823529411764,-0.5058823529411764,-0.5058823529411764,-0.5058823529411764,-0.5058823529411764,-0.5058823529411764,-0.5058823529411764,-0.5058823529411764,-0.5058823529411764,-0.5058823529411764,-0.5058823529411764,-0.5058823529411764,-0.5058823529411764,-0.5058823529411764,-0.5058823529411764,-0.5058823529411764,-0.5058823529411764,-0.5058823529411764,-0.5058823529411764,-0.5058823529411764,-0.5058823529411764,-0.5058823529411764,-0.5058823529411764,-0.5058823529411764,-0.5058823529411764,-0.5058823529411764,-0.5058823529411764,-0.5058823529411764,-0.5058823529411764,-0.5058823529411764,-0.5058823529411764,-0.5058823529411764,-0.5058823529411764,-0.5058823529411764,-0.5058823529411764,-0.5058823529411764,-0.5058823529411764,-0.5058823529411764,-0.5058823529411764,-0.5058823529411764,-0.5058823529411764,-0.5058823529411764,-0.5058823529411764,-0.5058823529411764,-0.5058823529411764
-0.4274509803921569,-0.35686274509803917,-0.7647058823529411,-0.7647058823529411,-0.28627450980392155,-0.7333333333333334,-0.7647058823529411,-0.7647058823529411,-0.803921568627451,-0.5607843137254902,-0.3254901960784313,-0.3254901960784313,-0.2784313725490196,-0.5058823529411764,-0.5058823529411764,-0.5058823529411764,-0.5058823529411764,-0.5058823529411764,-0.5058823529411764,-0.5058823529411764,-0.5058823529411764,-0.5058823529411764,-0.5058823529411764,-0.5058823529411764,-0.5058823529411764,-0.5058823529411764,-0.5058823529411764,-0.5058823529411764,-0.5058823529411764,-0.5058823529411764,-0.5058823529411764,-0.5058823529411764,-0.5058823529411764,-0.5058823529411764,-0.5058823529411764,-0.5058823529411764,-0.5058823529411764,-0.5058823529411764,-0.5058823529411764,-0.5058823529411764,-0.5058823529411764,-0.5058823529411764,-0.5058823529411764,-0.5058823529411764,-0.5058823529411764,-0.5058823529411764,-0.5058823529411764,-0.5058823529411764,-0.5058823529411764,-0.5058823529411764,-0.5058823529411764,-0.5058823529411764,-0.5058823529411764,-0.5058823529411764,-0.5058823529411764,-0.5058823529411764,-0.5058823529411764,-0.5058823529411764,-0.5058823529411764,-0.5058823529411764,-0.5058823529411764,-0.5058823529411764,-0.5058823529411764,-0.5058823529411764,-0.5058823529411764,-0.5058823529411764,-0.5058823529411764,-0.5058823529411764,-0.5058823529411764,-0.5058823529411764,-0.5058823529411764,-0.5058823529411764,-0.5058823529411764,-0.5058823529411764,-0.5058823529411764,-0.5058823529411764,-0.5058823529411764,-0.5058823529411764,-0.5058823529411764,-0.5058823529411764,-0.5058823529411764,-0.5058823529411764,-0.5058823529411764,-0.5058823529411764,-0.5058823529411764,-0.5058823529411764,-0.5058823529411764,-0.5058823529411764,-0.5058823529411764,-0.5058823529411764,-0.5058823529411764,-0.5058823529411764,-0.5058823529411764,-0.5058823529411764,-0.5058823529411764,-0.5058823529411764,-0.5058823529411764,-0.5058823529411764,-0.5058823529411764,-0.5058823529411764,-0.5058823529411764,-0.5058823529411764,-0.5058823529411764,-0.5058823529411764,-0.5058823529411764,-0.5058823529411764,-0.5058823529411764,-0.5058823529411764,-0.5058823529411764,-0.5058823529411764,-0.5058823529411764,-0.5058823529411764,-0.5058823529411764,-0.5058823529411764,-0.5058823529411764,-0.5058823529411764,-0.5058823529411764,-0.5058823529411764,-0.5058823529411764,-0.5058823529411764,-0.5058823529411764,-0.5058823529411764,-0.5058823529411764,-0.5058823529411764,-0.5058823529411764
