0.04313725490196085,-0.207843137254902,-0.15294117647058825,-0.4274509803921569,-0.403921568627451,-0.17647058823529416,-0.403921568627451,-0.403921568627451,-0.403921568627451,-0.3254901960784313,-0.12941176470588234,-0.12941176470588234,0.04313725490196085,-0.4274509803921569,-0.403921568627451,-0.35686274509803917,-0.4274509803921569,-0.403921568627451,-0.3803921568627451,-0.4274509803921569,-0.3803921568627451,-0.2784313725490196,-0.403921568627451,-0.403921568627451,-0.403921568627451,-0.403921568627451,-0.403921568627451,-0.4274509803921569,-0.16078431372549018,-0.15294117647058825,-0.15294117647058825,-0.15294117647058825,-0.15294117647058825,-0.15294117647058825,-0.15294117647058825,-0.15294117647058825,-0.15294117647058825,-0.15294117647058825,-0.15294117647058825,-0.15294117647058825,-0.15294117647058825,-0.15294117647058825,-0.15294117647058825,-0.15294117647058825,-0.15294117647058825,-0.15294117647058825,-0.15294117647058825,-0.15294117647058825,-0.15294117647058825,-0.15294117647058825,-0.15294117647058825,-0.15294117647058825,-0.15294117647058825,-0.15294117647058825,-0.15294117647058825,-0.15294117647058825,-0.15294117647058825,-0.15294117647058825,-0.15294117647058825,-0.15294117647058825,-0.15294117647058825,-0.15294117647058825,-0.15294117647058825,-0.15294117647058825,-0.15294117647058825,-0.15294117647058825,-0.15294117647058825,-0.15294117647058825,-0.15294117647058825,-0.15294117647058825,-0.15294117647058825,-0.15294117647058825,-0.15294117647058825,-0.15294117647058825,-0.15294117647058825,-0.15294117647058825,-0.15294117647058825,-0.15294117647058825,-0.15294117647058825,-0.15294117647058825,-0.15294117647058825,-0.15294117647058825,-0.15294117647058825,-0.15294117647058825,-0.15294117647058825,-0.15294117647058825,-0.15294117647058825,-0.15294117647058825,-0.15294117647058825,-0.15294117647058825,-0.15294117647058825,-0.15294117647058825,-0.15294117647058825,-0.15294117647058825,-0.15294117647058825,-0.15294117647058825,-0.15294117647058825,-0.15294117647058825,-0.15294117647058825,-0.15294117647058825,-0.15294117647058825,-0.15294117647058825,-0.15294117647058825,-0.15294117647058825,-0.15294117647058825,-0.15294117647058825,-0.15294117647058825,-0.15294117647058825,-0.15294117647058825,-0.15294117647058825,-0.15294117647058825,-0.15294117647058825,-0.15294117647058825,-0.15294117647058825,-0.15294117647058825,-0.15294117647058825,-0.15294117647058825,-0.15294117647058825,-0.15294117647058825,-0.15294117647058825,-0.15294117647058825,-0.15294117647058825,-0.15294117647058825,-0.15294117647058825,-0.15294117647058825
-0.207843137254902,-0.4509803921568627,-0.403921568627451,-0.6784313725490196,-0.6549019607843137,-0.4274509803921569,-0.6549019607843137,-0.6549019607843137,-0.6549019607843137,-0.5764705882352941,-0.3803921568627451,-0.3803921568627451,-0.207843137254902,-0.6784313725490196,-0.6549019607843137,-0.607843137254902,-0.6784313725490196,-0.6549019607843137,-0.6313725490196078,-0.6784313725490196,-0.6313725490196078,-0.5294117647058824,-0.6549019607843137,-0.6549019607843137,-0.6549019607843137,-0.6549019607843137,-0.6549019607843137,-0.6784313725490196,-0.4745098039215686,-0.4980392156862745,-0.4980392156862745,-0.4980392156862745,-0.4980392156862745,-0.4980392156862745,-0.4980392156862745,-0.4980392156862745,-0.4980392156862745,-0.4980392156862745,-0.4980392156862745,-0.4980392156862745,-0.4980392156862745,-0.4980392156862745,-0.4980392156862745,-0.4980392156862745,-0.4980392156862745,-0.4980392156862745,-0.4980392156862745,-0.4980392156862745,-0.4980392156862745,-0.4980392156862745,-0.4980392156862745,-0.4980392156862745,-0.4980392156862745,-0.4980392156862745,-0.4980392156862745,-0.4980392156862745,-0.4980392156862745,-0.4980392156862745,-0.4980392156862745,-0.4980392156862745,-0.4980392156862745,-0.4980392156862745,-0.4980392156862745,-0.4980392156862745,-0.4980392156862745,-0.4980392156862745,-0.4980392156862745,-0.4980392156862745,-0.4980392156862745,-0.4980392156862745,-0.4980392156862745,-0.4980392156862745,-0.4980392156862745,-0.4980392156862745,-0.4980392156862745,-0.4980392156862745,-0.4980392156862745,-0.4980392156862745,-0.4980392156862745,-0.4980392156862745,-0.4980392156862745,-0.4980392156862745,-0.4980392156862745,-0.4980392156862745,-0.4980392156862745,-0.4980392156862745,-0.4980392156862745,-0.4980392156862745,-0.4980392156862745,-0.4980392156862745,-0.4980392156862745,-0.4980392156862745,-0.4980392156862745,-0.4980392156862745,-0.4980392156862745,-0.4980392156862745,-0.4980392156862745,-0.4980392156862745,-0.4980392156862745,-0.4980392156862745,-0.4980392156862745,-0.4980392156862745,-0.4980392156862745,-0.4980392156862745,-0.4980392156862745,-0.4980392156862745,-0.4980392156862745,-0.4980392156862745,-0.4980392156862745,-0.4980392156862745,-0.4980392156862745,-0.4980392156862745,-0.4980392156862745,-0.4980392156862745,-0.4980392156862745,-0.4980392156862745,-0.4980392156862745,-0.4980392156862745,-0.4980392156862745,-0.4980392156862745,-0.4980392156862745,-0.4980392156862745,-0.4980392156862745,-0.4980392156862745,-0.4980392156862745
-0.15294117647058825,-0.403921568627451,-0.35686274509803917,-0.6313725490196078,-0.607843137254902,-0.3803921568627451,-0.607843137254902,-0.607843137254902,-0.607843137254902,-0.5294117647058824,-0.3254901960784313,-0.3254901960784313,-0.15294117647058825,-0.6313725490196078,-0.607843137254902,-0.5529411764705883,-0.6313725490196078,-0.607843137254902,-0.5764705882352941,-0.6313725490196078,-0.5764705882352941,-0.48235294117647054,-0.607843137254902,-0.607843137254902,-0.607843137254902,-0.607843137254902,-0.607843137254902,-0.6313725490196078,-0.4117647058823529,-0.4274509803921569,-0.4274509803921569,-0.4274509803921569,-0.4274509803921569,-0.4274509803921569,-0.4274509803921569,-0.4274509803921569,-0.4274509803921569,-0.4274509803921569,-0.4274509803921569,-0.4274509803921569,-0.4274509803921569,-0.4274509803921569,-0.4274509803921569,-0.4274509803921569,-0.4274509803921569,-0.4274509803921569,-0.4274509803921569,-0.4274509803921569,-0.4274509803921569,-0.4274509803921569,-0.4274509803921569,-0.4274509803921569,-0.4274509803921569,-0.4274509803921569,-0.4274509803921569,-0.4274509803921569,-0.4274509803921569,-0.4274509803921569,-0.4274509803921569,-0.4274509803921569,-0.4274509803921569,-0.4274509803921569,-0.4274509803921569,-0.4274509803921569,-0.4274509803921569,-0.4274509803921569,-0.4274509803921569,-0.4274509803921569,-0.4274509803921569,-0.4274509803921569,-0.4274509803921569,-0.4274509803921569,-0.4274509803921569,-0.4274509803921569,-0.4274509803921569,-0.4274509803921569,-0.4274509803921569,-0.4274509803921569,-0.4274509803921569,-0.4274509803921569,-0.4274509803921569,-0.4274509803921569,-0.4274509803921569,-0.4274509803921569,-0.4274509803921569,-0.4274509803921569,-0.4274509803921569,-0.4274509803921569,-0.4274509803921569,-0.4274509803921569,-0.4274509803921569,-0.4274509803921569,-0.4274509803921569,-0.4274509803921569,-0.4274509803921569,-0.4274509803921569,-0.4274509803921569,-0.4274509803921569,-0.4274509803921569,-0.4274509803921569,-0.4274509803921569,-0.4274509803921569,-0.4274509803921569,-0.4274509803921569,-0.4274509803921569,-0.4274509803921569,-0.4274509803921569,-0.4274509803921569,-0.4274509803921569,-0.4274509803921569,-0.4274509803921569,-0.4274509803921569,-0.4274509803921569,-0.4274509803921569,-0.4274509803921569,-0.4274509803921569,-0.4274509803921569,-0.4274509803921569,-0.4274509803921569,-0.4274509803921569,-0.4274509803921569,-0.4274509803921569,-0.4274509803921569,-0.4274509803921569,-0.4274509803921569
-0.4274509803921569,-0.6784313725490196,-0.6313725490196078,-0.9058823529411765,-0.8823529411764706,-0.6549019607843137,-0.8823529411764706,-0.8823529411764706,-0.8823529411764706,-0.803921568627451,-0.607843137254902,-0.607843137254902,-0.4274509803921569,-0.9058823529411765,-0.8823529411764706,-0.8274509803921568,-0.9058823529411765,-0.8823529411764706,-0.8509803921568627,-0.9058823529411765,-0.8509803921568627,-0.7568627450980392,-0.8823529411764706,-0.8823529411764706,-0.8823529411764706,-0.8823529411764706,-0.8823529411764706,-0.9058823529411765,-0.7647058823529411,-0.803921568627451,-0.803921568627451,-0.803921568627451,-0.803921568627451,-0.803921568627451,-0.803921568627451,-0.803921568627451,-0.803921568627451,-0.803921568627451,-0.803921568627451,-0.803921568627451,-0.803921568627451,-0.803921568627451,-0.803921568627451,-0.803921568627451,-0.803921568627451,-0.803921568627451,-0.803921568627451,-0.803921568627451,-0.803921568627451,-0.803921568627451,-0.803921568627451,-0.803921568627451,-0.803921568627451,-0.803921568627451,-0.803921568627451,-0.803921568627451,-0.803921568627451,-0.803921568627451,-0.803921568627451,-0.803921568627451,-0.803921568627451,-0.803921568627451,-0.803921568627451,-0.803921568627451,-0.803921568627451,-0.803921568627451,-0.803921568627451,-0.803921568627451,-0.803921568627451,-0.803921568627451,-0.803921568627451,-0.803921568627451,-0.803921568627451,-0.803921568627451,-0.803921568627451,-0.803921568627451,-0.803921568627451,-0.803921568627451,-0.803921568627451,-0.803921568627451,-0.803921568627451,-0.803921568627451,-0.803921568627451,-0.803921568627451,-0.803921568627451,-0.803921568627451,-0.803921568627451,-0.803921568627451,-0.803921568627451,-0.803921568627451,-0.803921568627451,-0.803921568627451,-0.803921568627451,-0.803921568627451,-0.803921568627451,-0.803921568627451,-0.803921568627451,-0.803921568627451,-0.803921568627451,-0.803921568627451,-0.803921568627451,-0.803921568627451,-0.803921568627451,-0.803921568627451,-0.803921568627451,-0.803921568627451,-0.803921568627451,-0.803921568627451,-0.803921568627451,-0.803921568627451,-0.803921568627451,-0.803921568627451,-0.803921568627451,-0.803921568627451,-0.803921568627451,-0.803921568627451,-0.803921568627451,-0.803921568627451,-0.803921568627451,-0.803921568627451,-0.803921568627451,-0.803921568627451,-0.803921568627451,-0.803921568627451,-0.803921568627451
-0.403921568627451,-0.6549019607843137,-0.607843137254902,-0.8823529411764706,-0.8509803921568627,-0.6313725490196078,-0.8509803921568627,-0.8509803921568627,-0.8509803921568627,-0.7803921568627451,-0.5764705882352941,-0.5764705882352941,-0.403921568627451,-0.8823529411764706,-0.8509803921568627,-0.803921568627451,-0.8823529411764706,-0.8509803921568627,-0.8274509803921568,-0.8823529411764706,-0.8274509803921568,-0.7254901960784313,-0.8509803921568627,-0.8509803921568627,-0.8509803921568627,-0.8509803921568627,-0.8509803921568627,-0.8823529411764706,-0.7333333333333334,-0.7647058823529411,-0.7647058823529411,-0.7647058823529411,-0.7647058823529411,-0.7647058823529411,-0.7647058823529411,-0.7647058823529411,-0.7647058823529411,-0.7647058823529411,-0.7647058823529411,-0.7647058823529411,-0.7647058823529411,-0.7647058823529411,-0.7647058823529411,-0.7647058823529411,-0.7647058823529411,-0.7647058823529411,-0.7647058823529411,-0.7647058823529411,-0.7647058823529411,-0.7647058823529411,-0.7647058823529411,-0.7647058823529411,-0.7647058823529411,-0.7647058823529411,-0.7647058823529411,-0.7647058823529411,-0.7647058823529411,-0.7647058823529411,-0.7647058823529411,-0.7647058823529411,-0.7647058823529411,-0.7647058823529411,-0.7647058823529411,-0.7647058823529411,-0.7647058823529411,-0.7647058823529411,-0.7647058823529411,-0.7647058823529411,-0.7647058823529411,-0.7647058823529411,-0.7647058823529411,-0.7647058823529411,-0.7647058823529411,-0.7647058823529411,-0.7647058823529411,-0.7647058823529411,-0.7647058823529411,-0.7647058823529411,-0.7647058823529411,-0.7647058823529411,-0.7647058823529411,-0.7647058823529411,-0.7647058823529411,-0.7647058823529411,-0.7647058823529411,-0.7647058823529411,-0.7647058823529411,-0.7647058823529411,-0.7647058823529411,-0.7647058823529411,-0.7647058823529411,-0.7647058823529411,-0.7647058823529411,-0.7647058823529411,-0.7647058823529411,-0.7647058823529411,-0.7647058823529411,-0.7647058823529411,-0.7647058823529411,-0.7647058823529411,-0.7647058823529411,-0.7647058823529411,-0.7647058823529411,-0.7647058823529411,-0.7647058823529411,-0.7647058823529411,-0.7647058823529411,-0.7647058823529411,-0.7647058823529411,-0.7647058823529411,-0.7647058823529411,-0.7647058823529411,-0.7647058823529411,-0.7647058823529411,-0.7647058823529411,-0.7647058823529411,-0.7647058823529411,-0.7647058823529411,-0.7647058823529411,-0.7647058823529411,-0.7647058823529411,-0.7647058823529411,-0.7647058823529411,-0.7647058823529411,-0.7647058823529411
-0.17647058823529416,-0.4274509803921569,-0.3803921568627451,-0.6549019607843137,-0.6313725490196078,-0.403921568627451,-0.6313725490196078,-0.6313725490196078,-0.6313725490196078,-0.5529411764705883,-0.35686274509803917,-0.35686274509803917,-0.17647058823529416,-0.6549019607843137,-0.6313725490196078,-0.5764705882352941,-0.6549019607843137,-0.6313725490196078,-0.607843137254902,-0.6549019607843137,-0.607843137254902,-0.5058823529411764,-0.6313725490196078,-0.6313725490196078,-0.6313725490196078,-0.6313725490196078,-0.6313725490196078,-0.6549019607843137,-0.44313725490196076,-0.45882352941176474,-0.45882352941176474,-0.45882352941176474,-0.45882352941176474,-0.45882352941176474,-0.45882352941176474,-0.45882352941176474,-0.45882352941176474,-0.45882352941176474,-0.45882352941176474,-0.45882352941176474,-0.45882352941176474,-0.45882352941176474,-0.45882352941176474,-0.45882352941176474,-0.45882352941176474,-0.45882352941176474,-0.45882352941176474,-0.45882352941176474,-0.45882352941176474,-0.45882352941176474,-0.45882352941176474,-0.45882352941176474,-0.45882352941176474,-0.45882352941176474,-0.45882352941176474,-0.45882352941176474,-0.45882352941176474,-0.45882352941176474,-0.45882352941176474,-0.45882352941176474,-0.45882352941176474,-0.45882352941176474,-0.45882352941176474,-0.45882352941176474,-0.45882352941176474,-0.45882352941176474,-0.45882352941176474,-0.45882352941176474,-0.45882352941176474,-0.45882352941176474,-0.45882352941176474,-0.45882352941176474,-0.45882352941176474,-0.45882352941176474,-0.45882352941176474,-0.45882352941176474,-0.45882352941176474,-0.45882352941176474,-0.45882352941176474,-0.45882352941176474,-0.45882352941176474,-0.45882352941176474,-0.45882352941176474,-0.45882352941176474,-0.45882352941176474,-0.45882352941176474,-0.45882352941176474,-0.45882352941176474,-0.45882352941176474,-0.45882352941176474,-0.45882352941176474,-0.45882352941176474,-0.45882352941176474,-0.45882352941176474,-0.45882352941176474,-0.45882352941176474,-0.45882352941176474,-0.45882352941176474,-0.45882352941176474,-0.45882352941176474,-0.45882352941176474,-0.45882352941176474,-0.45882352941176474,-0.45882352941176474,-0.45882352941176474,-0.45882352941176474,-0.45882352941176474,-0.45882352941176474,-0.45882352941176474,-0.45882352941176474,-0.45882352941176474,-0.45882352941176474,-0.45882352941176474,-0.45882352941176474,-0.45882352941176474,-0.45882352941176474,-0.45882352941176474,-0.45882352941176474,-0.45882352941176474,-0.45882352941176474,-0.45882352941176474,-0.45882352941176474,-0.45882352941176474,-0.45882352941176474,-0.45882352941176474
-0.403921568627451,-0.6549019607843137,-0.607843137254902,-0.8823529411764706,-0.8509803921568627,-0.6313725490196078,-0.8509803921568627,-0.8509803921568627,-0.8509803921568627,-0.7803921568627451,-0.5764705882352941,-0.5764705882352941,-0.403921568627451,-0.8823529411764706,-0.8509803921568627,-0.803921568627451,-0.8823529411764706,-0.8509803921568627,-0.8274509803921568,-0.8823529411764706,-0.8274509803921568,-0.7254901960784313,-0.8509803921568627,-0.8509803921568627,-0.8509803921568627,-0.8509803921568627,-0.8509803921568627,-0.8823529411764706,-0.7333333333333334,-0.7647058823529411,-0.7647058823529411,-0.7647058823529411,-0.7647058823529411,-0.7647058823529411,-0.7647058823529411,-0.7647058823529411,-0.7647058823529411,-0.7647058823529411,-0.7647058823529411,-0.7647058823529411,-0.7647058823529411,-0.7647058823529411,-0.7647058823529411,-0.7647058823529411,-0.7647058823529411,-0.7647058823529411,-0.7647058823529411,-0.7647058823529411,-0.7647058823529411,-0.7647058823529411,-0.7647058823529411,-0.7647058823529411,-0.7647058823529411,-0.7647058823529411,-0.7647058823529411,-0.7647058823529411,-0.7647058823529411,-0.7647058823529411,-0.7647058823529411,-0.7647058823529411,-0.7647058823529411,-0.7647058823529411,-0.7647058823529411,-0.7647058823529411,-0.7647058823529411,-0.7647058823529411,-0.7647058823529411,-0.7647058823529411,-0.7647058823529411,-0.7647058823529411,-0.7647058823529411,-0.7647058823529411,-0.7647058823529411,-0.7647058823529411,-0.7647058823529411,-0.7647058823529411,-0.7647058823529411,-0.7647058823529411,-0.7647058823529411,-0.7647058823529411,-0.7647058823529411,-0.7647058823529411,-0.7647058823529411,-0.7647058823529411,-0.7647058823529411,-0.7647058823529411,-0.7647058823529411,-0.7647058823529411,-0.7647058823529411,-0.7647058823529411,-0.7647058823529411,-0.7647058823529411,-0.7647058823529411,-0.7647058823529411,-0.7647058823529411,-0.7647058823529411,-0.7647058823529411,-0.7647058823529411,-0.7647058823529411,-0.7647058823529411,-0.7647058823529411,-0.7647058823529411,-0.7647058823529411,-0.7647058823529411,-0.7647058823529411,-0.7647058823529411,-0.7647058823529411,-0.7647058823529411,-0.7647058823529411,-0.7647058823529411,-0.7647058823529411,-0.7647058823529411,-0.7647058823529411,-0.7647058823529411,-0.7647058823529411,-0.7647058823529411,-0.7647058823529411,-0.7647058823529411,-0.7647058823529411,-0.7647058823529411,-0.7647058823529411,-0.7647058823529411,-0.7647058823529411,-0.7647058823529411,-0.7647058823529411
-0.403921568627451,-0.6549019607843137,-0.607843137254902,-0.8823529411764706,-0.8509803921568627,-0.6313725490196078,-0.8509803921568627,-0.8509803921568627,-0.8509803921568627,-0.7803921568627451,-0.5764705882352941,-0.5764705882352941,-0.403921568627451,-0.8823529411764706,-0.8509803921568627,-0.803921568627451,-0.8823529411764706,-0.8509803921568627,-0.8274509803921568,-0.8823529411764706,-0.8274509803921568,-0.7254901960784313,-0.8509803921568627,-0.8509803921568627,-0.8509803921568627,-0.8509803921568627,-0.8509803921568627,-0.8823529411764706,-0.7333333333333334,-0.7647058823529411,-0.7647058823529411,-0.7647058823529411,-0.7647058823529411,-0.7647058823529411,-0.7647058823529411,-0.7647058823529411,-0.7647058823529411,-0.7647058823529411,-0.7647058823529411,-0.7647058823529411,-0.7647058823529411,-0.7647058823529411,-0.7647058823529411,-0.7647058823529411,-0.7647058823529411,-0.7647058823529411,-0.7647058823529411,-0.7647058823529411,-0.7647058823529411,-0.7647058823529411,-0.7647058823529411,-0.7647058823529411,-0.7647058823529411,-0.7647058823529411,-0.7647058823529411,-0.7647058823529411,-0.7647058823529411,-0.7647058823529411,-0.7647058823529411,-0.7647058823529411,-0.7647058823529411,-0.7647058823529411,-0.7647058823529411,-0.7647058823529411,-0.7647058823529411,-0.7647058823529411,-0.7647058823529411,-0.7647058823529411,-0.7647058823529411,-0.7647058823529411,-0.7647058823529411,-0.7647058823529411,-0.7647058823529411,-0.7647058823529411,-0.7647058823529411,-0.7647058823529411,-0.7647058823529411,-0.7647058823529411,-0.7647058823529411,-0.7647058823529411,-0.7647058823529411,-0.7647058823529411,-0.7647058823529411,-0.7647058823529411,-0.7647058823529411,-0.7647058823529411,-0.7647058823529411,-0.7647058823529411,-0.7647058823529411,-0.7647058823529411,-0.7647058823529411,-0.7647058823529411,-0.7647058823529411,-0.7647058823529411,-0.7647058823529411,-0.7647058823529411,-0.7647058823529411,-0.7647058823529411,-0.7647058823529411,-0.7647058823529411,-0.7647058823529411,-0.7647058823529411,-0.7647058823529411,-0.7647058823529411,-0.7647058823529411,-0.7647058823529411,-0.7647058823529411,-0.7647058823529411,-0.7647058823529411,-0.7647058823529411,-0.7647058823529411,-0.7647058823529411,-0.7647058823529411,-0.7647058823529411,-0.7647058823529411,-0.7647058823529411,-0.7647058823529411,-0.7647058823529411,-0.7647058823529411,-0.7647058823529411,-0.7647058823529411,-0.7647058823529411,-0.7647058823529411,-0.7647058823529411,-0.7647058823529411
-0.403921568627451,-0.6549019607843137,-0.607843137254902,-0.8823529411764706,-0.8509803921568627,-0.6313725490196078,-0.8509803921568627,-0.8509803921568627,-0.8509803921568627,-0.7803921568627451,-0.5764705882352941,-0.5764705882352941,-0.403921568627451,-0.8823529411764706,-0.8509803921568627,-0.803921568627451,-0.8823529411764706,-0.8509803921568627,-0.8274509803921568,-0.8823529411764706,-0.8274509803921568,-0.7254901960784313,-0.8509803921568627,-0.8509803921568627,-0.8509803921568627,-0.8509803921568627,-0.8509803921568627,-0.8823529411764706,-0.7333333333333334,-0.7647058823529411,-0.7647058823529411,-0.7647058823529411,-0.7647058823529411,-0.7647058823529411,-0.7647058823529411,-0.7647058823529411,-0.7647058823529411,-0.7647058823529411,-0.7647058823529411,-0.7647058823529411,-0.7647058823529411,-0.7647058823529411,-0.7647058823529411,-0.7647058823529411,-0.7647058823529411,-0.7647058823529411,-0.7647058823529411,-0.7647058823529411,-0.7647058823529411,-0.7647058823529411,-0.7647058823529411,-0.7647058823529411,-0.7647058823529411,-0.7647058823529411,-0.7647058823529411,-0.7647058823529411,-0.7647058823529411,-0.7647058823529411,-0.7647058823529411,-0.7647058823529411,-0.7647058823529411,-0.7647058823529411,-0.7647058823529411,-0.7647058823529411,-0.7647058823529411,-0.7647058823529411,-0.7647058823529411,-0.7647058823529411,-0.7647058823529411,-0.7647058823529411,-0.7647058823529411,-0.7647058823529411,-0.7647058823529411,-0.7647058823529411,-0.7647058823529411,-0.7647058823529411,-0.7647058823529411,-0.7647058823529411,-0.7647058823529411,-0.7647058823529411,-0.7647058823529411,-0.7647058823529411,-0.7647058823529411,-0.7647058823529411,-0.7647058823529411,-0.7647058823529411,-0.7647058823529411,-0.7647058823529411,-0.7647058823529411,-0.7647058823529411,-0.7647058823529411,-0.7647058823529411,-0.7647058823529411,-0.7647058823529411,-0.7647058823529411,-0.7647058823529411,-0.7647058823529411,-0.7647058823529411,-0.7647058823529411,-0.7647058823529411,-0.7647058823529411,-0.7647058823529411,-0.7647058823529411,-0.7647058823529411,-0.7647058823529411,-0.7647058823529411,-0.7647058823529411,-0.7647058823529411,-0.7647058823529411,-0.7647058823529411,-0.7647058823529411,-0.7647058823529411,-0.7647058823529411,-0.7647058823529411,-0.7647058823529411,-0.7647058823529411,-0.7647058823529411,-0.7647058823529411,-0.7647058823529411,-0.7647058823529411,-0.7647058823529411,-0.7647058823529411,-0.7647058823529411,-0.7647058823529411,-0.7647058823529411
-0.3254901960784313,-0.5764705882352941,-0.5294117647058824,-0.803921568627451,-0.7803921568627451,-0.5529411764705883,-0.7803921568627451,-0.7803921568627451,-0.7803921568627451,-0.7019607843137254,-0.5058823529411764,-0.5058823529411764,-0.3254901960784313,-0.803921568627451,-0.7803921568627451,-0.7254901960784313,-0.803921568627451,-0.7803921568627451,-0.7568627450980392,-0.803921568627451,-0.7568627450980392,-0.6549019607843137,-0.7803921568627451,-0.7803921568627451,-0.7803921568627451,-0.7803921568627451,-0.7803921568627451,-0.803921568627451,-0.6392156862745098,-0.6627450980392157,-0.6627450980392157,-0.6627450980392157,-0.6627450980392157,-0.6627450980392157,-0.6627450980392157,-0.6627450980392157,-0.6627450980392157,-0.6627450980392157,-0.6627450980392157,-0.6627450980392157,-0.6627450980392157,-0.6627450980392157,-0.6627450980392157,-0.6627450980392157,-0.6627450980392157,-0.6627450980392157,-0.6627450980392157,-0.6627450980392157,-0.6627450980392157,-0.6627450980392157,-0.6627450980392157,-0.6627450980392157,-0.6627450980392157,-0.6627450980392157,-0.6627450980392157,-0.6627450980392157,-0.6627450980392157,-0.6627450980392157,-0.6627450980392157,-0.6627450980392157,-0.6627450980392157,-0.6627450980392157,-0.6627450980392157,-0.6627450980392157,-0.6627450980392157,-0.6627450980392157,-0.6627450980392157,-0.6627450980392157,-0.6627450980392157,-0.6627450980392157,-0.6627450980392157,-0.6627450980392157,-0.6627450980392157,-0.6627450980392157,-0.6627450980392157,-0.6627450980392157,-0.6627450980392157,-0.6627450980392157,-0.6627450980392157,-0.6627450980392157,-0.6627450980392157,-0.6627450980392157,-0.6627450980392157,-0.6627450980392157,-0.6627450980392157,-0.6627450980392157,-0.6627450980392157,-0.6627450980392157,-0.6627450980392157,-0.6627450980392157,-0.6627450980392157,-0.6627450980392157,-0.6627450980392157,-0.6627450980392157,-0.6627450980392157,-0.6627450980392157,-0.6627450980392157,-0.6627450980392157,-0.6627450980392157,-0.6627450980392157,-0.6627450980392157,-0.6627450980392157,-0.6627450980392157,-0.6627450980392157,-0.6627450980392157,-0.6627450980392157,-0.6627450980392157,-0.6627450980392157,-0.6627450980392157,-0.6627450980392157,-0.6627450980392157,-0.6627450980392157,-0.6627450980392157,-0.6627450980392157,-0.6627450980392157,-0.6627450980392157,-0.6627450980392157,-0.6627450980392157,-0.6627450980392157,-0.6627450980392157,-0.6627450980392157,-0.6627450980392157,-0.6627450980392157,-0.6627450980392157,-0.6627450980392157
-0.12941176470588234,-0.3803921568627451,-0.3254901960784313,-0.607843137254902,-0.5764705882352941,-0.35686274509803917,-0.5764705882352941,-0.5764705882352941,-0.5764705882352941,-0.5058823529411764,-0.3019607843137255,-0.3019607843137255,-0.12941176470588234,-0.607843137254902,-0.5764705882352941,-0.5294117647058824,-0.607843137254902,-0.5764705882352941,-0.5529411764705883,-0.607843137254902,-0.5529411764705883,-0.4509803921568627,-0.5764705882352941,-0.5764705882352941,-0.5764705882352941,-0.5764705882352941,-0.5764705882352941,-0.607843137254902,-0.3803921568627451,-0.388235294117647,-0.388235294117647,-0.388235294117647,-0.388235294117647,-0.388235294117647,-0.388235294117647,-0.388235294117647,-0.388235294117647,-0.388235294117647,-0.388235294117647,-0.388235294117647,-0.388235294117647,-0.388235294117647,-0.388235294117647,-0.388235294117647,-0.388235294117647,-0.388235294117647,-0.388235294117647,-0.388235294117647,-0.388235294117647,-0.388235294117647,-0.388235294117647,-0.388235294117647,-0.388235294117647,-0.388235294117647,-0.388235294117647,-0.388235294117647,-0.388235294117647,-0.388235294117647,-0.388235294117647,-0.388235294117647,-0.388235294117647,-0.388235294117647,-0.388235294117647,-0.388235294117647,-0.388235294117647,-0.388235294117647,-0.388235294117647,-0.388235294117647,-0.388235294117647,-0.388235294117647,-0.388235294117647,-0.388235294117647,-0.388235294117647,-0.388235294117647,-0.388235294117647,-0.388235294117647,-0.388235294117647,-0.388235294117647,-0.388235294117647,-0.388235294117647,-0.388235294117647,-0.388235294117647,-0.388235294117647,-0.388235294117647,-0.388235294117647,-0.388235294117647,-0.388235294117647,-0.388235294117647,-0.388235294117647,-0.388235294117647,-0.388235294117647,-0.388235294117647,-0.388235294117647,-0.388235294117647,-0.388235294117647,-0.388235294117647,-0.388235294117647,-0.388235294117647,-0.388235294117647,-0.388235294117647,-0.388235294117647,-0.388235294117647,-0.388235294117647,-0.388235294117647,-0.388235294117647,-0.388235294117647,-0.388235294117647,-0.388235294117647,-0.388235294117647,-0.388235294117647,-0.388235294117647,-0.388235294117647,-0.388235294117647,-0.388235294117647,-0.388235294117647,-0.388235294117647,-0.388235294117647,-0.388235294117647,-0.388235294117647,-0.388235294117647,-0.388235294117647,-0.388235294117647,-0.388235294117647,-0.388235294117647,-0.388235294117647
-0.12941176470588234,-0.3803921568627451,-0.3254901960784313,-0.607843137254902,-0.5764705882352941,-0.35686274509803917,-0.5764705882352941,-0.5764705882352941,-0.5764705882352941,-0.5058823529411764,-0.3019607843137255,-0.3019607843137255,-0.12941176470588234,-0.607843137254902,-0.5764705882352941,-0.5294117647058824,-0.607843137254902,-0.5764705882352941,-0.5529411764705883,-0.607843137254902,-0.5529411764705883,-0.4509803921568627,-0.5764705882352941,-0.5764705882352941,-0.5764705882352941,-0.5764705882352941,-0.5764705882352941,-0.607843137254902,-0.3803921568627451,-0.388235294117647,-0.388235294117647,-0.388235294117647,-0.388235294117647,-0.388235294117647,-0.388235294117647,-0.388235294117647,-0.388235294117647,-0.388235294117647,-0.388235294117647,-0.388235294117647,-0.388235294117647,-0.388235294117647,-0.388235294117647,-0.388235294117647,-0.388235294117647,-0.388235294117647,-0.388235294117647,-0.388235294117647,-0.388235294117647,-0.388235294117647,-0.388235294117647,-0.388235294117647,-0.388235294117647,-0.388235294117647,-0.388235294117647,-0.388235294117647,-0.388235294117647,-0.388235294117647,-0.388235294117647,-0.388235294117647,-0.388235294117647,-0.388235294117647,-0.388235294117647,-0.388235294117647,-0.388235294117647,-0.388235294117647,-0.388235294117647,-0.388235294117647,-0.388235294117647,-0.388235294117647,-0.388235294117647,-0.388235294117647,-0.388235294117647,-0.388235294117647,-0.388235294117647,-0.388235294117647,-0.388235294117647,-0.388235294117647,-0.388235294117647,-0.388235294117647,-0.388235294117647,-0.388235294117647,-0.388235294117647,-0.388235294117647,-0.388235294117647,-0.388235294117647,-0.388235294117647,-0.388235294117647,-0.388235294117647,-0.388235294117647,-0.388235294117647,-0.388235294117647,-0.388235294117647,-0.388235294117647,-0.388235294117647,-0.388235294117647,-0.388235294117647,-0.388235294117647,-0.388235294117647,-0.388235294117647,-0.388235294117647,-0.388235294117647,-0.388235294117647,-0.388235294117647,-0.388235294117647,-0.388235294117647,-0.388235294117647,-0.388235294117647,-0.388235294117647,-0.388235294117647,-0.388235294117647,-0.388235294117647,-0.388235294117647,-0.388235294117647,-0.388235294117647,-0.388235294117647,-0.388235294117647,-0.388235294117647,-0.388235294117647,-0.388235294117647,-0.388235294117647,-0.388235294117647,-0.388235294117647,-0.388235294117647,-0.388235294117647
0.04313725490196085,-0.207843137254902,-0.15294117647058825,-0.4274509803921569,-0.403921568627451,-0.17647058823529416,-0.403921568627451,-0.403921568627451,-0.403921568627451,-0.3254901960784313,-0.12941176470588234,-0.12941176470588234,0.04313725490196085,-0.4274509803921569,-0.403921568627451,-0.35686274509803917,-0.4274509803921569,-0.403921568627451,-0.3803921568627451,-0.4274509803921569,-0.3803921568627451,-0.2784313725490196,-0.403921568627451,-0.403921568627451,-0.403921568627451,-0.403921568627451,-0.403921568627451,-0.4274509803921569,-0.16078431372549018,-0.15294117647058825,-0.15294117647058825,-0.15294117647058825,-0.15294117647058825,-0.15294117647058825,-0.15294117647058825,-0.15294117647058825,-0.15294117647058825,-0.15294117647058825,-0.15294117647058825,-0.15294117647058825,-0.15294117647058825,-0.15294117647058825,-0.15294117647058825,-0.15294117647058825,-0.15294117647058825,-0.15294117647058825,-0.15294117647058825,-0.15294117647058825,-0.15294117647058825,-0.15294117647058825,-0.15294117647058825,-0.15294117647058825,-0.15294117647058825,-0.15294117647058825,-0.15294117647058825,-0.15294117647058825,-0.15294117647058825,-0.15294117647058825,-0.15294117647058825,-0.15294117647058825,-0.15294117647058825,-0.15294117647058825,-0.15294117647058825,-0.15294117647058825,-0.15294117647058825,-0.15294117647058825,-0.15294117647058825,-0.15294117647058825,-0.15294117647058825,-0.15294117647058825,-0.15294117647058825,-0.15294117647058825,-0.15294117647058825,-0.15294117647058825,-0.15294117647058825,-0.15294117647058825,-0.15294117647058825,-0.15294117647058825,-0.15294117647058825,-0.15294117647058825,-0.15294117647058825,-0.15294117647058825,-0.15294117647058825,-0.15294117647058825,-0.15294117647058825,-0.15294117647058825,-0.15294117647058825,-0.15294117647058825,-0.15294117647058825,-0.15294117647058825,-0.15294117647058825,-0.15294117647058825,-0.15294117647058825,-0.15294117647058825,-0.15294117647058825,-0.15294117647058825,-0.15294117647058825,-0.15294117647058825,-0.15294117647058825,-0.15294117647058825,-0.15294117647058825,-0.15294117647058825,-0.15294117647058825,-0.15294117647058825,-0.15294117647058825,-0.15294117647058825,-0.15294117647058825,-0.15294117647058825,-0.15294117647058825,-0.15294117647058825,-0.15294117647058825,-0.15294117647058825,-0.15294117647058825,-0.15294117647058825,-0.15294117647058825,-0.15294117647058825,-0.15294117647058825,-0.15294117647058825,-0.15294117647058825,-0.15294117647058825,-0.15294117647058825,-0.15294117647058825,-0.15294117647058825,-0.15294117647058825,-0.15294117647058825
-0.4274509803921569,-0.6784313725490196,-0.6313725490196078,-0.9058823529411765,-0.8823529411764706,-0.6549019607843137,-0.8823529411764706,-0.8823529411764706,-0.8823529411764706,-0.803921568627451,-0.607843137254902,-0.607843137254902,-0.4274509803921569,-0.9058823529411765,-0.8823529411764706,-0.8274509803921568,-0.9058823529411765,-0.8823529411764706,-0.8509803921568627,-0.9058823529411765,-0.8509803921568627,-0.7568627450980392,-0.8823529411764706,-0.8823529411764706,-0.8823529411764706,-0.8823529411764706,-0.8823529411764706,-0.9058823529411765,-0.7647058823529411,-0.803921568627451,-0.803921568627451,-0.803921568627451,-0.803921568627451,-0.803921568627451,-0.803921568627451,-0.803921568627451,-0.803921568627451,-0.803921568627451,-0.803921568627451,-0.803921568627451,-0.803921568627451,-0.803921568627451,-0.803921568627451,-0.803921568627451,-0.803921568627451,-0.803921568627451,-0.803921568627451,-0.803921568627451,-0.803921568627451,-0.803921568627451,-0.803921568627451,-0.803921568627451,-0.803921568627451,-0.803921568627451,-0.803921568627451,-0.803921568627451,-0.803921568627451,-0.803921568627451,-0.803921568627451,-0.803921568627451,-0.803921568627451,-0.803921568627451,-0.803921568627451,-0.803921568627451,-0.803921568627451,-0.803921568627451,-0.803921568627451,-0.803921568627451,-0.803921568627451,-0.803921568627451,-0.803921568627451,-0.803921568627451,-0.803921568627451,-0.803921568627451,-0.803921568627451,-0.803921568627451,-0.803921568627451,-0.803921568627451,-0.803921568627451,-0.803921568627451,-0.803921568627451,-0.803921568627451,-0.803921568627451,-0.803921568627451,-0.803921568627451,-0.803921568627451,-0.803921568627451,-0.803921568627451,-0.803921568627451,-0.803921568627451,-0.803921568627451,-0.803921568627451,-0.803921568627451,-0.803921568627451,-0.803921568627451,-0.803921568627451,-0.803921568627451,-0.803921568627451,-0.803921568627451,-0.803921568627451,-0.803921568627451,-0.803921568627451,-0.803921568627451,-0.803921568627451,-0.803921568627451,-0.803921568627451,-0.803921568627451,-0.803921568627451,-0.803921568627451,-0.803921568627451,-0.803921568627451,-0.803921568627451,-0.803921568627451,-0.803921568627451,-0.803921568627451,-0.803921568627451,-0.803921568627451,-0.803921568627451,-0.803921568627451,-0.803921568627451,-0.803921568627451,-0.803921568627451,-0.803921568627451,-0.803921568627451,-0.803921568627451
-0.403921568627451,-0.6549019607843137,-0.607843137254902,-0.8823529411764706,-0.8509803921568627,-0.6313725490196078,-0.8509803921568627,-0.8509803921568627,-0.8509803921568627,-0.7803921568627451,-0.5764705882352941,-0.5764705882352941,-0.403921568627451,-0.8823529411764706,-0.8509803921568627,-0.803921568627451,-0.8823529411764706,-0.8509803921568627,-0.8274509803921568,-0.8823529411764706,-0.8274509803921568,-0.7254901960784313,-0.8509803921568627,-0.8509803921568627,-0.8509803921568627,-0.8509803921568627,-0.8509803921568627,-0.8823529411764706,-0.7333333333333334,-0.7647058823529411,-0.7647058823529411,-0.7647058823529411,-0.7647058823529411,-0.7647058823529411,-0.7647058823529411,-0.7647058823529411,-0.7647058823529411,-0.7647058823529411,-0.7647058823529411,-0.7647058823529411,-0.7647058823529411,-0.7647058823529411,-0.7647058823529411,-0.7647058823529411,-0.7647058823529411,-0.7647058823529411,-0.7647058823529411,-0.7647058823529411,-0.7647058823529411,-0.7647058823529411,-0.7647058823529411,-0.7647058823529411,-0.7647058823529411,-0.7647058823529411,-0.7647058823529411,-0.7647058823529411,-0.7647058823529411,-0.7647058823529411,-0.7647058823529411,-0.7647058823529411,-0.7647058823529411,-0.7647058823529411,-0.7647058823529411,-0.7647058823529411,-0.7647058823529411,-0.7647058823529411,-0.7647058823529411,-0.7647058823529411,-0.7647058823529411,-0.7647058823529411,-0.7647058823529411,-0.7647058823529411,-0.7647058823529411,-0.7647058823529411,-0.7647058823529411,-0.7647058823529411,-0.7647058823529411,-0.7647058823529411,-0.7647058823529411,-0.7647058823529411,-0.7647058823529411,-0.7647058823529411,-0.7647058823529411,-0.7647058823529411,-0.7647058823529411,-0.7647058823529411,-0.7647058823529411,-0.7647058823529411,-0.7647058823529411,-0.7647058823529411,-0.7647058823529411,-0.7647058823529411,-0.7647058823529411,-0.7647058823529411,-0.7647058823529411,-0.7647058823529411,-0.7647058823529411,-0.7647058823529411,-0.7647058823529411,-0.7647058823529411,-0.7647058823529411,-0.7647058823529411,-0.7647058823529411,-0.7647058823529411,-0.7647058823529411,-0.7647058823529411,-0.7647058823529411,-0.7647058823529411,-0.7647058823529411,-0.7647058823529411,-0.7647058823529411,-0.7647058823529411,-0.7647058823529411,-0.7647058823529411,-0.7647058823529411,-0.7647058823529411,-0.7647058823529411,-0.7647058823529411,-0.7647058823529411,-0.7647058823529411,-0.7647058823529411,-0.7647058823529411,-0.7647058823529411,-0.7647058823529411,-0.7647058823529411
-0.35686274509803917,-0.607843137254902,-0.5529411764705883,-0.8274509803921568,-0.803921568627451,-0.5764705882352941,-0.803921568627451,-0.803921568627451,-0.803921568627451,-0.7254901960784313,-0.5294117647058824,-0.5294117647058824,-0.35686274509803917,-0.8274509803921568,-0.803921568627451,-0.7568627450980392,-0.8274509803921568,-0.803921568627451,-0.7803921568627451,-0.8274509803921568,-0.7803921568627451,-0.6784313725490196,-0.803921568627451,-0.803921568627451,-0.803921568627451,-0.803921568627451,-0.803921568627451,-0.8274509803921568,-0.6705882352941177,-0.7019607843137254,-0.7019607843137254,-0.7019607843137254,-0.7019607843137254,-0.7019607843137254,-0.7019607843137254,-0.7019607843137254,-0.7019607843137254,-0.7019607843137254,-0.7019607843137254,-0.7019607843137254,-0.7019607843137254,-0.7019607843137254,-0.7019607843137254,-0.7019607843137254,-0.7019607843137254,-0.7019607843137254,-0.7019607843137254,-0.7019607843137254,-0.7019607843137254,-0.7019607843137254,-0.7019607843137254,-0.7019607843137254,-0.7019607843137254,-0.7019607843137254,-0.7019607843137254,-0.7019607843137254,-0.7019607843137254,-0.7019607843137254,-0.7019607843137254,-0.7019607843137254,-0.7019607843137254,-0.7019607843137254,-0.7019607843137254,-0.7019607843137254,-0.7019607843137254,-0.7019607843137254,-0.7019607843137254,-0.7019607843137254,-0.7019607843137254,-0.7019607843137254,-0.7019607843137254,-0.7019607843137254,-0.7019607843137254,-0.7019607843137254,-0.7019607843137254,-0.7019607843137254,-0.7019607843137254,-0.7019607843137254,-0.7019607843137254,-0.7019607843137254,-0.7019607843137254,-0.7019607843137254,-0.7019607843137254,-0.7019607843137254,-0.7019607843137254,-0.7019607843137254,-0.7019607843137254,-0.7019607843137254,-0.7019607843137254,-0.7019607843137254,-0.7019607843137254,-0.7019607843137254,-0.7019607843137254,-0.7019607843137254,-0.7019607843137254,-0.7019607843137254,-0.7019607843137254,-0.7019607843137254,-0.7019607843137254,-0.7019607843137254,-0.7019607843137254,-0.7019607843137254,-0.7019607843137254,-0.7019607843137254,-0.7019607843137254,-0.7019607843137254,-0.7019607843137254,-0.7019607843137254,-0.7019607843137254,-0.7019607843137254,-0.7019607843137254,-0.7019607843137254,-0.7019607843137254,-0.7019607843137254,-0.7019607843137254,-0.7019607843137254,-0.7019607843137254,-0.7019607843137254,-0.7019607843137254,-0.7019607843137254,-0.7019607843137254,-0.7019607843137254,-0.7019607843137254,-0.7019607843137254,-0.7019607843137254
