-0.35686274509803917,-0.35686274509803917,-0.607843137254902,-0.5764705882352941,-0.3803921568627451,-0.607843137254902,-0.6313725490196078,-0.6549019607843137,-0.5529411764705883,-0.2784313725490196,-0.607843137254902,-0.6313725490196078,-0.607843137254902,-0.607843137254902,-0.607843137254902,-0.5058823529411764,-0.607843137254902,-0.607843137254902,-0.607843137254902,-0.607843137254902,-0.6313725490196078,-0.6313725490196078,-0.5529411764705883,-0.48235294117647054,-0.5764705882352941,-0.5686274509803921,-0.4274509803921569,-0.4274509803921569,-0.4274509803921569,-0.4274509803921569,-0.4274509803921569,-0.4274509803921569,-0.4274509803921569,-0.4274509803921569,-0.4274509803921569,-0.4274509803921569,-0.4274509803921569,-0.4274509803921569,-0.4274509803921569,-0.4274509803921569,-0.4274509803921569,-0.4274509803921569,-0.4274509803921569,-0.4274509803921569,-0.4274509803921569,-0.4274509803921569,-0.4274509803921569,-0.4274509803921569,-0.4274509803921569,-0.4274509803921569,-0.4274509803921569,-0.4274509803921569,-0.4274509803921569,-0.4274509803921569,-0.4274509803921569,-0.4274509803921569,-0.4274509803921569,-0.4274509803921569,-0.4274509803921569,-0.4274509803921569,-0.4274509803921569,-0.4274509803921569,-0.4274509803921569,-0.4274509803921569,-0.4274509803921569,-0.4274509803921569,-0.4274509803921569,-0.4274509803921569,-0.4274509803921569,-0.4274509803921569,-0.4274509803921569,-0.4274509803921569,-0.4274509803921569,-0.4274509803921569,-0.4274509803921569,-0.4274509803921569,-0.4274509803921569,-0.4274509803921569,-0.4274509803921569,-0.4274509803921569,-0.4274509803921569,-0.4274509803921569,-0.4274509803921569,-0.4274509803921569,-0.4274509803921569,-0.4274509803921569,-0.4274509803921569,-0.4274509803921569,-0.4274509803921569,-0.4274509803921569,-0.4274509803921569,-0.4274509803921569,-0.4274509803921569,-0.4274509803921569,-0.4274509803921569,-0.4274509803921569,-0.4274509803921569,-0.4274509803921569,-0.4274509803921569,-0.4274509803921569,-0.4274509803921569,-0.4274509803921569,-0.4274509803921569,-0.4274509803921569,-0.4274509803921569,-0.4274509803921569,-0.4274509803921569,-0.4274509803921569,-0.4274509803921569,-0.4274509803921569,-0.4274509803921569,-0.4274509803921569,-0.4274509803921569,-0.4274509803921569,-0.4274509803921569,-0.4274509803921569,-0.4274509803921569,-0.4274509803921569,-0.4274509803921569,-0.4274509803921569,-0.4274509803921569,-0.4274509803921569,-0.4274509803921569,-0.4274509803921569,-0.4274509803921569
-0.35686274509803917,-0.35686274509803917,-0.607843137254902,-0.5764705882352941,-0.3803921568627451,-0.607843137254902,-0.6313725490196078,-0.6549019607843137,-0.5529411764705883,-0.2784313725490196,-0.607843137254902,-0.6313725490196078,-0.607843137254902,-0.607843137254902,-0.607843137254902,-0.5058823529411764,-0.607843137254902,-0.607843137254902,-0.607843137254902,-0.607843137254902,-0.6313725490196078,-0.6313725490196078,-0.5529411764705883,-0.48235294117647054,-0.5764705882352941,-0.5686274509803921,-0.4274509803921569,-0.4274509803921569,-0.4274509803921569,-0.4274509803921569,-0.4274509803921569,-0.4274509803921569,-0.4274509803921569,-0.4274509803921569,-0.4274509803921569,-0.4274509803921569,-0.4274509803921569,-0.4274509803921569,-0.4274509803921569,-0.4274509803921569,-0.4274509803921569,-0.4274509803921569,-0.4274509803921569,-0.4274509803921569,-0.4274509803921569,-0.4274509803921569,-0.4274509803921569,-0.4274509803921569,-0.4274509803921569,-0.4274509803921569,-0.4274509803921569,-0.4274509803921569,-0.4274509803921569,-0.4274509803921569,-0.4274509803921569,-0.4274509803921569,-0.4274509803921569,-0.4274509803921569,-0.4274509803921569,-0.4274509803921569,-0.4274509803921569,-0.4274509803921569,-0.4274509803921569,-0.4274509803921569,-0.4274509803921569,-0.4274509803921569,-0.4274509803921569,-0.4274509803921569,-0.4274509803921569,-0.4274509803921569,-0.4274509803921569,-0.4274509803921569,-0.4274509803921569,-0.4274509803921569,-0.4274509803921569,-0.4274509803921569,-0.4274509803921569,-0.4274509803921569,-0.4274509803921569,-0.4274509803921569,-0.4274509803921569,-0.4274509803921569,-0.4274509803921569,-0.4274509803921569,-0.4274509803921569,-0.4274509803921569,-0.4274509803921569,-0.4274509803921569,-0.4274509803921569,-0.4274509803921569,-0.4274509803921569,-0.4274509803921569,-0.4274509803921569,-0.4274509803921569,-0.4274509803921569,-0.4274509803921569,-0.4274509803921569,-0.4274509803921569,-0.4274509803921569,-0.4274509803921569,-0.4274509803921569,-0.4274509803921569,-0.4274509803921569,-0.4274509803921569,-0.4274509803921569,-0.4274509803921569,-0.4274509803921569,-0.4274509803921569,-0.4274509803921569,-0.4274509803921569,-0.4274509803921569,-0.4274509803921569,-0.4274509803921569,-0.4274509803921569,-0.4274509803921569,-0.4274509803921569,-0.4274509803921569,-0.4274509803921569,-0.4274509803921569,-0.4274509803921569,-0.4274509803921569,-0.4274509803921569,-0.4274509803921569,-0.4274509803921569,-0.4274509803921569
-0.607843137254902,-0.607843137254902,-0.8509803921568627,-0.8274509803921568,-0.6313725490196078,-0.8509803921568627,-0.8823529411764706,-0.9058823529411765,-0.803921568627451,-0.5294117647058824,-0.8509803921568627,-0.8823529411764706,-0.8509803921568627,-0.8509803921568627,-0.8509803921568627,-0.7568627450980392,-0.8509803921568627,-0.8509803921568627,-0.8509803921568627,-0.8509803921568627,-0.8823529411764706,-0.8823529411764706,-0.803921568627451,-0.7254901960784313,-0.8274509803921568,-0.8352941176470589,-0.7647058823529411,-0.7647058823529411,-0.7647058823529411,-0.7647058823529411,-0.7647058823529411,-0.7647058823529411,-0.7647058823529411,-0.7647058823529411,-0.7647058823529411,-0.7647058823529411,-0.7647058823529411,-0.7647058823529411,-0.7647058823529411,-0.7647058823529411,-0.7647058823529411,-0.7647058823529411,-0.7647058823529411,-0.7647058823529411,-0.7647058823529411,-0.7647058823529411,-0.7647058823529411,-0.7647058823529411,-0.7647058823529411,-0.7647058823529411,-0.7647058823529411,-0.7647058823529411,-0.7647058823529411,-0.7647058823529411,-0.7647058823529411,-0.7647058823529411,-0.7647058823529411,-0.7647058823529411,-0.7647058823529411,-0.7647058823529411,-0.7647058823529411,-0.7647058823529411,-0.7647058823529411,-0.7647058823529411,-0.7647058823529411,-0.7647058823529411,-0.7647058823529411,-0.7647058823529411,-0.7647058823529411,-0.7647058823529411,-0.7647058823529411,-0.7647058823529411,-0.7647058823529411,-0.7647058823529411,-0.7647058823529411,-0.7647058823529411,-0.7647058823529411,-0.7647058823529411,-0.7647058823529411,-0.7647058823529411,-0.7647058823529411,-0.7647058823529411,-0.7647058823529411,-0.7647058823529411,-0.7647058823529411,-0.7647058823529411,-0.7647058823529411,-0.7647058823529411,-0.7647058823529411,-0.7647058823529411,-0.7647058823529411,-0.7647058823529411,-0.7647058823529411,-0.7647058823529411,-0.7647058823529411,-0.7647058823529411,-0.7647058823529411,-0.7647058823529411,-0.7647058823529411,-0.7647058823529411,-0.7647058823529411,-0.7647058823529411,-0.7647058823529411,-0.7647058823529411,-0.7647058823529411,-0.7647058823529411,-0.7647058823529411,-0.7647058823529411,-0.7647058823529411,-0.7647058823529411,-0.7647058823529411,-0.7647058823529411,-0.7647058823529411,-0.7647058823529411,-0.7647058823529411,-0.7647058823529411,-0.7647058823529411,-0.7647058823529411,-0.7647058823529411,-0.7647058823529411,-0.7647058823529411,-0.7647058823529411,-0.7647058823529411,-0.7647058823529411,-0.7647058823529411
-0.5764705882352941,-0.5764705882352941,-0.8274509803921568,-0.803921568627451,-0.607843137254902,-0.8274509803921568,-0.8509803921568627,-0.8823529411764706,-0.7803921568627451,-0.5058823529411764,-0.8274509803921568,-0.8509803921568627,-0.8274509803921568,-0.8274509803921568,-0.8274509803921568,-0.7254901960784313,-0.8274509803921568,-0.8274509803921568,-0.8274509803921568,-0.8274509803921568,-0.8509803921568627,-0.8509803921568627,-0.7803921568627451,-0.7019607843137254,-0.803921568627451,-0.803921568627451,-0.7333333333333334,-0.7333333333333334,-0.7333333333333334,-0.7333333333333334,-0.7333333333333334,-0.7333333333333334,-0.7333333333333334,-0.7333333333333334,-0.7333333333333334,-0.7333333333333334,-0.7333333333333334,-0.7333333333333334,-0.7333333333333334,-0.7333333333333334,-0.7333333333333334,-0.7333333333333334,-0.7333333333333334,-0.7333333333333334,-0.7333333333333334,-0.7333333333333334,-0.7333333333333334,-0.7333333333333334,-0.7333333333333334,-0.7333333333333334,-0.7333333333333334,-0.7333333333333334,-0.7333333333333334,-0.7333333333333334,-0.7333333333333334,-0.7333333333333334,-0.7333333333333334,-0.7333333333333334,-0.7333333333333334,-0.7333333333333334,-0.7333333333333334,-0.7333333333333334,-0.7333333333333334,-0.7333333333333334,-0.7333333333333334,-0.7333333333333334,-0.7333333333333334,-0.7333333333333334,-0.7333333333333334,-0.7333333333333334,-0.7333333333333334,-0.7333333333333334,-0.7333333333333334,-0.7333333333333334,-0.7333333333333334,-0.7333333333333334,-0.7333333333333334,-0.7333333333333334,-0.7333333333333334,-0.7333333333333334,-0.7333333333333334,-0.7333333333333334,-0.7333333333333334,-0.7333333333333334,-0.7333333333333334,-0.7333333333333334,-0.7333333333333334,-0.7333333333333334,-0.7333333333333334,-0.7333333333333334,-0.7333333333333334,-0.7333333333333334,-0.7333333333333334,-0.7333333333333334,-0.7333333333333334,-0.7333333333333334,-0.7333333333333334,-0.7333333333333334,-0.7333333333333334,-0.7333333333333334,-0.7333333333333334,-0.7333333333333334,-0.7333333333333334,-0.7333333333333334,-0.7333333333333334,-0.7333333333333334,-0.7333333333333334,-0.7333333333333334,-0.7333333333333334,-0.7333333333333334,-0.7333333333333334,-0.7333333333333334,-0.7333333333333334,-0.7333333333333334,-0.7333333333333334,-0.7333333333333334,-0.7333333333333334,-0.7333333333333334,-0.7333333333333334,-0.7333333333333334,-0.7333333333333334,-0.7333333333333334,-0.7333333333333334,-0.7333333333333334,-0.7333333333333334
-0.3803921568627451,-0.3803921568627451,-0.6313725490196078,-0.607843137254902,-0.403921568627451,-0.6313725490196078,-0.6549019607843137,-0.6784313725490196,-0.5764705882352941,-0.3019607843137255,-0.6313725490196078,-0.6549019607843137,-0.6313725490196078,-0.6313725490196078,-0.6313725490196078,-0.5294117647058824,-0.6313725490196078,-0.6313725490196078,-0.6313725490196078,-0.6313725490196078,-0.6549019607843137,-0.6549019607843137,-0.5764705882352941,-0.5058823529411764,-0.607843137254902,-0.6,-0.45882352941176474,-0.45882352941176474,-0.45882352941176474,-0.45882352941176474,-0.45882352941176474,-0.45882352941176474,-0.45882352941176474,-0.45882352941176474,-0.45882352941176474,-0.45882352941176474,-0.45882352941176474,-0.45882352941176474,-0.45882352941176474,-0.45882352941176474,-0.45882352941176474,-0.45882352941176474,-0.45882352941176474,-0.45882352941176474,-0.45882352941176474,-0.45882352941176474,-0.45882352941176474,-0.45882352941176474,-0.45882352941176474,-0.45882352941176474,-0.45882352941176474,-0.45882352941176474,-0.45882352941176474,-0.45882352941176474,-0.45882352941176474,-0.45882352941176474,-0.45882352941176474,-0.45882352941176474,-0.45882352941176474,-0.45882352941176474,-0.45882352941176474,-0.45882352941176474,-0.45882352941176474,-0.45882352941176474,-0.45882352941176474,-0.45882352941176474,-0.45882352941176474,-0.45882352941176474,-0.45882352941176474,-0.45882352941176474,-0.45882352941176474,-0.45882352941176474,-0.45882352941176474,-0.45882352941176474,-0.45882352941176474,-0.45882352941176474,-0.45882352941176474,-0.45882352941176474,-0.45882352941176474,-0.45882352941176474,-0.45882352941176474,-0.45882352941176474,-0.45882352941176474,-0.45882352941176474,-0.45882352941176474,-0.45882352941176474,-0.45882352941176474,-0.45882352941176474,-0.45882352941176474,-0.45882352941176474,-0.45882352941176474,-0.45882352941176474,-0.45882352941176474,-0.45882352941176474,-0.45882352941176474,-0.45882352941176474,-0.45882352941176474,-0.45882352941176474,-0.45882352941176474,-0.45882352941176474,-0.45882352941176474,-0.45882352941176474,-0.45882352941176474,-0.45882352941176474,-0.45882352941176474,-0.45882352941176474,-0.45882352941176474,-0.45882352941176474,-0.45882352941176474,-0.45882352941176474,-0.45882352941176474,-0.45882352941176474,-0.45882352941176474,-0.45882352941176474,-0.45882352941176474,-0.45882352941176474,-0.45882352941176474,-0.45882352941176474,-0.45882352941176474,-0.45882352941176474,-0.45882352941176474,-0.45882352941176474,-0.45882352941176474,-0.45882352941176474,-0.45882352941176474
-0.607843137254902,-0.607843137254902,-0.8509803921568627,-0.8274509803921568,-0.6313725490196078,-0.8509803921568627,-0.8823529411764706,-0.9058823529411765,-0.803921568627451,-0.5294117647058824,-0.8509803921568627,-0.8823529411764706,-0.8509803921568627,-0.8509803921568627,-0.8509803921568627,-0.7568627450980392,-0.8509803921568627,-0.8509803921568627,-0.8509803921568627,-0.8509803921568627,-0.8823529411764706,-0.8823529411764706,-0.803921568627451,-0.7254901960784313,-0.8274509803921568,-0.8352941176470589,-0.7647058823529411,-0.7647058823529411,-0.7647058823529411,-0.7647058823529411,-0.7647058823529411,-0.7647058823529411,-0.7647058823529411,-0.7647058823529411,-0.7647058823529411,-0.7647058823529411,-0.7647058823529411,-0.7647058823529411,-0.7647058823529411,-0.7647058823529411,-0.7647058823529411,-0.7647058823529411,-0.7647058823529411,-0.7647058823529411,-0.7647058823529411,-0.7647058823529411,-0.7647058823529411,-0.7647058823529411,-0.7647058823529411,-0.7647058823529411,-0.7647058823529411,-0.7647058823529411,-0.7647058823529411,-0.7647058823529411,-0.7647058823529411,-0.7647058823529411,-0.7647058823529411,-0.7647058823529411,-0.7647058823529411,-0.7647058823529411,-0.7647058823529411,-0.7647058823529411,-0.7647058823529411,-0.7647058823529411,-0.7647058823529411,-0.7647058823529411,-0.7647058823529411,-0.7647058823529411,-0.7647058823529411,-0.7647058823529411,-0.7647058823529411,-0.7647058823529411,-0.7647058823529411,-0.7647058823529411,-0.7647058823529411,-0.7647058823529411,-0.7647058823529411,-0.7647058823529411,-0.7647058823529411,-0.7647058823529411,-0.7647058823529411,-0.7647058823529411,-0.7647058823529411,-0.7647058823529411,-0.7647058823529411,-0.7647058823529411,-0.7647058823529411,-0.7647058823529411,-0.7647058823529411,-0.7647058823529411,-0.7647058823529411,-0.7647058823529411,-0.7647058823529411,-0.7647058823529411,-0.7647058823529411,-0.7647058823529411,-0.7647058823529411,-0.7647058823529411,-0.7647058823529411,-0.7647058823529411,-0.7647058823529411,-0.7647058823529411,-0.7647058823529411,-0.7647058823529411,-0.7647058823529411,-0.7647058823529411,-0.7647058823529411,-0.7647058823529411,-0.7647058823529411,-0.7647058823529411,-0.7647058823529411,-0.7647058823529411,-0.7647058823529411,-0.7647058823529411,-0.7647058823529411,-0.7647058823529411,-0.7647058823529411,-0.7647058823529411,-0.7647058823529411,-0.7647058823529411,-0.7647058823529411,-0.7647058823529411,-0.7647058823529411,-0.7647058823529411,-0.7647058823529411
-0.6313725490196078,-0.6313725490196078,-0.8823529411764706,-0.8509803921568627,-0.6549019607843137,-0.8823529411764706,-0.9058823529411765,-0.9294117647058824,-0.8274509803921568,-0.5529411764705883,-0.8823529411764706,-0.9058823529411765,-0.8823529411764706,-0.8823529411764706,-0.8823529411764706,-0.7803921568627451,-0.8823529411764706,-0.8823529411764706,-0.8823529411764706,-0.8823529411764706,-0.9058823529411765,-0.9058823529411765,-0.8274509803921568,-0.7568627450980392,-0.8509803921568627,-0.8588235294117648,-0.803921568627451,-0.803921568627451,-0.803921568627451,-0.803921568627451,-0.803921568627451,-0.803921568627451,-0.803921568627451,-0.803921568627451,-0.803921568627451,-0.803921568627451,-0.803921568627451,-0.803921568627451,-0.803921568627451,-0.803921568627451,-0.803921568627451,-0.803921568627451,-0.803921568627451,-0.803921568627451,-0.803921568627451,-0.803921568627451,-0.803921568627451,-0.803921568627451,-0.803921568627451,-0.803921568627451,-0.803921568627451,-0.803921568627451,-0.803921568627451,-0.803921568627451,-0.803921568627451,-0.803921568627451,-0.803921568627451,-0.803921568627451,-0.803921568627451,-0.803921568627451,-0.803921568627451,-0.803921568627451,-0.803921568627451,-0.803921568627451,-0.803921568627451,-0.803921568627451,-0.803921568627451,-0.803921568627451,-0.803921568627451,-0.803921568627451,-0.803921568627451,-0.803921568627451,-0.803921568627451,-0.803921568627451,-0.803921568627451,-0.803921568627451,-0.803921568627451,-0.803921568627451,-0.803921568627451,-0.803921568627451,-0.803921568627451,-0.803921568627451,-0.803921568627451,-0.803921568627451,-0.803921568627451,-0.803921568627451,-0.803921568627451,-0.803921568627451,-0.803921568627451,-0.803921568627451,-0.803921568627451,-0.803921568627451,-0.803921568627451,-0.803921568627451,-0.803921568627451,-0.803921568627451,-0.803921568627451,-0.803921568627451,-0.803921568627451,-0.803921568627451,-0.803921568627451,-0.803921568627451,-0.803921568627451,-0.803921568627451,-0.803921568627451,-0.803921568627451,-0.803921568627451,-0.803921568627451,-0.803921568627451,-0.803921568627451,-0.803921568627451,-0.803921568627451,-0.803921568627451,-0.803921568627451,-0.803921568627451,-0.803921568627451,-0.803921568627451,-0.803921568627451,-0.803921568627451,-0.803921568627451,-0.803921568627451,-0.803921568627451,-0.803921568627451,-0.803921568627451,-0.803921568627451
-0.6549019607843137,-0.6549019607843137,-0.9058823529411765,-0.8823529411764706,-0.6784313725490196,-0.9058823529411765,-0.9294117647058824,-0.9529411764705882,-0.8509803921568627,-0.5764705882352941,-0.9058823529411765,-0.9294117647058824,-0.9058823529411765,-0.9058823529411765,-0.9058823529411765,-0.803921568627451,-0.9058823529411765,-0.9058823529411765,-0.9058823529411765,-0.9058823529411765,-0.9294117647058824,-0.9294117647058824,-0.8509803921568627,-0.7803921568627451,-0.8823529411764706,-0.8823529411764706,-0.8352941176470589,-0.8352941176470589,-0.8352941176470589,-0.8352941176470589,-0.8352941176470589,-0.8352941176470589,-0.8352941176470589,-0.8352941176470589,-0.8352941176470589,-0.8352941176470589,-0.8352941176470589,-0.8352941176470589,-0.8352941176470589,-0.8352941176470589,-0.8352941176470589,-0.8352941176470589,-0.8352941176470589,-0.8352941176470589,-0.8352941176470589,-0.8352941176470589,-0.8352941176470589,-0.8352941176470589,-0.8352941176470589,-0.8352941176470589,-0.8352941176470589,-0.8352941176470589,-0.8352941176470589,-0.8352941176470589,-0.8352941176470589,-0.8352941176470589,-0.8352941176470589,-0.8352941176470589,-0.8352941176470589,-0.8352941176470589,-0.8352941176470589,-0.8352941176470589,-0.8352941176470589,-0.8352941176470589,-0.8352941176470589,-0.8352941176470589,-0.8352941176470589,-0.8352941176470589,-0.8352941176470589,-0.8352941176470589,-0.8352941176470589,-0.8352941176470589,-0.8352941176470589,-0.8352941176470589,-0.8352941176470589,-0.8352941176470589,-0.8352941176470589,-0.8352941176470589,-0.8352941176470589,-0.8352941176470589,-0.8352941176470589,-0.8352941176470589,-0.8352941176470589,-0.8352941176470589,-0.8352941176470589,-0.8352941176470589,-0.8352941176470589,-0.8352941176470589,-0.8352941176470589,-0.8352941176470589,-0.8352941176470589,-0.8352941176470589,-0.8352941176470589,-0.8352941176470589,-0.8352941176470589,-0.8352941176470589,-0.8352941176470589,-0.8352941176470589,-0.8352941176470589,-0.8352941176470589,-0.8352941176470589,-0.8352941176470589,-0.8352941176470589,-0.8352941176470589,-0.8352941176470589,-0.8352941176470589,-0.8352941176470589,-0.8352941176470589,-0.8352941176470589,-0.8352941176470589,-0.8352941176470589,-0.8352941176470589,-0.8352941176470589,-0.8352941176470589,-0.8352941176470589,-0.8352941176470589,-0.8352941176470589,-0.8352941176470589,-0.8352941176470589,-0.8352941176470589,-0.8352941176470589,-0.8352941176470589,-0.8352941176470589,-0.8352941176470589,-0.8352941176470589
-0.5529411764705883,-0.5529411764705883,-0.803921568627451,-0.7803921568627451,-0.5764705882352941,-0.803921568627451,-0.8274509803921568,-0.8509803921568627,-0.7568627450980392,-0.48235294117647054,-0.803921568627451,-0.8274509803921568,-0.803921568627451,-0.803921568627451,-0.803921568627451,-0.7019607843137254,-0.803921568627451,-0.803921568627451,-0.803921568627451,-0.803921568627451,-0.8274509803921568,-0.8274509803921568,-0.7568627450980392,-0.6784313725490196,-0.7803921568627451,-0.7803921568627451,-0.7019607843137254,-0.7019607843137254,-0.7019607843137254,-0.7019607843137254,-0.7019607843137254,-0.7019607843137254,-0.7019607843137254,-0.7019607843137254,-0.7019607843137254,-0.7019607843137254,-0.7019607843137254,-0.7019607843137254,-0.7019607843137254,-0.7019607843137254,-0.7019607843137254,-0.7019607843137254,-0.7019607843137254,-0.7019607843137254,-0.7019607843137254,-0.7019607843137254,-0.7019607843137254,-0.7019607843137254,-0.7019607843137254,-0.7019607843137254,-0.7019607843137254,-0.7019607843137254,-0.7019607843137254,-0.7019607843137254,-0.7019607843137254,-0.7019607843137254,-0.7019607843137254,-0.7019607843137254,-0.7019607843137254,-0.7019607843137254,-0.7019607843137254,-0.7019607843137254,-0.7019607843137254,-0.7019607843137254,-0.7019607843137254,-0.7019607843137254,-0.7019607843137254,-0.7019607843137254,-0.7019607843137254,-0.7019607843137254,-0.7019607843137254,-0.7019607843137254,-0.7019607843137254,-0.7019607843137254,-0.7019607843137254,-0.7019607843137254,-0.7019607843137254,-0.7019607843137254,-0.7019607843137254,-0.7019607843137254,-0.7019607843137254,-0.7019607843137254,-0.7019607843137254,-0.7019607843137254,-0.7019607843137254,-0.7019607843137254,-0.7019607843137254,-0.7019607843137254,-0.7019607843137254,-0.7019607843137254,-0.7019607843137254,-0.7019607843137254,-0.7019607843137254,-0.7019607843137254,-0.7019607843137254,-0.7019607843137254,-0.7019607843137254,-0.7019607843137254,-0.7019607843137254,-0.7019607843137254,-0.7019607843137254,-0.7019607843137254,-0.7019607843137254,-0.7019607843137254,-0.7019607843137254,-0.7019607843137254,-0.7019607843137254,-0.7019607843137254,-0.7019607843137254,-0.7019607843137254,-0.7019607843137254,-0.7019607843137254,-0.7019607843137254,-0.7019607843137254,-0.7019607843137254,-0.7019607843137254,-0.7019607843137254,-0.7019607843137254,-0.7019607843137254,-0.7019607843137254,-0.7019607843137254,-0.7019607843137254,-0.7019607843137254,-0.7019607843137254,-0.7019607843137254
-0.2784313725490196,-0.2784313725490196,-0.5294117647058824,-0.5058823529411764,-0.3019607843137255,-0.5294117647058824,-0.5529411764705883,-0.5764705882352941,-0.48235294117647054,-0.207843137254902,-0.5294117647058824,-0.5529411764705883,-0.5294117647058824,-0.5294117647058824,-0.5294117647058824,-0.4274509803921569,-0.5294117647058824,-0.5294117647058824,-0.5294117647058824,-0.5294117647058824,-0.5529411764705883,-0.5529411764705883,-0.48235294117647054,-0.403921568627451,-0.5058823529411764,-0.4901960784313726,-0.3254901960784313,-0.3254901960784313,-0.3254901960784313,-0.3254901960784313,-0.3254901960784313,-0.3254901960784313,-0.3254901960784313,-0.3254901960784313,-0.3254901960784313,-0.3254901960784313,-0.3254901960784313,-0.3254901960784313,-0.3254901960784313,-0.3254901960784313,-0.3254901960784313,-0.3254901960784313,-0.3254901960784313,-0.3254901960784313,-0.3254901960784313,-0.3254901960784313,-0.3254901960784313,-0.3254901960784313,-0.3254901960784313,-0.3254901960784313,-0.3254901960784313,-0.3254901960784313,-0.3254901960784313,-0.3254901960784313,-0.3254901960784313,-0.3254901960784313,-0.3254901960784313,-0.3254901960784313,-0.3254901960784313,-0.3254901960784313,-0.3254901960784313,-0.3254901960784313,-0.3254901960784313,-0.3254901960784313,-0.3254901960784313,-0.3254901960784313,-0.3254901960784313,-0.3254901960784313,-0.3254901960784313,-0.3254901960784313,-0.3254901960784313,-0.3254901960784313,-0.3254901960784313,-0.3254901960784313,-0.3254901960784313,-0.3254901960784313,-0.3254901960784313,-0.3254901960784313,-0.3254901960784313,-0.3254901960784313,-0.3254901960784313,-0.3254901960784313,-0.3254901960784313,-0.3254901960784313,-0.3254901960784313,-0.3254901960784313,-0.3254901960784313,-0.3254901960784313,-0.3254901960784313,-0.3254901960784313,-0.3254901960784313,-0.3254901960784313,-0.3254901960784313,-0.3254901960784313,-0.3254901960784313,-0.3254901960784313,-0.3254901960784313,-0.3254901960784313,-0.3254901960784313,-0.3254901960784313,-0.3254901960784313,-0.3254901960784313,-0.3254901960784313,-0.3254901960784313,-0.3254901960784313,-0.3254901960784313,-0.3254901960784313,-0.3254901960784313,-0.3254901960784313,-0.3254901960784313,-0.3254901960784313,-0.3254901960784313,-0.3254901960784313,-0.3254901960784313,-0.3254901960784313,-0.3254901960784313,-0.3254901960784313,-0.3254901960784313,-0.3254901960784313,-0.3254901960784313,-0.3254901960784313,-0.3254901960784313,-0.3254901960784313,-0.3254901960784313,-0.3254901960784313
-0.607843137254902,-0.607843137254902,-0.8509803921568627,-0.8274509803921568,-0.6313725490196078,-0.8509803921568627,-0.8823529411764706,-0.9058823529411765,-0.803921568627451,-0.5294117647058824,-0.8509803921568627,-0.8823529411764706,-0.8509803921568627,-0.8509803921568627,-0.8509803921568627,-0.7568627450980392,-0.8509803921568627,-0.8509803921568627,-0.8509803921568627,-0.8509803921568627,-0.8823529411764706,-0.8823529411764706,-0.803921568627451,-0.7254901960784313,-0.8274509803921568,-0.8352941176470589,-0.7647058823529411,-0.7647058823529411,-0.7647058823529411,-0.7647058823529411,-0.7647058823529411,-0.7647058823529411,-0.7647058823529411,-0.7647058823529411,-0.7647058823529411,-0.7647058823529411,-0.7647058823529411,-0.7647058823529411,-0.7647058823529411,-0.7647058823529411,-0.7647058823529411,-0.7647058823529411,-0.7647058823529411,-0.7647058823529411,-0.7647058823529411,-0.7647058823529411,-0.7647058823529411,-0.7647058823529411,-0.7647058823529411,-0.7647058823529411,-0.7647058823529411,-0.7647058823529411,-0.7647058823529411,-0.7647058823529411,-0.7647058823529411,-0.7647058823529411,-0.7647058823529411,-0.7647058823529411,-0.7647058823529411,-0.7647058823529411,-0.7647058823529411,-0.7647058823529411,-0.7647058823529411,-0.7647058823529411,-0.7647058823529411,-0.7647058823529411,-0.7647058823529411,-0.7647058823529411,-0.7647058823529411,-0.7647058823529411,-0.7647058823529411,-0.7647058823529411,-0.7647058823529411,-0.7647058823529411,-0.7647058823529411,-0.7647058823529411,-0.7647058823529411,-0.7647058823529411,-0.7647058823529411,-0.7647058823529411,-0.7647058823529411,-0.7647058823529411,-0.7647058823529411,-0.7647058823529411,-0.7647058823529411,-0.7647058823529411,-0.7647058823529411,-0.7647058823529411,-0.7647058823529411,-0.7647058823529411,-0.7647058823529411,-0.7647058823529411,-0.7647058823529411,-0.7647058823529411,-0.7647058823529411,-0.7647058823529411,-0.7647058823529411,-0.7647058823529411,-0.7647058823529411,-0.7647058823529411,-0.7647058823529411,-0.7647058823529411,-0.7647058823529411,-0.7647058823529411,-0.7647058823529411,-0.7647058823529411,-0.7647058823529411,-0.7647058823529411,-0.7647058823529411,-0.7647058823529411,-0.7647058823529411,-0.7647058823529411,-0.7647058823529411,-0.7647058823529411,-0.7647058823529411,-0.7647058823529411,-0.7647058823529411,-0.7647058823529411,-0.7647058823529411,-0.7647058823529411,-0.7647058823529411,-0.7647058823529411,-0.7647058823529411,-0.7647058823529411,-0.7647058823529411
-0.6313725490196078,-0.6313725490196078,-0.8823529411764706,-0.8509803921568627,-0.6549019607843137,-0.8823529411764706,-0.9058823529411765,-0.9294117647058824,-0.8274509803921568,-0.5529411764705883,-0.8823529411764706,-0.9058823529411765,-0.8823529411764706,-0.8823529411764706,-0.8823529411764706,-0.7803921568627451,-0.8823529411764706,-0.8823529411764706,-0.8823529411764706,-0.8823529411764706,-0.9058823529411765,-0.9058823529411765,-0.8274509803921568,-0.7568627450980392,-0.8509803921568627,-0.8588235294117648,-0.803921568627451,-0.803921568627451,-0.803921568627451,-0.803921568627451,-0.803921568627451,-0.803921568627451,-0.803921568627451,-0.803921568627451,-0.803921568627451,-0.803921568627451,-0.803921568627451,-0.803921568627451,-0.803921568627451,-0.803921568627451,-0.803921568627451,-0.803921568627451,-0.803921568627451,-0.803921568627451,-0.803921568627451,-0.803921568627451,-0.803921568627451,-0.803921568627451,-0.803921568627451,-0.803921568627451,-0.803921568627451,-0.803921568627451,-0.803921568627451,-0.803921568627451,-0.803921568627451,-0.803921568627451,-0.803921568627451,-0.803921568627451,-0.803921568627451,-0.803921568627451,-0.803921568627451,-0.803921568627451,-0.803921568627451,-0.803921568627451,-0.803921568627451,-0.803921568627451,-0.803921568627451,-0.803921568627451,-0.803921568627451,-0.803921568627451,-0.803921568627451,-0.803921568627451,-0.803921568627451,-0.803921568627451,-0.803921568627451,-0.803921568627451,-0.803921568627451,-0.803921568627451,-0.803921568627451,-0.803921568627451,-0.803921568627451,-0.803921568627451,-0.803921568627451,-0.803921568627451,-0.803921568627451,-0.803921568627451,-0.803921568627451,-0.803921568627451,-0.803921568627451,-0.803921568627451,-0.803921568627451,-0.803921568627451,-0.803921568627451,-0.803921568627451,-0.803921568627451,-0.803921568627451,-0.803921568627451,-0.803921568627451,-0.803921568627451,-0.803921568627451,-0.803921568627451,-0.803921568627451,-0.803921568627451,-0.803921568627451,-0.803921568627451,-0.803921568627451,-0.803921568627451,-0.803921568627451,-0.803921568627451,-0.803921568627451,-0.803921568627451,-0.803921568627451,-0.803921568627451,-0.803921568627451,-0.803921568627451,-0.803921568627451,-0.803921568627451,-0.803921568627451,-0.803921568627451,-0.803921568627451,-0.803921568627451,-0.803921568627451,-0.803921568627451,-0.803921568627451,-0.803921568627451
-0.607843137254902,-0.607843137254902,-0.8509803921568627,-0.8274509803921568,-0.6313725490196078,-0.8509803921568627,-0.8823529411764706,-0.9058823529411765,-0.803921568627451,-0.5294117647058824,-0.8509803921568627,-0.8823529411764706,-0.8509803921568627,-0.8509803921568627,-0.8509803921568627,-0.7568627450980392,-0.8509803921568627,-0.8509803921568627,-0.8509803921568627,-0.8509803921568627,-0.8823529411764706,-0.8823529411764706,-0.803921568627451,-0.7254901960784313,-0.8274509803921568,-0.8352941176470589,-0.7647058823529411,-0.7647058823529411,-0.7647058823529411,-0.7647058823529411,-0.7647058823529411,-0.7647058823529411,-0.7647058823529411,-0.7647058823529411,-0.7647058823529411,-0.7647058823529411,-0.7647058823529411,-0.7647058823529411,-0.7647058823529411,-0.7647058823529411,-0.7647058823529411,-0.7647058823529411,-0.7647058823529411,-0.7647058823529411,-0.7647058823529411,-0.7647058823529411,-0.7647058823529411,-0.7647058823529411,-0.7647058823529411,-0.7647058823529411,-0.7647058823529411,-0.7647058823529411,-0.7647058823529411,-0.7647058823529411,-0.7647058823529411,-0.7647058823529411,-0.7647058823529411,-0.7647058823529411,-0.7647058823529411,-0.7647058823529411,-0.7647058823529411,-0.7647058823529411,-0.7647058823529411,-0.7647058823529411,-0.7647058823529411,-0.7647058823529411,-0.7647058823529411,-0.7647058823529411,-0.7647058823529411,-0.7647058823529411,-0.7647058823529411,-0.7647058823529411,-0.7647058823529411,-0.7647058823529411,-0.7647058823529411,-0.7647058823529411,-0.7647058823529411,-0.7647058823529411,-0.7647058823529411,-0.7647058823529411,-0.7647058823529411,-0.7647058823529411,-0.7647058823529411,-0.7647058823529411,-0.7647058823529411,-0.7647058823529411,-0.7647058823529411,-0.7647058823529411,-0.7647058823529411,-0.7647058823529411,-0.7647058823529411,-0.7647058823529411,-0.7647058823529411,-0.7647058823529411,-0.7647058823529411,-0.7647058823529411,-0.7647058823529411,-0.7647058823529411,-0.7647058823529411,-0.7647058823529411,-0.7647058823529411,-0.7647058823529411,-0.7647058823529411,-0.7647058823529411,-0.7647058823529411,-0.7647058823529411,-0.7647058823529411,-0.7647058823529411,-0.7647058823529411,-0.7647058823529411,-0.7647058823529411,-0.7647058823529411,-0.7647058823529411,-0.7647058823529411,-0.7647058823529411,-0.7647058823529411,-0.7647058823529411,-0.7647058823529411,-0.7647058823529411,-0.7647058823529411,-0.7647058823529411,-0.7647058823529411,-0.7647058823529411,-0.7647058823529411,-0.7647058823529411
-0.607843137254902,-0.607843137254902,-0.8509803921568627,-0.8274509803921568,-0.6313725490196078,-0.8509803921568627,-0.8823529411764706,-0.9058823529411765,-0.803921568627451,-0.5294117647058824,-0.8509803921568627,-0.8823529411764706,-0.8509803921568627,-0.8509803921568627,-0.8509803921568627,-0.7568627450980392,-0.8509803921568627,-0.8509803921568627,-0.8509803921568627,-0.8509803921568627,-0.8823529411764706,-0.8823529411764706,-0.803921568627451,-0.7254901960784313,-0.8274509803921568,-0.8352941176470589,-0.7647058823529411,-0.7647058823529411,-0.7647058823529411,-0.7647058823529411,-0.7647058823529411,-0.7647058823529411,-0.7647058823529411,-0.7647058823529411,-0.7647058823529411,-0.7647058823529411,-0.7647058823529411,-0.7647058823529411,-0.7647058823529411,-0.7647058823529411,-0.7647058823529411,-0.7647058823529411,-0.7647058823529411,-0.7647058823529411,-0.7647058823529411,-0.7647058823529411,-0.7647058823529411,-0.7647058823529411,-0.7647058823529411,-0.7647058823529411,-0.7647058823529411,-0.7647058823529411,-0.7647058823529411,-0.7647058823529411,-0.7647058823529411,-0.7647058823529411,-0.7647058823529411,-0.7647058823529411,-0.7647058823529411,-0.7647058823529411,-0.7647058823529411,-0.7647058823529411,-0.7647058823529411,-0.7647058823529411,-0.7647058823529411,-0.7647058823529411,-0.7647058823529411,-0.7647058823529411,-0.7647058823529411,-0.7647058823529411,-0.7647058823529411,-0.7647058823529411,-0.7647058823529411,-0.7647058823529411,-0.7647058823529411,-0.7647058823529411,-0.7647058823529411,-0.7647058823529411,-0.7647058823529411,-0.7647058823529411,-0.7647058823529411,-0.7647058823529411,-0.7647058823529411,-0.7647058823529411,-0.7647058823529411,-0.7647058823529411,-0.7647058823529411,-0.7647058823529411,-0.7647058823529411,-0.7647058823529411,-0.7647058823529411,-0.7647058823529411,-0.7647058823529411,-0.7647058823529411,-0.7647058823529411,-0.7647058823529411,-0.7647058823529411,-0.7647058823529411,-0.7647058823529411,-0.7647058823529411,-0.7647058823529411,-0.7647058823529411,-0.7647058823529411,-0.7647058823529411,-0.7647058823529411,-0.7647058823529411,-0.7647058823529411,-0.7647058823529411,-0.7647058823529411,-0.7647058823529411,-0.7647058823529411,-0.7647058823529411,-0.7647058823529411,-0.7647058823529411,-0.7647058823529411,-0.7647058823529411,-0.7647058823529411,-0.7647058823529411,-0.7647058823529411,-0.7647058823529411,-0.7647058823529411,-0.7647058823529411,-0.7647058823529411,-0.7647058823529411,-0.7647058823529411
-0.607843137254902,-0.607843137254902,-0.8509803921568627,-0.8274509803921568,-0.6313725490196078,-0.8509803921568627,-0.8823529411764706,-0.9058823529411765,-0.803921568627451,-0.5294117647058824,-0.8509803921568627,-0.8823529411764706,-0.8509803921568627,-0.8509803921568627,-0.8509803921568627,-0.7568627450980392,-0.8509803921568627,-0.8509803921568627,-0.8509803921568627,-0.8509803921568627,-0.8823529411764706,-0.8823529411764706,-0.803921568627451,-0.7254901960784313,-0.8274509803921568,-0.8352941176470589,-0.7647058823529411,-0.7647058823529411,-0.7647058823529411,-0.7647058823529411,-0.7647058823529411,-0.7647058823529411,-0.7647058823529411,-0.7647058823529411,-0.7647058823529411,-0.7647058823529411,-0.7647058823529411,-0.7647058823529411,-0.7647058823529411,-0.7647058823529411,-0.7647058823529411,-0.7647058823529411,-0.7647058823529411,-0.7647058823529411,-0.7647058823529411,-0.7647058823529411,-0.7647058823529411,-0.7647058823529411,-0.7647058823529411,-0.7647058823529411,-0.7647058823529411,-0.7647058823529411,-0.7647058823529411,-0.7647058823529411,-0.7647058823529411,-0.7647058823529411,-0.7647058823529411,-0.7647058823529411,-0.7647058823529411,-0.7647058823529411,-0.7647058823529411,-0.7647058823529411,-0.7647058823529411,-0.7647058823529411,-0.7647058823529411,-0.7647058823529411,-0.7647058823529411,-0.7647058823529411,-0.7647058823529411,-0.7647058823529411,-0.7647058823529411,-0.7647058823529411,-0.7647058823529411,-0.7647058823529411,-0.7647058823529411,-0.7647058823529411,-0.7647058823529411,-0.7647058823529411,-0.7647058823529411,-0.7647058823529411,-0.7647058823529411,-0.7647058823529411,-0.7647058823529411,-0.7647058823529411,-0.7647058823529411,-0.7647058823529411,-0.7647058823529411,-0.7647058823529411,-0.7647058823529411,-0.7647058823529411,-0.7647058823529411,-0.7647058823529411,-0.7647058823529411,-0.7647058823529411,-0.7647058823529411,-0.7647058823529411,-0.7647058823529411,-0.7647058823529411,-0.7647058823529411,-0.7647058823529411,-0.7647058823529411,-0.7647058823529411,-0.7647058823529411,-0.7647058823529411,-0.7647058823529411,-0.7647058823529411,-0.7647058823529411,-0.7647058823529411,-0.7647058823529411,-0.7647058823529411,-0.7647058823529411,-0.7647058823529411,-0.7647058823529411,-0.7647058823529411,-0.7647058823529411,-0.7647058823529411,-0.7647058823529411,-0.7647058823529411,-0.7647058823529411,-0.7647058823529411,-0.7647058823529411,-0.7647058823529411,-0.7647058823529411,-0.7647058823529411,-0.7647058823529411
-0.5058823529411764,-0.5058823529411764,-0.7568627450980392,-0.7254901960784313,-0.5294117647058824,-0.7568627450980392,-0.7803921568627451,-0.803921568627451,-0.7019607843137254,-0.4274509803921569,-0.7568627450980392,-0.7803921568627451,-0.7568627450980392,-0.7568627450980392,-0.7568627450980392,-0.6549019607843137,-0.7568627450980392,-0.7568627450980392,-0.7568627450980392,-0.7568627450980392,-0.7803921568627451,-0.7803921568627451,-0.7019607843137254,-0.6313725490196078,-0.7254901960784313,-0.7254901960784313,-0.6313725490196078,-0.6313725490196078,-0.6313725490196078,-0.6313725490196078,-0.6313725490196078,-0.6313725490196078,-0.6313725490196078,-0.6313725490196078,-0.6313725490196078,-0.6313725490196078,-0.6313725490196078,-0.6313725490196078,-0.6313725490196078,-0.6313725490196078,-0.6313725490196078,-0.6313725490196078,-0.6313725490196078,-0.6313725490196078,-0.6313725490196078,-0.6313725490196078,-0.6313725490196078,-0.6313725490196078,-0.6313725490196078,-0.6313725490196078,-0.6313725490196078,-0.6313725490196078,-0.6313725490196078,-0.6313725490196078,-0.6313725490196078,-0.6313725490196078,-0.6313725490196078,-0.6313725490196078,-0.6313725490196078,-0.6313725490196078,-0.6313725490196078,-0.6313725490196078,-0.6313725490196078,-0.6313725490196078,-0.6313725490196078,-0.6313725490196078,-0.6313725490196078,-0.6313725490196078,-0.6313725490196078,-0.6313725490196078,-0.6313725490196078,-0.6313725490196078,-0.6313725490196078,-0.6313725490196078,-0.6313725490196078,-0.6313725490196078,-0.6313725490196078,-0.6313725490196078,-0.6313725490196078,-0.6313725490196078,-0.6313725490196078,-0.6313725490196078,-0.6313725490196078,-0.6313725490196078,-0.6313725490196078,-0.6313725490196078,-0.6313725490196078,-0.6313725490196078,-0.6313725490196078,-0.6313725490196078,-0.6313725490196078,-0.6313725490196078,-0.6313725490196078,-0.6313725490196078,-0.6313725490196078,-0.6313725490196078,-0.6313725490196078,-0.6313725490196078,-0.6313725490196078,-0.6313725490196078,-0.6313725490196078,-0.6313725490196078,-0.6313725490196078,-0.6313725490196078,-0.6313725490196078,-0.6313725490196078,-0.6313725490196078,-0.6313725490196078,-0.6313725490196078,-0.6313725490196078,-0.6313725490196078,-0.6313725490196078,-0.6313725490196078,-0.6313725490196078,-0.6313725490196078,-0.6313725490196078,-0.6313725490196078,-0.6313725490196078,-0.6313725490196078,-0.6313725490196078,-0.6313725490196078,-0.6313725490196078,-0.6313725490196078,-0.6313725490196078,-0.6313725490196078
