-0.207843137254902,-0.35686274509803917,-0.403921568627451,-0.17647058823529416,-0.17647058823529416,-0.48235294117647054,-0.5529411764705883,-0.388235294117647,-0.3254901960784313,-0.3254901960784313,-0.3254901960784313,-0.3254901960784313,-0.3254901960784313,-0.3254901960784313,-0.3254901960784313,-0.3254901960784313,-0.3254901960784313,-0.3254901960784313,-0.3254901960784313,-0.3254901960784313,-0.3254901960784313,-0.3254901960784313,-0.3254901960784313,-0.3254901960784313,-0.3254901960784313,-0.3254901960784313,-0.3254901960784313,-0.3254901960784313,-0.3254901960784313,-0.3254901960784313,-0.3254901960784313,-0.3254901960784313,-0.3254901960784313,-0.3254901960784313,-0.3254901960784313,-0.3254901960784313,-0.3254901960784313,-0.3254901960784313,-0.3254901960784313,-0.3254901960784313,-0.3254901960784313,-0.3254901960784313,-0.3254901960784313,-0.3254901960784313,-0.3254901960784313,-0.3254901960784313,-0.3254901960784313,-0.3254901960784313,-0.3254901960784313,-0.3254901960784313,-0.3254901960784313,-0.3254901960784313,-0.3254901960784313,-0.3254901960784313,-0.3254901960784313,-0.3254901960784313,-0.3254901960784313,-0.3254901960784313,-0.3254901960784313,-0.3254901960784313,-0.3254901960784313,-0.3254901960784313,-0.3254901960784313,-0.3254901960784313,-0.3254901960784313,-0.3254901960784313,-0.3254901960784313,-0.3254901960784313,-0.3254901960784313,-0.3254901960784313,-0.3254901960784313,-0.3254901960784313,-0.3254901960784313,-0.3254901960784313,-0.3254901960784313,-0.3254901960784313,-0.3254901960784313,-0.3254901960784313,-0.3254901960784313,-0.3254901960784313,-0.3254901960784313,-0.3254901960784313,-0.3254901960784313,-0.3254901960784313,-0.3254901960784313,-0.3254901960784313,-0.3254901960784313,-0.3254901960784313,-0.3254901960784313,-0.3254901960784313,-0.3254901960784313,-0.3254901960784313,-0.3254901960784313,-0.3254901960784313,-0.3254901960784313,-0.3254901960784313,-0.3254901960784313,-0.3254901960784313,-0.3254901960784313,-0.3254901960784313,-0.3254901960784313,-0.3254901960784313,-0.3254901960784313,-0.3254901960784313,-0.3254901960784313,-0.3254901960784313,-0.3254901960784313,-0.3254901960784313,-0.3254901960784313,-0.3254901960784313,-0.3254901960784313,-0.3254901960784313,-0.3254901960784313,-0.3254901960784313,-0.3254901960784313,-0.3254901960784313,-0.3254901960784313,-0.3254901960784313,-0.3254901960784313,-0.3254901960784313,-0.3254901960784313,-0.3254901960784313,-0.3254901960784313,-0.3254901960784313,-0.3254901960784313
-0.35686274509803917,-0.5058823529411764,-0.5529411764705883,-0.3254901960784313,-0.3254901960784313,-0.6313725490196078,-0.7019607843137254,-0.5686274509803921,-0.5294117647058824,-0.5294117647058824,-0.5294117647058824,-0.5294117647058824,-0.5294117647058824,-0.5294117647058824,-0.5294117647058824,-0.5294117647058824,-0.5294117647058824,-0.5294117647058824,-0.5294117647058824,-0.5294117647058824,-0.5294117647058824,-0.5294117647058824,-0.5294117647058824,-0.5294117647058824,-0.5294117647058824,-0.5294117647058824,-0.5294117647058824,-0.5294117647058824,-0.5294117647058824,-0.5294117647058824,-0.5294117647058824,-0.5294117647058824,-0.5294117647058824,-0.5294117647058824,-0.5294117647058824,-0.5294117647058824,-0.5294117647058824,-0.5294117647058824,-0.5294117647058824,-0.5294117647058824,-0.5294117647058824,-0.5294117647058824,-0.5294117647058824,-0.5294117647058824,-0.5294117647058824,-0.5294117647058824,-0.5294117647058824,-0.5294117647058824,-0.5294117647058824,-0.5294117647058824,-0.5294117647058824,-0.5294117647058824,-0.5294117647058824,-0.5294117647058824,-0.5294117647058824,-0.5294117647058824,-0.5294117647058824,-0.5294117647058824,-0.5294117647058824,-0.5294117647058824,-0.5294117647058824,-0.5294117647058824,-0.5294117647058824,-0.5294117647058824,-0.5294117647058824,-0.5294117647058824,-0.5294117647058824,-0.5294117647058824,-0.5294117647058824,-0.5294117647058824,-0.5294117647058824,-0.5294117647058824,-0.5294117647058824,-0.5294117647058824,-0.5294117647058824,-0.5294117647058824,-0.5294117647058824,-0.5294117647058824,-0.5294117647058824,-0.5294117647058824,-0.5294117647058824,-0.5294117647058824,-0.5294117647058824,-0.5294117647058824,-0.5294117647058824,-0.5294117647058824,-0.5294117647058824,-0.5294117647058824,-0.5294117647058824,-0.5294117647058824,-0.5294117647058824,-0.5294117647058824,-0.5294117647058824,-0.5294117647058824,-0.5294117647058824,-0.5294117647058824,-0.5294117647058824,-0.5294117647058824,-0.5294117647058824,-0.5294117647058824,-0.5294117647058824,-0.5294117647058824,-0.5294117647058824,-0.5294117647058824,-0.5294117647058824,-0.5294117647058824,-0.5294117647058824,-0.5294117647058824,-0.5294117647058824,-0.5294117647058824,-0.5294117647058824,-0.5294117647058824,-0.5294117647058824,-0.5294117647058824,-0.5294117647058824,-0.5294117647058824,-0.5294117647058824,-0.5294117647058824,-0.5294117647058824,-0.5294117647058824,-0.5294117647058824,-0.5294117647058824,-0.5294117647058824,-0.5294117647058824,-0.5294117647058824
-0.403921568627451,-0.5529411764705883,-0.607843137254902,-0.3803921568627451,-0.3803921568627451,-0.6784313725490196,-0.7568627450980392,-0.6235294117647059,-0.6,-0.6,-0.6,-0.6,-0.6,-0.6,-0.6,-0.6,-0.6,-0.6,-0.6,-0.6,-0.6,-0.6,-0.6,-0.6,-0.6,-0.6,-0.6,-0.6,-0.6,-0.6,-0.6,-0.6,-0.6,-0.6,-0.6,-0.6,-0.6,-0.6,-0.6,-0.6,-0.6,-0.6,-0.6,-0.6,-0.6,-0.6,-0.6,-0.6,-0.6,-0.6,-0.6,-0.6,-0.6,-0.6,-0.6,-0.6,-0.6,-0.6,-0.6,-0.6,-0.6,-0.6,-0.6,-0.6,-0.6,-0.6,-0.6,-0.6,-0.6,-0.6,-0.6,-0.6,-0.6,-0.6,-0.6,-0.6,-0.6,-0.6,-0.6,-0.6,-0.6,-0.6,-0.6,-0.6,-0.6,-0.6,-0.6,-0.6,-0.6,-0.6,-0.6,-0.6,-0.6,-0.6,-0.6,-0.6,-0.6,-0.6,-0.6,-0.6,-0.6,-0.6,-0.6,-0.6,-0.6,-0.6,-0.6,-0.6,-0.6,-0.6,-0.6,-0.6,-0.6,-0.6,-0.6,-0.6,-0.6,-0.6,-0.6,-0.6,-0.6,-0.6,-0.6,-0.6,-0.6
-0.17647058823529416,-0.3254901960784313,-0.3803921568627451,-0.15294117647058825,-0.15294117647058825,-0.4509803921568627,-0.5294117647058824,-0.35686274509803917,-0.28627450980392155,-0.28627450980392155,-0.28627450980392155,-0.28627450980392155,-0.28627450980392155,-0.28627450980392155,-0.28627450980392155,-0.28627450980392155,-0.28627450980392155,-0.28627450980392155,-0.28627450980392155,-0.28627450980392155,-0.28627450980392155,-0.28627450980392155,-0.28627450980392155,-0.28627450980392155,-0.28627450980392155,-0.28627450980392155,-0.28627450980392155,-0.28627450980392155,-0.28627450980392155,-0.28627450980392155,-0.28627450980392155,-0.28627450980392155,-0.28627450980392155,-0.28627450980392155,-0.28627450980392155,-0.28627450980392155,-0.28627450980392155,-0.28627450980392155,-0.28627450980392155,-0.28627450980392155,-0.28627450980392155,-0.28627450980392155,-0.28627450980392155,-0.28627450980392155,-0.28627450980392155,-0.28627450980392155,-0.28627450980392155,-0.28627450980392155,-0.28627450980392155,-0.28627450980392155,-0.28627450980392155,-0.28627450980392155,-0.28627450980392155,-0.28627450980392155,-0.28627450980392155,-0.28627450980392155,-0.28627450980392155,-0.28627450980392155,-0.28627450980392155,-0.28627450980392155,-0.28627450980392155,-0.28627450980392155,-0.28627450980392155,-0.28627450980392155,-0.28627450980392155,-0.28627450980392155,-0.28627450980392155,-0.28627450980392155,-0.28627450980392155,-0.28627450980392155,-0.28627450980392155,-0.28627450980392155,-0.28627450980392155,-0.28627450980392155,-0.28627450980392155,-0.28627450980392155,-0.28627450980392155,-0.28627450980392155,-0.28627450980392155,-0.28627450980392155,-0.28627450980392155,-0.28627450980392155,-0.28627450980392155,-0.28627450980392155,-0.28627450980392155,-0.28627450980392155,-0.28627450980392155,-0.28627450980392155,-0.28627450980392155,-0.28627450980392155,-0.28627450980392155,-0.28627450980392155,-0.28627450980392155,-0.28627450980392155,-0.28627450980392155,-0.28627450980392155,-0.28627450980392155,-0.28627450980392155,-0.28627450980392155,-0.28627450980392155,-0.28627450980392155,-0.28627450980392155,-0.28627450980392155,-0.28627450980392155,-0.28627450980392155,-0.28627450980392155,-0.28627450980392155,-0.28627450980392155,-0.28627450980392155,-0.28627450980392155,-0.28627450980392155,-0.28627450980392155,-0.28627450980392155,-0.28627450980392155,-0.28627450980392155,-0.28627450980392155,-0.28627450980392155,-0.28627450980392155,-0.28627450980392155,-0.28627450980392155,-0.28627450980392155,-0.28627450980392155,-0.28627450980392155,-0.28627450980392155,-0.28627450980392155
-0.17647058823529416,-0.3254901960784313,-0.3803921568627451,-0.15294117647058825,-0.15294117647058825,-0.4509803921568627,-0.5294117647058824,-0.35686274509803917,-0.28627450980392155,-0.28627450980392155,-0.28627450980392155,-0.28627450980392155,-0.28627450980392155,-0.28627450980392155,-0.28627450980392155,-0.28627450980392155,-0.28627450980392155,-0.28627450980392155,-0.28627450980392155,-0.28627450980392155,-0.28627450980392155,-0.28627450980392155,-0.28627450980392155,-0.28627450980392155,-0.28627450980392155,-0.28627450980392155,-0.28627450980392155,-0.28627450980392155,-0.28627450980392155,-0.28627450980392155,-0.28627450980392155,-0.28627450980392155,-0.28627450980392155,-0.28627450980392155,-0.28627450980392155,-0.28627450980392155,-0.28627450980392155,-0.28627450980392155,-0.28627450980392155,-0.28627450980392155,-0.28627450980392155,-0.28627450980392155,-0.28627450980392155,-0.28627450980392155,-0.28627450980392155,-0.28627450980392155,-0.28627450980392155,-0.28627450980392155,-0.28627450980392155,-0.28627450980392155,-0.28627450980392155,-0.28627450980392155,-0.28627450980392155,-0.28627450980392155,-0.28627450980392155,-0.28627450980392155,-0.28627450980392155,-0.28627450980392155,-0.28627450980392155,-0.28627450980392155,-0.28627450980392155,-0.28627450980392155,-0.28627450980392155,-0.28627450980392155,-0.28627450980392155,-0.28627450980392155,-0.28627450980392155,-0.28627450980392155,-0.28627450980392155,-0.28627450980392155,-0.28627450980392155,-0.28627450980392155,-0.28627450980392155,-0.28627450980392155,-0.28627450980392155,-0.28627450980392155,-0.28627450980392155,-0.28627450980392155,-0.28627450980392155,-0.28627450980392155,-0.28627450980392155,-0.28627450980392155,-0.28627450980392155,-0.28627450980392155,-0.28627450980392155,-0.28627450980392155,-0.28627450980392155,-0.28627450980392155,-0.28627450980392155,-0.28627450980392155,-0.28627450980392155,-0.28627450980392155,-0.28627450980392155,-0.28627450980392155,-0.28627450980392155,-0.28627450980392155,-0.28627450980392155,-0.28627450980392155,-0.28627450980392155,-0.28627450980392155,-0.28627450980392155,-0.28627450980392155,-0.28627450980392155,-0.28627450980392155,-0.28627450980392155,-0.28627450980392155,-0.28627450980392155,-0.28627450980392155,-0.28627450980392155,-0.28627450980392155,-0.28627450980392155,-0.28627450980392155,-0.28627450980392155,-0.28627450980392155,-0.28627450980392155,-0.28627450980392155,-0.28627450980392155,-0.28627450980392155,-0.28627450980392155,-0.28627450980392155,-0.28627450980392155,-0.28627450980392155,-0.28627450980392155,-0.28627450980392155,-0.28627450980392155
-0.48235294117647054,-0.6313725490196078,-0.6784313725490196,-0.4509803921568627,-0.4509803921568627,-0.7568627450980392,-0.8274509803921568,-0.7176470588235294,-0.7019607843137254,-0.7019607843137254,-0.7019607843137254,-0.7019607843137254,-0.7019607843137254,-0.7019607843137254,-0.7019607843137254,-0.7019607843137254,-0.7019607843137254,-0.7019607843137254,-0.7019607843137254,-0.7019607843137254,-0.7019607843137254,-0.7019607843137254,-0.7019607843137254,-0.7019607843137254,-0.7019607843137254,-0.7019607843137254,-0.7019607843137254,-0.7019607843137254,-0.7019607843137254,-0.7019607843137254,-0.7019607843137254,-0.7019607843137254,-0.7019607843137254,-0.7019607843137254,-0.7019607843137254,-0.7019607843137254,-0.7019607843137254,-0.7019607843137254,-0.7019607843137254,-0.7019607843137254,-0.7019607843137254,-0.7019607843137254,-0.7019607843137254,-0.7019607843137254,-0.7019607843137254,-0.7019607843137254,-0.7019607843137254,-0.7019607843137254,-0.7019607843137254,-0.7019607843137254,-0.7019607843137254,-0.7019607843137254,-0.7019607843137254,-0.7019607843137254,-0.7019607843137254,-0.7019607843137254,-0.7019607843137254,-0.7019607843137254,-0.7019607843137254,-0.7019607843137254,-0.7019607843137254,-0.7019607843137254,-0.7019607843137254,-0.7019607843137254,-0.7019607843137254,-0.7019607843137254,-0.7019607843137254,-0.7019607843137254,-0.7019607843137254,-0.7019607843137254,-0.7019607843137254,-0.7019607843137254,-0.7019607843137254,-0.7019607843137254,-0.7019607843137254,-0.7019607843137254,-0.7019607843137254,-0.7019607843137254,-0.7019607843137254,-0.7019607843137254,-0.7019607843137254,-0.7019607843137254,-0.7019607843137254,-0.7019607843137254,-0.7019607843137254,-0.7019607843137254,-0.7019607843137254,-0.7019607843137254,-0.7019607843137254,-0.7019607843137254,-0.7019607843137254,-0.7019607843137254,-0.7019607843137254,-0.7019607843137254,-0.7019607843137254,-0.7019607843137254,-0.7019607843137254,-0.7019607843137254,-0.7019607843137254,-0.7019607843137254,-0.7019607843137254,-0.7019607843137254,-0.7019607843137254,-0.7019607843137254,-0.7019607843137254,-0.7019607843137254,-0.7019607843137254,-0.7019607843137254,-0.7019607843137254,-0.7019607843137254,-0.7019607843137254,-0.7019607843137254,-0.7019607843137254,-0.7019607843137254,-0.7019607843137254,-0.7019607843137254,-0.7019607843137254,-0.7019607843137254,-0.7019607843137254,-0.7019607843137254,-0.7019607843137254,-0.7019607843137254,-0.7019607843137254,-0.7019607843137254,-0.7019607843137254
-0.5529411764705883,-0.7019607843137254,-0.7568627450980392,-0.5294117647058824,-0.5294117647058824,-0.8274509803921568,-0.9058823529411765,-0.803921568627451,-0.803921568627451,-0.803921568627451,-0.803921568627451,-0.803921568627451,-0.803921568627451,-0.803921568627451,-0.803921568627451,-0.803921568627451,-0.803921568627451,-0.803921568627451,-0.803921568627451,-0.803921568627451,-0.803921568627451,-0.803921568627451,-0.803921568627451,-0.803921568627451,-0.803921568627451,-0.803921568627451,-0.803921568627451,-0.803921568627451,-0.803921568627451,-0.803921568627451,-0.803921568627451,-0.803921568627451,-0.803921568627451,-0.803921568627451,-0.803921568627451,-0.803921568627451,-0.803921568627451,-0.803921568627451,-0.803921568627451,-0.803921568627451,-0.803921568627451,-0.803921568627451,-0.803921568627451,-0.803921568627451,-0.803921568627451,-0.803921568627451,-0.803921568627451,-0.803921568627451,-0.803921568627451,-0.803921568627451,-0.803921568627451,-0.803921568627451,-0.803921568627451,-0.803921568627451,-0.803921568627451,-0.803921568627451,-0.803921568627451,-0.803921568627451,-0.803921568627451,-0.803921568627451,-0.803921568627451,-0.803921568627451,-0.803921568627451,-0.803921568627451,-0.803921568627451,-0.803921568627451,-0.803921568627451,-0.803921568627451,-0.803921568627451,-0.803921568627451,-0.803921568627451,-0.803921568627451,-0.803921568627451,-0.803921568627451,-0.803921568627451,-0.803921568627451,-0.803921568627451,-0.803921568627451,-0.803921568627451,-0.803921568627451,-0.803921568627451,-0.803921568627451,-0.803921568627451,-0.803921568627451,-0.803921568627451,-0.803921568627451,-0.803921568627451,-0.803921568627451,-0.803921568627451,-0.803921568627451,-0.803921568627451,-0.803921568627451,-0.803921568627451,-0.803921568627451,-0.803921568627451,-0.803921568627451,-0.803921568627451,-0.803921568627451,-0.803921568627451,-0.803921568627451,-0.803921568627451,-0.803921568627451,-0.803921568627451,-0.803921568627451,-0.803921568627451,-0.803921568627451,-0.803921568627451,-0.803921568627451,-0.803921568627451,-0.803921568627451,-0.803921568627451,-0.803921568627451,-0.803921568627451,-0.803921568627451,-0.803921568627451,-0.803921568627451,-0.803921568627451,-0.803921568627451,-0.803921568627451,-0.803921568627451,-0.803921568627451,-0.803921568627451,-0.803921568627451,-0.803921568627451,-0.803921568627451
-0.388235294117647,-0.5686274509803921,-0.6235294117647059,-0.35686274509803917,-0.35686274509803917,-0.7176470588235294,-0.803921568627451,-0.6313725490196078,-0.584313725490196,-0.584313725490196,-0.584313725490196,-0.584313725490196,-0.584313725490196,-0.584313725490196,-0.584313725490196,-0.584313725490196,-0.584313725490196,-0.584313725490196,-0.584313725490196,-0.584313725490196,-0.584313725490196,-0.584313725490196,-0.584313725490196,-0.584313725490196,-0.584313725490196,-0.584313725490196,-0.584313725490196,-0.584313725490196,-0.584313725490196,-0.584313725490196,-0.584313725490196,-0.584313725490196,-0.584313725490196,-0.584313725490196,-0.584313725490196,-0.584313725490196,-0.584313725490196,-0.584313725490196,-0.584313725490196,-0.584313725490196,-0.584313725490196,-0.584313725490196,-0.584313725490196,-0.584313725490196,-0.584313725490196,-0.584313725490196,-0.584313725490196,-0.584313725490196,-0.584313725490196,-0.584313725490196,-0.584313725490196,-0.584313725490196,-0.584313725490196,-0.584313725490196,-0.584313725490196,-0.584313725490196,-0.584313725490196,-0.584313725490196,-0.584313725490196,-0.584313725490196,-0.584313725490196,-0.584313725490196,-0.584313725490196,-0.584313725490196,-0.584313725490196,-0.584313725490196,-0.584313725490196,-0.584313725490196,-0.584313725490196,-0.584313725490196,-0.584313725490196,-0.584313725490196,-0.584313725490196,-0.584313725490196,-0.584313725490196,-0.584313725490196,-0.584313725490196,-0.584313725490196,-0.584313725490196,-0.584313725490196,-0.584313725490196,-0.584313725490196,-0.584313725490196,-0.584313725490196,-0.584313725490196,-0.584313725490196,-0.584313725490196,-0.584313725490196,-0.584313725490196,-0.584313725490196,-0.584313725490196,-0.584313725490196,-0.584313725490196,-0.584313725490196,-0.584313725490196,-0.584313725490196,-0.584313725490196,-0.584313725490196,-0.584313725490196,-0.584313725490196,-0.584313725490196,-0.584313725490196,-0.584313725490196,-0.584313725490196,-0.584313725490196,-0.584313725490196,-0.584313725490196,-0.584313725490196,-0.584313725490196,-0.584313725490196,-0.584313725490196,-0.584313725490196,-0.584313725490196,-0.584313725490196,-0.584313725490196,-0.584313725490196,-0.584313725490196,-0.584313725490196,-0.584313725490196,-0.584313725490196,-0.584313725490196,-0.584313725490196,-0.584313725490196,-0.584313725490196,-0.584313725490196
-0.3254901960784313,-0.5294117647058824,-0.6,-0.28627450980392155,-0.28627450980392155,-0.7019607843137254,-0.803921568627451,-0.584313725490196,-0.5058823529411764,-0.5058823529411764,-0.5058823529411764,-0.5058823529411764,-0.5058823529411764,-0.5058823529411764,-0.5058823529411764,-0.5058823529411764,-0.5058823529411764,-0.5058823529411764,-0.5058823529411764,-0.5058823529411764,-0.5058823529411764,-0.5058823529411764,-0.5058823529411764,-0.5058823529411764,-0.5058823529411764,-0.5058823529411764,-0.5058823529411764,-0.5058823529411764,-0.5058823529411764,-0.5058823529411764,-0.5058823529411764,-0.5058823529411764,-0.5058823529411764,-0.5058823529411764,-0.5058823529411764,-0.5058823529411764,-0.5058823529411764,-0.5058823529411764,-0.5058823529411764,-0.5058823529411764,-0.5058823529411764,-0.5058823529411764,-0.5058823529411764,-0.5058823529411764,-0.5058823529411764,-0.5058823529411764,-0.5058823529411764,-0.5058823529411764,-0.5058823529411764,-0.5058823529411764,-0.5058823529411764,-0.5058823529411764,-0.5058823529411764,-0.5058823529411764,-0.5058823529411764,-0.5058823529411764,-0.5058823529411764,-0.5058823529411764,-0.5058823529411764,-0.5058823529411764,-0.5058823529411764,-0.5058823529411764,-0.5058823529411764,-0.5058823529411764,-0.5058823529411764,-0.5058823529411764,-0.5058823529411764,-0.5058823529411764,-0.5058823529411764,-0.5058823529411764,-0.5058823529411764,-0.5058823529411764,-0.5058823529411764,-0.5058823529411764,-0.5058823529411764,-0.5058823529411764,-0.5058823529411764,-0.5058823529411764,-0.5058823529411764,-0.5058823529411764,-0.5058823529411764,-0.5058823529411764,-0.5058823529411764,-0.5058823529411764,-0.5058823529411764,-0.5058823529411764,-0.5058823529411764,-0.5058823529411764,-0.5058823529411764,-0.5058823529411764,-0.5058823529411764,-0.5058823529411764,-0.5058823529411764,-0.5058823529411764,-0.5058823529411764,-0.5058823529411764,-0.5058823529411764,-0.5058823529411764,-0.5058823529411764,-0.5058823529411764,-0.5058823529411764,-0.5058823529411764,-0.5058823529411764,-0.5058823529411764,-0.5058823529411764,-0.5058823529411764,-0.5058823529411764,-0.5058823529411764,-0.5058823529411764,-0.5058823529411764,-0.5058823529411764,-0.5058823529411764,-0.5058823529411764,-0.5058823529411764,-0.5058823529411764,-0.5058823529411764,-0.5058823529411764,-0.5058823529411764,-0.5058823529411764,-0.5058823529411764,-0.5058823529411764,-0.5058823529411764,-0.5058823529411764,-0.5058823529411764,-0.5058823529411764
-0.3254901960784313,-0.5294117647058824,-0.6,-0.28627450980392155,-0.28627450980392155,-0.7019607843137254,-0.803921568627451,-0.584313725490196,-0.5058823529411764,-0.5058823529411764,-0.5058823529411764,-0.5058823529411764,-0.5058823529411764,-0.5058823529411764,-0.5058823529411764,-0.5058823529411764,-0.5058823529411764,-0.5058823529411764,-0.5058823529411764,-0.5058823529411764,-0.5058823529411764,-0.5058823529411764,-0.5058823529411764,-0.5058823529411764,-0.5058823529411764,-0.5058823529411764,-0.5058823529411764,-0.5058823529411764,-0.5058823529411764,-0.5058823529411764,-0.5058823529411764,-0.5058823529411764,-0.5058823529411764,-0.5058823529411764,-0.5058823529411764,-0.5058823529411764,-0.5058823529411764,-0.5058823529411764,-0.5058823529411764,-0.5058823529411764,-0.5058823529411764,-0.5058823529411764,-0.5058823529411764,-0.5058823529411764,-0.5058823529411764,-0.5058823529411764,-0.5058823529411764,-0.5058823529411764,-0.5058823529411764,-0.5058823529411764,-0.5058823529411764,-0.5058823529411764,-0.5058823529411764,-0.5058823529411764,-0.5058823529411764,-0.5058823529411764,-0.5058823529411764,-0.5058823529411764,-0.5058823529411764,-0.5058823529411764,-0.5058823529411764,-0.5058823529411764,-0.5058823529411764,-0.5058823529411764,-0.5058823529411764,-0.5058823529411764,-0.5058823529411764,-0.5058823529411764,-0.5058823529411764,-0.5058823529411764,-0.5058823529411764,-0.5058823529411764,-0.5058823529411764,-0.5058823529411764,-0.5058823529411764,-0.5058823529411764,-0.5058823529411764,-0.5058823529411764,-0.5058823529411764,-0.5058823529411764,-0.5058823529411764,-0.5058823529411764,-0.5058823529411764,-0.5058823529411764,-0.5058823529411764,-0.5058823529411764,-0.5058823529411764,-0.5058823529411764,-0.5058823529411764,-0.5058823529411764,-0.5058823529411764,-0.5058823529411764,-0.5058823529411764,-0.5058823529411764,-0.5058823529411764,-0.5058823529411764,-0.5058823529411764,-0.5058823529411764,-0.5058823529411764,-0.5058823529411764,-0.5058823529411764,-0.5058823529411764,-0.5058823529411764,-0.5058823529411764,-0.5058823529411764,-0.5058823529411764,-0.5058823529411764,-0.5058823529411764,-0.5058823529411764,-0.5058823529411764,-0.5058823529411764,-0.5058823529411764,-0.5058823529411764,-0.5058823529411764,-0.5058823529411764,-0.5058823529411764,-0.5058823529411764,-0.5058823529411764,-0.5058823529411764,-0.5058823529411764,-0.5058823529411764,-0.5058823529411764,-0.5058823529411764,-0.5058823529411764,-0.5058823529411764
-0.3254901960784313,-0.5294117647058824,-0.6,-0.28627450980392155,-0.28627450980392155,-0.7019607843137254,-0.803921568627451,-0.584313725490196,-0.5058823529411764,-0.5058823529411764,-0.5058823529411764,-0.5058823529411764,-0.5058823529411764,-0.5058823529411764,-0.5058823529411764,-0.5058823529411764,-0.5058823529411764,-0.5058823529411764,-0.5058823529411764,-0.5058823529411764,-0.5058823529411764,-0.5058823529411764,-0.5058823529411764,-0.5058823529411764,-0.5058823529411764,-0.5058823529411764,-0.5058823529411764,-0.5058823529411764,-0.5058823529411764,-0.5058823529411764,-0.5058823529411764,-0.5058823529411764,-0.5058823529411764,-0.5058823529411764,-0.5058823529411764,-0.5058823529411764,-0.5058823529411764,-0.5058823529411764,-0.5058823529411764,-0.5058823529411764,-0.5058823529411764,-0.5058823529411764,-0.5058823529411764,-0.5058823529411764,-0.5058823529411764,-0.5058823529411764,-0.5058823529411764,-0.5058823529411764,-0.5058823529411764,-0.5058823529411764,-0.5058823529411764,-0.5058823529411764,-0.5058823529411764,-0.5058823529411764,-0.5058823529411764,-0.5058823529411764,-0.5058823529411764,-0.5058823529411764,-0.5058823529411764,-0.5058823529411764,-0.5058823529411764,-0.5058823529411764,-0.5058823529411764,-0.5058823529411764,-0.5058823529411764,-0.5058823529411764,-0.5058823529411764,-0.5058823529411764,-0.5058823529411764,-0.5058823529411764,-0.5058823529411764,-0.5058823529411764,-0.5058823529411764,-0.5058823529411764,-0.5058823529411764,-0.5058823529411764,-0.5058823529411764,-0.5058823529411764,-0.5058823529411764,-0.5058823529411764,-0.5058823529411764,-0.5058823529411764,-0.5058823529411764,-0.5058823529411764,-0.5058823529411764,-0.5058823529411764,-0.5058823529411764,-0.5058823529411764,-0.5058823529411764,-0.5058823529411764,-0.5058823529411764,-0.5058823529411764,-0.5058823529411764,-0.5058823529411764,-0.5058823529411764,-0.5058823529411764,-0.5058823529411764,-0.5058823529411764,-0.5058823529411764,-0.5058823529411764,-0.5058823529411764,-0.5058823529411764,-0.5058823529411764,-0.5058823529411764,-0.5058823529411764,-0.5058823529411764,-0.5058823529411764,-0.5058823529411764,-0.5058823529411764,-0.5058823529411764,-0.5058823529411764,-0.5058823529411764,-0.5058823529411764,-0.5058823529411764,-0.5058823529411764,-0.5058823529411764,-0.5058823529411764,-0.5058823529411764,-0.5058823529411764,-0.5058823529411764,-0.5058823529411764,-0.5058823529411764,-0.5058823529411764,-0.5058823529411764,-0.5058823529411764
-0.3254901960784313,-0.5294117647058824,-0.6,-0.28627450980392155,-0.28627450980392155,-0.7019607843137254,-0.803921568627451,-0.584313725490196,-0.5058823529411764,-0.5058823529411764,-0.5058823529411764,-0.5058823529411764,-0.5058823529411764,-0.5058823529411764,-0.5058823529411764,-0.5058823529411764,-0.5058823529411764,-0.5058823529411764,-0.5058823529411764,-0.5058823529411764,-0.5058823529411764,-0.5058823529411764,-0.5058823529411764,-0.5058823529411764,-0.5058823529411764,-0.5058823529411764,-0.5058823529411764,-0.5058823529411764,-0.5058823529411764,-0.5058823529411764,-0.5058823529411764,-0.5058823529411764,-0.5058823529411764,-0.5058823529411764,-0.5058823529411764,-0.5058823529411764,-0.5058823529411764,-0.5058823529411764,-0.5058823529411764,-0.5058823529411764,-0.5058823529411764,-0.5058823529411764,-0.5058823529411764,-0.5058823529411764,-0.5058823529411764,-0.5058823529411764,-0.5058823529411764,-0.5058823529411764,-0.5058823529411764,-0.5058823529411764,-0.5058823529411764,-0.5058823529411764,-0.5058823529411764,-0.5058823529411764,-0.5058823529411764,-0.5058823529411764,-0.5058823529411764,-0.5058823529411764,-0.5058823529411764,-0.5058823529411764,-0.5058823529411764,-0.5058823529411764,-0.5058823529411764,-0.5058823529411764,-0.5058823529411764,-0.5058823529411764,-0.5058823529411764,-0.5058823529411764,-0.5058823529411764,-0.5058823529411764,-0.5058823529411764,-0.5058823529411764,-0.5058823529411764,-0.5058823529411764,-0.5058823529411764,-0.5058823529411764,-0.5058823529411764,-0.5058823529411764,-0.5058823529411764,-0.5058823529411764,-0.5058823529411764,-0.5058823529411764,-0.5058823529411764,-0.5058823529411764,-0.5058823529411764,-0.5058823529411764,-0.5058823529411764,-0.5058823529411764,-0.5058823529411764,-0.5058823529411764,-0.5058823529411764,-0.5058823529411764,-0.5058823529411764,-0.5058823529411764,-0.5058823529411764,-0.5058823529411764,-0.5058823529411764,-0.5058823529411764,-0.5058823529411764,-0.5058823529411764,-0.5058823529411764,-0.5058823529411764,-0.5058823529411764,-0.5058823529411764,-0.5058823529411764,-0.5058823529411764,-0.5058823529411764,-0.5058823529411764,-0.5058823529411764,-0.5058823529411764,-0.5058823529411764,-0.5058823529411764,-0.5058823529411764,-0.5058823529411764,-0.5058823529411764,-0.5058823529411764,-0.5058823529411764,-0.5058823529411764,-0.5058823529411764,-0.5058823529411764,-0.5058823529411764,-0.5058823529411764,-0.5058823529411764,-0.5058823529411764,-0.5058823529411764
-0.3254901960784313,-0.5294117647058824,-0.6,-0.28627450980392155,-0.28627450980392155,-0.7019607843137254,-0.803921568627451,-0.584313725490196,-0.5058823529411764,-0.5058823529411764,-0.5058823529411764,-0.5058823529411764,-0.5058823529411764,-0.5058823529411764,-0.5058823529411764,-0.5058823529411764,-0.5058823529411764,-0.5058823529411764,-0.5058823529411764,-0.5058823529411764,-0.5058823529411764,-0.5058823529411764,-0.5058823529411764,-0.5058823529411764,-0.5058823529411764,-0.5058823529411764,-0.5058823529411764,-0.5058823529411764,-0.5058823529411764,-0.5058823529411764,-0.5058823529411764,-0.5058823529411764,-0.5058823529411764,-0.5058823529411764,-0.5058823529411764,-0.5058823529411764,-0.5058823529411764,-0.5058823529411764,-0.5058823529411764,-0.5058823529411764,-0.5058823529411764,-0.5058823529411764,-0.5058823529411764,-0.5058823529411764,-0.5058823529411764,-0.5058823529411764,-0.5058823529411764,-0.5058823529411764,-0.5058823529411764,-0.5058823529411764,-0.5058823529411764,-0.5058823529411764,-0.5058823529411764,-0.5058823529411764,-0.5058823529411764,-0.5058823529411764,-0.5058823529411764,-0.5058823529411764,-0.5058823529411764,-0.5058823529411764,-0.5058823529411764,-0.5058823529411764,-0.5058823529411764,-0.5058823529411764,-0.5058823529411764,-0.5058823529411764,-0.5058823529411764,-0.5058823529411764,-0.5058823529411764,-0.5058823529411764,-0.5058823529411764,-0.5058823529411764,-0.5058823529411764,-0.5058823529411764,-0.5058823529411764,-0.5058823529411764,-0.5058823529411764,-0.5058823529411764,-0.5058823529411764,-0.5058823529411764,-0.5058823529411764,-0.5058823529411764,-0.5058823529411764,-0.5058823529411764,-0.5058823529411764,-0.5058823529411764,-0.5058823529411764,-0.5058823529411764,-0.5058823529411764,-0.5058823529411764,-0.5058823529411764,-0.5058823529411764,-0.5058823529411764,-0.5058823529411764,-0.5058823529411764,-0.5058823529411764,-0.5058823529411764,-0.5058823529411764,-0.5058823529411764,-0.5058823529411764,-0.5058823529411764,-0.5058823529411764,-0.5058823529411764,-0.5058823529411764,-0.5058823529411764,-0.5058823529411764,-0.5058823529411764,-0.5058823529411764,-0.5058823529411764,-0.5058823529411764,-0.5058823529411764,-0.5058823529411764,-0.5058823529411764,-0.5058823529411764,-0.5058823529411764,-0.5058823529411764,-0.5058823529411764,-0.5058823529411764,-0.5058823529411764,-0.5058823529411764,-0.5058823529411764,-0.5058823529411764,-0.5058823529411764,-0.5058823529411764,-0.5058823529411764
-0.3254901960784313,-0.5294117647058824,-0.6,-0.28627450980392155,-0.28627450980392155,-0.7019607843137254,-0.803921568627451,-0.584313725490196,-0.5058823529411764,-0.5058823529411764,-0.5058823529411764,-0.5058823529411764,-0.5058823529411764,-0.5058823529411764,-0.5058823529411764,-0.5058823529411764,-0.5058823529411764,-0.5058823529411764,-0.5058823529411764,-0.5058823529411764,-0.5058823529411764,-0.5058823529411764,-0.5058823529411764,-0.5058823529411764,-0.5058823529411764,-0.5058823529411764,-0.5058823529411764,-0.5058823529411764,-0.5058823529411764,-0.5058823529411764,-0.5058823529411764,-0.5058823529411764,-0.5058823529411764,-0.5058823529411764,-0.5058823529411764,-0.5058823529411764,-0.5058823529411764,-0.5058823529411764,-0.5058823529411764,-0.5058823529411764,-0.5058823529411764,-0.5058823529411764,-0.5058823529411764,-0.5058823529411764,-0.5058823529411764,-0.5058823529411764,-0.5058823529411764,-0.5058823529411764,-0.5058823529411764,-0.5058823529411764,-0.5058823529411764,-0.5058823529411764,-0.5058823529411764,-0.5058823529411764,-0.5058823529411764,-0.5058823529411764,-0.5058823529411764,-0.5058823529411764,-0.5058823529411764,-0.5058823529411764,-0.5058823529411764,-0.5058823529411764,-0.5058823529411764,-0.5058823529411764,-0.5058823529411764,-0.5058823529411764,-0.5058823529411764,-0.5058823529411764,-0.5058823529411764,-0.5058823529411764,-0.5058823529411764,-0.5058823529411764,-0.5058823529411764,-0.5058823529411764,-0.5058823529411764,-0.5058823529411764,-0.5058823529411764,-0.5058823529411764,-0.5058823529411764,-0.5058823529411764,-0.5058823529411764,-0.5058823529411764,-0.5058823529411764,-0.5058823529411764,-0.5058823529411764,-0.5058823529411764,-0.5058823529411764,-0.5058823529411764,-0.5058823529411764,-0.5058823529411764,-0.5058823529411764,-0.5058823529411764,-0.5058823529411764,-0.5058823529411764,-0.5058823529411764,-0.5058823529411764,-0.5058823529411764,-0.5058823529411764,-0.5058823529411764,-0.5058823529411764,-0.5058823529411764,-0.5058823529411764,-0.5058823529411764,-0.5058823529411764,-0.5058823529411764,-0.5058823529411764,-0.5058823529411764,-0.5058823529411764,-0.5058823529411764,-0.5058823529411764,-0.5058823529411764,-0.5058823529411764,-0.5058823529411764,-0.5058823529411764,-0.5058823529411764,-0.5058823529411764,-0.5058823529411764,-0.5058823529411764,-0.5058823529411764,-0.5058823529411764,-0.5058823529411764,-0.5058823529411764,-0.5058823529411764,-0.5058823529411764,-0.5058823529411764
-0.3254901960784313,-0.5294117647058824,-0.6,-0.28627450980392155,-0.28627450980392155,-0.7019607843137254,-0.803921568627451,-0.584313725490196,-0.5058823529411764,-0.5058823529411764,-0.5058823529411764,-0.5058823529411764,-0.5058823529411764,-0.5058823529411764,-0.5058823529411764,-0.5058823529411764,-0.5058823529411764,-0.5058823529411764,-0.5058823529411764,-0.5058823529411764,-0.5058823529411764,-0.5058823529411764,-0.5058823529411764,-0.5058823529411764,-0.5058823529411764,-0.5058823529411764,-0.5058823529411764,-0.5058823529411764,-0.5058823529411764,-0.5058823529411764,-0.5058823529411764,-0.5058823529411764,-0.5058823529411764,-0.5058823529411764,-0.5058823529411764,-0.5058823529411764,-0.5058823529411764,-0.5058823529411764,-0.5058823529411764,-0.5058823529411764,-0.5058823529411764,-0.5058823529411764,-0.5058823529411764,-0.5058823529411764,-0.5058823529411764,-0.5058823529411764,-0.5058823529411764,-0.5058823529411764,-0.5058823529411764,-0.5058823529411764,-0.5058823529411764,-0.5058823529411764,-0.5058823529411764,-0.5058823529411764,-0.5058823529411764,-0.5058823529411764,-0.5058823529411764,-0.5058823529411764,-0.5058823529411764,-0.5058823529411764,-0.5058823529411764,-0.5058823529411764,-0.5058823529411764,-0.5058823529411764,-0.5058823529411764,-0.5058823529411764,-0.5058823529411764,-0.5058823529411764,-0.5058823529411764,-0.5058823529411764,-0.5058823529411764,-0.5058823529411764,-0.5058823529411764,-0.5058823529411764,-0.5058823529411764,-0.5058823529411764,-0.5058823529411764,-0.5058823529411764,-0.5058823529411764,-0.5058823529411764,-0.5058823529411764,-0.5058823529411764,-0.5058823529411764,-0.5058823529411764,-0.5058823529411764,-0.5058823529411764,-0.5058823529411764,-0.5058823529411764,-0.5058823529411764,-0.5058823529411764,-0.5058823529411764,-0.5058823529411764,-0.5058823529411764,-0.5058823529411764,-0.5058823529411764,-0.5058823529411764,-0.5058823529411764,-0.5058823529411764,-0.5058823529411764,-0.5058823529411764,-0.5058823529411764,-0.5058823529411764,-0.5058823529411764,-0.5058823529411764,-0.5058823529411764,-0.5058823529411764,-0.5058823529411764,-0.5058823529411764,-0.5058823529411764,-0.5058823529411764,-0.5058823529411764,-0.5058823529411764,-0.5058823529411764,-0.5058823529411764,-0.5058823529411764,-0.5058823529411764,-0.5058823529411764,-0.5058823529411764,-0.5058823529411764,-0.5058823529411764,-0.5058823529411764,-0.5058823529411764,-0.5058823529411764,-0.5058823529411764,-0.5058823529411764
-0.3254901960784313,-0.5294117647058824,-0.6,-0.28627450980392155,-0.28627450980392155,-0.7019607843137254,-0.803921568627451,-0.584313725490196,-0.5058823529411764,-0.5058823529411764,-0.5058823529411764,-0.5058823529411764,-0.5058823529411764,-0.5058823529411764,-0.5058823529411764,-0.5058823529411764,-0.5058823529411764,-0.5058823529411764,-0.5058823529411764,-0.5058823529411764,-0.5058823529411764,-0.5058823529411764,-0.5058823529411764,-0.5058823529411764,-0.5058823529411764,-0.5058823529411764,-0.5058823529411764,-0.5058823529411764,-0.5058823529411764,-0.5058823529411764,-0.5058823529411764,-0.5058823529411764,-0.5058823529411764,-0.5058823529411764,-0.5058823529411764,-0.5058823529411764,-0.5058823529411764,-0.5058823529411764,-0.5058823529411764,-0.5058823529411764,-0.5058823529411764,-0.5058823529411764,-0.5058823529411764,-0.5058823529411764,-0.5058823529411764,-0.5058823529411764,-0.5058823529411764,-0.5058823529411764,-0.5058823529411764,-0.5058823529411764,-0.5058823529411764,-0.5058823529411764,-0.5058823529411764,-0.5058823529411764,-0.5058823529411764,-0.5058823529411764,-0.5058823529411764,-0.5058823529411764,-0.5058823529411764,-0.5058823529411764,-0.5058823529411764,-0.5058823529411764,-0.5058823529411764,-0.5058823529411764,-0.5058823529411764,-0.5058823529411764,-0.5058823529411764,-0.5058823529411764,-0.5058823529411764,-0.5058823529411764,-0.5058823529411764,-0.5058823529411764,-0.5058823529411764,-0.5058823529411764,-0.5058823529411764,-0.5058823529411764,-0.5058823529411764,-0.5058823529411764,-0.5058823529411764,-0.5058823529411764,-0.5058823529411764,-0.5058823529411764,-0.5058823529411764,-0.5058823529411764,-0.5058823529411764,-0.5058823529411764,-0.5058823529411764,-0.5058823529411764,-0.5058823529411764,-0.5058823529411764,-0.5058823529411764,-0.5058823529411764,-0.5058823529411764,-0.5058823529411764,-0.5058823529411764,-0.5058823529411764,-0.5058823529411764,-0.5058823529411764,-0.5058823529411764,-0.5058823529411764,-0.5058823529411764,-0.5058823529411764,-0.5058823529411764,-0.5058823529411764,-0.5058823529411764,-0.5058823529411764,-0.5058823529411764,-0.5058823529411764,-0.5058823529411764,-0.5058823529411764,-0.5058823529411764,-0.5058823529411764,-0.5058823529411764,-0.5058823529411764,-0.5058823529411764,-0.5058823529411764,-0.5058823529411764,-0.5058823529411764,-0.5058823529411764,-0.5058823529411764,-0.5058823529411764,-0.5058823529411764,-0.5058823529411764,-0.5058823529411764,-0.5058823529411764
