-0.3019607843137255,-0.5058823529411764,-0.5294117647058824,-0.48235294117647054,-0.5529411764705883,-0.5764705882352941,-0.5529411764705883,-0.5764705882352941,-0.5529411764705883,-0.4509803921568627,-0.5764705882352941,-0.39607843137254906,-0.388235294117647,-0.388235294117647,-0.388235294117647,-0.388235294117647,-0.388235294117647,-0.388235294117647,-0.388235294117647,-0.388235294117647,-0.388235294117647,-0.388235294117647,-0.388235294117647,-0.388235294117647,-0.388235294117647,-0.388235294117647,-0.388235294117647,-0.388235294117647,-0.388235294117647,-0.388235294117647,-0.388235294117647,-0.388235294117647,-0.388235294117647,-0.388235294117647,-0.388235294117647,-0.388235294117647,-0.388235294117647,-0.388235294117647,-0.388235294117647,-0.388235294117647,-0.388235294117647,-0.388235294117647,-0.388235294117647,-0.388235294117647,-0.388235294117647,-0.388235294117647,-0.388235294117647,-0.388235294117647,-0.388235294117647,-0.388235294117647,-0.388235294117647,-0.388235294117647,-0.388235294117647,-0.388235294117647,-0.388235294117647,-0.388235294117647,-0.388235294117647,-0.388235294117647,-0.388235294117647,-0.388235294117647,-0.388235294117647,-0.388235294117647,-0.388235294117647,-0.388235294117647,-0.388235294117647,-0.388235294117647,-0.388235294117647,-0.388235294117647,-0.388235294117647,-0.388235294117647,-0.388235294117647,-0.388235294117647,-0.388235294117647,-0.388235294117647,-0.388235294117647,-0.388235294117647,-0.388235294117647,-0.388235294117647,-0.388235294117647,-0.388235294117647,-0.388235294117647,-0.388235294117647,-0.388235294117647,-0.388235294117647,-0.388235294117647,-0.388235294117647,-0.388235294117647,-0.388235294117647,-0.388235294117647,-0.388235294117647,-0.388235294117647,-0.388235294117647,-0.388235294117647,-0.388235294117647,-0.388235294117647,-0.388235294117647,-0.388235294117647,-0.388235294117647,-0.388235294117647,-0.388235294117647,-0.388235294117647,-0.388235294117647,-0.388235294117647,-0.388235294117647,-0.388235294117647,-0.388235294117647,-0.388235294117647,-0.388235294117647,-0.388235294117647,-0.388235294117647,-0.388235294117647,-0.388235294117647,-0.388235294117647,-0.388235294117647,-0.388235294117647,-0.388235294117647,-0.388235294117647,-0.388235294117647,-0.388235294117647,-0.388235294117647,-0.388235294117647,-0.388235294117647,-0.388235294117647,-0.388235294117647,-0.388235294117647
-0.5058823529411764,-0.7019607843137254,-0.7254901960784313,-0.6784313725490196,-0.7568627450980392,-0.7803921568627451,-0.7568627450980392,-0.7803921568627451,-0.7568627450980392,-0.6549019607843137,-0.7803921568627451,-0.6549019607843137,-0.6627450980392157,-0.6627450980392157,-0.6627450980392157,-0.6627450980392157,-0.6627450980392157,-0.6627450980392157,-0.6627450980392157,-0.6627450980392157,-0.6627450980392157,-0.6627450980392157,-0.6627450980392157,-0.6627450980392157,-0.6627450980392157,-0.6627450980392157,-0.6627450980392157,-0.6627450980392157,-0.6627450980392157,-0.6627450980392157,-0.6627450980392157,-0.6627450980392157,-0.6627450980392157,-0.6627450980392157,-0.6627450980392157,-0.6627450980392157,-0.6627450980392157,-0.6627450980392157,-0.6627450980392157,-0.6627450980392157,-0.6627450980392157,-0.6627450980392157,-0.6627450980392157,-0.6627450980392157,-0.6627450980392157,-0.6627450980392157,-0.6627450980392157,-0.6627450980392157,-0.6627450980392157,-0.6627450980392157,-0.6627450980392157,-0.6627450980392157,-0.6627450980392157,-0.6627450980392157,-0.6627450980392157,-0.6627450980392157,-0.6627450980392157,-0.6627450980392157,-0.6627450980392157,-0.6627450980392157,-0.6627450980392157,-0.6627450980392157,-0.6627450980392157,-0.6627450980392157,-0.6627450980392157,-0.6627450980392157,-0.6627450980392157,-0.6627450980392157,-0.6627450980392157,-0.6627450980392157,-0.6627450980392157,-0.6627450980392157,-0.6627450980392157,-0.6627450980392157,-0.6627450980392157,-0.6627450980392157,-0.6627450980392157,-0.6627450980392157,-0.6627450980392157,-0.6627450980392157,-0.6627450980392157,-0.6627450980392157,-0.6627450980392157,-0.6627450980392157,-0.6627450980392157,-0.6627450980392157,-0.6627450980392157,-0.6627450980392157,-0.6627450980392157,-0.6627450980392157,-0.6627450980392157,-0.6627450980392157,-0.6627450980392157,-0.6627450980392157,-0.6627450980392157,-0.6627450980392157,-0.6627450980392157,-0.6627450980392157,-0.6627450980392157,-0.6627450980392157,-0.6627450980392157,-0.6627450980392157,-0.6627450980392157,-0.6627450980392157,-0.6627450980392157,-0.6627450980392157,-0.6627450980392157,-0.6627450980392157,-0.6627450980392157,-0.6627450980392157,-0.6627450980392157,-0.6627450980392157,-0.6627450980392157,-0.6627450980392157,-0.6627450980392157,-0.6627450980392157,-0.6627450980392157,-0.6627450980392157,-0.6627450980392157,-0.6627450980392157,-0.6627450980392157,-0.6627450980392157,-0.6627450980392157,-0.6627450980392157,-0.6627450980392157
-0.5294117647058824,-0.7254901960784313,-0.7568627450980392,-0.7019607843137254,-0.7803921568627451,-0.803921568627451,-0.7803921568627451,-0.803921568627451,-0.7803921568627451,-0.6784313725490196,-0.803921568627451,-0.6862745098039216,-0.7019607843137254,-0.7019607843137254,-0.7019607843137254,-0.7019607843137254,-0.7019607843137254,-0.7019607843137254,-0.7019607843137254,-0.7019607843137254,-0.7019607843137254,-0.7019607843137254,-0.7019607843137254,-0.7019607843137254,-0.7019607843137254,-0.7019607843137254,-0.7019607843137254,-0.7019607843137254,-0.7019607843137254,-0.7019607843137254,-0.7019607843137254,-0.7019607843137254,-0.7019607843137254,-0.7019607843137254,-0.7019607843137254,-0.7019607843137254,-0.7019607843137254,-0.7019607843137254,-0.7019607843137254,-0.7019607843137254,-0.7019607843137254,-0.7019607843137254,-0.7019607843137254,-0.7019607843137254,-0.7019607843137254,-0.7019607843137254,-0.7019607843137254,-0.7019607843137254,-0.7019607843137254,-0.7019607843137254,-0.7019607843137254,-0.7019607843137254,-0.7019607843137254,-0.7019607843137254,-0.7019607843137254,-0.7019607843137254,-0.7019607843137254,-0.7019607843137254,-0.7019607843137254,-0.7019607843137254,-0.7019607843137254,-0.7019607843137254,-0.7019607843137254,-0.7019607843137254,-0.7019607843137254,-0.7019607843137254,-0.7019607843137254,-0.7019607843137254,-0.7019607843137254,-0.7019607843137254,-0.7019607843137254,-0.7019607843137254,-0.7019607843137254,-0.7019607843137254,-0.7019607843137254,-0.7019607843137254,-0.7019607843137254,-0.7019607843137254,-0.7019607843137254,-0.7019607843137254,-0.7019607843137254,-0.7019607843137254,-0.7019607843137254,-0.7019607843137254,-0.7019607843137254,-0.7019607843137254,-0.7019607843137254,-0.7019607843137254,-0.7019607843137254,-0.7019607843137254,-0.7019607843137254,-0.7019607843137254,-0.7019607843137254,-0.7019607843137254,-0.7019607843137254,-0.7019607843137254,-0.7019607843137254,-0.7019607843137254,-0.7019607843137254,-0.7019607843137254,-0.7019607843137254,-0.7019607843137254,-0.7019607843137254,-0.7019607843137254,-0.7019607843137254,-0.7019607843137254,-0.7019607843137254,-0.7019607843137254,-0.7019607843137254,-0.7019607843137254,-0.7019607843137254,-0.7019607843137254,-0.7019607843137254,-0.7019607843137254,-0.7019607843137254,-0.7019607843137254,-0.7019607843137254,-0.7019607843137254,-0.7019607843137254,-0.7019607843137254,-0.7019607843137254,-0.7019607843137254,-0.7019607843137254,-0.7019607843137254,-0.7019607843137254
-0.48235294117647054,-0.6784313725490196,-0.7019607843137254,-0.6549019607843137,-0.7254901960784313,-0.7568627450980392,-0.7254901960784313,-0.7568627450980392,-0.7254901960784313,-0.6313725490196078,-0.7568627450980392,-0.6235294117647059,-0.6313725490196078,-0.6313725490196078,-0.6313725490196078,-0.6313725490196078,-0.6313725490196078,-0.6313725490196078,-0.6313725490196078,-0.6313725490196078,-0.6313725490196078,-0.6313725490196078,-0.6313725490196078,-0.6313725490196078,-0.6313725490196078,-0.6313725490196078,-0.6313725490196078,-0.6313725490196078,-0.6313725490196078,-0.6313725490196078,-0.6313725490196078,-0.6313725490196078,-0.6313725490196078,-0.6313725490196078,-0.6313725490196078,-0.6313725490196078,-0.6313725490196078,-0.6313725490196078,-0.6313725490196078,-0.6313725490196078,-0.6313725490196078,-0.6313725490196078,-0.6313725490196078,-0.6313725490196078,-0.6313725490196078,-0.6313725490196078,-0.6313725490196078,-0.6313725490196078,-0.6313725490196078,-0.6313725490196078,-0.6313725490196078,-0.6313725490196078,-0.6313725490196078,-0.6313725490196078,-0.6313725490196078,-0.6313725490196078,-0.6313725490196078,-0.6313725490196078,-0.6313725490196078,-0.6313725490196078,-0.6313725490196078,-0.6313725490196078,-0.6313725490196078,-0.6313725490196078,-0.6313725490196078,-0.6313725490196078,-0.6313725490196078,-0.6313725490196078,-0.6313725490196078,-0.6313725490196078,-0.6313725490196078,-0.6313725490196078,-0.6313725490196078,-0.6313725490196078,-0.6313725490196078,-0.6313725490196078,-0.6313725490196078,-0.6313725490196078,-0.6313725490196078,-0.6313725490196078,-0.6313725490196078,-0.6313725490196078,-0.6313725490196078,-0.6313725490196078,-0.6313725490196078,-0.6313725490196078,-0.6313725490196078,-0.6313725490196078,-0.6313725490196078,-0.6313725490196078,-0.6313725490196078,-0.6313725490196078,-0.6313725490196078,-0.6313725490196078,-0.6313725490196078,-0.6313725490196078,-0.6313725490196078,-0.6313725490196078,-0.6313725490196078,-0.6313725490196078,-0.6313725490196078,-0.6313725490196078,-0.6313725490196078,-0.6313725490196078,-0.6313725490196078,-0.6313725490196078,-0.6313725490196078,-0.6313725490196078,-0.6313725490196078,-0.6313725490196078,-0.6313725490196078,-0.6313725490196078,-0.6313725490196078,-0.6313725490196078,-0.6313725490196078,-0.6313725490196078,-0.6313725490196078,-0.6313725490196078,-0.6313725490196078,-0.6313725490196078,-0.6313725490196078,-0.6313725490196078,-0.6313725490196078,-0.6313725490196078,-0.6313725490196078
-0.5529411764705883,-0.7568627450980392,-0.7803921568627451,-0.7254901960784313,-0.803921568627451,-0.8274509803921568,-0.803921568627451,-0.8274509803921568,-0.803921568627451,-0.7019607843137254,-0.8274509803921568,-0.7176470588235294,-0.7333333333333334,-0.7333333333333334,-0.7333333333333334,-0.7333333333333334,-0.7333333333333334,-0.7333333333333334,-0.7333333333333334,-0.7333333333333334,-0.7333333333333334,-0.7333333333333334,-0.7333333333333334,-0.7333333333333334,-0.7333333333333334,-0.7333333333333334,-0.7333333333333334,-0.7333333333333334,-0.7333333333333334,-0.7333333333333334,-0.7333333333333334,-0.7333333333333334,-0.7333333333333334,-0.7333333333333334,-0.7333333333333334,-0.7333333333333334,-0.7333333333333334,-0.7333333333333334,-0.7333333333333334,-0.7333333333333334,-0.7333333333333334,-0.7333333333333334,-0.7333333333333334,-0.7333333333333334,-0.7333333333333334,-0.7333333333333334,-0.7333333333333334,-0.7333333333333334,-0.7333333333333334,-0.7333333333333334,-0.7333333333333334,-0.7333333333333334,-0.7333333333333334,-0.7333333333333334,-0.7333333333333334,-0.7333333333333334,-0.7333333333333334,-0.7333333333333334,-0.7333333333333334,-0.7333333333333334,-0.7333333333333334,-0.7333333333333334,-0.7333333333333334,-0.7333333333333334,-0.7333333333333334,-0.7333333333333334,-0.7333333333333334,-0.7333333333333334,-0.7333333333333334,-0.7333333333333334,-0.7333333333333334,-0.7333333333333334,-0.7333333333333334,-0.7333333333333334,-0.7333333333333334,-0.7333333333333334,-0.7333333333333334,-0.7333333333333334,-0.7333333333333334,-0.7333333333333334,-0.7333333333333334,-0.7333333333333334,-0.7333333333333334,-0.7333333333333334,-0.7333333333333334,-0.7333333333333334,-0.7333333333333334,-0.7333333333333334,-0.7333333333333334,-0.7333333333333334,-0.7333333333333334,-0.7333333333333334,-0.7333333333333334,-0.7333333333333334,-0.7333333333333334,-0.7333333333333334,-0.7333333333333334,-0.7333333333333334,-0.7333333333333334,-0.7333333333333334,-0.7333333333333334,-0.7333333333333334,-0.7333333333333334,-0.7333333333333334,-0.7333333333333334,-0.7333333333333334,-0.7333333333333334,-0.7333333333333334,-0.7333333333333334,-0.7333333333333334,-0.7333333333333334,-0.7333333333333334,-0.7333333333333334,-0.7333333333333334,-0.7333333333333334,-0.7333333333333334,-0.7333333333333334,-0.7333333333333334,-0.7333333333333334,-0.7333333333333334,-0.7333333333333334,-0.7333333333333334,-0.7333333333333334,-0.7333333333333334,-0.7333333333333334
-0.5764705882352941,-0.7803921568627451,-0.803921568627451,-0.7568627450980392,-0.8274509803921568,-0.8509803921568627,-0.8274509803921568,-0.8509803921568627,-0.8274509803921568,-0.7254901960784313,-0.8509803921568627,-0.7490196078431373,-0.7647058823529411,-0.7647058823529411,-0.7647058823529411,-0.7647058823529411,-0.7647058823529411,-0.7647058823529411,-0.7647058823529411,-0.7647058823529411,-0.7647058823529411,-0.7647058823529411,-0.7647058823529411,-0.7647058823529411,-0.7647058823529411,-0.7647058823529411,-0.7647058823529411,-0.7647058823529411,-0.7647058823529411,-0.7647058823529411,-0.7647058823529411,-0.7647058823529411,-0.7647058823529411,-0.7647058823529411,-0.7647058823529411,-0.7647058823529411,-0.7647058823529411,-0.7647058823529411,-0.7647058823529411,-0.7647058823529411,-0.7647058823529411,-0.7647058823529411,-0.7647058823529411,-0.7647058823529411,-0.7647058823529411,-0.7647058823529411,-0.7647058823529411,-0.7647058823529411,-0.7647058823529411,-0.7647058823529411,-0.7647058823529411,-0.7647058823529411,-0.7647058823529411,-0.7647058823529411,-0.7647058823529411,-0.7647058823529411,-0.7647058823529411,-0.7647058823529411,-0.7647058823529411,-0.7647058823529411,-0.7647058823529411,-0.7647058823529411,-0.7647058823529411,-0.7647058823529411,-0.7647058823529411,-0.7647058823529411,-0.7647058823529411,-0.7647058823529411,-0.7647058823529411,-0.7647058823529411,-0.7647058823529411,-0.7647058823529411,-0.7647058823529411,-0.7647058823529411,-0.7647058823529411,-0.7647058823529411,-0.7647058823529411,-0.7647058823529411,-0.7647058823529411,-0.7647058823529411,-0.7647058823529411,-0.7647058823529411,-0.7647058823529411,-0.7647058823529411,-0.7647058823529411,-0.7647058823529411,-0.7647058823529411,-0.7647058823529411,-0.7647058823529411,-0.7647058823529411,-0.7647058823529411,-0.7647058823529411,-0.7647058823529411,-0.7647058823529411,-0.7647058823529411,-0.7647058823529411,-0.7647058823529411,-0.7647058823529411,-0.7647058823529411,-0.7647058823529411,-0.7647058823529411,-0.7647058823529411,-0.7647058823529411,-0.7647058823529411,-0.7647058823529411,-0.7647058823529411,-0.7647058823529411,-0.7647058823529411,-0.7647058823529411,-0.7647058823529411,-0.7647058823529411,-0.7647058823529411,-0.7647058823529411,-0.7647058823529411,-0.7647058823529411,-0.7647058823529411,-0.7647058823529411,-0.7647058823529411,-0.7647058823529411,-0.7647058823529411,-0.7647058823529411,-0.7647058823529411,-0.7647058823529411,-0.7647058823529411,-0.7647058823529411
-0.5529411764705883,-0.7568627450980392,-0.7803921568627451,-0.7254901960784313,-0.803921568627451,-0.8274509803921568,-0.803921568627451,-0.8274509803921568,-0.803921568627451,-0.7019607843137254,-0.8274509803921568,-0.7176470588235294,-0.7333333333333334,-0.7333333333333334,-0.7333333333333334,-0.7333333333333334,-0.7333333333333334,-0.7333333333333334,-0.7333333333333334,-0.7333333333333334,-0.7333333333333334,-0.7333333333333334,-0.7333333333333334,-0.7333333333333334,-0.7333333333333334,-0.7333333333333334,-0.7333333333333334,-0.7333333333333334,-0.7333333333333334,-0.7333333333333334,-0.7333333333333334,-0.7333333333333334,-0.7333333333333334,-0.7333333333333334,-0.7333333333333334,-0.7333333333333334,-0.7333333333333334,-0.7333333333333334,-0.7333333333333334,-0.7333333333333334,-0.7333333333333334,-0.7333333333333334,-0.7333333333333334,-0.7333333333333334,-0.7333333333333334,-0.7333333333333334,-0.7333333333333334,-0.7333333333333334,-0.7333333333333334,-0.7333333333333334,-0.7333333333333334,-0.7333333333333334,-0.7333333333333334,-0.7333333333333334,-0.7333333333333334,-0.7333333333333334,-0.7333333333333334,-0.7333333333333334,-0.7333333333333334,-0.7333333333333334,-0.7333333333333334,-0.7333333333333334,-0.7333333333333334,-0.7333333333333334,-0.7333333333333334,-0.7333333333333334,-0.7333333333333334,-0.7333333333333334,-0.7333333333333334,-0.7333333333333334,-0.7333333333333334,-0.7333333333333334,-0.7333333333333334,-0.7333333333333334,-0.7333333333333334,-0.7333333333333334,-0.7333333333333334,-0.7333333333333334,-0.7333333333333334,-0.7333333333333334,-0.7333333333333334,-0.7333333333333334,-0.7333333333333334,-0.7333333333333334,-0.7333333333333334,-0.7333333333333334,-0.7333333333333334,-0.7333333333333334,-0.7333333333333334,-0.7333333333333334,-0.7333333333333334,-0.7333333333333334,-0.7333333333333334,-0.7333333333333334,-0.7333333333333334,-0.7333333333333334,-0.7333333333333334,-0.7333333333333334,-0.7333333333333334,-0.7333333333333334,-0.7333333333333334,-0.7333333333333334,-0.7333333333333334,-0.7333333333333334,-0.7333333333333334,-0.7333333333333334,-0.7333333333333334,-0.7333333333333334,-0.7333333333333334,-0.7333333333333334,-0.7333333333333334,-0.7333333333333334,-0.7333333333333334,-0.7333333333333334,-0.7333333333333334,-0.7333333333333334,-0.7333333333333334,-0.7333333333333334,-0.7333333333333334,-0.7333333333333334,-0.7333333333333334,-0.7333333333333334,-0.7333333333333334,-0.7333333333333334,-0.7333333333333334
-0.5764705882352941,-0.7803921568627451,-0.803921568627451,-0.7568627450980392,-0.8274509803921568,-0.8509803921568627,-0.8274509803921568,-0.8509803921568627,-0.8274509803921568,-0.7254901960784313,-0.8509803921568627,-0.7490196078431373,-0.7647058823529411,-0.7647058823529411,-0.7647058823529411,-0.7647058823529411,-0.7647058823529411,-0.7647058823529411,-0.7647058823529411,-0.7647058823529411,-0.7647058823529411,-0.7647058823529411,-0.7647058823529411,-0.7647058823529411,-0.7647058823529411,-0.7647058823529411,-0.7647058823529411,-0.7647058823529411,-0.7647058823529411,-0.7647058823529411,-0.7647058823529411,-0.7647058823529411,-0.7647058823529411,-0.7647058823529411,-0.7647058823529411,-0.7647058823529411,-0.7647058823529411,-0.7647058823529411,-0.7647058823529411,-0.7647058823529411,-0.7647058823529411,-0.7647058823529411,-0.7647058823529411,-0.7647058823529411,-0.7647058823529411,-0.7647058823529411,-0.7647058823529411,-0.7647058823529411,-0.7647058823529411,-0.7647058823529411,-0.7647058823529411,-0.7647058823529411,-0.7647058823529411,-0.7647058823529411,-0.7647058823529411,-0.7647058823529411,-0.7647058823529411,-0.7647058823529411,-0.7647058823529411,-0.7647058823529411,-0.7647058823529411,-0.7647058823529411,-0.7647058823529411,-0.7647058823529411,-0.7647058823529411,-0.7647058823529411,-0.7647058823529411,-0.7647058823529411,-0.7647058823529411,-0.7647058823529411,-0.7647058823529411,-0.7647058823529411,-0.7647058823529411,-0.7647058823529411,-0.7647058823529411,-0.7647058823529411,-0.7647058823529411,-0.7647058823529411,-0.7647058823529411,-0.7647058823529411,-0.7647058823529411,-0.7647058823529411,-0.7647058823529411,-0.7647058823529411,-0.7647058823529411,-0.7647058823529411,-0.7647058823529411,-0.7647058823529411,-0.7647058823529411,-0.7647058823529411,-0.7647058823529411,-0.7647058823529411,-0.7647058823529411,-0.7647058823529411,-0.7647058823529411,-0.7647058823529411,-0.7647058823529411,-0.7647058823529411,-0.7647058823529411,-0.7647058823529411,-0.7647058823529411,-0.7647058823529411,-0.7647058823529411,-0.7647058823529411,-0.7647058823529411,-0.7647058823529411,-0.7647058823529411,-0.7647058823529411,-0.7647058823529411,-0.7647058823529411,-0.7647058823529411,-0.7647058823529411,-0.7647058823529411,-0.7647058823529411,-0.7647058823529411,-0.7647058823529411,-0.7647058823529411,-0.7647058823529411,-0.7647058823529411,-0.7647058823529411,-0.7647058823529411,-0.7647058823529411,-0.7647058823529411,-0.7647058823529411,-0.7647058823529411
-0.5529411764705883,-0.7568627450980392,-0.7803921568627451,-0.7254901960784313,-0.803921568627451,-0.8274509803921568,-0.803921568627451,-0.8274509803921568,-0.803921568627451,-0.7019607843137254,-0.8274509803921568,-0.7176470588235294,-0.7333333333333334,-0.7333333333333334,-0.7333333333333334,-0.7333333333333334,-0.7333333333333334,-0.7333333333333334,-0.7333333333333334,-0.7333333333333334,-0.7333333333333334,-0.7333333333333334,-0.7333333333333334,-0.7333333333333334,-0.7333333333333334,-0.7333333333333334,-0.7333333333333334,-0.7333333333333334,-0.7333333333333334,-0.7333333333333334,-0.7333333333333334,-0.7333333333333334,-0.7333333333333334,-0.7333333333333334,-0.7333333333333334,-0.7333333333333334,-0.7333333333333334,-0.7333333333333334,-0.7333333333333334,-0.7333333333333334,-0.7333333333333334,-0.7333333333333334,-0.7333333333333334,-0.7333333333333334,-0.7333333333333334,-0.7333333333333334,-0.7333333333333334,-0.7333333333333334,-0.7333333333333334,-0.7333333333333334,-0.7333333333333334,-0.7333333333333334,-0.7333333333333334,-0.7333333333333334,-0.7333333333333334,-0.7333333333333334,-0.7333333333333334,-0.7333333333333334,-0.7333333333333334,-0.7333333333333334,-0.7333333333333334,-0.7333333333333334,-0.7333333333333334,-0.7333333333333334,-0.7333333333333334,-0.7333333333333334,-0.7333333333333334,-0.7333333333333334,-0.7333333333333334,-0.7333333333333334,-0.7333333333333334,-0.7333333333333334,-0.7333333333333334,-0.7333333333333334,-0.7333333333333334,-0.7333333333333334,-0.7333333333333334,-0.7333333333333334,-0.7333333333333334,-0.7333333333333334,-0.7333333333333334,-0.7333333333333334,-0.7333333333333334,-0.7333333333333334,-0.7333333333333334,-0.7333333333333334,-0.7333333333333334,-0.7333333333333334,-0.7333333333333334,-0.7333333333333334,-0.7333333333333334,-0.7333333333333334,-0.7333333333333334,-0.7333333333333334,-0.7333333333333334,-0.7333333333333334,-0.7333333333333334,-0.7333333333333334,-0.7333333333333334,-0.7333333333333334,-0.7333333333333334,-0.7333333333333334,-0.7333333333333334,-0.7333333333333334,-0.7333333333333334,-0.7333333333333334,-0.7333333333333334,-0.7333333333333334,-0.7333333333333334,-0.7333333333333334,-0.7333333333333334,-0.7333333333333334,-0.7333333333333334,-0.7333333333333334,-0.7333333333333334,-0.7333333333333334,-0.7333333333333334,-0.7333333333333334,-0.7333333333333334,-0.7333333333333334,-0.7333333333333334,-0.7333333333333334,-0.7333333333333334,-0.7333333333333334,-0.7333333333333334
-0.4509803921568627,-0.6549019607843137,-0.6784313725490196,-0.6313725490196078,-0.7019607843137254,-0.7254901960784313,-0.7019607843137254,-0.7254901960784313,-0.7019607843137254,-0.607843137254902,-0.7254901960784313,-0.584313725490196,-0.6,-0.6,-0.6,-0.6,-0.6,-0.6,-0.6,-0.6,-0.6,-0.6,-0.6,-0.6,-0.6,-0.6,-0.6,-0.6,-0.6,-0.6,-0.6,-0.6,-0.6,-0.6,-0.6,-0.6,-0.6,-0.6,-0.6,-0.6,-0.6,-0.6,-0.6,-0.6,-0.6,-0.6,-0.6,-0.6,-0.6,-0.6,-0.6,-0.6,-0.6,-0.6,-0.6,-0.6,-0.6,-0.6,-0.6,-0.6,-0.6,-0.6,-0.6,-0.6,-0.6,-0.6,-0.6,-0.6,-0.6,-0.6,-0.6,-0.6,-0.6,-0.6,-0.6,-0.6,-0.6,-0.6,-0.6,-0.6,-0.6,-0.6,-0.6,-0.6,-0.6,-0.6,-0.6,-0.6,-0.6,-0.6,-0.6,-0.6,-0.6,-0.6,-0.6,-0.6,-0.6,-0.6,-0.6,-0.6,-0.6,-0.6,-0.6,-0.6,-0.6,-0.6,-0.6,-0.6,-0.6,-0.6,-0.6,-0.6,-0.6,-0.6,-0.6,-0.6,-0.6,-0.6,-0.6,-0.6,-0.6,-0.6,-0.6,-0.6,-0.6
-0.5764705882352941,-0.7803921568627451,-0.803921568627451,-0.7568627450980392,-0.8274509803921568,-0.8509803921568627,-0.8274509803921568,-0.8509803921568627,-0.8274509803921568,-0.7254901960784313,-0.8509803921568627,-0.7490196078431373,-0.7647058823529411,-0.7647058823529411,-0.7647058823529411,-0.7647058823529411,-0.7647058823529411,-0.7647058823529411,-0.7647058823529411,-0.7647058823529411,-0.7647058823529411,-0.7647058823529411,-0.7647058823529411,-0.7647058823529411,-0.7647058823529411,-0.7647058823529411,-0.7647058823529411,-0.7647058823529411,-0.7647058823529411,-0.7647058823529411,-0.7647058823529411,-0.7647058823529411,-0.7647058823529411,-0.7647058823529411,-0.7647058823529411,-0.7647058823529411,-0.7647058823529411,-0.7647058823529411,-0.7647058823529411,-0.7647058823529411,-0.7647058823529411,-0.7647058823529411,-0.7647058823529411,-0.7647058823529411,-0.7647058823529411,-0.7647058823529411,-0.7647058823529411,-0.7647058823529411,-0.7647058823529411,-0.7647058823529411,-0.7647058823529411,-0.7647058823529411,-0.7647058823529411,-0.7647058823529411,-0.7647058823529411,-0.7647058823529411,-0.7647058823529411,-0.7647058823529411,-0.7647058823529411,-0.7647058823529411,-0.7647058823529411,-0.7647058823529411,-0.7647058823529411,-0.7647058823529411,-0.7647058823529411,-0.7647058823529411,-0.7647058823529411,-0.7647058823529411,-0.7647058823529411,-0.7647058823529411,-0.7647058823529411,-0.7647058823529411,-0.7647058823529411,-0.7647058823529411,-0.7647058823529411,-0.7647058823529411,-0.7647058823529411,-0.7647058823529411,-0.7647058823529411,-0.7647058823529411,-0.7647058823529411,-0.7647058823529411,-0.7647058823529411,-0.7647058823529411,-0.7647058823529411,-0.7647058823529411,-0.7647058823529411,-0.7647058823529411,-0.7647058823529411,-0.7647058823529411,-0.7647058823529411,-0.7647058823529411,-0.7647058823529411,-0.7647058823529411,-0.7647058823529411,-0.7647058823529411,-0.7647058823529411,-0.7647058823529411,-0.7647058823529411,-0.7647058823529411,-0.7647058823529411,-0.7647058823529411,-0.7647058823529411,-0.7647058823529411,-0.7647058823529411,-0.7647058823529411,-0.7647058823529411,-0.7647058823529411,-0.7647058823529411,-0.7647058823529411,-0.7647058823529411,-0.7647058823529411,-0.7647058823529411,-0.7647058823529411,-0.7647058823529411,-0.7647058823529411,-0.7647058823529411,-0.7647058823529411,-0.7647058823529411,-0.7647058823529411,-0.7647058823529411,-0.7647058823529411,-0.7647058823529411,-0.7647058823529411,-0.7647058823529411
-0.39607843137254906,-0.6549019607843137,-0.6862745098039216,-0.6235294117647059,-0.7176470588235294,-0.7490196078431373,-0.7176470588235294,-0.7490196078431373,-0.7176470588235294,-0.584313725490196,-0.7490196078431373,-0.5137254901960784,-0.5058823529411764,-0.5058823529411764,-0.5058823529411764,-0.5058823529411764,-0.5058823529411764,-0.5058823529411764,-0.5058823529411764,-0.5058823529411764,-0.5058823529411764,-0.5058823529411764,-0.5058823529411764,-0.5058823529411764,-0.5058823529411764,-0.5058823529411764,-0.5058823529411764,-0.5058823529411764,-0.5058823529411764,-0.5058823529411764,-0.5058823529411764,-0.5058823529411764,-0.5058823529411764,-0.5058823529411764,-0.5058823529411764,-0.5058823529411764,-0.5058823529411764,-0.5058823529411764,-0.5058823529411764,-0.5058823529411764,-0.5058823529411764,-0.5058823529411764,-0.5058823529411764,-0.5058823529411764,-0.5058823529411764,-0.5058823529411764,-0.5058823529411764,-0.5058823529411764,-0.5058823529411764,-0.5058823529411764,-0.5058823529411764,-0.5058823529411764,-0.5058823529411764,-0.5058823529411764,-0.5058823529411764,-0.5058823529411764,-0.5058823529411764,-0.5058823529411764,-0.5058823529411764,-0.5058823529411764,-0.5058823529411764,-0.5058823529411764,-0.5058823529411764,-0.5058823529411764,-0.5058823529411764,-0.5058823529411764,-0.5058823529411764,-0.5058823529411764,-0.5058823529411764,-0.5058823529411764,-0.5058823529411764,-0.5058823529411764,-0.5058823529411764,-0.5058823529411764,-0.5058823529411764,-0.5058823529411764,-0.5058823529411764,-0.5058823529411764,-0.5058823529411764,-0.5058823529411764,-0.5058823529411764,-0.5058823529411764,-0.5058823529411764,-0.5058823529411764,-0.5058823529411764,-0.5058823529411764,-0.5058823529411764,-0.5058823529411764,-0.5058823529411764,-0.5058823529411764,-0.5058823529411764,-0.5058823529411764,-0.5058823529411764,-0.5058823529411764,-0.5058823529411764,-0.5058823529411764,-0.5058823529411764,-0.5058823529411764,-0.5058823529411764,-0.5058823529411764,-0.5058823529411764,-0.5058823529411764,-0.5058823529411764,-0.5058823529411764,-0.5058823529411764,-0.5058823529411764,-0.5058823529411764,-0.5058823529411764,-0.5058823529411764,-0.5058823529411764,-0.5058823529411764,-0.5058823529411764,-0.5058823529411764,-0.5058823529411764,-0.5058823529411764,-0.5058823529411764,-0.5058823529411764,-0.5058823529411764,-0.5058823529411764,-0.5058823529411764,-0.5058823529411764,-0.5058823529411764,-0.5058823529411764,-0.5058823529411764,-0.5058823529411764
-0.388235294117647,-0.6627450980392157,-0.7019607843137254,-0.6313725490196078,-0.7333333333333334,-0.7647058823529411,-0.7333333333333334,-0.7647058823529411,-0.7333333333333334,-0.6,-0.7647058823529411,-0.5058823529411764,-0.5058823529411764,-0.5058823529411764,-0.5058823529411764,-0.5058823529411764,-0.5058823529411764,-0.5058823529411764,-0.5058823529411764,-0.5058823529411764,-0.5058823529411764,-0.5058823529411764,-0.5058823529411764,-0.5058823529411764,-0.5058823529411764,-0.5058823529411764,-0.5058823529411764,-0.5058823529411764,-0.5058823529411764,-0.5058823529411764,-0.5058823529411764,-0.5058823529411764,-0.5058823529411764,-0.5058823529411764,-0.5058823529411764,-0.5058823529411764,-0.5058823529411764,-0.5058823529411764,-0.5058823529411764,-0.5058823529411764,-0.5058823529411764,-0.5058823529411764,-0.5058823529411764,-0.5058823529411764,-0.5058823529411764,-0.5058823529411764,-0.5058823529411764,-0.5058823529411764,-0.5058823529411764,-0.5058823529411764,-0.5058823529411764,-0.5058823529411764,-0.5058823529411764,-0.5058823529411764,-0.5058823529411764,-0.5058823529411764,-0.5058823529411764,-0.5058823529411764,-0.5058823529411764,-0.5058823529411764,-0.5058823529411764,-0.5058823529411764,-0.5058823529411764,-0.5058823529411764,-0.5058823529411764,-0.5058823529411764,-0.5058823529411764,-0.5058823529411764,-0.5058823529411764,-0.5058823529411764,-0.5058823529411764,-0.5058823529411764,-0.5058823529411764,-0.5058823529411764,-0.5058823529411764,-0.5058823529411764,-0.5058823529411764,-0.5058823529411764,-0.5058823529411764,-0.5058823529411764,-0.5058823529411764,-0.5058823529411764,-0.5058823529411764,-0.5058823529411764,-0.5058823529411764,-0.5058823529411764,-0.5058823529411764,-0.5058823529411764,-0.5058823529411764,-0.5058823529411764,-0.5058823529411764,-0.5058823529411764,-0.5058823529411764,-0.5058823529411764,-0.5058823529411764,-0.5058823529411764,-0.5058823529411764,-0.5058823529411764,-0.5058823529411764,-0.5058823529411764,-0.5058823529411764,-0.5058823529411764,-0.5058823529411764,-0.5058823529411764,-0.5058823529411764,-0.5058823529411764,-0.5058823529411764,-0.5058823529411764,-0.5058823529411764,-0.5058823529411764,-0.5058823529411764,-0.5058823529411764,-0.5058823529411764,-0.5058823529411764,-0.5058823529411764,-0.5058823529411764,-0.5058823529411764,-0.5058823529411764,-0.5058823529411764,-0.5058823529411764,-0.5058823529411764,-0.5058823529411764,-0.5058823529411764,-0.5058823529411764,-0.5058823529411764
-0.388235294117647,-0.6627450980392157,-0.7019607843137254,-0.6313725490196078,-0.7333333333333334,-0.7647058823529411,-0.7333333333333334,-0.7647058823529411,-0.7333333333333334,-0.6,-0.7647058823529411,-0.5058823529411764,-0.5058823529411764,-0.5058823529411764,-0.5058823529411764,-0.5058823529411764,-0.5058823529411764,-0.5058823529411764,-0.5058823529411764,-0.5058823529411764,-0.5058823529411764,-0.5058823529411764,-0.5058823529411764,-0.5058823529411764,-0.5058823529411764,-0.5058823529411764,-0.5058823529411764,-0.5058823529411764,-0.5058823529411764,-0.5058823529411764,-0.5058823529411764,-0.5058823529411764,-0.5058823529411764,-0.5058823529411764,-0.5058823529411764,-0.5058823529411764,-0.5058823529411764,-0.5058823529411764,-0.5058823529411764,-0.5058823529411764,-0.5058823529411764,-0.5058823529411764,-0.5058823529411764,-0.5058823529411764,-0.5058823529411764,-0.5058823529411764,-0.5058823529411764,-0.5058823529411764,-0.5058823529411764,-0.5058823529411764,-0.5058823529411764,-0.5058823529411764,-0.5058823529411764,-0.5058823529411764,-0.5058823529411764,-0.5058823529411764,-0.5058823529411764,-0.5058823529411764,-0.5058823529411764,-0.5058823529411764,-0.5058823529411764,-0.5058823529411764,-0.5058823529411764,-0.5058823529411764,-0.5058823529411764,-0.5058823529411764,-0.5058823529411764,-0.5058823529411764,-0.5058823529411764,-0.5058823529411764,-0.5058823529411764,-0.5058823529411764,-0.5058823529411764,-0.5058823529411764,-0.5058823529411764,-0.5058823529411764,-0.5058823529411764,-0.5058823529411764,-0.5058823529411764,-0.5058823529411764,-0.5058823529411764,-0.5058823529411764,-0.5058823529411764,-0.5058823529411764,-0.5058823529411764,-0.5058823529411764,-0.5058823529411764,-0.5058823529411764,-0.5058823529411764,-0.5058823529411764,-0.5058823529411764,-0.5058823529411764,-0.5058823529411764,-0.5058823529411764,-0.5058823529411764,-0.5058823529411764,-0.5058823529411764,-0.5058823529411764,-0.5058823529411764,-0.5058823529411764,-0.5058823529411764,-0.5058823529411764,-0.5058823529411764,-0.5058823529411764,-0.5058823529411764,-0.5058823529411764,-0.5058823529411764,-0.5058823529411764,-0.5058823529411764,-0.5058823529411764,-0.5058823529411764,-0.5058823529411764,-0.5058823529411764,-0.5058823529411764,-0.5058823529411764,-0.5058823529411764,-0.5058823529411764,-0.5058823529411764,-0.5058823529411764,-0.5058823529411764,-0.5058823529411764,-0.5058823529411764,-0.5058823529411764,-0.5058823529411764,-0.5058823529411764
-0.388235294117647,-0.6627450980392157,-0.7019607843137254,-0.6313725490196078,-0.7333333333333334,-0.7647058823529411,-0.7333333333333334,-0.7647058823529411,-0.7333333333333334,-0.6,-0.7647058823529411,-0.5058823529411764,-0.5058823529411764,-0.5058823529411764,-0.5058823529411764,-0.5058823529411764,-0.5058823529411764,-0.5058823529411764,-0.5058823529411764,-0.5058823529411764,-0.5058823529411764,-0.5058823529411764,-0.5058823529411764,-0.5058823529411764,-0.5058823529411764,-0.5058823529411764,-0.5058823529411764,-0.5058823529411764,-0.5058823529411764,-0.5058823529411764,-0.5058823529411764,-0.5058823529411764,-0.5058823529411764,-0.5058823529411764,-0.5058823529411764,-0.5058823529411764,-0.5058823529411764,-0.5058823529411764,-0.5058823529411764,-0.5058823529411764,-0.5058823529411764,-0.5058823529411764,-0.5058823529411764,-0.5058823529411764,-0.5058823529411764,-0.5058823529411764,-0.5058823529411764,-0.5058823529411764,-0.5058823529411764,-0.5058823529411764,-0.5058823529411764,-0.5058823529411764,-0.5058823529411764,-0.5058823529411764,-0.5058823529411764,-0.5058823529411764,-0.5058823529411764,-0.5058823529411764,-0.5058823529411764,-0.5058823529411764,-0.5058823529411764,-0.5058823529411764,-0.5058823529411764,-0.5058823529411764,-0.5058823529411764,-0.5058823529411764,-0.5058823529411764,-0.5058823529411764,-0.5058823529411764,-0.5058823529411764,-0.5058823529411764,-0.5058823529411764,-0.5058823529411764,-0.5058823529411764,-0.5058823529411764,-0.5058823529411764,-0.5058823529411764,-0.5058823529411764,-0.5058823529411764,-0.5058823529411764,-0.5058823529411764,-0.5058823529411764,-0.5058823529411764,-0.5058823529411764,-0.5058823529411764,-0.5058823529411764,-0.5058823529411764,-0.5058823529411764,-0.5058823529411764,-0.5058823529411764,-0.5058823529411764,-0.5058823529411764,-0.5058823529411764,-0.5058823529411764,-0.5058823529411764,-0.5058823529411764,-0.5058823529411764,-0.5058823529411764,-0.5058823529411764,-0.5058823529411764,-0.5058823529411764,-0.5058823529411764,-0.5058823529411764,-0.5058823529411764,-0.5058823529411764,-0.5058823529411764,-0.5058823529411764,-0.5058823529411764,-0.5058823529411764,-0.5058823529411764,-0.5058823529411764,-0.5058823529411764,-0.5058823529411764,-0.5058823529411764,-0.5058823529411764,-0.5058823529411764,-0.5058823529411764,-0.5058823529411764,-0.5058823529411764,-0.5058823529411764,-0.5058823529411764,-0.5058823529411764,-0.5058823529411764,-0.5058823529411764,-0.5058823529411764
-0.388235294117647,-0.6627450980392157,-0.7019607843137254,-0.6313725490196078,-0.7333333333333334,-0.7647058823529411,-0.7333333333333334,-0.7647058823529411,-0.7333333333333334,-0.6,-0.7647058823529411,-0.5058823529411764,-0.5058823529411764,-0.5058823529411764,-0.5058823529411764,-0.5058823529411764,-0.5058823529411764,-0.5058823529411764,-0.5058823529411764,-0.5058823529411764,-0.5058823529411764,-0.5058823529411764,-0.5058823529411764,-0.5058823529411764,-0.5058823529411764,-0.5058823529411764,-0.5058823529411764,-0.5058823529411764,-0.5058823529411764,-0.5058823529411764,-0.5058823529411764,-0.5058823529411764,-0.5058823529411764,-0.5058823529411764,-0.5058823529411764,-0.5058823529411764,-0.5058823529411764,-0.5058823529411764,-0.5058823529411764,-0.5058823529411764,-0.5058823529411764,-0.5058823529411764,-0.5058823529411764,-0.5058823529411764,-0.5058823529411764,-0.5058823529411764,-0.5058823529411764,-0.5058823529411764,-0.5058823529411764,-0.5058823529411764,-0.5058823529411764,-0.5058823529411764,-0.5058823529411764,-0.5058823529411764,-0.5058823529411764,-0.5058823529411764,-0.5058823529411764,-0.5058823529411764,-0.5058823529411764,-0.5058823529411764,-0.5058823529411764,-0.5058823529411764,-0.5058823529411764,-0.5058823529411764,-0.5058823529411764,-0.5058823529411764,-0.5058823529411764,-0.5058823529411764,-0.5058823529411764,-0.5058823529411764,-0.5058823529411764,-0.5058823529411764,-0.5058823529411764,-0.5058823529411764,-0.5058823529411764,-0.5058823529411764,-0.5058823529411764,-0.5058823529411764,-0.5058823529411764,-0.5058823529411764,-0.5058823529411764,-0.5058823529411764,-0.5058823529411764,-0.5058823529411764,-0.5058823529411764,-0.5058823529411764,-0.5058823529411764,-0.5058823529411764,-0.5058823529411764,-0.5058823529411764,-0.5058823529411764,-0.5058823529411764,-0.5058823529411764,-0.5058823529411764,-0.5058823529411764,-0.5058823529411764,-0.5058823529411764,-0.5058823529411764,-0.5058823529411764,-0.5058823529411764,-0.5058823529411764,-0.5058823529411764,-0.5058823529411764,-0.5058823529411764,-0.5058823529411764,-0.5058823529411764,-0.5058823529411764,-0.5058823529411764,-0.5058823529411764,-0.5058823529411764,-0.5058823529411764,-0.5058823529411764,-0.5058823529411764,-0.5058823529411764,-0.5058823529411764,-0.5058823529411764,-0.5058823529411764,-0.5058823529411764,-0.5058823529411764,-0.5058823529411764,-0.5058823529411764,-0.5058823529411764,-0.5058823529411764,-0.5058823529411764,-0.5058823529411764
