-0.10588235294117643,-0.5058823529411764,-0.2549019607843137,-0.5058823529411764,-0.5058823529411764,-0.5294117647058824,-0.48235294117647054,-0.5294117647058824,-0.48235294117647054,-0.403921568627451,-0.5058823529411764,-0.26274509803921564,-0.2549019607843137,-0.2549019607843137,-0.2549019607843137,-0.2549019607843137,-0.2549019607843137,-0.2549019607843137,-0.2549019607843137,-0.2549019607843137,-0.2549019607843137,-0.2549019607843137,-0.2549019607843137,-0.2549019607843137,-0.2549019607843137,-0.2549019607843137,-0.2549019607843137,-0.2549019607843137,-0.2549019607843137,-0.2549019607843137,-0.2549019607843137,-0.2549019607843137,-0.2549019607843137,-0.2549019607843137,-0.2549019607843137,-0.2549019607843137,-0.2549019607843137,-0.2549019607843137,-0.2549019607843137,-0.2549019607843137,-0.2549019607843137,-0.2549019607843137,-0.2549019607843137,-0.2549019607843137,-0.2549019607843137,-0.2549019607843137,-0.2549019607843137,-0.2549019607843137,-0.2549019607843137,-0.2549019607843137,-0.2549019607843137,-0.2549019607843137,-0.2549019607843137,-0.2549019607843137,-0.2549019607843137,-0.2549019607843137,-0.2549019607843137,-0.2549019607843137,-0.2549019607843137,-0.2549019607843137,-0.2549019607843137,-0.2549019607843137,-0.2549019607843137,-0.2549019607843137,-0.2549019607843137,-0.2549019607843137,-0.2549019607843137,-0.2549019607843137,-0.2549019607843137,-0.2549019607843137,-0.2549019607843137,-0.2549019607843137,-0.2549019607843137,-0.2549019607843137,-0.2549019607843137,-0.2549019607843137,-0.2549019607843137,-0.2549019607843137,-0.2549019607843137,-0.2549019607843137,-0.2549019607843137,-0.2549019607843137,-0.2549019607843137,-0.2549019607843137,-0.2549019607843137,-0.2549019607843137,-0.2549019607843137,-0.2549019607843137,-0.2549019607843137,-0.2549019607843137,-0.2549019607843137,-0.2549019607843137,-0.2549019607843137,-0.2549019607843137,-0.2549019607843137,-0.2549019607843137,-0.2549019607843137,-0.2549019607843137,-0.2549019607843137,-0.2549019607843137,-0.2549019607843137,-0.2549019607843137,-0.2549019607843137,-0.2549019607843137,-0.2549019607843137,-0.2549019607843137,-0.2549019607843137,-0.2549019607843137,-0.2549019607843137,-0.2549019607843137,-0.2549019607843137,-0.2549019607843137,-0.2549019607843137,-0.2549019607843137,-0.2549019607843137,-0.2549019607843137,-0.2549019607843137,-0.2549019607843137,-0.2549019607843137,-0.2549019607843137,-0.2549019607843137,-0.2549019607843137,-0.2549019607843137,-0.2549019607843137,-0.2549019607843137
-0.5058823529411764,-0.9058823529411765,-0.6549019607843137,-0.9058823529411765,-0.9058823529411765,-0.9294117647058824,-0.8823529411764706,-0.9294117647058824,-0.8823529411764706,-0.803921568627451,-0.9058823529411765,-0.7568627450980392,-0.803921568627451,-0.803921568627451,-0.803921568627451,-0.803921568627451,-0.803921568627451,-0.803921568627451,-0.803921568627451,-0.803921568627451,-0.803921568627451,-0.803921568627451,-0.803921568627451,-0.803921568627451,-0.803921568627451,-0.803921568627451,-0.803921568627451,-0.803921568627451,-0.803921568627451,-0.803921568627451,-0.803921568627451,-0.803921568627451,-0.803921568627451,-0.803921568627451,-0.803921568627451,-0.803921568627451,-0.803921568627451,-0.803921568627451,-0.803921568627451,-0.803921568627451,-0.803921568627451,-0.803921568627451,-0.803921568627451,-0.803921568627451,-0.803921568627451,-0.803921568627451,-0.803921568627451,-0.803921568627451,-0.803921568627451,-0.803921568627451,-0.803921568627451,-0.803921568627451,-0.803921568627451,-0.803921568627451,-0.803921568627451,-0.803921568627451,-0.803921568627451,-0.803921568627451,-0.803921568627451,-0.803921568627451,-0.803921568627451,-0.803921568627451,-0.803921568627451,-0.803921568627451,-0.803921568627451,-0.803921568627451,-0.803921568627451,-0.803921568627451,-0.803921568627451,-0.803921568627451,-0.803921568627451,-0.803921568627451,-0.803921568627451,-0.803921568627451,-0.803921568627451,-0.803921568627451,-0.803921568627451,-0.803921568627451,-0.803921568627451,-0.803921568627451,-0.803921568627451,-0.803921568627451,-0.803921568627451,-0.803921568627451,-0.803921568627451,-0.803921568627451,-0.803921568627451,-0.803921568627451,-0.803921568627451,-0.803921568627451,-0.803921568627451,-0.803921568627451,-0.803921568627451,-0.803921568627451,-0.803921568627451,-0.803921568627451,-0.803921568627451,-0.803921568627451,-0.803921568627451,-0.803921568627451,-0.803921568627451,-0.803921568627451,-0.803921568627451,-0.803921568627451,-0.803921568627451,-0.803921568627451,-0.803921568627451,-0.803921568627451,-0.803921568627451,-0.803921568627451,-0.803921568627451,-0.803921568627451,-0.803921568627451,-0.803921568627451,-0.803921568627451,-0.803921568627451,-0.803921568627451,-0.803921568627451,-0.803921568627451,-0.803921568627451,-0.803921568627451,-0.803921568627451,-0.803921568627451,-0.803921568627451,-0.803921568627451
-0.2549019607843137,-0.6549019607843137,-0.403921568627451,-0.6549019607843137,-0.6549019607843137,-0.6784313725490196,-0.6313725490196078,-0.6784313725490196,-0.6313725490196078,-0.5529411764705883,-0.6549019607843137,-0.44313725490196076,-0.45882352941176474,-0.45882352941176474,-0.45882352941176474,-0.45882352941176474,-0.45882352941176474,-0.45882352941176474,-0.45882352941176474,-0.45882352941176474,-0.45882352941176474,-0.45882352941176474,-0.45882352941176474,-0.45882352941176474,-0.45882352941176474,-0.45882352941176474,-0.45882352941176474,-0.45882352941176474,-0.45882352941176474,-0.45882352941176474,-0.45882352941176474,-0.45882352941176474,-0.45882352941176474,-0.45882352941176474,-0.45882352941176474,-0.45882352941176474,-0.45882352941176474,-0.45882352941176474,-0.45882352941176474,-0.45882352941176474,-0.45882352941176474,-0.45882352941176474,-0.45882352941176474,-0.45882352941176474,-0.45882352941176474,-0.45882352941176474,-0.45882352941176474,-0.45882352941176474,-0.45882352941176474,-0.45882352941176474,-0.45882352941176474,-0.45882352941176474,-0.45882352941176474,-0.45882352941176474,-0.45882352941176474,-0.45882352941176474,-0.45882352941176474,-0.45882352941176474,-0.45882352941176474,-0.45882352941176474,-0.45882352941176474,-0.45882352941176474,-0.45882352941176474,-0.45882352941176474,-0.45882352941176474,-0.45882352941176474,-0.45882352941176474,-0.45882352941176474,-0.45882352941176474,-0.45882352941176474,-0.45882352941176474,-0.45882352941176474,-0.45882352941176474,-0.45882352941176474,-0.45882352941176474,-0.45882352941176474,-0.45882352941176474,-0.45882352941176474,-0.45882352941176474,-0.45882352941176474,-0.45882352941176474,-0.45882352941176474,-0.45882352941176474,-0.45882352941176474,-0.45882352941176474,-0.45882352941176474,-0.45882352941176474,-0.45882352941176474,-0.45882352941176474,-0.45882352941176474,-0.45882352941176474,-0.45882352941176474,-0.45882352941176474,-0.45882352941176474,-0.45882352941176474,-0.45882352941176474,-0.45882352941176474,-0.45882352941176474,-0.45882352941176474,-0.45882352941176474,-0.45882352941176474,-0.45882352941176474,-0.45882352941176474,-0.45882352941176474,-0.45882352941176474,-0.45882352941176474,-0.45882352941176474,-0.45882352941176474,-0.45882352941176474,-0.45882352941176474,-0.45882352941176474,-0.45882352941176474,-0.45882352941176474,-0.45882352941176474,-0.45882352941176474,-0.45882352941176474,-0.45882352941176474,-0.45882352941176474,-0.45882352941176474,-0.45882352941176474,-0.45882352941176474,-0.45882352941176474,-0.45882352941176474,-0.45882352941176474,-0.45882352941176474
-0.5058823529411764,-0.9058823529411765,-0.6549019607843137,-0.9058823529411765,-0.9058823529411765,-0.9294117647058824,-0.8823529411764706,-0.9294117647058824,-0.8823529411764706,-0.803921568627451,-0.9058823529411765,-0.7568627450980392,-0.803921568627451,-0.803921568627451,-0.803921568627451,-0.803921568627451,-0.803921568627451,-0.803921568627451,-0.803921568627451,-0.803921568627451,-0.803921568627451,-0.803921568627451,-0.803921568627451,-0.803921568627451,-0.803921568627451,-0.803921568627451,-0.803921568627451,-0.803921568627451,-0.803921568627451,-0.803921568627451,-0.803921568627451,-0.803921568627451,-0.803921568627451,-0.803921568627451,-0.803921568627451,-0.803921568627451,-0.803921568627451,-0.803921568627451,-0.803921568627451,-0.803921568627451,-0.803921568627451,-0.803921568627451,-0.803921568627451,-0.803921568627451,-0.803921568627451,-0.803921568627451,-0.803921568627451,-0.803921568627451,-0.803921568627451,-0.803921568627451,-0.803921568627451,-0.803921568627451,-0.803921568627451,-0.803921568627451,-0.803921568627451,-0.803921568627451,-0.803921568627451,-0.803921568627451,-0.803921568627451,-0.803921568627451,-0.803921568627451,-0.803921568627451,-0.803921568627451,-0.803921568627451,-0.803921568627451,-0.803921568627451,-0.803921568627451,-0.803921568627451,-0.803921568627451,-0.803921568627451,-0.803921568627451,-0.803921568627451,-0.803921568627451,-0.803921568627451,-0.803921568627451,-0.803921568627451,-0.803921568627451,-0.803921568627451,-0.803921568627451,-0.803921568627451,-0.803921568627451,-0.803921568627451,-0.803921568627451,-0.803921568627451,-0.803921568627451,-0.803921568627451,-0.803921568627451,-0.803921568627451,-0.803921568627451,-0.803921568627451,-0.803921568627451,-0.803921568627451,-0.803921568627451,-0.803921568627451,-0.803921568627451,-0.803921568627451,-0.803921568627451,-0.803921568627451,-0.803921568627451,-0.803921568627451,-0.803921568627451,-0.803921568627451,-0.803921568627451,-0.803921568627451,-0.803921568627451,-0.803921568627451,-0.803921568627451,-0.803921568627451,-0.803921568627451,-0.803921568627451,-0.803921568627451,-0.803921568627451,-0.803921568627451,-0.803921568627451,-0.803921568627451,-0.803921568627451,-0.803921568627451,-0.803921568627451,-0.803921568627451,-0.803921568627451,-0.803921568627451,-0.803921568627451,-0.803921568627451,-0.803921568627451,-0.803921568627451
-0.5058823529411764,-0.9058823529411765,-0.6549019607843137,-0.9058823529411765,-0.9058823529411765,-0.9294117647058824,-0.8823529411764706,-0.9294117647058824,-0.8823529411764706,-0.803921568627451,-0.9058823529411765,-0.7568627450980392,-0.803921568627451,-0.803921568627451,-0.803921568627451,-0.803921568627451,-0.803921568627451,-0.803921568627451,-0.803921568627451,-0.803921568627451,-0.803921568627451,-0.803921568627451,-0.803921568627451,-0.803921568627451,-0.803921568627451,-0.803921568627451,-0.803921568627451,-0.803921568627451,-0.803921568627451,-0.803921568627451,-0.803921568627451,-0.803921568627451,-0.803921568627451,-0.803921568627451,-0.803921568627451,-0.803921568627451,-0.803921568627451,-0.803921568627451,-0.803921568627451,-0.803921568627451,-0.803921568627451,-0.803921568627451,-0.803921568627451,-0.803921568627451,-0.803921568627451,-0.803921568627451,-0.803921568627451,-0.803921568627451,-0.803921568627451,-0.803921568627451,-0.803921568627451,-0.803921568627451,-0.803921568627451,-0.803921568627451,-0.803921568627451,-0.803921568627451,-0.803921568627451,-0.803921568627451,-0.803921568627451,-0.803921568627451,-0.803921568627451,-0.803921568627451,-0.803921568627451,-0.803921568627451,-0.803921568627451,-0.803921568627451,-0.803921568627451,-0.803921568627451,-0.803921568627451,-0.803921568627451,-0.803921568627451,-0.803921568627451,-0.803921568627451,-0.803921568627451,-0.803921568627451,-0.803921568627451,-0.803921568627451,-0.803921568627451,-0.803921568627451,-0.803921568627451,-0.803921568627451,-0.803921568627451,-0.803921568627451,-0.803921568627451,-0.803921568627451,-0.803921568627451,-0.803921568627451,-0.803921568627451,-0.803921568627451,-0.803921568627451,-0.803921568627451,-0.803921568627451,-0.803921568627451,-0.803921568627451,-0.803921568627451,-0.803921568627451,-0.803921568627451,-0.803921568627451,-0.803921568627451,-0.803921568627451,-0.803921568627451,-0.803921568627451,-0.803921568627451,-0.803921568627451,-0.803921568627451,-0.803921568627451,-0.803921568627451,-0.803921568627451,-0.803921568627451,-0.803921568627451,-0.803921568627451,-0.803921568627451,-0.803921568627451,-0.803921568627451,-0.803921568627451,-0.803921568627451,-0.803921568627451,-0.803921568627451,-0.803921568627451,-0.803921568627451,-0.803921568627451,-0.803921568627451,-0.803921568627451,-0.803921568627451,-0.803921568627451
-0.5294117647058824,-0.9294117647058824,-0.6784313725490196,-0.9294117647058824,-0.9294117647058824,-0.9529411764705882,-0.9058823529411765,-0.9529411764705882,-0.9058823529411765,-0.8274509803921568,-0.9294117647058824,-0.788235294117647,-0.8352941176470589,-0.8352941176470589,-0.8352941176470589,-0.8352941176470589,-0.8352941176470589,-0.8352941176470589,-0.8352941176470589,-0.8352941176470589,-0.8352941176470589,-0.8352941176470589,-0.8352941176470589,-0.8352941176470589,-0.8352941176470589,-0.8352941176470589,-0.8352941176470589,-0.8352941176470589,-0.8352941176470589,-0.8352941176470589,-0.8352941176470589,-0.8352941176470589,-0.8352941176470589,-0.8352941176470589,-0.8352941176470589,-0.8352941176470589,-0.8352941176470589,-0.8352941176470589,-0.8352941176470589,-0.8352941176470589,-0.8352941176470589,-0.8352941176470589,-0.8352941176470589,-0.8352941176470589,-0.8352941176470589,-0.8352941176470589,-0.8352941176470589,-0.8352941176470589,-0.8352941176470589,-0.8352941176470589,-0.8352941176470589,-0.8352941176470589,-0.8352941176470589,-0.8352941176470589,-0.8352941176470589,-0.8352941176470589,-0.8352941176470589,-0.8352941176470589,-0.8352941176470589,-0.8352941176470589,-0.8352941176470589,-0.8352941176470589,-0.8352941176470589,-0.8352941176470589,-0.8352941176470589,-0.8352941176470589,-0.8352941176470589,-0.8352941176470589,-0.8352941176470589,-0.8352941176470589,-0.8352941176470589,-0.8352941176470589,-0.8352941176470589,-0.8352941176470589,-0.8352941176470589,-0.8352941176470589,-0.8352941176470589,-0.8352941176470589,-0.8352941176470589,-0.8352941176470589,-0.8352941176470589,-0.8352941176470589,-0.8352941176470589,-0.8352941176470589,-0.8352941176470589,-0.8352941176470589,-0.8352941176470589,-0.8352941176470589,-0.8352941176470589,-0.8352941176470589,-0.8352941176470589,-0.8352941176470589,-0.8352941176470589,-0.8352941176470589,-0.8352941176470589,-0.8352941176470589,-0.8352941176470589,-0.8352941176470589,-0.8352941176470589,-0.8352941176470589,-0.8352941176470589,-0.8352941176470589,-0.8352941176470589,-0.8352941176470589,-0.8352941176470589,-0.8352941176470589,-0.8352941176470589,-0.8352941176470589,-0.8352941176470589,-0.8352941176470589,-0.8352941176470589,-0.8352941176470589,-0.8352941176470589,-0.8352941176470589,-0.8352941176470589,-0.8352941176470589,-0.8352941176470589,-0.8352941176470589,-0.8352941176470589,-0.8352941176470589,-0.8352941176470589,-0.8352941176470589,-0.8352941176470589,-0.8352941176470589,-0.8352941176470589
-0.48235294117647054,-0.8823529411764706,-0.6313725490196078,-0.8823529411764706,-0.8823529411764706,-0.9058823529411765,-0.8509803921568627,-0.9058823529411765,-0.8509803921568627,-0.7803921568627451,-0.8823529411764706,-0.7254901960784313,-0.7647058823529411,-0.7647058823529411,-0.7647058823529411,-0.7647058823529411,-0.7647058823529411,-0.7647058823529411,-0.7647058823529411,-0.7647058823529411,-0.7647058823529411,-0.7647058823529411,-0.7647058823529411,-0.7647058823529411,-0.7647058823529411,-0.7647058823529411,-0.7647058823529411,-0.7647058823529411,-0.7647058823529411,-0.7647058823529411,-0.7647058823529411,-0.7647058823529411,-0.7647058823529411,-0.7647058823529411,-0.7647058823529411,-0.7647058823529411,-0.7647058823529411,-0.7647058823529411,-0.7647058823529411,-0.7647058823529411,-0.7647058823529411,-0.7647058823529411,-0.7647058823529411,-0.7647058823529411,-0.7647058823529411,-0.7647058823529411,-0.7647058823529411,-0.7647058823529411,-0.7647058823529411,-0.7647058823529411,-0.7647058823529411,-0.7647058823529411,-0.7647058823529411,-0.7647058823529411,-0.7647058823529411,-0.7647058823529411,-0.7647058823529411,-0.7647058823529411,-0.7647058823529411,-0.7647058823529411,-0.7647058823529411,-0.7647058823529411,-0.7647058823529411,-0.7647058823529411,-0.7647058823529411,-0.7647058823529411,-0.7647058823529411,-0.7647058823529411,-0.7647058823529411,-0.7647058823529411,-0.7647058823529411,-0.7647058823529411,-0.7647058823529411,-0.7647058823529411,-0.7647058823529411,-0.7647058823529411,-0.7647058823529411,-0.7647058823529411,-0.7647058823529411,-0.7647058823529411,-0.7647058823529411,-0.7647058823529411,-0.7647058823529411,-0.7647058823529411,-0.7647058823529411,-0.7647058823529411,-0.7647058823529411,-0.7647058823529411,-0.7647058823529411,-0.7647058823529411,-0.7647058823529411,-0.7647058823529411,-0.7647058823529411,-0.7647058823529411,-0.7647058823529411,-0.7647058823529411,-0.7647058823529411,-0.7647058823529411,-0.7647058823529411,-0.7647058823529411,-0.7647058823529411,-0.7647058823529411,-0.7647058823529411,-0.7647058823529411,-0.7647058823529411,-0.7647058823529411,-0.7647058823529411,-0.7647058823529411,-0.7647058823529411,-0.7647058823529411,-0.7647058823529411,-0.7647058823529411,-0.7647058823529411,-0.7647058823529411,-0.7647058823529411,-0.7647058823529411,-0.7647058823529411,-0.7647058823529411,-0.7647058823529411,-0.7647058823529411,-0.7647058823529411,-0.7647058823529411,-0.7647058823529411,-0.7647058823529411,-0.7647058823529411
-0.5294117647058824,-0.9294117647058824,-0.6784313725490196,-0.9294117647058824,-0.9294117647058824,-0.9529411764705882,-0.9058823529411765,-0.9529411764705882,-0.9058823529411765,-0.8274509803921568,-0.9294117647058824,-0.788235294117647,-0.8352941176470589,-0.8352941176470589,-0.8352941176470589,-0.8352941176470589,-0.8352941176470589,-0.8352941176470589,-0.8352941176470589,-0.8352941176470589,-0.8352941176470589,-0.8352941176470589,-0.8352941176470589,-0.8352941176470589,-0.8352941176470589,-0.8352941176470589,-0.8352941176470589,-0.8352941176470589,-0.8352941176470589,-0.8352941176470589,-0.8352941176470589,-0.8352941176470589,-0.8352941176470589,-0.8352941176470589,-0.8352941176470589,-0.8352941176470589,-0.8352941176470589,-0.8352941176470589,-0.8352941176470589,-0.8352941176470589,-0.8352941176470589,-0.8352941176470589,-0.8352941176470589,-0.8352941176470589,-0.8352941176470589,-0.8352941176470589,-0.8352941176470589,-0.8352941176470589,-0.8352941176470589,-0.8352941176470589,-0.8352941176470589,-0.8352941176470589,-0.8352941176470589,-0.8352941176470589,-0.8352941176470589,-0.8352941176470589,-0.8352941176470589,-0.8352941176470589,-0.8352941176470589,-0.8352941176470589,-0.8352941176470589,-0.8352941176470589,-0.8352941176470589,-0.8352941176470589,-0.8352941176470589,-0.8352941176470589,-0.8352941176470589,-0.8352941176470589,-0.8352941176470589,-0.8352941176470589,-0.8352941176470589,-0.8352941176470589,-0.8352941176470589,-0.8352941176470589,-0.8352941176470589,-0.8352941176470589,-0.8352941176470589,-0.8352941176470589,-0.8352941176470589,-0.8352941176470589,-0.8352941176470589,-0.8352941176470589,-0.8352941176470589,-0.8352941176470589,-0.8352941176470589,-0.8352941176470589,-0.8352941176470589,-0.8352941176470589,-0.8352941176470589,-0.8352941176470589,-0.8352941176470589,-0.8352941176470589,-0.8352941176470589,-0.8352941176470589,-0.8352941176470589,-0.8352941176470589,-0.8352941176470589,-0.8352941176470589,-0.8352941176470589,-0.8352941176470589,-0.8352941176470589,-0.8352941176470589,-0.8352941176470589,-0.8352941176470589,-0.8352941176470589,-0.8352941176470589,-0.8352941176470589,-0.8352941176470589,-0.8352941176470589,-0.8352941176470589,-0.8352941176470589,-0.8352941176470589,-0.8352941176470589,-0.8352941176470589,-0.8352941176470589,-0.8352941176470589,-0.8352941176470589,-0.8352941176470589,-0.8352941176470589,-0.8352941176470589,-0.8352941176470589,-0.8352941176470589,-0.8352941176470589,-0.8352941176470589,-0.8352941176470589
-0.48235294117647054,-0.8823529411764706,-0.6313725490196078,-0.8823529411764706,-0.8823529411764706,-0.9058823529411765,-0.8509803921568627,-0.9058823529411765,-0.8509803921568627,-0.7803921568627451,-0.8823529411764706,-0.7254901960784313,-0.7647058823529411,-0.7647058823529411,-0.7647058823529411,-0.7647058823529411,-0.7647058823529411,-0.7647058823529411,-0.7647058823529411,-0.7647058823529411,-0.7647058823529411,-0.7647058823529411,-0.7647058823529411,-0.7647058823529411,-0.7647058823529411,-0.7647058823529411,-0.7647058823529411,-0.7647058823529411,-0.7647058823529411,-0.7647058823529411,-0.7647058823529411,-0.7647058823529411,-0.7647058823529411,-0.7647058823529411,-0.7647058823529411,-0.7647058823529411,-0.7647058823529411,-0.7647058823529411,-0.7647058823529411,-0.7647058823529411,-0.7647058823529411,-0.7647058823529411,-0.7647058823529411,-0.7647058823529411,-0.7647058823529411,-0.7647058823529411,-0.7647058823529411,-0.7647058823529411,-0.7647058823529411,-0.7647058823529411,-0.7647058823529411,-0.7647058823529411,-0.7647058823529411,-0.7647058823529411,-0.7647058823529411,-0.7647058823529411,-0.7647058823529411,-0.7647058823529411,-0.7647058823529411,-0.7647058823529411,-0.7647058823529411,-0.7647058823529411,-0.7647058823529411,-0.7647058823529411,-0.7647058823529411,-0.7647058823529411,-0.7647058823529411,-0.7647058823529411,-0.7647058823529411,-0.7647058823529411,-0.7647058823529411,-0.7647058823529411,-0.7647058823529411,-0.7647058823529411,-0.7647058823529411,-0.7647058823529411,-0.7647058823529411,-0.7647058823529411,-0.7647058823529411,-0.7647058823529411,-0.7647058823529411,-0.7647058823529411,-0.7647058823529411,-0.7647058823529411,-0.7647058823529411,-0.7647058823529411,-0.7647058823529411,-0.7647058823529411,-0.7647058823529411,-0.7647058823529411,-0.7647058823529411,-0.7647058823529411,-0.7647058823529411,-0.7647058823529411,-0.7647058823529411,-0.7647058823529411,-0.7647058823529411,-0.7647058823529411,-0.7647058823529411,-0.7647058823529411,-0.7647058823529411,-0.7647058823529411,-0.7647058823529411,-0.7647058823529411,-0.7647058823529411,-0.7647058823529411,-0.7647058823529411,-0.7647058823529411,-0.7647058823529411,-0.7647058823529411,-0.7647058823529411,-0.7647058823529411,-0.7647058823529411,-0.7647058823529411,-0.7647058823529411,-0.7647058823529411,-0.7647058823529411,-0.7647058823529411,-0.7647058823529411,-0.7647058823529411,-0.7647058823529411,-0.7647058823529411,-0.7647058823529411,-0.7647058823529411,-0.7647058823529411
-0.403921568627451,-0.803921568627451,-0.5529411764705883,-0.803921568627451,-0.803921568627451,-0.8274509803921568,-0.7803921568627451,-0.8274509803921568,-0.7803921568627451,-0.7019607843137254,-0.803921568627451,-0.6313725490196078,-0.6627450980392157,-0.6627450980392157,-0.6627450980392157,-0.6627450980392157,-0.6627450980392157,-0.6627450980392157,-0.6627450980392157,-0.6627450980392157,-0.6627450980392157,-0.6627450980392157,-0.6627450980392157,-0.6627450980392157,-0.6627450980392157,-0.6627450980392157,-0.6627450980392157,-0.6627450980392157,-0.6627450980392157,-0.6627450980392157,-0.6627450980392157,-0.6627450980392157,-0.6627450980392157,-0.6627450980392157,-0.6627450980392157,-0.6627450980392157,-0.6627450980392157,-0.6627450980392157,-0.6627450980392157,-0.6627450980392157,-0.6627450980392157,-0.6627450980392157,-0.6627450980392157,-0.6627450980392157,-0.6627450980392157,-0.6627450980392157,-0.6627450980392157,-0.6627450980392157,-0.6627450980392157,-0.6627450980392157,-0.6627450980392157,-0.6627450980392157,-0.6627450980392157,-0.6627450980392157,-0.6627450980392157,-0.6627450980392157,-0.6627450980392157,-0.6627450980392157,-0.6627450980392157,-0.6627450980392157,-0.6627450980392157,-0.6627450980392157,-0.6627450980392157,-0.6627450980392157,-0.6627450980392157,-0.6627450980392157,-0.6627450980392157,-0.6627450980392157,-0.6627450980392157,-0.6627450980392157,-0.6627450980392157,-0.6627450980392157,-0.6627450980392157,-0.6627450980392157,-0.6627450980392157,-0.6627450980392157,-0.6627450980392157,-0.6627450980392157,-0.6627450980392157,-0.6627450980392157,-0.6627450980392157,-0.6627450980392157,-0.6627450980392157,-0.6627450980392157,-0.6627450980392157,-0.6627450980392157,-0.6627450980392157,-0.6627450980392157,-0.6627450980392157,-0.6627450980392157,-0.6627450980392157,-0.6627450980392157,-0.6627450980392157,-0.6627450980392157,-0.6627450980392157,-0.6627450980392157,-0.6627450980392157,-0.6627450980392157,-0.6627450980392157,-0.6627450980392157,-0.6627450980392157,-0.6627450980392157,-0.6627450980392157,-0.6627450980392157,-0.6627450980392157,-0.6627450980392157,-0.6627450980392157,-0.6627450980392157,-0.6627450980392157,-0.6627450980392157,-0.6627450980392157,-0.6627450980392157,-0.6627450980392157,-0.6627450980392157,-0.6627450980392157,-0.6627450980392157,-0.6627450980392157,-0.6627450980392157,-0.6627450980392157,-0.6627450980392157,-0.6627450980392157,-0.6627450980392157,-0.6627450980392157,-0.6627450980392157,-0.6627450980392157
-0.5058823529411764,-0.9058823529411765,-0.6549019607843137,-0.9058823529411765,-0.9058823529411765,-0.9294117647058824,-0.8823529411764706,-0.9294117647058824,-0.8823529411764706,-0.803921568627451,-0.9058823529411765,-0.7568627450980392,-0.803921568627451,-0.803921568627451,-0.803921568627451,-0.803921568627451,-0.803921568627451,-0.803921568627451,-0.803921568627451,-0.803921568627451,-0.803921568627451,-0.803921568627451,-0.803921568627451,-0.803921568627451,-0.803921568627451,-0.803921568627451,-0.803921568627451,-0.803921568627451,-0.803921568627451,-0.803921568627451,-0.803921568627451,-0.803921568627451,-0.803921568627451,-0.803921568627451,-0.803921568627451,-0.803921568627451,-0.803921568627451,-0.803921568627451,-0.803921568627451,-0.803921568627451,-0.803921568627451,-0.803921568627451,-0.803921568627451,-0.803921568627451,-0.803921568627451,-0.803921568627451,-0.803921568627451,-0.803921568627451,-0.803921568627451,-0.803921568627451,-0.803921568627451,-0.803921568627451,-0.803921568627451,-0.803921568627451,-0.803921568627451,-0.803921568627451,-0.803921568627451,-0.803921568627451,-0.803921568627451,-0.803921568627451,-0.803921568627451,-0.803921568627451,-0.803921568627451,-0.803921568627451,-0.803921568627451,-0.803921568627451,-0.803921568627451,-0.803921568627451,-0.803921568627451,-0.803921568627451,-0.803921568627451,-0.803921568627451,-0.803921568627451,-0.803921568627451,-0.803921568627451,-0.803921568627451,-0.803921568627451,-0.803921568627451,-0.803921568627451,-0.803921568627451,-0.803921568627451,-0.803921568627451,-0.803921568627451,-0.803921568627451,-0.803921568627451,-0.803921568627451,-0.803921568627451,-0.803921568627451,-0.803921568627451,-0.803921568627451,-0.803921568627451,-0.803921568627451,-0.803921568627451,-0.803921568627451,-0.803921568627451,-0.803921568627451,-0.803921568627451,-0.803921568627451,-0.803921568627451,-0.803921568627451,-0.803921568627451,-0.803921568627451,-0.803921568627451,-0.803921568627451,-0.803921568627451,-0.803921568627451,-0.803921568627451,-0.803921568627451,-0.803921568627451,-0.803921568627451,-0.803921568627451,-0.803921568627451,-0.803921568627451,-0.803921568627451,-0.803921568627451,-0.803921568627451,-0.803921568627451,-0.803921568627451,-0.803921568627451,-0.803921568627451,-0.803921568627451,-0.803921568627451,-0.803921568627451,-0.803921568627451,-0.803921568627451
-0.26274509803921564,-0.7568627450980392,-0.44313725490196076,-0.7568627450980392,-0.7568627450980392,-0.788235294117647,-0.7254901960784313,-0.788235294117647,-0.7254901960784313,-0.6313725490196078,-0.7568627450980392,-0.48235294117647054,-0.4980392156862745,-0.4980392156862745,-0.4980392156862745,-0.4980392156862745,-0.4980392156862745,-0.4980392156862745,-0.4980392156862745,-0.4980392156862745,-0.4980392156862745,-0.4980392156862745,-0.4980392156862745,-0.4980392156862745,-0.4980392156862745,-0.4980392156862745,-0.4980392156862745,-0.4980392156862745,-0.4980392156862745,-0.4980392156862745,-0.4980392156862745,-0.4980392156862745,-0.4980392156862745,-0.4980392156862745,-0.4980392156862745,-0.4980392156862745,-0.4980392156862745,-0.4980392156862745,-0.4980392156862745,-0.4980392156862745,-0.4980392156862745,-0.4980392156862745,-0.4980392156862745,-0.4980392156862745,-0.4980392156862745,-0.4980392156862745,-0.4980392156862745,-0.4980392156862745,-0.4980392156862745,-0.4980392156862745,-0.4980392156862745,-0.4980392156862745,-0.4980392156862745,-0.4980392156862745,-0.4980392156862745,-0.4980392156862745,-0.4980392156862745,-0.4980392156862745,-0.4980392156862745,-0.4980392156862745,-0.4980392156862745,-0.4980392156862745,-0.4980392156862745,-0.4980392156862745,-0.4980392156862745,-0.4980392156862745,-0.4980392156862745,-0.4980392156862745,-0.4980392156862745,-0.4980392156862745,-0.4980392156862745,-0.4980392156862745,-0.4980392156862745,-0.4980392156862745,-0.4980392156862745,-0.4980392156862745,-0.4980392156862745,-0.4980392156862745,-0.4980392156862745,-0.4980392156862745,-0.4980392156862745,-0.4980392156862745,-0.4980392156862745,-0.4980392156862745,-0.4980392156862745,-0.4980392156862745,-0.4980392156862745,-0.4980392156862745,-0.4980392156862745,-0.4980392156862745,-0.4980392156862745,-0.4980392156862745,-0.4980392156862745,-0.4980392156862745,-0.4980392156862745,-0.4980392156862745,-0.4980392156862745,-0.4980392156862745,-0.4980392156862745,-0.4980392156862745,-0.4980392156862745,-0.4980392156862745,-0.4980392156862745,-0.4980392156862745,-0.4980392156862745,-0.4980392156862745,-0.4980392156862745,-0.4980392156862745,-0.4980392156862745,-0.4980392156862745,-0.4980392156862745,-0.4980392156862745,-0.4980392156862745,-0.4980392156862745,-0.4980392156862745,-0.4980392156862745,-0.4980392156862745,-0.4980392156862745,-0.4980392156862745,-0.4980392156862745,-0.4980392156862745,-0.4980392156862745,-0.4980392156862745,-0.4980392156862745,-0.4980392156862745
-0.2549019607843137,-0.803921568627451,-0.45882352941176474,-0.803921568627451,-0.803921568627451,-0.8352941176470589,-0.7647058823529411,-0.8352941176470589,-0.7647058823529411,-0.6627450980392157,-0.803921568627451,-0.4980392156862745,-0.5058823529411764,-0.5058823529411764,-0.5058823529411764,-0.5058823529411764,-0.5058823529411764,-0.5058823529411764,-0.5058823529411764,-0.5058823529411764,-0.5058823529411764,-0.5058823529411764,-0.5058823529411764,-0.5058823529411764,-0.5058823529411764,-0.5058823529411764,-0.5058823529411764,-0.5058823529411764,-0.5058823529411764,-0.5058823529411764,-0.5058823529411764,-0.5058823529411764,-0.5058823529411764,-0.5058823529411764,-0.5058823529411764,-0.5058823529411764,-0.5058823529411764,-0.5058823529411764,-0.5058823529411764,-0.5058823529411764,-0.5058823529411764,-0.5058823529411764,-0.5058823529411764,-0.5058823529411764,-0.5058823529411764,-0.5058823529411764,-0.5058823529411764,-0.5058823529411764,-0.5058823529411764,-0.5058823529411764,-0.5058823529411764,-0.5058823529411764,-0.5058823529411764,-0.5058823529411764,-0.5058823529411764,-0.5058823529411764,-0.5058823529411764,-0.5058823529411764,-0.5058823529411764,-0.5058823529411764,-0.5058823529411764,-0.5058823529411764,-0.5058823529411764,-0.5058823529411764,-0.5058823529411764,-0.5058823529411764,-0.5058823529411764,-0.5058823529411764,-0.5058823529411764,-0.5058823529411764,-0.5058823529411764,-0.5058823529411764,-0.5058823529411764,-0.5058823529411764,-0.5058823529411764,-0.5058823529411764,-0.5058823529411764,-0.5058823529411764,-0.5058823529411764,-0.5058823529411764,-0.5058823529411764,-0.5058823529411764,-0.5058823529411764,-0.5058823529411764,-0.5058823529411764,-0.5058823529411764,-0.5058823529411764,-0.5058823529411764,-0.5058823529411764,-0.5058823529411764,-0.5058823529411764,-0.5058823529411764,-0.5058823529411764,-0.5058823529411764,-0.5058823529411764,-0.5058823529411764,-0.5058823529411764,-0.5058823529411764,-0.5058823529411764,-0.5058823529411764,-0.5058823529411764,-0.5058823529411764,-0.5058823529411764,-0.5058823529411764,-0.5058823529411764,-0.5058823529411764,-0.5058823529411764,-0.5058823529411764,-0.5058823529411764,-0.5058823529411764,-0.5058823529411764,-0.5058823529411764,-0.5058823529411764,-0.5058823529411764,-0.5058823529411764,-0.5058823529411764,-0.5058823529411764,-0.5058823529411764,-0.5058823529411764,-0.5058823529411764,-0.5058823529411764,-0.5058823529411764,-0.5058823529411764,-0.5058823529411764,-0.5058823529411764
-0.2549019607843137,-0.803921568627451,-0.45882352941176474,-0.803921568627451,-0.803921568627451,-0.8352941176470589,-0.7647058823529411,-0.8352941176470589,-0.7647058823529411,-0.6627450980392157,-0.803921568627451,-0.4980392156862745,-0.5058823529411764,-0.5058823529411764,-0.5058823529411764,-0.5058823529411764,-0.5058823529411764,-0.5058823529411764,-0.5058823529411764,-0.5058823529411764,-0.5058823529411764,-0.5058823529411764,-0.5058823529411764,-0.5058823529411764,-0.5058823529411764,-0.5058823529411764,-0.5058823529411764,-0.5058823529411764,-0.5058823529411764,-0.5058823529411764,-0.5058823529411764,-0.5058823529411764,-0.5058823529411764,-0.5058823529411764,-0.5058823529411764,-0.5058823529411764,-0.5058823529411764,-0.5058823529411764,-0.5058823529411764,-0.5058823529411764,-0.5058823529411764,-0.5058823529411764,-0.5058823529411764,-0.5058823529411764,-0.5058823529411764,-0.5058823529411764,-0.5058823529411764,-0.5058823529411764,-0.5058823529411764,-0.5058823529411764,-0.5058823529411764,-0.5058823529411764,-0.5058823529411764,-0.5058823529411764,-0.5058823529411764,-0.5058823529411764,-0.5058823529411764,-0.5058823529411764,-0.5058823529411764,-0.5058823529411764,-0.5058823529411764,-0.5058823529411764,-0.5058823529411764,-0.5058823529411764,-0.5058823529411764,-0.5058823529411764,-0.5058823529411764,-0.5058823529411764,-0.5058823529411764,-0.5058823529411764,-0.5058823529411764,-0.5058823529411764,-0.5058823529411764,-0.5058823529411764,-0.5058823529411764,-0.5058823529411764,-0.5058823529411764,-0.5058823529411764,-0.5058823529411764,-0.5058823529411764,-0.5058823529411764,-0.5058823529411764,-0.5058823529411764,-0.5058823529411764,-0.5058823529411764,-0.5058823529411764,-0.5058823529411764,-0.5058823529411764,-0.5058823529411764,-0.5058823529411764,-0.5058823529411764,-0.5058823529411764,-0.5058823529411764,-0.5058823529411764,-0.5058823529411764,-0.5058823529411764,-0.5058823529411764,-0.5058823529411764,-0.5058823529411764,-0.5058823529411764,-0.5058823529411764,-0.5058823529411764,-0.5058823529411764,-0.5058823529411764,-0.5058823529411764,-0.5058823529411764,-0.5058823529411764,-0.5058823529411764,-0.5058823529411764,-0.5058823529411764,-0.5058823529411764,-0.5058823529411764,-0.5058823529411764,-0.5058823529411764,-0.5058823529411764,-0.5058823529411764,-0.5058823529411764,-0.5058823529411764,-0.5058823529411764,-0.5058823529411764,-0.5058823529411764,-0.5058823529411764,-0.5058823529411764,-0.5058823529411764,-0.5058823529411764
-0.2549019607843137,-0.803921568627451,-0.45882352941176474,-0.803921568627451,-0.803921568627451,-0.8352941176470589,-0.7647058823529411,-0.8352941176470589,-0.7647058823529411,-0.6627450980392157,-0.803921568627451,-0.4980392156862745,-0.5058823529411764,-0.5058823529411764,-0.5058823529411764,-0.5058823529411764,-0.5058823529411764,-0.5058823529411764,-0.5058823529411764,-0.5058823529411764,-0.5058823529411764,-0.5058823529411764,-0.5058823529411764,-0.5058823529411764,-0.5058823529411764,-0.5058823529411764,-0.5058823529411764,-0.5058823529411764,-0.5058823529411764,-0.5058823529411764,-0.5058823529411764,-0.5058823529411764,-0.5058823529411764,-0.5058823529411764,-0.5058823529411764,-0.5058823529411764,-0.5058823529411764,-0.5058823529411764,-0.5058823529411764,-0.5058823529411764,-0.5058823529411764,-0.5058823529411764,-0.5058823529411764,-0.5058823529411764,-0.5058823529411764,-0.5058823529411764,-0.5058823529411764,-0.5058823529411764,-0.5058823529411764,-0.5058823529411764,-0.5058823529411764,-0.5058823529411764,-0.5058823529411764,-0.5058823529411764,-0.5058823529411764,-0.5058823529411764,-0.5058823529411764,-0.5058823529411764,-0.5058823529411764,-0.5058823529411764,-0.5058823529411764,-0.5058823529411764,-0.5058823529411764,-0.5058823529411764,-0.5058823529411764,-0.5058823529411764,-0.5058823529411764,-0.5058823529411764,-0.5058823529411764,-0.5058823529411764,-0.5058823529411764,-0.5058823529411764,-0.5058823529411764,-0.5058823529411764,-0.5058823529411764,-0.5058823529411764,-0.5058823529411764,-0.5058823529411764,-0.5058823529411764,-0.5058823529411764,-0.5058823529411764,-0.5058823529411764,-0.5058823529411764,-0.5058823529411764,-0.5058823529411764,-0.5058823529411764,-0.5058823529411764,-0.5058823529411764,-0.5058823529411764,-0.5058823529411764,-0.5058823529411764,-0.5058823529411764,-0.5058823529411764,-0.5058823529411764,-0.5058823529411764,-0.5058823529411764,-0.5058823529411764,-0.5058823529411764,-0.5058823529411764,-0.5058823529411764,-0.5058823529411764,-0.5058823529411764,-0.5058823529411764,-0.5058823529411764,-0.5058823529411764,-0.5058823529411764,-0.5058823529411764,-0.5058823529411764,-0.5058823529411764,-0.5058823529411764,-0.5058823529411764,-0.5058823529411764,-0.5058823529411764,-0.5058823529411764,-0.5058823529411764,-0.5058823529411764,-0.5058823529411764,-0.5058823529411764,-0.5058823529411764,-0.5058823529411764,-0.5058823529411764,-0.5058823529411764,-0.5058823529411764,-0.5058823529411764,-0.5058823529411764
-0.2549019607843137,-0.803921568627451,-0.45882352941176474,-0.803921568627451,-0.803921568627451,-0.8352941176470589,-0.7647058823529411,-0.8352941176470589,-0.7647058823529411,-0.6627450980392157,-0.803921568627451,-0.4980392156862745,-0.5058823529411764,-0.5058823529411764,-0.5058823529411764,-0.5058823529411764,-0.5058823529411764,-0.5058823529411764,-0.5058823529411764,-0.5058823529411764,-0.5058823529411764,-0.5058823529411764,-0.5058823529411764,-0.5058823529411764,-0.5058823529411764,-0.5058823529411764,-0.5058823529411764,-0.5058823529411764,-0.5058823529411764,-0.5058823529411764,-0.5058823529411764,-0.5058823529411764,-0.5058823529411764,-0.5058823529411764,-0.5058823529411764,-0.5058823529411764,-0.5058823529411764,-0.5058823529411764,-0.5058823529411764,-0.5058823529411764,-0.5058823529411764,-0.5058823529411764,-0.5058823529411764,-0.5058823529411764,-0.5058823529411764,-0.5058823529411764,-0.5058823529411764,-0.5058823529411764,-0.5058823529411764,-0.5058823529411764,-0.5058823529411764,-0.5058823529411764,-0.5058823529411764,-0.5058823529411764,-0.5058823529411764,-0.5058823529411764,-0.5058823529411764,-0.5058823529411764,-0.5058823529411764,-0.5058823529411764,-0.5058823529411764,-0.5058823529411764,-0.5058823529411764,-0.5058823529411764,-0.5058823529411764,-0.5058823529411764,-0.5058823529411764,-0.5058823529411764,-0.5058823529411764,-0.5058823529411764,-0.5058823529411764,-0.5058823529411764,-0.5058823529411764,-0.5058823529411764,-0.5058823529411764,-0.5058823529411764,-0.5058823529411764,-0.5058823529411764,-0.5058823529411764,-0.5058823529411764,-0.5058823529411764,-0.5058823529411764,-0.5058823529411764,-0.5058823529411764,-0.5058823529411764,-0.5058823529411764,-0.5058823529411764,-0.5058823529411764,-0.5058823529411764,-0.5058823529411764,-0.5058823529411764,-0.5058823529411764,-0.5058823529411764,-0.5058823529411764,-0.5058823529411764,-0.5058823529411764,-0.5058823529411764,-0.5058823529411764,-0.5058823529411764,-0.5058823529411764,-0.5058823529411764,-0.5058823529411764,-0.5058823529411764,-0.5058823529411764,-0.5058823529411764,-0.5058823529411764,-0.5058823529411764,-0.5058823529411764,-0.5058823529411764,-0.5058823529411764,-0.5058823529411764,-0.5058823529411764,-0.5058823529411764,-0.5058823529411764,-0.5058823529411764,-0.5058823529411764,-0.5058823529411764,-0.5058823529411764,-0.5058823529411764,-0.5058823529411764,-0.5058823529411764,-0.5058823529411764,-0.5058823529411764,-0.5058823529411764,-0.5058823529411764
