-0.5529411764705883,-0.5764705882352941,-0.6313725490196078,-0.6313725490196078,-0.7019607843137254,-0.7019607843137254,-0.607843137254902,-0.7019607843137254,-0.7254901960784313,-0.5529411764705883,-0.6549019607843137,-0.5764705882352941,-0.5607843137254902,-0.5607843137254902,-0.5607843137254902,-0.5607843137254902,-0.5607843137254902,-0.5607843137254902,-0.5607843137254902,-0.5607843137254902,-0.5607843137254902,-0.5607843137254902,-0.5607843137254902,-0.5607843137254902,-0.5607843137254902,-0.5607843137254902,-0.5607843137254902,-0.5607843137254902,-0.5607843137254902,-0.5607843137254902,-0.5607843137254902,-0.5607843137254902,-0.5607843137254902,-0.5607843137254902,-0.5607843137254902,-0.5607843137254902,-0.5607843137254902,-0.5607843137254902,-0.5607843137254902,-0.5607843137254902,-0.5607843137254902,-0.5607843137254902,-0.5607843137254902,-0.5607843137254902,-0.5607843137254902,-0.5607843137254902,-0.5607843137254902,-0.5607843137254902,-0.5607843137254902,-0.5607843137254902,-0.5607843137254902,-0.5607843137254902,-0.5607843137254902,-0.5607843137254902,-0.5607843137254902,-0.5607843137254902,-0.5607843137254902,-0.5607843137254902,-0.5607843137254902,-0.5607843137254902,-0.5607843137254902,-0.5607843137254902,-0.5607843137254902,-0.5607843137254902,-0.5607843137254902,-0.5607843137254902,-0.5607843137254902,-0.5607843137254902,-0.5607843137254902,-0.5607843137254902,-0.5607843137254902,-0.5607843137254902,-0.5607843137254902,-0.5607843137254902,-0.5607843137254902,-0.5607843137254902,-0.5607843137254902,-0.5607843137254902,-0.5607843137254902,-0.5607843137254902,-0.5607843137254902,-0.5607843137254902,-0.5607843137254902,-0.5607843137254902,-0.5607843137254902,-0.5607843137254902,-0.5607843137254902,-0.5607843137254902,-0.5607843137254902,-0.5607843137254902,-0.5607843137254902,-0.5607843137254902,-0.5607843137254902,-0.5607843137254902,-0.5607843137254902,-0.5607843137254902,-0.5607843137254902,-0.5607843137254902,-0.5607843137254902,-0.5607843137254902,-0.5607843137254902,-0.5607843137254902,-0.5607843137254902,-0.5607843137254902,-0.5607843137254902,-0.5607843137254902,-0.5607843137254902,-0.5607843137254902,-0.5607843137254902,-0.5607843137254902,-0.5607843137254902,-0.5607843137254902,-0.5607843137254902,-0.5607843137254902,-0.5607843137254902,-0.5607843137254902,-0.5607843137254902,-0.5607843137254902,-0.5607843137254902,-0.5607843137254902,-0.5607843137254902,-0.5607843137254902,-0.5607843137254902,-0.5607843137254902,-0.5607843137254902
-0.5764705882352941,-0.607843137254902,-0.6549019607843137,-0.6549019607843137,-0.7254901960784313,-0.7254901960784313,-0.6313725490196078,-0.7254901960784313,-0.7568627450980392,-0.5764705882352941,-0.6784313725490196,-0.607843137254902,-0.6,-0.6,-0.6,-0.6,-0.6,-0.6,-0.6,-0.6,-0.6,-0.6,-0.6,-0.6,-0.6,-0.6,-0.6,-0.6,-0.6,-0.6,-0.6,-0.6,-0.6,-0.6,-0.6,-0.6,-0.6,-0.6,-0.6,-0.6,-0.6,-0.6,-0.6,-0.6,-0.6,-0.6,-0.6,-0.6,-0.6,-0.6,-0.6,-0.6,-0.6,-0.6,-0.6,-0.6,-0.6,-0.6,-0.6,-0.6,-0.6,-0.6,-0.6,-0.6,-0.6,-0.6,-0.6,-0.6,-0.6,-0.6,-0.6,-0.6,-0.6,-0.6,-0.6,-0.6,-0.6,-0.6,-0.6,-0.6,-0.6,-0.6,-0.6,-0.6,-0.6,-0.6,-0.6,-0.6,-0.6,-0.6,-0.6,-0.6,-0.6,-0.6,-0.6,-0.6,-0.6,-0.6,-0.6,-0.6,-0.6,-0.6,-0.6,-0.6,-0.6,-0.6,-0.6,-0.6,-0.6,-0.6,-0.6,-0.6,-0.6,-0.6,-0.6,-0.6,-0.6,-0.6,-0.6,-0.6,-0.6,-0.6,-0.6,-0.6,-0.6
-0.6313725490196078,-0.6549019607843137,-0.7019607843137254,-0.7019607843137254,-0.7803921568627451,-0.7803921568627451,-0.6784313725490196,-0.7803921568627451,-0.803921568627451,-0.6313725490196078,-0.7254901960784313,-0.6705882352941177,-0.6627450980392157,-0.6627450980392157,-0.6627450980392157,-0.6627450980392157,-0.6627450980392157,-0.6627450980392157,-0.6627450980392157,-0.6627450980392157,-0.6627450980392157,-0.6627450980392157,-0.6627450980392157,-0.6627450980392157,-0.6627450980392157,-0.6627450980392157,-0.6627450980392157,-0.6627450980392157,-0.6627450980392157,-0.6627450980392157,-0.6627450980392157,-0.6627450980392157,-0.6627450980392157,-0.6627450980392157,-0.6627450980392157,-0.6627450980392157,-0.6627450980392157,-0.6627450980392157,-0.6627450980392157,-0.6627450980392157,-0.6627450980392157,-0.6627450980392157,-0.6627450980392157,-0.6627450980392157,-0.6627450980392157,-0.6627450980392157,-0.6627450980392157,-0.6627450980392157,-0.6627450980392157,-0.6627450980392157,-0.6627450980392157,-0.6627450980392157,-0.6627450980392157,-0.6627450980392157,-0.6627450980392157,-0.6627450980392157,-0.6627450980392157,-0.6627450980392157,-0.6627450980392157,-0.6627450980392157,-0.6627450980392157,-0.6627450980392157,-0.6627450980392157,-0.6627450980392157,-0.6627450980392157,-0.6627450980392157,-0.6627450980392157,-0.6627450980392157,-0.6627450980392157,-0.6627450980392157,-0.6627450980392157,-0.6627450980392157,-0.6627450980392157,-0.6627450980392157,-0.6627450980392157,-0.6627450980392157,-0.6627450980392157,-0.6627450980392157,-0.6627450980392157,-0.6627450980392157,-0.6627450980392157,-0.6627450980392157,-0.6627450980392157,-0.6627450980392157,-0.6627450980392157,-0.6627450980392157,-0.6627450980392157,-0.6627450980392157,-0.6627450980392157,-0.6627450980392157,-0.6627450980392157,-0.6627450980392157,-0.6627450980392157,-0.6627450980392157,-0.6627450980392157,-0.6627450980392157,-0.6627450980392157,-0.6627450980392157,-0.6627450980392157,-0.6627450980392157,-0.6627450980392157,-0.6627450980392157,-0.6627450980392157,-0.6627450980392157,-0.6627450980392157,-0.6627450980392157,-0.6627450980392157,-0.6627450980392157,-0.6627450980392157,-0.6627450980392157,-0.6627450980392157,-0.6627450980392157,-0.6627450980392157,-0.6627450980392157,-0.6627450980392157,-0.6627450980392157,-0.6627450980392157,-0.6627450980392157,-0.6627450980392157,-0.6627450980392157,-0.6627450980392157,-0.6627450980392157,-0.6627450980392157,-0.6627450980392157,-0.6627450980392157
-0.6313725490196078,-0.6549019607843137,-0.7019607843137254,-0.7019607843137254,-0.7803921568627451,-0.7803921568627451,-0.6784313725490196,-0.7803921568627451,-0.803921568627451,-0.6313725490196078,-0.7254901960784313,-0.6705882352941177,-0.6627450980392157,-0.6627450980392157,-0.6627450980392157,-0.6627450980392157,-0.6627450980392157,-0.6627450980392157,-0.6627450980392157,-0.6627450980392157,-0.6627450980392157,-0.6627450980392157,-0.6627450980392157,-0.6627450980392157,-0.6627450980392157,-0.6627450980392157,-0.6627450980392157,-0.6627450980392157,-0.6627450980392157,-0.6627450980392157,-0.6627450980392157,-0.6627450980392157,-0.6627450980392157,-0.6627450980392157,-0.6627450980392157,-0.6627450980392157,-0.6627450980392157,-0.6627450980392157,-0.6627450980392157,-0.6627450980392157,-0.6627450980392157,-0.6627450980392157,-0.6627450980392157,-0.6627450980392157,-0.6627450980392157,-0.6627450980392157,-0.6627450980392157,-0.6627450980392157,-0.6627450980392157,-0.6627450980392157,-0.6627450980392157,-0.6627450980392157,-0.6627450980392157,-0.6627450980392157,-0.6627450980392157,-0.6627450980392157,-0.6627450980392157,-0.6627450980392157,-0.6627450980392157,-0.6627450980392157,-0.6627450980392157,-0.6627450980392157,-0.6627450980392157,-0.6627450980392157,-0.6627450980392157,-0.6627450980392157,-0.6627450980392157,-0.6627450980392157,-0.6627450980392157,-0.6627450980392157,-0.6627450980392157,-0.6627450980392157,-0.6627450980392157,-0.6627450980392157,-0.6627450980392157,-0.6627450980392157,-0.6627450980392157,-0.6627450980392157,-0.6627450980392157,-0.6627450980392157,-0.6627450980392157,-0.6627450980392157,-0.6627450980392157,-0.6627450980392157,-0.6627450980392157,-0.6627450980392157,-0.6627450980392157,-0.6627450980392157,-0.6627450980392157,-0.6627450980392157,-0.6627450980392157,-0.6627450980392157,-0.6627450980392157,-0.6627450980392157,-0.6627450980392157,-0.6627450980392157,-0.6627450980392157,-0.6627450980392157,-0.6627450980392157,-0.6627450980392157,-0.6627450980392157,-0.6627450980392157,-0.6627450980392157,-0.6627450980392157,-0.6627450980392157,-0.6627450980392157,-0.6627450980392157,-0.6627450980392157,-0.6627450980392157,-0.6627450980392157,-0.6627450980392157,-0.6627450980392157,-0.6627450980392157,-0.6627450980392157,-0.6627450980392157,-0.6627450980392157,-0.6627450980392157,-0.6627450980392157,-0.6627450980392157,-0.6627450980392157,-0.6627450980392157,-0.6627450980392157,-0.6627450980392157,-0.6627450980392157,-0.6627450980392157
-0.7019607843137254,-0.7254901960784313,-0.7803921568627451,-0.7803921568627451,-0.8509803921568627,-0.8509803921568627,-0.7568627450980392,-0.8509803921568627,-0.8823529411764706,-0.7019607843137254,-0.803921568627451,-0.7725490196078432,-0.7647058823529411,-0.7647058823529411,-0.7647058823529411,-0.7647058823529411,-0.7647058823529411,-0.7647058823529411,-0.7647058823529411,-0.7647058823529411,-0.7647058823529411,-0.7647058823529411,-0.7647058823529411,-0.7647058823529411,-0.7647058823529411,-0.7647058823529411,-0.7647058823529411,-0.7647058823529411,-0.7647058823529411,-0.7647058823529411,-0.7647058823529411,-0.7647058823529411,-0.7647058823529411,-0.7647058823529411,-0.7647058823529411,-0.7647058823529411,-0.7647058823529411,-0.7647058823529411,-0.7647058823529411,-0.7647058823529411,-0.7647058823529411,-0.7647058823529411,-0.7647058823529411,-0.7647058823529411,-0.7647058823529411,-0.7647058823529411,-0.7647058823529411,-0.7647058823529411,-0.7647058823529411,-0.7647058823529411,-0.7647058823529411,-0.7647058823529411,-0.7647058823529411,-0.7647058823529411,-0.7647058823529411,-0.7647058823529411,-0.7647058823529411,-0.7647058823529411,-0.7647058823529411,-0.7647058823529411,-0.7647058823529411,-0.7647058823529411,-0.7647058823529411,-0.7647058823529411,-0.7647058823529411,-0.7647058823529411,-0.7647058823529411,-0.7647058823529411,-0.7647058823529411,-0.7647058823529411,-0.7647058823529411,-0.7647058823529411,-0.7647058823529411,-0.7647058823529411,-0.7647058823529411,-0.7647058823529411,-0.7647058823529411,-0.7647058823529411,-0.7647058823529411,-0.7647058823529411,-0.7647058823529411,-0.7647058823529411,-0.7647058823529411,-0.7647058823529411,-0.7647058823529411,-0.7647058823529411,-0.7647058823529411,-0.7647058823529411,-0.7647058823529411,-0.7647058823529411,-0.7647058823529411,-0.7647058823529411,-0.7647058823529411,-0.7647058823529411,-0.7647058823529411,-0.7647058823529411,-0.7647058823529411,-0.7647058823529411,-0.7647058823529411,-0.7647058823529411,-0.7647058823529411,-0.7647058823529411,-0.7647058823529411,-0.7647058823529411,-0.7647058823529411,-0.7647058823529411,-0.7647058823529411,-0.7647058823529411,-0.7647058823529411,-0.7647058823529411,-0.7647058823529411,-0.7647058823529411,-0.7647058823529411,-0.7647058823529411,-0.7647058823529411,-0.7647058823529411,-0.7647058823529411,-0.7647058823529411,-0.7647058823529411,-0.7647058823529411,-0.7647058823529411,-0.7647058823529411,-0.7647058823529411,-0.7647058823529411,-0.7647058823529411
-0.7019607843137254,-0.7254901960784313,-0.7803921568627451,-0.7803921568627451,-0.8509803921568627,-0.8509803921568627,-0.7568627450980392,-0.8509803921568627,-0.8823529411764706,-0.7019607843137254,-0.803921568627451,-0.7725490196078432,-0.7647058823529411,-0.7647058823529411,-0.7647058823529411,-0.7647058823529411,-0.7647058823529411,-0.7647058823529411,-0.7647058823529411,-0.7647058823529411,-0.7647058823529411,-0.7647058823529411,-0.7647058823529411,-0.7647058823529411,-0.7647058823529411,-0.7647058823529411,-0.7647058823529411,-0.7647058823529411,-0.7647058823529411,-0.7647058823529411,-0.7647058823529411,-0.7647058823529411,-0.7647058823529411,-0.7647058823529411,-0.7647058823529411,-0.7647058823529411,-0.7647058823529411,-0.7647058823529411,-0.7647058823529411,-0.7647058823529411,-0.7647058823529411,-0.7647058823529411,-0.7647058823529411,-0.7647058823529411,-0.7647058823529411,-0.7647058823529411,-0.7647058823529411,-0.7647058823529411,-0.7647058823529411,-0.7647058823529411,-0.7647058823529411,-0.7647058823529411,-0.7647058823529411,-0.7647058823529411,-0.7647058823529411,-0.7647058823529411,-0.7647058823529411,-0.7647058823529411,-0.7647058823529411,-0.7647058823529411,-0.7647058823529411,-0.7647058823529411,-0.7647058823529411,-0.7647058823529411,-0.7647058823529411,-0.7647058823529411,-0.7647058823529411,-0.7647058823529411,-0.7647058823529411,-0.7647058823529411,-0.7647058823529411,-0.7647058823529411,-0.7647058823529411,-0.7647058823529411,-0.7647058823529411,-0.7647058823529411,-0.7647058823529411,-0.7647058823529411,-0.7647058823529411,-0.7647058823529411,-0.7647058823529411,-0.7647058823529411,-0.7647058823529411,-0.7647058823529411,-0.7647058823529411,-0.7647058823529411,-0.7647058823529411,-0.7647058823529411,-0.7647058823529411,-0.7647058823529411,-0.7647058823529411,-0.7647058823529411,-0.7647058823529411,-0.7647058823529411,-0.7647058823529411,-0.7647058823529411,-0.7647058823529411,-0.7647058823529411,-0.7647058823529411,-0.7647058823529411,-0.7647058823529411,-0.7647058823529411,-0.7647058823529411,-0.7647058823529411,-0.7647058823529411,-0.7647058823529411,-0.7647058823529411,-0.7647058823529411,-0.7647058823529411,-0.7647058823529411,-0.7647058823529411,-0.7647058823529411,-0.7647058823529411,-0.7647058823529411,-0.7647058823529411,-0.7647058823529411,-0.7647058823529411,-0.7647058823529411,-0.7647058823529411,-0.7647058823529411,-0.7647058823529411,-0.7647058823529411,-0.7647058823529411,-0.7647058823529411,-0.7647058823529411
-0.607843137254902,-0.6313725490196078,-0.6784313725490196,-0.6784313725490196,-0.7568627450980392,-0.7568627450980392,-0.6549019607843137,-0.7568627450980392,-0.7803921568627451,-0.607843137254902,-0.7019607843137254,-0.6392156862745098,-0.6313725490196078,-0.6313725490196078,-0.6313725490196078,-0.6313725490196078,-0.6313725490196078,-0.6313725490196078,-0.6313725490196078,-0.6313725490196078,-0.6313725490196078,-0.6313725490196078,-0.6313725490196078,-0.6313725490196078,-0.6313725490196078,-0.6313725490196078,-0.6313725490196078,-0.6313725490196078,-0.6313725490196078,-0.6313725490196078,-0.6313725490196078,-0.6313725490196078,-0.6313725490196078,-0.6313725490196078,-0.6313725490196078,-0.6313725490196078,-0.6313725490196078,-0.6313725490196078,-0.6313725490196078,-0.6313725490196078,-0.6313725490196078,-0.6313725490196078,-0.6313725490196078,-0.6313725490196078,-0.6313725490196078,-0.6313725490196078,-0.6313725490196078,-0.6313725490196078,-0.6313725490196078,-0.6313725490196078,-0.6313725490196078,-0.6313725490196078,-0.6313725490196078,-0.6313725490196078,-0.6313725490196078,-0.6313725490196078,-0.6313725490196078,-0.6313725490196078,-0.6313725490196078,-0.6313725490196078,-0.6313725490196078,-0.6313725490196078,-0.6313725490196078,-0.6313725490196078,-0.6313725490196078,-0.6313725490196078,-0.6313725490196078,-0.6313725490196078,-0.6313725490196078,-0.6313725490196078,-0.6313725490196078,-0.6313725490196078,-0.6313725490196078,-0.6313725490196078,-0.6313725490196078,-0.6313725490196078,-0.6313725490196078,-0.6313725490196078,-0.6313725490196078,-0.6313725490196078,-0.6313725490196078,-0.6313725490196078,-0.6313725490196078,-0.6313725490196078,-0.6313725490196078,-0.6313725490196078,-0.6313725490196078,-0.6313725490196078,-0.6313725490196078,-0.6313725490196078,-0.6313725490196078,-0.6313725490196078,-0.6313725490196078,-0.6313725490196078,-0.6313725490196078,-0.6313725490196078,-0.6313725490196078,-0.6313725490196078,-0.6313725490196078,-0.6313725490196078,-0.6313725490196078,-0.6313725490196078,-0.6313725490196078,-0.6313725490196078,-0.6313725490196078,-0.6313725490196078,-0.6313725490196078,-0.6313725490196078,-0.6313725490196078,-0.6313725490196078,-0.6313725490196078,-0.6313725490196078,-0.6313725490196078,-0.6313725490196078,-0.6313725490196078,-0.6313725490196078,-0.6313725490196078,-0.6313725490196078,-0.6313725490196078,-0.6313725490196078,-0.6313725490196078,-0.6313725490196078,-0.6313725490196078,-0.6313725490196078,-0.6313725490196078
-0.7019607843137254,-0.7254901960784313,-0.7803921568627451,-0.7803921568627451,-0.8509803921568627,-0.8509803921568627,-0.7568627450980392,-0.8509803921568627,-0.8823529411764706,-0.7019607843137254,-0.803921568627451,-0.7725490196078432,-0.7647058823529411,-0.7647058823529411,-0.7647058823529411,-0.7647058823529411,-0.7647058823529411,-0.7647058823529411,-0.7647058823529411,-0.7647058823529411,-0.7647058823529411,-0.7647058823529411,-0.7647058823529411,-0.7647058823529411,-0.7647058823529411,-0.7647058823529411,-0.7647058823529411,-0.7647058823529411,-0.7647058823529411,-0.7647058823529411,-0.7647058823529411,-0.7647058823529411,-0.7647058823529411,-0.7647058823529411,-0.7647058823529411,-0.7647058823529411,-0.7647058823529411,-0.7647058823529411,-0.7647058823529411,-0.7647058823529411,-0.7647058823529411,-0.7647058823529411,-0.7647058823529411,-0.7647058823529411,-0.7647058823529411,-0.7647058823529411,-0.7647058823529411,-0.7647058823529411,-0.7647058823529411,-0.7647058823529411,-0.7647058823529411,-0.7647058823529411,-0.7647058823529411,-0.7647058823529411,-0.7647058823529411,-0.7647058823529411,-0.7647058823529411,-0.7647058823529411,-0.7647058823529411,-0.7647058823529411,-0.7647058823529411,-0.7647058823529411,-0.7647058823529411,-0.7647058823529411,-0.7647058823529411,-0.7647058823529411,-0.7647058823529411,-0.7647058823529411,-0.7647058823529411,-0.7647058823529411,-0.7647058823529411,-0.7647058823529411,-0.7647058823529411,-0.7647058823529411,-0.7647058823529411,-0.7647058823529411,-0.7647058823529411,-0.7647058823529411,-0.7647058823529411,-0.7647058823529411,-0.7647058823529411,-0.7647058823529411,-0.7647058823529411,-0.7647058823529411,-0.7647058823529411,-0.7647058823529411,-0.7647058823529411,-0.7647058823529411,-0.7647058823529411,-0.7647058823529411,-0.7647058823529411,-0.7647058823529411,-0.7647058823529411,-0.7647058823529411,-0.7647058823529411,-0.7647058823529411,-0.7647058823529411,-0.7647058823529411,-0.7647058823529411,-0.7647058823529411,-0.7647058823529411,-0.7647058823529411,-0.7647058823529411,-0.7647058823529411,-0.7647058823529411,-0.7647058823529411,-0.7647058823529411,-0.7647058823529411,-0.7647058823529411,-0.7647058823529411,-0.7647058823529411,-0.7647058823529411,-0.7647058823529411,-0.7647058823529411,-0.7647058823529411,-0.7647058823529411,-0.7647058823529411,-0.7647058823529411,-0.7647058823529411,-0.7647058823529411,-0.7647058823529411,-0.7647058823529411,-0.7647058823529411,-0.7647058823529411,-0.7647058823529411
-0.7254901960784313,-0.7568627450980392,-0.803921568627451,-0.803921568627451,-0.8823529411764706,-0.8823529411764706,-0.7803921568627451,-0.8823529411764706,-0.9058823529411765,-0.7254901960784313,-0.8274509803921568,-0.8117647058823529,-0.803921568627451,-0.803921568627451,-0.803921568627451,-0.803921568627451,-0.803921568627451,-0.803921568627451,-0.803921568627451,-0.803921568627451,-0.803921568627451,-0.803921568627451,-0.803921568627451,-0.803921568627451,-0.803921568627451,-0.803921568627451,-0.803921568627451,-0.803921568627451,-0.803921568627451,-0.803921568627451,-0.803921568627451,-0.803921568627451,-0.803921568627451,-0.803921568627451,-0.803921568627451,-0.803921568627451,-0.803921568627451,-0.803921568627451,-0.803921568627451,-0.803921568627451,-0.803921568627451,-0.803921568627451,-0.803921568627451,-0.803921568627451,-0.803921568627451,-0.803921568627451,-0.803921568627451,-0.803921568627451,-0.803921568627451,-0.803921568627451,-0.803921568627451,-0.803921568627451,-0.803921568627451,-0.803921568627451,-0.803921568627451,-0.803921568627451,-0.803921568627451,-0.803921568627451,-0.803921568627451,-0.803921568627451,-0.803921568627451,-0.803921568627451,-0.803921568627451,-0.803921568627451,-0.803921568627451,-0.803921568627451,-0.803921568627451,-0.803921568627451,-0.803921568627451,-0.803921568627451,-0.803921568627451,-0.803921568627451,-0.803921568627451,-0.803921568627451,-0.803921568627451,-0.803921568627451,-0.803921568627451,-0.803921568627451,-0.803921568627451,-0.803921568627451,-0.803921568627451,-0.803921568627451,-0.803921568627451,-0.803921568627451,-0.803921568627451,-0.803921568627451,-0.803921568627451,-0.803921568627451,-0.803921568627451,-0.803921568627451,-0.803921568627451,-0.803921568627451,-0.803921568627451,-0.803921568627451,-0.803921568627451,-0.803921568627451,-0.803921568627451,-0.803921568627451,-0.803921568627451,-0.803921568627451,-0.803921568627451,-0.803921568627451,-0.803921568627451,-0.803921568627451,-0.803921568627451,-0.803921568627451,-0.803921568627451,-0.803921568627451,-0.803921568627451,-0.803921568627451,-0.803921568627451,-0.803921568627451,-0.803921568627451,-0.803921568627451,-0.803921568627451,-0.803921568627451,-0.803921568627451,-0.803921568627451,-0.803921568627451,-0.803921568627451,-0.803921568627451,-0.803921568627451,-0.803921568627451,-0.803921568627451,-0.803921568627451
-0.5529411764705883,-0.5764705882352941,-0.6313725490196078,-0.6313725490196078,-0.7019607843137254,-0.7019607843137254,-0.607843137254902,-0.7019607843137254,-0.7254901960784313,-0.5529411764705883,-0.6549019607843137,-0.5764705882352941,-0.5607843137254902,-0.5607843137254902,-0.5607843137254902,-0.5607843137254902,-0.5607843137254902,-0.5607843137254902,-0.5607843137254902,-0.5607843137254902,-0.5607843137254902,-0.5607843137254902,-0.5607843137254902,-0.5607843137254902,-0.5607843137254902,-0.5607843137254902,-0.5607843137254902,-0.5607843137254902,-0.5607843137254902,-0.5607843137254902,-0.5607843137254902,-0.5607843137254902,-0.5607843137254902,-0.5607843137254902,-0.5607843137254902,-0.5607843137254902,-0.5607843137254902,-0.5607843137254902,-0.5607843137254902,-0.5607843137254902,-0.5607843137254902,-0.5607843137254902,-0.5607843137254902,-0.5607843137254902,-0.5607843137254902,-0.5607843137254902,-0.5607843137254902,-0.5607843137254902,-0.5607843137254902,-0.5607843137254902,-0.5607843137254902,-0.5607843137254902,-0.5607843137254902,-0.5607843137254902,-0.5607843137254902,-0.5607843137254902,-0.5607843137254902,-0.5607843137254902,-0.5607843137254902,-0.5607843137254902,-0.5607843137254902,-0.5607843137254902,-0.5607843137254902,-0.5607843137254902,-0.5607843137254902,-0.5607843137254902,-0.5607843137254902,-0.5607843137254902,-0.5607843137254902,-0.5607843137254902,-0.5607843137254902,-0.5607843137254902,-0.5607843137254902,-0.5607843137254902,-0.5607843137254902,-0.5607843137254902,-0.5607843137254902,-0.5607843137254902,-0.5607843137254902,-0.5607843137254902,-0.5607843137254902,-0.5607843137254902,-0.5607843137254902,-0.5607843137254902,-0.5607843137254902,-0.5607843137254902,-0.5607843137254902,-0.5607843137254902,-0.5607843137254902,-0.5607843137254902,-0.5607843137254902,-0.5607843137254902,-0.5607843137254902,-0.5607843137254902,-0.5607843137254902,-0.5607843137254902,-0.5607843137254902,-0.5607843137254902,-0.5607843137254902,-0.5607843137254902,-0.5607843137254902,-0.5607843137254902,-0.5607843137254902,-0.5607843137254902,-0.5607843137254902,-0.5607843137254902,-0.5607843137254902,-0.5607843137254902,-0.5607843137254902,-0.5607843137254902,-0.5607843137254902,-0.5607843137254902,-0.5607843137254902,-0.5607843137254902,-0.5607843137254902,-0.5607843137254902,-0.5607843137254902,-0.5607843137254902,-0.5607843137254902,-0.5607843137254902,-0.5607843137254902,-0.5607843137254902,-0.5607843137254902,-0.5607843137254902,-0.5607843137254902
-0.6549019607843137,-0.6784313725490196,-0.7254901960784313,-0.7254901960784313,-0.803921568627451,-0.803921568627451,-0.7019607843137254,-0.803921568627451,-0.8274509803921568,-0.6549019607843137,-0.7568627450980392,-0.7098039215686274,-0.7019607843137254,-0.7019607843137254,-0.7019607843137254,-0.7019607843137254,-0.7019607843137254,-0.7019607843137254,-0.7019607843137254,-0.7019607843137254,-0.7019607843137254,-0.7019607843137254,-0.7019607843137254,-0.7019607843137254,-0.7019607843137254,-0.7019607843137254,-0.7019607843137254,-0.7019607843137254,-0.7019607843137254,-0.7019607843137254,-0.7019607843137254,-0.7019607843137254,-0.7019607843137254,-0.7019607843137254,-0.7019607843137254,-0.7019607843137254,-0.7019607843137254,-0.7019607843137254,-0.7019607843137254,-0.7019607843137254,-0.7019607843137254,-0.7019607843137254,-0.7019607843137254,-0.7019607843137254,-0.7019607843137254,-0.7019607843137254,-0.7019607843137254,-0.7019607843137254,-0.7019607843137254,-0.7019607843137254,-0.7019607843137254,-0.7019607843137254,-0.7019607843137254,-0.7019607843137254,-0.7019607843137254,-0.7019607843137254,-0.7019607843137254,-0.7019607843137254,-0.7019607843137254,-0.7019607843137254,-0.7019607843137254,-0.7019607843137254,-0.7019607843137254,-0.7019607843137254,-0.7019607843137254,-0.7019607843137254,-0.7019607843137254,-0.7019607843137254,-0.7019607843137254,-0.7019607843137254,-0.7019607843137254,-0.7019607843137254,-0.7019607843137254,-0.7019607843137254,-0.7019607843137254,-0.7019607843137254,-0.7019607843137254,-0.7019607843137254,-0.7019607843137254,-0.7019607843137254,-0.7019607843137254,-0.7019607843137254,-0.7019607843137254,-0.7019607843137254,-0.7019607843137254,-0.7019607843137254,-0.7019607843137254,-0.7019607843137254,-0.7019607843137254,-0.7019607843137254,-0.7019607843137254,-0.7019607843137254,-0.7019607843137254,-0.7019607843137254,-0.7019607843137254,-0.7019607843137254,-0.7019607843137254,-0.7019607843137254,-0.7019607843137254,-0.7019607843137254,-0.7019607843137254,-0.7019607843137254,-0.7019607843137254,-0.7019607843137254,-0.7019607843137254,-0.7019607843137254,-0.7019607843137254,-0.7019607843137254,-0.7019607843137254,-0.7019607843137254,-0.7019607843137254,-0.7019607843137254,-0.7019607843137254,-0.7019607843137254,-0.7019607843137254,-0.7019607843137254,-0.7019607843137254,-0.7019607843137254,-0.7019607843137254,-0.7019607843137254,-0.7019607843137254,-0.7019607843137254,-0.7019607843137254,-0.7019607843137254,-0.7019607843137254
-0.5764705882352941,-0.607843137254902,-0.6705882352941177,-0.6705882352941177,-0.7725490196078432,-0.7725490196078432,-0.6392156862745098,-0.7725490196078432,-0.8117647058823529,-0.5764705882352941,-0.7098039215686274,-0.5372549019607843,-0.5215686274509803,-0.5215686274509803,-0.5215686274509803,-0.5215686274509803,-0.5215686274509803,-0.5215686274509803,-0.5215686274509803,-0.5215686274509803,-0.5215686274509803,-0.5215686274509803,-0.5215686274509803,-0.5215686274509803,-0.5215686274509803,-0.5215686274509803,-0.5215686274509803,-0.5215686274509803,-0.5215686274509803,-0.5215686274509803,-0.5215686274509803,-0.5215686274509803,-0.5215686274509803,-0.5215686274509803,-0.5215686274509803,-0.5215686274509803,-0.5215686274509803,-0.5215686274509803,-0.5215686274509803,-0.5215686274509803,-0.5215686274509803,-0.5215686274509803,-0.5215686274509803,-0.5215686274509803,-0.5215686274509803,-0.5215686274509803,-0.5215686274509803,-0.5215686274509803,-0.5215686274509803,-0.5215686274509803,-0.5215686274509803,-0.5215686274509803,-0.5215686274509803,-0.5215686274509803,-0.5215686274509803,-0.5215686274509803,-0.5215686274509803,-0.5215686274509803,-0.5215686274509803,-0.5215686274509803,-0.5215686274509803,-0.5215686274509803,-0.5215686274509803,-0.5215686274509803,-0.5215686274509803,-0.5215686274509803,-0.5215686274509803,-0.5215686274509803,-0.5215686274509803,-0.5215686274509803,-0.5215686274509803,-0.5215686274509803,-0.5215686274509803,-0.5215686274509803,-0.5215686274509803,-0.5215686274509803,-0.5215686274509803,-0.5215686274509803,-0.5215686274509803,-0.5215686274509803,-0.5215686274509803,-0.5215686274509803,-0.5215686274509803,-0.5215686274509803,-0.5215686274509803,-0.5215686274509803,-0.5215686274509803,-0.5215686274509803,-0.5215686274509803,-0.5215686274509803,-0.5215686274509803,-0.5215686274509803,-0.5215686274509803,-0.5215686274509803,-0.5215686274509803,-0.5215686274509803,-0.5215686274509803,-0.5215686274509803,-0.5215686274509803,-0.5215686274509803,-0.5215686274509803,-0.5215686274509803,-0.5215686274509803,-0.5215686274509803,-0.5215686274509803,-0.5215686274509803,-0.5215686274509803,-0.5215686274509803,-0.5215686274509803,-0.5215686274509803,-0.5215686274509803,-0.5215686274509803,-0.5215686274509803,-0.5215686274509803,-0.5215686274509803,-0.5215686274509803,-0.5215686274509803,-0.5215686274509803,-0.5215686274509803,-0.5215686274509803,-0.5215686274509803,-0.5215686274509803,-0.5215686274509803,-0.5215686274509803,-0.5215686274509803
-0.5607843137254902,-0.6,-0.6627450980392157,-0.6627450980392157,-0.7647058823529411,-0.7647058823529411,-0.6313725490196078,-0.7647058823529411,-0.803921568627451,-0.5607843137254902,-0.7019607843137254,-0.5215686274509803,-0.5058823529411764,-0.5058823529411764,-0.5058823529411764,-0.5058823529411764,-0.5058823529411764,-0.5058823529411764,-0.5058823529411764,-0.5058823529411764,-0.5058823529411764,-0.5058823529411764,-0.5058823529411764,-0.5058823529411764,-0.5058823529411764,-0.5058823529411764,-0.5058823529411764,-0.5058823529411764,-0.5058823529411764,-0.5058823529411764,-0.5058823529411764,-0.5058823529411764,-0.5058823529411764,-0.5058823529411764,-0.5058823529411764,-0.5058823529411764,-0.5058823529411764,-0.5058823529411764,-0.5058823529411764,-0.5058823529411764,-0.5058823529411764,-0.5058823529411764,-0.5058823529411764,-0.5058823529411764,-0.5058823529411764,-0.5058823529411764,-0.5058823529411764,-0.5058823529411764,-0.5058823529411764,-0.5058823529411764,-0.5058823529411764,-0.5058823529411764,-0.5058823529411764,-0.5058823529411764,-0.5058823529411764,-0.5058823529411764,-0.5058823529411764,-0.5058823529411764,-0.5058823529411764,-0.5058823529411764,-0.5058823529411764,-0.5058823529411764,-0.5058823529411764,-0.5058823529411764,-0.5058823529411764,-0.5058823529411764,-0.5058823529411764,-0.5058823529411764,-0.5058823529411764,-0.5058823529411764,-0.5058823529411764,-0.5058823529411764,-0.5058823529411764,-0.5058823529411764,-0.5058823529411764,-0.5058823529411764,-0.5058823529411764,-0.5058823529411764,-0.5058823529411764,-0.5058823529411764,-0.5058823529411764,-0.5058823529411764,-0.5058823529411764,-0.5058823529411764,-0.5058823529411764,-0.5058823529411764,-0.5058823529411764,-0.5058823529411764,-0.5058823529411764,-0.5058823529411764,-0.5058823529411764,-0.5058823529411764,-0.5058823529411764,-0.5058823529411764,-0.5058823529411764,-0.5058823529411764,-0.5058823529411764,-0.5058823529411764,-0.5058823529411764,-0.5058823529411764,-0.5058823529411764,-0.5058823529411764,-0.5058823529411764,-0.5058823529411764,-0.5058823529411764,-0.5058823529411764,-0.5058823529411764,-0.5058823529411764,-0.5058823529411764,-0.5058823529411764,-0.5058823529411764,-0.5058823529411764,-0.5058823529411764,-0.5058823529411764,-0.5058823529411764,-0.5058823529411764,-0.5058823529411764,-0.5058823529411764,-0.5058823529411764,-0.5058823529411764,-0.5058823529411764,-0.5058823529411764,-0.5058823529411764,-0.5058823529411764,-0.5058823529411764
-0.5607843137254902,-0.6,-0.6627450980392157,-0.6627450980392157,-0.7647058823529411,-0.7647058823529411,-0.6313725490196078,-0.7647058823529411,-0.803921568627451,-0.5607843137254902,-0.7019607843137254,-0.5215686274509803,-0.5058823529411764,-0.5058823529411764,-0.5058823529411764,-0.5058823529411764,-0.5058823529411764,-0.5058823529411764,-0.5058823529411764,-0.5058823529411764,-0.5058823529411764,-0.5058823529411764,-0.5058823529411764,-0.5058823529411764,-0.5058823529411764,-0.5058823529411764,-0.5058823529411764,-0.5058823529411764,-0.5058823529411764,-0.5058823529411764,-0.5058823529411764,-0.5058823529411764,-0.5058823529411764,-0.5058823529411764,-0.5058823529411764,-0.5058823529411764,-0.5058823529411764,-0.5058823529411764,-0.5058823529411764,-0.5058823529411764,-0.5058823529411764,-0.5058823529411764,-0.5058823529411764,-0.5058823529411764,-0.5058823529411764,-0.5058823529411764,-0.5058823529411764,-0.5058823529411764,-0.5058823529411764,-0.5058823529411764,-0.5058823529411764,-0.5058823529411764,-0.5058823529411764,-0.5058823529411764,-0.5058823529411764,-0.5058823529411764,-0.5058823529411764,-0.5058823529411764,-0.5058823529411764,-0.5058823529411764,-0.5058823529411764,-0.5058823529411764,-0.5058823529411764,-0.5058823529411764,-0.5058823529411764,-0.5058823529411764,-0.5058823529411764,-0.5058823529411764,-0.5058823529411764,-0.5058823529411764,-0.5058823529411764,-0.5058823529411764,-0.5058823529411764,-0.5058823529411764,-0.5058823529411764,-0.5058823529411764,-0.5058823529411764,-0.5058823529411764,-0.5058823529411764,-0.5058823529411764,-0.5058823529411764,-0.5058823529411764,-0.5058823529411764,-0.5058823529411764,-0.5058823529411764,-0.5058823529411764,-0.5058823529411764,-0.5058823529411764,-0.5058823529411764,-0.5058823529411764,-0.5058823529411764,-0.5058823529411764,-0.5058823529411764,-0.5058823529411764,-0.5058823529411764,-0.5058823529411764,-0.5058823529411764,-0.5058823529411764,-0.5058823529411764,-0.5058823529411764,-0.5058823529411764,-0.5058823529411764,-0.5058823529411764,-0.5058823529411764,-0.5058823529411764,-0.5058823529411764,-0.5058823529411764,-0.5058823529411764,-0.5058823529411764,-0.5058823529411764,-0.5058823529411764,-0.5058823529411764,-0.5058823529411764,-0.5058823529411764,-0.5058823529411764,-0.5058823529411764,-0.5058823529411764,-0.5058823529411764,-0.5058823529411764,-0.5058823529411764,-0.5058823529411764,-0.5058823529411764,-0.5058823529411764,-0.5058823529411764,-0.5058823529411764
-0.5607843137254902,-0.6,-0.6627450980392157,-0.6627450980392157,-0.7647058823529411,-0.7647058823529411,-0.6313725490196078,-0.7647058823529411,-0.803921568627451,-0.5607843137254902,-0.7019607843137254,-0.5215686274509803,-0.5058823529411764,-0.5058823529411764,-0.5058823529411764,-0.5058823529411764,-0.5058823529411764,-0.5058823529411764,-0.5058823529411764,-0.5058823529411764,-0.5058823529411764,-0.5058823529411764,-0.5058823529411764,-0.5058823529411764,-0.5058823529411764,-0.5058823529411764,-0.5058823529411764,-0.5058823529411764,-0.5058823529411764,-0.5058823529411764,-0.5058823529411764,-0.5058823529411764,-0.5058823529411764,-0.5058823529411764,-0.5058823529411764,-0.5058823529411764,-0.5058823529411764,-0.5058823529411764,-0.5058823529411764,-0.5058823529411764,-0.5058823529411764,-0.5058823529411764,-0.5058823529411764,-0.5058823529411764,-0.5058823529411764,-0.5058823529411764,-0.5058823529411764,-0.5058823529411764,-0.5058823529411764,-0.5058823529411764,-0.5058823529411764,-0.5058823529411764,-0.5058823529411764,-0.5058823529411764,-0.5058823529411764,-0.5058823529411764,-0.5058823529411764,-0.5058823529411764,-0.5058823529411764,-0.5058823529411764,-0.5058823529411764,-0.5058823529411764,-0.5058823529411764,-0.5058823529411764,-0.5058823529411764,-0.5058823529411764,-0.5058823529411764,-0.5058823529411764,-0.5058823529411764,-0.5058823529411764,-0.5058823529411764,-0.5058823529411764,-0.5058823529411764,-0.5058823529411764,-0.5058823529411764,-0.5058823529411764,-0.5058823529411764,-0.5058823529411764,-0.5058823529411764,-0.5058823529411764,-0.5058823529411764,-0.5058823529411764,-0.5058823529411764,-0.5058823529411764,-0.5058823529411764,-0.5058823529411764,-0.5058823529411764,-0.5058823529411764,-0.5058823529411764,-0.5058823529411764,-0.5058823529411764,-0.5058823529411764,-0.5058823529411764,-0.5058823529411764,-0.5058823529411764,-0.5058823529411764,-0.5058823529411764,-0.5058823529411764,-0.5058823529411764,-0.5058823529411764,-0.5058823529411764,-0.5058823529411764,-0.5058823529411764,-0.5058823529411764,-0.5058823529411764,-0.5058823529411764,-0.5058823529411764,-0.5058823529411764,-0.5058823529411764,-0.5058823529411764,-0.5058823529411764,-0.5058823529411764,-0.5058823529411764,-0.5058823529411764,-0.5058823529411764,-0.5058823529411764,-0.5058823529411764,-0.5058823529411764,-0.5058823529411764,-0.5058823529411764,-0.5058823529411764,-0.5058823529411764,-0.5058823529411764,-0.5058823529411764,-0.5058823529411764
-0.5607843137254902,-0.6,-0.6627450980392157,-0.6627450980392157,-0.7647058823529411,-0.7647058823529411,-0.6313725490196078,-0.7647058823529411,-0.803921568627451,-0.5607843137254902,-0.7019607843137254,-0.5215686274509803,-0.5058823529411764,-0.5058823529411764,-0.5058823529411764,-0.5058823529411764,-0.5058823529411764,-0.5058823529411764,-0.5058823529411764,-0.5058823529411764,-0.5058823529411764,-0.5058823529411764,-0.5058823529411764,-0.5058823529411764,-0.5058823529411764,-0.5058823529411764,-0.5058823529411764,-0.5058823529411764,-0.5058823529411764,-0.5058823529411764,-0.5058823529411764,-0.5058823529411764,-0.5058823529411764,-0.5058823529411764,-0.5058823529411764,-0.5058823529411764,-0.5058823529411764,-0.5058823529411764,-0.5058823529411764,-0.5058823529411764,-0.5058823529411764,-0.5058823529411764,-0.5058823529411764,-0.5058823529411764,-0.5058823529411764,-0.5058823529411764,-0.5058823529411764,-0.5058823529411764,-0.5058823529411764,-0.5058823529411764,-0.5058823529411764,-0.5058823529411764,-0.5058823529411764,-0.5058823529411764,-0.5058823529411764,-0.5058823529411764,-0.5058823529411764,-0.5058823529411764,-0.5058823529411764,-0.5058823529411764,-0.5058823529411764,-0.5058823529411764,-0.5058823529411764,-0.5058823529411764,-0.5058823529411764,-0.5058823529411764,-0.5058823529411764,-0.5058823529411764,-0.5058823529411764,-0.5058823529411764,-0.5058823529411764,-0.5058823529411764,-0.5058823529411764,-0.5058823529411764,-0.5058823529411764,-0.5058823529411764,-0.5058823529411764,-0.5058823529411764,-0.5058823529411764,-0.5058823529411764,-0.5058823529411764,-0.5058823529411764,-0.5058823529411764,-0.5058823529411764,-0.5058823529411764,-0.5058823529411764,-0.5058823529411764,-0.5058823529411764,-0.5058823529411764,-0.5058823529411764,-0.5058823529411764,-0.5058823529411764,-0.5058823529411764,-0.5058823529411764,-0.5058823529411764,-0.5058823529411764,-0.5058823529411764,-0.5058823529411764,-0.5058823529411764,-0.5058823529411764,-0.5058823529411764,-0.5058823529411764,-0.5058823529411764,-0.5058823529411764,-0.5058823529411764,-0.5058823529411764,-0.5058823529411764,-0.5058823529411764,-0.5058823529411764,-0.5058823529411764,-0.5058823529411764,-0.5058823529411764,-0.5058823529411764,-0.5058823529411764,-0.5058823529411764,-0.5058823529411764,-0.5058823529411764,-0.5058823529411764,-0.5058823529411764,-0.5058823529411764,-0.5058823529411764,-0.5058823529411764,-0.5058823529411764,-0.5058823529411764,-0.5058823529411764
