-0.5058823529411764,-0.5529411764705883,-0.5764705882352941,-0.6313725490196078,-0.6784313725490196,-0.6784313725490196,-0.5058823529411764,-0.7568627450980392,-0.6549019607843137,-0.48235294117647054,-0.6549019607843137,-0.4980392156862745,-0.5294117647058824,-0.5294117647058824,-0.5294117647058824,-0.5294117647058824,-0.5294117647058824,-0.5294117647058824,-0.5294117647058824,-0.5294117647058824,-0.5294117647058824,-0.5294117647058824,-0.5294117647058824,-0.5294117647058824,-0.5294117647058824,-0.5294117647058824,-0.5294117647058824,-0.5294117647058824,-0.5294117647058824,-0.5294117647058824,-0.5294117647058824,-0.5294117647058824,-0.5294117647058824,-0.5294117647058824,-0.5294117647058824,-0.5294117647058824,-0.5294117647058824,-0.5294117647058824,-0.5294117647058824,-0.5294117647058824,-0.5294117647058824,-0.5294117647058824,-0.5294117647058824,-0.5294117647058824,-0.5294117647058824,-0.5294117647058824,-0.5294117647058824,-0.5294117647058824,-0.5294117647058824,-0.5294117647058824,-0.5294117647058824,-0.5294117647058824,-0.5294117647058824,-0.5294117647058824,-0.5294117647058824,-0.5294117647058824,-0.5294117647058824,-0.5294117647058824,-0.5294117647058824,-0.5294117647058824,-0.5294117647058824,-0.5294117647058824,-0.5294117647058824,-0.5294117647058824,-0.5294117647058824,-0.5294117647058824,-0.5294117647058824,-0.5294117647058824,-0.5294117647058824,-0.5294117647058824,-0.5294117647058824,-0.5294117647058824,-0.5294117647058824,-0.5294117647058824,-0.5294117647058824,-0.5294117647058824,-0.5294117647058824,-0.5294117647058824,-0.5294117647058824,-0.5294117647058824,-0.5294117647058824,-0.5294117647058824,-0.5294117647058824,-0.5294117647058824,-0.5294117647058824,-0.5294117647058824,-0.5294117647058824,-0.5294117647058824,-0.5294117647058824,-0.5294117647058824,-0.5294117647058824,-0.5294117647058824,-0.5294117647058824,-0.5294117647058824,-0.5294117647058824,-0.5294117647058824,-0.5294117647058824,-0.5294117647058824,-0.5294117647058824,-0.5294117647058824,-0.5294117647058824,-0.5294117647058824,-0.5294117647058824,-0.5294117647058824,-0.5294117647058824,-0.5294117647058824,-0.5294117647058824,-0.5294117647058824,-0.5294117647058824,-0.5294117647058824,-0.5294117647058824,-0.5294117647058824,-0.5294117647058824,-0.5294117647058824,-0.5294117647058824,-0.5294117647058824,-0.5294117647058824,-0.5294117647058824,-0.5294117647058824,-0.5294117647058824,-0.5294117647058824,-0.5294117647058824,-0.5294117647058824,-0.5294117647058824,-0.5294117647058824
-0.5529411764705883,-0.607843137254902,-0.6313725490196078,-0.6784313725490196,-0.7254901960784313,-0.7254901960784313,-0.5529411764705883,-0.803921568627451,-0.7019607843137254,-0.5294117647058824,-0.7019607843137254,-0.5607843137254902,-0.6,-0.6,-0.6,-0.6,-0.6,-0.6,-0.6,-0.6,-0.6,-0.6,-0.6,-0.6,-0.6,-0.6,-0.6,-0.6,-0.6,-0.6,-0.6,-0.6,-0.6,-0.6,-0.6,-0.6,-0.6,-0.6,-0.6,-0.6,-0.6,-0.6,-0.6,-0.6,-0.6,-0.6,-0.6,-0.6,-0.6,-0.6,-0.6,-0.6,-0.6,-0.6,-0.6,-0.6,-0.6,-0.6,-0.6,-0.6,-0.6,-0.6,-0.6,-0.6,-0.6,-0.6,-0.6,-0.6,-0.6,-0.6,-0.6,-0.6,-0.6,-0.6,-0.6,-0.6,-0.6,-0.6,-0.6,-0.6,-0.6,-0.6,-0.6,-0.6,-0.6,-0.6,-0.6,-0.6,-0.6,-0.6,-0.6,-0.6,-0.6,-0.6,-0.6,-0.6,-0.6,-0.6,-0.6,-0.6,-0.6,-0.6,-0.6,-0.6,-0.6,-0.6,-0.6,-0.6,-0.6,-0.6,-0.6,-0.6,-0.6,-0.6,-0.6,-0.6,-0.6,-0.6,-0.6,-0.6,-0.6,-0.6,-0.6,-0.6,-0.6
-0.5764705882352941,-0.6313725490196078,-0.6549019607843137,-0.7019607843137254,-0.7568627450980392,-0.7568627450980392,-0.5764705882352941,-0.8274509803921568,-0.7254901960784313,-0.5529411764705883,-0.7254901960784313,-0.592156862745098,-0.6313725490196078,-0.6313725490196078,-0.6313725490196078,-0.6313725490196078,-0.6313725490196078,-0.6313725490196078,-0.6313725490196078,-0.6313725490196078,-0.6313725490196078,-0.6313725490196078,-0.6313725490196078,-0.6313725490196078,-0.6313725490196078,-0.6313725490196078,-0.6313725490196078,-0.6313725490196078,-0.6313725490196078,-0.6313725490196078,-0.6313725490196078,-0.6313725490196078,-0.6313725490196078,-0.6313725490196078,-0.6313725490196078,-0.6313725490196078,-0.6313725490196078,-0.6313725490196078,-0.6313725490196078,-0.6313725490196078,-0.6313725490196078,-0.6313725490196078,-0.6313725490196078,-0.6313725490196078,-0.6313725490196078,-0.6313725490196078,-0.6313725490196078,-0.6313725490196078,-0.6313725490196078,-0.6313725490196078,-0.6313725490196078,-0.6313725490196078,-0.6313725490196078,-0.6313725490196078,-0.6313725490196078,-0.6313725490196078,-0.6313725490196078,-0.6313725490196078,-0.6313725490196078,-0.6313725490196078,-0.6313725490196078,-0.6313725490196078,-0.6313725490196078,-0.6313725490196078,-0.6313725490196078,-0.6313725490196078,-0.6313725490196078,-0.6313725490196078,-0.6313725490196078,-0.6313725490196078,-0.6313725490196078,-0.6313725490196078,-0.6313725490196078,-0.6313725490196078,-0.6313725490196078,-0.6313725490196078,-0.6313725490196078,-0.6313725490196078,-0.6313725490196078,-0.6313725490196078,-0.6313725490196078,-0.6313725490196078,-0.6313725490196078,-0.6313725490196078,-0.6313725490196078,-0.6313725490196078,-0.6313725490196078,-0.6313725490196078,-0.6313725490196078,-0.6313725490196078,-0.6313725490196078,-0.6313725490196078,-0.6313725490196078,-0.6313725490196078,-0.6313725490196078,-0.6313725490196078,-0.6313725490196078,-0.6313725490196078,-0.6313725490196078,-0.6313725490196078,-0.6313725490196078,-0.6313725490196078,-0.6313725490196078,-0.6313725490196078,-0.6313725490196078,-0.6313725490196078,-0.6313725490196078,-0.6313725490196078,-0.6313725490196078,-0.6313725490196078,-0.6313725490196078,-0.6313725490196078,-0.6313725490196078,-0.6313725490196078,-0.6313725490196078,-0.6313725490196078,-0.6313725490196078,-0.6313725490196078,-0.6313725490196078,-0.6313725490196078,-0.6313725490196078,-0.6313725490196078,-0.6313725490196078,-0.6313725490196078,-0.6313725490196078
-0.6313725490196078,-0.6784313725490196,-0.7019607843137254,-0.7568627450980392,-0.803921568627451,-0.803921568627451,-0.6313725490196078,-0.8823529411764706,-0.7803921568627451,-0.607843137254902,-0.7803921568627451,-0.6627450980392157,-0.7019607843137254,-0.7019607843137254,-0.7019607843137254,-0.7019607843137254,-0.7019607843137254,-0.7019607843137254,-0.7019607843137254,-0.7019607843137254,-0.7019607843137254,-0.7019607843137254,-0.7019607843137254,-0.7019607843137254,-0.7019607843137254,-0.7019607843137254,-0.7019607843137254,-0.7019607843137254,-0.7019607843137254,-0.7019607843137254,-0.7019607843137254,-0.7019607843137254,-0.7019607843137254,-0.7019607843137254,-0.7019607843137254,-0.7019607843137254,-0.7019607843137254,-0.7019607843137254,-0.7019607843137254,-0.7019607843137254,-0.7019607843137254,-0.7019607843137254,-0.7019607843137254,-0.7019607843137254,-0.7019607843137254,-0.7019607843137254,-0.7019607843137254,-0.7019607843137254,-0.7019607843137254,-0.7019607843137254,-0.7019607843137254,-0.7019607843137254,-0.7019607843137254,-0.7019607843137254,-0.7019607843137254,-0.7019607843137254,-0.7019607843137254,-0.7019607843137254,-0.7019607843137254,-0.7019607843137254,-0.7019607843137254,-0.7019607843137254,-0.7019607843137254,-0.7019607843137254,-0.7019607843137254,-0.7019607843137254,-0.7019607843137254,-0.7019607843137254,-0.7019607843137254,-0.7019607843137254,-0.7019607843137254,-0.7019607843137254,-0.7019607843137254,-0.7019607843137254,-0.7019607843137254,-0.7019607843137254,-0.7019607843137254,-0.7019607843137254,-0.7019607843137254,-0.7019607843137254,-0.7019607843137254,-0.7019607843137254,-0.7019607843137254,-0.7019607843137254,-0.7019607843137254,-0.7019607843137254,-0.7019607843137254,-0.7019607843137254,-0.7019607843137254,-0.7019607843137254,-0.7019607843137254,-0.7019607843137254,-0.7019607843137254,-0.7019607843137254,-0.7019607843137254,-0.7019607843137254,-0.7019607843137254,-0.7019607843137254,-0.7019607843137254,-0.7019607843137254,-0.7019607843137254,-0.7019607843137254,-0.7019607843137254,-0.7019607843137254,-0.7019607843137254,-0.7019607843137254,-0.7019607843137254,-0.7019607843137254,-0.7019607843137254,-0.7019607843137254,-0.7019607843137254,-0.7019607843137254,-0.7019607843137254,-0.7019607843137254,-0.7019607843137254,-0.7019607843137254,-0.7019607843137254,-0.7019607843137254,-0.7019607843137254,-0.7019607843137254,-0.7019607843137254,-0.7019607843137254,-0.7019607843137254,-0.7019607843137254,-0.7019607843137254
-0.6784313725490196,-0.7254901960784313,-0.7568627450980392,-0.803921568627451,-0.8509803921568627,-0.8509803921568627,-0.6784313725490196,-0.9294117647058824,-0.8274509803921568,-0.6549019607843137,-0.8274509803921568,-0.7254901960784313,-0.7647058823529411,-0.7647058823529411,-0.7647058823529411,-0.7647058823529411,-0.7647058823529411,-0.7647058823529411,-0.7647058823529411,-0.7647058823529411,-0.7647058823529411,-0.7647058823529411,-0.7647058823529411,-0.7647058823529411,-0.7647058823529411,-0.7647058823529411,-0.7647058823529411,-0.7647058823529411,-0.7647058823529411,-0.7647058823529411,-0.7647058823529411,-0.7647058823529411,-0.7647058823529411,-0.7647058823529411,-0.7647058823529411,-0.7647058823529411,-0.7647058823529411,-0.7647058823529411,-0.7647058823529411,-0.7647058823529411,-0.7647058823529411,-0.7647058823529411,-0.7647058823529411,-0.7647058823529411,-0.7647058823529411,-0.7647058823529411,-0.7647058823529411,-0.7647058823529411,-0.7647058823529411,-0.7647058823529411,-0.7647058823529411,-0.7647058823529411,-0.7647058823529411,-0.7647058823529411,-0.7647058823529411,-0.7647058823529411,-0.7647058823529411,-0.7647058823529411,-0.7647058823529411,-0.7647058823529411,-0.7647058823529411,-0.7647058823529411,-0.7647058823529411,-0.7647058823529411,-0.7647058823529411,-0.7647058823529411,-0.7647058823529411,-0.7647058823529411,-0.7647058823529411,-0.7647058823529411,-0.7647058823529411,-0.7647058823529411,-0.7647058823529411,-0.7647058823529411,-0.7647058823529411,-0.7647058823529411,-0.7647058823529411,-0.7647058823529411,-0.7647058823529411,-0.7647058823529411,-0.7647058823529411,-0.7647058823529411,-0.7647058823529411,-0.7647058823529411,-0.7647058823529411,-0.7647058823529411,-0.7647058823529411,-0.7647058823529411,-0.7647058823529411,-0.7647058823529411,-0.7647058823529411,-0.7647058823529411,-0.7647058823529411,-0.7647058823529411,-0.7647058823529411,-0.7647058823529411,-0.7647058823529411,-0.7647058823529411,-0.7647058823529411,-0.7647058823529411,-0.7647058823529411,-0.7647058823529411,-0.7647058823529411,-0.7647058823529411,-0.7647058823529411,-0.7647058823529411,-0.7647058823529411,-0.7647058823529411,-0.7647058823529411,-0.7647058823529411,-0.7647058823529411,-0.7647058823529411,-0.7647058823529411,-0.7647058823529411,-0.7647058823529411,-0.7647058823529411,-0.7647058823529411,-0.7647058823529411,-0.7647058823529411,-0.7647058823529411,-0.7647058823529411,-0.7647058823529411,-0.7647058823529411,-0.7647058823529411,-0.7647058823529411
-0.6784313725490196,-0.7254901960784313,-0.7568627450980392,-0.803921568627451,-0.8509803921568627,-0.8509803921568627,-0.6784313725490196,-0.9294117647058824,-0.8274509803921568,-0.6549019607843137,-0.8274509803921568,-0.7254901960784313,-0.7647058823529411,-0.7647058823529411,-0.7647058823529411,-0.7647058823529411,-0.7647058823529411,-0.7647058823529411,-0.7647058823529411,-0.7647058823529411,-0.7647058823529411,-0.7647058823529411,-0.7647058823529411,-0.7647058823529411,-0.7647058823529411,-0.7647058823529411,-0.7647058823529411,-0.7647058823529411,-0.7647058823529411,-0.7647058823529411,-0.7647058823529411,-0.7647058823529411,-0.7647058823529411,-0.7647058823529411,-0.7647058823529411,-0.7647058823529411,-0.7647058823529411,-0.7647058823529411,-0.7647058823529411,-0.7647058823529411,-0.7647058823529411,-0.7647058823529411,-0.7647058823529411,-0.7647058823529411,-0.7647058823529411,-0.7647058823529411,-0.7647058823529411,-0.7647058823529411,-0.7647058823529411,-0.7647058823529411,-0.7647058823529411,-0.7647058823529411,-0.7647058823529411,-0.7647058823529411,-0.7647058823529411,-0.7647058823529411,-0.7647058823529411,-0.7647058823529411,-0.7647058823529411,-0.7647058823529411,-0.7647058823529411,-0.7647058823529411,-0.7647058823529411,-0.7647058823529411,-0.7647058823529411,-0.7647058823529411,-0.7647058823529411,-0.7647058823529411,-0.7647058823529411,-0.7647058823529411,-0.7647058823529411,-0.7647058823529411,-0.7647058823529411,-0.7647058823529411,-0.7647058823529411,-0.7647058823529411,-0.7647058823529411,-0.7647058823529411,-0.7647058823529411,-0.7647058823529411,-0.7647058823529411,-0.7647058823529411,-0.7647058823529411,-0.7647058823529411,-0.7647058823529411,-0.7647058823529411,-0.7647058823529411,-0.7647058823529411,-0.7647058823529411,-0.7647058823529411,-0.7647058823529411,-0.7647058823529411,-0.7647058823529411,-0.7647058823529411,-0.7647058823529411,-0.7647058823529411,-0.7647058823529411,-0.7647058823529411,-0.7647058823529411,-0.7647058823529411,-0.7647058823529411,-0.7647058823529411,-0.7647058823529411,-0.7647058823529411,-0.7647058823529411,-0.7647058823529411,-0.7647058823529411,-0.7647058823529411,-0.7647058823529411,-0.7647058823529411,-0.7647058823529411,-0.7647058823529411,-0.7647058823529411,-0.7647058823529411,-0.7647058823529411,-0.7647058823529411,-0.7647058823529411,-0.7647058823529411,-0.7647058823529411,-0.7647058823529411,-0.7647058823529411,-0.7647058823529411,-0.7647058823529411,-0.7647058823529411,-0.7647058823529411
-0.5058823529411764,-0.5529411764705883,-0.5764705882352941,-0.6313725490196078,-0.6784313725490196,-0.6784313725490196,-0.5058823529411764,-0.7568627450980392,-0.6549019607843137,-0.48235294117647054,-0.6549019607843137,-0.4980392156862745,-0.5294117647058824,-0.5294117647058824,-0.5294117647058824,-0.5294117647058824,-0.5294117647058824,-0.5294117647058824,-0.5294117647058824,-0.5294117647058824,-0.5294117647058824,-0.5294117647058824,-0.5294117647058824,-0.5294117647058824,-0.5294117647058824,-0.5294117647058824,-0.5294117647058824,-0.5294117647058824,-0.5294117647058824,-0.5294117647058824,-0.5294117647058824,-0.5294117647058824,-0.5294117647058824,-0.5294117647058824,-0.5294117647058824,-0.5294117647058824,-0.5294117647058824,-0.5294117647058824,-0.5294117647058824,-0.5294117647058824,-0.5294117647058824,-0.5294117647058824,-0.5294117647058824,-0.5294117647058824,-0.5294117647058824,-0.5294117647058824,-0.5294117647058824,-0.5294117647058824,-0.5294117647058824,-0.5294117647058824,-0.5294117647058824,-0.5294117647058824,-0.5294117647058824,-0.5294117647058824,-0.5294117647058824,-0.5294117647058824,-0.5294117647058824,-0.5294117647058824,-0.5294117647058824,-0.5294117647058824,-0.5294117647058824,-0.5294117647058824,-0.5294117647058824,-0.5294117647058824,-0.5294117647058824,-0.5294117647058824,-0.5294117647058824,-0.5294117647058824,-0.5294117647058824,-0.5294117647058824,-0.5294117647058824,-0.5294117647058824,-0.5294117647058824,-0.5294117647058824,-0.5294117647058824,-0.5294117647058824,-0.5294117647058824,-0.5294117647058824,-0.5294117647058824,-0.5294117647058824,-0.5294117647058824,-0.5294117647058824,-0.5294117647058824,-0.5294117647058824,-0.5294117647058824,-0.5294117647058824,-0.5294117647058824,-0.5294117647058824,-0.5294117647058824,-0.5294117647058824,-0.5294117647058824,-0.5294117647058824,-0.5294117647058824,-0.5294117647058824,-0.5294117647058824,-0.5294117647058824,-0.5294117647058824,-0.5294117647058824,-0.5294117647058824,-0.5294117647058824,-0.5294117647058824,-0.5294117647058824,-0.5294117647058824,-0.5294117647058824,-0.5294117647058824,-0.5294117647058824,-0.5294117647058824,-0.5294117647058824,-0.5294117647058824,-0.5294117647058824,-0.5294117647058824,-0.5294117647058824,-0.5294117647058824,-0.5294117647058824,-0.5294117647058824,-0.5294117647058824,-0.5294117647058824,-0.5294117647058824,-0.5294117647058824,-0.5294117647058824,-0.5294117647058824,-0.5294117647058824,-0.5294117647058824,-0.5294117647058824,-0.5294117647058824
-0.7568627450980392,-0.803921568627451,-0.8274509803921568,-0.8823529411764706,-0.9294117647058824,-0.9294117647058824,-0.7568627450980392,-1.0,-0.9058823529411765,-0.7254901960784313,-0.9058823529411765,-0.8196078431372549,-0.8666666666666667,-0.8666666666666667,-0.8666666666666667,-0.8666666666666667,-0.8666666666666667,-0.8666666666666667,-0.8666666666666667,-0.8666666666666667,-0.8666666666666667,-0.8666666666666667,-0.8666666666666667,-0.8666666666666667,-0.8666666666666667,-0.8666666666666667,-0.8666666666666667,-0.8666666666666667,-0.8666666666666667,-0.8666666666666667,-0.8666666666666667,-0.8666666666666667,-0.8666666666666667,-0.8666666666666667,-0.8666666666666667,-0.8666666666666667,-0.8666666666666667,-0.8666666666666667,-0.8666666666666667,-0.8666666666666667,-0.8666666666666667,-0.8666666666666667,-0.8666666666666667,-0.8666666666666667,-0.8666666666666667,-0.8666666666666667,-0.8666666666666667,-0.8666666666666667,-0.8666666666666667,-0.8666666666666667,-0.8666666666666667,-0.8666666666666667,-0.8666666666666667,-0.8666666666666667,-0.8666666666666667,-0.8666666666666667,-0.8666666666666667,-0.8666666666666667,-0.8666666666666667,-0.8666666666666667,-0.8666666666666667,-0.8666666666666667,-0.8666666666666667,-0.8666666666666667,-0.8666666666666667,-0.8666666666666667,-0.8666666666666667,-0.8666666666666667,-0.8666666666666667,-0.8666666666666667,-0.8666666666666667,-0.8666666666666667,-0.8666666666666667,-0.8666666666666667,-0.8666666666666667,-0.8666666666666667,-0.8666666666666667,-0.8666666666666667,-0.8666666666666667,-0.8666666666666667,-0.8666666666666667,-0.8666666666666667,-0.8666666666666667,-0.8666666666666667,-0.8666666666666667,-0.8666666666666667,-0.8666666666666667,-0.8666666666666667,-0.8666666666666667,-0.8666666666666667,-0.8666666666666667,-0.8666666666666667,-0.8666666666666667,-0.8666666666666667,-0.8666666666666667,-0.8666666666666667,-0.8666666666666667,-0.8666666666666667,-0.8666666666666667,-0.8666666666666667,-0.8666666666666667,-0.8666666666666667,-0.8666666666666667,-0.8666666666666667,-0.8666666666666667,-0.8666666666666667,-0.8666666666666667,-0.8666666666666667,-0.8666666666666667,-0.8666666666666667,-0.8666666666666667,-0.8666666666666667,-0.8666666666666667,-0.8666666666666667,-0.8666666666666667,-0.8666666666666667,-0.8666666666666667,-0.8666666666666667,-0.8666666666666667,-0.8666666666666667,-0.8666666666666667,-0.8666666666666667,-0.8666666666666667,-0.8666666666666667,-0.8666666666666667
-0.6549019607843137,-0.7019607843137254,-0.7254901960784313,-0.7803921568627451,-0.8274509803921568,-0.8274509803921568,-0.6549019607843137,-0.9058823529411765,-0.803921568627451,-0.6313725490196078,-0.803921568627451,-0.6941176470588235,-0.7333333333333334,-0.7333333333333334,-0.7333333333333334,-0.7333333333333334,-0.7333333333333334,-0.7333333333333334,-0.7333333333333334,-0.7333333333333334,-0.7333333333333334,-0.7333333333333334,-0.7333333333333334,-0.7333333333333334,-0.7333333333333334,-0.7333333333333334,-0.7333333333333334,-0.7333333333333334,-0.7333333333333334,-0.7333333333333334,-0.7333333333333334,-0.7333333333333334,-0.7333333333333334,-0.7333333333333334,-0.7333333333333334,-0.7333333333333334,-0.7333333333333334,-0.7333333333333334,-0.7333333333333334,-0.7333333333333334,-0.7333333333333334,-0.7333333333333334,-0.7333333333333334,-0.7333333333333334,-0.7333333333333334,-0.7333333333333334,-0.7333333333333334,-0.7333333333333334,-0.7333333333333334,-0.7333333333333334,-0.7333333333333334,-0.7333333333333334,-0.7333333333333334,-0.7333333333333334,-0.7333333333333334,-0.7333333333333334,-0.7333333333333334,-0.7333333333333334,-0.7333333333333334,-0.7333333333333334,-0.7333333333333334,-0.7333333333333334,-0.7333333333333334,-0.7333333333333334,-0.7333333333333334,-0.7333333333333334,-0.7333333333333334,-0.7333333333333334,-0.7333333333333334,-0.7333333333333334,-0.7333333333333334,-0.7333333333333334,-0.7333333333333334,-0.7333333333333334,-0.7333333333333334,-0.7333333333333334,-0.7333333333333334,-0.7333333333333334,-0.7333333333333334,-0.7333333333333334,-0.7333333333333334,-0.7333333333333334,-0.7333333333333334,-0.7333333333333334,-0.7333333333333334,-0.7333333333333334,-0.7333333333333334,-0.7333333333333334,-0.7333333333333334,-0.7333333333333334,-0.7333333333333334,-0.7333333333333334,-0.7333333333333334,-0.7333333333333334,-0.7333333333333334,-0.7333333333333334,-0.7333333333333334,-0.7333333333333334,-0.7333333333333334,-0.7333333333333334,-0.7333333333333334,-0.7333333333333334,-0.7333333333333334,-0.7333333333333334,-0.7333333333333334,-0.7333333333333334,-0.7333333333333334,-0.7333333333333334,-0.7333333333333334,-0.7333333333333334,-0.7333333333333334,-0.7333333333333334,-0.7333333333333334,-0.7333333333333334,-0.7333333333333334,-0.7333333333333334,-0.7333333333333334,-0.7333333333333334,-0.7333333333333334,-0.7333333333333334,-0.7333333333333334,-0.7333333333333334,-0.7333333333333334,-0.7333333333333334,-0.7333333333333334
-0.48235294117647054,-0.5294117647058824,-0.5529411764705883,-0.607843137254902,-0.6549019607843137,-0.6549019607843137,-0.48235294117647054,-0.7254901960784313,-0.6313725490196078,-0.4509803921568627,-0.6313725490196078,-0.4666666666666667,-0.4980392156862745,-0.4980392156862745,-0.4980392156862745,-0.4980392156862745,-0.4980392156862745,-0.4980392156862745,-0.4980392156862745,-0.4980392156862745,-0.4980392156862745,-0.4980392156862745,-0.4980392156862745,-0.4980392156862745,-0.4980392156862745,-0.4980392156862745,-0.4980392156862745,-0.4980392156862745,-0.4980392156862745,-0.4980392156862745,-0.4980392156862745,-0.4980392156862745,-0.4980392156862745,-0.4980392156862745,-0.4980392156862745,-0.4980392156862745,-0.4980392156862745,-0.4980392156862745,-0.4980392156862745,-0.4980392156862745,-0.4980392156862745,-0.4980392156862745,-0.4980392156862745,-0.4980392156862745,-0.4980392156862745,-0.4980392156862745,-0.4980392156862745,-0.4980392156862745,-0.4980392156862745,-0.4980392156862745,-0.4980392156862745,-0.4980392156862745,-0.4980392156862745,-0.4980392156862745,-0.4980392156862745,-0.4980392156862745,-0.4980392156862745,-0.4980392156862745,-0.4980392156862745,-0.4980392156862745,-0.4980392156862745,-0.4980392156862745,-0.4980392156862745,-0.4980392156862745,-0.4980392156862745,-0.4980392156862745,-0.4980392156862745,-0.4980392156862745,-0.4980392156862745,-0.4980392156862745,-0.4980392156862745,-0.4980392156862745,-0.4980392156862745,-0.4980392156862745,-0.4980392156862745,-0.4980392156862745,-0.4980392156862745,-0.4980392156862745,-0.4980392156862745,-0.4980392156862745,-0.4980392156862745,-0.4980392156862745,-0.4980392156862745,-0.4980392156862745,-0.4980392156862745,-0.4980392156862745,-0.4980392156862745,-0.4980392156862745,-0.4980392156862745,-0.4980392156862745,-0.4980392156862745,-0.4980392156862745,-0.4980392156862745,-0.4980392156862745,-0.4980392156862745,-0.4980392156862745,-0.4980392156862745,-0.4980392156862745,-0.4980392156862745,-0.4980392156862745,-0.4980392156862745,-0.4980392156862745,-0.4980392156862745,-0.4980392156862745,-0.4980392156862745,-0.4980392156862745,-0.4980392156862745,-0.4980392156862745,-0.4980392156862745,-0.4980392156862745,-0.4980392156862745,-0.4980392156862745,-0.4980392156862745,-0.4980392156862745,-0.4980392156862745,-0.4980392156862745,-0.4980392156862745,-0.4980392156862745,-0.4980392156862745,-0.4980392156862745,-0.4980392156862745,-0.4980392156862745,-0.4980392156862745,-0.4980392156862745,-0.4980392156862745
-0.6549019607843137,-0.7019607843137254,-0.7254901960784313,-0.7803921568627451,-0.8274509803921568,-0.8274509803921568,-0.6549019607843137,-0.9058823529411765,-0.803921568627451,-0.6313725490196078,-0.803921568627451,-0.6941176470588235,-0.7333333333333334,-0.7333333333333334,-0.7333333333333334,-0.7333333333333334,-0.7333333333333334,-0.7333333333333334,-0.7333333333333334,-0.7333333333333334,-0.7333333333333334,-0.7333333333333334,-0.7333333333333334,-0.7333333333333334,-0.7333333333333334,-0.7333333333333334,-0.7333333333333334,-0.7333333333333334,-0.7333333333333334,-0.7333333333333334,-0.7333333333333334,-0.7333333333333334,-0.7333333333333334,-0.7333333333333334,-0.7333333333333334,-0.7333333333333334,-0.7333333333333334,-0.7333333333333334,-0.7333333333333334,-0.7333333333333334,-0.7333333333333334,-0.7333333333333334,-0.7333333333333334,-0.7333333333333334,-0.7333333333333334,-0.7333333333333334,-0.7333333333333334,-0.7333333333333334,-0.7333333333333334,-0.7333333333333334,-0.7333333333333334,-0.7333333333333334,-0.7333333333333334,-0.7333333333333334,-0.7333333333333334,-0.7333333333333334,-0.7333333333333334,-0.7333333333333334,-0.7333333333333334,-0.7333333333333334,-0.7333333333333334,-0.7333333333333334,-0.7333333333333334,-0.7333333333333334,-0.7333333333333334,-0.7333333333333334,-0.7333333333333334,-0.7333333333333334,-0.7333333333333334,-0.7333333333333334,-0.7333333333333334,-0.7333333333333334,-0.7333333333333334,-0.7333333333333334,-0.7333333333333334,-0.7333333333333334,-0.7333333333333334,-0.7333333333333334,-0.7333333333333334,-0.7333333333333334,-0.7333333333333334,-0.7333333333333334,-0.7333333333333334,-0.7333333333333334,-0.7333333333333334,-0.7333333333333334,-0.7333333333333334,-0.7333333333333334,-0.7333333333333334,-0.7333333333333334,-0.7333333333333334,-0.7333333333333334,-0.7333333333333334,-0.7333333333333334,-0.7333333333333334,-0.7333333333333334,-0.7333333333333334,-0.7333333333333334,-0.7333333333333334,-0.7333333333333334,-0.7333333333333334,-0.7333333333333334,-0.7333333333333334,-0.7333333333333334,-0.7333333333333334,-0.7333333333333334,-0.7333333333333334,-0.7333333333333334,-0.7333333333333334,-0.7333333333333334,-0.7333333333333334,-0.7333333333333334,-0.7333333333333334,-0.7333333333333334,-0.7333333333333334,-0.7333333333333334,-0.7333333333333334,-0.7333333333333334,-0.7333333333333334,-0.7333333333333334,-0.7333333333333334,-0.7333333333333334,-0.7333333333333334,-0.7333333333333334,-0.7333333333333334
-0.4980392156862745,-0.5607843137254902,-0.592156862745098,-0.6627450980392157,-0.7254901960784313,-0.7254901960784313,-0.4980392156862745,-0.8196078431372549,-0.6941176470588235,-0.4666666666666667,-0.6941176470588235,-0.4509803921568627,-0.4745098039215686,-0.4745098039215686,-0.4745098039215686,-0.4745098039215686,-0.4745098039215686,-0.4745098039215686,-0.4745098039215686,-0.4745098039215686,-0.4745098039215686,-0.4745098039215686,-0.4745098039215686,-0.4745098039215686,-0.4745098039215686,-0.4745098039215686,-0.4745098039215686,-0.4745098039215686,-0.4745098039215686,-0.4745098039215686,-0.4745098039215686,-0.4745098039215686,-0.4745098039215686,-0.4745098039215686,-0.4745098039215686,-0.4745098039215686,-0.4745098039215686,-0.4745098039215686,-0.4745098039215686,-0.4745098039215686,-0.4745098039215686,-0.4745098039215686,-0.4745098039215686,-0.4745098039215686,-0.4745098039215686,-0.4745098039215686,-0.4745098039215686,-0.4745098039215686,-0.4745098039215686,-0.4745098039215686,-0.4745098039215686,-0.4745098039215686,-0.4745098039215686,-0.4745098039215686,-0.4745098039215686,-0.4745098039215686,-0.4745098039215686,-0.4745098039215686,-0.4745098039215686,-0.4745098039215686,-0.4745098039215686,-0.4745098039215686,-0.4745098039215686,-0.4745098039215686,-0.4745098039215686,-0.4745098039215686,-0.4745098039215686,-0.4745098039215686,-0.4745098039215686,-0.4745098039215686,-0.4745098039215686,-0.4745098039215686,-0.4745098039215686,-0.4745098039215686,-0.4745098039215686,-0.4745098039215686,-0.4745098039215686,-0.4745098039215686,-0.4745098039215686,-0.4745098039215686,-0.4745098039215686,-0.4745098039215686,-0.4745098039215686,-0.4745098039215686,-0.4745098039215686,-0.4745098039215686,-0.4745098039215686,-0.4745098039215686,-0.4745098039215686,-0.4745098039215686,-0.4745098039215686,-0.4745098039215686,-0.4745098039215686,-0.4745098039215686,-0.4745098039215686,-0.4745098039215686,-0.4745098039215686,-0.4745098039215686,-0.4745098039215686,-0.4745098039215686,-0.4745098039215686,-0.4745098039215686,-0.4745098039215686,-0.4745098039215686,-0.4745098039215686,-0.4745098039215686,-0.4745098039215686,-0.4745098039215686,-0.4745098039215686,-0.4745098039215686,-0.4745098039215686,-0.4745098039215686,-0.4745098039215686,-0.4745098039215686,-0.4745098039215686,-0.4745098039215686,-0.4745098039215686,-0.4745098039215686,-0.4745098039215686,-0.4745098039215686,-0.4745098039215686,-0.4745098039215686,-0.4745098039215686,-0.4745098039215686,-0.4745098039215686
-0.5294117647058824,-0.6,-0.6313725490196078,-0.7019607843137254,-0.7647058823529411,-0.7647058823529411,-0.5294117647058824,-0.8666666666666667,-0.7333333333333334,-0.4980392156862745,-0.7333333333333334,-0.4745098039215686,-0.5058823529411764,-0.5058823529411764,-0.5058823529411764,-0.5058823529411764,-0.5058823529411764,-0.5058823529411764,-0.5058823529411764,-0.5058823529411764,-0.5058823529411764,-0.5058823529411764,-0.5058823529411764,-0.5058823529411764,-0.5058823529411764,-0.5058823529411764,-0.5058823529411764,-0.5058823529411764,-0.5058823529411764,-0.5058823529411764,-0.5058823529411764,-0.5058823529411764,-0.5058823529411764,-0.5058823529411764,-0.5058823529411764,-0.5058823529411764,-0.5058823529411764,-0.5058823529411764,-0.5058823529411764,-0.5058823529411764,-0.5058823529411764,-0.5058823529411764,-0.5058823529411764,-0.5058823529411764,-0.5058823529411764,-0.5058823529411764,-0.5058823529411764,-0.5058823529411764,-0.5058823529411764,-0.5058823529411764,-0.5058823529411764,-0.5058823529411764,-0.5058823529411764,-0.5058823529411764,-0.5058823529411764,-0.5058823529411764,-0.5058823529411764,-0.5058823529411764,-0.5058823529411764,-0.5058823529411764,-0.5058823529411764,-0.5058823529411764,-0.5058823529411764,-0.5058823529411764,-0.5058823529411764,-0.5058823529411764,-0.5058823529411764,-0.5058823529411764,-0.5058823529411764,-0.5058823529411764,-0.5058823529411764,-0.5058823529411764,-0.5058823529411764,-0.5058823529411764,-0.5058823529411764,-0.5058823529411764,-0.5058823529411764,-0.5058823529411764,-0.5058823529411764,-0.5058823529411764,-0.5058823529411764,-0.5058823529411764,-0.5058823529411764,-0.5058823529411764,-0.5058823529411764,-0.5058823529411764,-0.5058823529411764,-0.5058823529411764,-0.5058823529411764,-0.5058823529411764,-0.5058823529411764,-0.5058823529411764,-0.5058823529411764,-0.5058823529411764,-0.5058823529411764,-0.5058823529411764,-0.5058823529411764,-0.5058823529411764,-0.5058823529411764,-0.5058823529411764,-0.5058823529411764,-0.5058823529411764,-0.5058823529411764,-0.5058823529411764,-0.5058823529411764,-0.5058823529411764,-0.5058823529411764,-0.5058823529411764,-0.5058823529411764,-0.5058823529411764,-0.5058823529411764,-0.5058823529411764,-0.5058823529411764,-0.5058823529411764,-0.5058823529411764,-0.5058823529411764,-0.5058823529411764,-0.5058823529411764,-0.5058823529411764,-0.5058823529411764,-0.5058823529411764,-0.5058823529411764,-0.5058823529411764,-0.5058823529411764,-0.5058823529411764
-0.5294117647058824,-0.6,-0.6313725490196078,-0.7019607843137254,-0.7647058823529411,-0.7647058823529411,-0.5294117647058824,-0.8666666666666667,-0.7333333333333334,-0.4980392156862745,-0.7333333333333334,-0.4745098039215686,-0.5058823529411764,-0.5058823529411764,-0.5058823529411764,-0.5058823529411764,-0.5058823529411764,-0.5058823529411764,-0.5058823529411764,-0.5058823529411764,-0.5058823529411764,-0.5058823529411764,-0.5058823529411764,-0.5058823529411764,-0.5058823529411764,-0.5058823529411764,-0.5058823529411764,-0.5058823529411764,-0.5058823529411764,-0.5058823529411764,-0.5058823529411764,-0.5058823529411764,-0.5058823529411764,-0.5058823529411764,-0.5058823529411764,-0.5058823529411764,-0.5058823529411764,-0.5058823529411764,-0.5058823529411764,-0.5058823529411764,-0.5058823529411764,-0.5058823529411764,-0.5058823529411764,-0.5058823529411764,-0.5058823529411764,-0.5058823529411764,-0.5058823529411764,-0.5058823529411764,-0.5058823529411764,-0.5058823529411764,-0.5058823529411764,-0.5058823529411764,-0.5058823529411764,-0.5058823529411764,-0.5058823529411764,-0.5058823529411764,-0.5058823529411764,-0.5058823529411764,-0.5058823529411764,-0.5058823529411764,-0.5058823529411764,-0.5058823529411764,-0.5058823529411764,-0.5058823529411764,-0.5058823529411764,-0.5058823529411764,-0.5058823529411764,-0.5058823529411764,-0.5058823529411764,-0.5058823529411764,-0.5058823529411764,-0.5058823529411764,-0.5058823529411764,-0.5058823529411764,-0.5058823529411764,-0.5058823529411764,-0.5058823529411764,-0.5058823529411764,-0.5058823529411764,-0.5058823529411764,-0.5058823529411764,-0.5058823529411764,-0.5058823529411764,-0.5058823529411764,-0.5058823529411764,-0.5058823529411764,-0.5058823529411764,-0.5058823529411764,-0.5058823529411764,-0.5058823529411764,-0.5058823529411764,-0.5058823529411764,-0.5058823529411764,-0.5058823529411764,-0.5058823529411764,-0.5058823529411764,-0.5058823529411764,-0.5058823529411764,-0.5058823529411764,-0.5058823529411764,-0.5058823529411764,-0.5058823529411764,-0.5058823529411764,-0.5058823529411764,-0.5058823529411764,-0.5058823529411764,-0.5058823529411764,-0.5058823529411764,-0.5058823529411764,-0.5058823529411764,-0.5058823529411764,-0.5058823529411764,-0.5058823529411764,-0.5058823529411764,-0.5058823529411764,-0.5058823529411764,-0.5058823529411764,-0.5058823529411764,-0.5058823529411764,-0.5058823529411764,-0.5058823529411764,-0.5058823529411764,-0.5058823529411764,-0.5058823529411764,-0.5058823529411764
-0.5294117647058824,-0.6,-0.6313725490196078,-0.7019607843137254,-0.7647058823529411,-0.7647058823529411,-0.5294117647058824,-0.8666666666666667,-0.7333333333333334,-0.4980392156862745,-0.7333333333333334,-0.4745098039215686,-0.5058823529411764,-0.5058823529411764,-0.5058823529411764,-0.5058823529411764,-0.5058823529411764,-0.5058823529411764,-0.5058823529411764,-0.5058823529411764,-0.5058823529411764,-0.5058823529411764,-0.5058823529411764,-0.5058823529411764,-0.5058823529411764,-0.5058823529411764,-0.5058823529411764,-0.5058823529411764,-0.5058823529411764,-0.5058823529411764,-0.5058823529411764,-0.5058823529411764,-0.5058823529411764,-0.5058823529411764,-0.5058823529411764,-0.5058823529411764,-0.5058823529411764,-0.5058823529411764,-0.5058823529411764,-0.5058823529411764,-0.5058823529411764,-0.5058823529411764,-0.5058823529411764,-0.5058823529411764,-0.5058823529411764,-0.5058823529411764,-0.5058823529411764,-0.5058823529411764,-0.5058823529411764,-0.5058823529411764,-0.5058823529411764,-0.5058823529411764,-0.5058823529411764,-0.5058823529411764,-0.5058823529411764,-0.5058823529411764,-0.5058823529411764,-0.5058823529411764,-0.5058823529411764,-0.5058823529411764,-0.5058823529411764,-0.5058823529411764,-0.5058823529411764,-0.5058823529411764,-0.5058823529411764,-0.5058823529411764,-0.5058823529411764,-0.5058823529411764,-0.5058823529411764,-0.5058823529411764,-0.5058823529411764,-0.5058823529411764,-0.5058823529411764,-0.5058823529411764,-0.5058823529411764,-0.5058823529411764,-0.5058823529411764,-0.5058823529411764,-0.5058823529411764,-0.5058823529411764,-0.5058823529411764,-0.5058823529411764,-0.5058823529411764,-0.5058823529411764,-0.5058823529411764,-0.5058823529411764,-0.5058823529411764,-0.5058823529411764,-0.5058823529411764,-0.5058823529411764,-0.5058823529411764,-0.5058823529411764,-0.5058823529411764,-0.5058823529411764,-0.5058823529411764,-0.5058823529411764,-0.5058823529411764,-0.5058823529411764,-0.5058823529411764,-0.5058823529411764,-0.5058823529411764,-0.5058823529411764,-0.5058823529411764,-0.5058823529411764,-0.5058823529411764,-0.5058823529411764,-0.5058823529411764,-0.5058823529411764,-0.5058823529411764,-0.5058823529411764,-0.5058823529411764,-0.5058823529411764,-0.5058823529411764,-0.5058823529411764,-0.5058823529411764,-0.5058823529411764,-0.5058823529411764,-0.5058823529411764,-0.5058823529411764,-0.5058823529411764,-0.5058823529411764,-0.5058823529411764,-0.5058823529411764,-0.5058823529411764,-0.5058823529411764
-0.5294117647058824,-0.6,-0.6313725490196078,-0.7019607843137254,-0.7647058823529411,-0.7647058823529411,-0.5294117647058824,-0.8666666666666667,-0.7333333333333334,-0.4980392156862745,-0.7333333333333334,-0.4745098039215686,-0.5058823529411764,-0.5058823529411764,-0.5058823529411764,-0.5058823529411764,-0.5058823529411764,-0.5058823529411764,-0.5058823529411764,-0.5058823529411764,-0.5058823529411764,-0.5058823529411764,-0.5058823529411764,-0.5058823529411764,-0.5058823529411764,-0.5058823529411764,-0.5058823529411764,-0.5058823529411764,-0.5058823529411764,-0.5058823529411764,-0.5058823529411764,-0.5058823529411764,-0.5058823529411764,-0.5058823529411764,-0.5058823529411764,-0.5058823529411764,-0.5058823529411764,-0.5058823529411764,-0.5058823529411764,-0.5058823529411764,-0.5058823529411764,-0.5058823529411764,-0.5058823529411764,-0.5058823529411764,-0.5058823529411764,-0.5058823529411764,-0.5058823529411764,-0.5058823529411764,-0.5058823529411764,-0.5058823529411764,-0.5058823529411764,-0.5058823529411764,-0.5058823529411764,-0.5058823529411764,-0.5058823529411764,-0.5058823529411764,-0.5058823529411764,-0.5058823529411764,-0.5058823529411764,-0.5058823529411764,-0.5058823529411764,-0.5058823529411764,-0.5058823529411764,-0.5058823529411764,-0.5058823529411764,-0.5058823529411764,-0.5058823529411764,-0.5058823529411764,-0.5058823529411764,-0.5058823529411764,-0.5058823529411764,-0.5058823529411764,-0.5058823529411764,-0.5058823529411764,-0.5058823529411764,-0.5058823529411764,-0.5058823529411764,-0.5058823529411764,-0.5058823529411764,-0.5058823529411764,-0.5058823529411764,-0.5058823529411764,-0.5058823529411764,-0.5058823529411764,-0.5058823529411764,-0.5058823529411764,-0.5058823529411764,-0.5058823529411764,-0.5058823529411764,-0.5058823529411764,-0.5058823529411764,-0.5058823529411764,-0.5058823529411764,-0.5058823529411764,-0.5058823529411764,-0.5058823529411764,-0.5058823529411764,-0.5058823529411764,-0.5058823529411764,-0.5058823529411764,-0.5058823529411764,-0.5058823529411764,-0.5058823529411764,-0.5058823529411764,-0.5058823529411764,-0.5058823529411764,-0.5058823529411764,-0.5058823529411764,-0.5058823529411764,-0.5058823529411764,-0.5058823529411764,-0.5058823529411764,-0.5058823529411764,-0.5058823529411764,-0.5058823529411764,-0.5058823529411764,-0.5058823529411764,-0.5058823529411764,-0.5058823529411764,-0.5058823529411764,-0.5058823529411764,-0.5058823529411764,-0.5058823529411764,-0.5058823529411764,-0.5058823529411764
