0.0,0.0,0.043152742985631834,0.6760437023502311,0.167362590267061,0.8408964152537145,0.6167496458953111,0.03391747990674006,0.46251022181083923,0.0,0.4232782828732383,0.18886494839528534,0.4190251074344924,0.008071291607349335,0.46113113359122554,0.4148609686009643,0.0,0.422031309675302,0.1852080880913556,0.008071291607349335,0.4153895335084423,0.45373964293558094,0.0,0.40957212153830397,0.0,0.47699314123206304,0.41697751277073075,0.0,0.4639850082080717,0.0,0.0,0.45993642004009744,0.4180907886611826,0.009510822897922816,0.41904577151564465,0.0,0.4599690365838858,0.0,0.0,0.4595687939630614,0.4155895467352027,0.0,0.4569728214379247,0.0,0.41945117357960954,0.4122330841617309,0.1905440589781166,0.4283966885097134,0.014027037119921015,0.4614999392505947,0.0,0.41547914683349296,0.009252774631849158,0.4610101185163009,0.42352011588808963,0.0,0.46357364107843607,0.0,0.4172637274220869,0.19140031420716877,0.42519955244092233,0.0,0.41621155992803344,0.1916041457112304,0.4150525807459355,0.4229184733310732,0.0,0.19361423931439475,0.41201638863930495,0.0,0.463157932644634,0.4342873496117613,0.0,0.45955337536757046,0.009510822897922816,0.4292586155228861,0.0,0.4539151733088024,0.0,0.0,0.43659464156177397,0.0,0.0,0.0,0.45920944629562294,0.0,0.009228957896284211,0.0,0.4234397902686345,0.0,0.0,0.45740869806835227,0.0,0.0,0.009252774631849158,0.41404623361898485,0.0,0.0,0.18764034147640302,0.41126421476532476,0.0,0.0,0.4150995009285407,0.0,0.0,0.19046881747917266,0.37165990128000576,0.0,0.0,0.0,0.366474528688422,0.1916685900005395,0.0,0.4234031752703656,0.009228957896284211,0.008098513584541805,0.0,0.0,0.42513336891153625,0.19009100672660428,0.0,0.43121042068789533,0.0,0.0,0.0
0.0,0.0,0.043152742985631834,0.6760437023502311,0.167362590267061,0.8408964152537145,0.6167496458953111,0.03391747990674006,0.46251022181083923,0.0,0.4232782828732383,0.18886494839528534,0.4190251074344924,0.008071291607349335,0.46113113359122554,0.4148609686009643,0.0,0.422031309675302,0.1852080880913556,0.008071291607349335,0.4153895335084423,0.45373964293558094,0.0,0.40957212153830397,0.0,0.47699314123206304,0.41697751277073075,0.0,0.4639850082080717,0.0,0.0,0.45993642004009744,0.4180907886611826,0.009510822897922816,0.41904577151564465,0.0,0.4599690365838858,0.0,0.0,0.4595687939630614,0.4155895467352027,0.0,0.4569728214379247,0.0,0.41945117357960954,0.4122330841617309,0.1905440589781166,0.4283966885097134,0.014027037119921015,0.4614999392505947,0.0,0.41547914683349296,0.009252774631849158,0.4610101185163009,0.42352011588808963,0.0,0.46357364107843607,0.0,0.4172637274220869,0.19140031420716877,0.42519955244092233,0.0,0.41621155992803344,0.1916041457112304,0.4150525807459355,0.4229184733310732,0.0,0.19361423931439475,0.41201638863930495,0.0,0.463157932644634,0.4342873496117613,0.0,0.45955337536757046,0.009510822897922816,0.4292586155228861,0.0,0.4539151733088024,0.0,0.0,0.43659464156177397,0.0,0.0,0.0,0.45920944629562294,0.0,0.009228957896284211,0.0,0.4234397902686345,0.0,0.0,0.45740869806835227,0.0,0.0,0.009252774631849158,0.41404623361898485,0.0,0.0,0.18764034147640302,0.41126421476532476,0.0,0.0,0.4150995009285407,0.0,0.0,0.19046881747917266,0.37165990128000576,0.0,0.0,0.0,0.366474528688422,0.1916685900005395,0.0,0.4234031752703656,0.009228957896284211,0.008098513584541805,0.0,0.0,0.42513336891153625,0.19009100672660428,0.0,0.43121042068789533,0.0,0.0,0.0
0.043152742985631834,0.043152742985631834,0.061027141478833626,0.6772670006065997,0.17283407256609928,0.8416782643076051,0.6181437109227739,0.05488671463683943,0.46447216125771307,0.043152742985631834,0.42543650758206863,0.19372888551046147,0.4212065603101471,0.043901080381107974,0.46309947709774546,0.4170655782744629,0.043152742985631834,0.4241963009955771,0.1901658218233271,0.043901080381107974,0.41759118062473494,0.4557428807916115,0.043152742985631834,0.41180675533031086,0.043152742985631834,0.4788897392583288,0.4191703002086482,0.043152742985631834,0.4659401353411145,0.043152742985631834,0.043152742985631834,0.46191033808739457,0.4202774010976529,0.044188401361161034,0.42122711051281597,0.043152742985631834,0.46194280211155214,0.043152742985631834,0.043152742985631834,0.46154443237088905,0.41779007457108747,0.043152742985631834,0.45896067593329054,0.043152742985631834,0.4216302804733754,0.4144525247972833,0.19536608440135736,0.43052750841898213,0.045375286449143716,0.4634665669192275,0.043152742985631834,0.41768029235042997,0.04413358030148436,0.4629790255493116,0.42567703244478927,0.043152742985631834,0.4655306646588931,0.043152742985631834,0.41945492447843363,0.19620123854993965,0.4273474211736142,0.043152742985631834,0.41840861316532535,0.19640007360826378,0.4172561156635963,0.4250786468469531,0.043152742985631834,0.1983614353935454,0.4142370598760611,0.043152742985631834,0.46511687561676057,0.4363873439467565,0.043152742985631834,0.46152908598075687,0.044188401361161034,0.4313848779955395,0.043152742985631834,0.4559175711262768,0.043152742985631834,0.043152742985631834,0.43868276338578255,0.043152742985631834,0.043152742985631834,0.043152742985631834,0.46118676861547675,0.043152742985631834,0.044128593192035784,0.043152742985631834,0.4255971411837459,0.043152742985631834,0.043152742985631834,0.4593944930678463,0.043152742985631834,0.043152742985631834,0.04413358030148436,0.4162554231908129,0.043152742985631834,0.043152742985631834,0.19253529895723717,0.4134891666685058,0.043152742985631834,0.043152742985631834,0.4173027728067075,0.043152742985631834,0.043152742985631834,0.19529270581058733,0.37413253161389515,0.043152742985631834,0.043152742985631834,0.043152742985631834,0.3689832459888013,0.19646294032028583,0.043152742985631834,0.4255607242290131,0.044128593192035784,0.04390609333333056,0.043152742985631834,0.043152742985631834,0.427281592990883,0.1949242706766645,0.043152742985631834,0.4333264230157687,0.043152742985631834,0.043152742985631834,0.043152742985631834
0.6760437023502311,0.6760437023502311,0.6772670006065997,0.9016753836225787,0.6940961252721954,0.975760110166711,0.8723579894302506,0.6767998247317331,0.7979490800235877,0.6760437023502311,0.7803829135489687,0.6989068947294567,0.7785282068299667,0.6760865553437096,0.7973185417805978,0.7767224694486302,0.6760437023502311,0.7798380657375682,0.6980515939967115,0.6760865553437096,0.7769511136956181,0.7939543824736469,0.6760437023502311,0.7744437790345907,0.6760437023502311,0.8046228295496888,0.7776390217990281,0.6760437023502311,0.7986243491068155,0.6760437023502311,0.6760437023502311,0.7967730210047393,0.7781221687423132,0.6761032031913675,0.7785371927859426,0.6760437023502311,0.7967879052130907,0.6760437023502311,0.6760437023502311,0.796605293469295,0.7770376774111647,0.6760437023502311,0.7954227168458147,0.6760437023502311,0.7787135353658058,0.7755881642174522,0.6993046567527604,0.7826285232249017,0.6761731173131305,0.797487077997115,0.6760437023502311,0.77698989453364,0.6761000184341783,0.7972632543613266,0.7804886815163965,0.6760437023502311,0.7984358930309775,0.6760437023502311,0.7777631661573247,0.699508709766234,0.7812241118651151,0.6760437023502311,0.7773070286526359,0.6995574054170768,0.7768053371580547,0.7802256088824312,0.6760437023502311,0.7000401042541244,0.7754948125483176,0.6760437023502311,0.7982455273933073,0.7852308963542041,0.6760437023502311,0.7965982602056687,0.6761032031913675,0.7830081165049801,0.6760437023502311,0.7940339688779606,0.6760437023502311,0.6760437023502311,0.7862553357570269,0.6760437023502311,0.6760437023502311,0.6760437023502311,0.7964414045480226,0.6760437023502311,0.6760997289096609,0.6760437023502311,0.7804535466632624,0.6760437023502311,0.6760437023502311,0.7956210531915825,0.6760437023502311,0.6760437023502311,0.6761000184341783,0.7763703578576836,0.6760437023502311,0.6760437023502311,0.6986187953530802,0.7751709964356713,0.6760437023502311,0.6760437023502311,0.7768256323223656,0.6760437023502311,0.6760437023502311,0.6992867652758609,0.758626677467906,0.6760437023502311,0.6760437023502311,0.6760437023502311,0.7565385627638882,0.6995728109168222,0.6760437023502311,0.780437532282657,0.6760997289096609,0.6760868448768469,0.6760437023502311,0.6760437023502311,0.7811950997786634,0.6991970225159272,0.6760437023502311,0.7838692060342024,0.6760437023502311,0.6760437023502311,0.6760437023502311
0.167362590267061,0.167362590267061,0.17283407256609928,0.6940961252721954,0.23664000685495315,0.8524292149173004,0.637287683890456,0.17076346844757326,0.49111468279086595,0.167362590267061,0.4545890602858901,0.25228631496118636,0.4506531268143119,0.16755702536445247,0.48982459850816323,0.4468046061251899,0.167362590267061,0.45343457014314054,0.24956428020723392,0.16755702536445247,0.4472928288048945,0.48291724555882615,0.167362590267061,0.44192400557679884,0.167362590267061,0.504686826385766,0.44876009901614494,0.167362590267061,0.49249473997187737,0.167362590267061,0.167362590267061,0.48870732204977996,0.44978918708442733,0.16763250510226438,0.45067223717176885,0.167362590267061,0.48873782038501595,0.167362590267061,0.167362590267061,0.48836358667512136,0.4474775976057717,0.167362590267061,0.4859371617690117,0.167362590267061,0.45104718192602217,0.4443785198672524,0.25354400371737146,0.4593323473456654,0.16794914899595006,0.4901695619604369,0.167362590267061,0.44737561061245573,0.16761806813353095,0.4897114131100695,0.4548130077042916,0.167362590267061,0.4921097493652871,0.167362590267061,0.4490246353733781,0.25418721654862475,0.4563686824076972,0.167362590267061,0.4480522776171064,0.25434051693170845,0.4469815841580814,0.4542558918240645,0.167362590267061,0.25585604262032097,0.4441785565419306,0.167362590267061,0.4917207324014391,0.4647999947682416,0.167362590267061,0.48834917072368916,0.16763250510226438,0.46013180475909743,0.167362590267061,0.4830811373672033,0.167362590267061,0.167362590267061,0.46694406163468627,0.167362590267061,0.167362590267061,0.167362590267061,0.48802762026609775,0.167362590267061,0.16761675562006922,0.167362590267061,0.4547386210405853,0.167362590267061,0.167362590267061,0.4863444665686189,0.167362590267061,0.167362590267061,0.16761806813353095,0.446052216309256,0.167362590267061,0.167362590267061,0.2513721397029264,0.4434845715015396,0.167362590267061,0.167362590267061,0.4470249225232892,0.167362590267061,0.167362590267061,0.2534875425962923,0.4072083175257046,0.167362590267061,0.167362590267061,0.167362590267061,0.40250137239477485,0.2543889997150865,0.167362590267061,0.45470471380410116,0.16761675562006922,0.16755833834651693,0.167362590267061,0.167362590267061,0.4563073613874151,0.25320418041939624,0.167362590267061,0.461942881661666,0.167362590267061,0.167362590267061,0.167362590267061
0.8408964152537145,0.8408964152537145,0.8416782643076051,0.975760110166711,0.8524292149173004,1.0,0.960688865114786,0.841379679876665,0.9176055832948451,0.8408964152537145,0.9068371487914857,0.8554994285813087,0.9056914425797301,0.840923804328607,0.9172218545157192,0.9045745276538171,0.8408964152537145,0.9065007401319692,0.8549537177684013,0.840923804328607,0.9047160308832674,0.9151707832668409,0.8408964152537145,0.9031630738100194,0.8408964152537145,0.9216528880822404,0.9051416266110864,0.8408964152537145,0.9180162842806191,0.8408964152537145,0.8408964152537145,0.9168896847588041,0.9054404172517467,0.8409344446325147,0.9056969971549085,0.8408964152537145,0.9168987500214983,0.8408964152537145,0.8408964152537145,0.9167875213596882,0.9047695974992259,0.8408964152537145,0.9160667671845605,0.8408964152537145,0.9058059942698676,0.9038721978604588,0.8557531922909432,0.9082222416563862,0.8409791294989907,0.9173244431207761,0.8408964152537145,0.9047400293093056,0.8409324091273574,0.9171881973845766,0.9069024382151337,0.8408964152537145,0.9179016907558889,0.8408964152537145,0.9052184104545881,0.8558833682680396,0.9073562709703551,0.8408964152537145,0.9049362543756104,0.8559144331873637,0.90462581538258,0.9067400369661234,0.8408964152537145,0.856222354535813,0.9038143727212616,0.8408964152537145,0.9177859155439058,0.9098244437060417,0.8408964152537145,0.9167832370329076,0.8409344446325147,0.9084561447562116,0.8408964152537145,0.9152193771955083,0.8408964152537145,0.8408964152537145,0.9104542709353518,0.8408964152537145,0.8408964152537145,0.8408964152537145,0.9166876809373319,0.8408964152537145,0.8409322240807011,0.8408964152537145,0.9068807504113904,0.8408964152537145,0.8408964152537145,0.9161877026538345,0.8408964152537145,0.8408964152537145,0.8409324091273574,0.9043565690088635,0.8408964152537145,0.8408964152537145,0.8553156185518241,0.9036137616307358,0.8408964152537145,0.8408964152537145,0.9046383758297817,0.8408964152537145,0.8408964152537145,0.8557417782130612,0.8933094924820135,0.8408964152537145,0.8408964152537145,0.8408964152537145,0.8920019797325728,0.8559242609320846,0.8408964152537145,0.906870864977807,0.8409322240807011,0.8409239893808218,0.8408964152537145,0.8408964152537145,0.9073383723332525,0.8556845253316557,0.8408964152537145,0.9089864924100559,0.8408964152537145,0.8408964152537145,0.8408964152537145
0.6167496458953111,0.6167496458953111,0.6181437109227739,0.8723579894302506,0.637287683890456,0.960688865114786,0.8387932287635756,0.6176113620217724,0.7545931652726056,0.6167496458953111,0.734793845217939,0.642749349663252,0.7327035040499809,0.6167984870786033,0.7538823409735853,0.7306683252095268,0.6167496458953111,0.7341797784613708,0.6417786506466658,0.6167984870786033,0.7309260235937676,0.7500900611682085,0.6167496458953111,0.7281000371901658,0.6167496458953111,0.7621177596863954,0.7317013413465487,0.6167496458953111,0.7553544332034873,0.6167496458953111,0.6167496458953111,0.7532673713980972,0.7322458767037314,0.6168174611423601,0.7327136317018886,0.6167496458953111,0.7532841503312356,0.6167496458953111,0.6167496458953111,0.7530782930909672,0.7310235869093374,0.6167496458953111,0.7517452088540758,0.6167496458953111,0.7329123790610413,0.7293898717725916,0.6432007315712827,0.7373247341047481,0.6168971436825197,0.7540723353210947,0.6167496458953111,0.7309697323012234,0.6168138313818866,0.7538200145595679,0.7349130500765448,0.6167496458953111,0.7551419744791114,0.6167496458953111,0.7318412596545364,0.643432280301091,0.7357419093039012,0.6167496458953111,0.7313271638788837,0.64348753644626,0.7307617231083897,0.7346165562862825,0.6167496458953111,0.6440352428733794,0.7292846560736922,0.6167496458953111,0.7549273644361233,0.7402577178110992,0.6167496458953111,0.7530703645544152,0.6168174611423601,0.7377525501991368,0.6167496458953111,0.750179771528082,0.6167496458953111,0.6167496458953111,0.741412315264679,0.6167496458953111,0.6167496458953111,0.6167496458953111,0.7528935429996727,0.6167496458953111,0.6168135014022442,0.6167496458953111,0.7348734516540661,0.6167496458953111,0.6167496458953111,0.7519687843536778,0.6167496458953111,0.6167496458953111,0.6168138313818866,0.7302714689918841,0.6167496458953111,0.6167496458953111,0.6424223948945371,0.7289196852146902,0.6167496458953111,0.6167496458953111,0.7307845972123495,0.6167496458953111,0.6167496458953111,0.6431804288862475,0.7102686717212319,0.6167496458953111,0.6167496458953111,0.6167496458953111,0.707913824082575,0.643505017351764,0.6167496458953111,0.7348554027877388,0.6168135014022442,0.616798817068995,0.6167496458953111,0.6167496458953111,0.7357092115590287,0.6430785907270257,0.6167496458953111,0.7387230321836317,0.6167496458953111,0.6167496458953111,0.6167496458953111
0.03391747990674006,0.03391747990674006,0.05488671463683943,0.6767998247317331,0.17076346844757326,0.841379679876665,0.6176113620217724,0.04796654421572054,0.46372333342402483,0.03391747990674006,0.424612961698032,0.1918843622829286,0.4203741765374682,0.03486461165747449,0.4623482105314473,0.4162243846752399,0.03391747990674006,0.4233701804472346,0.18828630233221108,0.03486461165747449,0.4167511140568693,0.45497832720393316,0.03391747990674006,0.4109541406488205,0.03391747990674006,0.4781657976688544,0.4183336041747102,0.03391747990674006,0.46519390177632125,0.03391747990674006,0.03391747990674006,0.46115694872912055,0.41944305433076745,0.035225716894969734,0.420394770066581,0.03391747990674006,0.4611894708323057,0.03391747990674006,0.03391747990674006,0.4607903879068571,0.41695043380956637,0.03391747990674006,0.45820197976786475,0.03391747990674006,0.42079878926225517,0.41360568935223335,0.19353720922409032,0.42971439071514755,0.036703583763640225,0.462715953755705,0.03391747990674006,0.4168404166050705,0.03515692279864732,0.46222754438926544,0.42485398431542,0.03391747990674006,0.46478370888089426,0.03391747990674006,0.4186188334958259,0.1943802440430326,0.426527815838759,0.03391747990674006,0.41757029425428094,0.1945809453720675,0.4164153309268256,0.4242543594429998,0.03391747990674006,0.19656051417053064,0.41338975631498515,0.03391747990674006,0.46436918889341405,0.4355859575922162,0.03391747990674006,0.4607750140213403,0.035225716894969734,0.4305734946258797,0.03391747990674006,0.4551533373851168,0.03391747990674006,0.03391747990674006,0.43788589579045867,0.03391747990674006,0.03391747990674006,0.03391747990674006,0.46043208292953,0.03391747990674006,0.03515066211378338,0.03391747990674006,0.4247739277797599,0.03391747990674006,0.03391747990674006,0.4586365811111461,0.03391747990674006,0.03391747990674006,0.03515692279864732,0.41541248731243047,0.03391747990674006,0.03391747990674006,0.19067919818437074,0.41264023477845224,0.03391747990674006,0.03391747990674006,0.41646208813666064,0.03391747990674006,0.03391747990674006,0.19346313496628278,0.3731894405248385,0.03391747990674006,0.03391747990674006,0.03391747990674006,0.3680264452974977,0.19464440135898387,0.03391747990674006,0.42473743546900056,0.03515066211378338,0.03487092369987103,0.03391747990674006,0.03391747990674006,0.42646185244022183,0.1930911988805918,0.03391747990674006,0.43251894427325177,0.03391747990674006,0.03391747990674006,0.03391747990674006
0.46251022181083923,0.46251022181083923,0.46447216125771307,0.7979490800235877,0.49111468279086595,0.9176055832948451,0.7545931652726056,0.46372333342402483,0.6464735275874524,0.46251022181083923,0.6208635839989168,0.4986219602016968,0.618150606053362,0.4625790122651342,0.6455565100321403,0.6155073223719002,0.46251022181083923,0.6200668105819052,0.4972904936320384,0.4625790122651342,0.6158421257385395,0.6406614108344968,0.46251022181083923,0.6121688771390644,0.46251022181083923,0.6561715458155616,0.6168492380312164,0.46251022181083923,0.6474554456392773,0.46251022181083923,0.46251022181083923,0.64476302284776,0.6175564064312127,0.46260573526262355,0.6181637550828045,0.46251022181083923,0.6447846740934448,0.46251022181083923,0.46251022181083923,0.644519033195553,0.6159688725633544,0.46251022181083923,0.6427984700937585,0.46251022181083923,0.6184217852650397,0.6138458879151895,0.49924069786058883,0.6241457725846484,0.462717953384727,0.6458016328691775,0.46251022181083923,0.6158989093064026,0.46260062316787237,0.6454760965765628,0.6210182373122444,0.46251022181083923,0.647181424822534,0.46251022181083923,0.6170309578353984,0.4995579974193061,0.6220934064476914,0.46251022181083923,0.6163632284326436,0.4996337070178933,0.6156286690799209,0.6206335623703395,0.46251022181083923,0.5003839454319944,0.6137091188424575,0.46251022181083923,0.6469046151063013,0.627946041539941,0.46251022181083923,0.6445088018340926,0.46260573526262355,0.6247003166291699,0.46251022181083923,0.6407772649186999,0.46251022181083923,0.46251022181083923,0.6294410931745686,0.46251022181083923,0.46251022181083923,0.46251022181083923,0.6442806175911804,0.46251022181083923,0.46260015842891583,0.46251022181083923,0.6209668640296716,0.46251022181083923,0.46251022181083923,0.6430870714957407,0.46251022181083923,0.46251022181083923,0.46260062316787237,0.6149916637211168,0.46251022181083923,0.46251022181083923,0.4981736229735703,0.6132346552352212,0.46251022181083923,0.46251022181083923,0.6156583875151662,0.46251022181083923,0.46251022181083923,0.4992128731674597,0.5888962055241456,0.46251022181083923,0.46251022181083923,0.46251022181083923,0.5858091981460326,0.49965765781199817,0.46251022181083923,0.6209434479822944,0.46260015842891583,0.4625794770273719,0.46251022181083923,0.46251022181083923,0.6220509976552515,0.4990732968791127,0.46251022181083923,0.62595799150537,0.46251022181083923,0.46251022181083923,0.46251022181083923
0.0,0.0,0.043152742985631834,0.6760437023502311,0.167362590267061,0.8408964152537145,0.6167496458953111,0.03391747990674006,0.46251022181083923,0.0,0.4232782828732383,0.18886494839528534,0.4190251074344924,0.008071291607349335,0.46113113359122554,0.4148609686009643,0.0,0.422031309675302,0.1852080880913556,0.008071291607349335,0.4153895335084423,0.45373964293558094,0.0,0.40957212153830397,0.0,0.47699314123206304,0.41697751277073075,0.0,0.4639850082080717,0.0,0.0,0.45993642004009744,0.4180907886611826,0.009510822897922816,0.41904577151564465,0.0,0.4599690365838858,0.0,0.0,0.4595687939630614,0.4155895467352027,0.0,0.4569728214379247,0.0,0.41945117357960954,0.4122330841617309,0.1905440589781166,0.4283966885097134,0.014027037119921015,0.4614999392505947,0.0,0.41547914683349296,0.009252774631849158,0.4610101185163009,0.42352011588808963,0.0,0.46357364107843607,0.0,0.4172637274220869,0.19140031420716877,0.42519955244092233,0.0,0.41621155992803344,0.1916041457112304,0.4150525807459355,0.4229184733310732,0.0,0.19361423931439475,0.41201638863930495,0.0,0.463157932644634,0.4342873496117613,0.0,0.45955337536757046,0.009510822897922816,0.4292586155228861,0.0,0.4539151733088024,0.0,0.0,0.43659464156177397,0.0,0.0,0.0,0.45920944629562294,0.0,0.009228957896284211,0.0,0.4234397902686345,0.0,0.0,0.45740869806835227,0.0,0.0,0.009252774631849158,0.41404623361898485,0.0,0.0,0.18764034147640302,0.41126421476532476,0.0,0.0,0.4150995009285407,0.0,0.0,0.19046881747917266,0.37165990128000576,0.0,0.0,0.0,0.366474528688422,0.1916685900005395,0.0,0.4234031752703656,0.009228957896284211,0.008098513584541805,0.0,0.0,0.42513336891153625,0.19009100672660428,0.0,0.43121042068789533,0.0,0.0,0.0
0.4232782828732383,0.4232782828732383,0.42543650758206863,0.7803829135489687,0.4545890602858901,0.9068371487914857,0.734793845217939,0.424612961698032,0.6208635839989168,0.4232782828732383,0.5937431551828477,0.4627561846078525,0.5908655677991645,0.42335398427956367,0.6198937312360994,0.5880609802416199,0.4232782828732383,0.5928981359824276,0.46130908044152674,0.42335398427956367,0.5884162657599947,0.6147151142737592,0.4232782828732383,0.5845174759843242,0.4232782828732383,0.631115261217883,0.5894849001567231,0.4232782828732383,0.621901981592137,0.4232782828732383,0.4232782828732383,0.6190544564908098,0.5902351878218265,0.4233833914060099,0.5908795169412132,0.4232782828732383,0.6190773579676949,0.4232782828732383,0.4232782828732383,0.6187963745239564,0.5885507626416657,0.4232782828732383,0.616976259263404,0.4232782828732383,0.5911532435860779,0.5862976829133436,0.46342845977561153,0.5972232373480099,0.42350687756219124,0.6201529855907129,0.4232782828732383,0.5884765216778105,0.42337776586333464,0.6198086805392123,0.5939071635800821,0.4232782828732383,0.6216122090387051,0.4232782828732383,0.58967770652038,0.4637731654434533,0.5950472864475979,0.4232782828732383,0.5889692181462178,0.463855409423226,0.5881897522601852,0.5934992137472197,0.4232782828732383,0.46467029840421953,0.5861525119539893,0.4232782828732383,0.6213194795503881,0.6012509695632594,0.4232782828732383,0.618785552086338,0.4233833914060099,0.5978110836339368,0.4232782828732383,0.6148377077798727,0.4232782828732383,0.4232782828732383,0.6028350282130637,0.4232782828732383,0.4232782828732383,0.4232782828732383,0.6185441825830303,0.4232782828732383,0.4233772544464119,0.4232782828732383,0.5938526830308115,0.4232782828732383,0.4232782828732383,0.617281580853026,0.4232782828732383,0.4232782828732383,0.42337776586333464,0.5875137460728581,0.4232782828732383,0.4232782828732383,0.4622689751050958,0.5856488818490633,0.4232782828732383,0.4232782828732383,0.5882212888933169,0.4232782828732383,0.4232782828732383,0.4633982302031962,0.559770512825396,0.4232782828732383,0.4232782828732383,0.4232782828732383,0.5564815789741577,0.4638814269829618,0.4232782828732383,0.5938278505733617,0.4233772544464119,0.42335449572646017,0.4232782828732383,0.4232782828732383,0.595002318403432,0.46324658653779455,0.4232782828732383,0.5991441457061221,0.4232782828732383,0.4232782828732383,0.4232782828732383
0.18886494839528534,0.18886494839528534,0.19372888551046147,0.6989068947294567,0.25228631496118636,0.8554994285813087,0.642749349663252,0.1918843622829286,0.4986219602016968,0.18886494839528534,0.4627561846078525,0.26701037143410367,0.45889664763621846,0.1890372263545685,0.49735380324122913,0.4551239295956249,0.18886494839528534,0.46162398676911265,0.26444126813385843,0.1890372263545685,0.4556024745189036,0.49056545843401717,0.18886494839528534,0.4503410764203443,0.18886494839528534,0.5119688599149917,0.457040767826082,0.18886494839528534,0.4999786629786656,0.18886494839528534,0.18886494839528534,0.49625559215261095,0.4580496285515235,0.18910411622879117,0.4589153843313406,0.18886494839528534,0.4962855691276197,0.18886494839528534,0.18886494839528534,0.4959177364647892,0.45578358544697806,0.18886494839528534,0.49353300711982806,0.18886494839528534,0.4592830032738727,0.4527462030400539,0.26819840487039864,0.4674088756242265,0.18938479506116068,0.4976928943256701,0.18886494839528534,0.45568361717467964,0.18909132173999682,0.4972425460663956,0.46297581885249045,0.18886494839528534,0.49960017691749414,0.18886494839528534,0.4573000970384281,0.26880623576662954,0.46450163028181635,0.18886494839528534,0.45634690492409946,0.2689511273244427,0.4552973974139666,0.4624294395379293,0.18886494839528534,0.27038401532719775,0.4525502457390772,0.18886494839528534,0.49921774081871034,0.4727740215899274,0.18886494839528534,0.4959035672479424,0.18910411622879117,0.4681932183702526,0.18886494839528534,0.49072649460135753,0.18886494839528534,0.18886494839528534,0.4748784417809208,0.18886494839528534,0.18886494839528534,0.18886494839528534,0.4955875233067875,0.18886494839528534,0.18909015856161346,0.18886494839528534,0.46290286446020074,0.18886494839528534,0.18886494839528534,0.4939332893293537,0.18886494839528534,0.18886494839528534,0.18909132173999682,0.45438648931323244,0.18886494839528534,0.18886494839528534,0.26614722260783047,0.4518701878030334,0.18886494839528534,0.18886494839528534,0.4553398765591166,0.18886494839528534,0.18886494839528534,0.2681450573394353,0.4163786903517577,0.18886494839528534,0.18886494839528534,0.18886494839528534,0.4117826123168091,0.2689969526449737,0.18886494839528534,0.46286961021890227,0.18909015856161346,0.1890383898594757,0.18886494839528534,0.18886494839528534,0.46444148314925704,0.26787734038310557,0.18886494839528534,0.46997021714008336,0.18886494839528534,0.18886494839528534,0.18886494839528534
0.4190251074344924,0.4190251074344924,0.4212065603101471,0.7785282068299667,0.4506531268143119,0.9056914425797301,0.7327035040499809,0.4203741765374682,0.618150606053362,0.4190251074344924,0.5908655677991645,0.45889664763621846,0.587969963431681,0.41910162727454375,0.6171750166973424,0.585147705347445,0.4190251074344924,0.5900152695886319,0.45743618103921035,0.41910162727454375,0.5855052354917588,0.6119655909052394,0.4190251074344924,0.5815817151616542,0.4190251074344924,0.6284623073184716,0.5865806105751289,0.4190251074344924,0.6191951342627312,0.4190251074344924,0.4190251074344924,0.616330769340179,0.5873356212922263,0.4191313522587773,0.5879840001865558,0.4190251074344924,0.6163538066094796,0.4190251074344924,0.4190251074344924,0.6160711566943835,0.5856405816329114,0.4190251074344924,0.6142402252116643,0.4190251074344924,0.588259445528232,0.5833732412621707,0.45957510558814746,0.5943672892230066,0.41925617271695576,0.6174358055317093,0.4190251074344924,0.5855658719177431,0.4191256659134919,0.6170894624392008,0.5910305996650395,0.4190251074344924,0.6189036520970284,0.4190251074344924,0.5867746314047497,0.4599229753465918,0.5921778272303294,0.4190251074344924,0.5860616777757538,0.460005973643329,0.5852772911295571,0.5906201034093591,0.4190251074344924,0.46082832389063494,0.5832271489693619,0.4190251074344924,0.6186091946233463,0.5984198663239875,0.4190251074344924,0.6160602700529103,0.4191313522587773,0.5949587748254112,0.4190251074344924,0.6120889172675695,0.4190251074344924,0.4190251074344924,0.6000136388321872,0.4190251074344924,0.4190251074344924,0.4190251074344924,0.6158174682915127,0.4190251074344924,0.4191251489689425,0.4190251074344924,0.5909757791789545,0.4190251074344924,0.4190251074344924,0.6145473638055339,0.4190251074344924,0.4190251074344924,0.4191256659134919,0.5845970103542897,0.4190251074344924,0.4190251074344924,0.458404947495353,0.5827203202028116,0.4190251074344924,0.4190251074344924,0.5853090270198724,0.4190251074344924,0.4190251074344924,0.4595445983382889,0.5566723381251388,0.4190251074344924,0.4190251074344924,0.4190251074344924,0.5533610539744511,0.46003222977944025,0.4190251074344924,0.5909507917635496,0.4191251489689425,0.4191021442499502,0.4190251074344924,0.4190251074344924,0.5921325792990512,0.45939156125159464,0.4190251074344924,0.5963000729714616,0.4190251074344924,0.4190251074344924,0.4190251074344924
0.008071291607349335,0.008071291607349335,0.043901080381107974,0.6760865553437096,0.16755702536445247,0.840923804328607,0.6167984870786033,0.03486461165747449,0.4625790122651342,0.008071291607349335,0.42335398427956367,0.1890372263545685,0.41910162727454375,0.011414530047650183,0.46120014938583576,0.41493830449110936,0.008071291607349335,0.4221072494865473,0.18538377284034485,0.011414530047650183,0.415466764990147,0.4538098867213261,0.008071291607349335,0.4096505156812227,0.008071291607349335,0.4770596330225396,0.41705443202654907,0.008071291607349335,0.4640535589666888,0.008071291607349335,0.008071291607349335,0.46000563199403577,0.41816749031379397,0.01247403303109917,0.4191222873429204,0.008071291607349335,0.46003824317080616,0.008071291607349335,0.008071291607349335,0.4596380664551726,0.41566673877103427,0.008071291607349335,0.4570425238237412,0.008071291607349335,0.4195276107541196,0.41231094276722685,0.19071481623460396,0.4284714244880112,0.01618343341074396,0.4615688946689503,0.008071291607349335,0.41555636063770884,0.012278419525809273,0.46107915414021045,0.42359577120616704,0.008071291607349335,0.4636422585637593,0.008071291607349335,0.4173405906329557,0.1915703062061481,0.4252748890012837,0.008071291607349335,0.4162886295134249,0.19177395654321763,0.41512987875855994,0.42299424339768904,0.008071291607349335,0.19378228387918012,0.4120942906196284,0.008071291607349335,0.4632266176647651,0.4343609998674718,0.008071291607349335,0.4596226504005472,0.01247403303109917,0.42933319096728423,0.008071291607349335,0.4539853875289736,0.008071291607349335,0.008071291607349335,0.43666787370977334,0.008071291607349335,0.008071291607349335,0.008071291607349335,0.459278778043948,0.008071291607349335,0.012260481728156775,0.008071291607349335,0.423515460889793,0.008071291607349335,0.008071291607349335,0.4574783279765644,0.008071291607349335,0.008071291607349335,0.012278419525809273,0.4141237309212563,0.008071291607349335,0.008071291607349335,0.18781374558586406,0.411342267628625,0.008071291607349335,0.008071291607349335,0.4151767896709325,0.008071291607349335,0.008071291607349335,0.19063964230805797,0.37174669223098905,0.008071291607349335,0.008071291607349335,0.008071291607349335,0.36656259415760223,0.19183834363369265,0.008071291607349335,0.4234788528689019,0.012260481728156775,0.011433795089078845,0.008071291607349335,0.008071291607349335,0.4252087179905018,0.1902621716616964,0.008071291607349335,0.43128463474083634,0.008071291607349335,0.008071291607349335,0.008071291607349335
0.46113113359122554,0.46113113359122554,0.46309947709774546,0.7973185417805978,0.48982459850816323,0.9172218545157192,0.7538823409735853,0.4623482105314473,0.6455565100321403,0.46113113359122554,0.6198937312360994,0.49735380324122913,0.6171750166973424,0.46120014938583576,0.6446376385376726,0.6145261157702203,0.46113113359122554,0.6190952760252791,0.49601848764091233,0.46120014938583576,0.6148616321787402,0.6397325980524581,0.46113113359122554,0.6111805355302328,0.46113113359122554,0.6552739803114949,0.615870886630674,0.46113113359122554,0.6465404103561215,0.46113113359122554,0.46113113359122554,0.6438425450443335,0.6165795567724252,0.4612269599054645,0.6171881936001616,0.46113113359122554,0.6438642401462163,0.46113113359122554,0.46113113359122554,0.6435980610713459,0.6149886488224096,0.46113113359122554,0.6418740067873121,0.46113113359122554,0.617446770617635,0.6128611361680131,0.4979743238119284,0.6231828219847528,0.4613395454641311,0.6448832571962422,0.46113113359122554,0.6149185366355687,0.4612218310684558,0.6445570623852781,0.6200487106994447,0.46113113359122554,0.6462658366505845,0.46113113359122554,0.616052992525338,0.4982925362720468,0.6211261447210755,0.46113113359122554,0.6153838437833113,0.4983684635538083,0.6146477209666974,0.6196632243411658,0.46113113359122554,0.4991208561615636,0.6127240747571713,0.46113113359122554,0.6459884681847164,0.6269910319727059,0.46113113359122554,0.6435878089771566,0.4612269599054645,0.6237385281509764,0.46113113359122554,0.6398486883088967,0.46113113359122554,0.46113113359122554,0.6284891931351118,0.46113113359122554,0.46113113359122554,0.46113113359122554,0.6433591622583918,0.46113113359122554,0.4612213648074502,0.46113113359122554,0.619997229085472,0.46113113359122554,0.46113113359122554,0.6421631944442878,0.46113113359122554,0.46113113359122554,0.4612218310684558,0.6140093580164886,0.46113113359122554,0.46113113359122554,0.4969041718414162,0.6122485964082204,0.46113113359122554,0.46113113359122554,0.6146775026980257,0.46113113359122554,0.46113113359122554,0.4979464190190428,0.5878567669704223,0.46113113359122554,0.46113113359122554,0.46113113359122554,0.5847627891295387,0.4983924832008947,0.46113113359122554,0.6199737636570344,0.4612213648074502,0.46120061567031995,0.46113113359122554,0.46113113359122554,0.6210836466770099,0.49780644081768755,0.46113113359122554,0.6249988343910398,0.46113113359122554,0.46113113359122554,0.46113113359122554
0.4148609686009643,0.4148609686009643,0.4170655782744629,0.7767224694486302,0.4468046061251899,0.9045745276538171,0.7306683252095268,0.4162243846752399,0.6155073223719002,0.4148609686009643,0.5880609802416199,0.4551239295956249,0.585147705347445,0.41493830449110936,0.6145261157702203,0.5823081135118992,0.4148609686009643,0.5872055048542815,0.4536502099332814,0.41493830449110936,0.5826678456692439,0.6092865170785956,0.4148609686009643,0.5787200615920287,0.4148609686009643,0.6258777814987911,0.5837498331796951,0.4148609686009643,0.61655785332901,0.4148609686009643,0.4148609686009643,0.6136769990171245,0.5845094768199145,0.4149683464048071,0.5851618280379018,0.4148609686009643,0.6137001692631437,0.4148609686009643,0.4148609686009643,0.6134158874200855,0.5828040249345261,0.4148609686009643,0.6115743633147842,0.4148609686009643,0.5854389591591068,0.5805226939411537,0.45580851894578506,0.5915839207339374,0.4150944972522959,0.6147884071888021,0.4148609686009643,0.5827288553748595,0.41496259943460023,0.6144400684132242,0.5882270158025026,0.4148609686009643,0.6162646972425639,0.4148609686009643,0.5839450453203727,0.4561595263064909,0.5893812105270098,0.4148609686009643,0.5832277115009633,0.4562432725863028,0.5824384976143451,0.587814022302995,0.4148609686009643,0.45707302105328107,0.5803756976923792,0.4148609686009643,0.6159685478322651,0.5956608548406077,0.4148609686009643,0.6134049379051084,0.4149683464048071,0.5921789745499301,0.4148609686009643,0.6094105612692079,0.4148609686009643,0.4148609686009643,0.5972641488852982,0.4148609686009643,0.4148609686009643,0.4148609686009643,0.6131607335534809,0.4148609686009643,0.4149620769785758,0.4148609686009643,0.5881718619483599,0.4148609686009643,0.4148609686009643,0.6118832814239487,0.4148609686009643,0.4148609686009643,0.41496259943460023,0.5817540233008662,0.4148609686009643,0.4148609686009643,0.4546277758287422,0.5798657305310773,0.4148609686009643,0.4148609686009643,0.5824704289794643,0.4148609686009643,0.4148609686009643,0.4557777363368996,0.5536511860448435,0.4148609686009643,0.4148609686009643,0.4148609686009643,0.5503179318461509,0.45626976529396907,0.4148609686009643,0.5881467225689594,0.4149620769785758,0.41493882697889234,0.4148609686009643,0.4148609686009643,0.589335688135966,0.45562331744797463,0.4148609686009643,0.5935283473979065,0.4148609686009643,0.4148609686009643,0.4148609686009643
0.0,0.0,0.043152742985631834,0.6760437023502311,0.167362590267061,0.8408964152537145,0.6167496458953111,0.03391747990674006,0.46251022181083923,0.0,0.4232782828732383,0.18886494839528534,0.4190251074344924,0.008071291607349335,0.46113113359122554,0.4148609686009643,0.0,0.422031309675302,0.1852080880913556,0.008071291607349335,0.4153895335084423,0.45373964293558094,0.0,0.40957212153830397,0.0,0.47699314123206304,0.41697751277073075,0.0,0.4639850082080717,0.0,0.0,0.45993642004009744,0.4180907886611826,0.009510822897922816,0.41904577151564465,0.0,0.4599690365838858,0.0,0.0,0.4595687939630614,0.4155895467352027,0.0,0.4569728214379247,0.0,0.41945117357960954,0.4122330841617309,0.1905440589781166,0.4283966885097134,0.014027037119921015,0.4614999392505947,0.0,0.41547914683349296,0.009252774631849158,0.4610101185163009,0.42352011588808963,0.0,0.46357364107843607,0.0,0.4172637274220869,0.19140031420716877,0.42519955244092233,0.0,0.41621155992803344,0.1916041457112304,0.4150525807459355,0.4229184733310732,0.0,0.19361423931439475,0.41201638863930495,0.0,0.463157932644634,0.4342873496117613,0.0,0.45955337536757046,0.009510822897922816,0.4292586155228861,0.0,0.4539151733088024,0.0,0.0,0.43659464156177397,0.0,0.0,0.0,0.45920944629562294,0.0,0.009228957896284211,0.0,0.4234397902686345,0.0,0.0,0.45740869806835227,0.0,0.0,0.009252774631849158,0.41404623361898485,0.0,0.0,0.18764034147640302,0.41126421476532476,0.0,0.0,0.4150995009285407,0.0,0.0,0.19046881747917266,0.37165990128000576,0.0,0.0,0.0,0.366474528688422,0.1916685900005395,0.0,0.4234031752703656,0.009228957896284211,0.008098513584541805,0.0,0.0,0.42513336891153625,0.19009100672660428,0.0,0.43121042068789533,0.0,0.0,0.0
