0.0,0.0,0.12875116385436483,0.6444693615322366,0.8408964152537145,0.4141537276137087,0.010689024589773279,0.4597334286001688,0.0,0.4194096455302939,0.011356493206141127,0.45785216221604164,0.0,0.4149483487788387,0.18618263883570862,0.41112786740442037,0.0,0.4589162745022037,0.41176570033807136,0.0,0.008003260795836449,0.4499156519968419,0.40590368726385484,0.0,0.4726687840123145,0.0,0.4130433424835573,0.18750823451012377,0.4175485038650612,0.0,0.4123069512336414,0.4576170325826373,0.00943065866244906,0.4153009974335256,0.0,0.4554962346093962,0.0,0.4120730569200426,0.18934057821836886,0.41197804079216044,0.40966798294834633,0.18727974926393665,0.0,0.4149557208510069,0.02695236267416926,0.408553745806517,0.46720685752628044,0.0,0.4160682366695505,0.18589365514239897,0.4118115822230781,0.008030253343161419,0.4568581055605783,0.00943065866244906,0.41977415526003403,0.45945905144034394,0.0,0.0,0.41335540371078067,0.4649050718008482,0.0,0.412479831803644,0.0,0.45523073630142646,0.0,0.41926290418258816,0.1919213230649926,0.4086554949498988,0.4152093102494409,0.19017238585271629,0.0,0.4305726247376554,0.4117324539731563,0.18950711514545268,0.42566478081351106,0.0,0.449831762540891,0.0,0.0,0.43278756677426133,0.0,0.0,0.0,0.45511473683908865,0.0,0.0,0.0,0.4195116904797526,0.0,0.0,0.18624666765167455,0.41072468151547575,0.0,0.009174785407919168,0.41049280642639846,0.0,0.0,0.1878657363416659,0.4077381708093723,0.0,0.0,0.0,0.4111352951035553,0.0,0.18902369960756832,0.36849791191355935,0.0,0.0,0.0,0.36328136052447346,0.0,0.0,0.19011023958705414,0.4193628118888063,0.009174785407919168,0.0,0.0,0.4217500719580367,0.1885764226617107,0.0,0.4277350769462398,0.0,0.0,0.0,0.4150788460997946
0.0,0.0,0.12875116385436483,0.6444693615322366,0.8408964152537145,0.4141537276137087,0.010689024589773279,0.4597334286001688,0.0,0.4194096455302939,0.011356493206141127,0.45785216221604164,0.0,0.4149483487788387,0.18618263883570862,0.41112786740442037,0.0,0.4589162745022037,0.41176570033807136,0.0,0.008003260795836449,0.4499156519968419,0.40590368726385484,0.0,0.4726687840123145,0.0,0.4130433424835573,0.18750823451012377,0.4175485038650612,0.0,0.4123069512336414,0.4576170325826373,0.00943065866244906,0.4153009974335256,0.0,0.4554962346093962,0.0,0.4120730569200426,0.18934057821836886,0.41197804079216044,0.40966798294834633,0.18727974926393665,0.0,0.4149557208510069,0.02695236267416926,0.408553745806517,0.46720685752628044,0.0,0.4160682366695505,0.18589365514239897,0.4118115822230781,0.008030253343161419,0.4568581055605783,0.00943065866244906,0.41977415526003403,0.45945905144034394,0.0,0.0,0.41335540371078067,0.4649050718008482,0.0,0.412479831803644,0.0,0.45523073630142646,0.0,0.41926290418258816,0.1919213230649926,0.4086554949498988,0.4152093102494409,0.19017238585271629,0.0,0.4305726247376554,0.4117324539731563,0.18950711514545268,0.42566478081351106,0.0,0.449831762540891,0.0,0.0,0.43278756677426133,0.0,0.0,0.0,0.45511473683908865,0.0,0.0,0.0,0.4195116904797526,0.0,0.0,0.18624666765167455,0.41072468151547575,0.0,0.009174785407919168,0.41049280642639846,0.0,0.0,0.1878657363416659,0.4077381708093723,0.0,0.0,0.0,0.4111352951035553,0.0,0.18902369960756832,0.36849791191355935,0.0,0.0,0.0,0.36328136052447346,0.0,0.0,0.19011023958705414,0.4193628118888063,0.009174785407919168,0.0,0.0,0.4217500719580367,0.1885764226617107,0.0,0.4277350769462398,0.0,0.0,0.0,0.4150788460997946
0.12875116385436483,0.12875116385436483,0.18206913214392373,0.6560206506757734,0.8477801792969472,0.43339466534497184,0.12919404643135476,0.47699912472066064,0.12875116385436483,0.43840468034488883,0.1292509739726828,0.4751929509050391,0.12875116385436483,0.43415177334551003,0.22633186225889715,0.43051277032452084,0.12875116385436483,0.4762145268949831,0.43112010787656485,0.12875116385436483,0.12899963388451086,0.46757883502499253,0.42554140618492553,0.12875116385436483,0.4894312347811869,0.12875116385436483,0.43233690383107204,0.22742277801269112,0.4366300185857972,0.12875116385436483,0.43163554351612576,0.4749672418404899,0.1290960387870078,0.43448781258846547,0.12875116385436483,0.4729317708162842,0.12875116385436483,0.4314127979002658,0.2289347832153637,0.4313223138167154,0.42912298586300274,0.22723456621010857,0.12875116385436483,0.4341587979569725,0.13154158224003779,0.42806253621927315,0.48417907528663495,0.12875116385436483,0.4352189974773783,0.22609437054675227,0.431163799179633,0.12900131110742905,0.4742387751794605,0.1290960387870078,0.4387523281718391,0.47673566858588273,0.12875116385436483,0.12875116385436483,0.4326341517150072,0.4819668702858848,0.12875116385436483,0.43180019049545276,0.12875116385436483,0.47267699986020706,0.12875116385436483,0.4382647340708002,0.2310721668741886,0.42815936334904886,0.43440044149756163,0.22962270101023577,0.12875116385436483,0.4490621394922955,0.43108844908144506,0.2290724358710403,0.44437381929119474,0.12875116385436483,0.467498402770001,0.12875116385436483,0.12875116385436483,0.4511793685433287,0.12875116385436483,0.12875116385436483,0.12875116385436483,0.4725656905019784,0.12875116385436483,0.12875116385436483,0.12875116385436483,0.4385020023052927,0.12875116385436483,0.12875116385436483,0.22638449834083935,0.43012890235292045,0.12875116385436483,0.12907760168267388,0.4299081516445567,0.12875116385436483,0.12875116385436483,0.22771741257443442,0.4272864888797856,0.12875116385436483,0.12875116385436483,0.12875116385436483,0.43051984243901464,0.12875116385436483,0.22867296969954176,0.3901222531836539,0.12875116385436483,0.12875116385436483,0.12875116385436483,0.38521043833316,0.12875116385436483,0.12875116385436483,0.22957127236321528,0.43836001497027605,0.12907760168267388,0.12875116385436483,0.12875116385436483,0.44063726637841233,0.22830365373452086,0.12875116385436483,0.4463510005884164,0.12875116385436483,0.12875116385436483,0.12875116385436483,0.4342761215992483
0.6444693615322366,0.6444693615322366,0.6560206506757734,0.8692770853629963,0.9679468967674678,0.7518073824520541,0.6445499897953378,0.7734469856539757,0.6444693615322366,0.7542405003254288,0.6445603726996495,0.7725311182193908,0.6444693615322366,0.7521741241654634,0.6682991726573517,0.7504145242516017,0.6444693615322366,0.7730489432268152,0.750707644849106,0.6444693615322366,0.6445145639853322,0.7686876162409254,0.7480235888908768,0.6444693615322366,0.7797922831583866,0.6444693615322366,0.7512955754415941,0.6686308486369281,0.7533769496635452,0.6444693615322366,0.7509565844137364,0.7724167764996726,0.6445321245376924,0.7523370098015639,0.6444693615322366,0.7713867411141648,0.6444693615322366,0.7508489855799119,0.669092790261228,0.7508052851046094,0.7497446062784728,0.6685735289515627,0.6444693615322366,0.7521775284655965,0.644981749226095,0.7492342244053537,0.7771029635327299,0.6444693615322366,0.752691661834447,0.6682271469058619,0.7507287402218776,0.6445148693920351,0.7720479108212991,0.6445321245376924,0.7544098805097218,0.7733132962624792,0.6444693615322366,0.6444693615322366,0.7514393340269573,0.7759739702444326,0.6444693615322366,0.7510361374006735,0.6444693615322366,0.771257957721814,0.6444693615322366,0.754172335826078,0.6697502196501499,0.7492807978051407,0.7522946526778651,0.6693038194278583,0.6444693615322366,0.7594643590242298,0.7506923598210732,0.6691349743296731,0.757158417613651,0.6444693615322366,0.7686471682186562,0.6444693615322366,0.6444693615322366,0.7605097061057788,0.6444693615322366,0.6444693615322366,0.6444693615322366,0.7712017022278052,0.6444693615322366,0.6444693615322366,0.6444693615322366,0.7542879102411304,0.6444693615322366,0.6444693615322366,0.668315144680388,0.7502293717622845,0.6444693615322366,0.6445287651801117,0.7501229364822305,0.6444693615322366,0.6444693615322366,0.6687206602358645,0.7488611556426695,0.6444693615322366,0.6444693615322366,0.6444693615322366,0.7504179362041664,0.6444693615322366,0.6690126160839501,0.7314491524422139,0.6444693615322366,0.6444693615322366,0.6444693615322366,0.7292184420606279,0.6444693615322366,0.6444693615322366,0.6692880243546996,0.7542187436484804,0.6445287651801117,0.6444693615322366,0.6444693615322366,0.7553294727894675,0.6688996541936536,0.6444693615322366,0.7581293936809561,0.6444693615322366,0.6444693615322366,0.6444693615322366,0.7522343907183549
0.8408964152537145,0.8408964152537145,0.8477801792969472,0.9679468967674678,1.0,0.9043853150413539,0.8409444495512678,0.9168332705172352,0.8408964152537145,0.905794826897343,0.8409506351882984,0.9163107778613022,0.8408964152537145,0.904597914912772,0.8550982157922656,0.9035774143682302,0.8408964152537145,0.9166062431770938,0.9037474936851094,0.8408964152537145,0.8409233445858288,0.9141136006088038,0.9021889259724071,0.8408964152537145,0.9204413200024613,0.8408964152537145,0.9040885358428907,0.8552958535310323,0.9052948311187248,0.8408964152537145,0.9038919123894495,0.9162455176877169,0.8409338062974822,0.9046923231777266,0.8408964152537145,0.9156573362488916,0.8408964152537145,0.9038294933162457,0.8555711070821181,0.9038041410328058,0.9031885838032621,0.8552616983770848,0.8408964152537145,0.9045998881433314,0.8412016750410687,0.9028922395145462,0.9189147074295255,0.8408964152537145,0.904897843904957,0.8550552968895987,0.9037597327593159,0.8409235265319764,0.9160349444946415,0.8409338062974822,0.9058928638531667,0.9167570283662121,0.8408964152537145,0.8408964152537145,0.9041719064572153,0.9182726817155058,0.8408964152537145,0.9039380590232331,0.8408964152537145,0.9155837602540274,0.8408964152537145,0.9057553702307417,0.8559628310517018,0.9029192854981827,0.9046677740267995,0.8556968488441805,0.8408964152537145,0.9088130861699553,0.9037386255422294,0.8555962425953662,0.907482119080482,0.8408964152537145,0.9140904402126983,0.8408964152537145,0.8408964152537145,0.9094157179538547,0.8408964152537145,0.8408964152537145,0.8408964152537145,0.9155516180461284,0.8408964152537145,0.8408964152537145,0.8408964152537145,0.9058222688077918,0.8408964152537145,0.8408964152537145,0.8551077332218077,0.9034699656528327,0.8408964152537145,0.8409318049567598,0.9034081927926729,0.8408964152537145,0.8408964152537145,0.8553493694546787,0.9026755634454948,0.8408964152537145,0.8408964152537145,0.8408964152537145,0.9035793942920152,0.8408964152537145,0.8555233348633057,0.8925109349315572,0.8408964152537145,0.8408964152537145,0.8408964152537145,0.8912020838204313,0.8408964152537145,0.8408964152537145,0.8556874374036674,0.9057822333555173,0.8409318049567598,0.8408964152537145,0.8408964152537145,0.9064249249819946,0.8554560255176343,0.8408964152537145,0.9080428252122421,0.8408964152537145,0.8408964152537145,0.8408964152537145,0.9046328464928285
0.4141537276137087,0.4141537276137087,0.43339466534497184,0.7518073824520541,0.9043853150413539,0.5813455860920326,0.4142895979481471,0.6130832372101798,0.4141537276137087,0.5849327712051859,0.41430709296536544,0.6117468166267162,0.4141537276137087,0.5818866174879044,0.45339881529393883,0.5792896735130052,0.4141537276137087,0.6125024844228141,0.57972247857482,0.4141537276137087,0.4142299031681448,0.6061325006043357,0.5757563587851395,0.4141537276137087,0.6223283116123405,0.4141537276137087,0.5805903451825518,0.4539334084888049,0.5836602255611004,0.4141537276137087,0.5800899863571185,0.6115799335359036,0.41425949439334847,0.5821268737395355,0.4141537276137087,0.6100762064749817,0.4141537276137087,0.5799311459159371,0.4546774842393107,0.5798666310037789,0.5783002123553962,0.4538410415729017,0.4141537276137087,0.581891639073453,0.4150167816462605,0.5775461032326689,0.618412855938891,0.4141537276137087,0.5826499030318422,0.45328268654491044,0.5797536237383412,0.4142304178173045,0.6110415127692054,0.41425949439334847,0.5851822966928699,0.6128881924907904,0.4141537276137087,0.4141537276137087,0.5808025045944643,0.61676788563016,0.4141537276137087,0.5802074179003044,0.4141537276137087,0.6098881500198028,0.4141537276137087,0.5848323463810255,0.45573548799956565,0.577614927378317,0.5820643992924561,0.45501721627256386,0.4141537276137087,0.5926171976255497,0.5796999115360753,0.4547454048507622,0.5892279122527129,0.4141537276137087,0.606073364472241,0.4141537276137087,0.4141537276137087,0.5941522388251418,0.4141537276137087,0.4141537276137087,0.4141537276137087,0.6098059993195731,0.4141537276137087,0.4141537276137087,0.4141537276137087,0.5850026165002279,0.4141537276137087,0.4141537276137087,0.4534245655035923,0.5790162470662116,0.4141537276137087,0.41425383363672125,0.5788590529483595,0.4141537276137087,0.4141537276137087,0.45407811672986,0.5769947246868568,0.4141537276137087,0.4141537276137087,0.4141537276137087,0.579294711862588,0.4141537276137087,0.4545483829682715,0.5511015190172782,0.4141537276137087,0.4141537276137087,0.4141537276137087,0.5477595743022687,0.4141537276137087,0.4141537276137087,0.4549917920699045,0.5849007181503945,0.41425383363672125,0.4141537276137087,0.4141537276137087,0.5865365768904369,0.4543664565783295,0.4141537276137087,0.5906555887898369,0.4141537276137087,0.4141537276137087,0.4141537276137087,0.5819755134108522
0.010689024589773279,0.010689024589773279,0.12919404643135476,0.6445499897953378,0.8409444495512678,0.4142895979481471,0.015116563515274047,0.45985486639314865,0.010689024589773279,0.4195437084602735,0.015595678348484108,0.45797414522755475,0.010689024589773279,0.41508394318536407,0.18648903817612617,0.4112647973590133,0.010689024589773279,0.45903794864157443,0.41190240574798814,0.010689024589773279,0.013353180518501416,0.45003997880220153,0.40604248065927423,0.010689024589773279,0.47278657464613794,0.010689024589773279,0.41317960001488946,0.1878124659993891,0.4176832020707932,0.010689024589773279,0.41244346659802567,0.45773908401190155,0.014254563078768958,0.4154364696930736,0.010689024589773279,0.4556189059229296,0.010689024589773279,0.4122096543540818,0.189641862805443,0.4121146715901104,0.40980542925183727,0.1875843522375571,0.010689024589773279,0.4150913127021302,0.02899456959104564,0.4086915884792364,0.4673261669906769,0.010689024589773279,0.4162034438319696,0.18620053116030102,0.41194827150511026,0.013369376009461977,0.456980378239458,0.014254563078768958,0.41990809436858306,0.45958056851038787,0.010689024589773279,0.010689024589773279,0.41349155223301615,0.4650250304911152,0.010689024589773279,0.41261628656174315,0.010689024589773279,0.4553534855713529,0.010689024589773279,0.4193970170147437,0.19221855196777535,0.4087933013450808,0.4153448142485081,0.19047235129416365,0.010689024589773279,0.43070298180796224,0.4118691710715144,0.18980813470388908,0.4257967455703895,0.010689024589773279,0.44995611450665207,0.010689024589773279,0.010689024589773279,0.43291720901980596,0.010689024589773279,0.010689024589773279,0.010689024589773279,0.4552375201940211,0.010689024589773279,0.010689024589773279,0.010689024589773279,0.41964571872609097,0.010689024589773279,0.010689024589773279,0.18655296157577592,0.410861753737819,0.010689024589773279,0.014086587002621736,0.4106299605837293,0.010689024589773279,0.010689024589773279,0.18816938838593086,0.407876304866072,0.010689024589773279,0.010689024589773279,0.010689024589773279,0.4112722224396123,0.010689024589773279,0.18932548976024413,0.36865147112305874,0.010689024589773279,0.010689024589773279,0.010689024589773279,0.36343720493329057,0.010689024589773279,0.010689024589773279,0.19041030318840255,0.4194968907420095,0.014086587002621736,0.010689024589773279,0.010689024589773279,0.42188334323983356,0.1888789292983559,0.010689024589773279,0.42786635947783813,0.010689024589773279,0.010689024589773279,0.010689024589773279,0.41521439528389636
0.4597334286001688,0.4597334286001688,0.47699912472066064,0.7734469856539757,0.9168332705172352,0.6130832372101798,0.45985486639314865,0.6427755336565414,0.4597334286001688,0.6164331961323726,0.45987050356017467,0.641522966981865,0.4597334286001688,0.6135883828458247,0.49508453946311465,0.611164039837156,0.4597334286001688,0.6422311977048568,0.6115680177296368,0.4597334286001688,0.4598015116823233,0.6362629651927074,0.6078669983470003,0.4597334286001688,0.6514454258002587,0.4597334286001688,0.6123781541735986,0.4955695877330039,0.6152446164021594,0.4597334286001688,0.6119110669231602,0.6413665679384629,0.4598279599066407,0.6138127154916432,0.4597334286001688,0.6399574397430385,0.4597334286001688,0.6117627955362884,0.49624484753214737,0.6117025743197416,0.6102405755216059,0.4954857750147198,0.4597334286001688,0.6135930715360212,0.4605049282851113,0.6095368529873462,0.647772543823785,0.4597334286001688,0.614301105554599,0.49497918469179236,0.6115970894111872,0.45980197166565545,0.6408619919217109,0.4598279599066407,0.6166662814823118,0.6425927156026267,0.4597334286001688,0.4597334286001688,0.6125762158820182,0.6462299293843852,0.4597334286001688,0.6120206868480197,0.4597334286001688,0.6397812304746489,0.4597334286001688,0.6163393900924694,0.4972052875277216,0.609601075418259,0.6137543809790886,0.49655321468996577,0.4597334286001688,0.6236148927781151,0.611546953166261,0.4963064947825416,0.6204464419803551,0.4597334286001688,0.6362075789844552,0.4597334286001688,0.4597334286001688,0.6250503719849567,0.4597334286001688,0.4597334286001688,0.4597334286001688,0.6397042562728311,0.4597334286001688,0.4597334286001688,0.4597334286001688,0.6164984388304746,0.4597334286001688,0.4597334286001688,0.4951079012202788,0.6109088378651607,0.4597334286001688,0.4598229003750082,0.6107621255732745,0.4597334286001688,0.4597334286001688,0.4957008995619719,0.6090223636371189,0.4597334286001688,0.4597334286001688,0.4597334286001688,0.6111687424626472,0.4597334286001688,0.49612767427677473,0.5849104875182368,0.4597334286001688,0.4597334286001688,0.4597334286001688,0.5818059390792397,0.4597334286001688,0.4597334286001688,0.4965301365133695,0.6164032554861091,0.4598229003750082,0.4597334286001688,0.4597334286001688,0.6179314716024826,0.4959625650554922,0.4597334286001688,0.6217809253660405,0.4597334286001688,0.4597334286001688,0.4597334286001688,0.6136713860869549
0.0,0.0,0.12875116385436483,0.6444693615322366,0.8408964152537145,0.4141537276137087,0.010689024589773279,0.4597334286001688,0.0,0.4194096455302939,0.011356493206141127,0.45785216221604164,0.0,0.4149483487788387,0.18618263883570862,0.41112786740442037,0.0,0.4589162745022037,0.41176570033807136,0.0,0.008003260795836449,0.4499156519968419,0.40590368726385484,0.0,0.4726687840123145,0.0,0.4130433424835573,0.18750823451012377,0.4175485038650612,0.0,0.4123069512336414,0.4576170325826373,0.00943065866244906,0.4153009974335256,0.0,0.4554962346093962,0.0,0.4120730569200426,0.18934057821836886,0.41197804079216044,0.40966798294834633,0.18727974926393665,0.0,0.4149557208510069,0.02695236267416926,0.408553745806517,0.46720685752628044,0.0,0.4160682366695505,0.18589365514239897,0.4118115822230781,0.008030253343161419,0.4568581055605783,0.00943065866244906,0.41977415526003403,0.45945905144034394,0.0,0.0,0.41335540371078067,0.4649050718008482,0.0,0.412479831803644,0.0,0.45523073630142646,0.0,0.41926290418258816,0.1919213230649926,0.4086554949498988,0.4152093102494409,0.19017238585271629,0.0,0.4305726247376554,0.4117324539731563,0.18950711514545268,0.42566478081351106,0.0,0.449831762540891,0.0,0.0,0.43278756677426133,0.0,0.0,0.0,0.45511473683908865,0.0,0.0,0.0,0.4195116904797526,0.0,0.0,0.18624666765167455,0.41072468151547575,0.0,0.009174785407919168,0.41049280642639846,0.0,0.0,0.1878657363416659,0.4077381708093723,0.0,0.0,0.0,0.4111352951035553,0.0,0.18902369960756832,0.36849791191355935,0.0,0.0,0.0,0.36328136052447346,0.0,0.0,0.19011023958705414,0.4193628118888063,0.009174785407919168,0.0,0.0,0.4217500719580367,0.1885764226617107,0.0,0.4277350769462398,0.0,0.0,0.0,0.4150788460997946
0.4194096455302939,0.4194096455302939,0.43840468034488883,0.7542405003254288,0.905794826897343,0.5849327712051859,0.4195437084602735,0.6164331961323726,0.4194096455302939,0.5884923377188838,0.41956097082828747,0.6151064620441994,0.4194096455302939,0.5854696228656523,0.45817267980403253,0.5828927882310103,0.4194096455302939,0.615856649684313,0.5833222336639134,0.4194096455302939,0.41948480763506224,0.6095331112216792,0.5793870255206429,0.4194096455302939,0.6256119145379819,0.4194096455302939,0.584183373434464,0.45870120940861375,0.5872295644329681,0.4194096455302939,0.5836868912765778,0.6149407902610183,0.4195140052643979,0.5857080246478847,0.4194096455302939,0.6134479952876318,0.4194096455302939,0.5835292824147984,0.4594368658739705,0.5834652678498448,0.5819110201765862,0.45860988928340435,0.4194096455302939,0.5854746056807778,0.4202612368069117,0.5811627859863377,0.6217244250238652,0.4194096455302939,0.5862270202800894,0.458057869859727,0.5833531371920271,0.4194853154383928,0.6144062802027506,0.4195140052643979,0.5887399502345139,0.6162395635898831,0.4194096455302939,0.4194096455302939,0.5843938904075476,0.620091263277842,0.4194096455302939,0.5838034125920148,0.4194096455302939,0.6132613082170094,0.4194096455302939,0.5883926830934204,0.46048293877407126,0.5812310735318766,0.5856460323269984,0.4597727616525088,0.4194096455302939,0.5961183269129899,0.5832998417190726,0.45950401913321276,0.5927546960032973,0.4194096455302939,0.6094744089636465,0.4194096455302939,0.4194096455302939,0.5976418097304529,0.4194096455302939,0.4194096455302939,0.4194096455302939,0.613179755874877,0.4194096455302939,0.4194096455302939,0.4194096455302939,0.5885616474428769,0.4194096455302939,0.4194096455302939,0.45819813766245393,0.5826214859505201,0.4194096455302939,0.4195084197981831,0.5824655136250468,0.4194096455302939,0.4194096455302939,0.45884427841074665,0.5806157094303718,0.4194096455302939,0.4194096455302939,0.4194096455302939,0.5828977874516094,0.4194096455302939,0.45930922370229293,0.5549310799436188,0.4194096455302939,0.4194096455302939,0.4194096455302939,0.5516170592267213,0.4194096455302939,0.4194096455302939,0.4597476243701791,0.5884605304733793,0.4195084197981831,0.4194096455302939,0.4194096455302939,0.5900838662558862,0.45912935464547766,0.4194096455302939,0.5941715433338789,0.4194096455302939,0.4194096455302939,0.4194096455302939,0.5855578325097606
0.011356493206141127,0.011356493206141127,0.1292509739726828,0.6445603726996495,0.8409506351882984,0.41430709296536544,0.015595678348484108,0.45987050356017467,0.011356493206141127,0.41956097082828747,0.01606050664947303,0.4579898525823781,0.011356493206141127,0.41510140268534795,0.18652846202597198,0.41128242876899623,0.011356493206141127,0.45905361623429364,0.4119200082550063,0.011356493206141127,0.013893240121190979,0.45005598787816536,0.4060603519257441,0.011356493206141127,0.47280174229501415,0.011356493206141127,0.4131971448716664,0.187851611425543,0.41770054621192837,0.011356493206141127,0.41246104464270217,0.4577548001743499,0.01476168214059936,0.41545391347036403,0.011356493206141127,0.45563470188475863,0.011356493206141127,0.41222724296263075,0.18968062973457422,0.41213226449320556,0.4098231271250657,0.18762354537534587,0.011356493206141127,0.41510877187318407,0.029247217845511486,0.4087093373720106,0.46734153016818486,0.011356493206141127,0.41622085348604665,0.18624001622981567,0.41196587193617573,0.013908806772532506,0.4569961228840108,0.01476168214059936,0.41992534079817034,0.45959621588303207,0.011356493206141127,0.011356493206141127,0.413509083058278,0.46504047724690445,0.011356493206141127,0.41263385680527165,0.011356493206141127,0.45536929156869377,0.011356493206141127,0.4194142858062144,0.1922567979565188,0.4088110455683179,0.4153622621112943,0.19051094878714006,0.011356493206141127,0.4307197671468981,0.4118867750830477,0.18984686759203875,0.42581373785717125,0.011356493206141127,0.4499721268215347,0.011356493206141127,0.011356493206141127,0.4329339023427944,0.011356493206141127,0.011356493206141127,0.011356493206141127,0.4552533305792035,0.011356493206141127,0.011356493206141127,0.011356493206141127,0.419662976629591,0.011356493206141127,0.011356493206141127,0.18659237188693847,0.41087940346020846,0.011356493206141127,0.014599541917533517,0.4106476208526091,0.011356493206141127,0.011356493206141127,0.18820845939035938,0.40789409126487397,0.011356493206141127,0.011356493206141127,0.011356493206141127,0.4112898535125424,0.011356493206141127,0.18936432162511133,0.3686712428643711,0.011356493206141127,0.011356493206141127,0.011356493206141127,0.36345727077496204,0.011356493206141127,0.011356493206141127,0.1904489132895558,0.4195141551596766,0.014599541917533517,0.011356493206141127,0.011356493206141127,0.42190050370577276,0.18891785318868298,0.011356493206141127,0.42788326394617576,0.011356493206141127,0.011356493206141127,0.011356493206141127,0.4152318489628761
0.45785216221604164,0.45785216221604164,0.4751929509050391,0.7725311182193908,0.9163107778613022,0.6117468166267162,0.45797414522755475,0.641522966981865,0.45785216221604164,0.6151064620441994,0.4579898525823781,0.6402669478016413,0.45785216221604164,0.6122534268882239,0.4933522065635107,0.6098220416244478,0.45785216221604164,0.6409771314935597,0.6102271953002391,0.45785216221604164,0.457920551001418,0.634992371533459,0.6065153690647338,0.45785216221604164,0.6502165739692186,0.45785216221604164,0.6110396868715517,0.4938391729915772,0.6139144525939908,0.45785216221604164,0.6105712422164391,0.6401101171866171,0.4579471179608705,0.6124784095101649,0.45785216221604164,0.6386970957393279,0.45785216221604164,0.6104225396795319,0.4945170979838236,0.6103621433135534,0.6088958860608541,0.4937550290521934,0.45785216221604164,0.612258129166192,0.45862712142379,0.6081901093911514,0.6465336836687038,0.45785216221604164,0.612968213654346,0.49324643474750124,0.6102563515595903,0.4579210130498747,0.6396041480958672,0.4579471179608705,0.6153402190706186,0.6413396454444846,0.45785216221604164,0.45785216221604164,0.6112383237967167,0.6449868491833938,0.45785216221604164,0.6106811808189679,0.45785216221604164,0.6385203990063649,0.45785216221604164,0.6150123856021166,0.49548131843973586,0.6082545194026745,0.6124199060075545,0.4948266802460444,0.45785216221604164,0.6223087207110773,0.6102060694510549,0.4945789882517753,0.6191312318892345,0.45785216221604164,0.6349368311932737,0.45785216221604164,0.45785216221604164,0.623748277574631,0.45785216221604164,0.45785216221604164,0.45785216221604164,0.6384432118200011,0.45785216221604164,0.45785216221604164,0.45785216221604164,0.6151718927804508,0.45785216221604164,0.45785216221604164,0.4933756607777842,0.609566096405156,0.45785216221604164,0.45794203571619174,0.609418956662028,0.45785216221604164,0.45785216221604164,0.4939710035678301,0.6076741164633873,0.45785216221604164,0.45785216221604164,0.45785216221604164,0.6098267579423323,0.45785216221604164,0.4943994626860087,0.5834899447771341,0.45785216221604164,0.45785216221604164,0.45785216221604164,0.5803758083320896,0.45785216221604164,0.45785216221604164,0.49480351117431653,0.6150764350972362,0.45794203571619174,0.45785216221604164,0.45785216221604164,0.6166090499159753,0.49423370209268486,0.45785216221604164,0.6204695282705228,0.45785216221604164,0.45785216221604164,0.45785216221604164,0.6123366706536887
0.0,0.0,0.12875116385436483,0.6444693615322366,0.8408964152537145,0.4141537276137087,0.010689024589773279,0.4597334286001688,0.0,0.4194096455302939,0.011356493206141127,0.45785216221604164,0.0,0.4149483487788387,0.18618263883570862,0.41112786740442037,0.0,0.4589162745022037,0.41176570033807136,0.0,0.008003260795836449,0.4499156519968419,0.40590368726385484,0.0,0.4726687840123145,0.0,0.4130433424835573,0.18750823451012377,0.4175485038650612,0.0,0.4123069512336414,0.4576170325826373,0.00943065866244906,0.4153009974335256,0.0,0.4554962346093962,0.0,0.4120730569200426,0.18934057821836886,0.41197804079216044,0.40966798294834633,0.18727974926393665,0.0,0.4149557208510069,0.02695236267416926,0.408553745806517,0.46720685752628044,0.0,0.4160682366695505,0.18589365514239897,0.4118115822230781,0.008030253343161419,0.4568581055605783,0.00943065866244906,0.41977415526003403,0.45945905144034394,0.0,0.0,0.41335540371078067,0.4649050718008482,0.0,0.412479831803644,0.0,0.45523073630142646,0.0,0.41926290418258816,0.1919213230649926,0.4086554949498988,0.4152093102494409,0.19017238585271629,0.0,0.4305726247376554,0.4117324539731563,0.18950711514545268,0.42566478081351106,0.0,0.449831762540891,0.0,0.0,0.43278756677426133,0.0,0.0,0.0,0.45511473683908865,0.0,0.0,0.0,0.4195116904797526,0.0,0.0,0.18624666765167455,0.41072468151547575,0.0,0.009174785407919168,0.41049280642639846,0.0,0.0,0.1878657363416659,0.4077381708093723,0.0,0.0,0.0,0.4111352951035553,0.0,0.18902369960756832,0.36849791191355935,0.0,0.0,0.0,0.36328136052447346,0.0,0.0,0.19011023958705414,0.4193628118888063,0.009174785407919168,0.0,0.0,0.4217500719580367,0.1885764226617107,0.0,0.4277350769462398,0.0,0.0,0.0,0.4150788460997946
0.4149483487788387,0.4149483487788387,0.43415177334551003,0.7521741241654634,0.904597914912772,0.5818866174879044,0.41508394318536407,0.6135883828458247,0.4149483487788387,0.5854696228656523,0.41510140268534795,0.6122534268882239,0.4149483487788387,0.58242701630093,0.45411994879441225,0.5798331158806969,0.4149483487788387,0.6130082660621634,0.5802654124435966,0.4149483487788387,0.4150243696143181,0.6066453055422382,0.5763039715819847,0.4149483487788387,0.6228234255206563,0.4149483487788387,0.5811322609281332,0.4546536189150956,0.5841985560921807,0.4149483487788387,0.5806324888422274,0.6120867269545298,0.4150539007512098,0.5826669918911206,0.4149483487788387,0.6105846529317032,0.4149483487788387,0.580473834804482,0.4553964130305418,0.5804093956217335,0.5788448191453297,0.4545614113522899,0.4149483487788387,0.5824320320188139,0.4158096528982896,0.5780915992736256,0.6189121974676741,0.4149483487788387,0.5831894107237608,0.45400402081418584,0.5802965210345066,0.41502488321835784,0.6115488975168275,0.4150539007512098,0.585718858866537,0.6133935516481558,0.4149483487788387,0.4149483487788387,0.5813441717573419,0.6172690123867741,0.4149483487788387,0.5807497826201922,0.4149483487788387,0.6103968035458414,0.4149483487788387,0.585369314595004,0.45645260070553195,0.5781603421966156,0.5826045904103783,0.45573556110564495,0.4149483487788387,0.5931452071233767,0.5802428719061292,0.45546421683394767,0.5897598032739734,0.4149483487788387,0.6065862350251237,0.4149483487788387,0.4149483487788387,0.5946784996727652,0.4149483487788387,0.4149483487788387,0.4149483487788387,0.6103147433257364,0.4149483487788387,0.4149483487788387,0.4149483487788387,0.585539387113406,0.4149483487788387,0.4149483487788387,0.4541456544980515,0.579560010942286,0.4149483487788387,0.415048251488782,0.5794030017531225,0.4149483487788387,0.4149483487788387,0.4547980776164491,0.5775408719067011,0.4149483487788387,0.4149483487788387,0.4149483487788387,0.579838148307844,0.4149483487788387,0.4552675338682073,0.5516792524231188,0.4149483487788387,0.4149483487788387,0.4149483487788387,0.5483415386684035,0.4149483487788387,0.4149483487788387,0.45571018057782425,0.5854376070089296,0.415048251488782,0.4149483487788387,0.4149483487788387,0.587071570711366,0.4550859206550766,0.4149483487788387,0.5911858413004971,0.4149483487788387,0.4149483487788387,0.4149483487788387,0.5825158083599459
0.18618263883570862,0.18618263883570862,0.22633186225889715,0.6682991726573517,0.8550982157922656,0.45339881529393883,0.18648903817612617,0.49508453946311465,0.18618263883570862,0.45817267980403253,0.18652846202597198,0.4933522065635107,0.18618263883570862,0.45411994879441225,0.26322288191178445,0.4506548097581824,0.18618263883570862,0.49433196377641325,0.4512329615560581,0.18618263883570862,0.18635447035824856,0.4860543197176128,0.4459249340609283,0.18618263883570862,0.5070200131726623,0.18618263883570862,0.4523914879800411,0.2641604645350413,0.45648115786434995,0.18618263883570862,0.4517236810586586,0.4931357561440309,0.1864211864038454,0.4544400540241536,0.18618263883570862,0.4911840955826654,0.18618263883570862,0.45151161054021344,0.26546186583839354,0.4514254655130987,0.44933206860678787,0.2639986236071921,0.18618263883570862,0.45412664011101944,0.18812219205722563,0.44832301732960156,0.5019752405320718,0.18618263883570862,0.4551366382897613,0.26301892570019547,0.45127455588295917,0.1863556308418702,0.49243721879432734,0.1864211864038454,0.4585041056733061,0.49483182663037845,0.18618263883570862,0.18618263883570862,0.4526745424924824,0.49985143701297235,0.18618263883570862,0.4518804431685671,0.18618263883570862,0.49093985496258224,0.18618263883570862,0.4580392696737442,0.26730527536409443,0.4484151426523108,0.45435682386449167,0.2660546936211613,0.18618263883570862,0.4683422104789004,0.45120282245299875,0.26558045467271796,0.4638661788730301,0.18618263883570862,0.4859772715594683,0.18618263883570862,0.18618263883570862,0.4703647486592199,0.18618263883570862,0.18618263883570862,0.18618263883570862,0.49083314912417103,0.18618263883570862,0.18618263883570862,0.18618263883570862,0.458265458394571,0.18618263883570862,0.18618263883570862,0.2632680929356443,0.4502894237877616,0.18618263883570862,0.18640842518570844,0.45007931387047867,0.18618263883570862,0.18618263883570862,0.26441388633792007,0.44758471765889973,0.18618263883570862,0.18618263883570862,0.18618263883570862,0.450661541628876,0.18618263883570862,0.2652363616894495,0.4123736237851116,0.18618263883570862,0.18618263883570862,0.18618263883570862,0.40774356214967605,0.18618263883570862,0.18618263883570862,0.26601035824365865,0.4581301001384166,0.18640842518570844,0.18618263883570862,0.18618263883570862,0.46030145466872163,0.26491837620442393,0.18618263883570862,0.46575338971995794,0.18618263883570862,0.18618263883570862,0.18618263883570862,0.45423839844357333
0.41112786740442037,0.41112786740442037,0.43051277032452084,0.7504145242516017,0.9035774143682302,0.5792896735130052,0.4112647973590133,0.611164039837156,0.41112786740442037,0.5828927882310103,0.41128242876899623,0.6098220416244478,0.41112786740442037,0.5798331158806969,0.4506548097581824,0.5772245716259538,0.41112786740442037,0.6105808650251362,0.5776593148525307,0.41112786740442037,0.41120463711286404,0.6041841328280722,0.5736753602309711,0.41112786740442037,0.6204473124663514,0.41112786740442037,0.5785310620075074,0.451192938948458,0.5816146065696313,0.41112786740442037,0.5780284668529202,0.6096544610166862,0.41123445908920947,0.5800744418094248,0.41112786740442037,0.6081444385636997,0.41112786740442037,0.577868915937475,0.45194192405035183,0.577804112382745,0.5762306721345815,0.4510999616104137,0.41112786740442037,0.5798381598295856,0.41199764129002275,0.57547317344141,0.6165157601380333,0.41112786740442037,0.58059979770464,0.45053791191563985,0.5776905994131609,0.411205155775497,0.6091137882731835,0.41123445908920947,0.5831434169376464,0.6109681819897562,0.41112786740442037,0.41112786740442037,0.5787441688707387,0.614863992128466,0.41112786740442037,0.5781464234843896,0.41112786740442037,0.6079555934940183,0.41112786740442037,0.5827919192253949,0.45300688404882566,0.5755423071876294,0.580011689268481,0.4522838928904897,0.41112786740442037,0.5906109082437171,0.5776366468036546,0.4520102920894046,0.5872068329614869,0.41112786740442037,0.6041247467799205,0.41112786740442037,0.41112786740442037,0.5921526119474402,0.41112786740442037,0.41112786740442037,0.41112786740442037,0.6078730982030079,0.41112786740442037,0.41112786740442037,0.41112786740442037,0.5829629423937697,0.41112786740442037,0.41112786740442037,0.45068073045822993,0.5769499197242712,0.41112786740442037,0.41122875419259436,0.5767920207316216,0.41112786740442037,0.41112786740442037,0.45133860307654877,0.5749193127415242,0.41112786740442037,0.41112786740442037,0.41112786740442037,0.5772296325492837,0.41112786740442037,0.45181197199798906,0.5489056591075654,0.41112786740442037,0.41112786740442037,0.41112786740442037,0.5455475730838714,0.41112786740442037,0.41112786740442037,0.4522583013961597,0.582860593415783,0.41122875419259436,0.41112786740442037,0.41112786740442037,0.5845036739123824,0.4516288459825472,0.41112786740442037,0.5886407529400456,0.41112786740442037,0.41112786740442037,0.41112786740442037,0.5799224076581851
0.0,0.0,0.12875116385436483,0.6444693615322366,0.8408964152537145,0.4141537276137087,0.010689024589773279,0.4597334286001688,0.0,0.4194096455302939,0.011356493206141127,0.45785216221604164,0.0,0.4149483487788387,0.18618263883570862,0.41112786740442037,0.0,0.4589162745022037,0.41176570033807136,0.0,0.008003260795836449,0.4499156519968419,0.40590368726385484,0.0,0.4726687840123145,0.0,0.4130433424835573,0.18750823451012377,0.4175485038650612,0.0,0.4123069512336414,0.4576170325826373,0.00943065866244906,0.4153009974335256,0.0,0.4554962346093962,0.0,0.4120730569200426,0.18934057821836886,0.41197804079216044,0.40966798294834633,0.18727974926393665,0.0,0.4149557208510069,0.02695236267416926,0.408553745806517,0.46720685752628044,0.0,0.4160682366695505,0.18589365514239897,0.4118115822230781,0.008030253343161419,0.4568581055605783,0.00943065866244906,0.41977415526003403,0.45945905144034394,0.0,0.0,0.41335540371078067,0.4649050718008482,0.0,0.412479831803644,0.0,0.45523073630142646,0.0,0.41926290418258816,0.1919213230649926,0.4086554949498988,0.4152093102494409,0.19017238585271629,0.0,0.4305726247376554,0.4117324539731563,0.18950711514545268,0.42566478081351106,0.0,0.449831762540891,0.0,0.0,0.43278756677426133,0.0,0.0,0.0,0.45511473683908865,0.0,0.0,0.0,0.4195116904797526,0.0,0.0,0.18624666765167455,0.41072468151547575,0.0,0.009174785407919168,0.41049280642639846,0.0,0.0,0.1878657363416659,0.4077381708093723,0.0,0.0,0.0,0.4111352951035553,0.0,0.18902369960756832,0.36849791191355935,0.0,0.0,0.0,0.36328136052447346,0.0,0.0,0.19011023958705414,0.4193628118888063,0.009174785407919168,0.0,0.0,0.4217500719580367,0.1885764226617107,0.0,0.4277350769462398,0.0,0.0,0.0,0.4150788460997946
0.4589162745022037,0.4589162745022037,0.4762145268949831,0.7730489432268152,0.9166062431770938,0.6125024844228141,0.45903794864157443,0.6422311977048568,0.4589162745022037,0.615856649684313,0.45905361623429364,0.6409771314935597,0.4589162745022037,0.6130082660621634,0.49433196377641325,0.6105808650251362,0.4589162745022037,0.6416862104535825,0.6109853534857274,0.4589162745022037,0.4589844901033696,0.6357107996694554,0.6072796414322763,0.4589162745022037,0.650911390323944,0.4589162745022037,0.6117965126168771,0.49481784399183154,0.6146665805935162,0.4589162745022037,0.6113288359281664,0.64082054500531,0.4590109897981137,0.6132328809564258,0.4589162745022037,0.6394097258596628,0.4589162745022037,0.611180377319505,0.49549425975033845,0.6111200800464557,0.6096562320772475,0.4947338876156019,0.4589162745022037,0.6130129606527677,0.4596892738613172,0.6089516175724313,0.6472341611883105,0.4589162745022037,0.6137218850777966,0.4942264281247668,0.6110144618941131,0.4589849509819114,0.6403153639349685,0.4590109897981137,0.616090026712242,0.6420481609707385,0.4589162745022037,0.4589162745022037,0.6119948241075722,0.645689713784943,0.4589162745022037,0.6114385942351612,0.4589162745022037,0.6392333048726581,0.4589162745022037,0.6157627262214098,0.49645633944201156,0.6090159214565743,0.6131744730608518,0.49580315393212465,0.4589162745022037,0.623047275694017,0.6109642623097733,0.4955560124039097,0.619874899941176,0.4589162745022037,0.6356553465193415,0.4589162745022037,0.4589162745022037,0.62448452574024,0.4589162745022037,0.4589162745022037,0.4589162745022037,0.6391562381661606,0.4589162745022037,0.4589162745022037,0.4589162745022037,0.6159219740386236,0.4589162745022037,0.4589162745022037,0.494355365634044,0.610325340308804,0.4589162745022037,0.4590059204206137,0.6101784424027157,0.4589162745022037,0.4589162745022037,0.49494938081334344,0.6084364753243806,0.4589162745022037,0.4589162745022037,0.4589162745022037,0.6105855735963562,0.4589162745022037,0.4953768860951141,0.5842932094706582,0.4589162745022037,0.4589162745022037,0.4589162745022037,0.581184498524038,0.4589162745022037,0.4589162745022037,0.4957800363317514,0.6158266715616892,0.4590059204206137,0.4589162745022037,0.4589162745022037,0.6173567978396443,0.49521149435733575,0.4589162745022037,0.6212110391905373,0.4589162745022037,0.4589162745022037,0.4589162745022037,0.6130913737495652
