0.0,0.0,0.26960689160805545,0.2165753641824567,0.8408964152537145,0.4643403512984877,0.0,0.03609450333005137,0.34912534589871264,0.2971849098253979,0.1822929867113114,0.2971210344945646,0.0,0.2941335939732742,0.181503327468292,0.295413190249385,0.0,0.34218150404878084,0.007789847685541866,0.29465162817659935,0.0,0.34528802194133495,0.282395560023433,0.0,0.2905778851521889,0.18088230278851358,0.294582654094935,0.0,0.3450780323392315,0.0,0.2847223054472424,0.3440232867852129,0.0,0.009179182814783382,0.3403585782583967,0.29292651940703013,0.0,0.0,0.3512306384142034,0.29784662897398656,0.0,0.3378909880694052,0.08864601615157243,0.29717094912111025,0.05896193615313511,0.30904209348151995,0.3503966626377787,0.0,0.29710567454121817,0.18082950882066925,0.29703759291572,0.008930132669431374,0.34867758747649696,0.29438796553684193,0.04030978011312872,0.0,0.35071653077743564,0.0,0.29695727240344016,0.0,0.3500381797505822,0.2974960714478449,0.0,0.3509614147634466,0.0,0.2972435379645396,0.18671130372427033,0.2968692452965782,0.0,0.287596498232571,0.18506622476830822,0.29393156786123353,0.297381689313296,0.18439253100680045,0.009179182814783382,0.29735238958915133,0.2971144018802102,0.182238908565554,0.0,0.0,0.2993985110340366,0.0,0.0,0.0,0.3483843083525087,0.0,0.0,0.29698835540353696,0.0,0.0,0.18139242341288025,0.2968608604658871,0.0,0.008930132669431374,0.0,0.2977376009979408,0.0,0.0,0.3493169113293991,0.0,0.0,0.0,0.29656654971923996,0.0,0.0,0.18405141858645468,0.2944798682053659,0.0,0.008907146415188685,0.2970554003144006,0.0,0.18506345050614134,0.0,0.29765815732583384,0.007816120414727828,0.0,0.0,0.2968287165248264,0.0,0.18348373678759458,0.29677245664785995,0.0,0.0,0.0,0.2964847084740635
0.0,0.0,0.26960689160805545,0.2165753641824567,0.8408964152537145,0.4643403512984877,0.0,0.03609450333005137,0.34912534589871264,0.2971849098253979,0.1822929867113114,0.2971210344945646,0.0,0.2941335939732742,0.181503327468292,0.295413190249385,0.0,0.34218150404878084,0.007789847685541866,0.29465162817659935,0.0,0.34528802194133495,0.282395560023433,0.0,0.2905778851521889,0.18088230278851358,0.294582654094935,0.0,0.3450780323392315,0.0,0.2847223054472424,0.3440232867852129,0.0,0.009179182814783382,0.3403585782583967,0.29292651940703013,0.0,0.0,0.3512306384142034,0.29784662897398656,0.0,0.3378909880694052,0.08864601615157243,0.29717094912111025,0.05896193615313511,0.30904209348151995,0.3503966626377787,0.0,0.29710567454121817,0.18082950882066925,0.29703759291572,0.008930132669431374,0.34867758747649696,0.29438796553684193,0.04030978011312872,0.0,0.35071653077743564,0.0,0.29695727240344016,0.0,0.3500381797505822,0.2974960714478449,0.0,0.3509614147634466,0.0,0.2972435379645396,0.18671130372427033,0.2968692452965782,0.0,0.287596498232571,0.18506622476830822,0.29393156786123353,0.297381689313296,0.18439253100680045,0.009179182814783382,0.29735238958915133,0.2971144018802102,0.182238908565554,0.0,0.0,0.2993985110340366,0.0,0.0,0.0,0.3483843083525087,0.0,0.0,0.29698835540353696,0.0,0.0,0.18139242341288025,0.2968608604658871,0.0,0.008930132669431374,0.0,0.2977376009979408,0.0,0.0,0.3493169113293991,0.0,0.0,0.0,0.29656654971923996,0.0,0.0,0.18405141858645468,0.2944798682053659,0.0,0.008907146415188685,0.2970554003144006,0.0,0.18506345050614134,0.0,0.29765815732583384,0.007816120414727828,0.0,0.0,0.2968287165248264,0.0,0.18348373678759458,0.29677245664785995,0.0,0.0,0.0,0.2964847084740635
0.26960689160805545,0.26960689160805545,0.38077709358560136,0.3455266783548267,0.869847336181143,0.5348081947819131,0.26960689160805545,0.2720058477370679,0.4401272323049309,0.4006108763357896,0.3252546079163124,0.40056392470200963,0.26960689160805545,0.3983730116191031,0.32481492584360305,0.39931023023374074,0.26960689160805545,0.43470259581475823,0.2697191077327462,0.39875221844962044,0.26960689160805545,0.4371245389353134,0.38986237760836434,0.26960689160805545,0.39577829269229764,0.3244700576334112,0.39870171146475875,0.26960689160805545,0.4369605713330893,0.26960689160805545,0.3915366963573072,0.43613753974551067,0.26960689160805545,0.26976269248923257,0.4332851526524273,0.3974905786345635,0.26960689160805545,0.26960689160805545,0.4417796873554904,0.401097535653391,0.26960689160805545,0.4313709462108321,0.2837656799732131,0.4006006141237786,0.2759615016231131,0.4094019741983982,0.44112466994871136,0.26960689160805545,0.4005526350158707,0.324440777399487,0.40050259759152823,0.26975435508632123,0.43977624466544973,0.39855917722160095,0.27259559825737806,0.26960689160805545,0.44137583351704973,0.26960689160805545,0.4004435715628714,0.26960689160805545,0.44084328321803556,0.40083965973709595,0.26960689160805545,0.441568174158016,0.26960689160805545,0.40065397493780697,0.3277385971283594,0.40037889020723744,0.26960689160805545,0.3936137236916655,0.32680902622904934,0.3982252070621524,0.4007555473240989,0.3264299522607929,0.26976269248923257,0.4007340036811546,0.40055904964683126,0.3252244556261079,0.26960689160805545,0.26960689160805545,0.4022407282179789,0.26960689160805545,0.26960689160805545,0.26960689160805545,0.43954643782082253,0.26960689160805545,0.26960689160805545,0.4004664130362986,0.26960689160805545,0.26960689160805545,0.3247532790760828,0.4003727295675534,0.26960689160805545,0.26975435508632123,0.26960689160805545,0.4010173185313637,0.26960689160805545,0.26960689160805545,0.4402774455818828,0.26960689160805545,0.26960689160805545,0.26960689160805545,0.4001565375423649,0.26960689160805545,0.26960689160805545,0.3262383723605378,0.3986264552228122,0.26960689160805545,0.2697535971276888,0.4005156848679894,0.26960689160805545,0.3268074632900441,0.26960689160805545,0.4009588761539977,0.26971986578932716,0.26960689160805545,0.26960689160805545,0.40034911295928277,0.26960689160805545,0.325920077548077,0.400307780753664,0.26960689160805545,0.26960689160805545,0.26960689160805545,0.40009643623471824
0.2165753641824567,0.2165753641824567,0.3455266783548267,0.3061152167904492,0.8599391116993692,0.51105410189271,0.2165753641824567,0.2195591669841668,0.4102554178237476,0.3673462389844788,0.28297197925756856,0.3672948371957711,0.2165753641824567,0.36489501532231017,0.28246526899644614,0.36592190082777476,0.2165753641824567,0.404402724907716,0.21671525839722883,0.3653105566470085,0.2165753641824567,0.4070171130674033,0.35554884482319166,0.2165753641824567,0.3620496688877528,0.28206767311734987,0.3652552145129915,0.2165753641824567,0.40684018510105374,0.2165753641824567,0.3573906473751239,0.40595194995553247,0.2165753641824567,0.21676958473141278,0.40287163832335504,0.36392774186679133,0.2165753641824567,0.2165753641824567,0.41203615623243306,0.36787895902515116,0.2165753641824567,0.4008027515694246,0.23399339175053777,0.36733500419808524,0.22444885486442456,0.37695141785808006,0.41133040436509094,0.2165753641824567,0.36728247728761665,0.28203390992451266,0.3672276957162131,0.2167591929253444,0.4098770571711398,0.36509902804634936,0.2202905272986984,0.2165753641824567,0.41160103976258317,0.2165753641824567,0.367163071681387,0.2165753641824567,0.41102717616390577,0.3675966908972541,0.2165753641824567,0.4118082768171784,0.2165753641824567,0.36739342156183996,0.285830578184995,0.36709225394121997,0.2165753641824567,0.3596732952677883,0.28476162150011874,0.3647330284372181,0.3675046151151959,0.28432543256769266,0.21676958473141278,0.36748103124562215,0.3672895000106565,0.28293723732948045,0.2165753641824567,0.2165753641824567,0.3691298823358184,0.2165753641824567,0.2165753641824567,0.2165753641824567,0.40962930412333587,0.2165753641824567,0.2165753641824567,0.36718807964104655,0.2165753641824567,0.2165753641824567,0.2823942068473716,0.3670855087247932,0.2165753641824567,0.2167591929253444,0.2165753641824567,0.3677911578460415,0.2165753641824567,0.2165753641824567,0.41041733255918567,0.2165753641824567,0.2165753641824567,0.2165753641824567,0.3668487902542291,0.2165753641824567,0.2165753641824567,0.28410492657935416,0.3651727513791119,0.2165753641824567,0.21675824819088563,0.3672420239457597,0.2165753641824567,0.2847598234009231,0.2165753641824567,0.36772718804156884,0.21671620331991656,0.2165753641824567,0.2165753641824567,0.3670596509824581,0.2165753641824567,0.2837384827792103,0.3670143958126995,0.2165753641824567,0.2165753641824567,0.2165753641824567,0.3667829783813759
0.8408964152537145,0.8408964152537145,0.869847336181143,0.8599391116993692,1.0,0.9181152931009283,0.8408964152537145,0.8414436458372452,0.8877063931596111,0.8756680074811203,0.8545255569521666,0.8756540389976621,0.8408964152537145,0.8750031912076254,0.8544106261627633,0.8752813756934915,0.8408964152537145,0.886023030243191,0.8409219276157418,0.875115705118749,0.8408964152537145,0.8867735021883011,0.8724932957350578,0.8408964152537145,0.8742348567398169,0.8543205550492536,0.8751007159682125,0.8408964152537145,0.886722638064951,0.8408964152537145,0.8729847295997111,0.8864674503323065,0.8408964152537145,0.8409318388868654,0.8855846556481551,0.8747415873507149,0.8408964152537145,0.8408964152537145,0.8882209272502043,0.8758128433860791,0.8408964152537145,0.8849936453858047,0.8441809498970705,0.87566495431778,0.8423543030223222,0.8782984017432778,0.888016874996685,0.8408964152537145,0.8756506803555034,0.8543129108423045,0.8756357949989254,0.840929942844715,0.8875972077576103,0.8750584209978751,0.8415787605683374,0.8408964152537145,0.8880951031156317,0.8408964152537145,0.8756182369358836,0.8408964152537145,0.8879292554509589,0.8757360847282936,0.8408964152537145,0.8881550225560466,0.8408964152537145,0.8756808304184198,0.8551768858615371,0.8755989981932525,0.8408964152537145,0.8735959737965103,0.8549327401825381,0.8749593518102713,0.8757110536848584,0.8548333167488428,0.8409318388868654,0.8757046429504366,0.8756525886796529,0.8545176718322635,0.8408964152537145,0.8408964152537145,0.8761534357603524,0.8408964152537145,0.8408964152537145,0.8408964152537145,0.887525739118376,0.8408964152537145,0.8408964152537145,0.8756250312681665,0.8408964152537145,0.8408964152537145,0.8543945206463915,0.8755971658659091,0.8408964152537145,0.840929942844715,0.8408964152537145,0.8757889633820045,0.8408964152537145,0.8408964152537145,0.8877531327133841,0.8408964152537145,0.8408964152537145,0.8408964152537145,0.8755328744325275,0.8408964152537145,0.8408964152537145,0.8547830996526465,0.87507838376433,0.8408964152537145,0.8409297704766109,0.8756396881654921,0.8408964152537145,0.8549323300911063,0.8408964152537145,0.8757715671332689,0.8409220999886687,0.8408964152537145,0.8408964152537145,0.8755901418378584,0.8408964152537145,0.8546997131607551,0.8755778493819987,0.8408964152537145,0.8408964152537145,0.8408964152537145,0.875515004701884
0.4643403512984877,0.4643403512984877,0.5348081947819131,0.51105410189271,0.9181152931009283,0.6489076665897816,0.4643403512984877,0.4657080080131686,0.5770839613333568,0.548644637666211,0.4979377449945558,0.5486115159225919,0.4643403512984877,0.5470678348442192,0.4976580455154454,0.5477277308467342,0.4643403512984877,0.5731169557623621,0.4644041514524237,0.5473347527628358,0.4643403512984877,0.5748857785190501,0.541107004174339,0.4643403512984877,0.5452444500396216,0.49743880745485386,0.5472991952435768,0.4643403512984877,0.574765908456321,0.4643403512984877,0.5422751528215981,0.5741644844999233,0.4643403512984877,0.4644289360799772,0.5720835153156522,0.5464471351162782,0.4643403512984877,0.4643403512984877,0.5782961108148703,0.5489880479317111,0.4643403512984877,0.5706899775101288,0.4725236408218697,0.548637398107094,0.4679801259074199,0.5548756204129072,0.5778154208030759,0.4643403512984877,0.5486035519343245,0.4974201994956445,0.5485682556312609,0.4644241947852497,0.5768267179531362,0.5471988600766284,0.4660454237767072,0.4643403512984877,0.5779997074492823,0.4643403512984877,0.5485266212515688,0.4643403512984877,0.5776090055841208,0.5488060556818398,0.4643403512984877,0.5781408606437003,0.4643403512984877,0.5486750427989463,0.49952182418244045,0.5484810009194419,0.4643403512984877,0.5437273797300093,0.49892824573316374,0.5469638276155309,0.5487467055513129,0.49868645375337445,0.4644289360799772,0.5487315051226987,0.5486080769414677,0.497918557229328,0.4643403512984877,0.4643403512984877,0.5497954511207952,0.4643403512984877,0.4643403512984877,0.4643403512984877,0.5766583317837349,0.4643403512984877,0.4643403512984877,0.5485427323113239,0.4643403512984877,0.4643403512984877,0.49761884625025676,0.5484766559331617,0.4643403512984877,0.4644241947852497,0.4643403512984877,0.5489314303918952,0.4643403512984877,0.4643403512984877,0.5771940783835827,0.4643403512984877,0.4643403512984877,0.4643403512984877,0.5483241981027408,0.4643403512984877,0.4643403512984877,0.49856431346173274,0.5472462176115017,0.4643403512984877,0.46442376375582217,0.5485774871856108,0.4643403512984877,0.4989272484970484,0.4643403512984877,0.5488901846454073,0.46440458250182826,0.4643403512984877,0.4643403512984877,0.5484599998418356,0.4643403512984877,0.49836147440866585,0.5484308504964143,0.4643403512984877,0.4643403512984877,0.4643403512984877,0.5482818212529549
0.0,0.0,0.26960689160805545,0.2165753641824567,0.8408964152537145,0.4643403512984877,0.0,0.03609450333005137,0.34912534589871264,0.2971849098253979,0.1822929867113114,0.2971210344945646,0.0,0.2941335939732742,0.181503327468292,0.295413190249385,0.0,0.34218150404878084,0.007789847685541866,0.29465162817659935,0.0,0.34528802194133495,0.282395560023433,0.0,0.2905778851521889,0.18088230278851358,0.294582654094935,0.0,0.3450780323392315,0.0,0.2847223054472424,0.3440232867852129,0.0,0.009179182814783382,0.3403585782583967,0.29292651940703013,0.0,0.0,0.3512306384142034,0.29784662897398656,0.0,0.3378909880694052,0.08864601615157243,0.29717094912111025,0.05896193615313511,0.30904209348151995,0.3503966626377787,0.0,0.29710567454121817,0.18082950882066925,0.29703759291572,0.008930132669431374,0.34867758747649696,0.29438796553684193,0.04030978011312872,0.0,0.35071653077743564,0.0,0.29695727240344016,0.0,0.3500381797505822,0.2974960714478449,0.0,0.3509614147634466,0.0,0.2972435379645396,0.18671130372427033,0.2968692452965782,0.0,0.287596498232571,0.18506622476830822,0.29393156786123353,0.297381689313296,0.18439253100680045,0.009179182814783382,0.29735238958915133,0.2971144018802102,0.182238908565554,0.0,0.0,0.2993985110340366,0.0,0.0,0.0,0.3483843083525087,0.0,0.0,0.29698835540353696,0.0,0.0,0.18139242341288025,0.2968608604658871,0.0,0.008930132669431374,0.0,0.2977376009979408,0.0,0.0,0.3493169113293991,0.0,0.0,0.0,0.29656654971923996,0.0,0.0,0.18405141858645468,0.2944798682053659,0.0,0.008907146415188685,0.2970554003144006,0.0,0.18506345050614134,0.0,0.29765815732583384,0.007816120414727828,0.0,0.0,0.2968287165248264,0.0,0.18348373678759458,0.29677245664785995,0.0,0.0,0.0,0.2964847084740635
0.03609450333005137,0.03609450333005137,0.2720058477370679,0.2195591669841668,0.8414436458372452,0.4657080080131686,0.03609450333005137,0.0510453144763606,0.35097222516871185,0.2993601806885755,0.18583002566357315,0.29929677697805485,0.03609450333005137,0.29633161502956856,0.18505549424431966,0.2976016155406873,0.03609450333005137,0.34406675826638433,0.036925531049239096,0.2968457547641675,0.03609450333005137,0.34715592699198783,0.28468552563228317,0.03609450333005137,0.29280299936521503,0.1844464565997139,0.29677729845091244,0.03609450333005137,0.3469471007820113,0.03609450333005137,0.2869934626522881,0.3458982191625278,0.03609450333005137,0.03724339527948477,0.34225415317327185,0.2951336666263437,0.03609450333005137,0.03609450333005137,0.35306616724448,0.30001702555975424,0.03609450333005137,0.3398007022517293,0.09571249895568794,0.2993463230457319,0.06913257019813468,0.3111330779348276,0.3522366723026943,0.03609450333005137,0.29928153046336137,0.18439468533783074,0.2992139517809764,0.03718279666551144,0.3505268975246142,0.2965840726280048,0.054108118102161706,0.03609450333005137,0.3525548194507689,0.03609450333005137,0.2991342249111362,0.03609450333005137,0.35188012170577404,0.29966904766135005,0.03609450333005137,0.3527983878909826,0.03609450333005137,0.2994183761220468,0.1901659870497678,0.2990468487617988,0.03609450333005137,0.2898448286580557,0.18855112651885422,0.2961311113010858,0.2995555084946195,0.18788995858252408,0.03724339527948477,0.29952642480288094,0.29929019334649964,0.18577697946613117,0.03609450333005137,0.03609450333005137,0.3015575579304579,0.03609450333005137,0.03609450333005137,0.03609450333005137,0.3502352137551837,0.03609450333005137,0.03609450333005137,0.29916507814250454,0.03609450333005137,0.03609450333005137,0.18494672503435605,0.2990385259560968,0.03609450333005137,0.03718279666551144,0.03609450333005137,0.29990879925331254,0.03609450333005137,0.03609450333005137,0.35116275243803374,0.03609450333005137,0.03609450333005137,0.03609450333005137,0.29874639445598,0.03609450333005137,0.03609450333005137,0.1875552222560639,0.29667528458000697,0.03609450333005137,0.03717728280268579,0.2992316276085899,0.03609450333005137,0.18854840365669745,0.03609450333005137,0.2998299400780645,0.036931082498761224,0.03609450333005137,0.03609450333005137,0.2990066198243091,0.03609450333005137,0.1869982025028613,0.2989507762923382,0.03609450333005137,0.03609450333005137,0.03609450333005137,0.29866515995305726
0.34912534589871264,0.34912534589871264,0.4401272323049309,0.4102554178237476,0.8877063931596111,0.5770839613333568,0.34912534589871264,0.35097222516871185,0.4918936508473134,0.45724451343329653,0.393451581393816,0.45720375851081213,0.34912534589871264,0.45530319308025724,0.3930905404070651,0.456115922328781,0.34912534589871264,0.4870988076141202,0.34921159229871745,0.45563197876230743,0.34912534589871264,0.4892381699168696,0.44794301774062845,0.34912534589871264,0.45305537843315025,0.3928074612731474,0.45558818336838586,0.34912534589871264,0.48909326172102296,0.34912534589871264,0.44938810941791224,0.4883660549146247,0.34912534589871264,0.34924509427265804,0.4858478048052295,0.45453836545809906,0.34912534589871264,0.34912534589871264,0.49335648202643323,0.45766700572882707,0.34912534589871264,0.4841596269685826,0.3601170202381412,0.45723560554469833,0.3540315789916534,0.4648937740300965,0.49277650710674553,0.34912534589871264,0.4571939590045563,0.3927834314089364,0.4571505270012615,0.3492386854554701,0.4915830723555674,0.455464596428175,0.35142724594723895,0.34912534589871264,0.4929988769747837,0.34912534589871264,0.45709929453103526,0.34912534589871264,0.492527406999936,0.45744311705575597,0.34912534589871264,0.49316918342195776,0.34912534589871264,0.4572819247869358,0.395494119714979,0.45704315537410034,0.34912534589871264,0.45118276577174393,0.39472918960674425,0.45517506038402356,0.45737009732887624,0.39441744742363843,0.34924509427265804,0.45735139539541225,0.45719952693002364,0.3934268172680243,0.34912534589871264,0.34912534589871264,0.4586599138460899,0.34912534589871264,0.34912534589871264,0.34912534589871264,0.49137974836724363,0.34912534589871264,0.34912534589871264,0.4571191199088574,0.34912534589871264,0.34912534589871264,0.39303993185194763,0.4570378084500802,0.34912534589871264,0.3492386854554701,0.34912534589871264,0.4575973575414705,0.34912534589871264,0.34912534589871264,0.49202658430679636,0.34912534589871264,0.34912534589871264,0.34912534589871264,0.4568501833398093,0.34912534589871264,0.34912534589871264,0.3942599387714233,0.45552292982038806,0.34912534589871264,0.349238102829718,0.45716188651460965,0.34912534589871264,0.39472790405068986,0.34912534589871264,0.4575466171381337,0.3492121749700324,0.34912534589871264,0.34912534589871264,0.45701731136389934,0.34912534589871264,0.39399831383260603,0.4569814393860097,0.34912534589871264,0.34912534589871264,0.34912534589871264,0.4567980276435044
0.2971849098253979,0.2971849098253979,0.4006108763357896,0.3673462389844788,0.8756680074811203,0.548644637666211,0.2971849098253979,0.2993601806885755,0.45724451343329653,0.4194609465802129,0.3483833641586321,0.419416224967969,0.2971849098253979,0.4173298702975211,0.34797364244777124,0.41822224155948323,0.2971849098253979,0.4520420356426405,0.2972865874253546,0.4176909098203101,0.2971849098253979,0.4543642254701182,0.4092349026423149,0.2971849098253979,0.4148602583595928,0.347652323111093,0.417642820856355,0.2971849098253979,0.45420698222943157,0.2971849098253979,0.4108262247279198,0.45341776688071206,0.2971849098253979,0.2973260810209619,0.4506834033951895,0.41648982809390156,0.2971849098253979,0.2971849098253979,0.4588301945848169,0.41992451768494665,0.2971849098253979,0.44884913003412363,0.3100702378383836,0.4194511717456228,0.3029542234477471,0.4278421927712405,0.45820159617226863,0.2971849098253979,0.41940547156488034,0.3476250442369331,0.4193578113303712,0.29731852613658005,0.4569077623088947,0.4175071132589462,0.2998954531106833,0.2971849098253979,0.4584426218231927,0.2971849098253979,0.4193015901757039,0.2971849098253979,0.45793157863572054,0.4196788700275903,0.2971849098253979,0.4586272053168532,0.2971849098253979,0.41950199855724535,0.35069940123745585,0.4192399832410972,0.2971849098253979,0.4128011342318973,0.34983242315462343,0.4171891548663419,0.41959874905672734,0.3494789628536379,0.2973260810209619,0.41957822796842614,0.4194115814846625,0.3483552642330006,0.2971849098253979,0.2971849098253979,0.42101366204085905,0.2971849098253979,0.2971849098253979,0.2971849098253979,0.45668728693418353,0.2971849098253979,0.2971849098253979,0.4193233461552612,0.2971849098253979,0.2971849098253979,0.3479162019683645,0.41923411547187844,0.2971849098253979,0.29731852613658005,0.2971849098253979,0.41984810295437236,0.2971849098253979,0.2971849098253979,0.4573886396112411,0.2971849098253979,0.2971849098253979,0.2971849098253979,0.41902820586412826,0.2971849098253979,0.2971849098253979,0.34930034744398153,0.4175711684759322,0.2971849098253979,0.2973178393192405,0.41937027680447164,0.2971849098253979,0.349830965716202,0.2971849098253979,0.4197924316353074,0.29728727431602964,0.2971849098253979,0.2971849098253979,0.4192116216440709,0.2971849098253979,0.34900362129979723,0.4191722547255469,0.2971849098253979,0.2971849098253979,0.2971849098253979,0.41897096474881507
0.1822929867113114,0.1822929867113114,0.3252546079163124,0.28297197925756856,0.8545255569521666,0.4979377449945558,0.1822929867113114,0.18583002566357315,0.393451581393816,0.3483833641586321,0.2577300133558672,0.34832906816057313,0.1822929867113114,0.34579318514638346,0.25717301444152413,0.34687851705301104,0.1822929867113114,0.38733147410784585,0.18245925889178852,0.3462324184264069,0.1822929867113114,0.3900662548545652,0.3358989512110404,0.1822929867113114,0.3427840988815333,0.25673581536733325,0.3461739241968643,0.1822929867113114,0.3898812276488864,0.1822929867113114,0.33785111855557837,0.38895222623701187,0.1822929867113114,0.18252381693574943,0.3857291621486445,0.3447705460418466,0.1822929867113114,0.1822929867113114,0.3953121965911792,0.34894603018920145,0.1822929867113114,0.3835631732873083,0.20269060951122778,0.3483714968620594,0.1915858085817228,0.35851512506500016,0.3945748688909347,0.1822929867113114,0.34831601219549624,0.25669868329387197,0.34825814497922325,0.18251146847154906,0.39305616102708335,0.346008836561417,0.18669405480356918,0.1822929867113114,0.3948576252877206,0.1822929867113114,0.3481898796878834,0.1822929867113114,0.39425804130528097,0.34864790597139744,0.1822929867113114,0.39507413331984126,0.1822929867113114,0.3484332026443859,0.2608685332481724,0.3481150701857898,0.1822929867113114,0.340268912751641,0.25969564639768183,0.345621947501609,0.34855065250208805,0.2592167945669045,0.18252381693574943,0.3485257420127207,0.3483234304140551,0.25769182997802126,0.1822929867113114,0.1822929867113114,0.35026692178293195,0.1822929867113114,0.1822929867113114,0.1822929867113114,0.39279722034863346,0.1822929867113114,0.1822929867113114,0.34821629688385325,0.1822929867113114,0.1822929867113114,0.2570948833227994,0.34810794468088435,0.1822929867113114,0.18251146847154906,0.1822929867113114,0.3488532995691394,0.1822929867113114,0.1822929867113114,0.393620787158705,0.1822929867113114,0.1822929867113114,0.1822929867113114,0.34785787111859506,0.1822929867113114,0.1822929867113114,0.258974664807969,0.34608676241645253,0.1822929867113114,0.18251034584237144,0.3482732803571094,0.1822929867113114,0.2596936727331227,0.1822929867113114,0.3487857367648465,0.18246038183598035,0.1822929867113114,0.1822929867113114,0.3480806289715279,0.1822929867113114,0.2585722017228311,0.34803282161675775,0.1822929867113114,0.1822929867113114,0.1822929867113114,0.3477883431348308
0.2971210344945646,0.2971210344945646,0.40056392470200963,0.3672948371957711,0.8756540389976621,0.5486115159225919,0.2971210344945646,0.29929677697805485,0.45720375851081213,0.419416224967969,0.34832906816057313,0.41937149828201725,0.2971210344945646,0.41728490581461997,0.3479192806007596,0.41817737905058444,0.2971210344945646,0.4520007695065198,0.29722273428941404,0.4176459866422423,0.2971210344945646,0.45432318878419053,0.40918899461671276,0.2971210344945646,0.41481500958520373,0.3475979095189729,0.4175978921804054,0.2971210344945646,0.45416593007145817,0.2971210344945646,0.41078050486872564,0.45337663692571123,0.2971210344945646,0.2972622365019599,0.45064200205570126,0.4164447672535118,0.2971210344945646,0.2971210344945646,0.45878959346513976,0.4198798486074545,0.2971210344945646,0.44880754501855624,0.31000906199670897,0.4194064490244992,0.30289158447266845,0.42779840503693073,0.45816093419258824,0.2971210344945646,0.4193607436587987,0.347570626247623,0.41931307801585915,0.2972546799693823,0.4568669746037395,0.4174621690617002,0.2998321644282159,0.2971210344945646,0.4584019831964218,0.2971210344945646,0.41925685047984224,0.2971210344945646,0.45789089046872794,0.4196341731249079,0.2971210344945646,0.4585865845598974,0.2971210344945646,0.41945728160152057,0.3506454746981129,0.41919523655079066,0.2971210344945646,0.41275564604915554,0.349778358860717,0.4171441742672322,0.419554043072123,0.3494248422108834,0.2972622365019599,0.4195335196571962,0.4193668542718474,0.3483009637235575,0.2971210344945646,0.2971210344945646,0.4209691159787382,0.2971210344945646,0.2971210344945646,0.2971210344945646,0.4566464777429753,0.2971210344945646,0.2971210344945646,0.4192786089289837,0.2971210344945646,0.2971210344945646,0.3478618308778775,0.4191893681152866,0.2971210344945646,0.2972546799693823,0.2971210344945646,0.4198034252243393,0.2971210344945646,0.2971210344945646,0.4573478987065728,0.2971210344945646,0.2971210344945646,0.2971210344945646,0.4189834351157666,0.2971210344945646,0.2971210344945646,0.3492461982848022,0.4175262316060229,0.2971210344945646,0.2972539930022007,0.4193255449046358,0.2971210344945646,0.34977690119017335,0.2971210344945646,0.41974774759973704,0.29722342132997676,0.2971210344945646,0.2971210344945646,0.4191668717331483,0.2971210344945646,0.3489494247058326,0.41912750034363677,0.2971210344945646,0.2971210344945646,0.2971210344945646,0.4189261874940303
0.0,0.0,0.26960689160805545,0.2165753641824567,0.8408964152537145,0.4643403512984877,0.0,0.03609450333005137,0.34912534589871264,0.2971849098253979,0.1822929867113114,0.2971210344945646,0.0,0.2941335939732742,0.181503327468292,0.295413190249385,0.0,0.34218150404878084,0.007789847685541866,0.29465162817659935,0.0,0.34528802194133495,0.282395560023433,0.0,0.2905778851521889,0.18088230278851358,0.294582654094935,0.0,0.3450780323392315,0.0,0.2847223054472424,0.3440232867852129,0.0,0.009179182814783382,0.3403585782583967,0.29292651940703013,0.0,0.0,0.3512306384142034,0.29784662897398656,0.0,0.3378909880694052,0.08864601615157243,0.29717094912111025,0.05896193615313511,0.30904209348151995,0.3503966626377787,0.0,0.29710567454121817,0.18082950882066925,0.29703759291572,0.008930132669431374,0.34867758747649696,0.29438796553684193,0.04030978011312872,0.0,0.35071653077743564,0.0,0.29695727240344016,0.0,0.3500381797505822,0.2974960714478449,0.0,0.3509614147634466,0.0,0.2972435379645396,0.18671130372427033,0.2968692452965782,0.0,0.287596498232571,0.18506622476830822,0.29393156786123353,0.297381689313296,0.18439253100680045,0.009179182814783382,0.29735238958915133,0.2971144018802102,0.182238908565554,0.0,0.0,0.2993985110340366,0.0,0.0,0.0,0.3483843083525087,0.0,0.0,0.29698835540353696,0.0,0.0,0.18139242341288025,0.2968608604658871,0.0,0.008930132669431374,0.0,0.2977376009979408,0.0,0.0,0.3493169113293991,0.0,0.0,0.0,0.29656654971923996,0.0,0.0,0.18405141858645468,0.2944798682053659,0.0,0.008907146415188685,0.2970554003144006,0.0,0.18506345050614134,0.0,0.29765815732583384,0.007816120414727828,0.0,0.0,0.2968287165248264,0.0,0.18348373678759458,0.29677245664785995,0.0,0.0,0.0,0.2964847084740635
0.2941335939732742,0.2941335939732742,0.3983730116191031,0.36489501532231017,0.8750031912076254,0.5470678348442192,0.2941335939732742,0.29633161502956856,0.45530319308025724,0.4173298702975211,0.34579318514638346,0.41728490581461997,0.2941335939732742,0.41518716769901665,0.34538030005377945,0.41608442061366707,0.2941335939732742,0.45007627366906267,0.2942363423336895,0.4155501845681789,0.2941335939732742,0.4524094342127318,0.407047023147889,0.2941335939732742,0.4127039453972815,0.3450564948240073,0.4155018324110593,0.2941335939732742,0.45225145123078003,0.2941335939732742,0.4086473558227596,0.45145851623789696,0.2941335939732742,0.294276251637892,0.44871117656709114,0.41434251255886095,0.2941335939732742,0.2941335939732742,0.4568962269373082,0.4177959561364862,0.2941335939732742,0.44686812015239336,0.30714907255235047,0.41732004238257137,0.29996253653964006,0.42575581277597685,0.45626471908969146,0.2941335939732742,0.4172740940057077,0.34502900470146275,0.4172261748772946,0.29426861723946385,0.4549648747006346,0.4153653817794762,0.29687243544073433,0.2941335939732742,0.45650686114156347,0.2941335939732742,0.4171696482558477,0.2941335939732742,0.4559934496421676,0.417548976548067,0.2941335939732742,0.4566922989078833,0.2941335939732742,0.4173711451746778,0.34812696943989413,0.41710770650566215,0.2941335939732742,0.410633358648276,0.34725337452895333,0.41504568074468096,0.4174684208427683,0.3468972074913335,0.294276251637892,0.4174477883830766,0.41728023711112555,0.34576486849669,0.2941335939732742,0.2941335939732742,0.4188909888199134,0.2941335939732742,0.2941335939732742,0.2941335939732742,0.45474337212436594,0.2941335939732742,0.2941335939732742,0.41719152245121854,0.2941335939732742,0.2941335939732742,0.34532241551127424,0.41710180684213916,0.2941335939732742,0.29426861723946385,0.2941335939732742,0.41771912722903576,0.2941335939732742,0.2941335939732742,0.455447989409124,0.2941335939732742,0.2941335939732742,0.2941335939732742,0.41689477749277043,0.2941335939732742,0.2941335939732742,0.34671722226166585,0.41542978777057227,0.2941335939732742,0.29426792319327455,0.41723870806997526,0.2941335939732742,0.3472519059405843,0.2941335939732742,0.4176631540778872,0.29423703645549315,0.2941335939732742,0.2941335939732742,0.4170791907413801,0.2941335939732742,0.34641821749654844,0.417039609801465,0.2941335939732742,0.2941335939732742,0.2941335939732742,0.41683722491964575
0.181503327468292,0.181503327468292,0.32481492584360305,0.28246526899644614,0.8544106261627633,0.4976580455154454,0.181503327468292,0.18505549424431966,0.3930905404070651,0.34797364244777124,0.25717301444152413,0.3479192806007596,0.181503327468292,0.34538030005377945,0.25661479588152386,0.346466962986534,0.181503327468292,0.38696444962369986,0.181670323968736,0.3458200729632839,0.181503327468292,0.3897019257416614,0.33547355135887374,0.181503327468292,0.3423674812338344,0.2561766358134478,0.34576150694520125,0.181503327468292,0.38951671728821435,0.181503327468292,0.33742824374094155,0.38858680341995827,0.181503327468292,0.18173516288561795,0.3853605418603251,0.3443563994543393,0.181503327468292,0.181503327468292,0.3949529404733547,0.3485369897113199,0.181503327468292,0.383192375983734,0.20198091906121854,0.3479617607604901,0.19083469738637035,0.35811735685908946,0.394214907333678,0.181503327468292,0.34790620879877215,0.25613942197176875,0.34784827137576374,0.18172276071232246,0.39269473869375104,0.34559621657617867,0.18592313145291486,0.181503327468292,0.39449793454741966,0.181503327468292,0.3477799232336021,0.181503327468292,0.39389777586971764,0.3482385048098108,0.181503327468292,0.3947146497020027,0.181503327468292,0.3480235413592058,0.2603183102899486,0.3477050229024984,0.181503327468292,0.33984912655708066,0.2591429101858525,0.34520885167493526,0.3481411335511879,0.25866302580502365,0.18173516288561795,0.3481161928811546,0.34791363601578407,0.2571347476212222,0.181503327468292,0.181503327468292,0.34985947230475595,0.181503327468292,0.181503327468292,0.181503327468292,0.39243554790381013,0.181503327468292,0.181503327468292,0.3478063724947447,0.181503327468292,0.181503327468292,0.2565364932626939,0.3476978887443011,0.181503327468292,0.18172276071232246,0.181503327468292,0.3484441469649556,0.181503327468292,0.181503327468292,0.39325990913761916,0.181503327468292,0.181503327468292,0.181503327468292,0.3474475112747861,0.181503327468292,0.181503327468292,0.25842037250220473,0.34567423815008946,0.181503327468292,0.18172163319996096,0.3478634251186306,0.181503327468292,0.25914093227320617,0.181503327468292,0.3483765024303643,0.18167145180022742,0.181503327468292,0.181503327468292,0.3476705398592999,0.181503327468292,0.25801703704603796,0.3476226744292364,0.181503327468292,0.181503327468292,0.181503327468292,0.347377898721266
0.295413190249385,0.295413190249385,0.39931023023374074,0.36592190082777476,0.8752813756934915,0.5477277308467342,0.295413190249385,0.2976016155406873,0.456115922328781,0.41822224155948323,0.34687851705301104,0.41817737905058444,0.295413190249385,0.41608442061366707,0.346466962986534,0.41697962379304526,0.295413190249385,0.4508992578955777,0.295515486946861,0.4164466072186636,0.295413190249385,0.45322781533320994,0.40796324719241206,0.295413190249385,0.4136069133287588,0.346144203737278,0.41639836557281806,0.295413190249385,0.4530701427266429,0.295413190249385,0.409559795760605,0.4522787684090478,0.295413190249385,0.2955552208996627,0.4495368734164013,0.4152417024173708,0.295413190249385,0.295413190249385,0.45770587139720154,0.41868727154410634,0.295413190249385,0.44769750243921475,0.3083737898975359,0.4182124359313532,0.3012169847290495,0.42662941917619035,0.4570755841772862,0.295413190249385,0.4181665917645165,0.346116802501578,0.41811878133792013,0.2955476200412821,0.4557782614939922,0.41626222693196174,0.29814009606871744,0.295413190249385,0.4573172578514308,0.295413190249385,0.41806238297300075,0.295413190249385,0.4568048399620917,0.41844085118843066,0.295413190249385,0.4575023372153482,0.295413190249385,0.41826342284774803,0.3492048344109438,0.41800058180222954,0.295413190249385,0.4115411400103586,0.3483340233764236,0.4159432576145744,0.418360478014071,0.34797899516179803,0.2955552208996627,0.4183398923156797,0.4181727209362859,0.34685029159157044,0.295413190249385,0.295413190249385,0.41977983195545493,0.295413190249385,0.295413190249385,0.295413190249385,0.4555571898841828,0.295413190249385,0.295413190249385,0.4180842075330049,0.295413190249385,0.295413190249385,0.34640926528994054,0.4179946955302163,0.295413190249385,0.2955476200412821,0.295413190249385,0.4186106165351658,0.295413190249385,0.295413190249385,0.4562604374957898,0.295413190249385,0.295413190249385,0.295413190249385,0.4177881363295809,0.295413190249385,0.295413190249385,0.34779958627133967,0.4163264856372896,0.295413190249385,0.2955469290443142,0.41813128609758066,0.295413190249385,0.34833255947921316,0.295413190249385,0.41855477011303327,0.2955161780184753,0.295413190249385,0.295413190249385,0.41797213076840256,0.295413190249385,0.3475015402238513,0.41793263969006317,0.295413190249385,0.295413190249385,0.295413190249385,0.4177307145294229
0.0,0.0,0.26960689160805545,0.2165753641824567,0.8408964152537145,0.4643403512984877,0.0,0.03609450333005137,0.34912534589871264,0.2971849098253979,0.1822929867113114,0.2971210344945646,0.0,0.2941335939732742,0.181503327468292,0.295413190249385,0.0,0.34218150404878084,0.007789847685541866,0.29465162817659935,0.0,0.34528802194133495,0.282395560023433,0.0,0.2905778851521889,0.18088230278851358,0.294582654094935,0.0,0.3450780323392315,0.0,0.2847223054472424,0.3440232867852129,0.0,0.009179182814783382,0.3403585782583967,0.29292651940703013,0.0,0.0,0.3512306384142034,0.29784662897398656,0.0,0.3378909880694052,0.08864601615157243,0.29717094912111025,0.05896193615313511,0.30904209348151995,0.3503966626377787,0.0,0.29710567454121817,0.18082950882066925,0.29703759291572,0.008930132669431374,0.34867758747649696,0.29438796553684193,0.04030978011312872,0.0,0.35071653077743564,0.0,0.29695727240344016,0.0,0.3500381797505822,0.2974960714478449,0.0,0.3509614147634466,0.0,0.2972435379645396,0.18671130372427033,0.2968692452965782,0.0,0.287596498232571,0.18506622476830822,0.29393156786123353,0.297381689313296,0.18439253100680045,0.009179182814783382,0.29735238958915133,0.2971144018802102,0.182238908565554,0.0,0.0,0.2993985110340366,0.0,0.0,0.0,0.3483843083525087,0.0,0.0,0.29698835540353696,0.0,0.0,0.18139242341288025,0.2968608604658871,0.0,0.008930132669431374,0.0,0.2977376009979408,0.0,0.0,0.3493169113293991,0.0,0.0,0.0,0.29656654971923996,0.0,0.0,0.18405141858645468,0.2944798682053659,0.0,0.008907146415188685,0.2970554003144006,0.0,0.18506345050614134,0.0,0.29765815732583384,0.007816120414727828,0.0,0.0,0.2968287165248264,0.0,0.18348373678759458,0.29677245664785995,0.0,0.0,0.0,0.2964847084740635
0.34218150404878084,0.34218150404878084,0.43470259581475823,0.404402724907716,0.886023030243191,0.5731169557623621,0.34218150404878084,0.34406675826638433,0.4870988076141202,0.4520420356426405,0.38733147410784585,0.4520007695065198,0.34218150404878084,0.45007627366906267,0.38696444962369986,0.4508992578955777,0.34218150404878084,0.4822505432769732,0.3422695514154069,0.45040921188027594,0.34218150404878084,0.48441385062217573,0.4426217144040414,0.34218150404878084,0.44779992530506646,0.38667667170785625,0.45036486366354217,0.34218150404878084,0.4842673261401491,0.34218150404878084,0.44408555606380257,0.4835319958858839,0.34218150404878084,0.3423037527288319,0.48098545544728427,0.4493017656263324,0.34218150404878084,0.34218150404878084,0.48857776182294405,0.452469822743701,0.34218150404878084,0.4792781721078164,0.3533958557503243,0.4520330160239312,0.3471888116837341,0.4597858369017411,0.4879914041880493,0.34218150404878084,0.45199084706704157,0.38665224267848236,0.451946870159848,0.34229721014055037,0.4867847955777591,0.45023971619250025,0.344531172502504,0.34218150404878084,0.4882162227663582,0.34218150404878084,0.4518949948015735,0.34218150404878084,0.4877395588086066,0.452243129311018,0.34218150404878084,0.4883884033499225,0.34218150404878084,0.4520799161981594,0.38940766707924623,0.4518381510380508,0.34218150404878084,0.44590334768855555,0.38863017218097257,0.4499465212216313,0.45216919430338653,0.38831329598744047,0.3423037527288319,0.4521502579048907,0.4519964848418091,0.38730629990319104,0.34218150404878084,0.34218150404878084,0.4534751401620419,0.34218150404878084,0.34218150404878084,0.34218150404878084,0.4865792217932145,0.34218150404878084,0.34218150404878084,0.45191506897234734,0.34218150404878084,0.34218150404878084,0.38691300149993013,0.451832736996371,0.34218150404878084,0.34229721014055037,0.34218150404878084,0.4523993023019391,0.34218150404878084,0.34218150404878084,0.4872332095775396,0.34218150404878084,0.34218150404878084,0.34218150404878084,0.4516427558228659,0.34218150404878084,0.34218150404878084,0.38815319041966634,0.45029878625383374,0.34218150404878084,0.34229661535342476,0.45195837220011037,0.34218150404878084,0.38862886546925457,0.34218150404878084,0.45234792629134646,0.34227014625086966,0.34218150404878084,0.34218150404878084,0.4518119826060539,0.34218150404878084,0.3878872475803294,0.4517756602704301,0.34218150404878084,0.34218150404878084,0.34218150404878084,0.4515899448863476
