0.0,0.0,0.1237385415002298,0.17009352250694385,0.46611303090940365,0.5596999458133404,0.49162810759995246,0.055219949409718465,0.5362229155598729,0.4852013689158976,0.3860173810778377,0.3662271418142659,0.4852572145092719,0.0,0.5360762359218383,0.0,0.009291350260991791,0.4804307935439943,0.538540284814702,0.0,0.4814191762429868,0.0,0.5274763962703563,0.009291350260991791,0.4742525652594752,0.5557581314442174,0.0,0.482663401725129,0.2174380682948847,0.4881590351106454,0.0,0.48222953784047845,0.218960330014236,0.4844766575459478,0.4856188007236577,0.2186975322980774,0.0,0.0,0.8408964152537145,0.0,0.4814340318141737,0.0,0.5307878840622395,0.0,0.4862886592891622,0.0,0.5305221344667991,0.4973159988099936,0.0,0.5368971302117365,0.010624009751046467,0.4813435734016654,0.009322687123472992,0.5361842186147593,0.0,0.49104062313612534,0.22126602856118152,0.48578689319196877,0.4830215834560102,0.2203885740003715,0.4930533556864331,0.0,0.32698307872252774,0.4134468917933672,0.48068131450456614,0.0,0.5444437440740212,0.0,0.47730415565732437,0.0,0.5386281406719435,0.004614178849442484,0.017111963375361215,0.50379802231104,0.53419328178912,0.0,0.4980508569592428,0.35749156605673243,0.37687166727021026,0.0,0.0,0.5063600896255885,0.0,0.0,0.5340426320242737,0.0,0.0,0.0,0.0,0.49044488578518236,0.0,0.2165216712268473,0.47995960237279617,0.010651426587582018,0.0,0.0,0.4797697200189385,0.0,0.21601970901984466,0.4764103541785555,0.0,0.0,0.48050648738155183,0.0,0.0,0.21931491459415345,0.010624009751046467,0.4295784516272742,0.0,0.0,0.42353872697096917,0.0,0.2207667515050348,0.0,0.490763688444012,0.0,0.0,0.0,0.49313371173325204,0.21894896861090232,0.0,0.5004053125017147,0.0,0.0,0.0
0.0,0.0,0.1237385415002298,0.17009352250694385,0.46611303090940365,0.5596999458133404,0.49162810759995246,0.055219949409718465,0.5362229155598729,0.4852013689158976,0.3860173810778377,0.3662271418142659,0.4852572145092719,0.0,0.5360762359218383,0.0,0.009291350260991791,0.4804307935439943,0.538540284814702,0.0,0.4814191762429868,0.0,0.5274763962703563,0.009291350260991791,0.4742525652594752,0.5557581314442174,0.0,0.482663401725129,0.2174380682948847,0.4881590351106454,0.0,0.48222953784047845,0.218960330014236,0.4844766575459478,0.4856188007236577,0.2186975322980774,0.0,0.0,0.8408964152537145,0.0,0.4814340318141737,0.0,0.5307878840622395,0.0,0.4862886592891622,0.0,0.5305221344667991,0.4973159988099936,0.0,0.5368971302117365,0.010624009751046467,0.4813435734016654,0.009322687123472992,0.5361842186147593,0.0,0.49104062313612534,0.22126602856118152,0.48578689319196877,0.4830215834560102,0.2203885740003715,0.4930533556864331,0.0,0.32698307872252774,0.4134468917933672,0.48068131450456614,0.0,0.5444437440740212,0.0,0.47730415565732437,0.0,0.5386281406719435,0.004614178849442484,0.017111963375361215,0.50379802231104,0.53419328178912,0.0,0.4980508569592428,0.35749156605673243,0.37687166727021026,0.0,0.0,0.5063600896255885,0.0,0.0,0.5340426320242737,0.0,0.0,0.0,0.0,0.49044488578518236,0.0,0.2165216712268473,0.47995960237279617,0.010651426587582018,0.0,0.0,0.4797697200189385,0.0,0.21601970901984466,0.4764103541785555,0.0,0.0,0.48050648738155183,0.0,0.0,0.21931491459415345,0.010624009751046467,0.4295784516272742,0.0,0.0,0.42353872697096917,0.0,0.2207667515050348,0.0,0.490763688444012,0.0,0.0,0.0,0.49313371173325204,0.21894896861090232,0.0,0.5004053125017147,0.0,0.0,0.0
0.1237385415002298,0.1237385415002298,0.174982466629888,0.2103169800318982,0.4818520353292416,0.5725101395119013,0.5064850785238193,0.1354992281923783,0.549696229511674,0.5002735805298641,0.405132373129104,0.3863670321102454,0.5003275365515061,0.1237385415002298,0.5495538203744098,0.1237385415002298,0.12408684727066323,0.49566569652793846,0.5519463501204126,0.1237385415002298,0.496620163368144,0.1237385415002298,0.5412073375752272,0.12408684727066323,0.4897020081833107,0.5686769570776702,0.1237385415002298,0.49782185003672824,0.2501357141982975,0.5031316395176043,0.1237385415002298,0.4974027998357728,0.25145899346287526,0.4995734212967485,0.5006768965287889,0.25123038792089897,0.1237385415002298,0.1237385415002298,0.8472606232480293,0.1237385415002298,0.49663451001799114,0.1237385415002298,0.544420565065294,0.1237385415002298,0.501324143055689,0.1237385415002298,0.5441626680955762,0.511986097367221,0.1237385415002298,0.5503508361947548,0.12419373135171062,0.49654715090953305,0.1240891973612787,0.5496586590457166,0.1237385415002298,0.505917086818393,0.2534675162656261,0.5008393101920641,0.4981678179727305,0.25270256247193545,0.5078631871033029,0.1237385415002298,0.3494693990086158,0.43128200308730935,0.49590761054849686,0.1237385415002298,0.557680331932444,0.1237385415002298,0.49264707979483896,0.1237385415002298,0.5520316645609639,0.12382453229502764,0.12491601563203807,0.5182591352726157,0.5477258364093239,0.1237385415002298,0.5126970532398839,0.3781149456577414,0.3964487431491786,0.1237385415002298,0.1237385415002298,0.5207397295957544,0.1237385415002298,0.1237385415002298,0.5475795966496109,0.1237385415002298,0.1237385415002298,0.1237385415002298,0.1237385415002298,0.5053411532027049,0.1237385415002298,0.24934018868078425,0.49521071294618024,0.1241960794188716,0.1237385415002298,0.1237385415002298,0.49502736911295825,0.1237385415002298,0.24890478375914948,0.4917843647774353,0.1237385415002298,0.1237385415002298,0.49573878906653257,0.1237385415002298,0.1237385415002298,0.2517675483918774,0.12419373135171062,0.44672617684567145,0.1237385415002298,0.1237385415002298,0.4409386435659231,0.1237385415002298,0.25303216418101276,0.1237385415002298,0.5056493534366098,0.1237385415002298,0.1237385415002298,0.1237385415002298,0.507940891714455,0.2514491089040693,0.1237385415002298,0.5149752910644592,0.1237385415002298,0.1237385415002298,0.1237385415002298
0.17009352250694385,0.17009352250694385,0.2103169800318982,0.2404982128331292,0.49538988199343037,0.5836166962067574,0.5192986032190183,0.1788285163457519,0.5613596613056228,0.5132645099767346,0.4213737611254446,0.4034062163976034,0.5133169103910824,0.17009352250694385,0.561220826814001,0.17009352250694385,0.17034699686933055,0.5087904423926363,0.5635534712002692,0.17009352250694385,0.5097170325975896,0.17009352250694385,0.553086146308209,0.17034699686933055,0.5030028497166393,0.5798749837627831,0.17009352250694385,0.5108837404063366,0.2759691541286449,0.5160405227004229,0.17009352250694385,0.5104768730731624,0.2771679858804501,0.5125845605945247,0.5136562042301546,0.2769607997287486,0.17009352250694385,0.17009352250694385,0.85280047729037,0.17009352250694385,0.5097309608677979,0.17009352250694385,0.5562172933193973,0.17009352250694385,0.5142848302122218,0.17009352250694385,0.5559659589101257,0.5246452641725143,0.17009352250694385,0.5619978530964961,0.17042484721691925,0.5096461496328866,0.17034870824899395,0.5613230337797571,0.17009352250694385,0.5187466948049131,0.2789897350237048,0.5138139419473505,0.5112196621487237,0.27829561626427207,0.5206378034549084,0.17009352250694385,0.36829219584420314,0.4465117643323191,0.5090252830535954,0.17009352250694385,0.5691453759399439,0.17009352250694385,0.5058605424723337,0.17009352250694385,0.5636366568514765,0.17015606990189067,0.17095175305115812,0.5307453135870538,0.5594388424341108,0.17009352250694385,0.5253364543062408,0.3955265915891458,0.41305119992495504,0.17009352250694385,0.17009352250694385,0.5331583648211329,0.17009352250694385,0.17009352250694385,0.5592962919246409,0.17009352250694385,0.17009352250694385,0.17009352250694385,0.17009352250694385,0.518187097596037,0.17009352250694385,0.2752489843047004,0.5083487767168775,0.17042655781353022,0.17009352250694385,0.17009352250694385,0.5081708049639564,0.17009352250694385,0.2748549962400695,0.505023338817179,0.17009352250694385,0.17009352250694385,0.5088613972012519,0.17009352250694385,0.17009352250694385,0.2774476830405243,0.17042484721691925,0.4614057995888379,0.17009352250694385,0.17009352250694385,0.4558206470520051,0.17009352250694385,0.27859465193503175,0.17009352250694385,0.5184865521610256,0.17009352250694385,0.17009352250694385,0.17009352250694385,0.5207133190181668,0.27715902677762494,0.17009352250694385,0.5275516310777348,0.17009352250694385,0.17009352250694385,0.17009352250694385
0.46611303090940365,0.46611303090940365,0.4818520353292416,0.49538988199343037,0.6512629840905745,0.715616502119578,0.6683896640012751,0.4692938892878574,0.6991088890590306,0.6640421102590415,0.6002382056499979,0.5884020365843967,0.6640797941330716,0.46611303090940365,0.6990064141759288,0.46611303090940365,0.4662034146795341,0.6608292240404974,0.7007290146202091,0.46611303090940365,0.6614938607418623,0.46611303090940365,0.6930136807770408,0.4662034146795341,0.6566869809701774,0.712830797033491,0.46611303090940365,0.6623312991884609,0.5129993865964624,0.6660401979784327,0.46611303090940365,0.6620391867786465,0.5136243136391532,0.6635532366554509,0.6643238282789892,0.5135161782928599,0.46611303090940365,0.46611303090940365,0.918609509911599,0.46611303090940365,0.6615038544412759,0.46611303090940365,0.6953176452267292,0.46611303090940365,0.6647761001899876,0.46611303090940365,0.6951325809257983,0.6722553208990496,0.46611303090940365,0.6995800269731117,0.4662311977117405,0.661443002768841,0.4662040253151829,0.699081853350383,0.46611303090940365,0.6679913411560352,0.5145775179458858,0.6644372975764508,0.6625725334487206,0.5142138247910173,0.6693567463657025,0.46611303090940365,0.5660212167331193,0.617186239765103,0.6609976357603995,0.46611303090940365,0.7048657789114889,0.46611303090940365,0.6587302755883108,0.46611303090940365,0.7007904786261964,0.466135323290742,0.46641952480833837,0.6766805349613214,0.6976916951750917,0.46611303090940365,0.67275595142587,0.5832900781800306,0.5947254527432585,0.46611303090940365,0.46611303090940365,0.6784353069418558,0.46611303090940365,0.46611303090940365,0.6975865703145063,0.46611303090940365,0.46611303090940365,0.46611303090940365,0.46611303090940365,0.6675876063584764,0.46611303090940365,0.5126248752101752,0.6605125613096088,0.46623180830739896,0.46611303090940365,0.46611303090940365,0.6603849860223201,0.46611303090940365,0.5124202750375484,0.6581312577104648,0.46611303090940365,0.46611303090940365,0.660880105280573,0.46611303090940365,0.46611303090940365,0.5137703824231951,0.4662311977117405,0.6274230409962249,0.46611303090940365,0.46611303090940365,0.6235682115788383,0.46611303090940365,0.5143704325227407,0.46611303090940365,0.6678036378101468,0.46611303090940365,0.46611303090940365,0.46611303090940365,0.6694113021038833,0.5136196365207706,0.46611303090940365,0.6743617706528755,0.46611303090940365,0.46611303090940365,0.46611303090940365
0.5596999458133404,0.5596999458133404,0.5725101395119013,0.5836166962067574,0.715616502119578,0.7713575308265698,0.7304168597249314,0.5622795883171584,0.7570318205641827,0.7266567653763244,0.671770696649498,0.6616683742090237,0.726689348794716,0.5596999458133404,0.7569429286222512,0.5596999458133404,0.5597731791348439,0.7238793018792391,0.7584372735921974,0.5596999458133404,0.7244537719920886,0.5596999458133404,0.7517455592809322,0.5597731791348439,0.7203001314017294,0.7689393055130767,0.5596999458133404,0.7251776702616428,0.5981749481928477,0.7283846211476805,0.5596999458133404,0.7249251538310401,0.5986937650536902,0.7262340737912228,0.7269003569350476,0.5986039803889209,0.5596999458133404,0.5596999458133404,0.945000761206027,0.5596999458133404,0.7244624102889048,0.5596999458133404,0.7537434896650466,0.5596999458133404,0.7272914379424277,0.5596999458133404,0.7535829954733112,0.7337617612021573,0.5596999458133404,0.7574405168212487,0.5597956910887478,0.7244098118383043,0.5597736739149083,0.757008368356582,0.5596999458133404,0.7300722795477039,0.5994853951081315,0.7269984721794601,0.7253862121060163,0.59918331101725,0.7312535267330892,0.5596999458133404,0.642654406951854,0.6862854065303482,0.7240248617392663,0.5596999458133404,0.7620264925876314,0.5596999458133404,0.7220654273750785,0.5596999458133404,0.7584905960669095,0.5597180078176813,0.559948298022906,0.7375925594454554,0.755802524771544,0.5596999458133404,0.7341950547183166,0.6573148222197646,0.6670617515850534,0.5596999458133404,0.5596999458133404,0.7391121031026634,0.5596999458133404,0.5596999458133404,0.7557113422436231,0.5596999458133404,0.5596999458133404,0.5596999458133404,0.5596999458133404,0.7297230338669038,0.5596999458133404,0.5978640963582746,0.7236056157928603,0.5597961858445871,0.5596999458133404,0.5596999458133404,0.723495357852307,0.5596999458133404,0.5976942960672852,0.7215478583439545,0.5596999458133404,0.5596999458133404,0.7239232786896784,0.5596999458133404,0.5596999458133404,0.5988150526319884,0.5597956910887478,0.6950776940791566,0.5596999458133404,0.5596999458133404,0.6917647385943936,0.5596999458133404,0.5993133837087327,0.5596999458133404,0.7299099071006572,0.5596999458133404,0.5596999458133404,0.5596999458133404,0.7313007281409527,0.5986898815582941,0.5596999458133404,0.7355850409803719,0.5596999458133404,0.5596999458133404,0.5596999458133404
0.49162810759995246,0.49162810759995246,0.5064850785238193,0.5192986032190183,0.6683896640012751,0.7304168597249314,0.6848827648403711,0.49462704110803635,0.7144937631233002,0.6806948224780148,0.6193475053051746,0.6079968676400394,0.680731119466659,0.49162810759995246,0.7143949367450515,0.49162810759995246,0.491713295466198,0.6776004056048526,0.7160562419039738,0.49162810759995246,0.6782404981932174,0.49162810759995246,0.7086160610593003,0.491713295466198,0.6736115747971511,0.72772938586378,0.49162810759995246,0.6790470387336462,0.5360088232244621,0.6826194570182555,0.49162810759995246,0.6787657005540753,0.5366026667228461,0.6802239464539959,0.6809661738483509,0.536499906061422,0.49162810759995246,0.49162810759995246,0.9257691615670012,0.49162810759995246,0.6782501229871881,0.49162810759995246,0.7108376886080152,0.49162810759995246,0.6814018101137558,0.49162810759995246,0.7106592324327643,0.6886071461947665,0.49162810759995246,0.7149481302031521,0.4917394816454093,0.6781915176491492,0.49171387100346653,0.7144676899645828,0.49162810759995246,0.6844990331458325,0.5375085641684099,0.6810754686588506,0.6792793781383997,0.5371629059213153,0.685814448230277,0.49162810759995246,0.586566893184737,0.6356186587894485,0.6777625962747607,0.49162810759995246,0.7200461095177578,0.49162810759995246,0.6755790970795988,0.49162810759995246,0.7161155202365247,0.49164911831102187,0.49191698837341524,0.6928713422730038,0.7131270513329578,0.49162810759995246,0.6890895233382534,0.6030981561634257,0.6140595034088108,0.49162810759995246,0.49162810759995246,0.6945624647194052,0.49162810759995246,0.49162810759995246,0.7130256732618091,0.49162810759995246,0.49162810759995246,0.49162810759995246,0.49162810759995246,0.6841100943333748,0.49162810759995246,0.5356529660838495,0.677295443638032,0.4917400571482292,0.49162810759995246,0.49162810759995246,0.6771725835423165,0.49162810759995246,0.5354585652850129,0.6750022731113329,0.49162810759995246,0.49162810759995246,0.6776494071839212,0.49162810759995246,0.49162810759995246,0.5367414779985311,0.4917394816454093,0.645456051362292,0.49162810759995246,0.49162810759995246,0.6417508441369448,0.49162810759995246,0.537311745494985,0.49162810759995246,0.6843182078846619,0.49162810759995246,0.49162810759995246,0.49162810759995246,0.6858670081358609,0.5365982220389225,0.49162810759995246,0.6906368577930523,0.49162810759995246,0.49162810759995246,0.49162810759995246
0.055219949409718465,0.055219949409718465,0.1354992281923783,0.1788285163457519,0.4692938892878574,0.5622795883171584,0.49462704110803635,0.07809261984372699,0.5389379854022444,0.4882446247944973,0.3899024572141484,0.37032875680819105,0.4883000810869712,0.055219949409718465,0.5387921791637218,0.055219949409718465,0.05599617477973623,0.48350758148602174,0.5412416031520471,0.055219949409718465,0.48448897164645527,0.055219949409718465,0.5302441850912614,0.05599617477973623,0.4773736125732796,0.5583599336214593,0.055219949409718465,0.48572442840544333,0.22433217917505938,0.49118177416183745,0.055219949409718465,0.4852936179277614,0.22580774908649912,0.4875249721271922,0.4886591484647699,0.2255529680783988,0.055219949409718465,0.055219949409718465,0.8421755364243939,0.055219949409718465,0.48450372230056565,0.055219949409718465,0.5335355585723047,0.055219949409718465,0.4893243489144166,0.055219949409718465,0.5332714161229155,0.5002764885371004,0.055219949409718465,0.5396081900557064,0.05623265823024296,0.484413902831547,0.05600138295114188,0.5388995188422002,0.055219949409718465,0.49404356870692967,0.22804388605689327,0.48882607104231,0.4860800927859971,0.2271927411192917,0.496042588332317,0.055219949409718465,0.3315858875268145,0.41706342549053665,0.4837563278170792,0.055219949409718465,0.547110424104736,0.055219949409718465,0.48040322240662775,0.055219949409718465,0.5413289394000576,0.05541239354035544,0.05781055795749334,0.5067155592255641,0.5369204689381315,0.055219949409718465,0.5010064319145991,0.36169581761066993,0.3808542017247161,0.055219949409718465,0.055219949409718465,0.5092608927525819,0.055219949409718465,0.055219949409718465,0.5367707213374,0.055219949409718465,0.055219949409718465,0.055219949409718465,0.055219949409718465,0.493451907808251,0.055219949409718465,0.2234441903103236,0.4830397322938971,0.056237844500609036,0.055219949409718465,0.055219949409718465,0.48285119824766265,0.055219949409718465,0.22295788563538654,0.4795158345444293,0.055219949409718465,0.055219949409718465,0.483582738964579,0.055219949409718465,0.055219949409718465,0.22615154584129574,0.05623265823024296,0.43305156924220933,0.055219949409718465,0.055219949409718465,0.427064398134233,0.055219949409718465,0.2275595550201023,0.055219949409718465,0.49376852798833737,0.055219949409718465,0.055219949409718465,0.055219949409718465,0.49612239880368253,0.22579673388828814,0.055219949409718465,0.5033452193103335,0.055219949409718465,0.055219949409718465,0.055219949409718465
0.5362229155598729,0.5362229155598729,0.549696229511674,0.5613596613056228,0.6991088890590306,0.7570318205641827,0.7144937631233002,0.5389379854022444,0.7421488365943464,0.7105857083549955,0.6534842611966122,0.6429583385063953,0.7106195753811051,0.5362229155598729,0.7420564845948497,0.5362229155598729,0.5363000071034401,0.7076987302630785,0.7436089895661696,0.5362229155598729,0.7082958677018649,0.5362229155598729,0.7366567092725852,0.5363000071034401,0.7039781348533608,0.7545195372390624,0.5362229155598729,0.7090483172861735,0.5766248183736318,0.7123815967432401,0.5362229155598729,0.7087858428624221,0.577168376786893,0.7101463626762567,0.7108388954543674,0.5770743125675355,0.5362229155598729,0.5362229155598729,0.9383835624419866,0.5362229155598729,0.7083048467815647,0.5362229155598729,0.7387324727952995,0.5362229155598729,0.7112453788738934,0.5362229155598729,0.7385657275456508,0.7179700210048933,0.5362229155598729,0.7425734404360036,0.5363237049159363,0.7082501732796059,0.5363005279477657,0.742124471530595,0.5362229155598729,0.7141356372547978,0.5779977010965139,0.7109408752380758,0.7092650817635374,0.5776812411205047,0.7153633091269901,0.5362229155598729,0.6231288983617059,0.6685975061393451,0.7078500344066495,0.5362229155598729,0.7473378555205419,0.5362229155598729,0.7058132270961736,0.5362229155598729,0.7436643871180812,0.5362419292165126,0.5364843487124211,0.7219509788722244,0.7408716866924507,0.5362229155598729,0.718420313113774,0.6384202698708368,0.6485786331384026,0.5362229155598729,0.5362229155598729,0.7235300102713125,0.5362229155598729,0.5362229155598729,0.7407769541930451,0.5362229155598729,0.5362229155598729,0.5362229155598729,0.5362229155598729,0.7137726597504349,0.5362229155598729,0.5762991281963602,0.7074142420979519,0.5363242257331023,0.5362229155598729,0.5362229155598729,0.7072996318455784,0.5362229155598729,0.576121218040112,0.7052752033522314,0.5362229155598729,0.5362229155598729,0.7077444426052688,0.5362229155598729,0.5362229155598729,0.5772954440795621,0.5363237049159363,0.6777472789636256,0.5362229155598729,0.5362229155598729,0.6743000352542854,0.5362229155598729,0.5778175050746963,0.5362229155598729,0.7139668809064309,0.5362229155598729,0.5362229155598729,0.5362229155598729,0.7154123649779413,0.5771643082045015,0.5362229155598729,0.7198648048896915,0.5362229155598729,0.5362229155598729,0.5362229155598729
0.4852013689158976,0.4852013689158976,0.5002735805298641,0.5132645099767346,0.6640421102590415,0.7266567653763244,0.6806948224780148,0.4882446247944973,0.7105857083549955,0.6764666423347572,0.6145025542382323,0.6030306160951089,0.6765032888735023,0.4852013689158976,0.7104859591300037,0.4852013689158976,0.4852878221337137,0.673342371803352,0.7121627694043687,0.4852013689158976,0.6739886485156916,0.4852013689158976,0.7046530063950966,0.4852878221337137,0.6693148976180233,0.7239444103680235,0.4852013689158976,0.6748029747225996,0.5301957788187387,0.6784097919597044,0.4852013689158976,0.6745189215669143,0.5307972781623871,0.6759912303373905,0.6767406065465111,0.5306931936491046,0.4852013689158976,0.4852013689158976,0.9239588320543713,0.4852013689158976,0.6739983662623715,0.4852013689158976,0.7068954503484656,0.4852013689158976,0.6771804358773112,0.4852013689158976,0.7067153233367957,0.6844548348556965,0.4852013689158976,0.7110443175370106,0.4853143971986499,0.6739391949194455,0.4852884062185496,0.7105593917296306,0.4852013689158976,0.6803074115935139,0.5317148291828464,0.6768509535298435,0.6750375555892837,0.5313647279391238,0.6816354324473533,0.4852013689158976,0.5813637099653244,0.6309431559205305,0.67350612988342,0.4852013689158976,0.7161898058871606,0.4852013689158976,0.6713015041463088,0.4852013689158976,0.7122226006664502,0.48522269174754046,0.48549453911613555,0.6887596589283497,0.7092062285053599,0.4852013689158976,0.684941816739764,0.598078695663048,0.6091583767467688,0.4852013689158976,0.4852013689158976,0.6904668465629481,0.4852013689158976,0.4852013689158976,0.7091039028553437,0.4852013689158976,0.4852013689158976,0.4852013689158976,0.4852013689158976,0.6799147421021383,0.4852013689158976,0.529835327643248,0.673034461876722,0.4853149812477521,0.4852013689158976,0.4852013689158976,0.6729104138368676,0.4852013689158976,0.529638415169744,0.670719089902734,0.4852013689158976,0.4852013689158976,0.67339184696496,0.4852013689158976,0.4852013689158976,0.5309378771008674,0.4853143971986499,0.64088071697719,0.4852013689158976,0.4852013689158976,0.637137970198517,0.4852013689158976,0.5315154811986152,0.4852013689158976,0.6801248520630104,0.4852013689158976,0.4852013689158976,0.4852013689158976,0.6816884956706359,0.5307927762263335,0.4852013689158976,0.6865039066511702,0.4852013689158976,0.4852013689158976,0.4852013689158976
0.3860173810778377,0.3860173810778377,0.405132373129104,0.4213737611254446,0.6002382056499979,0.671770696649498,0.6193475053051746,0.3899024572141484,0.6534842611966122,0.6145025542382323,0.5428551262835261,0.5294223589044648,0.6145445659555198,0.3860173810778377,0.6533706337845726,0.3860173810778377,0.38612793648016003,0.6109195938407281,0.6552805151787314,0.3860173810778377,0.6116609640560149,0.3860173810778377,0.6467230919625836,0.38612793648016003,0.6062969806556747,0.6686871264965072,0.3860173810778377,0.6125949535180923,0.44226039747710805,0.6167297136796281,0.3860173810778377,0.6122691792615718,0.44299710706035855,0.6139575088911715,0.6148166193807137,0.4428696502012096,0.3860173810778377,0.3860173810778377,0.8969827497968242,0.3860173810778377,0.6116721108326094,0.3860173810778377,0.649279420462927,0.3860173810778377,0.6153207874942562,0.3860173810778377,0.6490741141096336,0.6236522908254027,0.3860173810778377,0.6540066551479896,0.3861619181467569,0.6116042377420943,0.3861286833635743,0.6534542832842595,0.3860173810778377,0.6189037685198197,0.44412025097396274,0.6149431127194197,0.6128639731547217,0.44369179764602357,0.6204247175906846,0.3860173810778377,0.5038646168141242,0.5620019538965454,0.6111074578589127,0.3860173810778377,0.6598653951817295,0.3860173810778377,0.6085776984879903,0.3860173810778377,0.6553486540249053,0.3860446495052455,0.38639223891859914,0.6285767279715871,0.6519127010914764,0.3860173810778377,0.6242095821417328,0.5236038203042925,0.5366053850903676,0.3860173810778377,0.3860173810778377,0.63052847155838,0.3860173810778377,0.3860173810778377,0.6517961143556749,0.3860173810778377,0.3860173810778377,0.3860173810778377,0.3860173810778377,0.6184539706935838,0.3860173810778377,0.4418187552794728,0.6105663388282185,0.38616266496146595,0.3860173810778377,0.3860173810778377,0.6104240154104466,0.3860173810778377,0.4415774359728832,0.6079091716256451,0.3860173810778377,0.3860173810778377,0.6109763527242346,0.3860173810778377,0.3860173810778377,0.4431692613599046,0.3861619181467569,0.573522165906505,0.3860173810778377,0.3860173810778377,0.5691877425008294,0.3860173810778377,0.44387630343319123,0.3860173810778377,0.6186946536910187,0.3860173810778377,0.3860173810778377,0.3860173810778377,0.6204854805980695,0.4429915944205454,0.3860173810778377,0.6259968285372454,0.3860173810778377,0.3860173810778377,0.3860173810778377
0.3662271418142659,0.3662271418142659,0.3863670321102454,0.4034062163976034,0.5884020365843967,0.6616683742090237,0.6079968676400394,0.37032875680819105,0.6429583385063953,0.6030306160951089,0.5294223589044648,0.5155783069451736,0.6030736846935657,0.3662271418142659,0.6428420435174109,0.3662271418142659,0.36634392050182496,0.5993571868371032,0.6447967008991302,0.3662271418142659,0.6001173308963546,0.3662271418142659,0.6360376135659386,0.36634392050182496,0.5946168595136192,0.6585141274537977,0.3662271418142659,0.6010749312956094,0.4252346013922269,0.6053136809686992,0.3662271418142659,0.6007409267032656,0.42600296904137136,0.6024718510051079,0.6033525799501033,0.4258700422449252,0.3662271418142659,0.3662271418142659,0.8919398636406878,0.3662271418142659,0.6001287597262884,0.3662271418142659,0.6386544688038894,0.3662271418142659,0.6038694174075919,0.3662271418142659,0.6384443104918159,0.6124084671555448,0.3662271418142659,0.643492990482554,0.36637981430348,0.6000591691036306,0.36634470941576625,0.6429276568619339,0.3662271418142659,0.6075420696075913,0.42717418472655355,0.6034822531737467,0.6013507432967151,0.4267274204232065,0.6091008922203964,0.3662271418142659,0.48918852926860906,0.5491285263333338,0.5995498108790015,0.3662271418142659,0.6494885487336447,0.3662271418142659,0.5969557977165979,0.3662271418142659,0.6448664348210771,0.3662559455492813,0.36662308609317,0.6174540254576524,0.6413498421740924,0.3662271418142659,0.6129795219955293,0.509576318528747,0.5229833199140056,0.3662271418142659,0.3662271418142659,0.6194534684080717,0.3662271418142659,0.3662271418142659,0.6412305117322262,0.3662271418142659,0.3662271418142659,0.3662271418142659,0.3662271418142659,0.6070810496039898,0.3662271418142659,0.42477393265025915,0.5989949761909577,0.36638060313730536,0.3662271418142659,0.3662271418142659,0.5988490427772885,0.3662271418142659,0.42452220166290405,0.5962702341591494,0.3662271418142659,0.3662271418142659,0.5994153840489888,0.3662271418142659,0.3662271418142659,0.42618250676186864,0.36637981430348,0.5609716008977906,0.3662271418142659,0.3662271418142659,0.5565168315264996,0.3662271418142659,0.42691981562263787,0.3662271418142659,0.6073277387281651,0.3662271418142659,0.3662271418142659,0.3662271418142659,0.6091631659691247,0.42599721988311534,0.3662271418142659,0.6148108104893266,0.3662271418142659,0.3662271418142659,0.3662271418142659
0.4852572145092719,0.4852572145092719,0.5003275365515061,0.5133169103910824,0.6640797941330716,0.726689348794716,0.680731119466659,0.4883000810869712,0.7106195753811051,0.6765032888735023,0.6145445659555198,0.6030736846935657,0.676539932375433,0.4852572145092719,0.7105198341641706,0.4852572145092719,0.48534365661154877,0.6733792777193659,0.7121965098953925,0.4852572145092719,0.6740255006997584,0.4852572145092719,0.7046873507313967,0.48534365661154877,0.6693521393239737,0.7239772095941023,0.4852572145092719,0.6748397592612551,0.5302462431341949,0.6784462776491065,0.4852572145092719,0.6745557296942838,0.5308476754655765,0.6760279162840511,0.6767772303855625,0.5307436025398794,0.4852572145092719,0.4852572145092719,0.9239745460251025,0.4852572145092719,0.6740352176388109,0.4852572145092719,0.7069296140211356,0.4852572145092719,0.6772170232885698,0.4852572145092719,0.7067495015100074,0.684490822358638,0.4852572145092719,0.7110781477523581,0.4853702282603176,0.6739760512136711,0.48534424062129866,0.710593260868434,0.4852572145092719,0.6803437405414453,0.5317651244867416,0.676887568227953,0.6750743206534789,0.5314150621300991,0.6816716518971268,0.4852572145092719,0.5814088446828726,0.6309836922263269,0.6735430221805673,0.4852572145092719,0.7162232238807144,0.4852572145092719,0.6713385800141596,0.4852572145092719,0.7122563363596509,0.4852785345990692,0.48555034702919014,0.68879529359357,0.7092402063293559,0.4852572145092719,0.6849777642496789,0.5981222280559144,0.6092008778435947,0.4852572145092719,0.4852572145092719,0.690502341723319,0.4852572145092719,0.4852572145092719,0.7091378889023793,0.4852572145092719,0.4852572145092719,0.4852572145092719,0.4852572145092719,0.679951103457076,0.4852572145092719,0.5298858321720461,0.6730713934071075,0.48537081223434525,0.4852572145092719,0.4852572145092719,0.6729473556892014,0.4852572145092719,0.5296889416846222,0.6707562143476136,0.4852572145092719,0.4852572145092719,0.6734287487661152,0.4852572145092719,0.4852572145092719,0.5309882587569003,0.4853702282603176,0.6409203816192327,0.4852572145092719,0.4852572145092719,0.6371779614645916,0.4852572145092719,0.5315657986400453,0.4852572145092719,0.6801611960758304,0.4852572145092719,0.4852572145092719,0.4852572145092719,0.681724710748524,0.5308431740306452,0.4852572145092719,0.6865397260118916,0.4852572145092719,0.4852572145092719,0.4852572145092719
0.0,0.0,0.1237385415002298,0.17009352250694385,0.46611303090940365,0.5596999458133404,0.49162810759995246,0.055219949409718465,0.5362229155598729,0.4852013689158976,0.3860173810778377,0.3662271418142659,0.4852572145092719,0.0,0.5360762359218383,0.0,0.009291350260991791,0.4804307935439943,0.538540284814702,0.0,0.4814191762429868,0.0,0.5274763962703563,0.009291350260991791,0.4742525652594752,0.5557581314442174,0.0,0.482663401725129,0.2174380682948847,0.4881590351106454,0.0,0.48222953784047845,0.218960330014236,0.4844766575459478,0.4856188007236577,0.2186975322980774,0.0,0.0,0.8408964152537145,0.0,0.4814340318141737,0.0,0.5307878840622395,0.0,0.4862886592891622,0.0,0.5305221344667991,0.4973159988099936,0.0,0.5368971302117365,0.010624009751046467,0.4813435734016654,0.009322687123472992,0.5361842186147593,0.0,0.49104062313612534,0.22126602856118152,0.48578689319196877,0.4830215834560102,0.2203885740003715,0.4930533556864331,0.0,0.32698307872252774,0.4134468917933672,0.48068131450456614,0.0,0.5444437440740212,0.0,0.47730415565732437,0.0,0.5386281406719435,0.004614178849442484,0.017111963375361215,0.50379802231104,0.53419328178912,0.0,0.4980508569592428,0.35749156605673243,0.37687166727021026,0.0,0.0,0.5063600896255885,0.0,0.0,0.5340426320242737,0.0,0.0,0.0,0.0,0.49044488578518236,0.0,0.2165216712268473,0.47995960237279617,0.010651426587582018,0.0,0.0,0.4797697200189385,0.0,0.21601970901984466,0.4764103541785555,0.0,0.0,0.48050648738155183,0.0,0.0,0.21931491459415345,0.010624009751046467,0.4295784516272742,0.0,0.0,0.42353872697096917,0.0,0.2207667515050348,0.0,0.490763688444012,0.0,0.0,0.0,0.49313371173325204,0.21894896861090232,0.0,0.5004053125017147,0.0,0.0,0.0
0.5360762359218383,0.5360762359218383,0.5495538203744098,0.561220826814001,0.6990064141759288,0.7569429286222512,0.7143949367450515,0.5387921791637218,0.7420564845948497,0.7104859591300037,0.6533706337845726,0.6428420435174109,0.7105198341641706,0.5360762359218383,0.7419641110936859,0.5360762359218383,0.5361533523568421,0.7075982976754717,0.7435169774549905,0.5360762359218383,0.7081955765782108,0.5360762359218383,0.7365630775617059,0.5361533523568421,0.7038768193939837,0.7544300617091569,0.5360762359218383,0.7089482043316464,0.5764905067833832,0.7122822719046714,0.5360762359218383,0.7086856677689372,0.5770342232041784,0.7100465095479311,0.7107392060923103,0.5769401316556046,0.5360762359218383,0.5360762359218383,0.9383420869604165,0.5360762359218383,0.7082045577846077,0.5360762359218383,0.738639325011395,0.5360762359218383,0.711145785597444,0.5360762359218383,0.7384725409002596,0.7178720135173268,0.5360762359218383,0.7424811872872413,0.5361770578198353,0.7081498713329977,0.5361538733693203,0.7420321138584036,0.5360762359218383,0.7140367264101417,0.5778637882038768,0.7108412099848452,0.709165020117494,0.5775472364385159,0.7152646877547696,0.5360762359218383,0.6230074543174658,0.6684876399915508,0.7077496376694689,0.5360762359218383,0.7472467108701517,0.5360762359218383,0.7057123474085458,0.5360762359218383,0.7435723878996405,0.5360952557181407,0.5363377534643561,0.7218539070478087,0.7407790372947973,0.5360762359218383,0.7183224115704646,0.6383028114083947,0.6484637677272028,0.5360762359218383,0.5360762359218383,0.723433308991317,0.5360762359218383,0.5360762359218383,0.740684282731661,0.5360762359218383,0.5360762359218383,0.5360762359218383,0.5360762359218383,0.7136736632746788,0.5360762359218383,0.5761647218342745,0.7073137420919402,0.536177578805134,0.5360762359218383,0.5360762359218383,0.7071991046750017,0.5360762359218383,0.5759867598776968,0.7051741959671866,0.5360762359218383,0.5360762359218383,0.7076440208492988,0.5360762359218383,0.5360762359218383,0.577161327405148,0.5361770578198353,0.6776396550053776,0.5360762359218383,0.5360762359218383,0.6741915693929104,0.5360762359218383,0.5776835399244377,0.5360762359218383,0.7138679302525283,0.5360762359218383,0.5360762359218383,0.5360762359218383,0.7153137551677917,0.5770301534398341,0.5360762359218383,0.7197672430123906,0.5360762359218383,0.5360762359218383,0.5360762359218383
0.0,0.0,0.1237385415002298,0.17009352250694385,0.46611303090940365,0.5596999458133404,0.49162810759995246,0.055219949409718465,0.5362229155598729,0.4852013689158976,0.3860173810778377,0.3662271418142659,0.4852572145092719,0.0,0.5360762359218383,0.0,0.009291350260991791,0.4804307935439943,0.538540284814702,0.0,0.4814191762429868,0.0,0.5274763962703563,0.009291350260991791,0.4742525652594752,0.5557581314442174,0.0,0.482663401725129,0.2174380682948847,0.4881590351106454,0.0,0.48222953784047845,0.218960330014236,0.4844766575459478,0.4856188007236577,0.2186975322980774,0.0,0.0,0.8408964152537145,0.0,0.4814340318141737,0.0,0.5307878840622395,0.0,0.4862886592891622,0.0,0.5305221344667991,0.4973159988099936,0.0,0.5368971302117365,0.010624009751046467,0.4813435734016654,0.009322687123472992,0.5361842186147593,0.0,0.49104062313612534,0.22126602856118152,0.48578689319196877,0.4830215834560102,0.2203885740003715,0.4930533556864331,0.0,0.32698307872252774,0.4134468917933672,0.48068131450456614,0.0,0.5444437440740212,0.0,0.47730415565732437,0.0,0.5386281406719435,0.004614178849442484,0.017111963375361215,0.50379802231104,0.53419328178912,0.0,0.4980508569592428,0.35749156605673243,0.37687166727021026,0.0,0.0,0.5063600896255885,0.0,0.0,0.5340426320242737,0.0,0.0,0.0,0.0,0.49044488578518236,0.0,0.2165216712268473,0.47995960237279617,0.010651426587582018,0.0,0.0,0.4797697200189385,0.0,0.21601970901984466,0.4764103541785555,0.0,0.0,0.48050648738155183,0.0,0.0,0.21931491459415345,0.010624009751046467,0.4295784516272742,0.0,0.0,0.42353872697096917,0.0,0.2207667515050348,0.0,0.490763688444012,0.0,0.0,0.0,0.49313371173325204,0.21894896861090232,0.0,0.5004053125017147,0.0,0.0,0.0
0.009291350260991791,0.009291350260991791,0.12408684727066323,0.17034699686933055,0.4662034146795341,0.5597731791348439,0.491713295466198,0.05599617477973623,0.5363000071034401,0.4852878221337137,0.38612793648016003,0.36634392050182496,0.48534365661154877,0.009291350260991791,0.5361533523568421,0.009291350260991791,0.013139953545736384,0.4805182042858689,0.5386169844628019,0.009291350260991791,0.481506387293612,0.009291350260991791,0.5275549904879904,0.013139953545736384,0.47434124014683327,0.5558319958920798,0.009291350260991791,0.4827503623725695,0.21763626999247968,0.48824490255566666,0.009291350260991791,0.48231658568073305,0.21915714876841125,0.48456325520505733,0.4857051709073164,0.21889458843486664,0.009291350260991791,0.009291350260991791,0.840932709856841,0.009291350260991791,0.48152123986866635,0.009291350260991791,0.5308659049014668,0.009291350260991791,0.48637489647568133,0.009291350260991791,0.5306002011170136,0.497400089419992,0.009291350260991791,0.5369741074739093,0.014113779508869941,0.48143079970259184,0.013162130689377105,0.5362613167241711,0.009291350260991791,0.4911259255283345,0.22146078857713508,0.4858732299729054,0.48310847221942826,0.22058411245309273,0.49313826664882965,0.009291350260991791,0.32711430373853206,0.41354974340471473,0.4807686745661941,0.009291350260991791,0.5445194567140086,0.009291350260991791,0.477392202688541,0.009291350260991791,0.5387048255125927,0.010373998000407265,0.01947173530207618,0.5038808872597427,0.5342707186801217,0.009291350260991791,0.49813480731042364,0.35761129821362625,0.37698502231375586,0.009291350260991791,0.009291350260991791,0.5064424771568129,0.009291350260991791,0.009291350260991791,0.5341200946281656,0.009291350260991791,0.009291350260991791,0.009291350260991791,0.009291350260991791,0.4905303045441652,0.009291350260991791,0.21672071475266674,0.4800471085570975,0.014134428791155652,0.009291350260991791,0.009291350260991791,0.4798572647096392,0.009291350260991791,0.2162192166657063,0.47649858440055926,0.009291350260991791,0.009291350260991791,0.4805938828059148,0.009291350260991791,0.009291350260991791,0.21951141394974796,0.014113779508869941,0.42967719504221635,0.009291350260991791,0.009291350260991791,0.42363897532523564,0.009291350260991791,0.22096195370397176,0.009291350260991791,0.4908490449014108,0.009291350260991791,0.009291350260991791,0.009291350260991791,0.49321860712307614,0.21914579761603475,0.009291350260991791,0.500488815738722,0.009291350260991791,0.009291350260991791,0.009291350260991791
