0.0,0.0,0.10865753149761674,0.36160007801808286,0.8408964152537145,0.48884757531002226,0.31736523513920395,0.19205042224954014,0.03788806659227038,0.3107251525598088,0.3116508336262528,0.19083924683299405,0.31157275378979404,0.30837172470928836,0.0,0.19015634076776483,0.3098057103235869,0.30501221531164885,0.18763646580086007,0.30897349278009634,0.0,0.36221337617438243,0.0,0.29587835326180384,0.0,0.359749120453816,0.30918922338716903,0.0,0.0,0.3619758332305988,0.29820977488465583,0.009359895340287522,0.36082061612377236,0.009620931039072673,0.29991604318685733,0.19222660300511613,0.3070652495080148,0.0,0.3124642606414804,0.3681424809466544,0.0,0.00933580287778274,0.31145101510888307,0.19106319452876055,0.3142346749800557,0.31225212743081726,0.1926921237760635,0.31162151002743227,0.0,0.36589320776774154,0.0,0.3114601837391765,0.009359895340287522,0.3657521023124151,0.3116720916100502,0.0,0.36797475884481956,0.0,0.311413971252894,0.0,0.3675395615974109,0.0,0.31177030042317233,0.19382546032296313,0.3116211434659954,0.3115239903626023,0.19588895129237158,0.3110734133361448,0.0,0.30161313404183115,0.19404482679876703,0.3080631986336765,0.0,0.3679004737849058,0.0,0.31176993402654724,0.0,0.31171240472434,0.19095863924366988,0.0,0.3137943180075761,0.0,0.0,0.0,0.36552072396673957,0.0,0.0,0.0,0.3113130882175944,0.0,0.0,0.19019431085517038,0.31150345624151526,0.0,0.009359895340287522,0.31208122494684454,0.008164734115649356,0.0,0.0,0.36635415306163577,0.0,0.0,0.0,0.31100364369215994,0.0,0.19261598139763508,0.0,0.3086969723870377,0.0,0.0,0.31144074594100296,0.0,0.0,0.19389065589775473,0.31238746945389406,0.0,0.0,0.0,0.31116445889761224,0.1922946833116504,0.0,0.0,0.3111626235496224,0.0,0.00933580287778274
0.0,0.0,0.10865753149761674,0.36160007801808286,0.8408964152537145,0.48884757531002226,0.31736523513920395,0.19205042224954014,0.03788806659227038,0.3107251525598088,0.3116508336262528,0.19083924683299405,0.31157275378979404,0.30837172470928836,0.0,0.19015634076776483,0.3098057103235869,0.30501221531164885,0.18763646580086007,0.30897349278009634,0.0,0.36221337617438243,0.0,0.29587835326180384,0.0,0.359749120453816,0.30918922338716903,0.0,0.0,0.3619758332305988,0.29820977488465583,0.009359895340287522,0.36082061612377236,0.009620931039072673,0.29991604318685733,0.19222660300511613,0.3070652495080148,0.0,0.3124642606414804,0.3681424809466544,0.0,0.00933580287778274,0.31145101510888307,0.19106319452876055,0.3142346749800557,0.31225212743081726,0.1926921237760635,0.31162151002743227,0.0,0.36589320776774154,0.0,0.3114601837391765,0.009359895340287522,0.3657521023124151,0.3116720916100502,0.0,0.36797475884481956,0.0,0.311413971252894,0.0,0.3675395615974109,0.0,0.31177030042317233,0.19382546032296313,0.3116211434659954,0.3115239903626023,0.19588895129237158,0.3110734133361448,0.0,0.30161313404183115,0.19404482679876703,0.3080631986336765,0.0,0.3679004737849058,0.0,0.31176993402654724,0.0,0.31171240472434,0.19095863924366988,0.0,0.3137943180075761,0.0,0.0,0.0,0.36552072396673957,0.0,0.0,0.0,0.3113130882175944,0.0,0.0,0.19019431085517038,0.31150345624151526,0.0,0.009359895340287522,0.31208122494684454,0.008164734115649356,0.0,0.0,0.36635415306163577,0.0,0.0,0.0,0.31100364369215994,0.0,0.19261598139763508,0.0,0.3086969723870377,0.0,0.0,0.31144074594100296,0.0,0.0,0.19389065589775473,0.31238746945389406,0.0,0.0,0.0,0.31116445889761224,0.1922946833116504,0.0,0.0,0.3111626235496224,0.0,0.00933580287778274
0.10865753149761674,0.10865753149761674,0.1536595994832764,0.3774262853715322,0.8458167201666641,0.5004195042334308,0.3353507009487958,0.22063367769270417,0.11507324851485025,0.32908158844802393,0.3299547113887799,0.21958075122749554,0.32988105404070667,0.3268630439769922,0.10865753149761674,0.2189877891484569,0.3282146261382271,0.32369927818688604,0.21680435613069085,0.32743014897001743,0.10865753149761674,0.37801295081913855,0.10865753149761674,0.3151174833220411,0.10865753149761674,0.37565619313324183,0.3276334822260833,0.10865753149761674,0.10865753149761674,0.37778571379954967,0.3173051419426719,0.1090598947383335,0.37668078743808847,0.10908260614567922,0.31890745222241096,0.2207869735767667,0.3256322394610721,0.10865753149761674,0.3307221821966144,0.38368863120411983,0.10865753149761674,0.10905782983035141,0.32976621464015704,0.21977531635177222,0.33239330435792414,0.33052201338092646,0.22119218896358,0.32992704846523097,0.10865753149761674,0.38153464316019625,0.10865753149761674,0.3297748634910644,0.1090598947383335,0.3813995497929594,0.329974765648591,0.10865753149761674,0.3835279787609183,0.10865753149761674,0.32973127111648204,0.10865753149761674,0.3831111520829831,0.10865753149761674,0.33006741532357775,0.2221796910839515,0.3299267026649241,0.3298350536018723,0.22398118332162215,0.3294100431496784,0.10865753149761674,0.3205021791306671,0.2223709898538817,0.32657233625341303,0.10865753149761674,0.3834568267104495,0.10865753149761674,0.3300670696611573,0.10865753149761674,0.33001279645099446,0.21968447208847616,0.10865753149761674,0.3319775514244924,0.10865753149761674,0.10865753149761674,0.10865753149761674,0.3811780386709008,0.10865753149761674,0.10865753149761674,0.10865753149761674,0.329636110252074,0.10865753149761674,0.10865753149761674,0.21902074460261117,0.3298156831961104,0.10865753149761674,0.1090598947383335,0.3303607603708059,0.10896383510988875,0.10865753149761674,0.10865753149761674,0.3819759774416077,0.10865753149761674,0.10865753149761674,0.10865753149761674,0.32934423824674214,0.10865753149761674,0.22112589421590817,0.10865753149761674,0.3271695418198665,0.10865753149761674,0.10865753149761674,0.32975652767457975,0.10865753149761674,0.10865753149761674,0.22223653956981657,0.33064972039487384,0.10865753149761674,0.10865753149761674,0.10865753149761674,0.3294959173162182,0.2208462197348802,0.10865753149761674,0.10865753149761674,0.3294941861895914,0.10865753149761674,0.10905782983035141
0.36160007801808286,0.36160007801808286,0.3774262853715322,0.5091798442972619,0.8907825644414105,0.6032300676142944,0.47952651303780136,0.4089405338485666,0.36356246111785034,0.47525252416538805,0.47584536136049904,0.40838072796759844,0.4757953186633019,0.47374973340396975,0.36160007801808286,0.4080662984304977,0.4746646528325741,0.47161561623228415,0.4069136652283467,0.47413338819195194,0.36160007801808286,0.509604305087148,0.36160007801808286,0.4658809054137004,0.36160007801808286,0.5079008716794585,0.4742710280903998,0.36160007801808286,0.36160007801808286,0.5094398624285196,0.467335162587163,0.36172015623833187,0.5086408733624346,0.3617269460621809,0.4684036426253833,0.4090221927638067,0.4729182380697671,0.36160007801808286,0.47636711317699,0.5137251539542075,0.36160007801808286,0.36171953897507847,0.47571730813009344,0.4084840301119977,0.47750529211351456,0.4762309732929676,0.40923823748847676,0.4758265665520585,0.36160007801808286,0.5121581876357133,0.36160007801808286,0.4757231828292123,0.36172015623833187,0.5120600348271962,0.47585898716731106,0.36160007801808286,0.5136081559698014,0.36160007801808286,0.475693573662363,0.36160007801808286,0.5133046903820897,0.36160007801808286,0.47592194310694286,0.40976589408075864,0.47582633161260823,0.47576406887626804,0.4107327119577907,0.47547544724800134,0.36160007801808286,0.46946984297289657,0.40986830138249586,0.47355319612962454,0.36160007801808286,0.5135563447916052,0.36160007801808286,0.47592170821103486,0.36160007801808286,0.47588482822366085,0.4084357893796677,0.36160007801808286,0.47722186086777174,0.36160007801808286,0.36160007801808286,0.36160007801808286,0.5118991265056458,0.36160007801808286,0.36160007801808286,0.36160007801808286,0.47562894455843796,0.36160007801808286,0.36160007801808286,0.4080837579892629,0.4757509105031828,0.36160007801808286,0.36172015623833187,0.4761213310700482,0.36169145234395167,0.36160007801808286,0.36160007801808286,0.5124789435967143,0.36160007801808286,0.36160007801808286,0.36160007801808286,0.4754307763237082,0.36160007801808286,0.4092028727917484,0.36160007801808286,0.47395704182359166,0.36160007801808286,0.36160007801808286,0.47571072838740425,0.36160007801808286,0.36160007801808286,0.40979632016005385,0.47631782530245925,0.36160007801808286,0.36160007801808286,0.36160007801808286,0.47553374871678905,0.409053763142056,0.36160007801808286,0.36160007801808286,0.4755325733492883,0.36160007801808286,0.36171953897507847
0.8408964152537145,0.8408964152537145,0.8458167201666641,0.8907825644414105,1.0,0.9249854537351622,0.8801881871546746,0.855982550584598,0.8414993216659535,0.8786777058765918,0.8788869404890086,0.8557980108348641,0.8788692749841468,0.8781477286778937,0.8408964152537145,0.8556944187114102,0.8784703149451792,0.8773961424959045,0.8553150385201987,0.8782829723233707,0.8408964152537145,0.890935464157542,0.8408964152537145,0.8753827216815808,0.8408964152537145,0.8903220360182303,0.8783315018274265,0.8408964152537145,0.8408964152537145,0.8908762248598423,0.875892427839814,0.8409332473090589,0.8905884595388271,0.8409353302113028,0.8762673044686736,0.8560094807124425,0.8778547497786214,0.8408964152537145,0.8790711622230372,0.892421414480247,0.8408964152537145,0.8409330579535419,0.878841737894443,0.8558320541517964,0.8794732783998412,0.8790230867118793,0.8560807435212893,0.8788803056825144,0.8408964152537145,0.8918560549875064,0.8408964152537145,0.8788438115605958,0.8409332473090589,0.8918206545351923,0.8788917506297589,0.8408964152537145,0.8923791884286597,0.8408964152537145,0.8788333601337408,0.8408964152537145,0.8922696738138007,0.8408964152537145,0.8789139757718519,0.8562548765825644,0.8788802227464823,0.8788582438704242,0.8565742480158511,0.8787563730566512,0.8408964152537145,0.8766417005852646,0.8562886860900457,0.8780784617335542,0.8408964152537145,0.8923604898005943,0.8408964152537145,0.8789138928453509,0.8408964152537145,0.8789008730935693,0.8558161557996357,0.8408964152537145,0.8793731115511366,0.8408964152537145,0.8408964152537145,0.8408964152537145,0.8917626235989106,0.8408964152537145,0.8408964152537145,0.8408964152537145,0.8788105481847959,0.8408964152537145,0.8408964152537145,0.855700169824238,0.878853599066692,0.8408964152537145,0.8409332473090589,0.8789843719031875,0.8409244421422022,0.8408964152537145,0.8408964152537145,0.8919717517245045,0.8408964152537145,0.8408964152537145,0.8408964152537145,0.8787406081205468,0.8408964152537145,0.8560690770253176,0.8408964152537145,0.8782208029182507,0.8408964152537145,0.8408964152537145,0.878839415370925,0.8408964152537145,0.8408964152537145,0.8562649212045425,0.8790537564833741,0.8408964152537145,0.8408964152537145,0.8408964152537145,0.8787769491705053,0.8560198930138487,0.8408964152537145,0.8408964152537145,0.8787765343437761,0.8408964152537145,0.8409330579535419
0.48884757531002226,0.48884757531002226,0.5004195042334308,0.6032300676142944,0.9249854537351622,0.6812460509451875,0.5792746983574589,0.5240458695129544,0.49027096547808896,0.5758543454718615,0.5763282582418036,0.5236199267709899,0.5762882477244516,0.5746537735067557,0.48884757531002226,0.5233807789933956,0.5753845686807422,0.5729507151075914,0.5225046936015056,0.5749601700269746,0.48884757531002226,0.6035756382484935,0.48884757531002226,0.5683854300333382,0.48884757531002226,0.6021892357708893,0.5750701100711866,0.48884757531002226,0.48884757531002226,0.6034417504138259,0.569541584598209,0.48893457671499924,0.602791372306575,0.48893949658442226,0.5703917159438184,0.5241080196958996,0.5739899643472912,0.48884757531002226,0.5767454843907652,0.6069342536461997,0.48884757531002226,0.48893412945139064,0.5762258785364804,0.5236985107495653,0.5776560944328794,0.5766366057112066,0.5242724721669869,0.5763132311335559,0.48884757531002226,0.6056563503448189,0.48884757531002226,0.5762305752396104,0.48893457671499924,0.6055763357338938,0.5763391526575199,0.48884757531002226,0.6068388058792745,0.48884757531002226,0.5762069034774856,0.48884757531002226,0.6065912611294404,0.48884757531002226,0.5763894897767236,0.5246742561207626,0.5763130432922965,0.5762632632641022,0.5254109299272721,0.5760325299762037,0.48884757531002226,0.5712405996422341,0.5247522560721536,0.5744968413509093,0.48884757531002226,0.6067965396449329,0.48884757531002226,0.5763893019595805,0.48884757531002226,0.5763598139315382,0.5236618121641886,0.48884757531002226,0.5774292753101112,0.48884757531002226,0.48884757531002226,0.48884757531002226,0.6054451706484194,0.48884757531002226,0.48884757531002226,0.48884757531002226,0.5761552356381578,0.48884757531002226,0.48884757531002226,0.5233940565503377,0.5762527431767733,0.48884757531002226,0.48893457671499924,0.5765489251138264,0.48891377847195516,0.48884757531002226,0.48884757531002226,0.6059178581327745,0.48884757531002226,0.48884757531002226,0.48884757531002226,0.5759968221825837,0.48884757531002226,0.5242455505081931,0.48884757531002226,0.5748193264883752,0.48884757531002226,0.48884757531002226,0.5762206181848564,0.48884757531002226,0.48884757531002226,0.5246974298248644,0.5767060651012809,0.48884757531002226,0.48884757531002226,0.48884757531002226,0.5760791348095006,0.5241320489689425,0.48884757531002226,0.48884757531002226,0.5760781952320936,0.48884757531002226,0.48893412945139064
0.31736523513920395,0.31736523513920395,0.3353507009487958,0.47952651303780136,0.8801881871546746,0.5792746983574589,0.4476795766608847,0.3706048610713363,0.3196072501854096,0.44306802633049813,0.4437080369964106,0.36998417245539844,0.44365401669397353,0.44144514062181117,0.31736523513920395,0.3696354669151836,0.442433263598498,0.4391391943112912,0.3683566920491051,0.44185952547446183,0.31736523513920395,0.4799806514151684,0.31736523513920395,0.4329351070173857,0.31736523513920395,0.4781578441052626,0.4420081782812935,0.31736523513920395,0.31736523513920395,0.4798047165320755,0.43450946560237247,0.31750252632307163,0.47894979328734033,0.3175102890530985,0.43566571860232023,0.3706953858255138,0.4405468771921259,0.31736523513920395,0.4442712115445214,0.48438731328739215,0.31736523513920395,0.3175018206107376,0.4435698039332039,0.3700987230608449,0.44549944782880857,0.4441242717830578,0.3709348683444363,0.44368774839233754,0.31736523513920395,0.48271215539883267,0.31736523513920395,0.4435761457690495,0.31750252632307163,0.48260720572903293,0.44372274569930975,0.31736523513920395,0.484262257699158,0.31736523513920395,0.44354418206470164,0.31736523513920395,0.4839378771475295,0.31736523513920395,0.44379070421184924,0.3715196554601484,0.44368749477937136,0.4436202826296607,0.3725907398731747,0.44330870133944894,0.31736523513920395,0.4368191127787108,0.3716331321329284,0.4412328422695512,0.31736523513920395,0.48420687725035755,0.31736523513920395,0.44379045065314965,0.31736523513920395,0.4437506402800056,0.37004523021596447,0.31736523513920395,0.44519362925772676,0.31736523513920395,0.31736523513920395,0.31736523513920395,0.48243514977473634,0.31736523513920395,0.31736523513920395,0.31736523513920395,0.44347441262952186,0.31736523513920395,0.31736523513920395,0.36965483124867765,0.44360607810513436,0.31736523513920395,0.31750252632307163,0.4440059273673365,0.31746970900605825,0.31736523513920395,0.31736523513920395,0.4830551065954292,0.31736523513920395,0.31736523513920395,0.31736523513920395,0.44326047445277694,0.31736523513920395,0.37089566891780895,0.31736523513920395,0.44166906009474244,0.31736523513920395,0.31736523513920395,0.44356270097774536,0.31736523513920395,0.31736523513920395,0.37155337097011576,0.44421801439045366,0.31736523513920395,0.31736523513920395,0.31736523513920395,0.44337164283357894,0.3707303828198934,0.31736523513920395,0.31736523513920395,0.44337037393329526,0.31736523513920395,0.3175018206107376
0.19205042224954014,0.19205042224954014,0.22063367769270417,0.4089405338485666,0.855982550584598,0.5240458695129544,0.3706048610713363,0.2715078945614139,0.19574947132303128,0.36495955352378545,0.3657446348309541,0.2706542686281146,0.36567839001902447,0.3629664453087821,0.19205042224954014,0.27017415576830267,0.364180390517255,0.36012852492500086,0.2684101065586372,0.36347568666353386,0.19205042224954014,0.40947992443571235,0.19205042224954014,0.3524573586622003,0.19205042224954014,0.40731381409713946,0.3636583130242096,0.19205042224954014,0.19205042224954014,0.4092709843969112,0.35440907415443346,0.19227821659011357,0.4082552842597682,0.19229109147629136,0.3558402455413983,0.2716322895227478,0.36186179022273274,0.19205042224954014,0.36643503167456515,0.4147043836260388,0.19205042224954014,0.1922770461030488,0.36557511293061346,0.2708119015249352,0.3679393382357046,0.3662549367638075,0.2719612499584899,0.36571975545907837,0.19205042224954014,0.4127203421099692,0.19205042224954014,0.36558289076464323,0.19227821659011357,0.4125959598721886,0.36576267139136226,0.19205042224954014,0.4145563523770474,0.19205042224954014,0.3655436889138537,0.19205042224954014,0.41417231295627,0.19205042224954014,0.3658460020003936,0.27276376967980365,0.36571944445696825,0.365637020226282,0.27423087354505343,0.3652548435967198,0.19205042224954014,0.3572660288150197,0.2729193723022478,0.3627054631382241,0.19205042224954014,0.41449079295260194,0.19205042224954014,0.3658456910980947,0.19205042224954014,0.3657968763892544,0.2707382953511921,0.19205042224954014,0.36756495831867225,0.19205042224954014,0.19205042224954014,0.19205042224954014,0.4123920251525353,0.19205042224954014,0.19205042224954014,0.19205042224954014,0.3654581157331537,0.19205042224954014,0.19205042224954014,0.2702008276977608,0.36561960006360233,0.19205042224954014,0.19227821659011357,0.3661098694669246,0.19222378138142762,0.19205042224954014,0.19205042224954014,0.41312672771143805,0.19205042224954014,0.19205042224954014,0.19205042224954014,0.365195678792278,0.19205042224954014,0.2719074168832365,0.19205042224954014,0.36324164978126894,0.19205042224954014,0.19205042224954014,0.3655664015737493,0.19205042224954014,0.19205042224954014,0.27281000561499236,0.3663698343989656,0.19205042224954014,0.19205042224954014,0.19205042224954014,0.3653320558219404,0.2716803738055567,0.19205042224954014,0.19205042224954014,0.3653304992738347,0.19205042224954014,0.1922770461030488
0.03788806659227038,0.03788806659227038,0.11507324851485025,0.36356246111785034,0.8414993216659535,0.49027096547808896,0.3196072501854096,0.19574947132303128,0.05358179002284375,0.3130156865715089,0.3139344846412879,0.19456138841588821,0.31385698385801697,0.31067993666850663,0.03788806659227038,0.1938916282249399,0.31210312006428154,0.30734611685738117,0.19142106110947718,0.3112771598797436,0.03788806659227038,0.36417233824777806,0.03788806659227038,0.29828493746085444,0.03788806659227038,0.36172189486527206,0.311491265321268,0.03788806659227038,0.03788806659227038,0.3639361190440818,0.30059739897612947,0.039027082070479543,0.36278736290893443,0.039090507837753134,0.3022899713614778,0.19592231644156993,0.3093833875953423,0.03788806659227038,0.3147418956796239,0.3700689224786015,0.03788806659227038,0.03902131097940174,0.3137361485680769,0.19478104493600248,0.3164993197278869,0.3145313284704915,0.19637905189538316,0.31390537847851663,0.03788806659227038,0.3678318698725085,0.03788806659227038,0.31374524913673457,0.039027082070479543,0.3676915357589536,0.31395558502057697,0.03788806659227038,0.3699021067978975,0.03788806659227038,0.3136993797395271,0.03788806659227038,0.3694692651042647,0.03788806659227038,0.31405306599167443,0.19749117087436,0.31390501463540105,0.3138085822100535,0.19951664103365996,0.31336135320075686,0.03788806659227038,0.3039735881461625,0.1977064582317216,0.31037374735969503,0.03788806659227038,0.36982822344447347,0.03788806659227038,0.31405270230965787,0.03788806659227038,0.31399559931429155,0.19467849187606326,0.03788806659227038,0.3160621806939894,0.03788806659227038,0.03788806659227038,0.03788806659227038,0.36746142343412375,0.03788806659227038,0.03788806659227038,0.03788806659227038,0.3135992460164149,0.03788806659227038,0.03788806659227038,0.1939288649944746,0.31378820046558487,0.03788806659227038,0.039027082070479543,0.31436168910343126,0.03875781729472046,0.03788806659227038,0.03788806659227038,0.3682902993309322,0.03788806659227038,0.03788806659227038,0.03788806659227038,0.3132921028141792,0.03788806659227038,0.1963043436661803,0.03788806659227038,0.31100272579409377,0.03788806659227038,0.03788806659227038,0.313725955636043,0.03788806659227038,0.03788806659227038,0.19755515320465988,0.3146656711410641,0.03788806659227038,0.03788806659227038,0.03788806659227038,0.3134517214962521,0.1959891093654711,0.03788806659227038,0.03788806659227038,0.3134498997972133,0.03788806659227038,0.03902131097940174
0.3107251525598088,0.3107251525598088,0.32908158844802393,0.47525252416538805,0.8786777058765918,0.5758543454718615,0.44306802633049813,0.36495955352378545,0.3130156865715089,0.4384040379241181,0.4390513848550029,0.3643288869776225,0.4389967460710486,0.43676246340277664,0.3107251525598088,0.3639745615567804,0.4377619801536167,0.43442974737259404,0.3626750892104153,0.437181632023595,0.3107251525598088,0.4757111926915896,0.3107251525598088,0.42815235173835325,0.3107251525598088,0.47387015769995366,0.43733199894046115,0.3107251525598088,0.3107251525598088,0.47553350368567154,0.42974549371732146,0.31086543457158744,0.4746700408524954,0.31087336633180723,0.43091546286508425,0.3650515308128127,0.4358538022254068,0.3107251525598088,0.43962099913881963,0.48016143406127265,0.3107251525598088,0.31086471349225314,0.43891156888244653,0.3644452814891352,0.44086322902244784,0.4394723805846816,0.3652948526920451,0.43903086398148267,0.3107251525598088,0.4784697899220321,0.3107251525598088,0.43891798335825694,0.31086543457158744,0.478363804126599,0.4390662619351422,0.3107251525598088,0.48003515108554534,0.3107251525598088,0.4388856535196436,0.3107251525598088,0.4797075843045212,0.3107251525598088,0.4391349982690542,0.36588899492807664,0.43903060746496525,0.4389626257145706,0.36697714033117135,0.438647473967387,0.3107251525598088,0.4320824733579621,0.3660042836416725,0.4365477110731631,0.3107251525598088,0.4799792269196756,0.3107251525598088,0.43913474180863965,0.3107251525598088,0.43909447581017974,0.36439092771454257,0.3107251525598088,0.4405539326891707,0.3107251525598088,0.3107251525598088,0.3107251525598088,0.4781900486999697,0.3107251525598088,0.3107251525598088,0.3107251525598088,0.43881508473187936,0.3107251525598088,0.3107251525598088,0.36399423824309635,0.43894825851674196,0.3107251525598088,0.31086543457158744,0.4393526833507054,0.3108319025796743,0.3107251525598088,0.3107251525598088,0.478816124254714,0.3107251525598088,0.3107251525598088,0.3107251525598088,0.4385986940366249,0.3107251525598088,0.3652550251524981,0.3107251525598088,0.43698896886961464,0.3107251525598088,0.3107251525598088,0.4389043845668643,0.3107251525598088,0.3107251525598088,0.36592324893256606,0.43956719432079444,0.3107251525598088,0.3107251525598088,0.3107251525598088,0.4387111370826777,0.3650870891751181,0.3107251525598088,0.3107251525598088,0.438709853636341,0.3107251525598088,0.31086471349225314
0.3116508336262528,0.3116508336262528,0.3299547113887799,0.47584536136049904,0.8788869404890086,0.5763282582418036,0.4437080369964106,0.3657446348309541,0.3139344846412879,0.4390513848550029,0.4396977052818743,0.3651153733814639,0.4396431530353103,0.43741242550787357,0.3116508336262528,0.36476183939833656,0.43841034786396,0.4350834559373505,0.36346528211232804,0.4378309246961177,0.3116508336262528,0.4763033974092181,0.3116508336262528,0.4288163229656377,0.3116508336262528,0.4744649073728877,0.43798105174787005,0.3116508336262528,0.3116508336262528,0.4761259533036092,0.43040683496962256,0.3117906912738619,0.4752636827507729,0.31179859905094726,0.4315748838251007,0.3658364075816072,0.4365052194392986,0.3116508336262528,0.4402664185422013,0.4807475552098802,0.3116508336262528,0.31178997237490125,0.4395581107892307,0.3652315082258344,0.44150669061156816,0.4401180348751096,0.3660791888322439,0.43967721690725386,0.3116508336262528,0.4790582123346514,0.3116508336262528,0.4395645151012473,0.3117906912738619,0.4789523711755536,0.4397125588028726,0.3116508336262528,0.48062144355430736,0.3116508336262528,0.4395322364922353,0.3116508336262528,0.48029432151610046,0.3116508336262528,0.4397811863052556,0.3666720138148141,0.43967696079699886,0.4396090867286521,0.36775775715771514,0.4392944345639535,0.3116508336262528,0.4327399881582369,0.36678704739291174,0.43719801659111385,0.3116508336262528,0.4805655952814502,0.3116508336262528,0.43978093025084347,0.3116508336262528,0.43974072800269365,0.3651772756908139,0.3116508336262528,0.4411978808295046,0.3116508336262528,0.3116508336262528,0.3116508336262528,0.4787788529858499,0.3116508336262528,0.3116508336262528,0.3116508336262528,0.4394617795504749,0.3116508336262528,0.3116508336262528,0.36478147209574,0.43959474229203327,0.3116508336262528,0.3117906912738619,0.43999852692139135,0.31175726068516657,0.3116508336262528,0.3116508336262528,0.4794040744093611,0.3116508336262528,0.3116508336262528,0.3116508336262528,0.4392457320167008,0.3116508336262528,0.36603944973762953,0.3116508336262528,0.4376385690926709,0.3116508336262528,0.3116508336262528,0.4395509378575735,0.3116508336262528,0.3116508336262528,0.3667061919988903,0.44021269874476604,0.3116508336262528,0.3116508336262528,0.3116508336262528,0.43935799670832826,0.3658718868955729,0.3116508336262528,0.3116508336262528,0.43935671529730486,0.3116508336262528,0.31178997237490125
0.19083924683299405,0.19083924683299405,0.21958075122749554,0.40838072796759844,0.8557980108348641,0.5236199267709899,0.36998417245539844,0.2706542686281146,0.19456138841588821,0.3643288869776225,0.3651153733814639,0.2697979126473439,0.36504901022939756,0.3623321856707528,0.19083924683299405,0.26931625680688476,0.36354832377838064,0.3594890839501822,0.2675464914415032,0.36284234862646064,0.19083924683299405,0.4089208994594341,0.19083924683299405,0.35180351418139955,0.19083924683299405,0.4067516416158974,0.3630253048978687,0.19083924683299405,0.19083924683299405,0.4087116571513283,0.35375895071965757,0.19106848906211762,0.40769448357156707,0.19108144567965196,0.35519282590846035,0.2707790600105453,0.3612255229532961,0.19083924683299405,0.3658070011367923,0.41415282587958185,0.19083924683299405,0.19106731114411277,0.3649455485649446,0.26995605096313674,0.36731397455257847,0.36562658555858696,0.2711090670479593,0.36509044956969827,0.19083924683299405,0.4121659690081233,0.19083924683299405,0.3649533403029089,0.19106848906211762,0.4120414094464586,0.3651334421554463,0.19083924683299405,0.41400458542535806,0.19083924683299405,0.3649140683677691,0.19083924683299405,0.41362000262317655,0.19083924683299405,0.365216921555077,0.2719141295516896,0.36509013801203594,0.36500756651275446,0.2733858439157071,0.36462470621792714,0.19083924683299405,0.3566212822304418,0.2720702234902825,0.362070730233298,0.19083924683299405,0.4139389333053731,0.19083924683299405,0.3652166100977676,0.19083924683299405,0.3651677082357065,0.2698822088580546,0.19083924683299405,0.366938932864882,0.19083924683299405,0.19083924683299405,0.19083924683299405,0.41183718377797074,0.19083924683299405,0.19083924683299405,0.19083924683299405,0.36482834215131454,0.19083924683299405,0.19083924683299405,0.26934301459649557,0.3649901152171426,0.19083924683299405,0.19106848906211762,0.3654812597448632,0.19101370817036817,0.19083924683299405,0.19083924683299405,0.41257293328612266,0.19083924683299405,0.19083924683299405,0.19083924683299405,0.3645654354537448,0.19083924683299405,0.2710550628717737,0.19083924683299405,0.36260788850040393,0.19083924683299405,0.19083924683299405,0.36493682163468,0.19083924683299405,0.19083924683299405,0.27196051153493456,0.3657416878089292,0.19083924683299405,0.19083924683299405,0.19083924683299405,0.36470205667545164,0.27082729743188505,0.19083924683299405,0.19083924683299405,0.3647004973412203,0.19083924683299405,0.19106731114411277
0.31157275378979404,0.31157275378979404,0.32988105404070667,0.4757953186633019,0.8788692749841468,0.5762882477244516,0.44365401669397353,0.36567839001902447,0.31385698385801697,0.4389967460710486,0.4396431530353103,0.36504901022939756,0.43958859349336127,0.43735756625935435,0.31157275378979404,0.3646954095903077,0.4383556230257662,0.43502828086091533,0.3633986067973928,0.4377761218817953,0.31157275378979404,0.4762534080492462,0.31157275378979404,0.42876028278155554,0.31157275378979404,0.474414703396416,0.4379262691546043,0.31157275378979404,0.31157275378979404,0.4760759432910165,0.43035101647810076,0.3117126471373223,0.4752135721927318,0.31172055693200845,0.431519227206117,0.36577017999642536,0.4364502375236884,0.31157275378979404,0.4402119422550999,0.48069807889104454,0.31157275378979404,0.31171192805493625,0.43950353987119406,0.36516516694337486,0.44145237937660087,0.440063538786159,0.36601300678032184,0.43962266192092647,0.31157275378979404,0.47900854194290765,0.31157275378979404,0.43950994504005,0.3117126471373223,0.4789026885862535,0.43965800854242165,0.31157275378979404,0.48057195278741033,0.31157275378979404,0.4394776621122208,0.31157275378979404,0.4802447932424654,0.31157275378979404,0.439726645219666,0.3666059427064553,0.4396224057764216,0.4395545226301286,0.3676918883618611,0.4392398283490843,0.31157275378979404,0.43268449222244304,0.3667209977730588,0.43714312839245417,0.31157275378979404,0.4805160981142197,0.31157275378979404,0.43972638913102613,0.31157275378979404,0.43968618150851213,0.36511092419734686,0.31157275378979404,0.44114352857599587,0.31157275378979404,0.31157275378979404,0.31157275378979404,0.47872915038976815,0.31157275378979404,0.31157275378979404,0.31157275378979404,0.43940719574149273,0.31157275378979404,0.31157275378979404,0.3647150459925076,0.4395401762746663,0.31157275378979404,0.3117126471373223,0.4399440148754345,0.3116792080180019,0.31157275378979404,0.31157275378979404,0.47935444384442427,0.31157275378979404,0.31157275378979404,0.31157275378979404,0.43919111927817467,0.31157275378979404,0.36597326023661425,0.31157275378979404,0.43758374035133524,0.31157275378979404,0.31157275378979404,0.4394963659798354,0.31157275378979404,0.31157275378979404,0.3666401272764181,0.44015821529011007,0.31157275378979404,0.31157275378979404,0.31157275378979404,0.43930339900560816,0.36580566596805314,0.31157275378979404,0.31157275378979404,0.43930211742300174,0.31157275378979404,0.31171192805493625
0.30837172470928836,0.30837172470928836,0.3268630439769922,0.47374973340396975,0.8781477286778937,0.5746537735067557,0.44144514062181117,0.3629664453087821,0.31067993666850663,0.43676246340277664,0.43741242550787357,0.3623321856707528,0.43735756625935435,0.4351142260335797,0.30837172470928836,0.36197583633199826,0.4361178049773178,0.4327719641630617,0.36066890898921933,0.435535100251456,0.30837172470928836,0.4742100112169601,0.30837172470928836,0.4264684151219831,0.30837172470928836,0.47236250065756874,0.4356860782958627,0.30837172470928836,0.30837172470928836,0.4740316990851092,0.4280682599739454,0.30851309675841715,0.4731652025572589,0.30852109012211154,0.42924312298810385,0.3630589456278569,0.4342018573971832,0.30837172470928836,0.4379843352314262,0.47867573056590884,0.30837172470928836,0.3085123700785333,0.4372720452872783,0.36244924421032343,0.43923155265265995,0.4378351182859066,0.36330364994648107,0.4373918218394932,0.30837172470928836,0.4769782317357197,0.30837172470928836,0.4372784856567036,0.30851309675841715,0.4768718779581435,0.4374273626077197,0.30837172470928836,0.4785490117415175,0.30837172470928836,0.43724602530381224,0.30837172470928836,0.4782203135005811,0.30837172470928836,0.437496376202418,0.36390116043466575,0.4373915642879732,0.43732330820412696,0.36499544763498765,0.4370068836988228,0.30837172470928836,0.4304149910999012,0.36401710152148276,0.43489859873726144,0.30837172470928836,0.47849289449877985,0.30837172470928836,0.437496118707667,0.30837172470928836,0.4374556902980776,0.3623945803991482,0.30837172470928836,0.43892101685086243,0.30837172470928836,0.30837172470928836,0.30837172470928836,0.47669751895342327,0.30837172470928836,0.30837172470928836,0.30837172470928836,0.4371751715727912,0.30837172470928836,0.30837172470928836,0.3619956255109679,0.4373088830191859,0.30837172470928836,0.30851309675841715,0.4377149388445845,0.3084793042999363,0.30837172470928836,0.30837172470928836,0.47732576757359285,0.30837172470928836,0.30837172470928836,0.30837172470928836,0.43695790662107326,0.30837172470928836,0.3632635962462231,0.30837172470928836,0.4353416535160013,0.30837172470928836,0.30837172470928836,0.43726483196962784,0.30837172470928836,0.30837172470928836,0.36393560831000965,0.4379303138178228,0.30837172470928836,0.30837172470928836,0.30837172470928836,0.4370708040532704,0.3630947061257511,0.30837172470928836,0.30837172470928836,0.43706951542166156,0.30837172470928836,0.3085123700785333
0.0,0.0,0.10865753149761674,0.36160007801808286,0.8408964152537145,0.48884757531002226,0.31736523513920395,0.19205042224954014,0.03788806659227038,0.3107251525598088,0.3116508336262528,0.19083924683299405,0.31157275378979404,0.30837172470928836,0.0,0.19015634076776483,0.3098057103235869,0.30501221531164885,0.18763646580086007,0.30897349278009634,0.0,0.36221337617438243,0.0,0.29587835326180384,0.0,0.359749120453816,0.30918922338716903,0.0,0.0,0.3619758332305988,0.29820977488465583,0.009359895340287522,0.36082061612377236,0.009620931039072673,0.29991604318685733,0.19222660300511613,0.3070652495080148,0.0,0.3124642606414804,0.3681424809466544,0.0,0.00933580287778274,0.31145101510888307,0.19106319452876055,0.3142346749800557,0.31225212743081726,0.1926921237760635,0.31162151002743227,0.0,0.36589320776774154,0.0,0.3114601837391765,0.009359895340287522,0.3657521023124151,0.3116720916100502,0.0,0.36797475884481956,0.0,0.311413971252894,0.0,0.3675395615974109,0.0,0.31177030042317233,0.19382546032296313,0.3116211434659954,0.3115239903626023,0.19588895129237158,0.3110734133361448,0.0,0.30161313404183115,0.19404482679876703,0.3080631986336765,0.0,0.3679004737849058,0.0,0.31176993402654724,0.0,0.31171240472434,0.19095863924366988,0.0,0.3137943180075761,0.0,0.0,0.0,0.36552072396673957,0.0,0.0,0.0,0.3113130882175944,0.0,0.0,0.19019431085517038,0.31150345624151526,0.0,0.009359895340287522,0.31208122494684454,0.008164734115649356,0.0,0.0,0.36635415306163577,0.0,0.0,0.0,0.31100364369215994,0.0,0.19261598139763508,0.0,0.3086969723870377,0.0,0.0,0.31144074594100296,0.0,0.0,0.19389065589775473,0.31238746945389406,0.0,0.0,0.0,0.31116445889761224,0.1922946833116504,0.0,0.0,0.3111626235496224,0.0,0.00933580287778274
0.19015634076776483,0.19015634076776483,0.2189877891484569,0.4080662984304977,0.8556944187114102,0.5233807789933956,0.3696354669151836,0.27017415576830267,0.1938916282249399,0.3639745615567804,0.36476183939833656,0.26931625680688476,0.3646954095903077,0.36197583633199826,0.19015634076776483,0.268833728865152,0.3631932096677489,0.35912981589996407,0.26706073249165163,0.3624865184163677,0.19015634076776483,0.408606909397602,0.19015634076776483,0.35143613141207003,0.19015634076776483,0.40643588018619903,0.36266966052170496,0.19015634076776483,0.19015634076776483,0.40839749697972527,0.353393664480251,0.1903864074549804,0.40737949417401653,0.19039941061118518,0.3548290629931613,0.27029917119572405,0.36086804271419215,0.19015634076776483,0.3654541604678145,0.413843038004877,0.19015634076776483,0.19038522530571544,0.3645918439618248,0.26947468078319997,0.3669626359586118,0.365273564273913,0.2706297697327513,0.36473689055548436,0.19015634076776483,0.41185459683296544,0.19015634076776483,0.36459964353130664,0.1903864074549804,0.4117299374831524,0.3647799263168357,0.19015634076776483,0.4136946798251853,0.19015634076776483,0.3645603321205014,0.19015634076776483,0.4133097912462207,0.19015634076776483,0.3648634895236997,0.2714362692760697,0.3647365786849029,0.36465392423542686,0.2729105890773007,0.3642706788586986,0.19015634076776483,0.35625902525907494,0.27159264087201207,0.36171411430558936,0.19015634076776483,0.41362897554281314,0.19015634076776483,0.3648631777537767,0.19015634076776483,0.3648142268021403,0.2694007053311002,0.19015634076776483,0.3665872215410451,0.19015634076776483,0.19015634076776483,0.19015634076776483,0.4115255480841912,0.19015634076776483,0.19015634076776483,0.19015634076776483,0.36447451970510203,0.19015634076776483,0.19015634076776483,0.2688605351840169,0.3646364554039263,0.19015634076776483,0.1903864074549804,0.3651280928502337,0.1903314297267164,0.19015634076776483,0.19015634076776483,0.4122618867569489,0.19015634076776483,0.19015634076776483,0.19015634076776483,0.36421134841123437,0.19015634076776483,0.2705756688575374,0.19015634076776483,0.36225181988205996,0.19015634076776483,0.19015634076776483,0.36458310825969925,0.19015634076776483,0.19015634076776483,0.27148273379565613,0.36538878177368783,0.19015634076776483,0.19015634076776483,0.19015634076776483,0.36434810717734617,0.2703474951658322,0.19015634076776483,0.19015634076776483,0.36434654627379565,0.19015634076776483,0.19038522530571544
0.3098057103235869,0.3098057103235869,0.3282146261382271,0.4746646528325741,0.8784703149451792,0.5753845686807422,0.442433263598498,0.364180390517255,0.31210312006428154,0.4377619801536167,0.43841034786396,0.36354832377838064,0.4383556230257662,0.4361178049773178,0.3098057103235869,0.3631932096677489,0.4371189072820532,0.43378136312450044,0.36189083229330526,0.43653763932296163,0.3098057103235869,0.47512394986036516,0.3098057103235869,0.4274937603670949,0.3098057103235869,0.4732803858810857,0.43668824477492324,0.3098057103235869,0.3098057103235869,0.47494601749422904,0.42908951822739005,0.3099464162778753,0.4740813698678161,0.3099543719972927,0.43026139731610263,0.36427257162808874,0.4352076967293392,0.3098057103235869,0.4389808581346746,0.47958023630166696,0.3098057103235869,0.30994569302034153,0.4382703116478424,0.36366497705320916,0.44022503485067055,0.4388320060075379,0.36451643223860314,0.43838979467299793,0.3098057103235869,0.47788630551517125,0.3098057103235869,0.43827673623072433,0.3099464162778753,0.4777801759998815,0.43842524837168856,0.3098057103235869,0.47945378309620795,0.3098057103235869,0.4382443554483973,0.3098057103235869,0.4791257744013803,0.3098057103235869,0.4384940929293285,0.36511188708518927,0.43838953775248646,0.43832144892118446,0.3662024260088565,0.4380058003783974,0.3098057103235869,0.43143030364300333,0.36522743003172575,0.43590271113451395,0.3098057103235869,0.4793977835202553,0.3098057103235869,0.438493836065179,0.3098057103235869,0.43845350667246086,0.3636105024611831,0.3098057103235869,0.4399152547002258,0.3098057103235869,0.3098057103235869,0.3098057103235869,0.4776061848390005,0.3098057103235869,0.3098057103235869,0.3098057103235869,0.43817367543866254,0.3098057103235869,0.3098057103235869,0.36321293019051565,0.43830705908919193,0.3098057103235869,0.3099464162778753,0.438712120551665,0.30991278298381697,0.3098057103235869,0.3098057103235869,0.4782331091115816,0.3098057103235869,0.3098057103235869,0.3098057103235869,0.43795694349550035,0.3098057103235869,0.36447651656484525,0.3098057103235869,0.43634467032262053,0.3098057103235869,0.3098057103235869,0.43826311601186446,0.3098057103235869,0.3098057103235869,0.3651462166419844,0.4389269687717837,0.3098057103235869,0.3098057103235869,0.3098057103235869,0.43806956390161955,0.3643082087616158,0.3098057103235869,0.3098057103235869,0.438068278431319,0.3098057103235869,0.30994569302034153
