0.0,0.19812412324682738,0.0850933410484541,0.8408964152537145,0.5191874220758278,0.01888776099639279,0.22872858221954492,0.5239100267223713,0.449564708070689,0.2278922097654591,0.5017394673697892,0.0,0.43414371812830543,0.22641903702933902,0.5053369449878893,0.0,0.5685640986249081,0.0,0.44136534053662646,0.0,0.5530857783517519,0.0,0.42438013522459916,0.5690403143704162,0.0,0.5205039003667039,0.0,0.48792116726668816,0.010904853579356224,0.5225232752243779,0.4811520803198457,0.011223411537932241,0.0,0.4277938976578444,0.5692456751654367,0.0,0.0,0.4883951127712359,0.5086922159025922,0.0,0.505437078345762,0.22427682505336985,0.4327377582639652,0.03253608266696473,0.5094834663997151,0.22493568642744374,0.43960228300761767,0.0,0.5653705621330781,0.5120921601178318,0.010918897194607409,0.4876176675269562,0.0,0.5136432197926316,0.22450168192651748,0.43128326124621713,0.009540743063886815,0.4318560723345518,0.5719761044212562,0.0,0.4262547611168533,0.0,0.22559879056649557,0.521769711829972,0.5202813297888289,0.2246475830980012,0.45143733366855426,0.5260057258643939,0.22583393250111047,0.0,0.4294965614948382,0.010932922746273551,0.5795017066712506,0.5059210741916902,0.0,0.41540039776307663,0.2254016307450558,0.0,0.5063300522256099,0.0,0.0,0.0,0.48780074463197814,0.0,0.010890791884169845,0.0,0.5073382678012419,0.0,0.0,0.5798908598919941,0.0,0.0,0.010918897194607409,0.4467039519213338,0.0,0.0,0.5722193043968623,0.0,0.0,0.0,0.5082439125156817,0.0,0.0,0.2244824954858951,0.4172778633642889,0.0,0.0,0.0,0.5023857491785867,0.0,0.2256356113136451,0.010904853579356224,0.46394787669091775,0.009572812863329245,0.0,0.5034131038041533,0.0,0.22673953257480275,0.0,0.5094559379133411,0.0,0.0,0.0,0.42271121748201956,0.22537296363014062
0.19812412324682738,0.2800818298054323,0.21560945085858518,0.8569235634400479,0.5542093807530477,0.19902170304665476,0.30244975820997305,0.5585836708756483,0.49030171099670916,0.3018195288662714,0.5380868565125009,0.19812412324682738,0.4763246103005645,0.30071185924704136,0.5414058840167912,0.19812412324682738,0.6001346491593954,0.19812412324682738,0.48286063910793436,0.19812412324682738,0.5856958109080614,0.19812412324682738,0.4675157965219978,0.6005794315466116,0.19812412324682738,0.5554283334504365,0.19812412324682738,0.5253648026533959,0.19842376903428338,0.5572987581743875,0.5191490005797893,0.1984415172930516,0.19812412324682738,0.4705919838960662,0.6007712469056709,0.19812412324682738,0.19812412324682738,0.5258004215444737,0.5445039262558399,0.19812412324682738,0.5414983064478358,0.2991066822982886,0.4750541276504933,0.20077581286183327,0.5452348585348648,0.2995996682669507,0.4812633954653557,0.19812412324682738,0.5971527283689152,0.5476455995032287,0.1984245407308167,0.5250858740164196,0.19812412324682738,0.5490796181023104,0.2992748583818113,0.47374048599139357,0.1983535320432758,0.4742577397904235,0.6033221315312938,0.19812412324682738,0.4692045399300976,0.19812412324682738,0.30009646182128,0.5566006869707123,0.5552222275697916,0.29938402071804876,0.4920040445338706,0.5605261533429174,0.3002727806303226,0.19812412324682738,0.4721277982263927,0.19842531242434341,0.6103580625806102,0.5419450613570943,0.19812412324682738,0.4594440651214428,0.29994868474664943,0.19812412324682738,0.5423226092554054,0.19812412324682738,0.19812412324682738,0.19812412324682738,0.5252541267267067,0.19812412324682738,0.19842299733473634,0.19812412324682738,0.5432534933425667,0.19812412324682738,0.19812412324682738,0.6107220965329789,0.19812412324682738,0.19812412324682738,0.1984245407308167,0.48770315810916043,0.19812412324682738,0.19812412324682738,0.6035493888845196,0.19812412324682738,0.19812412324682738,0.19812412324682738,0.5440898553187943,0.19812412324682738,0.19812412324682738,0.2992605055019832,0.46112923174941545,0.19812412324682738,0.19812412324682738,0.19812412324682738,0.5386829101118897,0.19812412324682738,0.30012406624454346,0.19842376903428338,0.5034032128367726,0.19835507598152757,0.19812412324682738,0.5396306056270097,0.19812412324682738,0.300952575331722,0.19812412324682738,0.5452094264126736,0.19812412324682738,0.19812412324682738,0.19812412324682738,0.46601341498829923,0.2999272025585083
0.0850933410484541,0.21560945085858518,0.12033857957986058,0.8439243550489001,0.5258529900503028,0.08716429540275368,0.24402121509614194,0.5305066369370549,0.4573779358379622,0.24323774936800652,0.5086684307240159,0.0850933410484541,0.44225210510542656,0.2418586192746354,0.5122104411600663,0.0850933410484541,0.5745509223521119,0.0850933410484541,0.44933330082084305,0.0850933410484541,0.5592759830792859,0.0850933410484541,0.4326849383599739,0.575021001381543,0.0850933410484541,0.5271501498789712,0.0850933410484541,0.49506920387497094,0.08578921467112027,0.5291400359863319,0.488411118092058,0.0858302877619792,0.0850933410484541,0.4360291393320336,0.5752237179486255,0.0850933410484541,0.0850933410484541,0.4955354710855394,0.5155145352635465,0.0850933410484541,0.5123090395160692,0.23985513635240252,0.440873954681703,0.09110127088736517,0.5162937938906111,0.24047107767142098,0.4476041596527738,0.0850933410484541,0.5713987197572288,0.5188631557382126,0.08579100086658153,0.49477062740875516,0.0850933410484541,0.5203909767600747,0.24006532003596381,0.4394483923678892,0.08562651489255871,0.44000978820324355,0.5779191115816967,0.0850933410484541,0.4345212452077508,0.0850933410484541,0.24109121246076518,0.5283974565044417,0.5269308401385026,0.24020171441605107,0.45921589613556896,0.5325720366428385,0.24131117151125747,0.0850933410484541,0.4376974684914334,0.08579278702489634,0.5853492887634523,0.5127856226339215,0.0850933410484541,0.42389294205674893,0.2409068049617446,0.0850933410484541,0.5131883455535098,0.0850933410484541,0.0850933410484541,0.0850933410484541,0.49495073410399115,0.0850933410484541,0.08578742843837837,0.0850933410484541,0.5141811747278472,0.0850933410484541,0.0850933410484541,0.5857335518309925,0.0850933410484541,0.0850933410484541,0.08579100086658153,0.45457061425582623,0.0850933410484541,0.0850933410484541,0.5781592017965376,0.0850933410484541,0.0850933410484541,0.0850933410484541,0.5150730391018457,0.0850933410484541,0.0850933410484541,0.24004738459120634,0.4257305694947645,0.0850933410484541,0.0850933410484541,0.0850933410484541,0.5093047018152399,0.0850933410484541,0.24112565385328052,0.08578921467112027,0.47150093996024806,0.08563009403464057,0.0850933410484541,0.5103161847731859,0.0850933410484541,0.24215856200605626,0.0850933410484541,0.5162666821272381,0.0850933410484541,0.0850933410484541,0.0850933410484541,0.43105038429586484,0.24087999370635096
0.8408964152537145,0.8569235634400479,0.8439243550489001,1.0,0.9335618265496506,0.8410463689818255,0.8620510227491477,0.9348991026355437,0.9140167204337091,0.8619025546931222,0.9286240915772462,0.8408964152537145,0.9097852775990174,0.8616421615583028,0.9296413315173234,0.8408964152537145,0.947483023378822,0.8408964152537145,0.9117604031155196,0.8408964152537145,0.9431418171413501,0.8408964152537145,0.9071347484612895,0.9476160451369382,0.8408964152537145,0.9339346158341306,0.8408964152537145,0.9247244947173494,0.8409464087431263,0.9345064370753378,0.9228203096698977,0.8409493719947942,0.8408964152537145,0.9080587717934688,0.9476733974246956,0.8408964152537145,0.8408964152537145,0.9248579900395527,0.9305905979946402,0.8408964152537145,0.9296696544544213,0.8612660606063988,0.9094021532061003,0.8413411471410597,0.9308145167728634,0.8613814122483446,0.9112771147545805,0.8408964152537145,0.9465900490316487,0.9315528921453109,0.8409465375808067,0.9246390196064113,0.8408964152537145,0.9319919904668041,0.8613053956873922,0.9090063028975385,0.8409346842663227,0.9091621357254592,0.9484352753789485,0.8408964152537145,0.9076417939254083,0.8408964152537145,0.8614977960884636,0.9342930548971594,0.9338715901882788,0.8613309366193401,0.9145339489256455,0.935492462755828,0.8615391363557547,0.8408964152537145,0.908520749375462,0.8409466664184279,0.9505282751795661,0.9298065598297223,0.8408964152537145,0.9047189402068422,0.8614631615441445,0.8408964152537145,0.9299222530130183,0.8408964152537145,0.8408964152537145,0.8408964152537145,0.924690578859218,0.8408964152537145,0.8409462799053866,0.8408964152537145,0.9302074894812586,0.8408964152537145,0.8408964152537145,0.9506362106614349,0.8408964152537145,0.8408964152537145,0.8409465375808067,0.9132279097967665,0.8408964152537145,0.8408964152537145,0.9485030746845441,0.8408964152537145,0.8408964152537145,0.8408964152537145,0.9304637403594396,0.8408964152537145,0.8408964152537145,0.8613020380250103,0.9052222033470957,0.8408964152537145,0.8408964152537145,0.8408964152537145,0.9288067893793603,0.8408964152537145,0.8615042671318567,0.8409464087431263,0.9180059395326574,0.840934941952402,0.8408964152537145,0.9290972577121284,0.8408964152537145,0.8616986899193474,0.8408964152537145,0.9308067260488608,0.8408964152537145,0.8408964152537145,0.8408964152537145,0.9066841146125012,0.8614581278024861
0.5191874220758278,0.5542093807530477,0.5258529900503028,0.9335618265496506,0.7205247179880896,0.5195181464929212,0.565302294657833,0.7235497938500918,0.6772149964849404,0.5649816713398562,0.7094353694554274,0.5191874220758278,0.6680033109949305,0.5644192634764171,0.711710188774006,0.5191874220758278,0.752583642974925,0.5191874220758278,0.6722977045995818,0.5191874220758278,0.7424382314358372,0.5191874220758278,0.6622537929173778,0.7528970051664695,0.5191874220758278,0.7213670207266213,0.5191874220758278,0.7007570793108282,0.5192976906151983,0.7226605096303097,0.6965419215096443,0.5193042263020814,0.5191874220758278,0.6642565392038855,0.7530321593806109,0.5191874220758278,0.5191874220758278,0.7010531170087123,0.713837402400217,0.5191874220758278,0.7117735954746086,0.563606768906321,0.667171326012027,0.5201680889378643,0.7143398177378404,0.5638559865031484,0.6712460847178747,0.5191874220758278,0.7504840367728969,0.7159982957845973,0.5192979747774757,0.7005675678539559,0.5191874220758278,0.7169858611038642,0.5636917547063668,0.6663120391951709,0.5192718310950746,0.6666502711756426,0.7548303599002171,0.5191874220758278,0.6633525629355486,0.5191874220758278,0.5641074141136206,0.7221776167154231,0.7212245636065946,0.5637469361839811,0.6783440661708499,0.7248952570746764,0.5641967179441276,0.5191874220758278,0.6652584842764897,0.5192982589395735,0.7597979699681255,0.7120801397093679,0.5191874220758278,0.6570253746872986,0.564032594134898,0.5191874220758278,0.7123392571433582,0.5191874220758278,0.5191874220758278,0.5191874220758278,0.7006818791752247,0.5191874220758278,0.5192974064527409,0.5191874220758278,0.7129783727935552,0.5191874220758278,0.5191874220758278,0.7600552893166157,0.5191874220758278,0.5191874220758278,0.5192979747774757,0.6754944402601315,0.5191874220758278,0.5191874220758278,0.7549906352622772,0.5191874220758278,0.5191874220758278,0.5191874220758278,0.7135528755697508,0.5191874220758278,0.5191874220758278,0.5636845003657448,0.6581136928008775,0.5191874220758278,0.5191874220758278,0.5191874220758278,0.7098435782876368,0.5191874220758278,0.564121393119901,0.5192976906151983,0.6859426120365615,0.5192723994521842,0.5191874220758278,0.71049289840535,0.5191874220758278,0.5645413641931529,0.5191874220758278,0.7143223332588371,0.5191874220758278,0.5191874220758278,0.5191874220758278,0.6612776868926897,0.5640217197442615
0.01888776099639279,0.19902170304665476,0.08716429540275368,0.8410463689818255,0.5195181464929212,0.02671132691054294,0.22950603468983982,0.5242372977042598,0.4499531078376999,0.22867252139786656,0.5020833947586384,0.01888776099639279,0.43454701642466304,0.2272044354303987,0.5056780904208809,0.01888776099639279,0.5688608853288275,0.01888776099639279,0.4417615470931258,0.01888776099639279,0.5533927218940715,0.01888776099639279,0.4247933637664177,0.5693367947651532,0.01888776099639279,0.5208336571768923,0.01888776099639279,0.4882760908385687,0.021809707403518314,0.5228515552217474,0.48151258080890935,0.02197071848460455,0.01888776099639279,0.42820360789096457,0.5695420235785115,0.01888776099639279,0.01888776099639279,0.48874965070398657,0.5090307953284674,0.01888776099639279,0.505778146803051,0.2250697380399783,0.43314246174481746,0.03762105691535265,0.5098214446584026,0.22572627317551627,0.44000020179563365,0.01888776099639279,0.5656694122238521,0.5124281669014911,0.021816732594786243,0.4879728383772504,0.01888776099639279,0.513978061960418,0.22529379949717263,0.43168942704237645,0.02116065420014067,0.43226166118820014,0.5722707042570931,0.01888776099639279,0.42666605134020014,0.01888776099639279,0.22638704963803316,0.52209854188024,0.5206112499179981,0.22543918539394986,0.45182398550268726,0.5263314798423201,0.22662136940071242,0.01888776099639279,0.4299045357339814,0.02182375552290316,0.5797915454763403,0.506261770932373,0.01888776099639279,0.4158231301729343,0.2261905804892993,0.01888776099639279,0.5066704353110344,0.01888776099639279,0.01888776099639279,0.01888776099639279,0.4881557662883708,0.01888776099639279,0.02180267994824743,0.01888776099639279,0.5076778794004531,0.01888776099639279,0.01888776099639279,0.5801804547717729,0.01888776099639279,0.01888776099639279,0.021816732594786243,0.4470950467768413,0.01888776099639279,0.01888776099639279,0.5725137490433765,0.01888776099639279,0.01888776099639279,0.01888776099639279,0.5085828332139253,0.01888776099639279,0.01888776099639279,0.2252746808658999,0.4176985780681628,0.01888776099639279,0.01888776099639279,0.01888776099639279,0.5027291744159101,0.01888776099639279,0.22642374153004197,0.021809707403518314,0.46432316737810325,0.021175132926495217,0.01888776099639279,0.5037557329544929,0.01888776099639279,0.22752381877396236,0.01888776099639279,0.5097939370621946,0.01888776099639279,0.01888776099639279,0.01888776099639279,0.42312618468810465,0.22616201389778046
0.22872858221954492,0.30244975820997305,0.24402121509614194,0.8620510227491477,0.565302294657833,0.22950603468983982,0.3232494969144916,0.5695728427423807,0.5030593987121542,0.32266065471339594,0.5495722025470942,0.22872858221954492,0.4894913032091743,0.32162609482853816,0.5528090962351974,0.22872858221954492,0.610188684781434,0.22872858221954492,0.49583372695540195,0.22872858221954492,0.5960652476968035,0.22872858221954492,0.48095028072763024,0.6106238967458619,0.22872858221954492,0.5664922258243024,0.22872858221954492,0.5371718835865097,0.22898802793061568,0.5683182878676211,0.5311174706812511,0.22900339816552356,0.22872858221954492,0.4839320300539303,0.610811587376151,0.22872858221954492,0.22872858221954492,0.5375962980662232,0.5558311173526117,0.22872858221954492,0.5528992418344968,0.320127707965425,0.48825894871991365,0.23102788139153455,0.5565442028884644,0.3205877894150441,0.4942834074927156,0.22872858221954492,0.6072711441353931,0.5588963201327449,0.22898869622326934,0.5369001363848436,0.22872858221954492,0.5602956380434133,0.3202846483842694,0.4869849034092201,0.22892720508807118,0.48748654483614,0.613307765283535,0.22872858221954492,0.4825870558665378,0.22872858221954492,0.3210515203382743,0.5676367496289528,0.5662910208795161,0.3203865236319316,0.5047131779441286,0.5714696112246037,0.3212161278655869,0.22872858221954492,0.4854210687289639,0.22898936451396107,0.6201941804286205,0.5533349987004849,0.22872858221954492,0.47313123330011714,0.32091356808427035,0.22872858221954492,0.5537032623093894,0.22872858221954492,0.22872858221954492,0.22872858221954492,0.5370640565034261,0.22872858221954492,0.22898735963600242,0.22872858221954492,0.5546112941459972,0.22872858221954492,0.22872858221954492,0.6205505321437533,0.22872858221954492,0.22872858221954492,0.22898869622326934,0.5005354763474028,0.22872858221954492,0.22872858221954492,0.6135301619628998,0.22872858221954492,0.22872858221954492,0.22872858221954492,0.5554271715581789,0.22872858221954492,0.22872858221954492,0.3202712539723759,0.4747630491242691,0.22872858221954492,0.22872858221954492,0.22872858221954492,0.5501534527022527,0.22872858221954492,0.32107729044888433,0.22898802793061568,0.5157938469464176,0.22892854202846866,0.22872858221954492,0.5510776597132333,0.22872858221954492,0.3218508826904845,0.22872858221954492,0.5565193911606184,0.22872858221954492,0.22872858221954492,0.22872858221954492,0.47949438960271645,0.3208935148269346
0.5239100267223713,0.5585836708756483,0.5305066369370549,0.9348991026355437,0.7235497938500918,0.5242372977042598,0.5695728427423807,0.7265528333798008,0.6805609373229955,0.569255178106703,0.7125415603528262,0.5239100267223713,0.6714192478339617,0.5686979656779187,0.714799693292968,0.5239100267223713,0.7553764843089749,0.5239100267223713,0.6756809162088787,0.5239100267223713,0.7453043281164456,0.5239100267223713,0.6657138153421215,0.7556875854954346,0.5239100267223713,0.724385957234629,0.5239100267223713,0.7039271811774537,0.5240191434574543,0.7256700235711343,0.699743224572302,0.5240256108879922,0.5239100267223713,0.667701168808324,0.7558217645488929,0.5239100267223713,0.5239100267223713,0.7042210316531612,0.7169113261785156,0.5239100267223713,0.7148626352572098,0.5678929894221065,0.670593622648865,0.5248804632828701,0.717410064706977,0.5681398993259452,0.6746372946446207,0.5239100267223713,0.7532920292160623,0.7190564137840344,0.5240194246520165,0.703739070168094,0.5239100267223713,0.7200367625792108,0.5679771881164166,0.6697409111917191,0.5239935540177684,0.6700765541464118,0.7576069916788258,0.5239100267223713,0.6668041354770704,0.5239100267223713,0.5683890002059824,0.7251906475932586,0.7242445382556995,0.5680318586122234,0.6816814782917623,0.7278885065154354,0.5684774779563818,0.5239100267223713,0.6686954278088902,0.5240197058464031,0.7625387669501328,0.7151669329671316,0.5239100267223713,0.6605257725550573,0.5683148724674761,0.5239100267223713,0.7154241518016353,0.5239100267223713,0.5239100267223713,0.5239100267223713,0.7038525367283224,0.5239100267223713,0.5240188622627167,0.5239100267223713,0.7160585859192242,0.5239100267223713,0.5239100267223713,0.7627942300938207,0.5239100267223713,0.5239100267223713,0.5240194246520165,0.6788533983908432,0.5239100267223713,0.5239100267223713,0.7577661107823421,0.5239100267223713,0.5239100267223713,0.5239100267223713,0.7166288821135459,0.5239100267223713,0.5239100267223713,0.5679700009563021,0.6616056631376063,0.5239100267223713,0.5239100267223713,0.5239100267223713,0.7129467729537563,0.5239100267223713,0.5684028498914645,0.5240191434574543,0.6892228937290513,0.5239941164386543,0.5239100267223713,0.7135913288365019,0.5239100267223713,0.5688189378416816,0.5239100267223713,0.7173927081643717,0.5239100267223713,0.5239100267223713,0.5239100267223713,0.66474522596399,0.5683040986980884
0.449564708070689,0.49030171099670916,0.4573779358379622,0.9140167204337091,0.6772149964849404,0.4499531078376999,0.5030593987121542,0.6805609373229955,0.629186054988497,0.5026915194916147,0.6649411218943251,0.449564708070689,0.6189322518763716,0.5020460992255867,0.6674600612384227,0.449564708070689,0.7126365621752883,0.449564708070689,0.6237144650252922,0.449564708070689,0.7014348299446773,0.449564708070689,0.6125238778973416,0.7129824661505655,0.449564708070689,0.6781467320505438,0.449564708070689,0.6553256152849057,0.4496942151034197,0.6795774215657328,0.6506516138338778,0.4497018907961025,0.449564708070689,0.6147568918213714,0.7131316543660862,0.449564708070689,0.449564708070689,0.6556537859302244,0.6698150080348323,0.449564708070689,0.667530263622534,0.5011134067932808,0.6180053408970656,0.4507161679764587,0.670371135222067,0.5013995271621106,0.6225437157525223,0.449564708070689,0.7103187983281715,0.6722067169828697,0.44969454883214466,0.655115527347146,0.449564708070689,0.6732995981522604,0.5012109802420015,0.6170478680423457,0.4496638446644224,0.6174247656203257,0.715116497423063,0.449564708070689,0.6137490830546493,0.449564708070689,0.5016881539963555,0.6790433274215023,0.6779891543279294,0.5012743330142065,0.6304417762997324,0.6820488262257827,0.5017906630771636,0.449564708070689,0.6158737261681405,0.4496948825606009,0.7205990379657259,0.667869655474263,0.449564708070689,0.606690313553917,0.5016022674792708,0.449564708070689,0.6681565300211777,0.449564708070689,0.449564708070689,0.449564708070689,0.6552422507711659,0.449564708070689,0.4496938813744262,0.449564708070689,0.6688640757470486,0.449564708070689,0.449564708070689,0.7208830060591624,0.449564708070689,0.449564708070689,0.44969454883214466,0.6272720564779343,0.449564708070689,0.449564708070689,0.7152934016441271,0.449564708070689,0.449564708070689,0.449564708070689,0.6695000505871868,0.449564708070689,0.449564708070689,0.5012026515648655,0.6079050822203041,0.449564708070689,0.449564708070689,0.449564708070689,0.6653931826348971,0.449564708070689,0.5017042003185251,0.4496942151034197,0.6388869256717207,0.44966451217051995,0.449564708070689,0.6661122149498484,0.449564708070689,0.5021862352927488,0.449564708070689,0.6703517820016774,0.449564708070689,0.449564708070689,0.449564708070689,0.6114352395086066,0.5015897844422166
0.2278922097654591,0.3018195288662714,0.24323774936800652,0.8619025546931222,0.5649816713398562,0.22867252139786656,0.32266065471339594,0.569255178106703,0.5026915194916147,0.3220707122958098,0.54924040145043,0.2278922097654591,0.489111881894328,0.3210342099295636,0.5524796326994184,0.2278922097654591,0.6098977579058545,0.2278922097654591,0.49545976567398375,0.2278922097654591,0.5957652893740074,0.2278922097654591,0.48056331767076643,0.6103332441236936,0.2278922097654591,0.5661724300324332,0.2278922097654591,0.5368309355863539,0.22815261176757903,0.5679997572779584,0.5307719403656718,0.2281680385878371,0.2278922097654591,0.4835477252326828,0.6105210529573704,0.2278922097654591,0.2278922097654591,0.5372556683416545,0.5555038183029478,0.2278922097654591,0.552569843112584,0.31953298809730263,0.4878784528639463,0.23019990930527853,0.5562174120983523,0.3199939427655447,0.49390812228080855,0.2278922097654591,0.6069783726728099,0.5585711992253996,0.2281532825207008,0.5365589843970124,0.2278922097654591,0.5599715058149964,0.31969022665746827,0.4866032918965692,0.22809156493208418,0.4871053731818825,0.6130187988194985,0.2278922097654591,0.4822015554192244,0.2278922097654591,0.32045855137404855,0.5673177474939212,0.565971085332763,0.3197922952867099,0.5043466707683903,0.5711532508254997,0.32062346985571294,0.2278922097654591,0.48503808111221636,0.22815395327184113,0.6199095012380711,0.5530059130673349,0.2278922097654591,0.4727371652999146,0.32032033828065337,0.2278922097654591,0.5533744409924074,0.2278922097654591,0.2278922097654591,0.2278922097654591,0.5367230275813132,0.2278922097654591,0.22815194101247468,0.2278922097654591,0.5542831234685334,0.2278922097654591,0.2278922097654591,0.6202660733143076,0.2278922097654591,0.2278922097654591,0.2281532825207008,0.5001654889799254,0.2278922097654591,0.2278922097654591,0.6132413348300271,0.2278922097654591,0.2278922097654591,0.2278922097654591,0.5550995841742974,0.2278922097654591,0.2278922097654591,0.3196768068111515,0.4743704803110712,0.2278922097654591,0.2278922097654591,0.2278922097654591,0.5498220728429816,0.2278922097654591,0.32048437018651893,0.22815261176757903,0.5154363494483263,0.22809290679732175,0.2278922097654591,0.5507469482951884,0.2278922097654591,0.3212594208821393,0.2278922097654591,0.5561925827014313,0.2278922097654591,0.2278922097654591,0.2278922097654591,0.4791061185013328,0.3203002470885954
0.5017394673697892,0.5380868565125009,0.5086684307240159,0.9286240915772462,0.7094353694554274,0.5020833947586384,0.5495722025470942,0.7125415603528262,0.6649411218943251,0.54924040145043,0.698047187812795,0.5017394673697892,0.6554701264008275,0.5486583634473242,0.7003835135812133,0.5017394673697892,0.7423477512705233,0.5017394673697892,0.6598857978003629,0.5017394673697892,0.7319334519946454,0.5017394673697892,0.6495571096222053,0.7426694080489825,0.5017394673697892,0.7103002738490622,0.5017394673697892,0.6891331595812006,0.5018541395616607,0.7116284470104386,0.6848028208805716,0.5018609362061591,0.5017394673697892,0.6516169585259761,0.7428081395957874,0.5017394673697892,0.5017394673697892,0.6894372691908068,0.7025681428170341,0.5017394673697892,0.7004486330676182,0.5478174575716133,0.6546145636071111,0.5027592424221851,0.7030841051727591,0.5480753963863386,0.6588045435690898,0.5017394673697892,0.7401925556596988,0.7047872659768224,0.501854435070116,0.688938479633032,0.5017394673697892,0.705801412529523,0.5479054180531712,0.6537308968027838,0.5018272474652985,0.6540787286882648,0.7446539276600052,0.5017394673697892,0.650687228209404,0.5017394673697892,0.5483356166494998,0.711132608943856,0.7101539950334793,0.5479625306352026,0.6661017641696869,0.7139230513976536,0.5484280420913986,0.5017394673697892,0.6526474101956794,0.5018547305783739,0.7497529374946228,0.7007634566825969,0.5017394673697892,0.6441788295343323,0.5482581807669737,0.5017394673697892,0.7010295710057151,0.5017394673697892,0.5017394673697892,0.5017394673697892,0.6890559086441802,0.5017394673697892,0.5018538440530078,0.5017394673697892,0.7016859385170714,0.5017394673697892,0.5017394673697892,0.7500170614122739,0.5017394673697892,0.5017394673697892,0.501854435070116,0.6631723670971615,0.5017394673697892,0.5017394673697892,0.744818443853734,0.5017394673697892,0.5017394673697892,0.5017394673697892,0.702275941776783,0.5017394673697892,0.5017394673697892,0.5478979098218734,0.645298437978202,0.5017394673697892,0.5017394673697892,0.5017394673697892,0.698466442100605,0.5017394673697892,0.5483500843405954,0.5018541395616607,0.6739116743214163,0.501827838517966,0.5017394673697892,0.6991333241888511,0.5017394673697892,0.5487847284426954,0.5017394673697892,0.7030661493323551,0.5017394673697892,0.5017394673697892,0.5017394673697892,0.6485531129569354,0.5482469261353193
0.0,0.19812412324682738,0.0850933410484541,0.8408964152537145,0.5191874220758278,0.01888776099639279,0.22872858221954492,0.5239100267223713,0.449564708070689,0.2278922097654591,0.5017394673697892,0.0,0.43414371812830543,0.22641903702933902,0.5053369449878893,0.0,0.5685640986249081,0.0,0.44136534053662646,0.0,0.5530857783517519,0.0,0.42438013522459916,0.5690403143704162,0.0,0.5205039003667039,0.0,0.48792116726668816,0.010904853579356224,0.5225232752243779,0.4811520803198457,0.011223411537932241,0.0,0.4277938976578444,0.5692456751654367,0.0,0.0,0.4883951127712359,0.5086922159025922,0.0,0.505437078345762,0.22427682505336985,0.4327377582639652,0.03253608266696473,0.5094834663997151,0.22493568642744374,0.43960228300761767,0.0,0.5653705621330781,0.5120921601178318,0.010918897194607409,0.4876176675269562,0.0,0.5136432197926316,0.22450168192651748,0.43128326124621713,0.009540743063886815,0.4318560723345518,0.5719761044212562,0.0,0.4262547611168533,0.0,0.22559879056649557,0.521769711829972,0.5202813297888289,0.2246475830980012,0.45143733366855426,0.5260057258643939,0.22583393250111047,0.0,0.4294965614948382,0.010932922746273551,0.5795017066712506,0.5059210741916902,0.0,0.41540039776307663,0.2254016307450558,0.0,0.5063300522256099,0.0,0.0,0.0,0.48780074463197814,0.0,0.010890791884169845,0.0,0.5073382678012419,0.0,0.0,0.5798908598919941,0.0,0.0,0.010918897194607409,0.4467039519213338,0.0,0.0,0.5722193043968623,0.0,0.0,0.0,0.5082439125156817,0.0,0.0,0.2244824954858951,0.4172778633642889,0.0,0.0,0.0,0.5023857491785867,0.0,0.2256356113136451,0.010904853579356224,0.46394787669091775,0.009572812863329245,0.0,0.5034131038041533,0.0,0.22673953257480275,0.0,0.5094559379133411,0.0,0.0,0.0,0.42271121748201956,0.22537296363014062
0.43414371812830543,0.4763246103005645,0.44225210510542656,0.9097852775990174,0.6680033109949305,0.43454701642466304,0.4894913032091743,0.6714192478339617,0.6189322518763716,0.489111881894328,0.6554701264008275,0.43414371812830543,0.6084449108129197,0.4884461766554369,0.6580426258675116,0.43414371812830543,0.7041535026025685,0.43414371812830543,0.6133366066029443,0.43414371812830543,0.6927240282325988,0.43414371812830543,0.6018882058006234,0.7045064066499477,0.43414371812830543,0.6689545665192567,0.43414371812830543,0.64564840695302,0.434278195569079,0.6704151863636474,0.6408731015841158,0.43428616576635837,0.43414371812830543,0.6041731218077829,0.704658613434065,0.43414371812830543,0.43414371812830543,0.6459836633310535,0.6604474814718289,0.43414371812830543,0.6581143183385084,0.4874840911386018,0.6074966616885399,0.43533927654530624,0.6610153720334214,0.48777923838287646,0.6121391473942326,0.43414371812830543,0.701788786509184,0.6628897200208883,0.4342785421026607,0.6454337810447984,0.43414371812830543,0.6640056385061446,0.48758474395155216,0.6065171062582789,0.43424665977035026,0.6069027013520739,0.7066835848446754,0.43414371812830543,0.6031419174568288,0.43414371812830543,0.48807696218386815,0.669869924871602,0.6687936890800129,0.4876500955492491,0.6202162673766481,0.672938173646595,0.48818269998692704,0.43414371812830543,0.6053158275076065,0.4342788886359459,0.7122766781537797,0.6584609119960254,0.43414371812830543,0.595917925925377,0.48798836962982206,0.43414371812830543,0.6587538713852877,0.43414371812830543,0.43414371812830543,0.43414371812830543,0.645563241909134,0.43414371812830543,0.43427784903519995,0.43414371812830543,0.6594764147536367,0.43414371812830543,0.43414371812830543,0.712566361343607,0.43414371812830543,0.43414371812830543,0.4342785421026607,0.6169750013932298,0.43414371812830543,0.43414371812830543,0.7068640628018955,0.43414371812830543,0.43414371812830543,0.43414371812830543,0.6601258581238004,0.43414371812830543,0.43414371812830543,0.4875761524662877,0.5971613006274875,0.43414371812830543,0.43414371812830543,0.43414371812830543,0.6559318128859072,0.43414371812830543,0.48809351399103856,0.434278195569079,0.6288500678794704,0.4342473528912532,0.43414371812830543,0.656666143271813,0.43414371812830543,0.4885907208820283,0.43414371812830543,0.6609956095920274,0.43414371812830543,0.43414371812830543,0.43414371812830543,0.6007741787245126,0.4879754932217933
0.22641903702933902,0.30071185924704136,0.2418586192746354,0.8616421615583028,0.5644192634764171,0.2272044354303987,0.32162609482853816,0.5686979656779187,0.5020460992255867,0.3210342099295636,0.5486583634473242,0.22641903702933902,0.4884461766554369,0.3199942778906892,0.551901700128473,0.22641903702933902,0.6093874872569832,0.22641903702933902,0.49480365680813276,0.22641903702933902,0.5952391646813475,0.22641903702933902,0.4798843558576047,0.6098234548773729,0.22641903702933902,0.5656114753237095,0.22641903702933902,0.5362328316014476,0.22668114043925086,0.5674410242599851,0.5301657869833668,0.22669666793280305,0.22641903702933902,0.4828734361553114,0.610011471195318,0.22641903702933902,0.22641903702933902,0.536658123425782,0.5549296870688964,0.22641903702933902,0.5519920243714932,0.3184880502866057,0.48721085894340177,0.228741680250925,0.5556441734678417,0.3189505468568643,0.49324968659948987,0.22641903702933902,0.6064648641387862,0.5580008931902477,0.22668181556989916,0.5359605220948157,0.22641903702933902,0.5594029360330037,0.3186458152992909,0.485933736990643,0.22661969508675375,0.4864365914177665,0.6125119692832797,0.22641903702933902,0.48152516465661305,0.22641903702933902,0.31941670521916027,0.5667581864485727,0.5654098852124824,0.31874822539602254,0.5037036615826551,0.5705983285617489,0.31958217275326956,0.22641903702933902,0.4843661073822691,0.2266824906985256,0.6194101968579342,0.5524286441892796,0.22641903702933902,0.47204571312460264,0.31927803155794493,0.22641903702933902,0.5527976363184077,0.22641903702933902,0.22641903702933902,0.22641903702933902,0.5361247814519897,0.22641903702933902,0.2266804653065818,0.22641903702933902,0.5537074614695232,0.22641903702933902,0.22641903702933902,0.6197671557078172,0.22641903702933902,0.22641903702933902,0.22668181556989916,0.4995163639829855,0.22641903702933902,0.22641903702933902,0.6127347498586665,0.22641903702933902,0.22641903702933902,0.22641903702933902,0.5545249465658136,0.22641903702933902,0.22641903702933902,0.31863235054149314,0.4736816638080544,0.22641903702933902,0.22641903702933902,0.22641903702933902,0.5492407746648993,0.22641903702933902,0.31944261002485264,0.22668114043925086,0.5148091715421447,0.22662104571405622,0.22641903702933902,0.5501668241001517,0.22641903702933902,0.3202202358727619,0.22641903702933902,0.5556193130406681,0.22641903702933902,0.22641903702933902,0.22641903702933902,0.47842485728513606,0.31925787338374606
0.5053369449878893,0.5414058840167912,0.5122104411600663,0.9296413315173234,0.711710188774006,0.5056780904208809,0.5528090962351974,0.714799693292968,0.6674600612384227,0.5524796326994184,0.7003835135812133,0.5053369449878893,0.6580426258675116,0.551901700128473,0.7027071756996588,0.5053369449878893,0.7444471846281487,0.5053369449878893,0.6624332419408606,0.5053369449878893,0.7340880998235482,0.5053369449878893,0.6521634027269602,0.7447671387553637,0.5053369449878893,0.7125704433480236,0.5053369449878893,0.6915180427224112,0.5054506892813369,0.713891481511772,0.6872114412729443,0.5054574309397656,0.5053369449878893,0.6542114469938115,0.7449051359846575,0.5053369449878893,0.5053369449878893,0.691820489123086,0.7048799855642398,0.5053369449878893,0.7027719425701174,0.551066736770714,0.6571919352665223,0.5063484801732089,0.7053931594608976,0.5513228513771596,0.6613581090953041,0.5053369449878893,0.7423034009037405,0.7070871237193427,0.5054509823990511,0.6913244277573141,0.5053369449878893,0.7080957999079488,0.551154075033645,0.6563133068139827,0.5054240147585405,0.6566591547415935,0.7467411563911645,0.5053369449878893,0.6532870404516048,0.5053369449878893,0.5515812325578195,0.7133983063493124,0.7124249507462053,0.5512107836878151,0.6686141852744147,0.7161737741596321,0.5516730050958283,0.5053369449878893,0.655236006419754,0.5054512755165717,0.7518132014606478,0.703085061710547,0.5053369449878893,0.6468161137418684,0.5515043438139812,0.5053369449878893,0.7033497356167517,0.5053369449878893,0.5053369449878893,0.5053369449878893,0.6914412143571985,0.5053369449878893,0.5054503961634287,0.5053369449878893,0.704002551690768,0.5053369449878893,0.5053369449878893,0.7520759292352579,0.5053369449878893,0.5053369449878893,0.5054509823990511,0.6657012584174051,0.5053369449878893,0.5053369449878893,0.7469048021817205,0.5053369449878893,0.5053369449878893,0.5053369449878893,0.7045893641974093,0.5053369449878893,0.5053369449878893,0.5511466199087396,0.6479292501326559,0.5053369449878893,0.5053369449878893,0.5053369449878893,0.7008004935397563,0.5053369449878893,0.5515955980369669,0.5054506892813369,0.6763804754178,0.5054246010290285,0.5053369449878893,0.7014637596557731,0.5053369449878893,0.5520271732671614,0.5053369449878893,0.7053753006416676,0.5053369449878893,0.5053369449878893,0.5053369449878893,0.6511651726132656,0.5514931687134934
0.0,0.19812412324682738,0.0850933410484541,0.8408964152537145,0.5191874220758278,0.01888776099639279,0.22872858221954492,0.5239100267223713,0.449564708070689,0.2278922097654591,0.5017394673697892,0.0,0.43414371812830543,0.22641903702933902,0.5053369449878893,0.0,0.5685640986249081,0.0,0.44136534053662646,0.0,0.5530857783517519,0.0,0.42438013522459916,0.5690403143704162,0.0,0.5205039003667039,0.0,0.48792116726668816,0.010904853579356224,0.5225232752243779,0.4811520803198457,0.011223411537932241,0.0,0.4277938976578444,0.5692456751654367,0.0,0.0,0.4883951127712359,0.5086922159025922,0.0,0.505437078345762,0.22427682505336985,0.4327377582639652,0.03253608266696473,0.5094834663997151,0.22493568642744374,0.43960228300761767,0.0,0.5653705621330781,0.5120921601178318,0.010918897194607409,0.4876176675269562,0.0,0.5136432197926316,0.22450168192651748,0.43128326124621713,0.009540743063886815,0.4318560723345518,0.5719761044212562,0.0,0.4262547611168533,0.0,0.22559879056649557,0.521769711829972,0.5202813297888289,0.2246475830980012,0.45143733366855426,0.5260057258643939,0.22583393250111047,0.0,0.4294965614948382,0.010932922746273551,0.5795017066712506,0.5059210741916902,0.0,0.41540039776307663,0.2254016307450558,0.0,0.5063300522256099,0.0,0.0,0.0,0.48780074463197814,0.0,0.010890791884169845,0.0,0.5073382678012419,0.0,0.0,0.5798908598919941,0.0,0.0,0.010918897194607409,0.4467039519213338,0.0,0.0,0.5722193043968623,0.0,0.0,0.0,0.5082439125156817,0.0,0.0,0.2244824954858951,0.4172778633642889,0.0,0.0,0.0,0.5023857491785867,0.0,0.2256356113136451,0.010904853579356224,0.46394787669091775,0.009572812863329245,0.0,0.5034131038041533,0.0,0.22673953257480275,0.0,0.5094559379133411,0.0,0.0,0.0,0.42271121748201956,0.22537296363014062
0.5685640986249081,0.6001346491593954,0.5745509223521119,0.947483023378822,0.752583642974925,0.5688608853288275,0.610188684781434,0.7553764843089749,0.7126365621752883,0.6098977579058545,0.7423477512705233,0.5685640986249081,0.7041535026025685,0.6093874872569832,0.7444471846281487,0.5685640986249081,0.7821873472226967,0.5685640986249081,0.7081074701533101,0.5685640986249081,0.7728182194122925,0.5685640986249081,0.6988619458258786,0.7824767239493293,0.5685640986249081,0.7533612608744529,0.5685640986249081,0.7343403292956103,0.5686630487503609,0.7545554485672006,0.7304521723022536,0.5686689136839146,0.5685640986249081,0.7007048755914036,0.7826015328780082,0.5685640986249081,0.5685640986249081,0.7346134312614193,0.7464105482627656,0.5685640986249081,0.7445057052602984,0.6086504187289011,0.7033876288625833,0.5694442133148258,0.7468742856577506,0.6088764875745157,0.7071390904307632,0.5685640986249081,0.780248429498159,0.7484051416750863,0.5686633037490232,0.7341655023881888,0.5685640986249081,0.7493167507767028,0.6087275092471405,0.7025966779677261,0.5686398432817721,0.7029080048674295,0.7842620744599378,0.5685640986249081,0.6998729958423704,0.5685640986249081,0.6091045730139928,0.7541096228578948,0.7532297425835267,0.6087775650294763,0.7136767270436628,0.7566187216049116,0.609185588870557,0.5685640986249081,0.7016269858609144,0.5686635587475443,0.7888491889557085,0.7447886293226909,0.5685640986249081,0.6940522944393168,0.609036697968807,0.5685640986249081,0.7450277833735977,0.5685640986249081,0.5685640986249081,0.5685640986249081,0.7342709559547322,0.5685640986249081,0.5686627937515577,0.5685640986249081,0.7456176684697062,0.5685640986249081,0.5685640986249081,0.7890867888286733,0.5685640986249081,0.5685640986249081,0.5686633037490232,0.7110516484864573,0.5685640986249081,0.5685640986249081,0.7844100784976815,0.5685640986249081,0.5685640986249081,0.5685640986249081,0.7461479289243539,0.5685640986249081,0.5685640986249081,0.6087209287901861,0.6950532556845141,0.5685640986249081,0.5685640986249081,0.5685640986249081,0.7427244745035283,0.5685640986249081,0.6091172545789332,0.5686630487503609,0.7206790462738742,0.5686403533046226,0.5685640986249081,0.7433237238423572,0.5685640986249081,0.609498263764299,0.5685640986249081,0.7468581470732343,0.5685640986249081,0.5685640986249081,0.5685640986249081,0.697963848673568,0.6090268330475835
