0.0,0.0,0.1433440051805738,0.163480133993242,0.5234608474011122,0.8408964121211313,0.0063682879304523664,0.234692681583475,0.5269722789885761,0.0,0.4523456532060137,0.22860363377584758,0.5040463932721669,0.0,0.43614260257588106,0.5632384281609588,0.0,0.0,0.571949795203046,0.44395203009790607,0.0,0.5001731081178693,0.22864170512277243,0.42689189954285267,0.0,0.5724641967678104,0.0,0.5234779138615985,0.49048544566081026,0.0,0.0,0.5251345047408466,0.4839543289511195,0.0,0.43026505424100353,0.0,0.5724515083672523,0.43052726388960744,0.009604951435468504,0.22734786309148156,0.5110697068971494,0.0,0.5624133974675759,0.43338118859503827,0.047316955633762973,0.0,0.5668703932494776,0.0,0.4418502410809282,0.5687273504574278,0.0,0.5143027797262884,0.0,0.49049964861214373,0.0,0.5166718430787848,0.4928646596894608,0.0,0.43417363780042845,0.22681335699637004,0.5209486158859318,0.0,0.42836096967915166,0.2267386602423071,0.524787932551034,0.0,0.5234625205947194,0.22578259637347728,0.4534373802260829,0.5292462522799797,0.22693939570844157,0.4320756099861923,0.0,0.5827042618982922,0.01180302428039692,0.5089480718366525,0.4174194471390222,0.22661182588905543,0.0,0.0,0.5089141425478739,0.0,0.0,0.4303375442759069,0.22670987154300637,0.0,0.0,0.5098993074482177,0.0,0.0,0.5833829407081463,0.0,0.0,0.0,0.4489773715696807,0.0,0.0,0.22584109090335003,0.5197973178597235,0.0,0.010973921362434122,0.0,0.5109525599675383,0.0,0.22568828554537965,0.41930849814017096,0.0,0.0,0.0,0.504874766818669,0.0,0.22700512770077955,0.0,0.4664813984770662,0.0,0.0,0.0,0.5066527789869697,0.22784976054618317,0.0,0.0,0.5122170867001522,0.0,0.0,0.4250944146391476
0.0,0.0,0.1433440051805738,0.163480133993242,0.5234608474011122,0.8408964121211313,0.0063682879304523664,0.234692681583475,0.5269722789885761,0.0,0.4523456532060137,0.22860363377584758,0.5040463932721669,0.0,0.43614260257588106,0.5632384281609588,0.0,0.0,0.571949795203046,0.44395203009790607,0.0,0.5001731081178693,0.22864170512277243,0.42689189954285267,0.0,0.5724641967678104,0.0,0.5234779138615985,0.49048544566081026,0.0,0.0,0.5251345047408466,0.4839543289511195,0.0,0.43026505424100353,0.0,0.5724515083672523,0.43052726388960744,0.009604951435468504,0.22734786309148156,0.5110697068971494,0.0,0.5624133974675759,0.43338118859503827,0.047316955633762973,0.0,0.5668703932494776,0.0,0.4418502410809282,0.5687273504574278,0.0,0.5143027797262884,0.0,0.49049964861214373,0.0,0.5166718430787848,0.4928646596894608,0.0,0.43417363780042845,0.22681335699637004,0.5209486158859318,0.0,0.42836096967915166,0.2267386602423071,0.524787932551034,0.0,0.5234625205947194,0.22578259637347728,0.4534373802260829,0.5292462522799797,0.22693939570844157,0.4320756099861923,0.0,0.5827042618982922,0.01180302428039692,0.5089480718366525,0.4174194471390222,0.22661182588905543,0.0,0.0,0.5089141425478739,0.0,0.0,0.4303375442759069,0.22670987154300637,0.0,0.0,0.5098993074482177,0.0,0.0,0.5833829407081463,0.0,0.0,0.0,0.4489773715696807,0.0,0.0,0.22584109090335003,0.5197973178597235,0.0,0.010973921362434122,0.0,0.5109525599675383,0.0,0.22568828554537965,0.41930849814017096,0.0,0.0,0.0,0.504874766818669,0.0,0.22700512770077955,0.0,0.4664813984770662,0.0,0.0,0.0,0.5066527789869697,0.22784976054618317,0.0,0.0,0.5122170867001522,0.0,0.0,0.4250944146391476
0.1433440051805738,0.1433440051805738,0.20269763583286288,0.21739428724926407,0.5419543223333264,0.8494037728585535,0.14348536626815125,0.27492787575361727,0.5453260325203086,0.1433440051805738,0.4740107115785366,0.2697554717320873,0.5233377703804939,0.1433440051805738,0.4586420669312331,0.5802212478489326,0.1433440051805738,0.1433440051805738,0.5886208420174934,0.4660431878131658,0.1433440051805738,0.5196291341914063,0.26978769445377726,0.44989070805757353,0.1433440051805738,0.589117024170576,0.1433440051805738,0.541970706456259,0.5103618436948903,0.1433440051805738,0.1433440051805738,0.5435612168269508,0.5041213469730286,0.1433440051805738,0.4530797506107068,0.1433440051805738,0.5891047849259798,0.45332774742356774,0.14366537282588163,0.2686934632195345,0.5300672939139396,0.1433440051805738,0.579426067946322,0.4560278875184794,0.15094990537434907,0.1433440051805738,0.5837224769919962,0.1433440051805738,0.46405013663605177,0.5855130092847594,0.1433440051805738,0.5331671248170368,0.1433440051805738,0.5103754211185623,0.1433440051805738,0.5354393320377746,0.5126366561710518,0.1433440051805738,0.45677792831884645,0.26824193191298407,0.5395428844441247,0.1433440051805738,0.45127930209278844,0.2681788548205595,0.5432284443998009,0.1433440051805738,0.5419559286292299,0.2673720366545516,0.4750479508369361,0.5475102323787416,0.2683483776877821,0.45479245447375793,0.1433440051805738,0.5989986224875953,0.14382901512625748,0.528033773657056,0.4409483029312651,0.2680717640558257,0.1433440051805738,0.1433440051805738,0.5280012579194451,0.1433440051805738,0.1433440051805738,0.4531483099723499,0.26815454600256544,0.1433440051805738,0.1433440051805738,0.5289454359139077,0.1433440051805738,0.1433440051805738,0.5996538196611302,0.1433440051805738,0.1433440051805738,0.1433440051805738,0.47081187846329453,0.1433440051805738,0.1433440051805738,0.2674213720106674,0.5384380131421579,0.1433440051805738,0.14376336528273476,0.1433440051805738,0.5299549981674709,0.1433440051805738,0.2672925008681595,0.4427300760222952,0.1433440051805738,0.1433440051805738,0.1433440051805738,0.5241311764484662,0.1433440051805738,0.2684038981809898,0.1433440051805738,0.48745674337353184,0.1433440051805738,0.1433440051805738,0.1433440051805738,0.5258344229980447,0.2691177214019922,0.1433440051805738,0.1433440051805738,0.5311672460127271,0.1433440051805738,0.1433440051805738,0.448192310021368
0.163480133993242,0.163480133993242,0.21739428724926407,0.2311545277840511,0.5473721297770773,0.8519108884393308,0.163604079390456,0.28591285774788544,0.5507042434572975,0.163480133993242,0.4803163516054823,0.2809451703452459,0.5289809427541672,0.163480133993242,0.4651776042595406,0.5852089164410504,0.163480133993242,0.163480133993242,0.5935191969502559,0.47246642719913146,0.163480133993242,0.5253186481564122,0.2809760952777967,0.4565630545020767,0.163480133993242,0.59401015424379,0.163480133993242,0.5473883206231207,0.516169416547758,0.163480133993242,0.163480133993242,0.5489601088071796,0.510010319646109,0.163480133993242,0.45970172245839586,0.163480133993242,0.5939980438129033,0.4599458272095577,0.16376194990298906,0.27992609583507333,0.5356276375506976,0.163480133993242,0.5844222784450073,0.46260382446586423,0.1701874901149837,0.163480133993242,0.5886727155093849,0.163480133993242,0.47050332013158885,0.5904442180232445,0.163480133993242,0.5386898448861558,0.163480133993242,0.516182818573088,0.163480133993242,0.5409346800833676,0.5184149432760999,0.163480133993242,0.46334223402481656,0.2794929138442585,0.5449892321155421,0.163480133993242,0.4579296394283407,0.27943240462244484,0.5486312469046856,0.163480133993242,0.5473737171237791,0.27865853078939823,0.48133852300875646,0.5528629813222676,0.2795950287378922,0.4613876208408984,0.163480133993242,0.6037888306371499,0.16390550805763562,0.5336189783226427,0.44776522654499373,0.2793296760839153,0.163480133993242,0.163480133993242,0.5335868612794342,0.163480133993242,0.163480133993242,0.4597692054866974,0.27940908571530065,0.163480133993242,0.163480133993242,0.5345194771828798,0.163480133993242,0.163480133993242,0.6044372777354236,0.163480133993242,0.163480133993242,0.163480133993242,0.4771643341992595,0.163480133993242,0.163480133993242,0.27870584639142254,0.5438974998970253,0.163480133993242,0.16384791103503019,0.163480133993242,0.5355167109490837,0.163480133993242,0.27858225259161606,0.44951779222508126,0.163480133993242,0.163480133993242,0.163480133993242,0.5297644997289869,0.163480133993242,0.27964829156932064,0.163480133993242,0.4935711607644278,0.163480133993242,0.163480133993242,0.163480133993242,0.531446678972215,0.28033316488932075,0.163480133993242,0.163480133993242,0.5367142016334209,0.163480133993242,0.163480133993242,0.45489173436848224
0.5234608474011122,0.5234608474011122,0.5419543223333264,0.5473721297770773,0.7259805568634164,0.9347719155325551,0.5234981007047785,0.5714611177048495,0.7282204739200788,0.5234608474011122,0.6819083346059686,0.5691188743737029,0.7136940656625977,0.5234608474011122,0.6722709044867786,0.7516337164969719,0.5234608474011122,0.5234608474011122,0.7573252866093827,0.6768946722424601,0.5234608474011122,0.7112637619130249,0.5691333632737106,0.6668468418218872,0.5234608474011122,0.7576620951695042,0.5234608474011122,0.7259914308432505,0.7052176384024201,0.5234608474011122,0.5234608474011122,0.7270475236572428,0.7011686552364506,0.5234608474011122,0.6688178601650344,0.5234608474011122,0.7576537863909331,0.6689714053753345,0.5235455870901887,0.5686420685323076,0.7181190371663178,0.5234608474011122,0.7510959180426691,0.6706456578380449,0.5255128694277156,0.5234608474011122,0.754003799617199,0.5234608474011122,0.6756463117599679,0.7552171744290804,0.5234608474011122,0.7201636662698447,0.5234608474011122,0.7052264677773545,0.5234608474011122,0.7216648781606476,0.7066981379671046,0.5234608474011122,0.671111531533127,0.5684397731386017,0.7243812349071482,0.5234608474011122,0.6677042859278067,0.5684115335987895,0.7268264845373646,0.5234608474011122,0.7259816229415322,0.5680507616902364,0.6825637060245434,0.7296737695445871,0.5684874400787236,0.6698790507346745,0.5234608474011122,0.7643827417975648,0.5235888038801289,0.7167798930632032,0.6613547249302908,0.5683636005970067,0.5234608474011122,0.5234608474011122,0.7167584943232856,0.5234608474011122,0.5234608474011122,0.6688603042822545,0.5684006518992624,0.5234608474011122,0.5234608474011122,0.7173800416443117,0.5234608474011122,0.5234608474011122,0.7648291967950441,0.5234608474011122,0.5234608474011122,0.5234608474011122,0.6798910285803412,0.5234608474011122,0.5234608474011122,0.5680727987607171,0.7236492112389501,0.5234608474011122,0.5235714607980082,0.5234608474011122,0.7180450416912141,0.5234608474011122,0.5680152411511583,0.6624448677398053,0.5234608474011122,0.5234608474011122,0.5234608474011122,0.7142147668011248,0.5234608474011122,0.5685123080540935,0.5234608474011122,0.6904502164639847,0.5234608474011122,0.5234608474011122,0.5234608474011122,0.715333494040804,0.5688323772269211,0.5234608474011122,0.5234608474011122,0.718844107983948,0.5234608474011122,0.5234608474011122,0.6657997653905607
0.8408964121211313,0.8408964121211313,0.8494037728585535,0.8519108884393308,0.9347719155325551,1.0,0.8409134629179621,0.8631229506207564,0.9357660971692587,0.8408964121211313,0.9147850736995303,0.8620288106148812,0.9292763345395654,0.8408964121211313,0.9103307766625517,0.945993008001317,0.8408964121211313,0.8408964121211313,0.9484279385643407,0.9124706895830248,0.8408964121211313,0.9281813902937963,0.8620355766097347,0.9078143298399566,0.8408964121211313,0.9485713337128951,0.8408964121211313,0.9347767479443567,0.9254470124658575,0.8408964121211313,0.8408964121211313,0.9352457983644944,0.9236080183117606,0.8408964121211313,0.9087294962093947,0.8408964121211313,0.9485677972333978,0.9088007547926849,0.8409351979261618,0.861806168852679,0.9312634685984126,0.8408964121211313,0.9457618086552976,0.9095774272323811,0.841836172318792,0.8408964121211313,0.9470096253516552,0.8408964121211313,0.9118934413424967,0.9475286270405991,0.8408964121211313,0.9321787216372974,0.8408964121211313,0.9254510159716408,0.8408964121211313,0.9328495007869797,0.9261178994560866,0.8408964121211313,0.909793433535031,0.8617117175988913,0.9340605443520212,0.8408964121211313,0.9082125502554373,0.8616985330716509,0.9351476724076965,0.8408964121211313,0.9347723893017317,0.8615301049521039,0.9150871159616208,0.936409785753588,0.8617339726755774,0.9092218796121502,0.8408964121211313,0.9514156120666422,0.8409549792231812,0.9306629993188763,0.9052601931812514,0.8616761542776744,0.8408964121211313,0.8408964121211313,0.9306533977219017,0.8408964121211313,0.8408964121211313,0.9087491945419626,0.8616934526335712,0.8408964121211313,0.8408964121211313,0.930932203118677,0.8408964121211313,0.8408964121211313,0.9516033798149397,0.8408964121211313,0.8408964121211313,0.8408964121211313,0.9138546349651266,0.8408964121211313,0.8408964121211313,0.8615403925472638,0.9337345297065482,0.8408964121211313,0.840947040844044,0.8408964121211313,0.9312303100363591,0.8408964121211313,0.8615135229935931,0.9057676268165581,0.8408964121211313,0.8408964121211313,0.8408964121211313,0.929510607146565,0.8408964121211313,0.8617455833354744,0.8408964121211313,0.9187122685730237,0.8408964121211313,0.8408964121211313,0.8408964121211313,0.9300135499547081,0.861895028680436,0.8408964121211313,0.8408964121211313,0.9315882543702121,0.8408964121211313,0.8408964121211313,0.9073278357617303
0.0063682879304523664,0.0063682879304523664,0.14348536626815125,0.163604079390456,0.5234981007047785,0.8409134629179621,0.009006119141344656,0.23477893488998863,0.5270092433424466,0.0063682879304523664,0.4523895299854431,0.2286921970820172,0.5040853010633702,0.0063682879304523664,0.4361882440387826,0.5632725689745314,0.0063682879304523664,0.0063682879304523664,0.5719832967274429,0.4439968068096716,0.0063682879304523664,0.500212358266767,0.22873025360708626,0.42693860182558735,0.0063682879304523664,0.5724976609646119,0.0063682879304523664,0.5235151657536135,0.4905255714106347,0.0063682879304523664,0.0063682879304523664,0.5251716199479961,0.48399506133139486,0.0063682879304523664,0.4303113649685439,0.0063682879304523664,0.5724849734842351,0.4305735444110307,0.011524330059148859,0.22743691804959965,0.5111080046204886,0.0063682879304523664,0.5624475995435144,0.43342714247053465,0.04774357839392736,0.0063682879304523664,0.5669042658659066,0.0063682879304523664,0.44189524785689416,0.5687610868755699,0.0063682879304523664,0.5143408011076172,0.0063682879304523664,0.4905397730574109,0.0063682879304523664,0.5167096637138483,0.49290456777442054,0.0063682879304523664,0.43421950165874107,0.22690262285864413,0.520986077775483,0.0063682879304523664,0.4284075007505253,0.22682795565676347,0.5248250762982647,0.0063682879304523664,0.5234997737599845,0.22587227174638078,0.45348114210755297,0.5292830310970988,0.2270286117499109,0.432121712811641,0.0063682879304523664,0.582736992365643,0.013411430673941785,0.508986552425249,0.41746727948685614,0.22670117152706798,0.0063682879304523664,0.0063682879304523664,0.5089526260707808,0.0063682879304523664,0.0063682879304523664,0.4303838466494094,0.226799178352252,0.0063682879304523664,0.0063682879304523664,0.5099377058984647,0.0063682879304523664,0.0063682879304523664,0.5834156231574579,0.0063682879304523664,0.0063682879304523664,0.0063682879304523664,0.44902160592593876,0.0063682879304523664,0.0063682879304523664,0.2259307429377759,0.5198348758661795,0.0063682879304523664,0.012687869823747347,0.0063682879304523664,0.5109908677561562,0.0063682879304523664,0.2257779985722144,0.4193561014315701,0.0063682879304523664,0.0063682879304523664,0.0063682879304523664,0.5049136019438007,0.0063682879304523664,0.22709431778135278,0.0063682879304523664,0.4665238238428952,0.0063682879304523664,0.0063682879304523664,0.0063682879304523664,0.5066914587909948,0.2279386183598608,0.0063682879304523664,0.0063682879304523664,0.5122552860348473,0.0063682879304523664,0.0063682879304523664,0.42514132785831066
0.234692681583475,0.234692681583475,0.27492787575361727,0.28591285774788544,0.5714611177048495,0.8631229506207564,0.23477893488998863,0.3316535460727141,0.5746237260716426,0.234692681583475,0.5081547328584185,0.327392234700288,0.5540310547778734,0.234692681583475,0.4939701994594861,0.6074466694742521,0.234692681583475,0.234692681583475,0.6153698941988319,0.5007938011270264,0.234692681583475,0.550565621691396,0.327418702391148,0.4859201108333308,0.234692681583475,0.6158381810735618,0.234692681583475,0.5714764816257247,0.5419166994682862,0.234692681583475,0.234692681583475,0.5729681466139125,0.5361015359588601,0.234692681583475,0.4888512339697446,0.234692681583475,0.615826629595772,0.4890792889287902,0.2348888451912977,0.3265204669906838,0.5603252276144122,0.234692681583475,0.6066970022754691,0.4915633689227874,0.23940762766176316,0.234692681583475,0.6107483679115394,0.234692681583475,0.4989549104378988,0.6124373966789404,0.234692681583475,0.5632270295781503,0.234692681583475,0.5419293594894594,0.234692681583475,0.565355057585193,0.5440382822353944,0.234692681583475,0.4922537356463981,0.3261501530630131,0.5692002785290993,0.234692681583475,0.48719606013444994,0.3260984375997026,0.5726560236151702,0.234692681583475,0.5714626239785714,0.32543729062215504,0.5091141174378508,0.5766733666524984,0.32623743435733693,0.4904265521785018,0.234692681583475,0.625169668992485,0.23498883834985773,0.5584224664661432,0.47771601582321654,0.3260106452700548,0.234692681583475,0.234692681583475,0.5583920470839782,0.234692681583475,0.234692681583475,0.48891427870145676,0.32607850839797653,0.234692681583475,0.234692681583475,0.5592754230871023,0.234692681583475,0.234692681583475,0.6257887468592902,0.234692681583475,0.234692681583475,0.234692681583475,0.5051976015333144,0.234692681583475,0.234692681583475,0.32547770007362437,0.5681647054063557,0.234692681583475,0.23494871465983105,0.234692681583475,0.5602201349972538,0.234692681583475,0.3253721497523528,0.4793488674631955,0.234692681583475,0.234692681583475,0.234692681583475,0.5547727379904155,0.234692681583475,0.3262829633532918,0.234692681583475,0.5206105115736086,0.234692681583475,0.234692681583475,0.234692681583475,0.5563653086055563,0.326868594895151,0.234692681583475,0.234692681583475,0.5613547326924522,0.234692681583475,0.234692681583475,0.4843602093297897
0.5269722789885761,0.5269722789885761,0.5453260325203086,0.5507042434572975,0.7282204739200788,0.9357660971692587,0.5270092433424466,0.5746237260716426,0.7304481769210187,0.5269722789885761,0.6843923273356957,0.5722975242210493,0.7160012360226754,0.5269722789885761,0.6748095903671509,0.7537343175052276,0.5269722789885761,0.5269722789885761,0.7593950783535183,0.6794070441838497,0.5269722789885761,0.7135842942411845,0.5723119136135906,0.6694165801266728,0.5269722789885761,0.7597300639971095,0.5269722789885761,0.7282312885741407,0.7075715108457482,0.5269722789885761,0.5269722789885761,0.7292816210618562,0.7035449397214559,0.5269722789885761,0.6713762908117831,0.5269722789885761,0.7597218001881839,0.671528956289123,0.5270563614524199,0.5718239949390599,0.7204019318728191,0.5269722789885761,0.7531994309851109,0.6731936268052298,0.5290084316072511,0.5269722789885761,0.7560915695710156,0.5269722789885761,0.6781657744014096,0.75729837640045,0.5269722789885761,0.7224353656943042,0.5269722789885761,0.7075802914251094,0.5269722789885761,0.7239283659436866,0.7090438329556589,0.5269722789885761,0.6736568376846327,0.5716230908331935,0.726629880892073,0.5269722789885761,0.6702691017256304,0.5715950455648833,0.7290617873354724,0.5269722789885761,0.7282215341819196,0.5712367567192447,0.6850440004225465,0.7318935544704539,0.5716704298826345,0.6724314046772222,0.5269722789885761,0.7664143343473147,0.5270992431238635,0.7190701274446275,0.663956119957458,0.5715474423443354,0.5269722789885761,0.5269722789885761,0.719048846036245,0.5269722789885761,0.5269722789885761,0.6714184917301281,0.5715842387286043,0.5269722789885761,0.5269722789885761,0.7196669859643283,0.5269722789885761,0.5269722789885761,0.7668583723844632,0.5269722789885761,0.5269722789885761,0.5269722789885761,0.6823864213995641,0.5269722789885761,0.5269722789885761,0.5712586420545844,0.7259018548478305,0.5269722789885761,0.5270820345211243,0.5269722789885761,0.7203283418050692,0.5269722789885761,0.5712014807720314,0.6650399613406196,0.5269722789885761,0.5269722789885761,0.5269722789885761,0.7165190770797267,0.5269722789885761,0.5716951268114565,0.5269722789885761,0.6928861998637896,0.5269722789885761,0.5269722789885761,0.5269722789885761,0.7176316626380965,0.5720129954022836,0.5269722789885761,0.5269722789885761,0.7211230310901764,0.5269722789885761,0.5269722789885761,0.6683755220078237
0.0,0.0,0.1433440051805738,0.163480133993242,0.5234608474011122,0.8408964121211313,0.0063682879304523664,0.234692681583475,0.5269722789885761,0.0,0.4523456532060137,0.22860363377584758,0.5040463932721669,0.0,0.43614260257588106,0.5632384281609588,0.0,0.0,0.571949795203046,0.44395203009790607,0.0,0.5001731081178693,0.22864170512277243,0.42689189954285267,0.0,0.5724641967678104,0.0,0.5234779138615985,0.49048544566081026,0.0,0.0,0.5251345047408466,0.4839543289511195,0.0,0.43026505424100353,0.0,0.5724515083672523,0.43052726388960744,0.009604951435468504,0.22734786309148156,0.5110697068971494,0.0,0.5624133974675759,0.43338118859503827,0.047316955633762973,0.0,0.5668703932494776,0.0,0.4418502410809282,0.5687273504574278,0.0,0.5143027797262884,0.0,0.49049964861214373,0.0,0.5166718430787848,0.4928646596894608,0.0,0.43417363780042845,0.22681335699637004,0.5209486158859318,0.0,0.42836096967915166,0.2267386602423071,0.524787932551034,0.0,0.5234625205947194,0.22578259637347728,0.4534373802260829,0.5292462522799797,0.22693939570844157,0.4320756099861923,0.0,0.5827042618982922,0.01180302428039692,0.5089480718366525,0.4174194471390222,0.22661182588905543,0.0,0.0,0.5089141425478739,0.0,0.0,0.4303375442759069,0.22670987154300637,0.0,0.0,0.5098993074482177,0.0,0.0,0.5833829407081463,0.0,0.0,0.0,0.4489773715696807,0.0,0.0,0.22584109090335003,0.5197973178597235,0.0,0.010973921362434122,0.0,0.5109525599675383,0.0,0.22568828554537965,0.41930849814017096,0.0,0.0,0.0,0.504874766818669,0.0,0.22700512770077955,0.0,0.4664813984770662,0.0,0.0,0.0,0.5066527789869697,0.22784976054618317,0.0,0.0,0.5122170867001522,0.0,0.0,0.4250944146391476
0.4523456532060137,0.4523456532060137,0.4740107115785366,0.4803163516054823,0.6819083346059686,0.9147850736995303,0.4523895299854431,0.5081547328584185,0.6843923273356957,0.4523456532060137,0.6329097138476523,0.5054610872745657,0.6682739056368798,0.4523456532060137,0.6221545677730154,0.710332898363334,0.4523456532060137,0.4523456532060137,0.7166337864034582,0.6273167615481731,0.4523456532060137,0.6655749660602087,0.5054777581146624,0.6160934898169022,0.4523456532060137,0.7170066083392627,0.4523456532060137,0.6819203946342348,0.6588573277873605,0.4523456532060137,0.4523456532060137,0.6830916239088988,0.6543559336404824,0.4523456532060137,0.6182966822677864,0.4523456532060137,0.7169974111958518,0.6184682805987453,0.45244545779717976,0.5049124199916815,0.6731862191842204,0.4523456532060137,0.7097374458960469,0.6203390727663676,0.4547610376335565,0.4523456532060137,0.7129568931663389,0.4523456532060137,0.625923437286068,0.7143001572738705,0.4523456532060137,0.6754552933791037,0.4523456532060137,0.6588671412667318,0.4523456532060137,0.6771210131075083,0.6605026961201221,0.4523456532060137,0.6208595346208998,0.504679602077719,0.680134446020039,0.4523456532060137,0.6170520343961656,0.5046471001284346,0.6828464956245984,0.4523456532060137,0.6819095169640267,0.5042318395895052,0.6336404721595247,0.6860037345308311,0.5047344628630673,0.6194825444737513,0.4523456532060137,0.7244450163719534,0.4524963556189729,0.671699824207135,0.6099501056505683,0.5045919313339238,0.4523456532060137,0.4523456532060137,0.6716760708548096,0.4523456532060137,0.4523456532060137,0.6183441172459893,0.5046345758661095,0.4523456532060137,0.4523456532060137,0.6723659892342031,0.4523456532060137,0.4523456532060137,0.7249391027722782,0.4523456532060137,0.4523456532060137,0.4523456532060137,0.6306598760373354,0.4523456532060137,0.4523456532060137,0.504257206835637,0.6793224375596507,0.4523456532060137,0.4524759302672738,0.4523456532060137,0.6731040924482266,0.4523456532060137,0.504190950788989,0.6111700376063851,0.4523456532060137,0.4523456532060137,0.4523456532060137,0.6688520711652719,0.4523456532060137,0.5047630834438597,0.4523456532060137,0.6424283653574793,0.4523456532060137,0.4523456532060137,0.4523456532060137,0.6700941534419104,0.5051314242889936,0.4523456532060137,0.4523456532060137,0.6739909351900387,0.4523456532060137,0.4523456532060137,0.6149227452640894
0.22860363377584758,0.22860363377584758,0.2697554717320873,0.2809451703452459,0.5691188743737029,0.8620288106148812,0.2286921970820172,0.327392234700288,0.5722975242210493,0.22860363377584758,0.5054610872745657,0.3230733981452315,0.551598098930516,0.22860363377584758,0.491188227233987,0.6052802995173596,0.22860363377584758,0.22860363377584758,0.6132404791311463,0.49805483361366143,0.22860363377584758,0.5481141380456798,0.3231002276884845,0.4830861115992776,0.22860363377584758,0.6137109324085941,0.22860363377584758,0.5691343165212006,0.5394182103879088,0.22860363377584758,0.22860363377584758,0.5706335625643562,0.5335708021590293,0.22860363377584758,0.4860363449351368,0.22860363377584758,0.6136993275143012,0.4862658786627729,0.2288050484190992,0.3221896797422556,0.5579254944654491,0.22860363377584758,0.6045271056918937,0.4887659914157858,0.2334423382973029,0.22860363377584758,0.6085974673292855,0.22860363377584758,0.4962044495148,0.6102943707763775,0.22860363377584758,0.5608424323621123,0.22860363377584758,0.539430940034956,0.22860363377584758,0.562981489722534,0.5415514270398306,0.22860363377584758,0.4894607898129173,0.32181427026287057,0.56684649189813,0.22860363377584758,0.484370403606131,0.3217618422813944,0.5703198555358808,0.22860363377584758,0.5691203883168663,0.32109156654833476,0.5064263000144507,0.5743574962039063,0.3219027535836667,0.48762185433623184,0.22860363377584758,0.6230851964399872,0.22890771478045682,0.5560127471663935,0.474827473301423,0.3216728398678264,0.22860363377584758,0.22860363377584758,0.5559821677372909,0.22860363377584758,0.22860363377584758,0.48609979858157254,0.32174163844232084,0.22860363377584758,0.22860363377584758,0.5568701863675556,0.22860363377584758,0.22860363377584758,0.6237070864446305,0.22860363377584758,0.22860363377584758,0.22860363377584758,0.5024858784641622,0.22860363377584758,0.22860363377584758,0.3211325350019161,0.5658056099510848,0.22860363377584758,0.22886651871134678,0.22860363377584758,0.5578198515719509,0.22860363377584758,0.32102552426695835,0.4764713073379696,0.22860363377584758,0.22860363377584758,0.22860363377584758,0.552343725449617,0.22860363377584758,0.321948909347056,0.22860363377584758,0.5179911833704043,0.22860363377584758,0.22860363377584758,0.22860363377584758,0.5539447373490691,0.3225425875269088,0.22860363377584758,0.22860363377584758,0.5589603823151124,0.22860363377584758,0.22860363377584758,0.48151596033337807
0.5040463932721669,0.5040463932721669,0.5233377703804939,0.5289809427541672,0.7136940656625977,0.9292763345395654,0.5040853010633702,0.5540310547778734,0.7160012360226754,0.5040463932721669,0.6682739056368798,0.551598098930516,0.7010369337059001,0.5040463932721669,0.6583333113216241,0.7401132898502427,0.5040463932721669,0.5040463932721669,0.7459739757836436,0.6631029909520227,0.5040463932721669,0.6985329228995313,0.5516131506875096,0.6527369315882339,0.5040463932721669,0.7463207873274925,0.5040463932721669,0.7137052663470539,0.6923027889448246,0.5040463932721669,0.5040463932721669,0.7147930790076991,0.6881300278061009,0.5040463932721669,0.6547707151781758,0.5040463932721669,0.7463122317889737,0.6549291427166166,0.504134896117408,0.5511027583775213,0.7055957561890075,0.5040463932721669,0.7395595020566136,0.6566565655370417,0.5061892540337845,0.5040463932721669,0.7425538167790724,0.5040463932721669,0.6618153221089969,0.7438032435216568,0.5040463932721669,0.7077020888570266,0.5040463932721669,0.6923118877374693,0.5040463932721669,0.7092485498641575,0.6938284347993247,0.5040463932721669,0.6571372128397793,0.5508925921651772,0.7120466691766218,0.5040463932721669,0.6536217013050194,0.5508632535589082,0.7145654025941077,0.5040463932721669,0.7136951637707225,0.5504884333834307,0.6689497614818029,0.7174981207002744,0.5509421140885684,0.6558656278187344,0.5040463932721669,0.7532409692707733,0.5041800317001034,0.7042161504564497,0.6470689968998553,0.5508134548445318,0.5040463932721669,0.5040463932721669,0.704194104844785,0.5040463932721669,0.5040463932721669,0.6548145090081017,0.5508519483280433,0.5040463932721669,0.5040463932721669,0.7048344370863131,0.5040463932721669,0.5040463932721669,0.7537006771062784,0.5040463932721669,0.5040463932721669,0.5040463932721669,0.6661934442680686,0.5040463932721669,0.5040463932721669,0.5505113289508847,0.711292625504222,0.5040463932721669,0.5041619186304599,0.5040463932721669,0.7055195259898004,0.5040463932721669,0.5504515289670314,0.6481941490854067,0.5040463932721669,0.5040463932721669,0.5040463932721669,0.7015734086195561,0.5040463932721669,0.5509679497210204,0.5040463932721669,0.6770815538847114,0.5040463932721669,0.5040463932721669,0.5040463932721669,0.7027260046395711,0.5513004676760372,0.5040463932721669,0.5040463932721669,0.7063427185436318,0.5040463932721669,0.5040463932721669,0.6516564416696617
0.0,0.0,0.1433440051805738,0.163480133993242,0.5234608474011122,0.8408964121211313,0.0063682879304523664,0.234692681583475,0.5269722789885761,0.0,0.4523456532060137,0.22860363377584758,0.5040463932721669,0.0,0.43614260257588106,0.5632384281609588,0.0,0.0,0.571949795203046,0.44395203009790607,0.0,0.5001731081178693,0.22864170512277243,0.42689189954285267,0.0,0.5724641967678104,0.0,0.5234779138615985,0.49048544566081026,0.0,0.0,0.5251345047408466,0.4839543289511195,0.0,0.43026505424100353,0.0,0.5724515083672523,0.43052726388960744,0.009604951435468504,0.22734786309148156,0.5110697068971494,0.0,0.5624133974675759,0.43338118859503827,0.047316955633762973,0.0,0.5668703932494776,0.0,0.4418502410809282,0.5687273504574278,0.0,0.5143027797262884,0.0,0.49049964861214373,0.0,0.5166718430787848,0.4928646596894608,0.0,0.43417363780042845,0.22681335699637004,0.5209486158859318,0.0,0.42836096967915166,0.2267386602423071,0.524787932551034,0.0,0.5234625205947194,0.22578259637347728,0.4534373802260829,0.5292462522799797,0.22693939570844157,0.4320756099861923,0.0,0.5827042618982922,0.01180302428039692,0.5089480718366525,0.4174194471390222,0.22661182588905543,0.0,0.0,0.5089141425478739,0.0,0.0,0.4303375442759069,0.22670987154300637,0.0,0.0,0.5098993074482177,0.0,0.0,0.5833829407081463,0.0,0.0,0.0,0.4489773715696807,0.0,0.0,0.22584109090335003,0.5197973178597235,0.0,0.010973921362434122,0.0,0.5109525599675383,0.0,0.22568828554537965,0.41930849814017096,0.0,0.0,0.0,0.504874766818669,0.0,0.22700512770077955,0.0,0.4664813984770662,0.0,0.0,0.0,0.5066527789869697,0.22784976054618317,0.0,0.0,0.5122170867001522,0.0,0.0,0.4250944146391476
0.43614260257588106,0.43614260257588106,0.4586420669312331,0.4651776042595406,0.6722709044867786,0.9103307766625517,0.4361882440387826,0.4939701994594861,0.6748095903671509,0.43614260257588106,0.6221545677730154,0.491188227233987,0.6583333113216241,0.43614260257588106,0.6111419073751688,0.7013130312877555,0.43614260257588106,0.43614260257588106,0.7077487176235899,0.6164283428625786,0.43614260257588106,0.6555737224130532,0.4912054472004187,0.6049333691466807,0.43614260257588106,0.7081294961751685,0.43614260257588106,0.6722832304352827,0.6487041335930808,0.43614260257588106,0.43614260257588106,0.6734802672430695,0.6441000862158085,0.43614260257588106,0.607190366157583,0.43614260257588106,0.7081201027749108,0.6073661452918206,0.43624642075035885,0.4906214698636148,0.6633554534848057,0.43614260257588106,0.7007048064963539,0.6092824261353115,0.4386546571981998,0.43614260257588106,0.7039932397181016,0.43614260257588106,0.6150016035939698,0.705365237246042,0.43614260257588106,0.6656750244913112,0.43614260257588106,0.6487141701193933,0.43614260257588106,0.667377722464969,0.6503868544071144,0.43614260257588106,0.6098155136556722,0.4903809655202563,0.6704578610994458,0.43614260257588106,0.6059153514080525,0.49034739004230105,0.6732297405576821,0.43614260257588106,0.6722721129156655,0.48991840312352103,0.6229026397466126,0.6764563952966144,0.4904376380699426,0.6084050918367574,0.43614260257588106,0.7157262414907681,0.4362993647594971,0.6618359003478483,0.5986386901830512,0.4902903987688144,0.43614260257588106,0.43614260257588106,0.6618116165937534,0.43614260257588106,0.43614260257588106,0.6072389569776958,0.49033445207602433,0.43614260257588106,0.43614260257588106,0.6625169338933645,0.43614260257588106,0.43614260257588106,0.7162308192323418,0.43614260257588106,0.43614260257588106,0.43614260257588106,0.6198512823989987,0.43614260257588106,0.43614260257588106,0.48994460943750506,0.6696279017861775,0.43614260257588106,0.43627811832239105,0.43614260257588106,0.6632714963389393,0.43614260257588106,0.48987616169873355,0.5998888169244967,0.43614260257588106,0.43614260257588106,0.43614260257588106,0.6589244403636496,0.43614260257588106,0.49046720370436114,0.43614260257588106,0.6318970216622921,0.43614260257588106,0.43614260257588106,0.43614260257588106,0.660194338607556,0.4908476989856878,0.43614260257588106,0.43614260257588106,0.6641780945483216,0.43614260257588106,0.43614260257588106,0.6037339374134568
0.5632384281609588,0.5632384281609588,0.5802212478489326,0.5852089164410504,0.7516337164969719,0.945993008001317,0.5632725689745314,0.6074466694742521,0.7537343175052276,0.5632384281609588,0.710332898363334,0.6052802995173596,0.7401132898502427,0.5632384281609588,0.7013130312877555,0.7756944963447723,0.5632384281609588,0.5632384281609588,0.7810329680019275,0.7056398424173165,0.5632384281609588,0.7378349753842731,0.6052936978832539,0.6962390013397677,0.5632384281609588,0.7813488741196657,0.5632384281609588,0.7516439139333836,0.7321677731836064,0.5632384281609588,0.5632384281609588,0.7526343102803807,0.7283732545625797,0.5632384281609588,0.698082606455977,0.5632384281609588,0.7813410809986486,0.6982262365292992,0.5633160883249311,0.6048393995196268,0.7442619490459811,0.5632384281609588,0.7751900536801571,0.6997924719447185,0.5651194374251762,0.5632384281609588,0.7779175659013321,0.5632384281609588,0.7044715317829179,0.7790556647647964,0.5632384281609588,0.7461790717324921,0.5632384281609588,0.7321760483119649,0.5632384281609588,0.7475867275023227,0.7335553751772734,0.5632384281609588,0.7002283204610983,0.6046523486402379,0.7501339233022379,0.5632384281609588,0.6970409863755589,0.6046262376734037,0.7524270197177902,0.5632384281609588,0.7516347162471019,0.6042926701046363,0.7109464629028042,0.7550972674004042,0.6046964229364705,0.6990753016837348,0.5632384281609588,0.7876521739449257,0.5633556951754609,0.7430063718627434,0.691103279468565,0.6045819179357997,0.5632384281609588,0.5632384281609588,0.7429863088446472,0.5632384281609588,0.5632384281609588,0.6981223096056771,0.6046161762219169,0.5632384281609588,0.5632384281609588,0.743569063613959,0.5632384281609588,0.5632384281609588,0.7880708830723879,0.5632384281609588,0.5632384281609588,0.5632384281609588,0.7084444242349887,0.5632384281609588,0.5632384281609588,0.604313044867487,0.749447471395981,0.5632384281609588,0.5633398007303134,0.5632384281609588,0.7441925699500485,0.5632384281609588,0.604259829122204,0.6921225165553243,0.5632384281609588,0.5632384281609588,0.5632384281609588,0.7406014489290594,0.5632384281609588,0.6047194167598446,0.5632384281609588,0.7183316099932009,0.5632384281609588,0.5632384281609588,0.5632384281609588,0.7416502849714108,0.6050153727959138,0.5632384281609588,0.5632384281609588,0.7449417917669948,0.5632384281609588,0.5632384281609588,0.6952597148807438
0.0,0.0,0.1433440051805738,0.163480133993242,0.5234608474011122,0.8408964121211313,0.0063682879304523664,0.234692681583475,0.5269722789885761,0.0,0.4523456532060137,0.22860363377584758,0.5040463932721669,0.0,0.43614260257588106,0.5632384281609588,0.0,0.0,0.571949795203046,0.44395203009790607,0.0,0.5001731081178693,0.22864170512277243,0.42689189954285267,0.0,0.5724641967678104,0.0,0.5234779138615985,0.49048544566081026,0.0,0.0,0.5251345047408466,0.4839543289511195,0.0,0.43026505424100353,0.0,0.5724515083672523,0.43052726388960744,0.009604951435468504,0.22734786309148156,0.5110697068971494,0.0,0.5624133974675759,0.43338118859503827,0.047316955633762973,0.0,0.5668703932494776,0.0,0.4418502410809282,0.5687273504574278,0.0,0.5143027797262884,0.0,0.49049964861214373,0.0,0.5166718430787848,0.4928646596894608,0.0,0.43417363780042845,0.22681335699637004,0.5209486158859318,0.0,0.42836096967915166,0.2267386602423071,0.524787932551034,0.0,0.5234625205947194,0.22578259637347728,0.4534373802260829,0.5292462522799797,0.22693939570844157,0.4320756099861923,0.0,0.5827042618982922,0.01180302428039692,0.5089480718366525,0.4174194471390222,0.22661182588905543,0.0,0.0,0.5089141425478739,0.0,0.0,0.4303375442759069,0.22670987154300637,0.0,0.0,0.5098993074482177,0.0,0.0,0.5833829407081463,0.0,0.0,0.0,0.4489773715696807,0.0,0.0,0.22584109090335003,0.5197973178597235,0.0,0.010973921362434122,0.0,0.5109525599675383,0.0,0.22568828554537965,0.41930849814017096,0.0,0.0,0.0,0.504874766818669,0.0,0.22700512770077955,0.0,0.4664813984770662,0.0,0.0,0.0,0.5066527789869697,0.22784976054618317,0.0,0.0,0.5122170867001522,0.0,0.0,0.4250944146391476
0.0,0.0,0.1433440051805738,0.163480133993242,0.5234608474011122,0.8408964121211313,0.0063682879304523664,0.234692681583475,0.5269722789885761,0.0,0.4523456532060137,0.22860363377584758,0.5040463932721669,0.0,0.43614260257588106,0.5632384281609588,0.0,0.0,0.571949795203046,0.44395203009790607,0.0,0.5001731081178693,0.22864170512277243,0.42689189954285267,0.0,0.5724641967678104,0.0,0.5234779138615985,0.49048544566081026,0.0,0.0,0.5251345047408466,0.4839543289511195,0.0,0.43026505424100353,0.0,0.5724515083672523,0.43052726388960744,0.009604951435468504,0.22734786309148156,0.5110697068971494,0.0,0.5624133974675759,0.43338118859503827,0.047316955633762973,0.0,0.5668703932494776,0.0,0.4418502410809282,0.5687273504574278,0.0,0.5143027797262884,0.0,0.49049964861214373,0.0,0.5166718430787848,0.4928646596894608,0.0,0.43417363780042845,0.22681335699637004,0.5209486158859318,0.0,0.42836096967915166,0.2267386602423071,0.524787932551034,0.0,0.5234625205947194,0.22578259637347728,0.4534373802260829,0.5292462522799797,0.22693939570844157,0.4320756099861923,0.0,0.5827042618982922,0.01180302428039692,0.5089480718366525,0.4174194471390222,0.22661182588905543,0.0,0.0,0.5089141425478739,0.0,0.0,0.4303375442759069,0.22670987154300637,0.0,0.0,0.5098993074482177,0.0,0.0,0.5833829407081463,0.0,0.0,0.0,0.4489773715696807,0.0,0.0,0.22584109090335003,0.5197973178597235,0.0,0.010973921362434122,0.0,0.5109525599675383,0.0,0.22568828554537965,0.41930849814017096,0.0,0.0,0.0,0.504874766818669,0.0,0.22700512770077955,0.0,0.4664813984770662,0.0,0.0,0.0,0.5066527789869697,0.22784976054618317,0.0,0.0,0.5122170867001522,0.0,0.0,0.4250944146391476
