0.0,0.0,0.16534450910243226,0.08461513094198853,0.1240503469426366,0.8408964152537145,0.4748833892194216,0.00912098945437241,0.21230619463764497,0.4817250487651038,0.0,0.4682092969325855,0.46417858215798813,0.0,0.014104150363617148,0.4003055854265336,0.5142971803102901,0.0,0.47336030821806224,0.20919695415777426,0.40729804061383423,0.0,0.5083548854013111,0.0,0.39360991049067023,0.5220530809581815,0.0,0.478938814734129,0.0,0.4494667889449364,0.0,0.48049592179082634,0.20897163193435536,0.3902140312896132,0.0,0.3952689152788467,0.5221158498093849,0.0,0.0,0.44970149117218744,0.4686263395281386,0.0100778480270055,0.46522214622696384,0.20975356643270388,0.39918280958214936,0.0,0.4689455300405994,0.45869874680091227,0.0,0.0,0.5188320729121668,0.47144956480586064,0.010103855426997328,0.44933943958609646,0.010385639284063409,0.4727972997488954,0.0,0.45146420161032685,0.0,0.3984975327806118,0.5250502075289738,0.0,0.39348535027632314,0.0,0.5279950479361762,0.0,0.47923976963532533,0.0,0.46798025531957427,0.0100778480270055,0.4846301398905104,0.2086779751426363,0.3969488521332372,0.4838277520718982,0.20899681951775193,0.4658477582080934,0.0,0.0,0.43879062037559746,0.0,0.4659321414814591,0.0,0.0,0.0,0.44939019566547517,0.0,0.0,0.0,0.46691938041225683,0.0,0.0,0.20854992387342214,0.4844925703085753,0.0,0.010103855426997328,0.4123278158171154,0.0,0.008813698250377597,0.20799582150944448,0.4760371436268093,0.0,0.0,0.46773509377094397,0.0,0.0,0.20785532679568214,0.0,0.3851273368662412,0.0,0.0,0.46248696240802034,0.0,0.20878956239813476,0.0,0.42812188503861126,0.010103855426997328,0.0,0.0,0.4638726877431638,0.20981002552489061,0.0,0.4691721390187481,0.0,0.0,0.0
0.0,0.0,0.16534450910243226,0.08461513094198853,0.1240503469426366,0.8408964152537145,0.4748833892194216,0.00912098945437241,0.21230619463764497,0.4817250487651038,0.0,0.4682092969325855,0.46417858215798813,0.0,0.014104150363617148,0.4003055854265336,0.5142971803102901,0.0,0.47336030821806224,0.20919695415777426,0.40729804061383423,0.0,0.5083548854013111,0.0,0.39360991049067023,0.5220530809581815,0.0,0.478938814734129,0.0,0.4494667889449364,0.0,0.48049592179082634,0.20897163193435536,0.3902140312896132,0.0,0.3952689152788467,0.5221158498093849,0.0,0.0,0.44970149117218744,0.4686263395281386,0.0100778480270055,0.46522214622696384,0.20975356643270388,0.39918280958214936,0.0,0.4689455300405994,0.45869874680091227,0.0,0.0,0.5188320729121668,0.47144956480586064,0.010103855426997328,0.44933943958609646,0.010385639284063409,0.4727972997488954,0.0,0.45146420161032685,0.0,0.3984975327806118,0.5250502075289738,0.0,0.39348535027632314,0.0,0.5279950479361762,0.0,0.47923976963532533,0.0,0.46798025531957427,0.0100778480270055,0.4846301398905104,0.2086779751426363,0.3969488521332372,0.4838277520718982,0.20899681951775193,0.4658477582080934,0.0,0.0,0.43879062037559746,0.0,0.4659321414814591,0.0,0.0,0.0,0.44939019566547517,0.0,0.0,0.0,0.46691938041225683,0.0,0.0,0.20854992387342214,0.4844925703085753,0.0,0.010103855426997328,0.4123278158171154,0.0,0.008813698250377597,0.20799582150944448,0.4760371436268093,0.0,0.0,0.46773509377094397,0.0,0.0,0.20785532679568214,0.0,0.3851273368662412,0.0,0.0,0.46248696240802034,0.0,0.20878956239813476,0.0,0.42812188503861126,0.010103855426997328,0.0,0.0,0.4638726877431638,0.20981002552489061,0.0,0.4691721390187481,0.0,0.0,0.0
0.16534450910243226,0.16534450910243226,0.23378874278735776,0.18572870059723828,0.20668407353129267,0.8521583995530513,0.502060252689864,0.16559579689498427,0.2690131851590438,0.5084926633333631,0.16534450910243226,0.49579412033224274,0.4920141281962656,0.16534450910243226,0.16594474638557893,0.432631694363577,0.539228956465736,0.16534450910243226,0.5006294977759556,0.26657010717189433,0.43907822458660994,0.16534450910243226,0.5336086981261037,0.16534450910243226,0.4264734005187875,0.5465724440669268,0.16534450910243226,0.5058720254634761,0.16534450910243226,0.4782467988745547,0.16534450910243226,0.5073364091329609,0.266393594701802,0.42335575623338106,0.16534450910243226,0.4279978861717926,0.5466319106844147,0.16534450910243226,0.16534450910243226,0.47846605711350465,0.4961854108229333,0.16565123485473346,0.4929924590724183,0.26700645659648675,0.43159801291777017,0.16534450910243226,0.4964849152524329,0.48688058870020784,0.16534450910243226,0.16534450910243226,0.5435216476516765,0.4988352221402237,0.16565281852342606,0.4781278346988818,0.1656702378783385,0.500100732390208,0.16534450910243226,0.4801131781194002,0.16534450910243226,0.43096731330381066,0.5494125136978475,0.16534450910243226,0.42635897719887733,0.16534450910243226,0.5522042551012942,0.16534450910243226,0.5061550234468725,0.16534450910243226,0.49557923685613686,0.16565123485473346,0.5112266247116711,0.26616365990113233,0.4295425339839849,0.5104713485099692,0.26641332248289457,0.49357907191883366,0.16534450910243226,0.16534450910243226,0.46828680487498553,0.16534450910243226,0.49365820110853026,0.16534450910243226,0.16534450910243226,0.16534450910243226,0.47817524835269376,0.16534450910243226,0.16534450910243226,0.16534450910243226,0.4945840785459931,0.16534450910243226,0.16534450910243226,0.26606343395051735,0.511097124102255,0.16534450910243226,0.16565281852342606,0.44372455222102336,0.16534450910243226,0.16557916188222926,0.2656300098760234,0.5031443681891004,0.16534450910243226,0.16534450910243226,0.4953492416759208,0.16534450910243226,0.16534450910243226,0.2655201841965849,0.16534450910243226,0.4186932495534296,0.16534450910243226,0.16534450910243226,0.49042873310548807,0.16534450910243226,0.2662510186940611,0.16534450910243226,0.4583617623064278,0.16565281852342606,0.16534450910243226,0.16534450910243226,0.4917273980690651,0.2670507417363025,0.16534450910243226,0.49669756057412096,0.16534450910243226,0.16534450910243226,0.16534450910243226
0.08461513094198853,0.08461513094198853,0.18572870059723828,0.11966233219042831,0.1501564742378855,0.8438905995911836,0.4821656751077756,0.08510529170422713,0.228528354083272,0.48889400375767517,0.08461513094198853,0.4756047628062242,0.4716437092534991,0.08461513094198853,0.08578252853279672,0.4090325809105718,0.5209602085852082,0.08461513094198853,0.4806681899320035,0.22564375630507766,0.41587012039825183,0.08461513094198853,0.5151063779007974,0.08461513094198853,0.402489828457854,0.5286029892801398,0.08461513094198853,0.4861536025704967,0.08461513094198853,0.4571950488790908,0.08461513094198853,0.48768504200711005,0.22543494409357395,0.39917329716332783,0.08461513094198853,0.40411051258561737,0.5286648531347917,0.08461513094198853,0.08461513094198853,0.457425439024584,0.47601465487259675,0.08521314901770294,0.4726691411807486,0.2261597188987042,0.40793512885692257,0.08461513094198853,0.47632837975548864,0.46626022049012095,0.08461513094198853,0.08461513094198853,0.5254286451663679,0.47878975030133536,0.08521622864917189,0.45707004085970404,0.085250097251386,0.48011467745692604,0.08461513094198853,0.4591558859096818,0.08461513094198853,0.40726537065354484,0.5315570868486228,0.08461513094198853,0.40236815705939727,0.08461513094198853,0.5344600087959622,0.08461513094198853,0.4864495858300086,0.08461513094198853,0.47537965280591965,0.08521314901770294,0.49175176553649386,0.22516285183662318,0.4057519368566677,0.4909624038346908,0.22545828454233643,0.47328391557809807,0.08461513094198853,0.08461513094198853,0.44671918837497354,0.08461513094198853,0.4733668389255593,0.08461513094198853,0.08461513094198853,0.08461513094198853,0.45711986364455576,0.08461513094198853,0.08461513094198853,0.08461513094198853,0.4743370302230001,0.08461513094198853,0.08461513094198853,0.2250442208045006,0.49161642679292816,0.08461513094198853,0.08521622864917189,0.4207913454519458,0.08461513094198853,0.08507290784245096,0.2245310000902162,0.48330013029394714,0.08461513094198853,0.08461513094198853,0.4751387031279192,0.08461513094198853,0.08461513094198853,0.22440090176406008,0.08461513094198853,0.39420780097684954,0.08461513094198853,0.08461513094198853,0.4699816271298694,0.08461513094198853,0.22526623840331786,0.08461513094198853,0.43625918846626893,0.08521622864917189,0.08461513094198853,0.08461513094198853,0.4713431427457006,0.22621206544657974,0.08461513094198853,0.47655111216877266,0.08461513094198853,0.08461513094198853,0.08461513094198853
0.1240503469426366,0.1240503469426366,0.20668407353129267,0.1501564742378855,0.1754232962221613,0.8472923683346726,0.49038720356555254,0.12438517243370778,0.24584839157733637,0.4969908989564904,0.1240503469426366,0.48395057465660724,0.4800659240204897,0.1240503469426366,0.12484947646963793,0.418825996816265,0.5284985349902094,0.1240503469426366,0.488917841430636,0.24317057566094322,0.4254965523128112,0.1240503469426366,0.5227426257451482,0.1240503469426366,0.4124476924965034,0.5360159507462356,0.1240503469426366,0.4943009235176205,0.1240503469426366,0.46590521712954747,0.1240503469426366,0.4958041268605096,0.24297691412021336,0.40921633622335424,0.1240503469426366,0.41402720417167443,0.5360768109586628,0.1240503469426366,0.1240503469426366,0.4661308967576496,0.48435262018043335,0.12445898719040166,0.48107147582211146,0.24364920817183186,0.41775580390984074,0.1240503469426366,0.48466034692362403,0.474787988997715,0.1240503469426366,0.1240503469426366,0.5328933423634803,0.48707488165158774,0.12446109553989837,0.4657827666719318,0.12448428502635535,0.4883747601450864,0.1240503469426366,0.4678260900870191,0.1240503469426366,0.4171027450794135,0.5389223172064977,0.1240503469426366,0.41232912390615784,0.1240503469426366,0.5417787166634289,0.1240503469426366,0.4945914383715915,0.1240503469426366,0.4837297786453016,0.12445898719040166,0.4997965572838792,0.24272460125605833,0.41562722520295636,0.49902153879751765,0.2429985598349243,0.48167436557248045,0.1240503469426366,0.1240503469426366,0.45564786312259575,0.1240503469426366,0.48175568781365763,0.1240503469426366,0.1240503469426366,0.1240503469426366,0.46583156998253494,0.1240503469426366,0.1240503469426366,0.1240503469426366,0.4827071806074132,0.1240503469426366,0.1240503469426366,0.24261460721279282,0.4996636751133441,0.1240503469426366,0.12446109553989837,0.4303005383103639,0.1240503469426366,0.12436301945931978,0.24213884486974135,0.4915004477962709,0.1240503469426366,0.1240503469426366,0.48349345022204887,0.1240503469426366,0.1240503469426366,0.24201826610987318,0.1240503469426366,0.4043807347023651,0.1240503469426366,0.1240503469426366,0.4784362167198539,0.1240503469426366,0.2428204672852517,0.1240503469426366,0.44541490826876434,0.12446109553989837,0.1240503469426366,0.1240503469426366,0.479771198129343,0.24369777586107047,0.1240503469426366,0.4848788248200461,0.1240503469426366,0.1240503469426366,0.1240503469426366
0.8408964152537145,0.8408964152537145,0.8521583995530513,0.8438905995911836,0.8472923683346726,1.0,0.92106148790952,0.8409313911873668,0.8592206881759312,0.9229813006401704,0.8408964152537145,0.9191945651517974,0.9180702170645862,0.8408964152537145,0.8409800413012736,0.9007103301338196,0.9321771382882335,0.8408964152537145,0.9206349008562049,0.8587052418804625,0.9025587160728656,0.8408964152537145,0.9304951420110902,0.8408964152537145,0.8989550046587864,0.934373295338905,0.8408964152537145,0.922198786059679,0.8408964152537145,0.9139896936122289,0.8408964152537145,0.9226359898060296,0.8586681444797467,0.8980704377022993,0.8408964152537145,0.8993885550893056,0.9343910692613954,0.8408964152537145,0.8408964152537145,0.9140544773392474,0.9193110378218231,0.8409391139914377,0.9183610729505004,0.8587970320978963,0.9004149681076876,0.8408964152537145,0.9194001994450838,0.9165458275816162,0.8408964152537145,0.8408964152537145,0.9334612021331571,0.9201001789860621,0.8409393346398563,0.9139545465430207,0.8409417617609969,0.9204772909676888,0.8408964152537145,0.9145413749467609,0.8408964152537145,0.9002348954527218,0.935221933162104,0.8408964152537145,0.8989224901758145,0.8408964152537145,0.9360556281828313,0.8408964152537145,0.9222832658276333,0.8408964152537145,0.9191306088245828,0.8409391139914377,0.9237981165281316,0.8586198484804721,0.8998285034554743,0.9235724214377835,0.8586722896793266,0.9185355216473523,0.8408964152537145,0.8408964152537145,0.9110548546751717,0.8408964152537145,0.9185590561426933,0.8408964152537145,0.8408964152537145,0.8408964152537145,0.9139685542961892,0.8408964152537145,0.8408964152537145,0.8408964152537145,0.9188344784243817,0.8408964152537145,0.8408964152537145,0.8585988071167233,0.923759416286256,0.8408964152537145,0.8409393346398563,0.9038974812666462,0.8408964152537145,0.8409290743046548,0.8585078864966813,0.9213848351085726,0.8408964152537145,0.8408964152537145,0.9190621599205934,0.8408964152537145,0.8408964152537145,0.8584848666605311,0.8408964152537145,0.8967528594114264,0.8408964152537145,0.8408964152537145,0.9175991088072907,0.8408964152537145,0.8586381936288948,0.8408964152537145,0.908147706793599,0.8409393346398563,0.8408964152537145,0.8408964152537145,0.9179849927548546,0.8588063545140594,0.8408964152537145,0.9194635087110472,0.8408964152537145,0.8408964152537145,0.8408964152537145
0.4748833892194216,0.4748833892194216,0.502060252689864,0.4821656751077756,0.49038720356555254,0.92106148790952,0.6628800164622115,0.4749687168403123,0.5188427925031642,0.6674123406198664,0.4748833892194216,0.6584842571448729,0.6558420938075019,0.4748833892194216,0.4750873936086093,0.6153995707628653,0.689326189364948,0.4748833892194216,0.6618746150638468,0.5176235983608775,0.6196836338496613,0.4748833892194216,0.6852893322933807,0.4748833892194216,0.6113338461089396,0.6946193742800928,0.4748833892194216,0.6655634287577985,0.4748833892194216,0.6462822524391932,0.4748833892194216,0.6665961790878268,0.5175358189426673,0.6092857906231463,0.4748833892194216,0.6123378366575619,0.6946623213876849,0.4748833892194216,0.4748833892194216,0.6464336996232556,0.6587581783663046,0.47498755661429765,0.6565252338442972,0.5178407725371734,0.6147152818751114,0.4748833892194216,0.6589678972685661,0.6522656332107789,0.4748833892194216,0.4748833892194216,0.6924178575638165,0.6606151886887627,0.4749880948813986,0.6462000920233378,0.4749940157749407,0.6615033022687946,0.4748833892194216,0.6475722553729802,0.4748833892194216,0.6142981276856426,0.6966719539486245,0.4748833892194216,0.6112585560448407,0.4748833892194216,0.6986924892448082,0.4748833892194216,0.665762932289067,0.4748833892194216,0.6583338617589495,0.47498755661429765,0.6693446490962482,0.5174215349988812,0.6133567774035045,0.6688104865704018,0.5175456274798957,0.6569350839343584,0.4748833892194216,0.4748833892194216,0.6394311644327685,0.4748833892194216,0.6569903827670458,0.4748833892194216,0.4748833892194216,0.4748833892194216,0.6462328364504322,0.4748833892194216,0.4748833892194216,0.4748833892194216,0.6576376623827442,0.4748833892194216,0.4748833892194216,0.5173717420161194,0.6692530421049072,0.4748833892194216,0.4749880948813986,0.6227886867432628,0.4748833892194216,0.4749630647467891,0.5171565682545193,0.6636424973954611,0.4748833892194216,0.4748833892194216,0.6581729156563109,0.4748833892194216,0.4748833892194216,0.5171020850756791,0.4748833892194216,0.6062359740313703,0.4748833892194216,0.4748833892194216,0.6547361064492062,0.4748833892194216,0.5174649464209455,0.4748833892194216,0.6326615668032559,0.4749880948813986,0.4748833892194216,0.4748833892194216,0.6556419717975093,0.5178628277344076,0.4748833892194216,0.6591168231012674,0.4748833892194216,0.4748833892194216,0.4748833892194216
0.00912098945437241,0.00912098945437241,0.16559579689498427,0.08510529170422713,0.12438517243370778,0.8409313911873668,0.4749687168403123,0.012899026962770625,0.21250183063231612,0.4818090319220413,0.00912098945437241,0.4682959681726864,0.4642660808592663,0.00912098945437241,0.016796413425490486,0.4004081399653045,0.5143751727390349,0.00912098945437241,0.47344593961727066,0.20939550668929285,0.407398739622807,0.00912098945437241,0.5084339240604624,0.00912098945437241,0.39371429876746844,0.5221297363315579,0.00912098945437241,0.4790233415008354,0.00912098945437241,0.44955741657247406,0.00912098945437241,0.4805801441026513,0.20917039917113564,0.3903193718778032,0.00912098945437241,0.39537284384514965,0.522192494489323,0.00912098945437241,0.00912098945437241,0.4497920674813603,0.4687129258522987,0.013592478403638367,0.46530942951292137,0.20995159054201082,0.39928566764193507,0.00912098945437241,0.46903205146038474,0.4587873905472767,0.00912098945437241,0.00912098945437241,0.5189092797402868,0.47153557966450615,0.013611772211937212,0.44943009507867665,0.013822226710995518,0.4728830438615055,0.00912098945437241,0.45155439399496444,0.00912098945437241,0.3986005768683329,0.5251263545316607,0.00912098945437241,0.39358977321390504,0.00912098945437241,0.5280706998060689,0.00912098945437241,0.47932423742745817,0.00912098945437241,0.4680669732510811,0.013592478403638367,0.4847135618481907,0.2088770228903173,0.39705231881931086,0.4839113284682646,0.20919556273094692,0.4659349127521272,0.00912098945437241,0.00912098945437241,0.4388836335001304,0.00912098945437241,0.4660192786834043,0.00912098945437241,0.00912098945437241,0.00912098945437241,0.4494808400505624,0.00912098945437241,0.00912098945437241,0.00912098945437241,0.4670063151215709,0.00912098945437241,0.00912098945437241,0.20874909418558438,0.48457601871438505,0.00912098945437241,0.013611772211937212,0.4124272158923442,0.00912098945437241,0.012683600634629656,0.2081955239086151,0.4761222422311852,0.00912098945437241,0.00912098945437241,0.4678218617234547,0.00912098945437241,0.00912098945437241,0.2080551645551465,0.00912098945437241,0.3852341331480163,0.00912098945437241,0.00912098945437241,0.46257481207848267,0.00912098945437241,0.20898850346160855,0.00912098945437241,0.42821738745237786,0.013611772211937212,0.00912098945437241,0.00912098945437241,0.4639602497463098,0.2100079961900145,0.00912098945437241,0.4692586144056631,0.00912098945437241,0.00912098945437241,0.00912098945437241
0.21230619463764497,0.21230619463764497,0.2690131851590438,0.228528354083272,0.24584839157733637,0.8592206881759312,0.5188427925031642,0.21250183063231612,0.30009368403844694,0.5250396648032224,0.21230619463764497,0.5128105504831224,0.5091738496356298,0.21230619463764497,0.21277369261397092,0.45229762692323155,0.55470838148467,0.21230619463764497,0.51746504918799,0.2979087494641712,0.45844570633156423,0.21230619463764497,0.5492766728618979,0.21230619463764497,0.44643138577643954,0.5618096251208214,0.21230619463764497,0.5225144429906725,0.21230619463764497,0.4959431692646705,0.21230619463764497,0.5239254179318262,0.2977510401904356,0.4434642776123216,0.21230619463764497,0.4478829252331996,0.5618671485562645,0.21230619463764497,0.21230619463764497,0.4961536921734467,0.5131871037582458,0.21254500663909273,0.5101149321538542,0.2982987048939381,0.4513124848136233,0.21230619463764497,0.5134753399372797,0.5042376527440691,0.21230619463764497,0.21230619463764497,0.5588589135045335,0.5157375805359905,0.2125462401098893,0.49582894730217475,0.2125598078143222,0.5169559336249974,0.21230619463764497,0.4977353917599316,0.21230619463764497,0.4507114959941126,0.5645572140097648,0.21230619463764497,0.4463224550489635,0.21230619463764497,0.5672586848346549,0.21230619463764497,0.5227871014054365,0.21230619463764497,0.5126037677672447,0.21254500663909273,0.5276748664591334,0.2975456305173625,0.4493541004641563,0.5269467942819883,0.29776866541966185,0.5106792651837209,0.21230619463764497,0.21230619463764497,0.48638677685252996,0.21230619463764497,0.5107553921283661,0.21230619463764497,0.21230619463764497,0.21230619463764497,0.4958744707053342,0.21230619463764497,0.21230619463764497,0.21230619463764497,0.5116461956544185,0.21230619463764497,0.21230619463764497,0.29745610580239834,0.5275500260245758,0.21230619463764497,0.2125462401098893,0.4628813573176012,0.21230619463764497,0.2124888761126091,0.2970690360536371,0.5198868922180787,0.21230619463764497,0.21230619463764497,0.5123824490002724,0.21230619463764497,0.21230619463764497,0.29697097607645856,0.21230619463764497,0.43903037934283995,0.21230619463764497,0.21230619463764497,0.5076490589594616,0.21230619463764497,0.29762366737151064,0.21230619463764497,0.4768777578540139,0.2125462401098893,0.21230619463764497,0.21230619463764497,0.5088980579214618,0.2983382885439918,0.21230619463764497,0.5136799912200127,0.21230619463764497,0.21230619463764497,0.21230619463764497
0.4817250487651038,0.4817250487651038,0.5084926633333631,0.48889400375767517,0.4969908989564904,0.9229813006401704,0.6674123406198664,0.4818090319220413,0.5250396648032224,0.6718991104666384,0.4817250487651038,0.6630610156019988,0.6604456851251038,0.4817250487651038,0.4819258394240612,0.62042756389731,0.6935960251074257,0.4817250487651038,0.6664170798910449,0.5238371818460028,0.6246653035875409,0.4817250487651038,0.6895987534048506,0.4817250487651038,0.6164061406968484,0.6988375332230932,0.4817250487651038,0.6700687508646386,0.4817250487651038,0.6509837579360418,0.4817250487651038,0.6710911332073529,0.5237506079302656,0.614380530060516,0.4817250487651038,0.6173991601332115,0.6988800620536253,0.4817250487651038,0.4817250487651038,0.6511336434398137,0.66333216041133,0.48182757490105793,0.6611218782641708,0.5240513748501977,0.6197507078285812,0.4817250487651038,0.6635397543261652,0.6569057004582335,0.4817250487651038,0.4817250487651038,0.6966574793164059,0.6651703749133788,0.48182810468877996,0.6509024448812158,0.4818339323109024,0.6660495155473358,0.4817250487651038,0.6522604698644562,0.4817250487651038,0.6193380894247378,0.7008701396204958,0.4817250487651038,0.6163316742021511,0.4817250487651038,0.7028710477026956,0.4817250487651038,0.6702662505052122,0.4817250487651038,0.66291214502473,0.48182757490105793,0.673812074613203,0.5236378939549581,0.6184069875062334,0.6732832550675437,0.5237602817481609,0.66152756364751,0.4817250487651038,0.4817250487651038,0.6442036897210702,0.4817250487651038,0.6615823007356345,0.4817250487651038,0.4817250487651038,0.4817250487651038,0.6509348515864962,0.4817250487651038,0.4817250487651038,0.4817250487651038,0.6622230081719075,0.4817250487651038,0.4817250487651038,0.5235887851668858,0.6737213836805938,0.4817250487651038,0.48182810468877996,0.6277370036645625,0.4817250487651038,0.48180346887334263,0.5233765692262816,0.6681671397131052,0.4817250487651038,0.4817250487651038,0.6627528310395447,0.4817250487651038,0.4817250487651038,0.5233228352842739,0.4817250487651038,0.6113643003183732,0.4817250487651038,0.4817250487651038,0.659350958365792,0.4817250487651038,0.5236807089525732,0.4817250487651038,0.6375050159385658,0.48182810468877996,0.4817250487651038,0.4817250487651038,0.6602475993929297,0.5240731274009137,0.4817250487651038,0.6636871715189042,0.4817250487651038,0.4817250487651038,0.4817250487651038
0.0,0.0,0.16534450910243226,0.08461513094198853,0.1240503469426366,0.8408964152537145,0.4748833892194216,0.00912098945437241,0.21230619463764497,0.4817250487651038,0.0,0.4682092969325855,0.46417858215798813,0.0,0.014104150363617148,0.4003055854265336,0.5142971803102901,0.0,0.47336030821806224,0.20919695415777426,0.40729804061383423,0.0,0.5083548854013111,0.0,0.39360991049067023,0.5220530809581815,0.0,0.478938814734129,0.0,0.4494667889449364,0.0,0.48049592179082634,0.20897163193435536,0.3902140312896132,0.0,0.3952689152788467,0.5221158498093849,0.0,0.0,0.44970149117218744,0.4686263395281386,0.0100778480270055,0.46522214622696384,0.20975356643270388,0.39918280958214936,0.0,0.4689455300405994,0.45869874680091227,0.0,0.0,0.5188320729121668,0.47144956480586064,0.010103855426997328,0.44933943958609646,0.010385639284063409,0.4727972997488954,0.0,0.45146420161032685,0.0,0.3984975327806118,0.5250502075289738,0.0,0.39348535027632314,0.0,0.5279950479361762,0.0,0.47923976963532533,0.0,0.46798025531957427,0.0100778480270055,0.4846301398905104,0.2086779751426363,0.3969488521332372,0.4838277520718982,0.20899681951775193,0.4658477582080934,0.0,0.0,0.43879062037559746,0.0,0.4659321414814591,0.0,0.0,0.0,0.44939019566547517,0.0,0.0,0.0,0.46691938041225683,0.0,0.0,0.20854992387342214,0.4844925703085753,0.0,0.010103855426997328,0.4123278158171154,0.0,0.008813698250377597,0.20799582150944448,0.4760371436268093,0.0,0.0,0.46773509377094397,0.0,0.0,0.20785532679568214,0.0,0.3851273368662412,0.0,0.0,0.46248696240802034,0.0,0.20878956239813476,0.0,0.42812188503861126,0.010103855426997328,0.0,0.0,0.4638726877431638,0.20981002552489061,0.0,0.4691721390187481,0.0,0.0,0.0
0.4682092969325855,0.4682092969325855,0.49579412033224274,0.4756047628062242,0.48395057465660724,0.9191945651517974,0.6584842571448729,0.4682959681726864,0.5128105504831224,0.6630610156019988,0.4682092969325855,0.6540451402767653,0.6513767866978719,0.4682092969325855,0.46841651299482995,0.6105192289911952,0.6851862475566628,0.4682092969325855,0.6574689621844986,0.5115747831348435,0.6148486685205502,0.4682092969325855,0.681110844212779,0.4682092969325855,0.6064100905253079,0.6905297356776094,0.4682092969325855,0.6611940095676906,0.4682092969325855,0.6417213267421795,0.4682092969325855,0.6622368722114721,0.5114858080448254,0.6043400331347207,0.4682092969325855,0.6074248340125826,0.6905730898660178,0.4682092969325855,0.4682092969325855,0.6418742996078987,0.6543217710899106,0.46831510455208336,0.6520667078141912,0.5117949141012786,0.6098276574437973,0.4682092969325855,0.654533563795701,0.6477647144546093,0.4682092969325855,0.4682092969325855,0.6883073289773739,0.6561971232590579,0.4683156512931314,0.6416383384895824,0.4683216653982823,0.657093992075004,0.4682092969325855,0.643024313665546,0.4682092969325855,0.6094060588580753,0.6926017525906181,0.4682092969325855,0.6063339932255317,0.4682092969325855,0.6946413856041483,0.4682092969325855,0.6613954676392362,0.4682092969325855,0.653893256753896,0.46831510455208336,0.66501218791754,0.5113699669105819,0.6084546660207958,0.664472815414343,0.5114957502035948,0.6524806230165398,0.4682092969325855,0.4682092969325855,0.6348008346507883,0.4682092969325855,0.6525364701496524,0.4682092969325855,0.4682092969325855,0.4682092969325855,0.6416714128576555,0.4682092969325855,0.4682092969325855,0.4682092969325855,0.6531901644664505,0.4682092969325855,0.4682092969325855,0.5113194952930319,0.6649196876865835,0.4682092969325855,0.4683156512931314,0.6179863806414634,0.4682092969325855,0.46829022709099316,0.5111013876849279,0.6592542321886521,0.4682092969325855,0.4682092969325855,0.6537307177657593,0.4682092969325855,0.4682092969325855,0.5110461613263415,0.4682092969325855,0.6012572839526849,0.4682092969325855,0.4682092969325855,0.6502598067009495,0.4682092969325855,0.5114139699060841,0.4682092969325855,0.6279618843989319,0.4683156512931314,0.4682092969325855,0.4682092969325855,0.6511746769413813,0.5118172694641382,0.4682092969325855,0.6546839619084248,0.4682092969325855,0.4682092969325855,0.4682092969325855
0.46417858215798813,0.46417858215798813,0.4920141281962656,0.4716437092534991,0.4800659240204897,0.9180702170645862,0.6558420938075019,0.4642660808592663,0.5091738496356298,0.6604456851251038,0.46417858215798813,0.6513767866978719,0.648692609155958,0.46417858215798813,0.46438777609391707,0.6075839035973504,0.6826984617076606,0.46417858215798813,0.6548208232801783,0.507927939302652,0.6119408382176874,0.46417858215798813,0.6785998129074877,0.46417858215798813,0.6034484505107496,0.6880722770992308,0.46417858215798813,0.658567753378448,0.46417858215798813,0.6389793532132167,0.46417858215798813,0.6596167222490062,0.5078382323872883,0.6013650537037988,0.46417858215798813,0.6044697125303906,0.6881158766746541,0.46417858215798813,0.46417858215798813,0.6391332485643924,0.6516550544688201,0.4642853999000732,0.6493866276211417,0.5081498799728473,0.6068879183767518,0.46417858215798813,0.6518681000107871,0.6450590161115151,0.46417858215798813,0.46417858215798813,0.6858372771735065,0.6535414868006478,0.46428595185970684,0.6388958644147995,0.4642920233681533,0.6544436441069249,0.46417858215798813,0.6402901904420528,0.46417858215798813,0.6064636261355645,0.6901560100507212,0.46417858215798813,0.603371863835731,0.46417858215798813,0.692207153120495,0.46417858215798813,0.6587703917125716,0.46417858215798813,0.6512240041275128,0.4642853999000732,0.662408246522202,0.5077214381435246,0.6055061463845147,0.6618657286243457,0.5078482563311412,0.6498029990068614,0.46417858215798813,0.46417858215798813,0.6320168863910617,0.46417858215798813,0.6498591774236847,0.46417858215798813,0.46417858215798813,0.46417858215798813,0.6389291382797713,0.46417858215798813,0.46417858215798813,0.46417858215798813,0.6505167474191295,0.46417858215798813,0.46417858215798813,0.5076705511496344,0.6623152070275395,0.46417858215798813,0.46428595185970684,0.6150983339166884,0.46417858215798813,0.46426028497500854,0.5074506477728252,0.6566165949241513,0.46417858215798813,0.46417858215798813,0.6510605027988496,0.46417858215798813,0.46417858215798813,0.5073949665158659,0.46417858215798813,0.5982623338226344,0.46417858215798813,0.46417858215798813,0.6475689866507117,0.46417858215798813,0.5077658032250073,0.46417858215798813,0.6251359720114493,0.46428595185970684,0.46417858215798813,0.46417858215798813,0.6484892983028495,0.5081724190493041,0.46417858215798813,0.65201938755386,0.46417858215798813,0.46417858215798813,0.46417858215798813
0.0,0.0,0.16534450910243226,0.08461513094198853,0.1240503469426366,0.8408964152537145,0.4748833892194216,0.00912098945437241,0.21230619463764497,0.4817250487651038,0.0,0.4682092969325855,0.46417858215798813,0.0,0.014104150363617148,0.4003055854265336,0.5142971803102901,0.0,0.47336030821806224,0.20919695415777426,0.40729804061383423,0.0,0.5083548854013111,0.0,0.39360991049067023,0.5220530809581815,0.0,0.478938814734129,0.0,0.4494667889449364,0.0,0.48049592179082634,0.20897163193435536,0.3902140312896132,0.0,0.3952689152788467,0.5221158498093849,0.0,0.0,0.44970149117218744,0.4686263395281386,0.0100778480270055,0.46522214622696384,0.20975356643270388,0.39918280958214936,0.0,0.4689455300405994,0.45869874680091227,0.0,0.0,0.5188320729121668,0.47144956480586064,0.010103855426997328,0.44933943958609646,0.010385639284063409,0.4727972997488954,0.0,0.45146420161032685,0.0,0.3984975327806118,0.5250502075289738,0.0,0.39348535027632314,0.0,0.5279950479361762,0.0,0.47923976963532533,0.0,0.46798025531957427,0.0100778480270055,0.4846301398905104,0.2086779751426363,0.3969488521332372,0.4838277520718982,0.20899681951775193,0.4658477582080934,0.0,0.0,0.43879062037559746,0.0,0.4659321414814591,0.0,0.0,0.0,0.44939019566547517,0.0,0.0,0.0,0.46691938041225683,0.0,0.0,0.20854992387342214,0.4844925703085753,0.0,0.010103855426997328,0.4123278158171154,0.0,0.008813698250377597,0.20799582150944448,0.4760371436268093,0.0,0.0,0.46773509377094397,0.0,0.0,0.20785532679568214,0.0,0.3851273368662412,0.0,0.0,0.46248696240802034,0.0,0.20878956239813476,0.0,0.42812188503861126,0.010103855426997328,0.0,0.0,0.4638726877431638,0.20981002552489061,0.0,0.4691721390187481,0.0,0.0,0.0
0.014104150363617148,0.014104150363617148,0.16594474638557893,0.08578252853279672,0.12484947646963793,0.8409800413012736,0.4750873936086093,0.016796413425490486,0.21277369261397092,0.4819258394240612,0.014104150363617148,0.46841651299482995,0.46438777609391707,0.014104150363617148,0.01994628053411375,0.4005507645036143,0.514483650626208,0.014104150363617148,0.47356503873643724,0.20967141253276017,0.4075387850566499,0.014104150363617148,0.50854385669629,0.014104150363617148,0.393859472036108,0.5222363550569321,0.014104150363617148,0.4791409048115235,0.014104150363617148,0.4496834617934191,0.014104150363617148,0.48069728411478835,0.20944660269371795,0.39046586873968914,0.014104150363617148,0.39551737816567006,0.5222990983454432,0.014104150363617148,0.014104150363617148,0.4499180413587421,0.4688333526156758,0.017334649570048204,0.465430825258827,0.2102267637427086,0.3994287140528986,0.014104150363617148,0.4691523879870035,0.4589106777044168,0.014104150363617148,0.014104150363617148,0.5190166652619753,0.4716552119144882,0.017349782395020368,0.44955617903799866,0.017515380596397456,0.47300229968854135,0.014104150363617148,0.45167983413282325,0.014104150363617148,0.3987438818437753,0.52523226636387,0.014104150363617148,0.39373499465708695,0.014104150363617148,0.5281759231478228,0.014104150363617148,0.47944171874305536,0.014104150363617148,0.4681875829882942,0.017334649570048204,0.48482958907955387,0.209153615325264,0.3971962111706264,0.4840275704261034,0.20947173294602286,0.4660561295095581,0.014104150363617148,0.014104150363617148,0.43901299500972735,0.014104150363617148,0.4661404713302933,0.014104150363617148,0.014104150363617148,0.014104150363617148,0.4496069085680919,0.014104150363617148,0.014104150363617148,0.014104150363617148,0.46712722624439745,0.014104150363617148,0.014104150363617148,0.20902585654801487,0.48469208271839337,0.014104150363617148,0.017349782395020368,0.41256545581523596,0.014104150363617148,0.01663154630468297,0.2084730239659344,0.4762406005906032,0.014104150363617148,0.014104150363617148,0.4679425410048266,0.014104150363617148,0.014104150363617148,0.20833285227622514,0.014104150363617148,0.3853826531961818,0.014104150363617148,0.014104150363617148,0.4626969952582778,0.014104150363617148,0.20926494798542294,0.014104150363617148,0.42835020940297214,0.017349782395020368,0.014104150363617148,0.014104150363617148,0.46408203298842465,0.21028309529109215,0.014104150363617148,0.46937888693258134,0.014104150363617148,0.014104150363617148,0.014104150363617148
0.4003055854265336,0.4003055854265336,0.432631694363577,0.4090325809105718,0.418825996816265,0.9007103301338196,0.6153995707628653,0.4004081399653045,0.45229762692323155,0.62042756389731,0.4003055854265336,0.6105192289911952,0.6075839035973504,0.4003055854265336,0.4005507645036143,0.562447821874349,0.644686759502714,0.4003055854265336,0.6142836756734602,0.4508756614197606,0.5672496293273546,0.4003055854265336,0.6402237384519655,0.4003055854265336,0.5578856354487619,0.650535109241677,0.4003055854265336,0.6183769245500312,0.4003055854265336,0.5969508217825933,0.4003055854265336,0.6195224339350761,0.4507732441943021,0.5555855555977439,0.4003055854265336,0.5590126941113683,0.6505825445588294,0.4003055854265336,0.4003055854265336,0.5971194301115119,0.6108234608027894,0.40043078235119617,0.6083429807354692,0.4511290284457684,0.5616803278950171,0.4003055854265336,0.6110563756642454,0.6036082726248806,0.4003055854265336,0.4003055854265336,0.6481031768020662,0.6128855553971233,0.40043142925670416,0.5968593492057406,0.4004385451446858,0.6138715050307246,0.4003055854265336,0.5983868326694712,0.4003055854265336,0.5612123809911305,0.6528019117668893,0.4003055854265336,0.5578011037908293,0.4003055854265336,0.6550327703110905,0.4003055854265336,0.6185982263417047,0.4003055854265336,0.6103521851607223,0.40043078235119617,0.6225700141042917,0.4506398948150479,0.5601562173892145,0.6219778297575893,0.4507846886298696,0.608798342528136,0.4003055854265336,0.4003055854265336,0.5893177833886417,0.4003055854265336,0.608859779329454,0.4003055854265336,0.4003055854265336,0.4003055854265336,0.5968958051117506,0.4003055854265336,0.4003055854265336,0.4003055854265336,0.6095788574653196,0.4003055854265336,0.4003055854265336,0.4505817923418679,0.6224684603098746,0.4003055854265336,0.40043142925670416,0.5707265988535443,0.4003055854265336,0.40040134698671015,0.45033069087733457,0.616245716064257,0.4003055854265336,0.4003055854265336,0.6101734175329161,0.4003055854265336,0.4003055854265336,0.4502671056174552,0.4003055854265336,0.5521579735903226,0.4003055854265336,0.4003055854265336,0.6063547677728091,0.4003055854265336,0.45069054939632225,0.4003055854265336,0.5817642699750306,0.40043142925670416,0.4003055854265336,0.4003055854265336,0.6073615177055419,0.4511547574371003,0.4003055854265336,0.6112217679935397,0.4003055854265336,0.4003055854265336,0.4003055854265336
0.5142971803102901,0.5142971803102901,0.539228956465736,0.5209602085852082,0.5284985349902094,0.9321771382882335,0.689326189364948,0.5143751727390349,0.55470838148467,0.6935960251074257,0.5142971803102901,0.6851862475566628,0.6826984617076606,0.5142971803102901,0.514483650626208,0.644686759502714,0.7142568606572475,0.5142971803102901,0.6883791888926679,0.5535819014167519,0.648706522604719,0.5142971803102901,0.7104490140187497,0.5142971803102901,0.6408735568210163,0.7192508440569446,0.5142971803102901,0.691854040258902,0.5142971803102901,0.6737012714176328,0.5142971803102901,0.6928270386714336,0.5535008086343167,0.6389533480365743,0.5142971803102901,0.6418150332385152,0.7192913683015738,0.5142971803102901,0.5142971803102901,0.6738437530450628,0.6854441907242426,0.5143923932082922,0.6833416417735466,0.5537825388597298,0.6440448548551724,0.5142971803102901,0.6856416799036054,0.6793317303745721,0.5142971803102901,0.5142971803102901,0.7171736267413853,0.6871930102142269,0.514392885211955,0.6736239755590977,0.5143982972165182,0.6880294608935364,0.5142971803102901,0.6749149623205306,0.5142971803102901,0.6436535618497345,0.7211877093568416,0.5142971803102901,0.6408029589212159,0.5142971803102901,0.7230944964420385,0.5142971803102901,0.6920419960390223,0.5142971803102901,0.6850446269757838,0.5143923932082922,0.6954168020265071,0.5533952326253431,0.6427706343751913,0.6949134489671015,0.5535098699255879,0.6837275330685801,0.5142971803102901,0.5142971803102901,0.6672576132356496,0.5142971803102901,0.6837796001413011,0.5142971803102901,0.5142971803102901,0.5142971803102901,0.6736547811917128,0.5142971803102901,0.5142971803102901,0.5142971803102901,0.6843890669172668,0.5142971803102901,0.5142971803102901,0.553349234465254,0.695330477562817,0.5142971803102901,0.514392885211955,0.6516211208637088,0.5142971803102901,0.5143700064689325,0.5531504652247978,0.6900444225257096,0.5142971803102901,0.5142971803102901,0.6848930729242795,0.5142971803102901,0.5142971803102901,0.5531001372304245,0.5142971803102901,0.6360947286551278,0.5142971803102901,0.5142971803102901,0.6816572362759071,0.5142971803102901,0.5534353359803963,0.5142971803102901,0.6608943179470019,0.514392885211955,0.5142971803102901,0.5142971803102901,0.682510051772114,0.5538029151892349,0.5142971803102901,0.6857819229142427,0.5142971803102901,0.5142971803102901,0.5142971803102901
0.0,0.0,0.16534450910243226,0.08461513094198853,0.1240503469426366,0.8408964152537145,0.4748833892194216,0.00912098945437241,0.21230619463764497,0.4817250487651038,0.0,0.4682092969325855,0.46417858215798813,0.0,0.014104150363617148,0.4003055854265336,0.5142971803102901,0.0,0.47336030821806224,0.20919695415777426,0.40729804061383423,0.0,0.5083548854013111,0.0,0.39360991049067023,0.5220530809581815,0.0,0.478938814734129,0.0,0.4494667889449364,0.0,0.48049592179082634,0.20897163193435536,0.3902140312896132,0.0,0.3952689152788467,0.5221158498093849,0.0,0.0,0.44970149117218744,0.4686263395281386,0.0100778480270055,0.46522214622696384,0.20975356643270388,0.39918280958214936,0.0,0.4689455300405994,0.45869874680091227,0.0,0.0,0.5188320729121668,0.47144956480586064,0.010103855426997328,0.44933943958609646,0.010385639284063409,0.4727972997488954,0.0,0.45146420161032685,0.0,0.3984975327806118,0.5250502075289738,0.0,0.39348535027632314,0.0,0.5279950479361762,0.0,0.47923976963532533,0.0,0.46798025531957427,0.0100778480270055,0.4846301398905104,0.2086779751426363,0.3969488521332372,0.4838277520718982,0.20899681951775193,0.4658477582080934,0.0,0.0,0.43879062037559746,0.0,0.4659321414814591,0.0,0.0,0.0,0.44939019566547517,0.0,0.0,0.0,0.46691938041225683,0.0,0.0,0.20854992387342214,0.4844925703085753,0.0,0.010103855426997328,0.4123278158171154,0.0,0.008813698250377597,0.20799582150944448,0.4760371436268093,0.0,0.0,0.46773509377094397,0.0,0.0,0.20785532679568214,0.0,0.3851273368662412,0.0,0.0,0.46248696240802034,0.0,0.20878956239813476,0.0,0.42812188503861126,0.010103855426997328,0.0,0.0,0.4638726877431638,0.20981002552489061,0.0,0.4691721390187481,0.0,0.0,0.0
