0.0,0.0,0.06884754193093827,0.15859548419294084,0.12663500527002403,0.2987416176430587,0.8408964121211313,0.010926412262723919,0.038032683571252716,0.21107130966200946,0.48077457058572803,0.41383227776940373,0.21007775478249072,0.4605543965544123,0.0,0.3995417240460289,0.20903441892041782,0.4640040733260975,0.47203259883836113,0.20875097488058397,0.008793572301255208,0.4063464247634074,0.0,0.5069560266926264,0.390800689162772,0.0,0.0,0.5210181009427545,0.47789417864428957,0.0,0.44839511576306323,0.4798731530251968,0.00882323027589738,0.20814266953455535,0.3878830486167138,0.3942538949541019,0.0,0.5213205818679724,0.0,0.3944199688353358,0.2088043064478975,0.46708698907651536,0.0,0.46383740614386176,0.21156666782098357,0.39702335627706686,0.467864741881712,0.20769915933301478,0.0,0.40456700692791875,0.0,0.5174147575711399,0.4698458737696545,0.010080783374183328,0.448411880183379,0.0,0.4717516128726728,0.45043515110434434,0.0,0.0,0.3976700796367842,0.2081263065146924,0.4760040392627129,0.39256434328625806,0.0,0.5267377936625736,0.0,0.4781430999787189,0.20764491633198626,0.4150415758280727,0.0,0.5306794309039021,0.39605451654198703,0.0,0.4824865071309992,0.20842064654519046,0.46447718364889923,0.0,0.38278831038687783,0.20806335996558262,0.0,0.4652064940579232,0.0,0.0,0.13516256781428146,0.4264152944748848,0.0,0.0,0.0,0.46598608072779524,0.0,0.0,0.5307692515162077,0.0,0.0,0.41114140647705016,0.008793572301255208,0.0,0.0,0.2074871535632359,0.4747642067672408,0.0,0.0,0.4668776296007998,0.0,0.20731410921380486,0.0,0.3844288299816184,0.0,0.0,0.0,0.46142549010710504,0.0,0.20818105470519585,0.0,0.4268579644471828,0.010080783374183328,0.0,0.46291756928234284,0.0,0.2092649072508946,0.0,0.46774602548018496,0.0,0.010054835389250378
0.0,0.0,0.06884754193093827,0.15859548419294084,0.12663500527002403,0.2987416176430587,0.8408964121211313,0.010926412262723919,0.038032683571252716,0.21107130966200946,0.48077457058572803,0.41383227776940373,0.21007775478249072,0.4605543965544123,0.0,0.3995417240460289,0.20903441892041782,0.4640040733260975,0.47203259883836113,0.20875097488058397,0.008793572301255208,0.4063464247634074,0.0,0.5069560266926264,0.390800689162772,0.0,0.0,0.5210181009427545,0.47789417864428957,0.0,0.44839511576306323,0.4798731530251968,0.00882323027589738,0.20814266953455535,0.3878830486167138,0.3942538949541019,0.0,0.5213205818679724,0.0,0.3944199688353358,0.2088043064478975,0.46708698907651536,0.0,0.46383740614386176,0.21156666782098357,0.39702335627706686,0.467864741881712,0.20769915933301478,0.0,0.40456700692791875,0.0,0.5174147575711399,0.4698458737696545,0.010080783374183328,0.448411880183379,0.0,0.4717516128726728,0.45043515110434434,0.0,0.0,0.3976700796367842,0.2081263065146924,0.4760040392627129,0.39256434328625806,0.0,0.5267377936625736,0.0,0.4781430999787189,0.20764491633198626,0.4150415758280727,0.0,0.5306794309039021,0.39605451654198703,0.0,0.4824865071309992,0.20842064654519046,0.46447718364889923,0.0,0.38278831038687783,0.20806335996558262,0.0,0.4652064940579232,0.0,0.0,0.13516256781428146,0.4264152944748848,0.0,0.0,0.0,0.46598608072779524,0.0,0.0,0.5307692515162077,0.0,0.0,0.41114140647705016,0.008793572301255208,0.0,0.0,0.2074871535632359,0.4747642067672408,0.0,0.0,0.4668776296007998,0.0,0.20731410921380486,0.0,0.3844288299816184,0.0,0.0,0.0,0.46142549010710504,0.0,0.20818105470519585,0.0,0.4268579644471828,0.010080783374183328,0.0,0.46291756928234284,0.0,0.2092649072508946,0.0,0.46774602548018496,0.0,0.010054835389250378
0.06884754193093827,0.06884754193093827,0.09736458064371262,0.1728893561395681,0.14413750003788192,0.30653975429718516,0.8428822618291695,0.06970917543581304,0.07865397536863657,0.22200422297221215,0.4855442451686988,0.41943436612394536,0.22106002135898375,0.46555353987712433,0.06884754193093827,0.40535292774126613,0.22006897623664004,0.46896288059515706,0.4768994610274602,0.21979982113006338,0.06940684447832121,0.41205640953397143,0.06884754193093827,0.5114511657248179,0.3967465700098467,0.06884754193093827,0.06884754193093827,0.5253749218293401,0.48269554926201674,0.06884754193093827,0.45354063923912946,0.48465271302367763,0.0694106082203065,0.21922230238700186,0.39387510535832954,0.40014592531580184,0.06884754193093827,0.525674491236639,0.06884754193093827,0.4003094309100097,0.219850461429933,0.472010175450649,0.06884754193093827,0.4687981505200313,0.22247513451544715,0.4028728117425701,0.47277900440570675,0.21880134293516704,0.06884754193093827,0.4103031646633403,0.06884754193093827,0.5218064638359216,0.47473751726564406,0.06958164310810577,0.45355719715895787,0.06884754193093827,0.47662164859491096,0.45555564309562724,0.06884754193093827,0.06884754193093827,0.40350967022961026,0.21920676979234652,0.48082638174984155,0.39848261386628164,0.06884754193093827,0.5310399941192196,0.06884754193093827,0.48294171896998817,0.21874986405498498,0.4206265605116308,0.06884754193093827,0.5349445128185182,0.4019188047571726,0.06884754193093827,0.48723749170246117,0.21948619035242428,0.4694304985457451,0.06884754193093827,0.38886253151640876,0.21914701890773258,0.06884754193093827,0.4701513608277851,0.06884754193093827,0.06884754193093827,0.15168357683004957,0.4318436396713605,0.06884754193093827,0.06884754193093827,0.06884754193093827,0.47092194167177803,0.06884754193093827,0.06884754193093827,0.5350334924416662,0.06884754193093827,0.06884754193093827,0.4167818749051812,0.06940684447832121,0.06884754193093827,0.06884754193093827,0.21860014812911824,0.47960038105661584,0.06884754193093827,0.06884754193093827,0.4718032224170013,0.06884754193093827,0.2184359430185059,0.06884754193093827,0.39047637757840203,0.06884754193093827,0.06884754193093827,0.06884754193093827,0.466414399754235,0.06884754193093827,0.2192587399767208,0.06884754193093827,0.43228036262605335,0.06958164310810577,0.06884754193093827,0.4678890257802808,0.06884754193093827,0.22028787148242743,0.06884754193093827,0.47266164852818715,0.06884754193093827,0.06957788861843466
0.15859548419294084,0.15859548419294084,0.1728893561395681,0.2242524023450663,0.20293014620188296,0.33803916461334454,0.8512746842656309,0.15897130603099677,0.16309055362267125,0.2639404416732108,0.5055120614135143,0.44270069569446885,0.26314771815265303,0.48643956024069585,0.15859548419294084,0.42943342350871205,0.26231673337460193,0.4896879774516088,0.49725697030414046,0.2620912386725306,0.15883900648217175,0.4357435711888661,0.15859548419294084,0.5303119489878437,0.42134821223693664,0.15859548419294084,0.15859548419294084,0.5436745558052902,0.5027905855979597,0.15859548419294084,0.4750089109832809,0.5046602201930065,0.15884065063160366,0.26160767650011435,0.41865484502526523,0.4245394916471728,0.15859548419294084,0.5439622894144823,0.15859548419294084,0.42469306335476653,0.2621336582422206,0.4925929893791493,0.15859548419294084,0.48953098030606257,0.2643361728930987,0.4271015836416155,0.4933261481888828,0.26125544088390584,0.15859548419294084,0.4340921692441615,0.15859548419294084,0.5402478363161157,0.4951942041888005,0.15891544141327826,0.4750246494524144,0.15859548419294084,0.49699186299997844,0.47692454290645825,0.15859548419294084,0.15859548419294084,0.42770022217811576,0.26159467611166276,0.5010055257588454,0.4229776219805687,0.15859548419294084,0.5491174245174368,0.15859548419294084,0.5030257158699913,0.26121238001325553,0.4438260343128636,0.15859548419294084,0.5528707447808964,0.4262050183924455,0.15859548419294084,0.5071302328356652,0.2618285857691305,0.49013366728182883,0.15859548419294084,0.4139584298641182,0.2615446686822116,0.15859548419294084,0.4908207932569943,0.15859548419294084,0.15859548419294084,0.20835419313278708,0.4544289948833815,0.15859548419294084,0.15859548419294084,0.15859548419294084,0.49155540080159055,0.15859548419294084,0.15859548419294084,0.5529562969059283,0.15859548419294084,0.15859548419294084,0.4401980817944315,0.15883900648217175,0.15859548419294084,0.15859548419294084,0.2610871633099377,0.49983496766354363,0.15859548419294084,0.15859548419294084,0.4923956535901892,0.15859548419294084,0.26094985777337476,0.15859548419294084,0.4154697441236971,0.15859548419294084,0.15859548419294084,0.15859548419294084,0.48725961166389165,0.15859548419294084,0.26163817491245694,0.15859548419294084,0.4548423371652481,0.15891544141327826,0.15859548419294084,0.48866460978410686,0.15859548419294084,0.26250018102402084,0.15859548419294084,0.49321423120326013,0.15859548419294084,0.15891379803861366
0.12663500527002403,0.12663500527002403,0.14413750003788192,0.20293014620188296,0.17907742687593217,0.3243570717367296,0.8475584419232178,0.12710545062380676,0.13222218723308524,0.24610134287487082,0.49670576274829253,0.43247501676072625,0.24525045953017263,0.4772364234055695,0.12663500527002403,0.41886016822449273,0.24435809298106587,0.48055429734131105,0.48828209457281235,0.2441158679765186,0.12693991287823486,0.4253380907513208,0.12663500527002403,0.5219857556472582,0.4105530853363357,0.12663500527002403,0.12663500527002403,0.5355923888673649,0.49392922791326493,0.12663500527002403,0.4655548034272082,0.49583674128578026,0.1269419705725542,0.24359632149695895,0.4077840068939258,0.41383289240669463,0.12663500527002403,0.5358852741685463,0.12663500527002403,0.41399069250851583,0.24416143723207778,0.4835207536032214,0.12663500527002403,0.4803939616487662,0.24652596443234553,0.4164651524646057,0.4842693212778451,0.24321778193583418,0.12663500527002403,0.42364322222453527,0.12663500527002403,0.5321039906498674,0.48617646170565926,0.12703556038734404,0.46557089473346525,0.12663500527002403,0.48801149500285373,0.4675132304381484,0.12663500527002403,0.12663500527002403,0.41708007162292365,0.24358235166271328,0.4921077807360011,0.41222785377880433,0.12663500527002403,0.5411320064589773,0.12663500527002403,0.4941691349392478,0.24317150004472504,0.43362894765410087,0.12663500527002403,0.544951197604115,0.4155441235294853,0.12663500527002403,0.4983564368653486,0.24383368788924478,0.48100945472459633,0.12663500527002403,0.40295333084533835,0.24352861416410243,0.12663500527002403,0.481711147924363,0.12663500527002403,0.12663500527002403,0.18520345228109086,0.4444949027520801,0.12663500527002403,0.12663500527002403,0.12663500527002403,0.4824612905398743,0.12663500527002403,0.12663500527002403,0.5450382433030169,0.12663500527002403,0.12663500527002403,0.42990833246108023,0.12693991287823486,0.12663500527002403,0.12663500527002403,0.24303691028792376,0.49091324240912193,0.12663500527002403,0.12663500527002403,0.4833192636686591,0.12663500527002403,0.2428893154039191,0.12663500527002403,0.4045081666025169,0.12663500527002403,0.12663500527002403,0.12663500527002403,0.4780740845207489,0.12663500527002403,0.2436290937757315,0.12663500527002403,0.4449182702316394,0.12703556038734404,0.12663500527002403,0.4795091344555697,0.12663500527002403,0.24455512798349657,0.12663500527002403,0.4841550546628818,0.12663500527002403,0.127033504209768
0.2987416176430587,0.2987416176430587,0.30653975429718516,0.33803916461334454,0.3243570717367296,0.421640656233182,0.87600910726937,0.29894056860326773,0.3011431115936057,0.3654192952034089,0.563073294570067,0.508430744006953,0.36485086523513743,0.546333005221086,0.2987416176430587,0.4970902010180252,0.3642558708241947,0.5491759139719501,0.555813469952004,0.36409456848440075,0.29887049401111726,0.5024739545351471,0.2987416176430587,0.5850022532515247,0.49021965946423823,0.2987416176430587,0.2987416176430587,0.5968852009979085,0.5606776184373922,0.2987416176430587,0.5363580402103707,0.5623231901102914,0.29887136460534336,0.36374888654813436,0.48793806674525303,0.49292770492571386,0.2987416176430587,0.5971415503769149,0.2987416176430587,0.4930581483528648,0.3641249072840373,0.5517212432019017,0.2987416176430587,0.5490384343954123,0.3657033604593757,0.4951054366163662,0.5523640615089439,0.3634972772497426,0.2987416176430587,0.5010632114647635,0.2987416176430587,0.5938337596796297,0.5540027179838218,0.298910973917187,0.536371742679253,0.2987416176430587,0.5555806759709668,0.5380265120919498,0.2987416176430587,0.2987416176430587,0.49561472483766106,0.36373959722136917,0.5591074815309923,0.4916017120527887,0.2987416176430587,0.6017376653023978,0.2987416176430587,0.5608845115381271,0.36346652907546545,0.5093962901593515,0.2987416176430587,0.6050877974192292,0.494343011231326,0.2987416176430587,0.5644988042830765,0.3639067692142842,0.5495662409243245,0.2987416176430587,0.48396846241848374,0.3637038668541373,0.2987416176430587,0.550168141493364,0.2987416176430587,0.2987416176430587,0.32776161839015505,0.5185202356187854,0.2987416176430587,0.2987416176430587,0.2987416176430587,0.5508118058906187,0.2987416176430587,0.2987416176430587,0.6051641961719253,0.2987416176430587,0.2987416176430587,0.506285482603781,0.29887049401111726,0.2987416176430587,0.2987416176430587,0.363377130228799,0.5580783930352518,0.2987416176430587,0.2987416176430587,0.5515482531063108,0.2987416176430587,0.3632791240892123,0.2987416176430587,0.4852446527723019,0.2987416176430587,0.2987416176430587,0.2987416176430587,0.547050354433091,0.2987416176430587,0.3637706798167338,0.2987416176430587,0.5188768696188171,0.298910973917187,0.2987416176430587,0.5482799162486904,0.2987416176430587,0.36438714447527953,0.2987416176430587,0.5522659237736506,0.2987416176430587,0.2989101034401755
0.8408964121211313,0.8408964121211313,0.8428822618291695,0.8512746842656309,0.8475584419232178,0.87600910726937,1.0,0.8409466034610412,0.8415039248543363,0.8590151791845492,0.9227142562347285,0.9042993604396401,0.8588505881425691,0.9170614702976544,0.8408964121211313,0.9005093392618417,0.8586784754073125,0.9180215936761714,0.9202632858191608,0.8586318458757214,0.8409289221981457,0.9023062758437926,0.8408964121211313,0.9300993421044912,0.8982229696452582,0.8408964121211313,0.8408964121211313,0.9340802204449848,0.9219056328137565,0.8408964121211313,0.9136940216607763,0.922461092980643,0.8409291418480044,0.8585319588371046,0.8974655355686445,0.8991231869402019,0.8408964121211313,0.934165873807605,0.8408964121211313,0.8991665816781985,0.858640615283554,0.9188812508932448,0.8408964121211313,0.91797516183319,0.8590974907413056,0.8998480339060543,0.9190983542793283,0.8584592918137426,0.8408964121211313,0.9018349868633158,0.8408964121211313,0.9330598637726724,0.9196517764472492,0.8409391357344999,0.9136986451205918,0.8408964121211313,0.9201846715873996,0.9142570536809898,0.8408964121211313,0.8408964121211313,0.900017662581452,0.8585292754399401,0.9213755528790749,0.8986822349186108,0.8408964121211313,0.9356997148881835,0.8408964121211313,0.9219754744227356,0.8584504136113141,0.9046228671098949,0.8408964121211313,0.9368153979176433,0.8995941734172213,0.8408964121211313,0.9231953073625292,0.8585775727396957,0.9181534217077306,0.8408964121211313,0.8961500488998713,0.8585189544471145,0.8408964121211313,0.9183567070262776,0.8408964121211313,0.8408964121211313,0.8484732426797821,0.9076852545302326,0.8408964121211313,0.8408964121211313,0.8408964121211313,0.9185740981989391,0.8408964121211313,0.8408964121211313,0.9368408163765967,0.8408964121211313,0.8408964121211313,0.9035810209683061,0.8409289221981457,0.8408964121211313,0.8408964121211313,0.8584246033189455,0.9210280939214605,0.8408964121211313,0.8408964121211313,0.91882282549315,0.8408964121211313,0.8583963125641557,0.8408964121211313,0.8965726352949144,0.8408964121211313,0.8408964121211313,0.8408964121211313,0.9173037299973145,0.8408964121211313,0.8585382544009192,0.8408964121211313,0.90780513753821,0.8409391357344999,0.8408964121211313,0.9177189846808753,0.8408964121211313,0.8587164336644614,0.8408964121211313,0.9190652096838443,0.8408964121211313,0.8409389160924723
0.010926412262723919,0.010926412262723919,0.06970917543581304,0.15897130603099677,0.12710545062380676,0.29894056860326773,0.8409466034610412,0.015452280361126454,0.039571092597618006,0.2113536500557024,0.4808953519369247,0.4139743658920654,0.21036143397535106,0.4606810399891575,0.010926412262723919,0.39968918377751467,0.2093195175824719,0.4641296857156125,0.47215586195897863,0.20903646160299175,0.01402545533695542,0.4064912834457588,0.010926412262723919,0.5070698053411673,0.39095161271920353,0.010926412262723919,0.010926412262723919,0.5211283556566345,0.47801576921906375,0.010926412262723919,0.44852550310642164,0.47999418674174765,0.014044069089764712,0.20842899262203357,0.38803516059153775,0.3944034330905714,0.010926412262723919,0.5214307624344298,0.010926412262723919,0.39456944091092244,0.20908972007475654,0.4672116911643174,0.010926412262723919,0.46396306804251375,0.2118483453878126,0.3971717994737924,0.4679892159498658,0.2079860952712784,0.010926412262723919,0.40471253800106916,0.010926412262723919,0.5175259008019997,0.4699697699397134,0.014866360590339378,0.44854226224266197,0.010926412262723919,0.47187495705717564,0.45056489797668325,0.010926412262723919,0.010926412262723919,0.39781826917806695,0.20841265216684932,0.47612616535102326,0.3927145564396447,0.010926412262723919,0.5268466575607041,0.010926412262723919,0.47826462029621447,0.207931927402554,0.4151832249581457,0.010926412262723919,0.5307873498800684,0.39620334116782213,0.010926412262723919,0.4826068113850904,0.2087065868382471,0.4646026556660748,0.010926412262723919,0.38294253803135253,0.20834979245416502,0.010926412262723919,0.46533175016995393,0.010926412262723919,0.010926412262723919,0.13560341503226128,0.4265529256448123,0.010926412262723919,0.010926412262723919,0.010926412262723919,0.46611110669440964,0.010926412262723919,0.010926412262723919,0.5308771490856374,0.010926412262723919,0.010926412262723919,0.4112844798778043,0.01402545533695542,0.010926412262723919,0.010926412262723919,0.20777438337351162,0.47488668608617707,0.010926412262723919,0.010926412262723919,0.46700239317949166,0.010926412262723919,0.2076015793317823,0.010926412262723919,0.3845823706586891,0.010926412262723919,0.010926412262723919,0.010926412262723919,0.4615518719300942,0.010926412262723919,0.20846732487315475,0.010926412262723919,0.42699544315584465,0.014866360590339378,0.010926412262723919,0.4630435049753662,0.010926412262723919,0.2095496911226793,0.010926412262723919,0.46787053431123593,0.010926412262723919,0.014848777665865348
0.038032683571252716,0.038032683571252716,0.07865397536863657,0.16309055362267125,0.13222218723308524,0.3011431115936057,0.8415039248543363,0.039571092597618006,0.05378630878522253,0.21446701370964874,0.48223568864023814,0.4155503460918429,0.21348932658114567,0.46208624907005064,0.038032683571252716,0.4013245046496603,0.21246281101270062,0.46552348693096696,0.4735236665757638,0.21218396473134066,0.03903603268482224,0.40809787382983315,0.038032683571252716,0.5083326096681597,0.39262518353057385,0.038032683571252716,0.038032683571252716,0.5223521290105338,0.47936506287617897,0.038032683571252716,0.4499721283441863,0.4813373168292087,0.03904272437071303,0.2115855677392463,0.38972185192160397,0.3960617065995891,0.038032683571252716,0.522653714431185,0.038032683571252716,0.3962269849509786,0.212236430280075,0.46859541970146357,0.038032683571252716,0.4653574170663071,0.21495451468682522,0.39881798167880567,0.46937042129052525,0.21114931711694288,0.038032683571252716,0.40632655607600343,0.038032683571252716,0.5187595162441394,0.4713445802354553,0.03934599216686734,0.4499888290352702,0.038032683571252716,0.4732436587912524,0.4520044390256312,0.038032683571252716,0.038032683571252716,0.3994616501201524,0.21156947202362641,0.4774813860795709,0.3943802834837427,0.038032683571252716,0.5280550236613275,0.038032683571252716,0.4796131363269154,0.21109596405468642,0.41675435431762636,0.038032683571252716,0.5319852474392179,0.39785373559175524,0.038032683571252716,0.4839418670463375,0.21185900997294516,0.46599490367879737,0.038032683571252716,0.38465258342154945,0.21150755414167005,0.038032683571252716,0.46672160918567074,0.038032683571252716,0.038032683571252716,0.1404106272358343,0.42807964822504724,0.038032683571252716,0.038032683571252716,0.038032683571252716,0.4674984190998627,0.038032683571252716,0.038032683571252716,0.5320748094774294,0.038032683571252716,0.038032683571252716,0.4128713466582023,0.03903603268482224,0.038032683571252716,0.038032683571252716,0.21094079218875583,0.47624581624426865,0.038032683571252716,0.038032683571252716,0.46838680214859796,0.038032683571252716,0.2107705941062989,0.038032683571252716,0.3862848333903852,0.038032683571252716,0.038032683571252716,0.038032683571252716,0.46295418652915143,0.038032683571252716,0.21162332601449252,0.038032683571252716,0.4285204804220425,0.03934599216686734,0.038032683571252716,0.46444088343940654,0.038032683571252716,0.21268956948931814,0.038032683571252716,0.4692521243304843,0.038032683571252716,0.03933935206737802
0.21107130966200946,0.21107130966200946,0.22200422297221215,0.2639404416732108,0.24610134287487082,0.3654192952034089,0.8590151791845492,0.2113536500557024,0.21446701370964874,0.29835168270354173,0.523697735597673,0.4636593901950558,0.2976517003949428,0.5054078738244836,0.21107130966200946,0.45105972952131307,0.2969184239355339,0.5085197105442766,0.5157757864184854,0.29671953036502163,0.21125422543756253,0.4570482016798219,0.21107130966200946,0.5475434884205131,0.44339823439681547,0.21107130966200946,0.21107130966200946,0.5604181691502286,0.5210851763053151,0.21107130966200946,0.4944692951053574,0.5228798912441388,0.21125546081415464,0.29629313902291904,0.4408490144260112,0.4464206798914044,0.21107130966200946,0.5606955809970574,0.21107130966200946,0.44656617981797686,0.29675694293814314,0.5113037547936615,0.21107130966200946,0.5083692822817254,0.29870128715617056,0.4488487344557682,0.5120065566580678,0.2959826562520301,0.21107130966200946,0.45548024274297677,0.21107130966200946,0.5571149599299623,0.5137975749922837,0.2113116627784417,0.4944843433740597,0.21107130966200946,0.5155215162181741,0.4963011807029761,0.21107130966200946,0.21107130966200946,0.44941624576139216,0.2962816780288675,0.5193720392181765,0.4449411774762625,0.21107130966200946,0.5656670511571813,0.21107130966200946,0.5213108614819442,0.2959447059679563,0.46472960382908796,0.21107130966200946,0.5692881238212039,0.44799892238195543,0.21107130966200946,0.5252515615783379,0.2964879091621537,0.5089467699839272,0.21107130966200946,0.43640766362466743,0.2962375932125104,0.21107130966200946,0.5096052241478627,0.21107130966200946,0.21107130966200946,0.25058819456524256,0.47482406814505834,0.21107130966200946,0.21107130966200946,0.21107130966200946,0.5103092466373519,0.21107130966200946,0.21107130966200946,0.5693706757133307,0.21107130966200946,0.21107130966200946,0.4612801888345887,0.21125422543756253,0.21107130966200946,0.21107130966200946,0.2958343581418094,0.5182488548949488,0.21107130966200946,0.21107130966200946,0.5111146016347612,0.21107130966200946,0.2957133703330922,0.21107130966200946,0.43783637530156005,0.21107130966200946,0.21107130966200946,0.21107130966200946,0.5061933136084684,0.21107130966200946,0.29632002656443823,0.21107130966200946,0.4752179753520376,0.2113116627784417,0.21107130966200946,0.5075392197264117,0.21107130966200946,0.29708025815501565,0.21107130966200946,0.5118992692101854,0.21107130966200946,0.21131042773172382
0.48077457058572803,0.48077457058572803,0.4855442451686988,0.5055120614135143,0.49670576274829253,0.563073294570067,0.9227142562347285,0.4808953519369247,0.48223568864023814,0.523697735597673,0.6706484755119048,0.6279719525766014,0.5233130113944295,0.6574579585745235,0.48077457058572803,0.6192662633534588,0.5229106210257324,0.6596914057437747,0.6649167222477936,0.5228015887321825,0.48085280480947057,0.6233918823454083,0.48077457058572803,0.6880586558955079,0.6140210670697253,0.48077457058572803,0.48077457058572803,0.6975480360746675,0.6687551843690612,0.48077457058572803,0.6496441233002025,0.6700554769936056,0.48085333337091296,0.5225680046537635,0.6122842581075089,0.6160857850831952,0.48077457058572803,0.6977531398530262,0.48077457058572803,0.6161853292642766,0.5228220944363807,0.6616934247844312,0.48077457058572803,0.6595833347065748,0.5238901056694993,0.6177487221900373,0.6621993786378444,0.5223980556232327,0.48077457058572803,0.622309527814038,0.48077457058572803,0.6951078308638039,0.6634897710312637,0.4808773822326156,0.6496548321623887,0.48077457058572803,0.6647332098132028,0.650948592924163,0.48077457058572803,0.48077457058572803,0.6181379444651245,0.5225617291715242,0.6675153018607493,0.6150743549730311,0.48077457058572803,0.7014331410802292,0.48077457058572803,0.6689186193391856,0.522377290776883,0.6287158258837667,0.48077457058572803,0.7041186325221946,0.6171662700114012,0.48077457058572803,0.6717759035232239,0.5226746756040583,0.6599982724085358,0.48077457058572803,0.6092686157835461,0.5225375919550835,0.48077457058572803,0.6604715759455424,0.48077457058572803,0.48077457058572803,0.4988785426141783,0.6357648673136457,0.48077457058572803,0.48077457058572803,0.48077457058572803,0.6609778571664162,0.48077457058572803,0.48077457058572803,0.704179904324899,0.48077457058572803,0.48077457058572803,0.6263206753895875,0.48085280480947057,0.48077457058572803,0.48077457058572803,0.5223169228690753,0.6667030961165968,0.48077457058572803,0.48077457058572803,0.661557290360747,0.48077457058572803,0.5222507511229415,0.48077457058572803,0.6102372601535394,0.48077457058572803,0.48077457058572803,0.48077457058572803,0.6580212581470829,0.48077457058572803,0.5225827275862608,0.48077457058572803,0.6360411107632911,0.4808773822326156,0.48077457058572803,0.6589871896935818,0.48077457058572803,0.5229993728539011,0.48077457058572803,0.6621221267099132,0.48077457058572803,0.4808768537005886
0.41383227776940373,0.41383227776940373,0.41943436612394536,0.44270069569446885,0.43247501676072625,0.508430744006953,0.9042993604396401,0.4139743658920654,0.4155503460918429,0.4636593901950558,0.6279719525766014,0.5809080188216348,0.46321804571418856,0.6134631463430287,0.41383227776940373,0.5712584620278655,0.4627563451675842,0.6159219523908296,0.6216710350899828,0.46263122622372593,0.4139243144892863,0.5758337402021056,0.41383227776940373,0.6470797391531237,0.5654351926818191,0.41383227776940373,0.41383227776940373,0.6574768583951541,0.6258912593508761,0.41383227776940373,0.6048535217768545,0.6273203205403081,0.4139249362852078,0.4623631562620822,0.5635053439875665,0.5677283344641049,0.41383227776940373,0.6577014596229587,0.41383227776940373,0.5678388625829259,0.4626547578619116,0.6181252142026732,0.41383227776940373,0.6158029976425531,0.46388004013604134,0.5695744196596568,0.618681913829809,0.4621680967041464,0.41383227776940373,0.5746338359872356,0.41383227776940373,0.6548042981041744,0.6201015257640532,0.4139532269519434,0.6048653293532078,0.41383227776940373,0.6214692086625794,0.6062916615254642,0.41383227776940373,0.41383227776940373,0.5700064038528143,0.462355953850399,0.6245283315670167,0.5666051508710768,0.41383227776940373,0.6617304555335919,0.41383227776940373,0.626070894574784,0.4621442626507235,0.5817316774354249,0.41383227776940373,0.664669661453172,0.5689279020416924,0.41383227776940373,0.6292107002782998,0.46248557976183735,0.6162597117828339,0.41383227776940373,0.5601525485585374,0.4623282512006826,0.41383227776940373,0.6167806303438069,0.41383227776940373,0.41383227776940373,0.4350029819032967,0.5895303274116153,0.41383227776940373,0.41383227776940373,0.41383227776940373,0.6173377998506852,0.41383227776940373,0.41383227776940373,0.6647367127402706,0.41383227776940373,0.41383227776940373,0.5790791542940542,0.4139243144892863,0.41383227776940373,0.41383227776940373,0.4620749704908554,0.623635384242064,0.41383227776940373,0.41383227776940373,0.6179754181590097,0.41383227776940373,0.461999014107133,0.41383227776940373,0.561229764994423,0.41383227776940373,0.41383227776940373,0.41383227776940373,0.6140833697099356,0.41383227776940373,0.4623800537788899,0.41383227776940373,0.5898357151198357,0.4139532269519434,0.41383227776940373,0.6151467776190478,0.41383227776940373,0.4628581864592254,0.41383227776940373,0.6185969166639531,0.41383227776940373,0.41395260520108235
0.21007775478249072,0.21007775478249072,0.22106002135898375,0.26314771815265303,0.24525045953017263,0.36485086523513743,0.8588505881425691,0.21036143397535106,0.21348932658114567,0.2976517003949428,0.5233130113944295,0.46321804571418856,0.29695004189467944,0.5050070740147166,0.21007775478249072,0.4506048995972247,0.2962150012095923,0.5081217108895996,0.5153842105442255,0.29601562763761713,0.21026153831512392,0.4565998620842904,0.21007775478249072,0.547178458394589,0.44293487650306956,0.21007775478249072,0.21007775478249072,0.5600632496454271,0.5206982106062907,0.21007775478249072,0.4940584256602465,0.5224944672389958,0.21026277954725905,0.2955882051312434,0.44038276088947853,0.44596071714393637,0.21007775478249072,0.5603408756538563,0.21007775478249072,0.4461063794858496,0.29605313054885535,0.5109082370677946,0.21007775478249072,0.5079711479014454,0.29800213913468687,0.4483914698660669,0.5116116620483051,0.2952769696708311,0.21007775478249072,0.4550302182253503,0.21007775478249072,0.5567574786603421,0.5134042621731844,0.2103192478299139,0.49407348803235285,0.21007775478249072,0.5151297176780353,0.4958920229394009,0.21007775478249072,0.21007775478249072,0.4489596081057421,0.29557671638031413,0.5189835941122705,0.4444795578907405,0.21007775478249072,0.5653161585112588,0.21007775478249072,0.5209240901076678,0.2952389272793563,0.46428937547204435,0.21007775478249072,0.5689399787340481,0.4475407163809825,0.21007775478249072,0.5248681622488388,0.2957834466539951,0.5085491524604576,0.21007775478249072,0.43593629330704986,0.29553252477724523,0.21007775478249072,0.5092081947980518,0.21007775478249072,0.21007775478249072,0.24975271305616387,0.47439415397465456,0.21007775478249072,0.21007775478249072,0.21007775478249072,0.509912844817758,0.21007775478249072,0.21007775478249072,0.5690225929801803,0.21007775478249072,0.21007775478249072,0.46083634704314697,0.21026153831512392,0.21007775478249072,0.21007775478249072,0.29512831150137664,0.5178594356706886,0.21007775478249072,0.21007775478249072,0.5107189159684538,0.21007775478249072,0.295007029678914,0.21007775478249072,0.4373666610738523,0.21007775478249072,0.21007775478249072,0.21007775478249072,0.5057932231898955,0.21007775478249072,0.2956151577822548,0.21007775478249072,0.4747884560572866,0.2103192478299139,0.21007775478249072,0.5071403407750906,0.21007775478249072,0.29637722552810425,0.21007775478249072,0.5115042795660052,0.21007775478249072,0.2103180069323325
0.4605543965544123,0.4605543965544123,0.46555353987712433,0.48643956024069585,0.4772364234055695,0.546333005221086,0.9170614702976544,0.4606810399891575,0.46208624907005064,0.5054078738244836,0.6574579585745235,0.6134631463430287,0.5050070740147166,0.643869449462165,0.4605543965544123,0.6044762709480987,0.5045878485427711,0.6461708209432696,0.6515541819610673,0.5044742508227446,0.4606364281584765,0.6087357365011327,0.4605543965544123,0.6753829113361142,0.5990593033198929,0.4605543965544123,0.4605543965544123,0.685148557523529,0.6555079953385101,0.4605543965544123,0.6358161342121077,0.6568472253892104,0.4606369823717062,0.5042308806465798,0.5972652092119847,0.601191855804089,0.4605543965544123,0.6853596027689488,0.4605543965544123,0.6012946631939502,0.5044956152693445,0.6482335347897376,0.4605543965544123,0.6460594684321403,0.505608274577597,0.6029092201797135,0.648754799381884,0.5040538068930012,0.4605543965544123,0.6076183723309376,0.4605543965544123,0.682637570789155,0.6500841897362664,0.4606621983019007,0.6358271733083585,0.4605543965544123,0.6513651391566537,0.6371607885703645,0.4605543965544123,0.4605543965544123,0.603311155164681,0.504224342148699,0.6542309198491923,0.6001472319017923,0.4605543965544123,0.6891460060594969,0.4605543965544123,0.6556763281777511,0.5040321712598584,0.6142308289023827,0.4605543965544123,0.6919089126974011,0.6023077254135698,0.4605543965544123,0.6586190654405486,0.5043420215342168,0.6464870024539973,0.4605543965544123,0.5941496070929975,0.5041991932526709,0.4605543965544123,0.6469746646876671,0.4605543965544123,0.4605543965544123,0.4795082654008967,0.621503870522354,0.4605543965544123,0.4605543965544123,0.4605543965544123,0.6474962939683179,0.4605543965544123,0.4605543965544123,0.6919719485854537,0.4605543965544123,0.4605543965544123,0.6117588967218358,0.4606364281584765,0.4605543965544123,0.4605543965544123,0.5039692714541635,0.6533943156516836,0.4605543965544123,0.4605543965544123,0.6480932788560346,0.4605543965544123,0.503900323822859,0.4605543965544123,0.5951504283846392,0.4605543965544123,0.4605543965544123,0.4605543965544123,0.6444499017629092,0.4605543965544123,0.5042462206201392,0.4605543965544123,0.6217888339942194,0.4606621983019007,0.4605543965544123,0.6454452125580337,0.4605543965544123,0.5046803154237487,0.4605543965544123,0.6486752104517217,0.4605543965544123,0.46066164412186383
0.0,0.0,0.06884754193093827,0.15859548419294084,0.12663500527002403,0.2987416176430587,0.8408964121211313,0.010926412262723919,0.038032683571252716,0.21107130966200946,0.48077457058572803,0.41383227776940373,0.21007775478249072,0.4605543965544123,0.0,0.3995417240460289,0.20903441892041782,0.4640040733260975,0.47203259883836113,0.20875097488058397,0.008793572301255208,0.4063464247634074,0.0,0.5069560266926264,0.390800689162772,0.0,0.0,0.5210181009427545,0.47789417864428957,0.0,0.44839511576306323,0.4798731530251968,0.00882323027589738,0.20814266953455535,0.3878830486167138,0.3942538949541019,0.0,0.5213205818679724,0.0,0.3944199688353358,0.2088043064478975,0.46708698907651536,0.0,0.46383740614386176,0.21156666782098357,0.39702335627706686,0.467864741881712,0.20769915933301478,0.0,0.40456700692791875,0.0,0.5174147575711399,0.4698458737696545,0.010080783374183328,0.448411880183379,0.0,0.4717516128726728,0.45043515110434434,0.0,0.0,0.3976700796367842,0.2081263065146924,0.4760040392627129,0.39256434328625806,0.0,0.5267377936625736,0.0,0.4781430999787189,0.20764491633198626,0.4150415758280727,0.0,0.5306794309039021,0.39605451654198703,0.0,0.4824865071309992,0.20842064654519046,0.46447718364889923,0.0,0.38278831038687783,0.20806335996558262,0.0,0.4652064940579232,0.0,0.0,0.13516256781428146,0.4264152944748848,0.0,0.0,0.0,0.46598608072779524,0.0,0.0,0.5307692515162077,0.0,0.0,0.41114140647705016,0.008793572301255208,0.0,0.0,0.2074871535632359,0.4747642067672408,0.0,0.0,0.4668776296007998,0.0,0.20731410921380486,0.0,0.3844288299816184,0.0,0.0,0.0,0.46142549010710504,0.0,0.20818105470519585,0.0,0.4268579644471828,0.010080783374183328,0.0,0.46291756928234284,0.0,0.2092649072508946,0.0,0.46774602548018496,0.0,0.010054835389250378
0.3995417240460289,0.3995417240460289,0.40535292774126613,0.42943342350871205,0.41886016822449273,0.4970902010180252,0.9005093392618417,0.39968918377751467,0.4013245046496603,0.45105972952131307,0.6192662633534588,0.5712584620278655,0.4506048995972247,0.6044762709480987,0.3995417240460289,0.5614027104438564,0.45012906656657525,0.6069832871679748,0.6128441895860776,0.4500001133544164,0.39963724060121353,0.5660763657351344,0.3995417240460289,0.6387332841146685,0.5554525736924739,0.3995417240460289,0.3995417240460289,0.6493212311437767,0.6171457188808868,0.3995417240460289,0.5956959266829452,0.618602167085201,0.39963788590163846,0.44972382202870537,0.5534802589782827,0.5577959003553327,0.3995417240460289,0.6495499218533187,0.3995417240460289,0.5579088398824825,0.4500243662635528,0.60922955010568,0.3995417240460289,0.6068620054707035,0.45128711275010386,0.5596821726390068,0.6097970855766613,0.44952277478033914,0.3995417240460289,0.564850769588929,0.3995417240460289,0.646599905705376,0.6112442766020034,0.39966724591119274,0.5957079704860929,0.3995417240460289,0.612638458599696,0.5971627952535306,0.3995417240460289,0.3995417240460289,0.560123533356609,0.44971639860841034,0.6157566038461277,0.5566481732282998,0.3995417240460289,0.6536520521159783,0.3995417240460289,0.6173288006674009,0.44949820878358404,0.5720994970621359,0.3995417240460289,0.6566443486437861,0.5590216026381214,0.3995417240460289,0.6205286646366571,0.449850001178451,0.6073276507069366,0.3995417240460289,0.5500531727830881,0.4496878458343656,0.3995417240460289,0.6078587460802168,0.3995417240460289,0.3995417240460289,0.4214754953026663,0.5800610058768612,0.3995417240460289,0.3995417240460289,0.3995417240460289,0.6084267890877177,0.3995417240460289,0.3995417240460289,0.6567126085572189,0.3995417240460289,0.3995417240460289,0.5693908912240087,0.39963724060121353,0.3995417240460289,0.3995417240460289,0.4494267882718405,0.6148464632800429,0.3995417240460289,0.3995417240460289,0.6090768363612459,0.3995417240460289,0.449348498171762,0.3995417240460289,0.5511543297622673,0.3995417240460289,0.3995417240460289,0.3995417240460289,0.6051086774115736,0.3995417240460289,0.44974123802731064,0.3995417240460289,0.5803727110147135,0.39966724591119274,0.3995417240460289,0.6061929388628612,0.3995417240460289,0.4502340273893948,0.3995417240460289,0.6097104347474076,0.3995417240460289,0.39966660066064896
0.20903441892041782,0.20903441892041782,0.22006897623664004,0.26231673337460193,0.24435809298106587,0.3642558708241947,0.8586784754073125,0.2093195175824719,0.21246281101270062,0.2969184239355339,0.5229106210257324,0.4627563451675842,0.2962150012095923,0.5045878485427711,0.20903441892041782,0.45012906656657525,0.2954781035748622,0.5077054180992626,0.5149746451882846,0.29527822476175897,0.20921912250365132,0.45613083111348207,0.20903441892041782,0.546796688377343,0.44245010498401594,0.20903441892041782,0.20903441892041782,0.5596920638655959,0.5202934730337638,0.20903441892041782,0.49362865314695054,0.522091344072617,0.20922036994412,0.2948497168528421,0.439894954097004,0.4454795043325526,0.20903441892041782,0.559969914057354,0.20903441892041782,0.44562533690998074,0.2953158227617001,0.5104945435890053,0.20903441892041782,0.5075547140114441,0.29726974075650414,0.44791308507720734,0.5111986211437313,0.29453768909739503,0.20903441892041782,0.4545594214630057,0.20903441892041782,0.5563836111973846,0.5129928778173765,0.20927712058948478,0.49364373029202474,0.20903441892041782,0.5147199191393506,0.49546404335140926,0.20903441892041782,0.20903441892041782,0.44848188041079246,0.2948381988847259,0.5185773073308775,0.44399660844396155,0.20903441892041782,0.5649491879418429,0.20903441892041782,0.5205195560266023,0.2944995497510933,0.46382884448713674,0.20903441892041782,0.5685758841335928,0.44706134488182575,0.20903441892041782,0.5244671592055635,0.2950454545563387,0.5081332598792577,0.20903441892041782,0.4354431226961099,0.29479389487666424,0.20903441892041782,0.5087929182123382,0.20903441892041782,0.20903441892041782,0.24887661007519668,0.4739444301862675,0.20903441892041782,0.20903441892041782,0.20903441892041782,0.5094982254409364,0.20903441892041782,0.20903441892041782,0.5686585636469447,0.20903441892041782,0.20903441892041782,0.4603720295566081,0.20921912250365132,0.20903441892041782,0.20903441892041782,0.29438865191846186,0.5174521287949789,0.20903441892041782,0.20903441892041782,0.5103050466089272,0.20903441892041782,0.2942670606059313,0.20903441892041782,0.436875226550891,0.20903441892041782,0.20903441892041782,0.20903441892041782,0.5053747406927966,0.20903441892041782,0.2948767380387367,0.20903441892041782,0.47433914599036053,0.20927712058948478,0.20903441892041782,0.506723127083195,0.20903441892041782,0.2956407385010545,0.20903441892041782,0.5110911391345305,0.20903441892041782,0.20927587348858165
