0.0,0.0,0.15176785378572724,0.150268331043068,0.1360376255403361,0.8408964152537145,0.5253006116848162,0.01442130682969748,0.23250091713870283,0.532236080817383,0.009665131374370937,0.45693420648708377,0.566237285604805,0.0,0.0,0.4407810457088865,0.229803133717601,0.5130509248710399,0.5221082499212126,0.2295989401646706,0.44795762499855124,0.0,0.5621815310039786,0.0,0.43101918940816486,0.5231986054633385,0.22862726505593026,0.0,0.5289065081204813,0.22804786379410535,0.4354260597397175,0.5306405509634549,0.011079922115754752,0.4887274572197214,0.0,0.4344583464515848,0.0,0.5787458582623972,0.4348833150415975,0.0,0.22974520503173826,0.5170682865594626,0.5132251999520742,0.22766542993036207,0.44029654305686383,0.0,0.5176445659713786,0.22833392874170813,0.44631867039681417,0.0,0.5748688720246796,0.0,0.5198470188347308,0.011079922115754752,0.4954151810830724,0.5219477145749554,0.0,0.4977220846609461,0.0,0.43827439091818093,0.0,0.5816722025561941,0.0,0.4327121255041424,0.5855993582169481,0.0,0.0,0.5836548256167098,0.4582064266432605,0.0,0.5346027316897272,0.22892161599468627,0.4361310469755883,0.0,0.5338969684716114,0.5697763228084242,0.0,0.0,0.4833946572285091,0.0,0.0,0.5140837413597696,0.0,0.0,0.4348111657612941,0.22884477437977058,0.0,0.0,0.5151138011945854,0.0,0.0,0.0,0.5900007572449948,0.0,0.011079922115754752,0.45356928044084854,0.009665131374370937,0.0,0.22817288701988098,0.5257562407134141,0.0,0.0,0.0,0.5160927004940244,0.0,0.22791026032646744,0.0,0.4235364815506354,0.0,0.0,0.5098749274209561,0.0,0.22890015827693513,0.0,0.47124839623156356,0.011079922115754752,0.0,0.0,0.5116959964907567,0.2301999729124268,0.0,0.5176699425535854,0.0,0.005358985862494282,0.009665131374370937
0.0,0.0,0.15176785378572724,0.150268331043068,0.1360376255403361,0.8408964152537145,0.5253006116848162,0.01442130682969748,0.23250091713870283,0.532236080817383,0.009665131374370937,0.45693420648708377,0.566237285604805,0.0,0.0,0.4407810457088865,0.229803133717601,0.5130509248710399,0.5221082499212126,0.2295989401646706,0.44795762499855124,0.0,0.5621815310039786,0.0,0.43101918940816486,0.5231986054633385,0.22862726505593026,0.0,0.5289065081204813,0.22804786379410535,0.4354260597397175,0.5306405509634549,0.011079922115754752,0.4887274572197214,0.0,0.4344583464515848,0.0,0.5787458582623972,0.4348833150415975,0.0,0.22974520503173826,0.5170682865594626,0.5132251999520742,0.22766542993036207,0.44029654305686383,0.0,0.5176445659713786,0.22833392874170813,0.44631867039681417,0.0,0.5748688720246796,0.0,0.5198470188347308,0.011079922115754752,0.4954151810830724,0.5219477145749554,0.0,0.4977220846609461,0.0,0.43827439091818093,0.0,0.5816722025561941,0.0,0.4327121255041424,0.5855993582169481,0.0,0.0,0.5836548256167098,0.4582064266432605,0.0,0.5346027316897272,0.22892161599468627,0.4361310469755883,0.0,0.5338969684716114,0.5697763228084242,0.0,0.0,0.4833946572285091,0.0,0.0,0.5140837413597696,0.0,0.0,0.4348111657612941,0.22884477437977058,0.0,0.0,0.5151138011945854,0.0,0.0,0.0,0.5900007572449948,0.0,0.011079922115754752,0.45356928044084854,0.009665131374370937,0.0,0.22817288701988098,0.5257562407134141,0.0,0.0,0.0,0.5160927004940244,0.0,0.22791026032646744,0.0,0.4235364815506354,0.0,0.0,0.5098749274209561,0.0,0.22890015827693513,0.0,0.47124839623156356,0.011079922115754752,0.0,0.0,0.5116959964907567,0.2301999729124268,0.0,0.5176699425535854,0.0,0.005358985862494282,0.009665131374370937
0.15176785378572724,0.15176785378572724,0.21460368368634847,0.21354669060936884,0.20379122305295835,0.850415376483443,0.5458999198271038,0.1524513032367682,0.27756465623959364,0.5525306237066727,0.15207521600585872,0.48089428848880067,0.5851128603635786,0.15176785378572724,0.15176785378572724,0.465651105987416,0.2753122050703316,0.5342028027535987,0.5428497649979388,0.2751420403531066,0.4724169446829992,0.15176785378572724,0.5812203392494306,0.15176785378572724,0.45646551289585724,0.5438914103333883,0.2743329229036994,0.15176785378572724,0.5493466583856027,0.2738509500386879,0.4606096587789513,0.5510047085496487,0.15217165758759593,0.5110361470453468,0.15176785378572724,0.4596992689399123,0.15176785378572724,0.5971272098807519,0.46009903876702013,0.15176785378572724,0.27526392555247065,0.5380368671789938,0.534369083077412,0.273533028310233,0.4651947189971284,0.15176785378572724,0.5385870223193653,0.27408886558246426,0.470870862334567,0.15176785378572724,0.5934019624249451,0.15176785378572724,0.5406900174873427,0.15217165758759593,0.5173973680589102,0.5426964136488478,0.15176785378572724,0.5195931807543089,0.15176785378572724,0.4632904508144882,0.15176785378572724,0.5999398496260389,0.15176785378572724,0.4580570101411913,0.6037155039419602,0.15176785378572724,0.15176785378572724,0.6018458329889178,0.48209700913340237,0.15176785378572724,0.5547945514212089,0.2745779201207798,0.4612730145408868,0.15176785378572724,0.5541193548992628,0.5885106812141513,0.15176785378572724,0.15176785378572724,0.5059685958791277,0.15176785378572724,0.15176785378572724,0.5351882970692458,0.15176785378572724,0.15176785378572724,0.4600311648213243,0.27451395327909833,0.15176785378572724,0.15176785378572724,0.5361712985345712,0.15176785378572724,0.15176785378572724,0.15176785378572724,0.6079485508658816,0.15176785378572724,0.15217165758759593,0.47771466724481493,0.15207521600585872,0.15176785378572724,0.27395491862643845,0.5463353528052345,0.15176785378572724,0.15176785378572724,0.15176785378572724,0.5371056031339028,0.15176785378572724,0.2737365399001298,0.15176785378572724,0.4494390078245933,0.15176785378572724,0.15176785378572724,0.5311732000602545,0.15176785378572724,0.274560056976616,0.15176785378572724,0.49444358501561897,0.15217165758759593,0.15176785378572724,0.15176785378572724,0.5329101661931919,0.2756430415386002,0.15176785378572724,0.538611249479863,0.15176785378572724,0.15186241319739846,0.15207521600585872
0.150268331043068,0.150268331043068,0.21354669060936884,0.21248441761583697,0.20267762885632992,0.8502313583490659,0.5455036643441323,0.1509585767320307,0.27674979494959234,0.5521400716099786,0.15057875734024337,0.4804357872077285,0.5847489827172877,0.150268331043068,0.150268331043068,0.4651759669345684,0.27449057863578613,0.5337962304604519,0.5424508514511805,0.27431989839374094,0.4719493035756942,0.150268331043068,0.5808533832577868,0.150268331043068,0.4559798878963983,0.5434934070237816,0.2735083210313355,0.150268331043068,0.5489533802259173,0.2730248760296346,0.4601288095352168,0.5506128528614033,0.15067615775744087,0.5106080793294414,0.150268331043068,0.45921737697860265,0.150268331043068,0.5967726676213703,0.459617605124785,0.150268331043068,0.274442152916006,0.5376337136952128,0.5339626598280443,0.27270598043703587,0.4647190674253574,0.150268331043068,0.5381843563792752,0.2732635189011441,0.4704015241464033,0.150268331043068,0.5930445515821003,0.150268331043068,0.5402892083134561,0.15067615775744087,0.5169753529178487,0.5422973658766599,0.150268331043068,0.5191732275709972,0.150268331043068,0.462812651358025,0.150268331043068,0.5995874582945737,0.150268331043068,0.4575732281007159,0.6033659803463423,0.150268331043068,0.150268331043068,0.6014948920955542,0.4816397824914164,0.150268331043068,0.554405923780335,0.27375406461049084,0.46079292282168977,0.150268331043068,0.5537301545003449,0.588149468706824,0.150268331043068,0.150268331043068,0.5055356195617718,0.150268331043068,0.150268331043068,0.5347826070847447,0.150268331043068,0.150268331043068,0.4595496534133009,0.273689903026468,0.150268331043068,0.150268331043068,0.5357664861691309,0.150268331043068,0.150268331043068,0.150268331043068,0.607602216381023,0.150268331043068,0.15067615775744087,0.4772527701305956,0.15057875734024337,0.150268331043068,0.2731291626115578,0.5459394749829998,0.150268331043068,0.150268331043068,0.150268331043068,0.5367016226514162,0.150268331043068,0.27291011568504675,0.150268331043068,0.44894510976040924,0.150268331043068,0.150268331043068,0.5307638997446349,0.150268331043068,0.2737361470923163,0.150268331043068,0.4939991422278376,0.15067615775744087,0.150268331043068,0.150268331043068,0.5325024328392742,0.2748224155954611,0.150268331043068,0.5382086049924384,0.150268331043068,0.15036383445097032,0.15057875734024337
0.1360376255403361,0.1360376255403361,0.20379122305295835,0.20267762885632992,0.19236978076876812,0.8485703095477599,0.5419236117071069,0.13679975744332185,0.2693076233844844,0.5486118196038928,0.13638047605372705,0.4762892868092006,0.5814627919522287,0.1360376255403361,0.1360376255403361,0.460877693418073,0.26698473448161547,0.5301224347697878,0.5388466516075311,0.2668092001669794,0.46771944800942666,0.1360376255403361,0.5775392745862716,0.1360376255403361,0.4515858746367238,0.5398974766360067,0.2659744568159925,0.1360376255403361,0.5454003709366391,0.26547714496681696,0.4557784085766697,0.547072762485619,0.13648801805694621,0.5067387903635878,0.1360376255403361,0.4548574550862384,0.1360376255403361,0.5935711145049827,0.4552618681722778,0.1360376255403361,0.26693493218475234,0.5339909887613795,0.5302902187983588,0.2651490747265899,0.4604161160049654,0.1360376255403361,0.5345460618467033,0.2657226392243289,0.4661561858198742,0.1360376255403361,0.5898169951044029,0.1360376255403361,0.5366677854643899,0.13648801805694621,0.5131611346197843,0.5386919465670427,0.1360376255403361,0.5153777659851745,0.1360376255403361,0.45849009387648687,0.1360376255403361,0.5964054006936417,0.1360376255403361,0.45319604642847433,0.6002099120896311,0.1360376255403361,0.1360376255403361,0.59832597978546,0.4775049029371624,0.1360376255403361,0.5508951469069457,0.2662272298806906,0.4564494383187377,0.1360376255403361,0.5502141768535481,0.5848874449472669,0.1360376255403361,0.1360376255403361,0.5016216541316225,0.1360376255403361,0.1360376255403361,0.5311168305443845,0.1360376255403361,0.1360376255403361,0.4551932063855509,0.26616123420708265,0.1360376255403361,0.1360376255403361,0.5321086857622942,0.1360376255403361,0.1360376255403361,0.1360376255403361,0.6044750457884007,0.1360376255403361,0.13648801805694621,0.4730753054390064,0.13638047605372705,0.1360376255403361,0.26558442710669067,0.542362852922727,0.1360376255403361,0.1360376255403361,0.1360376255403361,0.5330513823491597,0.1360376255403361,0.26535908549576287,0.1360376255403361,0.444475513563777,0.1360376255403361,0.1360376255403361,0.527065307009005,0.1360376255403361,0.2662088002705076,0.1360376255403361,0.48998076132707086,0.13648801805694621,0.1360376255403361,0.1360376255403361,0.528818083861941,0.26732599103585597,0.1360376255403361,0.5345705054015089,0.1360376255403361,0.13614312088735173,0.13638047605372705
0.8408964152537145,0.8408964152537145,0.850415376483443,0.8502313583490659,0.8485703095477599,1.0,0.9352928299430437,0.840983843949511,0.86272634184156,0.9372558781475515,0.840935688572413,0.9160560549647278,0.9468325567653739,0.8408964152537145,0.8408964152537145,0.9116001605140136,0.8622424427717902,0.9318243082918392,0.9343889172427892,0.8622060097774724,0.913573388303438,0.8408964152537145,0.9456968171183397,0.8408964152537145,0.9089344893039808,0.9346976626089436,0.8620330131182766,0.8408964152537145,0.9363136256493111,0.8619301507938781,0.9101351247069254,0.9368043970521756,0.8409480266886602,0.9249516133059638,0.8408964152537145,0.9098710782924463,0.8408964152537145,0.9503185467612258,0.9099870064297809,0.8408964152537145,0.8622321041481434,0.9329617587222889,0.9318736458597326,0.8618623770443593,0.9114673428801108,0.8408964152537145,0.9331249389869569,0.8619809090220711,0.9131218011166773,0.8408964152537145,0.9492410452751627,0.8408964152537145,0.9337486055765464,0.8409480266886602,0.9268375955722944,0.9343434592418082,0.8408964152537145,0.9274889554382396,0.8408964152537145,0.9109135711111043,0.8408964152537145,0.9511298905637867,0.8408964152537145,0.9093951726653065,0.9522158952965749,0.8408964152537145,0.8408964152537145,0.9516785752736627,0.9164091222388887,0.8408964152537145,0.937925376665066,0.8620853540561391,0.9103276227129282,0.8408964152537145,0.9377257493049146,0.9478215625643379,0.8408964152537145,0.8408964152537145,0.9234506289719577,0.8408964152537145,0.8408964152537145,0.9321167090899737,0.8408964152537145,0.8408964152537145,0.9099673216669452,0.862071684754529,0.8408964152537145,0.8408964152537145,0.9324083483242667,0.8408964152537145,0.8408964152537145,0.8408964152537145,0.9534289471883614,0.8408964152537145,0.8409480266886602,0.91512362552201,0.840935688572413,0.8408964152537145,0.8619523278218515,0.9354218292178832,0.8408964152537145,0.8408964152537145,0.8408964152537145,0.9326855170114178,0.8408964152537145,0.8619057540858011,0.8408964152537145,0.9069068571293225,0.8408964152537145,0.8408964152537145,0.9309253051085964,0.8408964152537145,0.8620815365688765,0.8408964152537145,0.9200439112683724,0.8409480266886602,0.8408964152537145,0.8408964152537145,0.9314407486423698,0.8623133261747576,0.8408964152537145,0.9331321247208829,0.8408964152537145,0.840908489731419,0.840935688572413
0.5253006116848162,0.5253006116848162,0.5458999198271038,0.5455036643441323,0.5419236117071069,0.9352928299430437,0.728323057063864,0.5254908430154749,0.5722719443849549,0.732744712656342,0.5253860669414776,0.6859604737690486,0.75468477343078,0.5253006116848162,0.5253006116848162,0.6763336382204017,0.571239722338326,0.7205632614856607,0.7262945255479724,0.5711619938294292,0.6805902752174932,0.5253006116848162,0.7520467303579939,0.5253006116848162,0.6705980715131137,0.7269868866765293,0.5707928883237104,0.5253006116848162,0.7306195043511909,0.5705734030754332,0.6731794024925903,0.7317257523238534,0.5254129127171233,0.7053613578679448,0.5253006116848162,0.6726114355394138,0.5253006116848162,0.7628524930480277,0.6728607789503669,0.5253006116848162,0.5712176654216831,0.7231008894499626,0.7206731946504555,0.5704287815183203,0.6760474715192505,0.5253006116848162,0.7234654941939532,0.5706817115199063,0.6796152420857116,0.5253006116848162,0.760316020669648,0.5253006116848162,0.7248603016015579,0.5254129127171233,0.7095121696986758,0.7261926306924457,0.5253006116848162,0.7109492127995065,0.5253006116848162,0.674854778177402,0.5253006116848162,0.764769811559671,0.5253006116848162,0.6715881509792048,0.7673465038502684,0.5253006116848162,0.5253006116848162,0.7660701391054159,0.6867255933288822,0.5253006116848162,0.7342580165293985,0.5709045669587681,0.6735935676562496,0.5253006116848162,0.7338064982448019,0.7569909228544079,0.5253006116848162,0.5253006116848162,0.7020680972665073,0.5253006116848162,0.5253006116848162,0.7212149650070054,0.5253006116848162,0.5253006116848162,0.6728184379509594,0.57087540143024,0.5253006116848162,0.5253006116848162,0.7218654071591494,0.5253006116848162,0.5253006116848162,0.5253006116848162,0.7702391495186575,0.5253006116848162,0.5254129127171233,0.6839415585735386,0.5253860669414776,0.5253006116848162,0.5706207250631214,0.7286129297050619,0.5253006116848162,0.5253006116848162,0.5253006116848162,0.7224839832166617,0.5253006116848162,0.5705213439325698,0.5253006116848162,0.6662456867515436,0.5253006116848162,0.5253006116848162,0.7185622573320375,0.5253006116848162,0.5708964217948217,0.5253006116848162,0.694624564119787,0.5254129127171233,0.5253006116848162,0.5253006116848162,0.7197090393581062,0.5713909447248092,0.5253006116848162,0.7234815530044075,0.5253006116848162,0.5253268851260114,0.5253860669414776
0.01442130682969748,0.01442130682969748,0.1524513032367682,0.1509585767320307,0.13679975744332185,0.840983843949511,0.5254908430154749,0.020394807491396723,0.23294708692455635,0.5324234168301593,0.017360554489420803,0.45715670730962243,0.5664112031462484,0.01442130682969748,0.01442130682969748,0.4410124001705823,0.2302545613212566,0.5132464182101463,0.5222998339061848,0.23005077070156987,0.4481849766464247,0.01442130682969748,0.5623569871233168,0.01442130682969748,0.4312561782314667,0.5233897260027782,0.22908102274040215,0.01442130682969748,0.5290952268221156,0.22850277834778684,0.4356604770941028,0.5308285479006526,0.0181862244741018,0.4889340207335381,0.01442130682969748,0.4346933244821871,0.01442130682969748,0.5789151251317236,0.4351180465784199,0.01442130682969748,0.23019674687358127,0.5172620325875109,0.5134206170420417,0.22812111126575418,0.4405281719131169,0.01442130682969748,0.5178380631126318,0.22878827139441946,0.44654692617217184,0.01442130682969748,0.5750395655485541,0.01442130682969748,0.5200395687732162,0.0181862244741018,0.4956186125176206,0.5221393669215574,0.01442130682969748,0.49792445179991796,0.01442130682969748,0.43850717082086704,0.01442130682969748,0.5818404010685748,0.01442130682969748,0.43294812093315754,0.5857661341585164,0.01442130682969748,0.01442130682969748,0.5838223043648878,0.4584282534125185,0.01442130682969748,0.534789092902626,0.22937478817766882,0.4363650572711298,0.01442130682969748,0.534083619692849,0.5699489103221678,0.01442130682969748,0.01442130682969748,0.4836037697248367,0.01442130682969748,0.01442130682969748,0.5142787834190587,0.01442130682969748,0.01442130682969748,0.43504593911640704,0.22929809926685993,0.01442130682969748,0.01442130682969748,0.5153083946097053,0.01442130682969748,0.01442130682969748,0.01442130682969748,0.5901659536132629,0.01442130682969748,0.0181862244741018,0.4537935799443409,0.017360554489420803,0.01442130682969748,0.2286275514527141,0.5259462800282143,0.01442130682969748,0.01442130682969748,0.01442130682969748,0.5162868688631576,0.01442130682969748,0.22836545048266296,0.01442130682969748,0.4237779464855301,0.01442130682969748,0.01442130682969748,0.5100718175976376,0.01442130682969748,0.22935337309173562,0.01442130682969748,0.4714634949148789,0.0181862244741018,0.01442130682969748,0.01442130682969748,0.5118920840500395,0.23065061945841517,0.01442130682969748,0.5178634287450998,0.01442130682969748,0.015384824281898106,0.017360554489420803
0.23250091713870283,0.23250091713870283,0.27756465623959364,0.27674979494959234,0.2693076233844844,0.86272634184156,0.5722719443849549,0.23294708692455635,0.3285654836566322,0.5785356534396366,0.23270142761559812,0.5112229451716002,0.6093920694258561,0.23250091713870283,0.23250091713870283,0.49702158679436326,0.3266703414530193,0.5612368323687918,0.5693925800358449,0.3265273497394756,0.5033187674086168,0.23250091713870283,0.6056994907116448,0.23250091713870283,0.48848905740101356,0.5703757570468871,0.3258477855022217,0.23250091713870283,0.5755271917013243,0.32544325897265747,0.49233611252482246,0.5770936838606203,0.2327643899717775,0.5394416709159298,0.23250091713870283,0.4914906372355573,0.23250091713870283,0.6207988690938836,0.4918618777055428,0.23250091713870283,0.3266297689422414,0.5648517857673466,0.5613935660221844,0.3251765354734341,0.49659718356655774,0.23250091713870283,0.5653706727532624,0.3256429191188767,0.5018788832589297,0.23250091713870283,0.6172605013520598,0.23250091713870283,0.5673545368935557,0.2327643899717775,0.5454177966478839,0.5692478489744414,0.23250091713870283,0.5474822219364373,0.23250091713870283,0.49482688271946956,0.23250091713870283,0.6234712718675199,0.23250091713870283,0.4899659758064952,0.6270598083063545,0.23250091713870283,0.23250091713870283,0.6252826359192301,0.5123455689981276,0.23250091713870283,0.5806755860868952,0.32605349373902803,0.49295229132353946,0.23250091713870283,0.5800373016028576,0.6126166262019348,0.23250091713870283,0.23250091713870283,0.53468579763027,0.23250091713870283,0.23250091713870283,0.5621658050053806,0.23250091713870283,0.23250091713870283,0.4917988448820761,0.32599977983468903,0.23250091713870283,0.23250091713870283,0.5630925676915288,0.23250091713870283,0.23250091713870283,0.23250091713870283,0.6310845729740531,0.23250091713870283,0.2327643899717775,0.5082565196129362,0.23270142761559812,0.23250091713870283,0.32553050386789706,0.5726830984484002,0.23250091713870283,0.23250091713870283,0.23250091713870283,0.5639735482234217,0.23250091713870283,0.3253472631553936,0.23250091713870283,0.4819758377263306,0.23250091713870283,0.23250091713870283,0.558381877843249,0.23250091713870283,0.32603849342942026,0.23250091713870283,0.5238866350632153,0.2327643899717775,0.23250091713870283,0.23250091713870283,0.5600185477043037,0.3269484203788619,0.23250091713870283,0.5653935239440627,0.23250091713870283,0.23256257907423208,0.23270142761559812
0.532236080817383,0.532236080817383,0.5525306237066727,0.5521400716099786,0.5486118196038928,0.9372558781475515,0.732744712656342,0.5324234168301593,0.5785356534396366,0.7371185924605311,0.5323202352509614,0.6908463391027979,0.7588224759119984,0.532236080817383,0.532236080817383,0.6813273380988901,0.5775173571784121,0.7250689885357959,0.7307381288856101,0.5774406786717132,0.6855361601581563,0.532236080817383,0.7562127842005323,0.532236080817383,0.6756565586168535,0.7314229967717064,0.5770765618703481,0.532236080817383,0.7350163364475266,0.5768600451585085,0.6782086790559512,0.7361106345954332,0.5323466724387417,0.7100328654348987,0.532236080817383,0.6776471317628897,0.532236080817383,0.766902425094701,0.6778936563598734,0.532236080817383,0.5774955982000899,0.7275790881541392,0.7251777283807848,0.5767173804434161,0.6810443938891667,0.532236080817383,0.7279397405742927,0.576966888540869,0.6845720602740327,0.532236080817383,0.7643932114679419,0.532236080817383,0.7293194347696148,0.5323466724387417,0.7141382481889702,0.730637337010299,0.532236080817383,0.715559593931288,0.532236080817383,0.6798651424087268,0.532236080817383,0.768799135266946,0.532236080817383,0.6766354238960722,0.771348124939949,0.532236080817383,0.532236080817383,0.7700854838416523,0.6916029337326072,0.532236080817383,0.7386155636203305,0.5771867306394783,0.6786181655977686,0.532236080817383,0.7381689175419583,0.7611038438675177,0.532236080817383,0.532236080817383,0.7067757469918866,0.532236080817383,0.532236080817383,0.7257136188627877,0.532236080817383,0.532236080817383,0.6778517939661688,0.5771579593831085,0.532236080817383,0.532236080817383,0.7263570039310309,0.532236080817383,0.532236080817383,0.532236080817383,0.7742096582289703,0.532236080817383,0.5323466724387417,0.6888499496737935,0.5323202352509614,0.532236080817383,0.5769067269872876,0.7330314506020232,0.532236080817383,0.532236080817383,0.532236080817383,0.7269688708466076,0.532236080817383,0.5768086903396951,0.532236080817383,0.6713536286019148,0.532236080817383,0.532236080817383,0.7230897176749906,0.532236080817383,0.5771786955826472,0.532236080817383,0.6994142547853943,0.5323466724387417,0.532236080817383,0.532236080817383,0.7242240413622699,0.5776665373117251,0.532236080817383,0.7279556253233553,0.532236080817383,0.5322619542831858,0.5323202352509614
0.009665131374370937,0.009665131374370937,0.15207521600585872,0.15057875734024337,0.13638047605372705,0.840935688572413,0.5253860669414776,0.017360554489420803,0.23270142761559812,0.5323202352509614,0.013668559844581069,0.457034160779219,0.5663154114679168,0.009665131374370937,0.009665131374370937,0.4408849783244427,0.23000600959557874,0.5131387442997115,0.5221943129092713,0.22980199731899972,0.44805975896042544,0.009665131374370937,0.5622603480981059,0.009665131374370937,0.43112565385500884,0.5232844602305751,0.22883118922537132,0.009665131374370937,0.5289912837740586,0.22825230843964278,0.43553136867616893,0.5307250023394792,0.014703041768344515,0.48882025050745637,0.009665131374370937,0.4345639073314682,0.009665131374370937,0.5788218947541299,0.4349887651578634,0.009665131374370937,0.22994813230448202,0.5171553209329743,0.5133129851224268,0.22787021955381345,0.44040059897186656,0.009665131374370937,0.5177314885220751,0.22853811608813998,0.4464212106236102,0.009665131374370937,0.574945549455532,0.009665131374370937,0.5199335158157239,0.014703041768344515,0.49550656710077534,0.5220338082771447,0.009665131374370937,0.49781299248488486,0.009665131374370937,0.4383789640583466,0.009665131374370937,0.5817477590793239,0.009665131374370937,0.4328181435598667,0.5856742756400203,0.009665131374370937,0.009665131374370937,0.5837300587803397,0.4583060780593611,0.009665131374370937,0.5346864481628925,0.22912527674834002,0.43623617299789014,0.009665131374370937,0.5339808152402777,0.569853851137515,0.009665131374370937,0.009665131374370937,0.48348859580688874,0.009665131374370937,0.009665131374370937,0.5141713580310215,0.009665131374370937,0.009665131374370937,0.4349166346688796,0.22904850383454764,0.009665131374370937,0.009665131374370937,0.5152012162928886,0.009665131374370937,0.009665131374370937,0.009665131374370937,0.5900749650364312,0.009665131374370937,0.014703041768344515,0.4536700429477277,0.013668559844581069,0.009665131374370937,0.22837721913554124,0.5258416096998562,0.009665131374370937,0.009665131374370937,0.009665131374370937,0.5161799246221573,0.009665131374370937,0.22811482896637025,0.009665131374370937,0.4236449574018231,0.009665131374370937,0.009665131374370937,0.5099633744425573,0.009665131374370937,0.2291038382105119,0.009665131374370937,0.4713450245202214,0.014703041768344515,0.009665131374370937,0.009665131374370937,0.5117840828995747,0.2304024974004782,0.009665131374370937,0.517756860184655,0.009665131374370937,0.01105140229186378,0.013668559844581069
0.45693420648708377,0.45693420648708377,0.48089428848880067,0.4804357872077285,0.4762892868092006,0.9160560549647278,0.6859604737690486,0.45715670730962243,0.5112229451716002,0.6908463391027979,0.457034160779219,0.6390419654447768,0.7150695566436256,0.45693420648708377,0.45693420648708377,0.6283440698387792,0.5100422773323962,0.6773817848633892,0.6837184121300106,0.5099533508091264,0.6330762554773235,0.45693420648708377,0.7121584253912397,0.45693420648708377,0.621962522196332,0.6844836949221207,0.5095310319763332,0.45693420648708377,0.6884982189738102,0.509279874185072,0.6248353406135144,0.6897205467116428,0.457065560413384,0.6605572654866384,0.45693420648708377,0.6242033460807671,0.45693420648708377,0.7240810713488354,0.6244808057128486,0.45693420648708377,0.5100170430516038,0.6801878385694102,0.6775033598176109,0.5091143710575379,0.6280258169519196,0.45693420648708377,0.6805909588386411,0.5094038147173265,0.6319925737451438,0.45693420648708377,0.721282803774848,0.45693420648708377,0.6821329917464296,0.457065560413384,0.6651537867611026,0.6836057817170236,0.45693420648708377,0.6667446495478089,0.45693420648708377,0.6266992335250088,0.45693420648708377,0.726196160173433,0.45693420648708377,0.6230645521568259,0.7290384974229038,0.45693420648708377,0.45693420648708377,0.7276305638141837,0.6398915424178859,0.45693420648708377,0.6925181514028057,0.5096588177422993,0.6252961570723019,0.45693420648708377,0.6920193584233926,0.7176141950699905,0.45693420648708377,0.45693420648708377,0.6569088234684454,0.45693420648708377,0.45693420648708377,0.6781024852725871,0.45693420648708377,0.45693420648708377,0.6244336911210608,0.5096254462959164,0.45693420648708377,0.45693420648708377,0.6788217485319218,0.45693420648708377,0.45693420648708377,0.45693420648708377,0.7322292058042917,0.45693420648708377,0.457065560413384,0.6367997342612205,0.457034160779219,0.45693420648708377,0.5093340267897708,0.686280829643509,0.45693420648708377,0.45693420648708377,0.45693420648708377,0.6795057353381132,0.45693420648708377,0.5092202994552038,0.45693420648708377,0.6171157459550414,0.45693420648708377,0.45693420648708377,0.6751686614745893,0.45693420648708377,0.5096494980156451,0.45693420648708377,0.6486570768068164,0.457065560413384,0.45693420648708377,0.45693420648708377,0.6764370599335395,0.5102152777449508,0.45693420648708377,0.6806087137500738,0.45693420648708377,0.45696493821792106,0.457034160779219
0.566237285604805,0.566237285604805,0.5851128603635786,0.5847489827172877,0.5814627919522287,0.9468325567653739,0.75468477343078,0.5664112031462484,0.6093920694258561,0.7588224759119984,0.5663154114679168,0.7150695566436256,0.7793557721906551,0.566237285604805,0.566237285604805,0.7060777375330008,0.6084395940725703,0.7474241284896121,0.7527866153770593,0.6083678773986778,0.7100529564531927,0.566237285604805,0.7768868623140184,0.566237285604805,0.7007230821348714,0.7534344704497301,0.6080273329240565,0.566237285604805,0.7568337101079528,0.6078248413774355,0.7031327291669014,0.7578689271211735,0.5663399550348557,0.7332044858598115,0.566237285604805,0.7026025016073003,0.566237285604805,0.7869994510832147,0.7028352745543801,0.566237285604805,0.6084192430302667,0.7497983889740379,0.7475269813884947,0.6076914213229482,0.7058105280853976,0.566237285604805,0.7501395326072644,0.6079247630663278,0.7091422935482355,0.566237285604805,0.7846257992931094,0.566237285604805,0.7514446137731866,0.5663399550348557,0.7370863981631902,0.7526912712147553,0.566237285604805,0.7384304789476813,0.566237285604805,0.7046968982130976,0.566237285604805,0.7887936316033054,0.566237285604805,0.7016472617323556,0.7912047409472446,0.566237285604805,0.566237285604805,0.790010412549457,0.7157844213748209,0.566237285604805,0.7602386582977788,0.6081303677176548,0.7035193871618851,0.566237285604805,0.7598161148779625,0.7815140282309075,0.566237285604805,0.566237285604805,0.7301250058373806,0.566237285604805,0.566237285604805,0.7480338629679403,0.566237285604805,0.566237285604805,0.7027957471114149,0.6081034593899366,0.566237285604805,0.566237285604805,0.7486424268658782,0.566237285604805,0.566237285604805,0.566237285604805,0.7939113477264397,0.566237285604805,0.5663399550348557,0.7131833945481278,0.5663154114679168,0.566237285604805,0.6078684988076136,0.7549560217189245,0.566237285604805,0.566237285604805,0.566237285604805,0.7492211849917473,0.566237285604805,0.6077768140386318,0.566237285604805,0.6966611504770073,0.566237285604805,0.566237285604805,0.7455520493227169,0.566237285604805,0.6081228529170056,0.566237285604805,0.7231662482886326,0.5663399550348557,0.566237285604805,0.566237285604805,0.7466249323026459,0.6085791230227682,0.566237285604805,0.750154558149799,0.566237285604805,0.5662613054393519,0.5663154114679168
0.0,0.0,0.15176785378572724,0.150268331043068,0.1360376255403361,0.8408964152537145,0.5253006116848162,0.01442130682969748,0.23250091713870283,0.532236080817383,0.009665131374370937,0.45693420648708377,0.566237285604805,0.0,0.0,0.4407810457088865,0.229803133717601,0.5130509248710399,0.5221082499212126,0.2295989401646706,0.44795762499855124,0.0,0.5621815310039786,0.0,0.43101918940816486,0.5231986054633385,0.22862726505593026,0.0,0.5289065081204813,0.22804786379410535,0.4354260597397175,0.5306405509634549,0.011079922115754752,0.4887274572197214,0.0,0.4344583464515848,0.0,0.5787458582623972,0.4348833150415975,0.0,0.22974520503173826,0.5170682865594626,0.5132251999520742,0.22766542993036207,0.44029654305686383,0.0,0.5176445659713786,0.22833392874170813,0.44631867039681417,0.0,0.5748688720246796,0.0,0.5198470188347308,0.011079922115754752,0.4954151810830724,0.5219477145749554,0.0,0.4977220846609461,0.0,0.43827439091818093,0.0,0.5816722025561941,0.0,0.4327121255041424,0.5855993582169481,0.0,0.0,0.5836548256167098,0.4582064266432605,0.0,0.5346027316897272,0.22892161599468627,0.4361310469755883,0.0,0.5338969684716114,0.5697763228084242,0.0,0.0,0.4833946572285091,0.0,0.0,0.5140837413597696,0.0,0.0,0.4348111657612941,0.22884477437977058,0.0,0.0,0.5151138011945854,0.0,0.0,0.0,0.5900007572449948,0.0,0.011079922115754752,0.45356928044084854,0.009665131374370937,0.0,0.22817288701988098,0.5257562407134141,0.0,0.0,0.0,0.5160927004940244,0.0,0.22791026032646744,0.0,0.4235364815506354,0.0,0.0,0.5098749274209561,0.0,0.22890015827693513,0.0,0.47124839623156356,0.011079922115754752,0.0,0.0,0.5116959964907567,0.2301999729124268,0.0,0.5176699425535854,0.0,0.005358985862494282,0.009665131374370937
0.0,0.0,0.15176785378572724,0.150268331043068,0.1360376255403361,0.8408964152537145,0.5253006116848162,0.01442130682969748,0.23250091713870283,0.532236080817383,0.009665131374370937,0.45693420648708377,0.566237285604805,0.0,0.0,0.4407810457088865,0.229803133717601,0.5130509248710399,0.5221082499212126,0.2295989401646706,0.44795762499855124,0.0,0.5621815310039786,0.0,0.43101918940816486,0.5231986054633385,0.22862726505593026,0.0,0.5289065081204813,0.22804786379410535,0.4354260597397175,0.5306405509634549,0.011079922115754752,0.4887274572197214,0.0,0.4344583464515848,0.0,0.5787458582623972,0.4348833150415975,0.0,0.22974520503173826,0.5170682865594626,0.5132251999520742,0.22766542993036207,0.44029654305686383,0.0,0.5176445659713786,0.22833392874170813,0.44631867039681417,0.0,0.5748688720246796,0.0,0.5198470188347308,0.011079922115754752,0.4954151810830724,0.5219477145749554,0.0,0.4977220846609461,0.0,0.43827439091818093,0.0,0.5816722025561941,0.0,0.4327121255041424,0.5855993582169481,0.0,0.0,0.5836548256167098,0.4582064266432605,0.0,0.5346027316897272,0.22892161599468627,0.4361310469755883,0.0,0.5338969684716114,0.5697763228084242,0.0,0.0,0.4833946572285091,0.0,0.0,0.5140837413597696,0.0,0.0,0.4348111657612941,0.22884477437977058,0.0,0.0,0.5151138011945854,0.0,0.0,0.0,0.5900007572449948,0.0,0.011079922115754752,0.45356928044084854,0.009665131374370937,0.0,0.22817288701988098,0.5257562407134141,0.0,0.0,0.0,0.5160927004940244,0.0,0.22791026032646744,0.0,0.4235364815506354,0.0,0.0,0.5098749274209561,0.0,0.22890015827693513,0.0,0.47124839623156356,0.011079922115754752,0.0,0.0,0.5116959964907567,0.2301999729124268,0.0,0.5176699425535854,0.0,0.005358985862494282,0.009665131374370937
0.4407810457088865,0.4407810457088865,0.465651105987416,0.4651759669345684,0.460877693418073,0.9116001605140136,0.6763336382204017,0.4410124001705823,0.49702158679436326,0.6813273380988901,0.4408849783244427,0.6283440698387792,0.7060777375330008,0.4407810457088865,0.4407810457088865,0.6173907762892652,0.49580237352996903,0.6675641640174603,0.6740418977817096,0.49571053767182355,0.622236537146055,0.4407810457088865,0.7031038202402309,0.4407810457088865,0.61085448269968,0.6748241515989958,0.4952743903985596,0.4407810457088865,0.6789274644442365,0.4950149994253108,0.6137971945852074,0.680176748945816,0.4409176273743191,0.6503594252628598,0.4407810457088865,0.6131498568847732,0.4407810457088865,0.7152828056123958,0.6134340547686173,0.4407810457088865,0.4957763137679061,0.6704328349742064,0.6676884563462823,0.4948440671744314,0.6170648498450724,0.4407810457088865,0.670844933579613,0.4951430037050888,0.6211269322718994,0.4407810457088865,0.7124245573576298,0.4407810457088865,0.6724212714178361,0.4409176273743191,0.6550606834416705,0.6739267684084113,0.4407810457088865,0.6566876395159469,0.4407810457088865,0.615706231684531,0.4407810457088865,0.7174431644224507,0.4407810457088865,0.6119833695101389,0.7203462522967266,0.4407810457088865,0.4407810457088865,0.7189082380518789,0.6292137247307839,0.4407810457088865,0.6830359198811589,0.4954063624482361,0.6142691869118578,0.4407810457088865,0.6825261632331543,0.7086771492244307,0.4407810457088865,0.4407810457088865,0.6466273551451375,0.4407810457088865,0.4407810457088865,0.6683009672150806,0.4407810457088865,0.4407810457088865,0.6133857962240846,0.49537189791983344,0.4407810457088865,0.4407810457088865,0.6690362870750245,0.4407810457088865,0.4407810457088865,0.4407810457088865,0.7236050493548374,0.4407810457088865,0.4409176273743191,0.6260487073851602,0.4408849783244427,0.4407810457088865,0.4950709277862983,0.676661082216734,0.4407810457088865,0.4407810457088865,0.4407810457088865,0.6697355300456849,0.4407810457088865,0.4949534707669932,0.4407810457088865,0.6058889048941473,0.4407810457088865,0.4407810457088865,0.6653015027351927,0.4407810457088865,0.49539673746610885,0.4407810457088865,0.6381847599361372,0.4409176273743191,0.4407810457088865,0.4407810457088865,0.66659830927685,0.4959810313829319,0.4407810457088865,0.6708630838315335,0.4407810457088865,0.4408130007790384,0.4408849783244427
0.229803133717601,0.229803133717601,0.2753122050703316,0.27449057863578613,0.26698473448161547,0.8622424427717902,0.571239722338326,0.2302545613212566,0.3266703414530193,0.5775173571784121,0.23000600959557874,0.5100422773323962,0.6084395940725703,0.229803133717601,0.229803133717601,0.49580237352996903,0.32476388415519947,0.5601795552569837,0.568353885985338,0.32462003350446395,0.5021168644677493,0.229803133717601,0.604739362224427,0.229803133717601,0.48724580307473364,0.5693392779920792,0.32393637714322565,0.229803133717601,0.5745022326998803,0.32352940676690617,0.4911037832303903,0.5760722000024605,0.23006971386376715,0.5383327597007045,0.229803133717601,0.4902559191417941,0.229803133717601,0.6198696917072477,0.490628209352557,0.229803133717601,0.3247230680038437,0.5638027920577965,0.5603366496242858,0.3232610686788943,0.49537679070186114,0.229803133717601,0.5643228618807773,0.323730273850645,0.5006730535956437,0.229803133717601,0.6163241507844801,0.229803133717601,0.566311234332369,0.23006971386376715,0.5443233456792038,0.5682088284109572,0.229803133717601,0.5463927113562543,0.229803133717601,0.4936015514175007,0.229803133717601,0.6225474812713641,0.229803133717601,0.4887269326097924,0.6261432105177143,0.229803133717601,0.229803133717601,0.6243624817435016,0.5111678742625447,0.229803133717601,0.5796620006103217,0.3241433258465825,0.49172169868557775,0.229803133717601,0.5790223134735988,0.6116707885214109,0.229803133717601,0.229803133717601,0.5335652049770577,0.229803133717601,0.229803133717601,0.5611106637815456,0.229803133717601,0.229803133717601,0.49056499838677625,0.32408928818271454,0.229803133717601,0.229803133717601,0.5620395522806597,0.229803133717601,0.229803133717601,0.229803133717601,0.6301759885215555,0.229803133717601,0.23006971386376715,0.5070679448789345,0.23000600959557874,0.229803133717601,0.3236171792316825,0.5716517968881343,0.229803133717601,0.229803133717601,0.229803133717601,0.5629225490160735,0.229803133717601,0.3234328301443578,0.229803133717601,0.4807137545697628,0.229803133717601,0.229803133717601,0.5573180049122877,0.229803133717601,0.32412823513336664,0.229803133717601,0.5227389155307879,0.23006971386376715,0.229803133717601,0.229803133717601,0.5589584618677982,0.3250436313763585,0.229803133717601,0.5643457651272068,0.229803133717601,0.22986552351073491,0.23000600959557874
