0.0,0.0,0.054671269345799856,0.2064445469410537,0.06512793765405472,0.5639755996178631,0.8408964121211313,0.5607507282421369,0.24749723941418936,0.0,0.5694383480046289,0.4871706822471853,0.24531476553454643,0.5449493973550575,0.4696274464230696,0.24513258405132346,0.0,0.5488353949103627,0.0,0.6214688113263971,0.47778752535712954,0.0,0.5403973825309156,0.24536741985794142,0.45950046139635775,0.0,0.6221049529499524,0.0,0.566258857691794,0.24285179056665473,0.46394714769140644,0.5684712452542593,0.010312736287576826,0.5217287724939326,0.012111186536230695,0.46374261823112983,0.2452445425699759,0.558716522920918,0.4635980852377331,0.0,0.24421968258438626,0.5526606463867689,0.0,0.5843869252315151,0.16537393910002707,0.46677895032229294,0.553629529432508,0.24278382597387543,0.47607863353373375,0.0,0.6173834689450148,0.0,0.5560960848458576,0.46328406403977995,0.2436843232394161,0.558548432117622,0.0,0.5320168922553784,0.0,0.0,0.533064556261605,0.5635182682572618,0.0,0.46157923323711586,0.29941912543028154,0.535916550138645,0.0,0.5659680083449798,0.5530412287954515,0.0,0.5727453395656212,0.24375424997110945,0.46511682554243516,0.0,0.5717675091698854,0.24374394621250883,0.5495056802332495,0.0,0.5164744505555346,0.0,0.0,0.5498471634135339,0.0,0.0,0.4638001743014169,0.24332775960487862,0.0,0.0,0.551177272769396,0.0,0.0,0.24348989733652734,0.5729804775531572,0.0,0.0,0.48401658311250684,0.010278071523554389,0.0,0.24261235423414237,0.5622665911445797,0.0,0.0,0.5521563621487889,0.0,0.0,0.24240968725484638,0.4515593805141129,0.0,0.0,0.0,0.5451612224336251,0.0,0.2435782915758789,0.0,0.5029732860614609,0.011782585026581194,0.0,0.5473791933715395,0.0,0.24461824944351837,0.0,0.0,0.5538932060777778,0.0,0.011752256560258533
0.0,0.0,0.054671269345799856,0.2064445469410537,0.06512793765405472,0.5639755996178631,0.8408964121211313,0.5607507282421369,0.24749723941418936,0.0,0.5694383480046289,0.4871706822471853,0.24531476553454643,0.5449493973550575,0.4696274464230696,0.24513258405132346,0.0,0.5488353949103627,0.0,0.6214688113263971,0.47778752535712954,0.0,0.5403973825309156,0.24536741985794142,0.45950046139635775,0.0,0.6221049529499524,0.0,0.566258857691794,0.24285179056665473,0.46394714769140644,0.5684712452542593,0.010312736287576826,0.5217287724939326,0.012111186536230695,0.46374261823112983,0.2452445425699759,0.558716522920918,0.4635980852377331,0.0,0.24421968258438626,0.5526606463867689,0.0,0.5843869252315151,0.16537393910002707,0.46677895032229294,0.553629529432508,0.24278382597387543,0.47607863353373375,0.0,0.6173834689450148,0.0,0.5560960848458576,0.46328406403977995,0.2436843232394161,0.558548432117622,0.0,0.5320168922553784,0.0,0.0,0.533064556261605,0.5635182682572618,0.0,0.46157923323711586,0.29941912543028154,0.535916550138645,0.0,0.5659680083449798,0.5530412287954515,0.0,0.5727453395656212,0.24375424997110945,0.46511682554243516,0.0,0.5717675091698854,0.24374394621250883,0.5495056802332495,0.0,0.5164744505555346,0.0,0.0,0.5498471634135339,0.0,0.0,0.4638001743014169,0.24332775960487862,0.0,0.0,0.551177272769396,0.0,0.0,0.24348989733652734,0.5729804775531572,0.0,0.0,0.48401658311250684,0.010278071523554389,0.0,0.24261235423414237,0.5622665911445797,0.0,0.0,0.5521563621487889,0.0,0.0,0.24240968725484638,0.4515593805141129,0.0,0.0,0.0,0.5451612224336251,0.0,0.2435782915758789,0.0,0.5029732860614609,0.011782585026581194,0.0,0.5473791933715395,0.0,0.24461824944351837,0.0,0.0,0.5538932060777778,0.0,0.011752256560258533
0.054671269345799856,0.054671269345799856,0.07731667789703678,0.213554190937413,0.08503264149614571,0.5664810509362281,0.8421502968771298,0.5632737466089429,0.2534520562417246,0.054671269345799856,0.5719143577201489,0.4901405516393778,0.2513216979111902,0.5475606140034076,0.4727201076273394,0.25114390676143805,0.054671269345799856,0.5514245822787801,0.054671269345799856,0.623681632908776,0.4808221346000691,0.054671269345799856,0.5430346988311466,0.25137308449254003,0.4626675856262813,0.054671269345799856,0.6243147230983718,0.054671269345799856,0.5687519556429796,0.2489186085715614,0.46708123497964077,0.5709524387769827,0.05563541794469868,0.5244766748776569,0.05599667707645363,0.4668782132143811,0.25125316649099827,0.5612506954190124,0.4667347463337125,0.054671269345799856,0.2502530990369738,0.5552283687927906,0.054671269345799856,0.5867842887990492,0.1741730383038422,0.4698922784953719,0.5561918489951698,0.24885231290969187,0.4791252617054052,0.054671269345799856,0.6196159710011444,0.054671269345799856,0.5586447108503283,0.46642304339109003,0.24973076967192956,0.5610835288672783,0.054671269345799856,0.5347031246764631,0.054671269345799856,0.054671269345799856,0.5357446105085572,0.5660262022793466,0.054671269345799856,0.46473084540982523,0.30434901660729474,0.5385798781522825,0.054671269345799856,0.5684626760718082,0.555606827316444,0.054671269345799856,0.5752037137798981,0.24979899137672032,0.4682423122119188,0.054671269345799856,0.5742310834940934,0.2497889387965916,0.5520910907720932,0.054671269345799856,0.5192545766886021,0.054671269345799856,0.054671269345799856,0.5524306523765501,0.054671269345799856,0.054671269345799856,0.4669353448938385,0.24938291466884377,0.054671269345799856,0.054671269345799856,0.5537532934320623,0.054671269345799856,0.054671269345799856,0.24954108937064493,0.5754376030966959,0.054671269345799856,0.054671269345799856,0.48700798222935376,0.05562900284861691,0.054671269345799856,0.24868505577085281,0.5647813345083577,0.054671269345799856,0.054671269345799856,0.5547269020112967,0.054671269345799856,0.054671269345799856,0.2484873774662382,0.4547868893103696,0.054671269345799856,0.054671269345799856,0.054671269345799856,0.5477712323630629,0.054671269345799856,0.24962732516363334,0.054671269345799856,0.5058386269474491,0.05592652637845845,0.054671269345799856,0.5499766090686155,0.054671269345799856,0.2506420005789923,0.054671269345799856,0.054671269345799856,0.5564540576297858,0.054671269345799856,0.05592014467841773
0.2064445469410537,0.2064445469410537,0.213554190937413,0.291824009570085,0.21646422751388722,0.5984860117643942,0.8582544603706391,0.595494111967169,0.32208468569354176,0.2064445469410537,0.6035577399963921,0.5277511240922586,0.3204165430532017,0.5808585644031992,0.5117806380933199,0.3202775690448977,0.2064445469410537,0.5844539964986273,0.2064445469410537,0.6520620113269961,0.5191989016471413,0.2064445469410537,0.5766502704790645,0.3204567173969498,0.5026005917508739,0.2064445469410537,0.6526569563220035,0.2064445469410537,0.6006052888530664,0.3185413158798016,0.5066277895565651,0.6026595360720347,0.2067017334636694,0.5594315405695387,0.20679917327089758,0.5064424263774475,0.32036296964928873,0.5936076984215137,0.5063114448540474,0.2064445469410537,0.319581818332063,0.5879957322554604,0.2064445469410537,0.6174583421841203,0.2644373270587558,0.5091954802637894,0.5888931919660717,0.31848968110341874,0.5176438489596361,0.2064445469410537,0.6482422024687811,0.2064445469410537,0.5911786148496965,0.5060268875754567,0.31917430295305105,0.5934518492780594,0.2064445469410537,0.5689124158830087,0.2064445469410537,0.2064445469410537,0.5698790275458276,0.5980616211202278,0.2064445469410537,0.5044825255954819,0.36334292823974296,0.5725114226773638,0.2064445469410537,0.6003352839762198,0.5883482407080478,0.2064445469410537,0.6066301708899012,0.3192275101572273,0.5076880931164648,0.2064445469410537,0.6057215308263221,0.3192196696371542,0.5850744244161251,0.2064445469410537,0.5545976993615028,0.2064445469410537,0.2064445469410537,0.585390536526979,0.2064445469410537,0.2064445469410537,0.5064945876761716,0.3189030922709297,0.2064445469410537,0.2064445469410537,0.5866220104489427,0.2064445469410537,0.2064445469410537,0.3190263976396115,0.6068486913473982,0.2064445469410537,0.2064445469410537,0.5248737843117601,0.2067000084501228,0.2064445469410537,0.3183594355039712,0.5969002647946886,0.2064445469410537,0.2064445469410537,0.5875286839086937,0.2064445469410537,0.2064445469410537,0.3182055441846336,0.49542359787037127,0.2064445469410537,0.2064445469410537,0.2064445469410537,0.5810544835304757,0.2064445469410537,0.31909363558926235,0.2064445469410537,0.5422040636247014,0.2067802063014669,0.2064445469410537,0.5831063743308614,0.2064445469410537,0.31988544702732835,0.2064445469410537,0.2064445469410537,0.5891374578985616,0.2064445469410537,0.20677848194493792
0.06512793765405472,0.06512793765405472,0.08503264149614571,0.21646422751388722,0.09210439843910127,0.5675270791482714,0.8426741441257642,0.5643270764777103,0.255906263288796,0.06512793765405472,0.5729481465690685,0.4913792767790628,0.2537966773762052,0.5486505885972331,0.4740096570527466,0.2536206353145003,0.06512793765405472,0.552505406404744,0.06512793765405472,0.6246058978434966,0.4820876628305027,0.06512793765405472,0.5441355126378449,0.25384755887112986,0.4639879285557651,0.06512793765405472,0.6252377170677069,0.06512793765405472,0.569792848675211,0.25141743503496367,0.46838791835903,0.5719883828109538,0.06593936466418697,0.5256233907121944,0.06624445438666784,0.46818552005956454,0.25372881987455415,0.5623086609558146,0.46804249403531356,0.06512793765405472,0.2527386276718901,0.5563002753850937,0.06512793765405472,0.5877853704190088,0.17773113239443805,0.47119037664490154,0.5572615107703377,0.2513518036108152,0.480395764241189,0.06512793765405472,0.6205484325318898,0.06512793765405472,0.5597086827077425,0.4677317497173727,0.2522214866967109,0.5621418785067557,0.06512793765405472,0.535824247498703,0.06512793765405472,0.06512793765405472,0.5368631687020354,0.5670732624721485,0.06512793765405472,0.4660447751934325,0.3063912107769978,0.539691492477204,0.06512793765405472,0.5695042216708981,0.5566778514706558,0.06512793765405472,0.5762301700054154,0.2522890295440865,0.4695454388784279,0.06512793765405472,0.5752597019580518,0.2522790769720364,0.5531703459340499,0.06512793765405472,0.5204146603380589,0.06512793765405472,0.06512793765405472,0.5535091092635749,0.06512793765405472,0.06512793765405472,0.4682424762447359,0.25187709873490505,0.06512793765405472,0.06512793765405472,0.5548286476735842,0.06512793765405472,0.06512793765405472,0.25203369575635315,0.576463540105011,0.06512793765405472,0.06512793765405472,0.48825562262152933,0.06593395213151682,0.06512793765405472,0.2511862238075824,0.5658312250307254,0.06512793765405472,0.06512793765405472,0.5557999791870784,0.06512793765405472,0.06512793765405472,0.2509905307510347,0.45613218826513974,0.06512793765405472,0.06512793765405472,0.06512793765405472,0.54886070575276,0.06512793765405472,0.2521190722283569,0.06512793765405472,0.5070340444110475,0.06618516663970188,0.06512793765405472,0.5510608512369537,0.06512793765405472,0.25312367985779405,0.06512793765405472,0.06512793765405472,0.5575231094482599,0.06512793765405472,0.06617977421060905
0.5639755996178631,0.5639755996178631,0.5664810509362281,0.5984860117643942,0.5675270791482714,0.7765957286099833,0.9461995049766816,0.7746268675713784,0.6128172429482505,0.5639755996178631,0.7799378650583723,0.730746520638968,0.6120017069009304,0.7650274109982057,0.720647306540517,0.6119338943807547,0.5639755996178631,0.7673805404152609,0.5639755996178631,0.8121293337753334,0.7253245841222699,0.5639755996178631,0.762277677778204,0.6120213137568272,0.714894050258166,0.5639755996178631,0.8125260469842696,0.5639755996178631,0.7779915846613601,0.6110883834844965,0.7174130858021597,0.7793455607903107,0.5640649825760243,0.7510813905365499,0.5640988715771311,0.7172969714725498,0.6119755633214012,0.7733865655848426,0.7172149323831278,0.5639755996178631,0.6115947041894231,0.7697018663414633,0.5639755996178631,0.7891252269207715,0.5864109263548537,0.7190231788954019,0.7702905921892708,0.6110632868505597,0.724342087273832,0.5639755996178631,0.8095829891050684,0.5639755996178631,0.7717907242954528,0.7170367303381607,0.611396267792224,0.7732841340069013,0.5639755996178631,0.7572349926481344,0.5639755996178631,0.5639755996178631,0.7578639518068747,0.7763163268889619,0.5639755996178631,0.7160702514256273,0.6338640709593467,0.7595782347910554,0.5639755996178631,0.7778136907479543,0.7699330844700315,0.5639755996178631,0.7819652190006419,0.6114221667884785,0.7180775857974975,0.5639755996178631,0.7813654436755936,0.6114183501723373,0.7677869454090614,0.5639755996178631,0.7479552226282256,0.5639755996178631,0.5639755996178631,0.7679940503357356,0.5639755996178631,0.5639755996178631,0.7173296444750416,0.6112642999280282,0.5639755996178631,0.5639755996178631,0.7688011150139994,0.5639755996178631,0.5639755996178631,0.6113242893205534,0.7821094854944636,0.5639755996178631,0.5639755996178631,0.728918891445203,0.5640643827482326,0.5639755996178631,0.6109999944992858,0.7755519477536785,0.5639755996178631,0.5639755996178631,0.7693955677627825,0.5639755996178631,0.5639755996178631,0.6109252344779902,0.710424238238296,0.5639755996178631,0.5639755996178631,0.5639755996178631,0.7651555456597106,0.5639755996178631,0.6113570079973926,0.5639755996178631,0.739977165747815,0.5640922739140158,0.5639755996178631,0.7664981453936353,0.5639755996178631,0.611742666317395,0.5639755996178631,0.5639755996178631,0.770450863842087,0.5639755996178631,0.5640916741217726
0.8408964121211313,0.8408964121211313,0.8421502968771298,0.8582544603706391,0.8426741441257642,0.9461995049766816,1.0,0.9452955919969375,0.8655014060508529,0.8408964121211313,0.9477271983030954,0.924513148289171,0.8650886764266376,0.9408487447371482,0.9195907314337934,0.8650543589872067,0.8408964121211313,0.9419446991676741,0.8408964121211313,0.9619460688121032,0.921875710662727,0.8408964121211313,0.9395634427861412,0.8650985987804934,0.9167685320676985,0.8408964121211313,0.962114920326635,0.8408964121211313,0.9468385894068969,0.8646264953412862,0.9180057342528659,0.9474570805837587,0.8409411242857004,0.9342814602931147,0.8409580770336539,0.9179487568341028,0.8650754460903742,0.9447246974685861,0.917908497160012,0.8408964121211313,0.8648827104969766,0.9430221598125117,0.8408964121211313,0.9518809671394385,0.852162324237314,0.9187952896347833,0.943294828672799,0.8646137959371314,0.9213964639670826,0.8408964121211313,0.9608581784743071,0.8408964121211313,0.9439885145266753,0.9178210381260102,0.8647822935674316,0.944677499514888,0.8408964121211313,0.9371938587828771,0.8408964121211313,0.8408964121211313,0.9374902691121599,0.9460714061379094,0.8408964121211313,0.9173465006521666,0.8761579659389871,0.9382969307093477,0.8408964121211313,0.9467572238379705,0.9431292775403192,0.8408964121211313,0.9486496859189536,0.8647953994096332,0.9183317086422431,0.8408964121211313,0.9483771133273536,0.8647934680597958,0.942133601786117,0.8408964121211313,0.9327936081713646,0.8408964121211313,0.8408964121211313,0.9422298237235128,0.8408964121211313,0.8408964121211313,0.9179647900144857,0.8647155134975095,0.8408964121211313,0.8408964121211313,0.9426045095967373,0.8408964121211313,0.8408964121211313,0.8647458699926842,0.94871520631577,0.8408964121211313,0.8408964121211313,0.9236255275356867,0.8409408242278302,0.8408964121211313,0.8645817688676923,0.9457206589911011,0.8408964121211313,0.8408964121211313,0.9428802018447787,0.8408964121211313,0.8408964121211313,0.8645439392097211,0.914567680297971,0.8408964121211313,0.8408964121211313,0.8408964121211313,0.9409085177236094,0.8408964121211313,0.8647624267335777,0.8408964121211313,0.9289728975687881,0.8409547765790257,0.8408964121211313,0.9415341646577645,0.8408964121211313,0.8649575866209301,0.8408964121211313,0.8408964121211313,0.9433690166278712,0.8408964121211313,0.8409544765357689
0.5607507282421369,0.5607507282421369,0.5632737466089429,0.595494111967169,0.5643270764777103,0.7746268675713784,0.9452955919969375,0.7726473133442446,0.6099170050136699,0.5607507282421369,0.7779871683780967,0.7285286459018874,0.6090963234137431,0.7629957751063813,0.7183741612397362,0.6090280826665069,0.5607507282421369,0.7653616653511238,0.5607507282421369,0.8103551092683278,0.7230770726310203,0.5607507282421369,0.7602311327410899,0.6091160540737232,0.7125892762485934,0.5607507282421369,0.8107540223752209,0.5607507282421369,0.7760303079525016,0.6081772276897142,0.7151221744094773,0.777391643680109,0.5608407398227849,0.7489741296832265,0.5608748671250736,0.7150054215822245,0.6090700147477239,0.7714002775359495,0.7149229313420582,0.5607507282421369,0.6086867496787386,0.7676955826877352,0.5607507282421369,0.7872245715085098,0.583339611196398,0.7167411164003111,0.7682875025348503,0.6081519722957325,0.7220891966945445,0.5607507282421369,0.807794662985825,0.5607507282421369,0.7697957745960051,0.7147437492440726,0.6084870590194643,0.7712972899163885,0.5607507282421369,0.7551611071043457,0.5607507282421369,0.5607507282421369,0.7557934765677857,0.7743459480649011,0.5607507282421369,0.7137719530556953,0.6310939478013229,0.7575170541857492,0.5607507282421369,0.77585144730031,0.7679280552053915,0.5607507282421369,0.7800255499167077,0.6085131217439471,0.7157903275027795,0.5607507282421369,0.7794225113984593,0.6085092810004528,0.7657702745297554,0.5607507282421369,0.74583099570946,0.5607507282421369,0.5607507282421369,0.7659785027517886,0.5607507282421369,0.5607507282421369,0.7150382742540842,0.6083542567514678,0.5607507282421369,0.5607507282421369,0.7667899450457476,0.5607507282421369,0.5607507282421369,0.6084146254706039,0.780170601420765,0.5607507282421369,0.5607507282421369,0.7266910354041154,0.5608401357769311,0.5607507282421369,0.6080882795253393,0.7735774171539253,0.5607507282421369,0.5607507282421369,0.7673876224615355,0.5607507282421369,0.5607507282421369,0.608013046470311,0.7080948078674834,0.5607507282421369,0.5607507282421369,0.5607507282421369,0.7631246045703669,0.5607507282421369,0.6084475510162235,0.5607507282421369,0.7378095876095826,0.5608682230700149,0.5607507282421369,0.7644744848695308,0.5607507282421369,0.6088356467164983,0.5607507282421369,0.5607507282421369,0.7684486437538074,0.5607507282421369,0.5608676190602511
0.24749723941418936,0.24749723941418936,0.2534520562417246,0.32208468569354176,0.255906263288796,0.6128172429482505,0.8655014060508529,0.6099170050136699,0.34968516248540804,0.24749723941418936,0.6177347986007319,0.5444210611126449,0.3481525396229638,0.5957379172157675,0.5290390383142124,0.3480249099262271,0.24749723941418936,0.599219926939173,0.24749723941418936,0.664830836768555,0.5361806697979847,0.24749723941418936,0.5916634937099248,0.3481894361310593,0.5202096875228706,0.24749723941418936,0.6654091452138884,0.24749723941418936,0.6148719148890295,0.34643109321847576,0.5240818669771543,0.6168637899361114,0.2477115984119091,0.5750058150727636,0.24779283333883553,0.5239035982698467,0.34810333837359103,0.608088663779268,0.5237776321972507,0.24749723941418936,0.34738607855778864,0.6026507686696717,0.24749723941418936,0.6312202060012985,0.2975384935073759,0.5265516814861316,0.6035202572699329,0.346383714563319,0.5346831222082349,0.24749723941418936,0.6611181601692787,0.24749723941418936,0.6057346819339268,0.523503977691164,0.34701199979430797,0.6079376221436468,0.24749723941418936,0.5841750463046101,0.24749723941418936,0.24749723941418936,0.5851102652655358,0.6124058215746496,0.24749723941418936,0.5220189486820812,0.3879325727804734,0.5876575140857285,0.24749723941418936,0.6146101263011315,0.6029922843407958,0.24749723941418936,0.6207145507818043,0.3470608372378584,0.5251016637618378,0.24749723941418936,0.6198332641132579,0.3470536405603619,0.5998208696487038,0.24749723941418936,0.5703335695878691,0.24749723941418936,0.24749723941418936,0.60012706365147,0.24749723941418936,0.24749723941418936,0.5239537627868612,0.34676308212460993,0.24749723941418936,0.24749723941418936,0.6013199620528724,0.24749723941418936,0.24749723941418936,0.3468762480340042,0.6209264998520184,0.24749723941418936,0.24749723941418936,0.5416478123518431,0.24771016038386104,0.24749723941418936,0.3462642099763726,0.6112800109855786,0.24749723941418936,0.24749723941418936,0.6021982972775409,0.24749723941418936,0.24749723941418936,0.3461230192848788,0.5133136660009742,0.24749723941418936,0.24749723941418936,0.24749723941418936,0.5959276334687423,0.24749723941418936,0.3469379597770526,0.24749723941418936,0.5583631310689872,0.24777701979286443,0.24749723941418936,0.5979147159900154,0.24749723941418936,0.34766484155158955,0.24749723941418936,0.24749723941418936,0.6037569190916046,0.24749723941418936,0.2477755821473565
0.0,0.0,0.054671269345799856,0.2064445469410537,0.06512793765405472,0.5639755996178631,0.8408964121211313,0.5607507282421369,0.24749723941418936,0.0,0.5694383480046289,0.4871706822471853,0.24531476553454643,0.5449493973550575,0.4696274464230696,0.24513258405132346,0.0,0.5488353949103627,0.0,0.6214688113263971,0.47778752535712954,0.0,0.5403973825309156,0.24536741985794142,0.45950046139635775,0.0,0.6221049529499524,0.0,0.566258857691794,0.24285179056665473,0.46394714769140644,0.5684712452542593,0.010312736287576826,0.5217287724939326,0.012111186536230695,0.46374261823112983,0.2452445425699759,0.558716522920918,0.4635980852377331,0.0,0.24421968258438626,0.5526606463867689,0.0,0.5843869252315151,0.16537393910002707,0.46677895032229294,0.553629529432508,0.24278382597387543,0.47607863353373375,0.0,0.6173834689450148,0.0,0.5560960848458576,0.46328406403977995,0.2436843232394161,0.558548432117622,0.0,0.5320168922553784,0.0,0.0,0.533064556261605,0.5635182682572618,0.0,0.46157923323711586,0.29941912543028154,0.535916550138645,0.0,0.5659680083449798,0.5530412287954515,0.0,0.5727453395656212,0.24375424997110945,0.46511682554243516,0.0,0.5717675091698854,0.24374394621250883,0.5495056802332495,0.0,0.5164744505555346,0.0,0.0,0.5498471634135339,0.0,0.0,0.4638001743014169,0.24332775960487862,0.0,0.0,0.551177272769396,0.0,0.0,0.24348989733652734,0.5729804775531572,0.0,0.0,0.48401658311250684,0.010278071523554389,0.0,0.24261235423414237,0.5622665911445797,0.0,0.0,0.5521563621487889,0.0,0.0,0.24240968725484638,0.4515593805141129,0.0,0.0,0.0,0.5451612224336251,0.0,0.2435782915758789,0.0,0.5029732860614609,0.011782585026581194,0.0,0.5473791933715395,0.0,0.24461824944351837,0.0,0.0,0.5538932060777778,0.0,0.011752256560258533
0.5694383480046289,0.5694383480046289,0.5719143577201489,0.6035577399963921,0.5729481465690685,0.7799378650583723,0.9477271983030954,0.7779871683780967,0.6177347986007319,0.5694383480046289,0.7832491426748669,0.7345112525820084,0.6169279219409778,0.7684761610723564,0.7245057155202914,0.6168608300538495,0.5694383480046289,0.77080762230111,0.5694383480046289,0.8151406030542968,0.7291395526621274,0.5694383480046289,0.7657517411980694,0.6169473204550182,0.7188060448340013,0.5694383480046289,0.8155335741375471,0.5694383480046289,0.7813208368453177,0.616024312008913,0.721301596165739,0.7826623097913565,0.5695266775428961,0.7546585085904879,0.5695601672062067,0.7211865635610619,0.6169020561742881,0.7767583042854289,0.7211052887948012,0.5694383480046289,0.6165252457653128,0.773107565616547,0.5694383480046289,0.7923514699523918,0.5916160821101005,0.7228966970431403,0.7736908671168921,0.6159994825222238,0.7281661723479746,0.5694383480046289,0.8126182446183305,0.5694383480046289,0.7751771745942566,0.7209287471089153,0.616328919998475,0.7766568171593226,0.5694383480046289,0.7607554681123412,0.5694383480046289,0.5694383480046289,0.7613786386412649,0.7796610416650295,0.5694383480046289,0.7199712762073468,0.638562476510998,0.7630771441682218,0.5694383480046289,0.7811445852687335,0.7733366534404112,0.5694383480046289,0.7852577601837969,0.6163545434802076,0.7219599070608426,0.5694383480046289,0.7846635293432047,0.6163507674645298,0.771210284319506,0.5694383480046289,0.7515611285256929,0.5694383480046289,0.5694383480046289,0.7714154817287675,0.5694383480046289,0.5694383480046289,0.7212189321733612,0.6161983562228321,0.5694383480046289,0.5694383480046289,0.7722151124269935,0.5694383480046289,0.5694383480046289,0.6162577073073373,0.7854006928487685,0.5694383480046289,0.5694383480046289,0.732700543961766,0.5695260847835912,0.5694383480046289,0.6159368639581848,0.7789037151811585,0.5694383480046289,0.5694383480046289,0.7728040889501419,0.5694383480046289,0.5694383480046289,0.6158628999087474,0.7143779948059886,0.5694383480046289,0.5694383480046289,0.5694383480046289,0.7686031159981639,0.5694383480046289,0.6162900778765524,0.5694383480046289,0.7436566109236982,0.5695536472853879,0.5694383480046289,0.7699333533558861,0.5694383480046289,0.6166716346367929,0.5694383480046289,0.5694383480046289,0.7738496619684474,0.5694383480046289,0.5695530545607433
0.4871706822471853,0.4871706822471853,0.4901405516393778,0.5277511240922586,0.4913792767790628,0.730746520638968,0.924513148289171,0.7285286459018874,0.5444210611126449,0.4871706822471853,0.7345112525820084,0.6790494568181478,0.5434749312693608,0.717713798859721,0.6676371739232195,0.5433962467288674,0.4871706822471853,0.7203651164502384,0.4871706822471853,0.7707837099819775,0.6729241707562611,0.4871706822471853,0.7146153427446741,0.5434976812142626,0.6611298152314283,0.4871706822471853,0.7712310314969313,0.4871706822471853,0.7323188877783466,0.542415010707548,0.6639796141390032,0.7338440611834944,0.48727670383778887,0.7019951073852538,0.4873168999045805,0.6638482736733805,0.5434445964665309,0.7271314419357998,0.6637554755829937,0.4871706822471853,0.5430026458356164,0.7229804162677377,0.4871706822471853,0.744860283730572,0.5136279122117644,0.6658006414549215,0.7236436729760333,0.5423858806609607,0.6718138345317178,0.4871706822471853,0.7679128128226435,0.4871706822471853,0.725333675399531,0.6635538999202129,0.5427723542163294,0.7270160511178503,0.4871706822471853,0.7089322166824478,0.4871706822471853,0.4871706822471853,0.709641128807359,0.7304317847453512,0.4871706822471853,0.662460573897268,0.5687440791112885,0.7115732214120118,0.4871706822471853,0.7321184997040342,0.7232409070512197,0.4871706822471853,0.7367949216579642,0.542802411786966,0.6647312132181585,0.4871706822471853,0.73611931869317,0.5427979823592868,0.7208230011782203,0.4871706822471853,0.6984699161909061,0.4871706822471853,0.4871706822471853,0.7210563381904889,0.4871706822471853,0.4871706822471853,0.6638852313007846,0.5426191918440904,0.4871706822471853,0.4871706822471853,0.7219656132348261,0.4871706822471853,0.4871706822471853,0.542688816693297,0.7369574272608566,0.4871706822471853,0.4871706822471853,0.6769851352337443,0.48727599236955355,0.4871706822471853,0.5423124150315909,0.7295707338682166,0.4871706822471853,0.4871706822471853,0.7226353373416065,0.4871706822471853,0.4871706822471853,0.5422256362094896,0.6560707371007148,0.4871706822471853,0.4871706822471853,0.4871706822471853,0.7178581760493065,0.4871706822471853,0.5427267899570998,0.4871706822471853,0.6894699800875861,0.48730907441258303,0.4871706822471853,0.7193709280622321,0.4871706822471853,0.5431743492763219,0.4871706822471853,0.4871706822471853,0.7238242328614197,0.4871706822471853,0.487308362997245
0.24531476553454643,0.24531476553454643,0.2513216979111902,0.3204165430532017,0.2537966773762052,0.6120017069009304,0.8650886764266376,0.6090963234137431,0.3481525396229638,0.24531476553454643,0.6169279219409778,0.5434749312693608,0.34661293699722373,0.5948916433532219,0.5280602890488606,0.3464847233888773,0.24531476553454643,0.5983800073362089,0.24531476553454643,0.6641033186505669,0.5352172420216055,0.24531476553454643,0.5908097243183886,0.34665000223168974,0.5192115475007957,0.24531476553454643,0.6646825673275221,0.24531476553454643,0.6140600067915192,0.34488357999619706,0.5230922937148611,0.6160553853768066,0.2455310441137772,0.5741206833442684,0.2456130056285121,0.5229136327884042,0.34656351069876123,0.6072647233084157,0.5227873894448455,0.24531476553454643,0.34584296312735896,0.6018170648791425,0.24531476553454643,0.6304366784725809,0.2957292636302746,0.5255675208697016,0.6026881218076787,0.3448359825496575,0.5337165076056449,0.24531476553454643,0.6603845888194606,0.24531476553454643,0.6049065282055454,0.5225131322229991,0.3454671644771782,0.6071134119256895,0.24531476553454643,0.5833073249010806,0.24531476553454643,0.24531476553454643,0.5842442990877363,0.6115895573536373,0.24531476553454643,0.5210248238580674,0.3865570180686276,0.5867963099145641,0.24531476553454643,0.6137977567542515,0.6021591968870624,0.24531476553454643,0.619912882417424,0.34551622666140624,0.5241143302136854,0.24531476553454643,0.6190300583419549,0.3455089968699898,0.5989820419988753,0.24531476553454643,0.5694394204736913,0.24531476553454643,0.24531476553454643,0.5992887918509292,0.24531476553454643,0.24531476553454643,0.5229639076963236,0.34521710038760983,0.24531476553454643,0.24531476553454643,0.600483852414151,0.24531476553454643,0.24531476553454643,0.3453307876926017,0.6201252008620117,0.24531476553454643,0.24531476553454643,0.5406959052145199,0.24552959321930368,0.24531476553454643,0.344715925842327,0.6104617512261582,0.24531476553454643,0.24531476553454643,0.601363776242465,0.24531476553454643,0.24531476553454643,0.3445740823653387,0.5123000172413145,0.24531476553454643,0.24531476553454643,0.24531476553454643,0.5950817070237806,0.24531476553454643,0.3453927836254809,0.24531476553454643,0.5574454006900206,0.24559705067921114,0.24531476553454643,0.5970724199955096,0.24531476553454643,0.3461230054596217,0.24531476553454643,0.24531476553454643,0.6029252100230771,0.24531476553454643,0.24559560017750431
0.5449493973550575,0.5449493973550575,0.5475606140034076,0.5808585644031992,0.5486505885972331,0.7650274109982057,0.9408487447371482,0.7629957751063813,0.5957379172157675,0.5449493973550575,0.7684761610723564,0.717713798859721,0.5948916433532219,0.7530904364442611,0.7072887698532252,0.5948212725796735,0.5449493973550575,0.7555185326697157,0.5449493973550575,0.8017021075497887,0.7121171938897382,0.5449493973550575,0.7502530980959983,0.5949119898171072,0.7013489278518131,0.5449493973550575,0.8021117024108878,0.5449493973550575,0.7664677856164064,0.593943833664277,0.7039497549708874,0.7678649567801891,0.5450425658893874,0.7386998499844508,0.5450778899280613,0.7038298738373014,0.594864513540452,0.7617159371481107,0.7037451731681613,0.5449493973550575,0.5944692808102047,0.757913816741115,0.5449493973550575,0.7779571001263142,0.5683075996902759,0.705612047697836,0.7585213010798211,0.5939177884625557,0.7111029853611045,0.5449493973550575,0.7990731820588192,0.5449493973550575,0.7600692356667598,0.7035611891945208,0.59426335085163,0.7616102407438035,0.5449493973550575,0.7450497123964078,0.5449493973550575,0.5449493973550575,0.7456987200009243,0.7647390996109138,0.5449493973550575,0.7025633387329574,0.617560795261801,0.7474676389926576,0.5449493973550575,0.7662842173877134,0.7581524020498571,0.5449493973550575,0.7705682274284231,0.594290228051182,0.7046358055477603,0.5449493973550575,0.7699493039528733,0.5942862672850812,0.7559378853358198,0.5449493973550575,0.7354738766532782,0.5449493973550575,0.5449493973550575,0.7561515884911285,0.5449493973550575,0.5449493973550575,0.703863606799799,0.5941263977374007,0.5449493973550575,0.5449493973550575,0.756984366245996,0.5449493973550575,0.5449493973550575,0.5941886534764418,0.7707171001729315,0.5449493973550575,0.5449493973550575,0.7158273530079086,0.5450419406605591,0.5449493973550575,0.5938521036504879,0.7639503478756909,0.5449493973550575,0.5449493973550575,0.7575977589027251,0.5449493973550575,0.5449493973550575,0.5937745172748262,0.696733590690219,0.5449493973550575,0.5449493973550575,0.5449493973550575,0.7532226532576057,0.5449493973550575,0.5942226081148132,0.5449493973550575,0.7272406803864251,0.5450710128957406,0.5449493973550575,0.754608025822742,0.5449493973550575,0.5946228283921962,0.5449493973550575,0.5449493973550575,0.7586866795844373,0.5449493973550575,0.5450703877058501
0.4696274464230696,0.4696274464230696,0.4727201076273394,0.5117806380933199,0.4740096570527466,0.720647306540517,0.9195907314337934,0.7183741612397362,0.5290390383142124,0.4696274464230696,0.7245057155202914,0.6676371739232195,0.5280602890488606,0.7072887698532252,0.655925372316447,0.5279788876591944,0.4696274464230696,0.7100065850998143,0.4696274464230696,0.7616753983649635,0.6613516786703413,0.4696274464230696,0.7041124445871505,0.528083824395701,0.6492451543312925,0.4696274464230696,0.7621337668915827,0.4696274464230696,0.7222588194955742,0.52696371844311,0.652170849715298,0.7238219348946532,0.4697378746260503,0.6911730755993035,0.4697797409264991,0.6520360181423589,0.5280289069087886,0.7169421041218067,0.6519407530323593,0.4696274464230696,0.5275716869594975,0.7126873649503545,0.4696274464230696,0.7351114851621485,0.49713433224893366,0.6540402145813993,0.7133672105555413,0.5269335795229091,0.6602121666984899,0.4696274464230696,0.7587336124150916,0.4696274464230696,0.7150994517349054,0.651733817400464,0.5273334309568316,0.7168238336695291,0.4696274464230696,0.6982860186257344,0.4696274464230696,0.4696274464230696,0.6990128411606286,0.7203247311943716,0.4696274464230696,0.6506113926341143,0.5541714708482752,0.7009936955049703,0.4696274464230696,0.7220534442487426,0.7129543717551429,0.4696274464230696,0.7268461285699546,0.5273645283411835,0.6529424142962162,0.4696274464230696,0.7261537443513074,0.5273599456873374,0.7104759420313816,0.4696274464230696,0.6875581104913475,0.4696274464230696,0.4696274464230696,0.710715123926017,0.4696274464230696,0.4696274464230696,0.6520739581909912,0.5271749686486413,0.4696274464230696,0.4696274464230696,0.7116471670494375,0.4696274464230696,0.4696274464230696,0.5272470030486966,0.727012669913694,0.4696274464230696,0.4696274464230696,0.6655189967870426,0.46973713359254315,0.4696274464230696,0.5268575691423079,0.7194422266614712,0.4696274464230696,0.4696274464230696,0.7123336524463721,0.4696274464230696,0.4696274464230696,0.5267677837089187,0.6440505612191785,0.4696274464230696,0.4696274464230696,0.4696274464230696,0.7074367712798253,0.4696274464230696,0.5272862902693561,0.4696274464230696,0.6783275562817468,0.4697715902877225,0.4696274464230696,0.7089874755154751,0.4696274464230696,0.5277493250744394,0.4696274464230696,0.4696274464230696,0.713552285297003,0.4696274464230696,0.46977084931283225
0.24513258405132346,0.24513258405132346,0.25114390676143805,0.3202775690448977,0.2536206353145003,0.6119338943807547,0.8650543589872067,0.6090280826665069,0.3480249099262271,0.24513258405132346,0.6168608300538495,0.5433962467288674,0.3464847233888773,0.5948212725796735,0.5279788876591944,0.3463564609300396,0.24513258405132346,0.5983101654496367,0.24513258405132346,0.6640428295716437,0.535137116814402,0.24513258405132346,0.5907387296433705,0.34652180273907107,0.5191285308134176,0.24513258405132346,0.6646221564635326,0.24513258405132346,0.6139924961926376,0.3447547045584649,0.5230099906834224,0.6159881663403562,0.2453490243938028,0.5740470779070573,0.24543104713706476,0.5228312970838825,0.3464352782626668,0.6071962113431834,0.5227050306427369,0.24513258405132346,0.34571445563103603,0.6017477403391757,0.24513258405132346,0.6303715295431077,0.29557846263580595,0.5254856687205558,0.6026189277981888,0.3447070888063377,0.5336361169658412,0.24513258405132346,0.6603235961832996,0.24513258405132346,0.6048376655872585,0.522430723212541,0.3453385130882916,0.6070448775106798,0.24513258405132346,0.5832351688434544,0.24513258405132346,0.24513258405132346,0.5841722891420301,0.611521684233518,0.24513258405132346,0.5209421416624204,0.3864425185836682,0.5867246963701486,0.24513258405132346,0.613730207753438,0.6020899236443494,0.24513258405132346,0.6198462239489289,0.34538759407535125,0.5240322137559338,0.24513258405132346,0.6189632719362572,0.3453803615134756,0.5989122909975683,0.24513258405132346,0.5693650643001879,0.24513258405132346,0.24513258405132346,0.5992190871137812,0.24513258405132346,0.24513258405132346,0.5228815811877179,0.34508835308337926,0.24513258405132346,0.24513258405132346,0.6004143276356614,0.24513258405132346,0.24513258405132346,0.3452020840111191,0.6200585731313132,0.24513258405132346,0.24513258405132346,0.5406167395257765,0.24534757241508925,0.24513258405132346,0.34458698590466175,0.6103937120325483,0.24513258405132346,0.24513258405132346,0.6012943836835895,0.24513258405132346,0.24513258405132346,0.34444508781065236,0.5122157084980165,0.24513258405132346,0.24513258405132346,0.24513258405132346,0.5950113651674526,0.24513258405132346,0.3452641037207515,0.24513258405132346,0.5573690810952794,0.24541508027194991,0.24513258405132346,0.5970023803157167,0.24513258405132346,0.3459946049963325,0.24513258405132346,0.24513258405132346,0.6028560515017507,0.24513258405132346,0.24541362868687625
0.0,0.0,0.054671269345799856,0.2064445469410537,0.06512793765405472,0.5639755996178631,0.8408964121211313,0.5607507282421369,0.24749723941418936,0.0,0.5694383480046289,0.4871706822471853,0.24531476553454643,0.5449493973550575,0.4696274464230696,0.24513258405132346,0.0,0.5488353949103627,0.0,0.6214688113263971,0.47778752535712954,0.0,0.5403973825309156,0.24536741985794142,0.45950046139635775,0.0,0.6221049529499524,0.0,0.566258857691794,0.24285179056665473,0.46394714769140644,0.5684712452542593,0.010312736287576826,0.5217287724939326,0.012111186536230695,0.46374261823112983,0.2452445425699759,0.558716522920918,0.4635980852377331,0.0,0.24421968258438626,0.5526606463867689,0.0,0.5843869252315151,0.16537393910002707,0.46677895032229294,0.553629529432508,0.24278382597387543,0.47607863353373375,0.0,0.6173834689450148,0.0,0.5560960848458576,0.46328406403977995,0.2436843232394161,0.558548432117622,0.0,0.5320168922553784,0.0,0.0,0.533064556261605,0.5635182682572618,0.0,0.46157923323711586,0.29941912543028154,0.535916550138645,0.0,0.5659680083449798,0.5530412287954515,0.0,0.5727453395656212,0.24375424997110945,0.46511682554243516,0.0,0.5717675091698854,0.24374394621250883,0.5495056802332495,0.0,0.5164744505555346,0.0,0.0,0.5498471634135339,0.0,0.0,0.4638001743014169,0.24332775960487862,0.0,0.0,0.551177272769396,0.0,0.0,0.24348989733652734,0.5729804775531572,0.0,0.0,0.48401658311250684,0.010278071523554389,0.0,0.24261235423414237,0.5622665911445797,0.0,0.0,0.5521563621487889,0.0,0.0,0.24240968725484638,0.4515593805141129,0.0,0.0,0.0,0.5451612224336251,0.0,0.2435782915758789,0.0,0.5029732860614609,0.011782585026581194,0.0,0.5473791933715395,0.0,0.24461824944351837,0.0,0.0,0.5538932060777778,0.0,0.011752256560258533
