0.0,0.0,0.042541915942700056,0.1688436025443705,0.14610994674820144,0.4597451926613311,0.8408964152537145,0.005822648504987374,0.02009955279233639,0.21014710314432988,0.47834433857083775,0.41193651221861366,0.2088766609256975,0.45850632693079374,0.0,0.39766001282666286,0.20815286361457175,0.46173692712583453,0.4696754787601405,0.2077410013069593,0.0,0.40413295458408993,0.5045718296358103,0.0,0.38915745278236685,0.0,0.5181754150255138,0.0,0.4756090485399082,0.0,0.44622449209860165,0.47751439145042934,0.010033667990983186,0.44045317558583397,0.0,0.3924184003980898,0.20865536663042453,0.46968232580759234,0.0,0.39245910174349413,0.5133423599814744,0.0,0.0,0.46184926040469554,0.21035450725984736,0.39522592943082735,0.0,0.5133793519116949,0.4027973274547013,0.0,0.5155006268506269,0.0,0.46745527543177023,0.010033667990983186,0.4461930079015214,0.4692722778641378,0.0,0.0,0.4481727135188278,0.39574547621818706,0.0,0.5211267402929551,0.0,0.39091643876725707,0.20723755852871403,0.47670326381062045,0.47548799132797126,0.20636414319777513,0.41338211413069553,0.0,0.48061696451595715,0.20759790877455103,0.39392572283669114,0.0,0.5274134928945414,0.010313494405766906,0.46225898049900827,0.3808501194989732,0.20712168950228396,0.0,0.0,0.4626867953161005,0.0,0.0,0.3924481571963316,0.20705840421820487,0.0,0.0,0.4636806638687269,0.0,0.0,0.0,0.5278840419703446,0.0,0.0,0.010033667990983186,0.4092055865990044,0.0,0.20648294628963298,0.47240128941791254,0.0,0.0,0.0,0.4643641282087583,0.0,0.0,0.4368108287923626,0.0,0.0,0.0,0.0,0.45905272140558206,0.2073039194888882,0.0,0.4247262130873613,0.010033667990983186,0.0,0.4604420637146599,0.0,0.0,0.20844691411123695,0.46567928591112134,0.0,0.0,0.0
0.0,0.0,0.042541915942700056,0.1688436025443705,0.14610994674820144,0.4597451926613311,0.8408964152537145,0.005822648504987374,0.02009955279233639,0.21014710314432988,0.47834433857083775,0.41193651221861366,0.2088766609256975,0.45850632693079374,0.0,0.39766001282666286,0.20815286361457175,0.46173692712583453,0.4696754787601405,0.2077410013069593,0.0,0.40413295458408993,0.5045718296358103,0.0,0.38915745278236685,0.0,0.5181754150255138,0.0,0.4756090485399082,0.0,0.44622449209860165,0.47751439145042934,0.010033667990983186,0.44045317558583397,0.0,0.3924184003980898,0.20865536663042453,0.46968232580759234,0.0,0.39245910174349413,0.5133423599814744,0.0,0.0,0.46184926040469554,0.21035450725984736,0.39522592943082735,0.0,0.5133793519116949,0.4027973274547013,0.0,0.5155006268506269,0.0,0.46745527543177023,0.010033667990983186,0.4461930079015214,0.4692722778641378,0.0,0.0,0.4481727135188278,0.39574547621818706,0.0,0.5211267402929551,0.0,0.39091643876725707,0.20723755852871403,0.47670326381062045,0.47548799132797126,0.20636414319777513,0.41338211413069553,0.0,0.48061696451595715,0.20759790877455103,0.39392572283669114,0.0,0.5274134928945414,0.010313494405766906,0.46225898049900827,0.3808501194989732,0.20712168950228396,0.0,0.0,0.4626867953161005,0.0,0.0,0.3924481571963316,0.20705840421820487,0.0,0.0,0.4636806638687269,0.0,0.0,0.0,0.5278840419703446,0.0,0.0,0.010033667990983186,0.4092055865990044,0.0,0.20648294628963298,0.47240128941791254,0.0,0.0,0.0,0.4643641282087583,0.0,0.0,0.4368108287923626,0.0,0.0,0.0,0.0,0.45905272140558206,0.2073039194888882,0.0,0.4247262130873613,0.010033667990983186,0.0,0.4604420637146599,0.0,0.0,0.20844691411123695,0.46567928591112134,0.0,0.0,0.0
0.042541915942700056,0.042541915942700056,0.060163305230256287,0.1741183346533854,0.152175831646677,0.46166462026186716,0.8416563166349353,0.04293853503611997,0.04705109802382387,0.2144056472604722,0.48018197834533466,0.4140953747918133,0.21316068891901713,0.46043140324641196,0.042541915942700056,0.39990032493666894,0.21245154440559216,0.46364732795224656,0.47155055378635324,0.2120480639187615,0.042541915942700056,0.40633568754371396,0.5063027676933355,0.042541915942700056,0.3914488665021458,0.042541915942700056,0.5198544755435273,0.042541915942700056,0.4774583759210926,0.042541915942700056,0.44820703463526645,0.47935556560907083,0.04370914013978363,0.44246368599932445,0.042541915942700056,0.39468997457912053,0.21294386417782218,0.47155737080490207,0.042541915942700056,0.3947304302174877,0.5150396019486738,0.042541915942700056,0.042541915942700056,0.46375915411711194,0.2146089192337702,0.3974806642008711,0.042541915942700056,0.5150764536962142,0.40500772408819363,0.042541915942700056,0.5171897165233712,0.042541915942700056,0.4693401269689173,0.04370914013978363,0.4481757012884455,0.4711491225098103,0.042541915942700056,0.042541915942700056,0.4501459576162088,0.3979971188545069,0.042541915942700056,0.5227948283261102,0.042541915942700056,0.3931971129674146,0.2115549103374898,0.47854790219434107,0.4773378385869018,0.21069946036561893,0.41553301494355915,0.042541915942700056,0.4824449785676996,0.21190789097063933,0.3961882287435013,0.042541915942700056,0.5290585262041725,0.04377422294667157,0.4641670263765597,0.3831934908445806,0.21144141622917673,0.042541915942700056,0.042541915942700056,0.4645929147489102,0.042541915942700056,0.042541915942700056,0.3947195517360673,0.21137942915843985,0.042541915942700056,0.042541915942700056,0.46558231969140695,0.042541915942700056,0.042541915942700056,0.042541915942700056,0.5295273667206094,0.042541915942700056,0.042541915942700056,0.04370914013978363,0.4113796290197418,0.042541915942700056,0.21081581117856282,0.4742644683403353,0.042541915942700056,0.042541915942700056,0.042541915942700056,0.4662627239917754,0.042541915942700056,0.042541915942700056,0.4388393245266942,0.042541915942700056,0.042541915942700056,0.042541915942700056,0.042541915942700056,0.46097530315058494,0.21161991227785076,0.042541915942700056,0.4268163361112358,0.04370914013978363,0.042541915942700056,0.46235832537706734,0.042541915942700056,0.042541915942700056,0.21273963021182307,0.46757201503151796,0.042541915942700056,0.042541915942700056,0.042541915942700056
0.1688436025443705,0.1688436025443705,0.1741183346533854,0.23873238261956256,0.2232512150028041,0.4890233262925584,0.8526298723851706,0.16894393022439438,0.17003525404347336,0.2694887848170955,0.5064308018959407,0.44465428649614114,0.2685009177630458,0.48786645621049773,0.1688436025443705,0.4315306236025442,0.267939163172798,0.49088394673550506,0.49830841242967605,0.26761985189985155,0.1688436025443705,0.4374727817423628,0.5310913538270464,0.1688436025443705,0.4237467602048984,0.1688436025443705,0.5439282276328987,0.1688436025443705,0.5038663096765589,0.1688436025443705,0.4764164977878737,0.5056525224501195,0.16914134784629142,0.4710485188918027,0.1688436025443705,0.4267291071696814,0.26832908498503866,0.49831482181553843,0.1688436025443705,0.426766354744548,0.5393642377965201,0.1688436025443705,0.1688436025443705,0.49098891114723536,0.26965027988850077,0.4292997427727947,0.1688436025443705,0.5393991566457198,0.4362455546911209,0.1688436025443705,0.5414019071444081,0.1688436025443705,0.4962306391735347,0.16914134784629142,0.47638719176103056,0.4979310011950867,0.1688436025443705,0.1688436025443705,0.478230400254864,0.4297757479838974,0.1688436025443705,0.5467169875642667,0.1688436025443705,0.4253550013505967,0.26722987994164793,0.5048920220100238,0.5037528458486401,0.2665542164865852,0.4459867195046988,0.1688436025443705,0.5085626360085653,0.26750897279748304,0.4281089070919679,0.1688436025443705,0.5526617178000681,0.1691581712290286,0.4913717776529422,0.41616648480678414,0.267140179772547,0.1688436025443705,0.1688436025443705,0.4917715919380682,0.1688436025443705,0.1688436025443705,0.4267563388558111,0.2670911957990556,0.1688436025443705,0.1688436025443705,0.4927005648831377,0.1688436025443705,0.1688436025443705,0.1688436025443705,0.5531068958451298,0.1688436025443705,0.1688436025443705,0.16914134784629142,0.44213889325437183,0.1688436025443705,0.26664605428892213,0.5008607539086701,0.1688436025443705,0.1688436025443705,0.1688436025443705,0.49333952549267723,0.1688436025443705,0.1688436025443705,0.4676650148092485,0.1688436025443705,0.1688436025443705,0.1688436025443705,0.1688436025443705,0.48837664492713395,0.2672812623439223,0.1688436025443705,0.4564641447744945,0.16914134784629142,0.1688436025443705,0.4896742236828149,0.1688436025443705,0.1688436025443705,0.26816728934475637,0.49456932864681263,0.1688436025443705,0.1688436025443705,0.1688436025443705
0.14610994674820144,0.14610994674820144,0.152175831646677,0.2232512150028041,0.2066071216917267,0.48185399494876957,0.8497299757197087,0.14622589386143686,0.14748564252349405,0.25588870579482825,0.49954270917466104,0.43668240969247685,0.25484761119001664,0.4806778321558455,0.14610994674820144,0.42329299157786054,0.2542554017189966,0.48374548096986064,0.4912911543595943,0.25391871850213865,0.14610994674820144,0.4293572992655013,0.5245754202640682,0.14610994674820144,0.4153443089963797,0.14610994674820144,0.5375953327137054,0.14610994674820144,0.49693781131537956,0.14610994674820144,0.4690325770738516,0.49875220333117415,0.14645397905450017,0.4635701967135536,0.14610994674820144,0.41839046853695994,0.2546664771437828,0.49129766706023753,0.14610994674820144,0.4184285078173546,0.532967039702853,0.14610994674820144,0.14610994674820144,0.4838521806650703,0.2560588628769024,0.42101544271695523,0.14610994674820144,0.53300245370987,0.4281050969927482,0.14610994674820144,0.5350335212113096,0.14610994674820144,0.48917977027006826,0.14645397905450017,0.469002760734461,0.4909076555711313,0.14610994674820144,0.14610994674820144,0.4708779591051998,0.42150144334316253,0.14610994674820144,0.5404229793055261,0.14610994674820144,0.4169870652698664,0.2535074702019457,0.4979797255445807,0.4968225518643263,0.25279478599067967,0.43804102054471067,0.14610994674820144,0.5017078744224059,0.25380179672708425,0.419799510570242,0.14610994674820144,0.5464496102379623,0.14647341173050032,0.4842413714009071,0.4075979803487064,0.25341286672589336,0.14610994674820144,0.14610994674820144,0.4846477808968337,0.14610994674820144,0.14610994674820144,0.4184182790513487,0.2533612036415367,0.14610994674820144,0.14610994674820144,0.48559204267054495,0.14610994674820144,0.14610994674820144,0.14610994674820144,0.5469008682886968,0.14610994674820144,0.14610994674820144,0.14645397905450017,0.43411720431141315,0.14610994674820144,0.25289166751788134,0.49388446179348244,0.14610994674820144,0.14610994674820144,0.14610994674820144,0.4862414907035584,0.14610994674820144,0.14610994674820144,0.4601262109907585,0.14610994674820144,0.14610994674820144,0.14610994674820144,0.14610994674820144,0.48119653876434815,0.25356165975191236,0.14610994674820144,0.44871944484529475,0.14645397905450017,0.14610994674820144,0.4825157127931331,0.14610994674820144,0.14610994674820144,0.2544959119136718,0.4874914141117765,0.14610994674820144,0.14610994674820144,0.14610994674820144
0.4597451926613311,0.4597451926613311,0.46166462026186716,0.4890233262925584,0.48185399494876957,0.6427912124103595,0.9168365397268436,0.4597812298425916,0.4601744121337292,0.504304959449219,0.6552876631958092,0.6116846448530618,0.5037937254223317,0.6419661241817431,0.4597451926613311,0.6027163273884264,0.5035035938585645,0.6441196727771289,0.6494381542858427,0.5033388669985097,0.4597451926613311,0.606762750277929,0.6732321533577407,0.4597451926613311,0.5974526769860475,0.4597451926613311,0.6826736529581103,0.4597451926613311,0.6534373656543243,0.4597451926613311,0.6338382314944268,0.6547258000770166,0.4598521948031068,0.6300524204535567,0.4597451926613311,0.5994643866886653,0.5037049332936502,0.6494427575121792,0.4597451926613311,0.5994895514389773,0.6793094693241892,0.4597451926613311,0.4597451926613311,0.6441946691613898,0.5043886594629935,0.6012034130928622,0.4597451926613311,0.6793351781568532,0.6059250866795213,0.4597451926613311,0.6808104810997267,0.4597451926613311,0.6479469666683769,0.4598521948031068,0.633817519500849,0.649167132930478,0.4597451926613311,0.4597451926613311,0.6351211265179912,0.6015259355145199,0.4597451926613311,0.6847331645099399,0.4597451926613311,0.5985367147770074,0.5031378737429701,0.6541770490127927,0.6533555730542304,0.5027901192204565,0.6126015446311244,0.4597451926613311,0.6568281555018048,0.5032816985853785,0.6003972413933899,0.4597451926613311,0.6891329100611213,0.4598582455247242,0.6444682726142188,0.5923682864084306,0.5030916708686147,0.4597451926613311,0.4597451926613311,0.6447540672944556,0.4597451926613311,0.4597451926613311,0.599482784530828,0.503066444722063,0.4597451926613311,0.4597451926613311,0.6454184291600361,0.4597451926613311,0.4597451926613311,0.4597451926613311,0.6894629021860837,0.4597451926613311,0.4597451926613311,0.4598521948031068,0.6099568431139112,0.4597451926613311,0.5028373506654925,0.6512728415536221,0.4597451926613311,0.4597451926613311,0.4597451926613311,0.6458756411107375,0.4597451926613311,0.4597451926613311,0.6276745666239172,0.4597451926613311,0.4597451926613311,0.4597451926613311,0.4597451926613311,0.6423299087983232,0.5031643447399357,0.4597451926613311,0.6198507038725773,0.4598521948031068,0.4597451926613311,0.6432557422126414,0.4597451926613311,0.4597451926613311,0.50362136394862,0.6467562148666589,0.4597451926613311,0.4597451926613311,0.4597451926613311
0.8408964152537145,0.8408964152537145,0.8416563166349353,0.8526298723851706,0.8497299757197087,0.9168365397268436,1.0,0.8409106694458741,0.8410662215199822,0.8588620573860847,0.9220319449756351,0.9037930611697818,0.8586525187050313,0.9164923922271164,0.8408964152537145,0.9000150235473164,0.8585336336053306,0.917390376664805,0.9196041568491465,0.8584661445942949,0.8408964152537145,0.9017201759664816,0.9294249317112607,0.8408964152537145,0.8977960188796569,0.8408964152537145,0.9332752571752876,0.8408964152537145,0.921264838693361,0.8408964152537145,0.9130958685357348,0.9217990899659165,0.8409387404682763,0.911510275179931,0.8408964152537145,0.8986441930670802,0.8586161326377408,0.9196060703716007,0.8408964152537145,0.8986548023446788,0.9319068144090297,0.8408964152537145,0.8408964152537145,0.9174216327049485,0.8588963699254542,0.8993773099919723,0.8408964152537145,0.9319172870537846,0.9013672499910322,0.8408964152537145,0.932517873861261,0.8408964152537145,0.918984045868769,0.8409387404682763,0.9130871995740626,0.9194914875580803,0.8408964152537145,0.8408964152537145,0.9136326929303321,0.8995132643366184,0.8408964152537145,0.934110985779866,0.8408964152537145,0.8982530815350542,0.8583838068994404,0.9215715969753258,0.9212309102277455,0.8582413732365869,0.9041790437462216,0.8408964152537145,0.9226699879213729,0.8584427242326638,0.8990374657600623,0.8408964152537145,0.9358910024955125,0.8409411339912809,0.9175356524571707,0.8956520341915284,0.8583648812233808,0.8408964152537145,0.8408964152537145,0.9176547371832879,0.8408964152537145,0.8408964152537145,0.8986519494666299,0.858354548298957,0.8408964152537145,0.8408964152537145,0.9179315012174116,0.8408964152537145,0.8408964152537145,0.8408964152537145,0.9360242054226854,0.8408964152537145,0.8408964152537145,0.8409387404682763,0.9030655591974409,0.8408964152537145,0.8582607164507909,0.9203664567215237,0.8408964152537145,0.8408964152537145,0.8408964152537145,0.9181219187502477,0.8408964152537145,0.8408964152537145,0.9105133475520727,0.8408964152537145,0.8408964152537145,0.8408964152537145,0.8408964152537145,0.916644143781899,0.8583946502362272,0.8408964152537145,0.9072282863614453,0.8409387404682763,0.8408964152537145,0.9170302409197335,0.8408964152537145,0.8408964152537145,0.8585818887144785,0.9184885380217576,0.8408964152537145,0.8408964152537145,0.8408964152537145
0.005822648504987374,0.005822648504987374,0.04293853503611997,0.16894393022439438,0.14622589386143686,0.4597812298425916,0.8409106694458741,0.008234468509539556,0.020925946933524134,0.21022767442422688,0.4783788351348005,0.41197706434336717,0.20895772396980702,0.4585424705449622,0.005822648504987374,0.39770210254253063,0.20823420949414864,0.46177279423290063,0.46971068038465524,0.20782250900270358,0.005822648504987374,0.4041743347733611,0.5046043174450768,0.005822648504987374,0.3892005076585214,0.005822648504987374,0.5182069266481502,0.005822648504987374,0.4756437652122485,0.005822648504987374,0.4462617187109527,0.4775489545744694,0.011600764161612702,0.4404909294239195,0.005822648504987374,0.3924610805192914,0.20873651594189474,0.4697175268664726,0.005822648504987374,0.3925017772238136,0.5133742136939409,0.005822648504987374,0.005822648504987374,0.46188511795747644,0.21043499881795372,0.3952682915112504,0.005822648504987374,0.5134112029864439,0.4028388523248068,0.005822648504987374,0.5155323271706832,0.005822648504987374,0.46749066121552413,0.011600764161612702,0.4462302373573057,0.4693075128219737,0.005822648504987374,0.005822648504987374,0.448209764866852,0.3957877799027841,0.005822648504987374,0.5211580454817432,0.005822648504987374,0.3909592907744616,0.20731926488978494,0.4767378921748979,0.475522717791346,0.20644619650582618,0.41342251600327184,0.005822648504987374,0.4806512798141242,0.20767947283912788,0.39396823168320044,0.005822648504987374,0.5274443643782236,0.011843622849619765,0.4622948032379023,0.3808941560864781,0.20720344172271618,0.005822648504987374,0.005822648504987374,0.4627225817605054,0.005822648504987374,0.005822648504987374,0.3924908339244905,0.20714018150762012,0.005822648504987374,0.005822648504987374,0.4637163662198,0.005822648504987374,0.005822648504987374,0.005822648504987374,0.527914881314843,0.005822648504987374,0.005822648504987374,0.011600764161612702,0.40924642521748317,0.005822648504987374,0.20656495223407795,0.4724362669718273,0.005822648504987374,0.005822648504987374,0.005822648504987374,0.46439977291080464,0.005822648504987374,0.005822648504987374,0.43684892172593104,0.005822648504987374,0.005822648504987374,0.005822648504987374,0.005822648504987374,0.4590888180166556,0.20738559960815015,0.005822648504987374,0.42476546825717443,0.011600764161612702,0.005822648504987374,0.46047804124510155,0.005822648504987374,0.005822648504987374,0.2085281448504297,0.4657148200924373,0.005822648504987374,0.005822648504987374,0.005822648504987374
0.02009955279233639,0.02009955279233639,0.04705109802382387,0.17003525404347336,0.14748564252349405,0.4601744121337292,0.8410662215199822,0.020925946933524134,0.0284250589970019,0.21110518525277944,0.4787552211886215,0.4124194579041856,0.20984056627119302,0.45893681312376117,0.02009955279233639,0.3981612509878248,0.20912011796104726,0.46216412242538824,0.47009475344902085,0.20871017162143302,0.02009955279233639,0.404625751904329,0.5049588006075947,0.02009955279233639,0.38967017212063026,0.02009955279233639,0.5185507646167792,0.02009955279233639,0.47602255106891306,0.02009955279233639,0.44666786713659884,0.4779260663252541,0.022464783682665065,0.4409028248084663,0.02009955279233639,0.39292666190481834,0.20962029346697247,0.4701015937641043,0.02009955279233639,0.39296730804455043,0.5137217821917462,0.02009955279233639,0.02009955279233639,0.4622763419912381,0.2113116452991412,0.3957304076298824,0.02009955279233639,0.5137587427199723,0.40329184600159274,0.02009955279233639,0.515878222917374,0.02009955279233639,0.46787674203131313,0.022464783682665065,0.4466364167781014,0.4696919492968759,0.02009955279233639,0.02009955279233639,0.4486140027913788,0.3962492597489722,0.02009955279233639,0.521499632223029,0.02009955279233639,0.39142674493107155,0.20820908105368818,0.47711571522907265,0.4759016103970137,0.20733977342187232,0.4138632721686736,0.02009955279233639,0.4810256895292949,0.2085677465071727,0.39443194692891465,0.02009955279233639,0.5277812213234192,0.022591152659459744,0.4626856477376502,0.3813745159410523,0.20809375499470517,0.02009955279233639,0.02009955279233639,0.4631130305839196,0.02009955279233639,0.02009955279233639,0.39295637834108865,0.20803076652167699,0.02009955279233639,0.02009955279233639,0.46410589826779136,0.02009955279233639,0.02009955279233639,0.02009955279233639,0.5282513877588099,0.02009955279233639,0.02009955279233639,0.022464783682665065,0.4096919408268643,0.02009955279233639,0.20745801576279196,0.4728178971229015,0.02009955279233639,0.02009955279233639,0.02009955279233639,0.46478867647258004,0.02009955279233639,0.02009955279233639,0.4372645132488619,0.02009955279233639,0.02009955279233639,0.02009955279233639,0.02009955279233639,0.4594826481882866,0.2082751313133582,0.02009955279233639,0.42519372736195876,0.022464783682665065,0.02009955279233639,0.46087057324341274,0.02009955279233639,0.02009955279233639,0.20941280512011837,0.46610251875606323,0.02009955279233639,0.02009955279233639,0.02009955279233639
0.21014710314432988,0.21014710314432988,0.2144056472604722,0.2694887848170955,0.25588870579482825,0.504304959449219,0.8588620573860847,0.21022767442422688,0.21110518525277944,0.29704787604503635,0.5211336494796494,0.4615706582669573,0.296153081186084,0.503187683752156,0.21014710314432988,0.4489825823518412,0.29564451161476096,0.5061022049792742,0.5132774504043801,0.2953555158871172,0.21014710314432988,0.45467893181546465,0.5450238065943068,0.21014710314432988,0.4415294013981815,0.21014710314432988,0.5574799573802651,0.21014710314432988,0.518652494157809,0.21014710314432988,0.49213772556321655,0.5203805934633613,0.21038626621290585,0.48696256504233015,0.21014710314432988,0.4443838550448954,0.2959974969352113,0.5132836471236473,0.21014710314432988,0.44441951479918657,0.5530498531862176,0.21014710314432988,0.21014710314432988,0.5062036053326678,0.29719421077211505,0.4468454494515166,0.21014710314432988,0.5530837416195288,0.45350201446498245,0.21014710314432988,0.5550275505847706,0.21014710314432988,0.5112688414731883,0.21038626621290585,0.49210946280520945,0.5129125692850226,0.21014710314432988,0.21014710314432988,0.4938872524613962,0.44730138332078906,0.21014710314432988,0.5601876815636753,0.21014710314432988,0.44306848865806303,0.2950026511770133,0.5196447972672376,0.5185427324043449,0.2943914969291257,0.46285017611193485,0.21014710314432988,0.5231966922977955,0.29525517801913287,0.4457049903111553,0.21014710314432988,0.5659615684941985,0.2103997839908906,0.5065734816791015,0.43428111791942026,0.2949214992710657,0.21014710314432988,0.21014710314432988,0.5069597475813276,0.21014710314432988,0.21014710314432988,0.4444099258532427,0.29487718543182284,0.21014710314432988,0.21014710314432988,0.5078573066936718,0.21014710314432988,0.21014710314432988,0.21014710314432988,0.5663940545783862,0.21014710314432988,0.21014710314432988,0.21038626621290585,0.45915587612649317,0.21014710314432988,0.2944745502482762,0.5157454347546309,0.21014710314432988,0.21014710314432988,0.21014710314432988,0.5084747137460573,0.21014710314432988,0.21014710314432988,0.48370241277900516,0.21014710314432988,0.21014710314432988,0.21014710314432988,0.21014710314432988,0.5036803929741935,0.29504913911657404,0.21014710314432988,0.47292037651255336,0.21038626621290585,0.21014710314432988,0.504933643821546,0.21014710314432988,0.21014710314432988,0.29585101682472487,0.5096631544541139,0.21014710314432988,0.21014710314432988,0.21014710314432988
0.47834433857083775,0.47834433857083775,0.48018197834533466,0.5064308018959407,0.49954270917466104,0.6552876631958092,0.9220319449756351,0.4783788351348005,0.4787552211886215,0.5211336494796494,0.6674473211677592,0.6250477557674038,0.5206413449573307,0.6544850203870679,0.47834433857083775,0.6163380356437497,0.5203619690299749,0.6565800407854054,0.6617547434026566,0.5202033530252256,0.47834433857083775,0.6202672491194994,0.6849175149502297,0.47834433857083775,0.6112282133885231,0.47834433857083775,0.6941132701164193,0.47834433857083775,0.665646531441501,0.47834433857083775,0.6465797124891509,0.6669004789436042,0.4784467668562638,0.642898528335836,0.47834433857083775,0.6131809466139486,0.5205558434993557,0.6617592226462963,0.47834433857083775,0.6132053750813278,0.6908363773025908,0.47834433857083775,0.47834433857083775,0.656653002219987,0.5212142530858322,0.6148691758952394,0.47834433857083775,0.6908614179515065,0.6194537764562469,0.47834433857083775,0.6922984061078842,0.47834433857083775,0.6603037605989708,0.4784467668562638,0.6465595712191549,0.6614910230807143,0.47834433857083775,0.47834433857083775,0.6478272926538202,0.61518229608973,0.47834433857083775,0.6961194848415138,0.47834433857083775,0.6122804421331401,0.5200098200925065,0.66636640889643,0.6655669301241448,0.5196749839243069,0.6259384558609573,0.47834433857083775,0.6689466859653271,0.5201483060895778,0.614086531353129,0.47834433857083775,0.7004057162420131,0.47845255898810635,0.6569191835756101,0.6062939276956663,0.5199653327802722,0.47834433857083775,0.47834433857083775,0.657197228540787,0.47834433857083775,0.47834433857083775,0.6131988061592515,0.5199410434080901,0.47834433857083775,0.47834433857083775,0.6578435874994581,0.47834433857083775,0.47834433857083775,0.47834433857083775,0.7007272128133631,0.47834433857083775,0.47834433857083775,0.4784467668562638,0.6233694426251896,0.47834433857083775,0.5197204600265501,0.6635400770258235,0.47834433857083775,0.47834433857083775,0.47834433857083775,0.6582884197483245,0.47834433857083775,0.47834433857083775,0.6405867127710815,0.47834433857083775,0.47834433857083775,0.47834433857083775,0.47834433857083775,0.6548389054148825,0.5200353083004116,0.47834433857083775,0.632981964989055,0.4784467668562638,0.47834433857083775,0.6557395678889041,0.47834433857083775,0.47834433857083775,0.5204753720673847,0.6591451731215399,0.47834433857083775,0.47834433857083775,0.47834433857083775
0.41193651221861366,0.41193651221861366,0.4140953747918133,0.44465428649614114,0.43668240969247685,0.6116846448530618,0.9037930611697818,0.41197706434336717,0.4124194579041856,0.4615706582669573,0.6250477557674038,0.578326353157959,0.46100630875643955,0.6108016373440067,0.41193651221861366,0.5686797808799545,0.4606859869405603,0.6131061723037283,0.6187949791465988,0.46050410403401587,0.41193651221861366,0.573034000624126,0.6442053207090676,0.41193651221861366,0.5630112068913451,0.41193651221861366,0.6542720844096926,0.41193651221861366,0.6230703415211127,0.41193651221861366,0.6020982598944521,0.6244473349435649,0.4120569179986353,0.5980412294446088,0.41193651221861366,0.5651782914704518,0.46090828076168827,0.6187999013548457,0.41193651221861366,0.5652053949463305,0.6506860485009082,0.41193651221861366,0.41193651221861366,0.6131864157997818,0.4616630444791613,0.5670510138348288,0.41193651221861366,0.6507134565716579,0.5721328621797898,0.41193651221861366,0.6522861700945735,0.41193651221861366,0.6172003206949143,0.4120569179986353,0.602076069684219,0.6185051726648058,0.41193651221861366,0.41193651221861366,0.603472596650107,0.5673982693764,0.41193651221861366,0.656466919139855,0.41193651221861366,0.564179066581164,0.4602821628569274,0.6238608901436195,0.6229829203568654,0.4598981261983576,0.579311801188979,0.41193651221861366,0.6266937750884224,0.46044097906875614,0.5661829345494805,0.41193651221861366,0.6611545520091273,0.412063726466597,0.6134791556950857,0.5575306215401256,0.46023114232606677,0.41193651221861366,0.41193651221861366,0.6137849291510984,0.41193651221861366,0.41193651221861366,0.5651981067184377,0.4602032854408851,0.41193651221861366,0.41193651221861366,0.6144956932181358,0.41193651221861366,0.41193651221861366,0.41193651221861366,0.6615060720676339,0.41193651221861366,0.41193651221861366,0.4120569179986353,0.5764689864968248,0.41193651221861366,0.4599502882877615,0.6207565951836647,0.41193651221861366,0.41193651221861366,0.41193651221861366,0.6149848061036779,0.41193651221861366,0.41193651221861366,0.5954919500935363,0.41193651221861366,0.41193651221861366,0.41193651221861366,0.41193651221861366,0.6111909698699618,0.460311393644601,0.41193651221861366,0.5870979596928538,0.4120569179986353,0.41193651221861366,0.6121817441526773,0.41193651221861366,0.41193651221861366,0.46081601591881877,0.6159267447283445,0.41193651221861366,0.41193651221861366,0.41193651221861366
0.2088766609256975,0.2088766609256975,0.21316068891901713,0.2685009177630458,0.25484761119001664,0.5037937254223317,0.8586525187050313,0.20895772396980702,0.20984056627119302,0.296153081186084,0.5206413449573307,0.46100630875643955,0.2952555324220608,0.5026751570648119,0.2088766609256975,0.44840094854268625,0.29474539033639197,0.5055930406072857,0.5127764322272377,0.29445549865520326,0.2088766609256975,0.4541052232133123,0.5445567930891145,0.2088766609256975,0.440937126164873,0.2088766609256975,0.5570254810592409,0.2088766609256975,0.5181574602240706,0.2088766609256975,0.4916121566501666,0.5198874627004234,0.2091172826143615,0.48643072023667233,0.2088766609256975,0.4437956926715191,0.2950994676626089,0.5127826359028398,0.2088766609256975,0.4438314035098097,0.5525909651760434,0.2088766609256975,0.2088766609256975,0.5056945573758259,0.2962998647382774,0.44626079644654204,0.2088766609256975,0.5526248875510544,0.4529266827744216,0.2088766609256975,0.5545706383419747,0.2088766609256975,0.5107655613746407,0.2091172826143615,0.4915838599161358,0.5124111412620481,0.2088766609256975,0.2088766609256975,0.4933637804689524,0.44671737656562216,0.2088766609256975,0.5597358769486743,0.2088766609256975,0.44247843687559735,0.29410153764584884,0.5191508573837196,0.5180475772515956,0.29348847852484866,0.4622875375046595,0.2088766609256975,0.5227066417548712,0.2943548493138888,0.445118715678473,0.2088766609256975,0.5655154001245748,0.20913088273592986,0.5060648580485405,0.4336781827996875,0.2940201332484018,0.2088766609256975,0.2088766609256975,0.5064515665454502,0.2088766609256975,0.2088766609256975,0.44382180082803807,0.2939756814759474,0.2088766609256975,0.2088766609256975,0.5073501520089287,0.2088766609256975,0.2088766609256975,0.2088766609256975,0.5659483051211729,0.2088766609256975,0.2088766609256975,0.2091172826143615,0.45858827515888395,0.2088766609256975,0.29357179116427307,0.5152471765627882,0.2088766609256975,0.2088766609256975,0.2088766609256975,0.5079682633654459,0.2088766609256975,0.2088766609256975,0.48316655691386695,0.2088766609256975,0.2088766609256975,0.2088766609256975,0.2088766609256975,0.5031684369132066,0.2941481701639368,0.2088766609256975,0.4723709238737295,0.2091172826143615,0.2088766609256975,0.504423135125837,0.2088766609256975,0.2088766609256975,0.29495253470747185,0.5091580559157711,0.2088766609256975,0.2088766609256975,0.2088766609256975
0.45850632693079374,0.45850632693079374,0.46043140324641196,0.48786645621049773,0.4806778321558455,0.6419661241817431,0.9164923922271164,0.4585424705449622,0.45893681312376117,0.503187683752156,0.6544850203870679,0.6108016373440067,0.5026751570648119,0.6411395388768019,0.45850632693079374,0.6018159906207501,0.502384290950392,0.6432969908961005,0.6486250570726597,0.5022191467305344,0.45850632693079374,0.6058702707725476,0.6724610637553948,0.45850632693079374,0.5965420211393662,0.45850632693079374,0.6819188870242973,0.45850632693079374,0.6526314255297597,0.45850632693079374,0.6329967917623557,0.6539221569238399,0.4586136450522323,0.6292039930345867,0.45850632693079374,0.598557688044369,0.5025861402067304,0.6486296685613282,0.45850632693079374,0.5985829021902883,0.6785489069569975,0.45850632693079374,0.45850632693079374,0.6433721229786917,0.5032715951992203,0.600300121884343,0.45850632693079374,0.6785746601674061,0.6050309858853334,0.45850632693079374,0.6800525076017043,0.45850632693079374,0.6471311899239498,0.4586136450522323,0.6329760416612868,0.6483535491609788,0.45850632693079374,0.45850632693079374,0.6342820445793904,0.6006232749049338,0.45850632693079374,0.6839819366691671,0.45850632693079374,0.5976281934003446,0.5020176439274197,0.6533724280859725,0.6525494869693585,0.5016690070118015,0.6117202915903003,0.45850632693079374,0.6560282513180179,0.5021618334207794,0.5994923721083302,0.45850632693079374,0.6883892152863131,0.45861971363793197,0.6436462213551165,0.5914475534495125,0.5019713238750646,0.45850632693079374,0.45850632693079374,0.6439325327875505,0.45850632693079374,0.45850632693079374,0.5985761219997058,0.5019460337435019,0.45850632693079374,0.45850632693079374,0.6445980950197989,0.45850632693079374,0.45850632693079374,0.45850632693079374,0.6887197710583951,0.45850632693079374,0.45850632693079374,0.4586136450522323,0.6090705209710592,0.45850632693079374,0.5017163583603994,0.6504630329558525,0.45850632693079374,0.45850632693079374,0.45850632693079374,0.6450561323461618,0.45850632693079374,0.45850632693079374,0.6268217269574312,0.45850632693079374,0.45850632693079374,0.45850632693079374,0.45850632693079374,0.6415039838001865,0.5020441820512346,0.45850632693079374,0.6189832144426983,0.4586136450522323,0.45850632693079374,0.6424314959929354,0.45850632693079374,0.45850632693079374,0.5025023592920371,0.6459382941176082,0.45850632693079374,0.45850632693079374,0.45850632693079374
0.0,0.0,0.042541915942700056,0.1688436025443705,0.14610994674820144,0.4597451926613311,0.8408964152537145,0.005822648504987374,0.02009955279233639,0.21014710314432988,0.47834433857083775,0.41193651221861366,0.2088766609256975,0.45850632693079374,0.0,0.39766001282666286,0.20815286361457175,0.46173692712583453,0.4696754787601405,0.2077410013069593,0.0,0.40413295458408993,0.5045718296358103,0.0,0.38915745278236685,0.0,0.5181754150255138,0.0,0.4756090485399082,0.0,0.44622449209860165,0.47751439145042934,0.010033667990983186,0.44045317558583397,0.0,0.3924184003980898,0.20865536663042453,0.46968232580759234,0.0,0.39245910174349413,0.5133423599814744,0.0,0.0,0.46184926040469554,0.21035450725984736,0.39522592943082735,0.0,0.5133793519116949,0.4027973274547013,0.0,0.5155006268506269,0.0,0.46745527543177023,0.010033667990983186,0.4461930079015214,0.4692722778641378,0.0,0.0,0.4481727135188278,0.39574547621818706,0.0,0.5211267402929551,0.0,0.39091643876725707,0.20723755852871403,0.47670326381062045,0.47548799132797126,0.20636414319777513,0.41338211413069553,0.0,0.48061696451595715,0.20759790877455103,0.39392572283669114,0.0,0.5274134928945414,0.010313494405766906,0.46225898049900827,0.3808501194989732,0.20712168950228396,0.0,0.0,0.4626867953161005,0.0,0.0,0.3924481571963316,0.20705840421820487,0.0,0.0,0.4636806638687269,0.0,0.0,0.0,0.5278840419703446,0.0,0.0,0.010033667990983186,0.4092055865990044,0.0,0.20648294628963298,0.47240128941791254,0.0,0.0,0.0,0.4643641282087583,0.0,0.0,0.4368108287923626,0.0,0.0,0.0,0.0,0.45905272140558206,0.2073039194888882,0.0,0.4247262130873613,0.010033667990983186,0.0,0.4604420637146599,0.0,0.0,0.20844691411123695,0.46567928591112134,0.0,0.0,0.0
0.39766001282666286,0.39766001282666286,0.39990032493666894,0.4315306236025442,0.42329299157786054,0.6027163273884264,0.9000150235473164,0.39770210254253063,0.3981612509878248,0.4489825823518412,0.6163380356437497,0.5686797808799545,0.44840094854268625,0.6018159906207501,0.39766001282666286,0.5588270032146312,0.44807079905629327,0.6041656877070503,0.6099650934909449,0.4478833303132115,0.39766001282666286,0.5632749136540735,0.6358554153658587,0.39766001282666286,0.5530348832692652,0.39766001282666286,0.6461067038761997,0.39766001282666286,0.6143227734993092,0.39766001282666286,0.5929401023203758,0.6157261375261922,0.3977849831019122,0.5888015602860208,0.39766001282666286,0.5552494135173559,0.4482999143130477,0.6099701108606208,0.39766001282666286,0.5552771086969163,0.642455267092883,0.39766001282666286,0.39766001282666286,0.6042474999593268,0.4490777943988956,0.5571629223423467,0.39766001282666286,0.642483176385021,0.5623544695054451,0.39766001282666286,0.6440846153131133,0.39766001282666286,0.6083395573548888,0.3977849831019122,0.5929174682169562,0.6096696825556898,0.39766001282666286,0.39766001282666286,0.594341890319354,0.5575177192200199,0.39766001282666286,0.6483413932733194,0.39766001282666286,0.5542283451402589,0.4476545676007739,0.6151284701427053,0.6142336758369734,0.44725871306352794,0.5696860186549251,0.39766001282666286,0.6180154537071034,0.44781826576426725,0.5562759614900323,0.39766001282666286,0.6531137187279071,0.3977920495964653,0.6045459607627386,0.5474330907718852,0.44760197806427743,0.39766001282666286,0.39766001282666286,0.6048577062536312,0.39766001282666286,0.39766001282666286,0.555269661361741,0.44757326437782513,0.39766001282666286,0.39766001282666286,0.6055823380952237,0.39766001282666286,0.39766001282666286,0.39766001282666286,0.6534715668901991,0.39766001282666286,0.39766001282666286,0.3977849831019122,0.5667830938050086,0.39766001282666286,0.44731248138454044,0.6119645620313493,0.39766001282666286,0.39766001282666286,0.39766001282666286,0.6060809826976143,0.39766001282666286,0.39766001282666286,0.5862006910091018,0.39766001282666286,0.39766001282666286,0.39766001282666286,0.39766001282666286,0.6022129677342861,0.44768469716318143,0.39766001282666286,0.5776347261934828,0.3977849831019122,0.39766001282666286,0.6032231687511078,0.39766001282666286,0.39766001282666286,0.4482048189077897,0.6070412515596532,0.39766001282666286,0.39766001282666286,0.39766001282666286
0.20815286361457175,0.20815286361457175,0.21245154440559216,0.267939163172798,0.2542554017189966,0.5035035938585645,0.8585336336053306,0.20823420949414864,0.20912011796104726,0.29564451161476096,0.5203619690299749,0.4606859869405603,0.29474539033639197,0.502384290950392,0.20815286361457175,0.44807079905629327,0.29423435029425804,0.5053040851006724,0.5124921054820414,0.2939439469845546,0.20815286361457175,0.4537795801352431,0.5442917845345344,0.20815286361457175,0.44060092519040417,0.20815286361457175,0.5567675934961951,0.20815286361457175,0.5178765335750652,0.20815286361457175,0.49131387882850214,0.5196076173464945,0.2083943242113397,0.48612887558852363,0.20815286361457175,0.4434618306495881,0.2945890511934234,0.5124983131101649,0.20815286361457175,0.44349757053832023,0.5523305719044074,0.20815286361457175,0.20815286361457175,0.5054056680200846,0.2957915514451764,0.44592893009511014,0.20815286361457175,0.5523645135576494,0.45260011681088397,0.20815286361457175,0.5543113672589941,0.20815286361457175,0.5104799494144884,0.2083943242113397,0.4912855627851938,0.5121265816460141,0.20815286361457175,0.20815286361457175,0.49306669435854766,0.44638587770860483,0.20815286361457175,0.559479506790815,0.20815286361457175,0.4421435003736641,0.2935893599305589,0.518870552326547,0.5177665817308341,0.2929752130004218,0.4619681883950431,0.20815286361457175,0.5224285464026751,0.29384311977667515,0.4447859271661834,0.20815286361457175,0.5652622309835609,0.20840797169102468,0.5057762098081872,0.4333359191467018,0.2935078113455982,0.20815286361457175,0.20815286361457175,0.5061631698001496,0.20815286361457175,0.20815286361457175,0.4434879600452618,0.29346328080491313,0.20815286361457175,0.20815286361457175,0.5070623384619548,0.20815286361457175,0.20815286361457175,0.20815286361457175,0.565695373888988,0.20815286361457175,0.20815286361457175,0.2083943242113397,0.4582661047329003,0.20815286361457175,0.2930586737309142,0.5149644179945845,0.20815286361457175,0.20815286361457175,0.20815286361457175,0.5076808500184554,0.20815286361457175,0.20815286361457175,0.48286243251611266,0.20815286361457175,0.20815286361457175,0.20815286361457175,0.20815286361457175,0.502877895056693,0.29363607501123457,0.20815286361457175,0.4720590708665386,0.2083943242113397,0.20815286361457175,0.5041334157255903,0.20815286361457175,0.20815286361457175,0.2944418596496992,0.5088714107058692,0.20815286361457175,0.20815286361457175,0.20815286361457175
