0.0,0.0,0.1357020479243137,0.17227481821998486,0.6185212340749332,0.8408964152537145,0.006735348398642008,0.24362317856253715,0.5600519068294977,0.0,0.479632404781929,0.2417469640092119,0.5356825222672988,0.46199310922467574,0.012648685823215752,0.24078397573000446,0.539649135806475,0.5495657676350942,0.24046865337093343,0.47059880310390795,0.0,0.593014319096469,0.010124422774689371,0.4522239513802478,0.0,0.6107047171090776,0.5568473543444682,0.0,0.5210096064049522,0.0,0.0,0.5588400393351276,0.5137314838161775,0.0,0.4563869207409875,0.0,0.6108800264900711,0.0,0.4563930155874658,0.24026666325566734,0.5433240791974262,0.0,0.5743150298691385,0.4871984474526659,0.05091890564581268,0.5446333371833567,0.2392556607701524,0.0,0.4686128657670832,0.6063911751313965,0.0,0.5469238326416012,0.45595810457901076,0.2403644211760722,0.5494504088574782,0.0,0.0,0.5234371372614974,0.46008930749286164,0.0,0.6145963638293466,0.4538908728812932,0.01626563796463637,0.24009712380497733,0.558698887254235,0.5567734212650503,0.23872198377013287,0.48086943893778816,0.0,0.0,0.6232845307883242,0.4579250549747561,0.011576569929300139,0.6226877311726134,0.011930134166843982,0.5404953817902188,0.44273338707486465,0.239751160333204,0.0,0.0,0.5413470542283189,0.0,0.0,0.45627435884236767,0.2397910762483313,0.0,0.0,0.5421646657811569,0.0,0.0,0.6239549022329438,0.0,0.0,0.011606444992796762,0.4760771629769176,0.0,0.0,0.23908687430455514,0.5529578805485734,0.0,0.010124422774689371,0.0,0.5429471711742233,0.0,0.0,0.5095976794332061,0.0,0.0,0.0,0.0,0.5364674043288645,0.23996227794846087,0.0,0.49506683277682334,0.011606444992796762,0.0,0.5381124442846227,0.0,0.0,0.2412114734339732,0.5447372356239127,0.0,0.0,0.0,0.4503844169187069
0.0,0.0,0.1357020479243137,0.17227481821998486,0.6185212340749332,0.8408964152537145,0.006735348398642008,0.24362317856253715,0.5600519068294977,0.0,0.479632404781929,0.2417469640092119,0.5356825222672988,0.46199310922467574,0.012648685823215752,0.24078397573000446,0.539649135806475,0.5495657676350942,0.24046865337093343,0.47059880310390795,0.0,0.593014319096469,0.010124422774689371,0.4522239513802478,0.0,0.6107047171090776,0.5568473543444682,0.0,0.5210096064049522,0.0,0.0,0.5588400393351276,0.5137314838161775,0.0,0.4563869207409875,0.0,0.6108800264900711,0.0,0.4563930155874658,0.24026666325566734,0.5433240791974262,0.0,0.5743150298691385,0.4871984474526659,0.05091890564581268,0.5446333371833567,0.2392556607701524,0.0,0.4686128657670832,0.6063911751313965,0.0,0.5469238326416012,0.45595810457901076,0.2403644211760722,0.5494504088574782,0.0,0.0,0.5234371372614974,0.46008930749286164,0.0,0.6145963638293466,0.4538908728812932,0.01626563796463637,0.24009712380497733,0.558698887254235,0.5567734212650503,0.23872198377013287,0.48086943893778816,0.0,0.0,0.6232845307883242,0.4579250549747561,0.011576569929300139,0.6226877311726134,0.011930134166843982,0.5404953817902188,0.44273338707486465,0.239751160333204,0.0,0.0,0.5413470542283189,0.0,0.0,0.45627435884236767,0.2397910762483313,0.0,0.0,0.5421646657811569,0.0,0.0,0.6239549022329438,0.0,0.0,0.011606444992796762,0.4760771629769176,0.0,0.0,0.23908687430455514,0.5529578805485734,0.0,0.010124422774689371,0.0,0.5429471711742233,0.0,0.0,0.5095976794332061,0.0,0.0,0.0,0.0,0.5364674043288645,0.23996227794846087,0.0,0.49506683277682334,0.011606444992796762,0.0,0.5381124442846227,0.0,0.0,0.2412114734339732,0.5447372356239127,0.0,0.0,0.0,0.4503844169187069
0.1357020479243137,0.1357020479243137,0.19189540456707888,0.21927269370342514,0.6320742081874541,0.8485330163968711,0.13586906570973292,0.27879162584157996,0.5754048135324219,0.1357020479243137,0.49792507335717046,0.2771556529174487,0.5518583919617798,0.4810323713577455,0.13629015994768778,0.27631714032876403,0.5556875618734759,0.5652666594166844,0.27604275055263133,0.4892682866838543,0.1357020479243137,0.6073262261635769,0.1360791397260539,0.4716965882469574,0.1357020479243137,0.6244864762755197,0.5723056687668296,0.1357020479243137,0.5377067807651836,0.1357020479243137,0.1357020479243137,0.5742327133324096,0.5306952199745049,0.1357020479243137,0.4756730558804413,0.1357020479243137,0.6246566194799154,0.1357020479243137,0.4756788796902074,0.2758670264891932,0.55923642546261,0.1357020479243137,0.5892082134543775,0.5051839695035404,0.1449388809598587,0.5605010517588154,0.274988025754887,0.1357020479243137,0.48736672343899035,0.6203005718323278,0.1357020479243137,0.5627138215697438,0.4752633237475411,0.2759520679019981,0.5651551787617206,0.1357020479243137,0.1357020479243137,0.5400466127184514,0.4792118633490805,0.1357020479243137,0.6282638219505815,0.4732884998163914,0.136673228106443,0.27571956071578646,0.5740962006063667,0.5722341771386791,0.2745243898514551,0.49911137480509205,0.1357020479243137,0.1357020479243137,0.6366995982184902,0.47714297388245847,0.13619486000282224,0.6361200164099304,0.13622536324367324,0.5565046688753675,0.46264179688249124,0.27541871868574797,0.1357020479243137,0.1357020479243137,0.5573270798107209,0.1357020479243137,0.1357020479243137,0.47556550063754316,0.2754534233325981,0.1357020479243137,0.1357020479243137,0.558116660482138,0.1357020479243137,0.1357020479243137,0.6373506497134643,0.1357020479243137,0.1357020479243137,0.13619740220066323,0.49451678617332484,0.1357020479243137,0.1357020479243137,0.27484136413882343,0.5685452300902138,0.1357020479243137,0.1360791397260539,0.1357020479243137,0.558872393641127,0.1357020479243137,0.1357020479243137,0.5267153149415382,0.1357020479243137,0.1357020479243137,0.1357020479243137,0.1357020479243137,0.5526159641932631,0.2756022893812999,0.1357020479243137,0.5127406713413122,0.13619740220066323,0.1357020479243137,0.5542039477082596,0.1357020479243137,0.1357020479243137,0.2766892811301868,0.5606014147406809,0.1357020479243137,0.1357020479243137,0.1357020479243137,0.46994035223085157
0.17227481821998486,0.17227481821998486,0.21927269370342514,0.24357971735856399,0.640172530186793,0.8531009577782527,0.17240637429092748,0.2982488904347666,0.5845518629802077,0.17227481821998486,0.508751926692834,0.29672165046061066,0.5614800111682814,0.49227871347588426,0.17273833213703277,0.29593930969064125,0.5652301482362837,0.5746147709621309,0.29568336673047513,0.500307238070744,0.17227481821998486,0.6158684754709782,0.17257193172503008,0.483185034175044,0.17227481821998486,0.6327188802524729,0.5815136817109188,0.17227481821998486,0.5476273203316777,0.17227481821998486,0.17227481821998486,0.5834027686440463,0.5407680867260901,0.17227481821998486,0.4870574402750453,0.17227481821998486,0.6328859981825132,0.17227481821998486,0.4870631127153831,0.2955194733673705,0.5687064331610332,0.17227481821998486,0.5980887771022837,0.5158373783749656,0.17963882117401495,0.5699453486261483,0.2946998522511751,0.17227481821998486,0.4984530616346346,0.6286076835809542,0.17227481821998486,0.5721133205258833,0.4866583652285543,0.29559878766675146,0.5745055278273923,0.17227481821998486,0.17227481821998486,0.5499169589245086,0.49050481774266047,0.17227481821998486,0.6364292658887936,0.4847351159946475,0.17304064952193,0.2953819460755416,0.5832689393608496,0.581443601502452,0.2942676718826246,0.5099096141082697,0.17227481821998486,0.17227481821998486,0.6447169935222103,0.4884892478561062,0.1726631711220747,0.6441475197802375,0.1726872262122871,0.5660304879956887,0.47437263228395377,0.29510140850486344,0.17227481821998486,0.17227481821998486,0.566836057066609,0.17227481821998486,0.17227481821998486,0.4869526810917738,0.29513376886286424,0.17227481821998486,0.17227481821998486,0.5676095003080797,0.17227481821998486,0.17227481821998486,0.6453567013980158,0.17227481821998486,0.17227481821998486,0.17266517584114938,0.5054264466171827,0.17227481821998486,0.17227481821998486,0.2945631308057351,0.5778278007726286,0.17227481821998486,0.17257193172503008,0.17227481821998486,0.5683498171151486,0.17227481821998486,0.17227481821998486,0.5368759646983758,0.17227481821998486,0.17227481821998486,0.17227481821998486,0.17227481821998486,0.5622218869930122,0.2952725849711891,0.17227481821998486,0.5232175655282431,0.17266517584114938,0.17227481821998486,0.5637770654644664,0.17227481821998486,0.17227481821998486,0.2962864836972706,0.5700436745399895,0.17227481821998486,0.17227481821998486,0.17227481821998486,0.481475213345929
0.6185212340749332,0.6185212340749332,0.6320742081874541,0.640172530186793,0.8407918047992681,0.961161759064991,0.6185551151560215,0.6608564472782894,0.8081211742395411,0.6185212340749332,0.7647579432873775,0.6602351221634379,0.7947360355531569,0.7556147767901351,0.6186407119772219,0.6599177669750621,0.7969024574537455,0.8023401263216697,0.6598140803036829,0.760055748005421,0.6185212340749332,0.8264659106367456,0.6185977862542698,0.7506211523541787,0.6185212340749332,0.8363930092606776,0.8063512869514081,0.6185212340749332,0.7867686343054521,0.6185212340749332,0.6185212340749332,0.807451533612493,0.7828456195808082,0.6185212340749332,0.7527427454352827,0.6185212340749332,0.8364915937214616,0.6185212340749332,0.7527458585686058,0.6597477197197366,0.7989140581776975,0.6185212340749332,0.816030100496114,0.7687266456488815,0.6204536479712536,0.7996317372690922,0.6594162682681972,0.6185212340749332,0.759027505224427,0.8339684670324417,0.6185212340749332,0.8008885419857023,0.7525237651565397,0.6597798307156725,0.802276700799162,0.6185212340749332,0.6185212340749332,0.7880815189885796,0.7546375701683167,0.6185212340749332,0.8385822660094572,0.7514695240312722,0.6187187955082024,0.6596920560572631,0.8073735625692755,0.8063104858975206,0.6592417744587427,0.7654049600465624,0.6185212340749332,0.6185212340749332,0.8434752259584595,0.7535290375865809,0.6186213183205681,0.8431389137879758,0.6186275243795152,0.7973653014716007,0.7458208805617174,0.6595785697338696,0.6185212340749332,0.6185212340749332,0.7978313421577583,0.6185212340749332,0.6185212340749332,0.7526852545765557,0.6595916563974007,0.6185212340749332,0.6185212340749332,0.7982789588093676,0.6185212340749332,0.6185212340749332,0.8438530305415565,0.6185212340749332,0.6185212340749332,0.61862183549534,0.7629025454044389,0.6185212340749332,0.6185212340749332,0.6593610458834724,0.8042068617196717,0.6185212340749332,0.6185977862542698,0.6185212340749332,0.7987075511296857,0.6185212340749332,0.6185212340749332,0.7806265659907459,0.6185212340749332,0.6185212340749332,0.6185212340749332,0.6185212340749332,0.795164303812085,0.6596478064161926,0.6185212340749332,0.7728819894117215,0.61862183549534,0.6185212340749332,0.796062567257716,0.6185212340749332,0.6185212340749332,0.6600585201537318,0.7996887124056731,0.6185212340749332,0.6185212340749332,0.6185212340749332,0.7496867292742038
0.8408964152537145,0.8408964152537145,0.8485330163968711,0.8531009577782527,0.961161759064991,1.0,0.8409154882030359,0.8647708390674225,0.945099531874902,0.8408964152537145,0.9223934968669062,0.8644204202237404,0.9382307541970695,0.917461660798131,0.8409636743774965,0.86424142973933,0.9393520342305088,0.9421505356289529,0.8641829488236105,0.919862256129361,0.8408964152537145,0.9542568428893355,0.8409395095368815,0.9147514193413794,0.8408964152537145,0.9590671798285798,0.9441996619074934,0.8408964152537145,0.9340778169950927,0.8408964152537145,0.8408964152537145,0.9447593789610104,0.9320169791193949,0.8408964152537145,0.9159042604566839,0.8408964152537145,0.959114381216131,0.8408964152537145,0.915905950619946,0.86414552017239,0.9403899965127624,0.8408964152537145,0.9490868904565833,0.9245209683918322,0.8419844089804135,0.9407595538219253,0.8639585724233553,0.8408964152537145,0.9193072744354783,0.957902702078399,0.8408964152537145,0.9414057519328923,0.9157853621613374,0.8641636314173614,0.9421180283913917,0.8408964152537145,0.8408964152537145,0.9347652038788883,0.9169321790227006,0.8408964152537145,0.9601126126463594,0.9152126495084664,0.8410076315774305,0.8641141246499183,0.9447197475227032,0.9441788858556596,0.8638601513106983,0.92274090756873,0.8408964152537145,0.8408964152537145,0.9624276183760617,0.9163310112072373,0.8409527567857934,0.9622694768045577,0.8409562504614012,0.9395911308135879,0.9121358805514636,0.8640501154850856,0.8408964152537145,0.8408964152537145,0.9398317136366837,0.8408964152537145,0.8408964152537145,0.9158730470931605,0.8640574967223381,0.8408964152537145,0.8408964152537145,0.9400626286800203,0.8408964152537145,0.8408964152537145,0.9626050948004908,0.8408964152537145,0.8408964152537145,0.8409530479270905,0.9213960538540898,0.8408964152537145,0.8408964152537145,0.863927425040986,0.9431058216793263,0.8408964152537145,0.8409395095368815,0.8408964152537145,0.9402835847964487,0.8408964152537145,0.8408964152537145,0.9308468399896531,0.8408964152537145,0.8408964152537145,0.8408964152537145,0.8408964152537145,0.9384526922160071,0.8640891667932936,0.8408964152537145,0.9267392713395038,0.8409530479270905,0.8408964152537145,0.9389177481446314,0.8408964152537145,0.8408964152537145,0.8643208160211364,0.9407888750212515,0.8408964152537145,0.8408964152537145,0.8408964152537145,0.9142430437689272
0.006735348398642008,0.006735348398642008,0.13586906570973292,0.17240637429092748,0.6185551151560215,0.8409154882030359,0.009525221004493037,0.24371610126456486,0.5600903620326818,0.006735348398642008,0.47967842528741683,0.24184061265360693,0.5357230827679546,0.4620410721041844,0.014330183867354768,0.24087800131798912,0.5396893440545949,0.5496051119277602,0.24056280303499852,0.4706458028109744,0.006735348398642008,0.5930501239775118,0.012160133775765273,0.45227304599195584,0.006735348398642008,0.6107391774175689,0.5568860786897756,0.006735348398642008,0.5210515053756503,0.006735348398642008,0.006735348398642008,0.5588785960605643,0.5137740687081647,0.006735348398642008,0.45643552792529263,0.006735348398642008,0.6109144737123788,0.006735348398642008,0.456441622063839,0.24036089257005896,0.54336396454772,0.006735348398642008,0.5743523129435798,0.48724367148085457,0.051362434858024844,0.5446731082817429,0.23935029075079683,0.006735348398642008,0.46866008504715806,0.6064259588514318,0.006735348398642008,0.5469634048365601,0.4560067616128026,0.24045861192525497,0.5494897630677805,0.006735348398642008,0.006735348398642008,0.5234788107899142,0.4601374876431531,0.006735348398642008,0.614630534680129,0.45393977138129255,0.017604996280600804,0.24019142007584973,0.5587374558248832,0.5568121518459707,0.23881682660432343,0.48091532778243057,0.006735348398642008,0.006735348398642008,0.6233180630137121,0.45797348402146815,0.013393352388959796,0.6227213069412396,0.01370011014321228,0.5405355153921606,0.44278362292138934,0.23984559352665258,0.006735348398642008,0.006735348398642008,0.5413871128820462,0.006735348398642008,0.006735348398642008,0.45632297910398584,0.23988549362423928,0.006735348398642008,0.006735348398642008,0.5422046526497852,0.006735348398642008,0.006735348398642008,0.6239883856028354,0.006735348398642008,0.006735348398642008,0.013419183369200914,0.4761235650897806,0.006735348398642008,0.006735348398642008,0.2391815715028918,0.5529969345664539,0.006735348398642008,0.012160133775765273,0.006735348398642008,0.5429870894911761,0.006735348398642008,0.006735348398642008,0.5096406608174541,0.006735348398642008,0.006735348398642008,0.006735348398642008,0.006735348398642008,0.5365078948165231,0.240056627541059,0.006735348398642008,0.49511125007681656,0.013419183369200914,0.006735348398642008,0.538152788532836,0.006735348398642008,0.006735348398642008,0.24130533131855159,0.5447769976731064,0.006735348398642008,0.006735348398642008,0.006735348398642008,0.45043372942506044
0.24362317856253715,0.24362317856253715,0.27879162584157996,0.2982488904347666,0.6608564472782894,0.8647708390674225,0.24371610126456486,0.344231378907296,0.6078340977992189,0.24362317856253715,0.5360989530605854,0.3429130764368098,0.5859232164622296,0.5206207303336687,0.2439507318730932,0.34223841634012436,0.5894806785084774,0.598390046177372,0.3420177974858877,0.5281583825207153,0.24362317856253715,0.6376575816354126,0.24383309056244942,0.5120974842529775,0.24362317856253715,0.6537374009067899,0.604945589556209,0.24362317856253715,0.5727968045802503,0.24362317856253715,0.24362317856253715,0.6067415040122159,0.5663061594052332,0.24362317856253715,0.5157250509055364,0.24362317856253715,0.6538969767342188,0.24362317856253715,0.5157303668188624,0.3418765489793566,0.5927797859661728,0.24362317856253715,0.6207149455326377,0.5427705939919576,0.24887791759038397,0.5939558824868914,0.3411704675905299,0.24362317856253715,0.526416545835351,0.6498123420695014,0.24362317856253715,0.5960143327063896,0.51535107418859,0.34194490212008255,0.5982862802423895,0.24362317856253715,0.24362317856253715,0.5749647639091865,0.5189568788886779,0.24362317856253715,0.6572807717436393,0.5135492104047537,0.24416460763614484,0.34175803868899646,0.6066142636078138,0.6048789727161352,0.34079835403309705,0.5371884685529836,0.24362317856253715,0.24362317856253715,0.6651986298205512,0.5170670605814971,0.2438975877549656,0.6646544350986054,0.24391459514143107,0.5902401065577316,0.5038533510409285,0.34151633607967546,0.24362317856253715,0.24362317856253715,0.5910045696605049,0.24362317856253715,0.24362317856253715,0.5156268772051722,0.34154421384406486,0.24362317856253715,0.24362317856253715,0.5917386148090874,0.24362317856253715,0.24362317856253715,0.665809964193908,0.24362317856253715,0.24362317856253715,0.24389900508278817,0.5329705419817915,0.24362317856253715,0.24362317856253715,0.3410527336154762,0.6014425451532864,0.24362317856253715,0.24383309056244942,0.24362317856253715,0.5924412835280869,0.24362317856253715,0.24362317856253715,0.5626259764172045,0.24362317856253715,0.24362317856253715,0.24362317856253715,0.24362317856253715,0.5866268473478286,0.34166380966604526,0.24362317856253715,0.549728214202184,0.24389900508278817,0.24362317856253715,0.5881020605484478,0.24362317856253715,0.24362317856253715,0.34253775094102284,0.594049230048926,0.24362317856253715,0.24362317856253715,0.24362317856253715,0.5104967020010264
0.5600519068294977,0.5600519068294977,0.5754048135324219,0.5845518629802077,0.8081211742395411,0.945099531874902,0.5600903620326818,0.6078340977992189,0.7717897212849025,0.5600519068294977,0.7236599980549911,0.6071362612466843,0.7569291261835833,0.7135104263311379,0.5601875131424912,0.6067797916681,0.7593338249761243,0.7653703750405834,0.6066633204190659,0.7184406125334027,0.5600519068294977,0.7921760526182908,0.5601387933992692,0.7079656202730615,0.5600519068294977,0.803222285695239,0.7698242161388774,0.5600519068294977,0.7480865481863372,0.5600519068294977,0.5600519068294977,0.7710460459307215,0.7437330318471345,0.5600519068294977,0.7103215430124808,0.5600519068294977,0.8033320477174081,0.5600519068294977,0.7103249998173982,0.6065887762537153,0.7615668287200738,0.5600519068294977,0.7805753652217791,0.7280647161470172,0.5622445902010081,0.7623635373004619,0.6062164348558744,0.5600519068294977,0.7172991707979403,0.8005232641101923,0.5600519068294977,0.7637587927368807,0.7100783873526408,0.6066248473030108,0.7652999564605235,0.5600519068294977,0.5600519068294977,0.7495435515278903,0.7124254556708792,0.5600519068294977,0.8056600841790812,0.7089077232511554,0.5602761346230646,0.6065262473615685,0.7709594562824783,0.7697789077263197,0.6060204040687076,0.7243781258291815,0.5600519068294977,0.5600519068294977,0.8111111020719639,0.7111946215882878,0.5601655018494947,0.8107363131520209,0.5601725455778755,0.7598475971877571,0.702634216074646,0.6063987620614749,0.5600519068294977,0.5600519068294977,0.7603649260020001,0.5600519068294977,0.5600519068294977,0.7102577054121708,0.6064134631688795,0.5600519068294977,0.5600519068294977,0.7608618111517816,0.5600519068294977,0.5600519068294977,0.8115321522429355,0.5600519068294977,0.5600519068294977,0.5601660888309805,0.7216006128902034,0.5600519068294977,0.5600519068294977,0.6061543973939846,0.7674430203594297,0.5600519068294977,0.5601387933992692,0.5600519068294977,0.7613375854756383,0.5600519068294977,0.5600519068294977,0.7412705214592846,0.5600519068294977,0.5600519068294977,0.5600519068294977,0.5600519068294977,0.7574044854650921,0.6064765397136953,0.5600519068294977,0.7326762305989589,0.5601660888309805,0.5600519068294977,0.7584015390032389,0.5600519068294977,0.5600519068294977,0.6069378957254711,0.7624267873689469,0.5600519068294977,0.5600519068294977,0.5600519068294977,0.7069279126624108
0.0,0.0,0.1357020479243137,0.17227481821998486,0.6185212340749332,0.8408964152537145,0.006735348398642008,0.24362317856253715,0.5600519068294977,0.0,0.479632404781929,0.2417469640092119,0.5356825222672988,0.46199310922467574,0.012648685823215752,0.24078397573000446,0.539649135806475,0.5495657676350942,0.24046865337093343,0.47059880310390795,0.0,0.593014319096469,0.010124422774689371,0.4522239513802478,0.0,0.6107047171090776,0.5568473543444682,0.0,0.5210096064049522,0.0,0.0,0.5588400393351276,0.5137314838161775,0.0,0.4563869207409875,0.0,0.6108800264900711,0.0,0.4563930155874658,0.24026666325566734,0.5433240791974262,0.0,0.5743150298691385,0.4871984474526659,0.05091890564581268,0.5446333371833567,0.2392556607701524,0.0,0.4686128657670832,0.6063911751313965,0.0,0.5469238326416012,0.45595810457901076,0.2403644211760722,0.5494504088574782,0.0,0.0,0.5234371372614974,0.46008930749286164,0.0,0.6145963638293466,0.4538908728812932,0.01626563796463637,0.24009712380497733,0.558698887254235,0.5567734212650503,0.23872198377013287,0.48086943893778816,0.0,0.0,0.6232845307883242,0.4579250549747561,0.011576569929300139,0.6226877311726134,0.011930134166843982,0.5404953817902188,0.44273338707486465,0.239751160333204,0.0,0.0,0.5413470542283189,0.0,0.0,0.45627435884236767,0.2397910762483313,0.0,0.0,0.5421646657811569,0.0,0.0,0.6239549022329438,0.0,0.0,0.011606444992796762,0.4760771629769176,0.0,0.0,0.23908687430455514,0.5529578805485734,0.0,0.010124422774689371,0.0,0.5429471711742233,0.0,0.0,0.5095976794332061,0.0,0.0,0.0,0.0,0.5364674043288645,0.23996227794846087,0.0,0.49506683277682334,0.011606444992796762,0.0,0.5381124442846227,0.0,0.0,0.2412114734339732,0.5447372356239127,0.0,0.0,0.0,0.4503844169187069
0.479632404781929,0.479632404781929,0.49792507335717046,0.508751926692834,0.7647579432873775,0.9223934968669062,0.47967842528741683,0.5360989530605854,0.7236599980549911,0.479632404781929,0.6691446075733226,0.5352833019410569,0.7068463732536304,0.6576163889015172,0.47979468424302796,0.5348665603414693,0.7095678252823021,0.716398174599343,0.5347303828711883,0.6632181745822411,0.479632404781929,0.7467176262509188,0.47973638306245464,0.6513115769953969,0.479632404781929,0.7592140513246731,0.7214366851395629,0.479632404781929,0.696835731781171,0.479632404781929,0.479632404781929,0.7228187907626366,0.6919048910524235,0.479632404781929,0.6539910466645283,0.479632404781929,0.7593382497885256,0.479632404781929,0.6539949775108064,0.534643222868652,0.7120946763909025,0.479632404781929,0.7335970171022991,0.6741430922690392,0.48225477385052734,0.7129961636524978,0.5342078264529315,0.479632404781929,0.6619215763207509,0.7561602334379679,0.479632404781929,0.7145748413802124,0.653714541337678,0.5346853989075381,0.7163185058387362,0.479632404781929,0.479632404781929,0.6984855952753473,0.6563831067580905,0.479632404781929,0.7619726384437494,0.6523831761965679,0.47990073005561834,0.5345701095403754,0.7227208440036691,0.7213854324368074,0.5339785715127011,0.6699597171285007,0.479632404781929,0.479632404781929,0.7681423020226241,0.6549837893620855,0.4797683443235023,0.7677180355982071,0.4797767732726458,0.7101492299744214,0.6452443833981868,0.5344210386265092,0.479632404781929,0.479632404781929,0.7107346448842253,0.479632404781929,0.479632404781929,0.6539184544735122,0.5344382293018698,0.479632404781929,0.479632404781929,0.7112969120500033,0.479632404781929,0.479632404781929,0.7686189495004594,0.479632404781929,0.479632404781929,0.47976904674221843,0.6668067110552466,0.479632404781929,0.479632404781929,0.5341352766181163,0.7187429930745645,0.479632404781929,0.47973638306245464,0.479632404781929,0.7118352784434759,0.479632404781929,0.479632404781929,0.6891150689400278,0.479632404781929,0.479632404781929,0.479632404781929,0.479632404781929,0.7073843752339942,0.5345119864011209,0.479632404781929,0.6793736107010125,0.47976904674221843,0.479632404781929,0.7085127762309696,0.479632404781929,0.479632404781929,0.5350514042152661,0.7130677306750929,0.479632404781929,0.479632404781929,0.479632404781929,0.6501310532968356
0.2417469640092119,0.2417469640092119,0.2771556529174487,0.29672165046061066,0.6602351221634379,0.8644204202237404,0.24184061265360693,0.3429130764368098,0.6071362612466843,0.2417469640092119,0.5352833019410569,0.3415895430221778,0.5851914844768471,0.5197766237009838,0.2420770738086832,0.3409121908794657,0.5887545587345435,0.5976777919757043,0.3406906894826631,0.5273282944721531,0.2417469640092119,0.6370036068264396,0.24195851512218935,0.5112371359870893,0.2417469640092119,0.6531061749645762,0.60424337268245,0.2417469640092119,0.5720439655950982,0.2417469640092119,0.2417469640092119,0.6060420135584556,0.5655426380172436,0.2417469640092119,0.5148716673060144,0.2417469640092119,0.6532659738106131,0.2417469640092119,0.5148769933682187,0.34054887536189216,0.5920588316367734,0.2417469640092119,0.6200363451408845,0.5419668235051103,0.2470419027267931,0.5932367606479171,0.3398399597687873,0.2417469640092119,0.5255832461137552,0.649175614279791,0.2417469640092119,0.5952984070466759,0.5144969761936626,0.34061750227163534,0.5975738660632761,0.2417469640092119,0.2417469640092119,0.5742154558090179,0.5181096348939621,0.2417469640092119,0.6566544860247029,0.5126916587672244,0.24229261512410977,0.34042989016184755,0.6059145803107673,0.6041766545199524,0.3394663479884599,0.5363747728245278,0.2417469640092119,0.2417469640092119,0.6645832966856087,0.5162162338203289,0.24202351537841416,0.6640383528790382,0.24204065537432037,0.5895151791328422,0.5029768760357272,0.3401872179845763,0.2417469640092119,0.2417469640092119,0.590280840484692,0.2417469640092119,0.2417469640092119,0.5147733061473977,0.34021520764565855,0.2417469640092119,0.2417469640092119,0.5910160343213797,0.2417469640092119,0.2417469640092119,0.66519547193186,0.2417469640092119,0.2417469640092119,0.2420249437580862,0.532149242406059,0.2417469640092119,0.2417469640092119,0.3397217521085264,0.6007349815678358,0.2417469640092119,0.24195851512218935,0.2417469640092119,0.591719800910018,0.2417469640092119,0.2417469640092119,0.5618563217467312,0.2417469640092119,0.2417469640092119,0.2417469640092119,0.2417469640092119,0.585896228935442,0.34033528330527474,0.2417469640092119,0.5489366032060243,0.2420249437580862,0.2417469640092119,0.5873737711479546,0.2417469640092119,0.2417469640092119,0.34121272115574797,0.5933302534570821,0.2417469640092119,0.2417469640092119,0.2417469640092119,0.5096332552124452
0.5356825222672988,0.5356825222672988,0.5518583919617798,0.5614800111682814,0.7947360355531569,0.9382307541970695,0.5357230827679546,0.5859232164622296,0.7569291261835833,0.5356825222672988,0.7068463732536304,0.5851914844768471,0.7414681454972655,0.6962791242515678,0.5358255515636797,0.5848176801279024,0.7439700427664037,0.7502504777269114,0.5846955420144913,0.7014125927370621,0.5356825222672988,0.7781406565652856,0.5357741652681423,0.6905047113155242,0.5356825222672988,0.7896366953858965,0.7548842217538027,0.5356825222672988,0.7322677412794714,0.5356825222672988,0.5356825222672988,0.7561554079486861,0.7277377241564996,0.5356825222672988,0.692958324597831,0.5356825222672988,0.7897509413178115,0.5356825222672988,0.6929619245950596,0.5846173701595554,0.7462932776123673,0.5356825222672988,0.7660698947561831,0.7114314357321859,0.5379948834552076,0.74712217458447,0.5842268997491433,0.5356825222672988,0.7002241559304351,0.78682751298401,0.5356825222672988,0.7485737959131991,0.6927050955546459,0.5846551966806165,0.7501772146945027,0.5356825222672988,0.5356825222672988,0.7337837593858628,0.695149310459687,0.5356825222672988,0.7921741578026142,0.6914859037311596,0.535919022574197,0.5845517978360046,0.7560653203609945,0.7548370831420416,0.5840213183190609,0.7075939387094483,0.5356825222672988,0.5356825222672988,0.7978486583859731,0.6938675555138596,0.5358023355836329,0.7974584738307935,0.535809764826316,0.7445045775192424,0.6849514628863925,0.5844181062056949,0.5356825222672988,0.5356825222672988,0.745042811290486,0.5356825222672988,0.5356825222672988,0.6928918425560344,0.5844335230928922,0.5356825222672988,0.5356825222672988,0.745559774123301,0.5356825222672988,0.5356825222672988,0.7982870100723457,0.5356825222672988,0.5356825222672988,0.5358029546918299,0.7047024897506773,0.5356825222672988,0.5356825222672988,0.5841618402672325,0.7524068425307192,0.5356825222672988,0.5357741652681423,0.5356825222672988,0.7460547721153135,0.5356825222672988,0.5356825222672988,0.7251752543661065,0.5356825222672988,0.5356825222672988,0.5356825222672988,0.5356825222672988,0.7419627217508618,0.5844996704948373,0.5356825222672988,0.7162312462286168,0.5358029546918299,0.5356825222672988,0.7430000776853537,0.5356825222672988,0.5356825222672988,0.5849834743280871,0.7471879799704786,0.5356825222672988,0.5356825222672988,0.5356825222672988,0.6894239093474708
0.46199310922467574,0.46199310922467574,0.4810323713577455,0.49227871347588426,0.7556147767901351,0.917461660798131,0.4620410721041844,0.5206207303336687,0.7135104263311379,0.46199310922467574,0.6576163889015172,0.5197766237009838,0.6962791242515678,0.6457852951614158,0.4621622364610747,0.5193453161301353,0.6990685433286068,0.7060688336870952,0.5192043749833576,0.6515348736638407,0.46199310922467574,0.737134218067359,0.46210147560481835,0.6393126529473486,0.46199310922467574,0.7499356967373197,0.7112321658013396,0.46199310922467574,0.6860170642135884,0.46199310922467574,0.46199310922467574,0.712648438225206,0.680961493030766,0.46199310922467574,0.6420636471628328,0.46199310922467574,0.7500629242209559,0.46199310922467574,0.6420676827190558,0.5191141649686866,0.7016583671200055,0.46199310922467574,0.7236921711886223,0.6627447117470596,0.46472562371488463,0.7025822905518809,0.5186635205043554,0.46199310922467574,0.6502041738947957,0.7468073890319681,0.46199310922467574,0.7042002212963678,0.6417797746905811,0.5191578169853023,0.7059871877480889,0.46199310922467574,0.46199310922467574,0.6877085257320965,0.6445193107116467,0.46199310922467574,0.7527615557832136,0.640412892772624,0.46227275486301245,0.5190384925439016,0.7125480711251566,0.711179645508371,0.518426228684738,0.6584527299186818,0.46199310922467574,0.46199310922467574,0.7590816611855286,0.6430828144832065,0.4621347853506311,0.758647048650013,0.46214356990029454,0.6996644486736647,0.6330823749225558,0.5188842021201022,0.46199310922467574,0.46199310922467574,0.7002644574164121,0.46199310922467574,0.46199310922467574,0.64198912114591,0.5189019948236865,0.46199310922467574,0.46199310922467574,0.7008407349711601,0.46199310922467574,0.46199310922467574,0.7595699324535379,0.46199310922467574,0.46199310922467574,0.46213551740342224,0.6552174662408757,0.46199310922467574,0.46199310922467574,0.5185884279321653,0.7084717948969775,0.46199310922467574,0.46210147560481835,0.46199310922467574,0.7013925103915423,0.46199310922467574,0.46199310922467574,0.6781008158186671,0.46199310922467574,0.46199310922467574,0.46199310922467574,0.46199310922467574,0.6968305748177994,0.5189783345855135,0.46199310922467574,0.6681102081409327,0.46213551740342224,0.46199310922467574,0.6979871630793406,0.46199310922467574,0.46199310922467574,0.519536622948143,0.7026556380659881,0.46199310922467574,0.46199310922467574,0.46199310922467574,0.6381005214038913
0.012648685823215752,0.012648685823215752,0.13629015994768778,0.17273833213703277,0.6186407119772219,0.8409636743774965,0.014330183867354768,0.2439507318730932,0.5601875131424912,0.012648685823215752,0.47979468424302796,0.2420770738086832,0.5358255515636797,0.4621622364610747,0.0178879429210075,0.24111541295646655,0.53979092312478,0.5497045087787514,0.24080052753450312,0.470764534734551,0.012648685823215752,0.5931405804524166,0.016201641488367988,0.4523970684007987,0.012648685823215752,0.6108262374241762,0.5569839096266054,0.012648685823215752,0.5211573548458766,0.012648685823215752,0.012648685823215752,0.5589760036061822,0.5138816506262307,0.012648685823215752,0.4565583194047461,0.012648685823215752,0.6110015006621515,0.012648685823215752,0.4565644117554996,0.2405988179090139,0.5434647280316658,0.012648685823215752,0.5744465033301639,0.4873579188981693,0.05246640481523987,0.5447735831831465,0.2395892263648087,0.012648685823215752,0.46877937149366555,0.6065138358213612,0.012648685823215752,0.5470633773373489,0.4561296789807703,0.24069644002156607,0.5495891849694067,0.012648685823215752,0.012648685823215752,0.5235840908499177,0.4602592006967727,0.012648685823215752,0.6147168634898139,0.45406329853926614,0.020604859191926284,0.24042951424599468,0.5588348932903768,0.556909998533317,0.23905629891868227,0.48103125422523363,0.012648685823215752,0.012648685823215752,0.6234027785844662,0.4580958256359861,0.017146609606578225,0.6228061325075944,0.017387275543506824,0.5406369059189584,0.44291052730306985,0.2400840329463902,0.012648685823215752,0.012648685823215752,0.5414883141022913,0.012648685823215752,0.012648685823215752,0.45644580360853876,0.2401238931602269,0.012648685823215752,0.012648685823215752,0.5423056725527179,0.012648685823215752,0.012648685823215752,0.6240729777584786,0.012648685823215752,0.012648685823215752,0.01716679396635929,0.4762407877990393,0.012648685823215752,0.012648685823215752,0.23942067660374045,0.5530955982197269,0.012648685823215752,0.016201641488367988,0.012648685823215752,0.5430879362436553,0.012648685823215752,0.012648685823215752,0.5097492441544498,0.012648685823215752,0.012648685823215752,0.012648685823215752,0.012648685823215752,0.5366101867726962,0.2402948561619139,0.012648685823215752,0.49522346003131396,0.01716679396635929,0.012648685823215752,0.5382547111151283,0.012648685823215752,0.012648685823215752,0.2415423200858705,0.544877449717631,0.012648685823215752,0.012648685823215752,0.012648685823215752,0.45055830209165765
0.24078397573000446,0.24078397573000446,0.27631714032876403,0.29593930969064125,0.6599177669750621,0.86424142973933,0.24087800131798912,0.34223841634012436,0.6067797916681,0.24078397573000446,0.5348665603414693,0.3409121908794657,0.5848176801279024,0.5193453161301353,0.24111541295646655,0.34023345323266524,0.5883836248758852,0.5973139494607792,0.34001149761052024,0.5269041632561027,0.24078397573000446,0.6366695628056093,0.2409963779406397,0.510797512952992,0.24078397573000446,0.6527837593537046,0.6038846631642025,0.24078397573000446,0.5716593645126585,0.24078397573000446,0.24078397573000446,0.6056846982421513,0.5651525719634437,0.24078397573000446,0.5144356102173924,0.24078397573000446,0.6529436721904924,0.24078397573000446,0.5144409414757161,0.3398693923776616,0.5916905396536605,0.24078397573000446,0.6196897114267987,0.541556162397351,0.24609978031945728,0.5928694058709678,0.3391590180343289,0.24078397573000446,0.5251574708631898,0.6488503864769546,0.24078397573000446,0.5949326868886498,0.5140605533409128,0.33993816019196366,0.5972099417343425,0.24078397573000446,0.24078397573000446,0.5738326609796168,0.5176767211345148,0.24078397573000446,0.6563345954559388,0.5122534676476731,0.24133181905612994,0.33975016274792735,0.605557166381612,0.6038178931882096,0.33878463510407003,0.5359590320328438,0.24078397573000446,0.24078397573000446,0.66426900391295,0.5157814857915818,0.24106163940380052,0.6637236772660684,0.24107884825440334,0.589144855112145,0.5025289951823594,0.3395069915421248,0.24078397573000446,0.24078397573000446,0.5899111293141448,0.24078397573000446,0.24078397573000446,0.5143371530820302,0.33953503879583147,0.24078397573000446,0.24078397573000446,0.590646910647682,0.24078397573000446,0.24078397573000446,0.664881608908337,0.24078397573000446,0.24078397573000446,0.24106307352192183,0.5317296097224014,0.24078397573000446,0.24078397573000446,0.3390405665653474,0.6003735378370123,0.24078397573000446,0.2409963779406397,0.24078397573000446,0.5913512387373858,0.24078397573000446,0.24078397573000446,0.5614631177830367,0.24078397573000446,0.24078397573000446,0.24078397573000446,0.24078397573000446,0.5855229941577295,0.3396553614243137,0.24078397573000446,0.548532164691637,0.24106307352192183,0.24078397573000446,0.5870017275998248,0.24078397573000446,0.24078397573000446,0.3405345988883515,0.5929629729645671,0.24078397573000446,0.24078397573000446,0.24078397573000446,0.5091920456482006
0.539649135806475,0.539649135806475,0.5556875618734759,0.5652301482362837,0.7969024574537455,0.9393520342305088,0.5396893440545949,0.5894806785084774,0.7593338249761243,0.539649135806475,0.7095678252823021,0.5887545587345435,0.7439700427664037,0.6990685433286068,0.53979092312478,0.5883836248758852,0.7464561941632765,0.7526971377645811,0.5882624251907764,0.7041689218738945,0.539649135806475,0.7804119927901267,0.5397399829792269,0.6933315299681599,0.539649135806475,0.7918354429910778,0.7573017663640969,0.539649135806475,0.7348276399816446,0.539649135806475,0.539649135806475,0.7585649670106485,0.7303262530121204,0.539649135806475,0.6957692276874669,0.539649135806475,0.7919489656776263,0.539649135806475,0.6957728043595742,0.5881848540897403,0.7487648153642701,0.539649135806475,0.7684171691360091,0.71412356689501,0.5419414781446039,0.7495884999874035,0.5877973860190961,0.539649135806475,0.7029881330480107,0.7890440314901386,0.539649135806475,0.7510309948714189,0.695517639560372,0.5882223898994554,0.7526243351826764,0.539649135806475,0.539649135806475,0.7363340883597371,0.6979460317604539,0.539649135806475,0.7943568314525454,0.6943063534305933,0.5398835827576398,0.588119785772398,0.7584754453350454,0.7572549238855059,0.5875933863568713,0.7103106036289871,0.539649135806475,0.539649135806475,0.7999953006610819,0.6966725699406954,0.5397679087043764,0.7996075977557467,0.5397752734454374,0.7469873659572259,0.6878144418830632,0.5879871219581821,0.539649135806475,0.539649135806475,0.747522213883692,0.539649135806475,0.539649135806475,0.6957031764102926,0.5880024203054086,0.539649135806475,0.539649135806475,0.748035925031249,0.539649135806475,0.539649135806475,0.8004308635794064,0.539649135806475,0.539649135806475,0.539768522437347,0.7074376850650124,0.539649135806475,0.539649135806475,0.5877328270344484,0.7548399518092528,0.539649135806475,0.5397399829792269,0.539649135806475,0.7485278098069875,0.539649135806475,0.539649135806475,0.7277800037297374,0.539649135806475,0.539649135806475,0.539649135806475,0.539649135806475,0.7444615056113033,0.5880680591479953,0.539649135806475,0.7188927800217934,0.539768522437347,0.539649135806475,0.7454923325184106,0.539649135806475,0.539649135806475,0.5885481456289972,0.7496538916026164,0.539649135806475,0.539649135806475,0.539649135806475,0.6922577503773377
