0.0,0.11295292098880524,0.14871803027162,0.3856897500436596,0.8408964152537145,0.005729293826311926,0.019302828270733395,0.20664505914713246,0.4701915647161281,0.4052550717961965,0.20548980396151592,0.45078362266506106,0.0,0.44370210256975745,0.0,0.4540462883657273,0.008612144396386788,0.5089812732994239,0.3974786144618976,0.0,0.447040419223568,0.20575617237282304,0.3828149675660911,0.008612144396386788,0.5092725860542772,0.0,0.4674031763174775,0.20318390969838462,0.3867881102481027,0.4691793162210042,0.0,0.20418172126241219,0.37984410138160535,0.3858544065719164,0.0,0.5093189793824378,0.0,0.38616910209937777,0.20445653409943088,0.45686990146360545,0.0,0.4543135806679446,0.44077460310314287,0.04119003557996026,0.4582327998152496,0.2035168457581229,0.0,0.39596235813029984,0.5060442832461635,0.0,0.4595673918137875,0.38570117714211843,0.20466716080098576,0.0,0.4614231589458004,0.0,0.44099924529853973,0.3893130478394975,0.00864119050500936,0.2038245943427046,0.4655029873485616,0.38420376034042586,0.0,0.5149286703044716,0.0,0.4674650568154812,0.2031140420005255,0.40634016706831727,0.47238228004615374,0.20392933358912813,0.0,0.38736977280060564,0.47181670161694883,0.20435083284679328,0.45453771250531705,0.0,0.374561634906852,0.204019243645328,0.0,0.45490676784328715,0.0,0.0,0.38628525200050834,0.20379686033141603,0.0,0.0,0.4557775626873268,0.0,0.0,0.0,0.518949104724165,0.0,0.0,0.4024918707752568,0.0,0.0,0.0,0.20319874579421102,0.46450734476054045,0.009872797968052559,0.0,0.4567329831334003,0.0,0.0,0.42973627586333907,0.0,0.0,0.0,0.0,0.45130368805953275,0.0,0.20403832909067535,0.0,0.4176897141131955,0.0,0.0,0.45286513220985963,0.0,0.2049076147227844,0.0,0.4583227957207236,0.0,0.0,0.0,0.4344471888607665
0.11295292098880524,0.15973305194143197,0.18673642897514015,0.4016975063858674,0.846209639183091,0.11309811885763642,0.11459027152125091,0.23546853219607436,0.48322332161049963,0.4204800029729807,0.23445597806632643,0.46441523188601874,0.11295292098880524,0.4575633336983225,0.11295292098880524,0.4675741104935531,0.11328073675401196,0.5209257645222047,0.413006680290037,0.11295292098880524,0.4607926486194998,0.23468932768339856,0.3989435931603461,0.11328073675401196,0.5212094038248002,0.11295292098880524,0.48051860247761846,0.23243886601424635,0.4027501003979256,0.48224135355216974,0.11295292098880524,0.2333110630758318,0.39609931281009464,0.40185528757512906,0.11295292098880524,0.5212545757272518,0.11295292098880524,0.4021568570118308,0.23355145511723607,0.4703088938029743,0.11295292098880524,0.4678329548101074,0.45473255676517255,0.12022822022515098,0.47162923921830846,0.23272977734360797,0.11295292098880524,0.41155072862078834,0.518066514491177,0.11295292098880524,0.4729223634798242,0.4017084561732119,0.23373575144161987,0.11295292098880524,0.474720796959581,0.11295292098880524,0.4549497388460783,0.40517068330405653,0.1132829484978797,0.23299877984435544,0.4786758980030725,0.4002737975551984,0.11295292098880524,0.5267178121579832,0.11295292098880524,0.4805786173692218,0.2323778315617979,0.42152359786406457,0.48534886423211865,0.2330903539488294,0.11295292098880524,0.40330761802538584,0.4848000645562208,0.23345898420893668,0.4680500091150268,0.11295292098880524,0.39104625790826403,0.23316897158839828,0.11295292098880524,0.46840742315368766,0.11295292098880524,0.11295292098880524,0.4022681669599949,0.23297453368877233,0.11295292098880524,0.11295292098880524,0.4692508118133182,0.11295292098880524,0.11295292098880524,0.11295292098880524,0.5306347581400388,0.11295292098880524,0.11295292098880524,0.4178233542612009,0.11295292098880524,0.11295292098880524,0.11295292098880524,0.232451827045366,0.4777105286422321,0.11338353718854238,0.11295292098880524,0.47017626195365253,0.11295292098880524,0.11295292098880524,0.44406886197771606,0.11295292098880524,0.11295292098880524,0.11295292098880524,0.11295292098880524,0.4649186704270967,0.11295292098880524,0.23318566100520483,0.11295292098880524,0.4324502170401164,0.11295292098880524,0.11295292098880524,0.4664303844598853,0.11295292098880524,0.23394620023895765,0.11295292098880524,0.47171643257323953,0.11295292098880524,0.11295292098880524,0.11295292098880524,0.4486179271843021
0.14871803027162,0.18673642897514015,0.210293330531927,0.413026839807331,0.8500429002461094,0.14882832154658263,0.14996519272734402,0.2545360748001595,0.49254015996180855,0.43128672926965034,0.2536001901996392,0.47414319669642097,0.14871803027162,0.46744797012822076,0.14871803027162,0.4772311316069124,0.14896712172769694,0.5294908488446689,0.42401637191940494,0.14871803027162,0.4706029622817001,0.2538158192132141,0.4103531668881695,0.14896712172769694,0.5297691535329737,0.14871803027162,0.48989294408096645,0.25173756102820566,0.4140490196566996,0.4915790085483408,0.14871803027162,0.2525426717447859,0.4075927907255304,0.4131800530671731,0.14871803027162,0.5298134762587517,0.14871803027162,0.41347290052333346,0.2527646510961803,0.47990513173325405,0.14871803027162,0.47748419777346107,0.4646830682206888,0.15431534179574338,0.48119633895138064,0.2520060473755381,0.14871803027162,0.4226007083368397,0.5266856215102175,0.14871803027162,0.4824610552602583,0.41303747248507194,0.2529348538989427,0.14871803027162,0.4842201908243299,0.14871803027162,0.46489517194962227,0.41640018802186274,0.14896880336007237,0.25225435752659753,0.48808971744577834,0.41164449201764475,0.14871803027162,0.5351748197421967,0.14871803027162,0.4899516773531979,0.251681237692494,0.43230247949700507,0.49462087636996405,0.2523388970959408,0.14871803027162,0.41459048462692294,0.4940836201575465,0.25267925899908444,0.47769641086633696,0.14871803027162,0.4026914513942092,0.2524114793633758,0.14871803027162,0.47804586115196906,0.14871803027162,0.14871803027162,0.4135809940738814,0.25223197472465647,0.14871803027162,0.14871803027162,0.478870497414565,0.14871803027162,0.14871803027162,0.14871803027162,0.5390196790166664,0.14871803027162,0.14871803027162,0.42870150813315416,0.14871803027162,0.14871803027162,0.14871803027162,0.2517495219052246,0.48714512874341026,0.14904529754214393,0.14871803027162,0.47977543431764824,0.14871803027162,0.14871803027162,0.4542738514487689,0.14871803027162,0.14871803027162,0.14871803027162,0.14871803027162,0.4746352753470522,0.14871803027162,0.25242688801595453,0.14871803027162,0.4429445494905308,0.14871803027162,0.14871803027162,0.4761130001905855,0.14871803027162,0.2531292331185671,0.14871803027162,0.48128161278590864,0.14871803027162,0.14871803027162,0.14871803027162,0.45871310976027424
0.3856897500436596,0.4016975063858674,0.413026839807331,0.5424048198633973,0.8968980931355497,0.3857318275724941,0.3861670966634157,0.4368614925782445,0.6030721634177594,0.5560046239562162,0.43632573891560766,0.5887256620156991,0.3856897500436596,0.583546436294534,0.3856897500436596,0.5911221409290924,0.3857848191606024,0.6323430337193257,0.550563130165564,0.3856897500436596,0.5859841454300393,0.436449063457737,0.5404325568405896,0.3857848191606024,0.6325655694609104,0.3856897500436596,0.6009978012473837,0.4352632942115053,0.5431601657884343,0.6023186280330902,0.3856897500436596,0.43572190240094155,0.5384016508367199,0.5425179912732057,0.3856897500436596,0.6326010130957095,0.3856897500436596,0.542734349493978,0.43584851476568304,0.5932012367083321,0.3856897500436596,0.5913187529500697,0.5814144496804013,0.38785836509244337,0.594206446897778,0.4354161233380663,0.3856897500436596,0.5495076049534434,0.6301015571669861,0.3856897500436596,0.5951918263544358,0.5424126731912536,0.435945644036343,0.3856897500436596,0.5965637170975627,0.3856897500436596,0.5815778563021491,0.5449003278616676,0.3857854614362137,0.4355575624841023,0.5995866630827915,0.5413844882410217,0.3856897500436596,0.6368936491371092,0.3856897500436596,0.601043789366913,0.4352312470915066,0.5567675731002673,0.6047048839747401,0.43560573756904525,0.3856897500436596,0.5435605792467431,0.6042831138616831,0.435799800311635,0.5914836501271622,0.3856897500436596,0.534809098432655,0.43564710716971033,0.3856897500436596,0.5917552345525582,0.3856897500436596,0.3856897500436596,0.5428142250593224,0.43554480935463447,0.3856897500436596,0.3856897500436596,0.5923963634475998,0.3856897500436596,0.3856897500436596,0.3856897500436596,0.6399784674835328,0.3856897500436596,0.3856897500436596,0.5540657910020301,0.3856897500436596,0.3856897500436596,0.3856897500436596,0.43527010037247293,0.5988480748330512,0.38581468379431055,0.3856897500436596,0.5931003121354208,0.3856897500436596,0.3856897500436596,0.5734252602011466,0.3856897500436596,0.3856897500436596,0.3856897500436596,0.3856897500436596,0.5891072302332702,0.3856897500436596,0.4356558906152429,0.3856897500436596,0.5647997373079561,0.3856897500436596,0.3856897500436596,0.5902538275845459,0.3856897500436596,0.4360566221630635,0.3856897500436596,0.5942728617730375,0.3856897500436596,0.3856897500436596,0.3856897500436596,0.5768251304797642
0.8408964152537145,0.846209639183091,0.8500429002461094,0.8968980931355497,1.0,0.8409102160455416,0.841053030140816,0.858287126900914,0.9197484046654958,0.9020171118787518,0.8580993142360904,0.9143533129906882,0.8408964152537145,0.9124020006511674,0.8408964152537145,0.9152556789106413,0.8409275977554249,0.9306723969869601,0.8999674315229576,0.8408964152537145,0.9133205996774266,0.8581425369383674,0.8961569103760428,0.8409275977554249,0.9307548370059376,0.8408964152537145,0.918969503186023,0.8577271901179414,0.8971820475720714,0.9194655139765776,0.8408964152537145,0.8578877658585554,0.8953940760566168,0.8969406340463103,0.8408964152537145,0.93076796633441,0.8408964152537145,0.8970219658355951,0.8579321117438703,0.9160382166217282,0.8408964152537145,0.9153296938051583,0.9115983940504082,0.8416088487525799,0.9164164443545452,0.8577806923008909,0.8408964152537145,0.8995700440684126,0.9298414129197767,0.8408964152537145,0.9167871317462711,0.896901045149292,0.8579661353560295,0.8408964152537145,0.9173030837032987,0.8408964152537145,0.9116599928860818,0.8978364065436317,0.8409278084362061,0.8578302150836283,0.9184393765224916,0.8965146045171127,0.8408964152537145,0.9323559312625554,0.8408964152537145,0.9189867762402032,0.8577159722496955,0.9023046191558648,0.9203611369719948,0.8578470846141752,0.8408964152537145,0.8973325937002672,0.920202883291321,0.8579150488167121,0.9153917675096728,0.8408964152537145,0.8940457055245274,0.8578615717695989,0.8408964152537145,0.9154939982424426,0.8408964152537145,0.8408964152537145,0.8970519931134259,0.8578257494530657,0.8408964152537145,0.8408964152537145,0.9157353130736151,0.8408964152537145,0.8408964152537145,0.8408964152537145,0.9334943420552269,0.8408964152537145,0.8408964152537145,0.9012866144478437,0.8408964152537145,0.8408964152537145,0.8408964152537145,0.8577295726173619,0.9181618292244067,0.840937394244242,0.8408964152537145,0.9160002376631431,0.8408964152537145,0.8408964152537145,0.9085858483650125,0.8408964152537145,0.8408964152537145,0.8408964152537145,0.8408964152537145,0.9144970127316876,0.8408964152537145,0.8578646477149862,0.8408964152537145,0.905332733701167,0.8408964152537145,0.8408964152537145,0.9149287692917618,0.8408964152537145,0.8580050145284576,0.8408964152537145,0.916441431284331,0.8408964152537145,0.8408964152537145,0.8408964152537145,0.9098680351620753
0.005729293826311926,0.11309811885763642,0.14882832154658263,0.3857318275724941,0.8409102160455416,0.00810244503199077,0.02013514302721854,0.20672439457738903,0.47022560541762737,0.40529501876268686,0.2055695868559283,0.450819270113463,0.005729293826311926,0.4437383667451878,0.005729293826311926,0.4540816573659072,0.010343782624535247,0.5090124169625854,0.39751938496748,0.005729293826311926,0.44707639052079357,0.20583585165190105,0.38285737518530455,0.010343782624535247,0.509303709338188,0.005729293826311926,0.4674374407619357,0.20326460085692472,0.3868300628709436,0.4692134378828126,0.005729293826311926,0.20426201689166634,0.3798868550343461,0.3858964653336387,0.005729293826311926,0.5093500994225545,0.005729293826311926,0.38621112503451804,0.2045367214679109,0.45690503229437307,0.005729293826311926,0.4543489270115393,0.4408111273426462,0.04158658185819588,0.4582678166023427,0.20359740451320943,0.005729293826311926,0.3960032926893972,0.5060756334235388,0.005729293826311926,0.459602297495845,0.3857432533680391,0.2047472653900709,0.005729293826311926,0.46145791106208994,0.005729293826311926,0.4410357494735346,0.3893547158190786,0.010367978646603814,0.20390503109350275,0.46553740558323414,0.3842460079180595,0.005729293826311926,0.5149594015648221,0.005729293826311926,0.4674993162697619,0.20319476099914108,0.40638000143192266,0.4724161465488962,0.20400972890044794,0.005729293826311926,0.3874116595443018,0.47185061296043534,0.2044310618213552,0.45457303986869735,0.005729293826311926,0.3746050165494943,0.20409960341800304,0.005729293826311926,0.45494206398945397,0.005729293826311926,0.005729293826311926,0.3863272617263076,0.20387730806210305,0.005729293826311926,0.005729293826311926,0.45581278535065745,0.005729293826311926,0.005729293826311926,0.005729293826311926,0.5189795614598453,0.005729293826311926,0.005729293826311926,0.4025321070068814,0.005729293826311926,0.005729293826311926,0.005729293826311926,0.20327943104348647,0.4645418440088584,0.011414768811653098,0.005729293826311926,0.45676812545386597,0.005729293826311926,0.005729293826311926,0.42977380901299334,0.005729293826311926,0.005729293826311926,0.005729293826311926,0.005729293826311926,0.4513392908873207,0.005729293826311926,0.20411868132347483,0.005729293826311926,0.41772840287649726,0.005729293826311926,0.005729293826311926,0.45290060160866197,0.005729293826311926,0.2049876250167591,0.005729293826311926,0.45835780499796724,0.005729293826311926,0.005729293826311926,0.005729293826311926,0.434484285826758
0.019302828270733395,0.11459027152125091,0.14996519272734402,0.3861670966634157,0.841053030140816,0.02013514302721854,0.027298320588463605,0.20754381902915145,0.47057780614830363,0.4057082717515814,0.20639361291596992,0.4511880823338713,0.019302828270733395,0.4441135545188917,0.019302828270733395,0.4544475909679062,0.021136892027378288,0.5093346615880001,0.39794114845219974,0.019302828270733395,0.44744855063809086,0.20665881218813956,0.38329605488899693,0.021136892027378288,0.5096257432159601,0.019302828270733395,0.4677919547960935,0.2040979662317921,0.3872640413621019,0.46956647567552134,0.019302828270733395,0.20509131537051564,0.380329109973423,0.38633154051299445,0.019302828270733395,0.5096720997553015,0.019302828270733395,0.3866458300341005,0.2053649067454982,0.45726850363549926,0.019302828270733395,0.45471462638542137,0.44118900349639867,0.045488653050824814,0.4586301089130936,0.20442940852413233,0.019302828270733395,0.3964267514401559,0.5064000136551524,0.019302828270733395,0.4599634411474588,0.3861785089965926,0.20557459946755346,0.019302828270733395,0.461817467058808,0.019302828270733395,0.44141341821484537,0.38978575316112585,0.0211487433807114,0.20473578063746786,0.46589350964975124,0.3846830340269512,0.019302828270733395,0.515277381359814,0.019302828270733395,0.4678537787103217,0.2040284126200947,0.4067920907306148,0.4727665461931713,0.20484005235158603,0.019302828270733395,0.3878449573289392,0.47220147622702957,0.20525967491959154,0.45493854302118336,0.019302828270733395,0.3750537596266163,0.20492956144799743,0.019302828270733395,0.45530724441129594,0.019302828270733395,0.019302828270733395,0.386761830239479,0.2047081705040479,0.019302828270733395,0.019302828270733395,0.45617720608727097,0.019302828270733395,0.019302828270733395,0.019302828270733395,0.5192947022159334,0.019302828270733395,0.019302828270733395,0.4029483493445739,0.019302828270733395,0.019302828270733395,0.019302828270733395,0.20411273566029361,0.4648987856658049,0.02168112797194092,0.019302828270733395,0.45713171557965954,0.019302828270733395,0.019302828270733395,0.4301621141345649,0.019302828270733395,0.019302828270733395,0.019302828270733395,0.019302828270733395,0.45170764182057593,0.019302828270733395,0.20494856182547833,0.019302828270733395,0.4181286523921038,0.019302828270733395,0.019302828270733395,0.4532675731460444,0.019302828270733395,0.20581398946667256,0.019302828270733395,0.4587200196684584,0.019302828270733395,0.019302828270733395,0.019302828270733395,0.4348680822780901
0.20664505914713246,0.23546853219607436,0.2545360748001595,0.4368614925782445,0.858287126900914,0.20672439457738903,0.20754381902915145,0.29210693076348176,0.5123709508155757,0.4540971593454108,0.2912930423002569,0.49480477261738354,0.20664505914713246,0.4884244537857522,0.20664505914713246,0.4977498032430826,0.2068242774200039,0.5477864461135133,0.447225910511217,0.20664505914713246,0.49143017551653856,0.29148049944184395,0.43434407910648737,0.2068242774200039,0.5480537845521268,0.20664505914713246,0.5098403161293357,0.28967536901095403,0.4378243741146658,0.5114520169376948,0.20664505914713246,0.29037424482699975,0.4317468102387399,0.4370058022246955,0.20664505914713246,0.548096361552084,0.20664505914713246,0.4372816467604759,0.29056702892364933,0.5003012137368791,0.20664505914713246,0.4979912218604551,0.48579167799266737,0.2107064082164109,0.5015336044549947,0.2899083681878084,0.20664505914713246,0.44588926885247504,0.5450922158123627,0.20664505914713246,0.5027409474388816,0.4368715071874602,0.2907148739801492,0.20664505914713246,0.5044206659659085,0.20664505914713246,0.4859936019868649,0.44004006167681053,0.2068254878241661,0.29012391163662127,0.5081170549599512,0.43555972447873353,0.20664505914713246,0.5532480521682314,0.20664505914713246,0.5098964524068874,0.28962649787563455,0.4550580255488767,0.5143607021272787,0.29019730721776676,0.20664505914713246,0.43833452583515975,0.513846877990469,0.2904928629495941,0.4981936751007911,0.20664505914713246,0.42713965274558113,0.29026032646201083,0.20664505914713246,0.49852706857700785,0.20664505914713246,0.20664505914713246,0.437383469360667,0.2901044803295153,0.20664505914713246,0.20664505914713246,0.4993138860764988,0.20664505914713246,0.20664505914713246,0.20664505914713246,0.5569443694667828,0.20664505914713246,0.20664505914713246,0.45165258377875,0.20664505914713246,0.20664505914713246,0.20664505914713246,0.28968574767414057,0.5072145357351651,0.20688055369445293,0.20664505914713246,0.5001774378029575,0.20664505914713246,0.20664505914713246,0.4758912880820131,0.20664505914713246,0.20664505914713246,0.20664505914713246,0.20664505914713246,0.4952739815409211,0.20664505914713246,0.2902737055240504,0.20664505914713246,0.4651374356598527,0.20664505914713246,0.20664505914713246,0.4966832500061621,0.20664505914713246,0.29088374904385456,0.20664505914713246,0.5016150025428153,0.20664505914713246,0.20664505914713246,0.20664505914713246,0.48011129788237006
0.4701915647161281,0.48322332161049963,0.49254015996180855,0.6030721634177594,0.9197484046654958,0.47022560541762737,0.47057780614830363,0.5123709508155757,0.6566728627465229,0.615017157464589,0.511921991567004,0.6439294814993972,0.4701915647161281,0.6393383377195844,0.4701915647161281,0.6460555761299729,0.47026847724378673,0.6827768358749319,0.6102322781670755,0.4701915647161281,0.6414986101853515,0.5120253245250911,0.6013437738851976,0.47026847724378673,0.68297576654678,0.4701915647161281,0.6548280468631767,0.5110320848926194,0.6037343778856384,0.6560026277666507,0.4701915647161281,0.5114161481823853,0.5995650621732622,0.6031713717754561,0.4701915647161281,0.6830074511632117,0.4701915647161281,0.6033610450393713,0.5115221984915703,0.6479009607792984,0.4701915647161281,0.6462300528449041,0.6374499487825595,0.47194748292303035,0.6487934593109307,0.5111600607323806,0.4701915647161281,0.6093049577041646,0.6807734851443258,0.4701915647161281,0.649668528520641,0.6030790476971621,0.5116035591610117,0.4701915647161281,0.650887130962969,0.4701915647161281,0.6375946529187877,0.6052605442492333,0.47026899687584867,0.5112785091208109,0.6535734858647326,0.6021778704814177,0.4701915647161281,0.6868460280531912,0.4701915647161281,0.6548689380152414,0.5110052507837057,0.6156886113082355,0.6581254213726078,0.5113188556590056,0.4701915647161281,0.6040854816505241,0.657750148421323,0.5114813944099725,0.6463763908141358,0.4701915647161281,0.596421327591067,0.511353503531068,0.4701915647161281,0.6466174193298017,0.4701915647161281,0.4701915647161281,0.6034310720658405,0.5112678285917905,0.4701915647161281,0.4701915647161281,0.6471864689350848,0.4701915647161281,0.4701915647161281,0.4701915647161281,0.6896059827859946,0.4701915647161281,0.4701915647161281,0.6133114595609644,0.4701915647161281,0.4701915647161281,0.4701915647161281,0.5110377839806699,0.6529169878104143,0.4702926394649115,0.4701915647161281,0.6478113627970151,0.4701915647161281,0.4701915647161281,0.6303817657486671,0.4701915647161281,0.4701915647161281,0.4701915647161281,0.4701915647161281,0.6442679269013697,0.4701915647161281,0.5113608599518492,0.4701915647161281,0.6227657496249546,0.4701915647161281,0.4701915647161281,0.6452851066561489,0.4701915647161281,0.5116965260562584,0.4701915647161281,0.6488524337233535,0.4701915647161281,0.4701915647161281,0.4701915647161281,0.633388091056546
0.4052550717961965,0.4204800029729807,0.43128672926965034,0.5560046239562162,0.9020171118787518,0.40529501876268686,0.4057082717515814,0.4540971593454108,0.615017157464589,0.5692129687183548,0.45358339640980905,0.6010423051309624,0.4052550717961965,0.5959999463521173,0.4052550717961965,0.6033759532523428,0.40534532773170695,0.6435598349242696,0.5639265010777436,0.4052550717961965,0.5983730502516038,0.45370165495493897,0.5540902661243271,0.40534532773170695,0.6437769716041764,0.4052550717961965,0.6129958823142736,0.452564694271865,0.5567378715146574,0.614282882009856,0.4052550717961965,0.4530043990558853,0.5521192998905624,0.5561144816754207,0.4052550717961965,0.6438115554968272,0.4052550717961965,0.5563245075701296,0.45312579840610906,0.6054007889945882,0.4052550717961965,0.6035674242479079,0.593924738649664,0.40731439802020336,0.6063798473401789,0.45271122024248583,0.4052550717961965,0.5629012909234955,0.6413728467423494,0.4052550717961965,0.6073396422440689,0.5560122473050481,0.4532189302777187,0.4052550717961965,0.6086759969673348,0.4052550717961965,0.5940837842241168,0.558427287081355,0.40534593749696923,0.4528468292707624,0.6116209800269841,0.555014211917809,0.4052550717961965,0.6480004182162858,0.4052550717961965,0.6130406912007641,0.45253396934350537,0.5699543470146694,0.6166082417182138,0.45289301929917625,0.4052550717961965,0.5571265879826421,0.6161972148392142,0.4530790893754658,0.6037280112772289,0.4052550717961965,0.5486335683966536,0.452932684555085,0.4052550717961965,0.6039925000891816,0.4052550717961965,0.4052550717961965,0.5564020462508611,0.45283460169572,0.4052550717961965,0.4052550717961965,0.6046168939773545,0.4052550717961965,0.4052550717961965,0.4052550717961965,0.6510110829391105,0.4052550717961965,0.4052550717961965,0.5673291337756787,0.4052550717961965,0.4052550717961965,0.4052550717961965,0.45257121964689445,0.6109013974338134,0.4053736807923553,0.4052550717961965,0.605302493044121,0.4052550717961965,0.4052550717961965,0.5861506795254061,0.4052550717961965,0.4052550717961965,0.4052550717961965,0.4052550717961965,0.6014138485716296,0.4052550717961965,0.452941106174894,0.4052550717961965,0.5777618042252082,0.4052550717961965,0.4052550717961965,0.6025303694552271,0.4052550717961965,0.4533253428623441,0.4052550717961965,0.6064445362147449,0.4052550717961965,0.4052550717961965,0.4052550717961965,0.5894585357571528
0.20548980396151592,0.23445597806632643,0.2536001901996392,0.43632573891560766,0.8580993142360904,0.2055695868559283,0.20639361291596992,0.2912930423002569,0.511921991567004,0.45358339640980905,0.29047684023886666,0.49433762549042537,0.20548980396151592,0.4879504361073916,0.20548980396151592,0.49728577826098097,0.20567003256368005,0.5473713241447579,0.44670356042573506,0.20548980396151592,0.49095941293584205,0.2906648313803845,0.43380498389866107,0.20567003256368005,0.5476389053192073,0.20548980396151592,0.5093887992829416,0.2888545305402042,0.4372898894641529,0.51100213130676,0.20548980396151592,0.28955541563278825,0.431204230900358,0.4364702390706279,0.20548980396151592,0.5476815209617844,0.20548980396151592,0.4367464474463908,0.28974875231396385,0.4998398691952947,0.20548980396151592,0.4975274514695037,0.4853147815497493,0.20957362559313245,0.5010735466389052,0.2890882006508922,0.20548980396151592,0.4453652212588779,0.5446746377482298,0.20548980396151592,0.5022821452082116,0.43633576674911667,0.28989702065638984,0.20548980396151592,0.5039636024382821,0.20548980396151592,0.48551692725723855,0.4395084783166307,0.2056712497854237,0.2893043638253599,0.5076637848061295,0.43502224720203364,0.20548980396151592,0.5528378549747883,0.20548980396151592,0.5094449925153921,0.2888055185431215,0.45454544526745805,0.5139137397007505,0.28937797022525613,0.20548980396151592,0.4378007115115622,0.5133994010940623,0.2896743738404349,0.49773011805351514,0.20548980396151592,0.42659079941261424,0.2894411704000111,0.20548980396151592,0.49806386254760876,0.20548980396151592,0.20548980396151592,0.4368484042473492,0.28928487668693065,0.20548980396151592,0.20548980396151592,0.49885150693583047,0.20548980396151592,0.20548980396151592,0.20548980396151592,0.5565374653031196,0.20548980396151592,0.20548980396151592,0.45113579213616456,0.20548980396151592,0.20548980396151592,0.20548980396151592,0.2888649391118986,0.5067603435025011,0.2057266257290999,0.20548980396151592,0.4997159637423225,0.20548980396151592,0.20548980396151592,0.4754033272219636,0.20548980396151592,0.20548980396151592,0.20548980396151592,0.20548980396151592,0.4948073338873684,0.20548980396151592,0.28945458786387807,0.20548980396151592,0.46463700422863174,0.20548980396151592,0.20548980396151592,0.4962180978456471,0.20548980396151592,0.29006637869826385,0.20548980396151592,0.5011550295319983,0.20548980396151592,0.20548980396151592,0.20548980396151592,0.4796281002840099
0.45078362266506106,0.46441523188601874,0.47414319669642097,0.5887256620156991,0.9143533129906882,0.450819270113463,0.4511880823338713,0.49480477261738354,0.6439294814993972,0.6010423051309624,0.49433762549042537,0.6308188233653556,0.45078362266506106,0.6260934637300802,0.45078362266506106,0.6330067202677043,0.450864165215391,0.6707648227602213,0.5961096748050039,0.45078362266506106,0.6283170197732603,0.49444514701719705,0.5869427033930688,0.450864165215391,0.6709692329411142,0.45078362266506106,0.6420319519035911,0.49341158648162586,0.5894087293424024,0.6432401124004259,0.45078362266506106,0.4938112569198815,0.5851076158126668,0.5888279963248017,0.45078362266506106,0.671001790186229,0.45078362266506106,0.5890236441078213,0.4939216132350573,0.6349055718412553,0.45078362266506106,0.6331862590858264,0.6241495614393523,0.4526221413342541,0.6358238713725033,0.4935447651066094,0.45078362266506106,0.5951535491674548,0.6687062180164179,0.45078362266506106,0.6367242016436057,0.5887327632334344,0.4940062763860274,0.45078362266506106,0.6379779231406395,0.45078362266506106,0.6242985259634964,0.5909828397925725,0.45086470936866163,0.4936680269501187,0.6407414577087973,0.5878031601571667,0.45078362266506106,0.6749458491556432,0.45078362266506106,0.6420740130915671,0.4933836611628146,0.6017343765810859,0.6454234418492916,0.49371001263569053,0.45078362266506106,0.589770877009889,0.6450374813000008,0.49387915254963366,0.6333368416453875,0.45078362266506106,0.5818636910072553,0.4937460679594698,0.45078362266506106,0.6335848590608711,0.45078362266506106,0.45078362266506106,0.5890958762903374,0.4936569124690205,0.45078362266506106,0.45078362266506106,0.6341703979530081,0.45078362266506106,0.45078362266506106,0.45078362266506106,0.6777813641014063,0.45078362266506106,0.45078362266506106,0.5992841048541092,0.45078362266506106,0.45078362266506106,0.45078362266506106,0.4934175173105765,0.6400661283084269,0.4508894675879718,0.45078362266506106,0.634813381630509,0.45078362266506106,0.45078362266506106,0.6168719297186467,0.45078362266506106,0.45078362266506106,0.45078362266506106,0.45078362266506106,0.6311671215052118,0.45078362266506106,0.4937537231886613,0.45078362266506106,0.609027146327771,0.45078362266506106,0.45078362266506106,0.6322138796623532,0.45078362266506106,0.49410301576177945,0.45078362266506106,0.6358845493481049,0.45078362266506106,0.45078362266506106,0.45078362266506106,0.6199676668663148
0.0,0.11295292098880524,0.14871803027162,0.3856897500436596,0.8408964152537145,0.005729293826311926,0.019302828270733395,0.20664505914713246,0.4701915647161281,0.4052550717961965,0.20548980396151592,0.45078362266506106,0.0,0.44370210256975745,0.0,0.4540462883657273,0.008612144396386788,0.5089812732994239,0.3974786144618976,0.0,0.447040419223568,0.20575617237282304,0.3828149675660911,0.008612144396386788,0.5092725860542772,0.0,0.4674031763174775,0.20318390969838462,0.3867881102481027,0.4691793162210042,0.0,0.20418172126241219,0.37984410138160535,0.3858544065719164,0.0,0.5093189793824378,0.0,0.38616910209937777,0.20445653409943088,0.45686990146360545,0.0,0.4543135806679446,0.44077460310314287,0.04119003557996026,0.4582327998152496,0.2035168457581229,0.0,0.39596235813029984,0.5060442832461635,0.0,0.4595673918137875,0.38570117714211843,0.20466716080098576,0.0,0.4614231589458004,0.0,0.44099924529853973,0.3893130478394975,0.00864119050500936,0.2038245943427046,0.4655029873485616,0.38420376034042586,0.0,0.5149286703044716,0.0,0.4674650568154812,0.2031140420005255,0.40634016706831727,0.47238228004615374,0.20392933358912813,0.0,0.38736977280060564,0.47181670161694883,0.20435083284679328,0.45453771250531705,0.0,0.374561634906852,0.204019243645328,0.0,0.45490676784328715,0.0,0.0,0.38628525200050834,0.20379686033141603,0.0,0.0,0.4557775626873268,0.0,0.0,0.0,0.518949104724165,0.0,0.0,0.4024918707752568,0.0,0.0,0.0,0.20319874579421102,0.46450734476054045,0.009872797968052559,0.0,0.4567329831334003,0.0,0.0,0.42973627586333907,0.0,0.0,0.0,0.0,0.45130368805953275,0.0,0.20403832909067535,0.0,0.4176897141131955,0.0,0.0,0.45286513220985963,0.0,0.2049076147227844,0.0,0.4583227957207236,0.0,0.0,0.0,0.4344471888607665
0.44370210256975745,0.4575633336983225,0.46744797012822076,0.583546436294534,0.9124020006511674,0.4437383667451878,0.4441135545188917,0.4884244537857522,0.6393383377195844,0.5959999463521173,0.4879504361073916,0.6260934637300802,0.44370210256975745,0.6213189832596032,0.44370210256975745,0.6283039658761154,0.4437840384399406,0.666440103182425,0.5910129439667986,0.44370210256975745,0.6235657050526168,0.4880595399762017,0.5817433531274601,0.4437840384399406,0.6666465053750233,0.44370210256975745,0.6374215625617599,0.4870107448769961,0.5842371920095661,0.6386419835161797,0.44370210256975745,0.487416312813678,0.5798874669321933,0.5836499232011014,0.44370210256975745,0.6666793798486916,0.44370210256975745,0.5838477738354051,0.4875282961118981,0.6302223671399549,0.44370210256975745,0.6284853558738669,0.6193547522421812,0.44557231451897833,0.6311500983381827,0.48714588957171484,0.44370210256975745,0.590046211955611,0.664361408182958,0.44370210256975745,0.632059661496785,0.5835536175023177,0.4876142070344601,0.44370210256975745,0.6333262166665774,0.44370210256975745,0.6195052771449144,0.5858289752478617,0.4437845920050853,0.4872709702861951,0.6361179459009695,0.5826135321816076,0.44370210256975745,0.6706617739735927,0.44370210256975745,0.6374640509894195,0.4869824071923634,0.5966996008755238,0.6408474095270891,0.4873135753434489,0.44370210256975745,0.5846034110980535,0.6404575483968781,0.48748520950149193,0.6286374906104168,0.44370210256975745,0.5766065596395274,0.4873501624831783,0.44370210256975745,0.6288880636658467,0.44370210256975745,0.44370210256975745,0.5839208190537404,0.48725969182964013,0.44370210256975745,0.44370210256975745,0.6294796317931253,0.44370210256975745,0.44370210256975745,0.44370210256975745,0.6735247363450283,0.44370210256975745,0.44370210256975745,0.5942224313228629,0.44370210256975745,0.44370210256975745,0.44370210256975745,0.4870167632798426,0.6354357383643013,0.44380977842989006,0.44370210256975745,0.6301292292487018,0.44370210256975745,0.44370210256975745,0.6120003587802947,0.44370210256975745,0.44370210256975745,0.44370210256975745,0.44370210256975745,0.6264453662413312,0.44370210256975745,0.48735793061851945,0.44370210256975745,0.6040716186153494,0.44370210256975745,0.44370210256975745,0.6275029436141855,0.44370210256975745,0.48771237171900284,0.44370210256975745,0.6312113990076762,0.44370210256975745,0.44370210256975745,0.44370210256975745,0.6151288770324931
0.0,0.11295292098880524,0.14871803027162,0.3856897500436596,0.8408964152537145,0.005729293826311926,0.019302828270733395,0.20664505914713246,0.4701915647161281,0.4052550717961965,0.20548980396151592,0.45078362266506106,0.0,0.44370210256975745,0.0,0.4540462883657273,0.008612144396386788,0.5089812732994239,0.3974786144618976,0.0,0.447040419223568,0.20575617237282304,0.3828149675660911,0.008612144396386788,0.5092725860542772,0.0,0.4674031763174775,0.20318390969838462,0.3867881102481027,0.4691793162210042,0.0,0.20418172126241219,0.37984410138160535,0.3858544065719164,0.0,0.5093189793824378,0.0,0.38616910209937777,0.20445653409943088,0.45686990146360545,0.0,0.4543135806679446,0.44077460310314287,0.04119003557996026,0.4582327998152496,0.2035168457581229,0.0,0.39596235813029984,0.5060442832461635,0.0,0.4595673918137875,0.38570117714211843,0.20466716080098576,0.0,0.4614231589458004,0.0,0.44099924529853973,0.3893130478394975,0.00864119050500936,0.2038245943427046,0.4655029873485616,0.38420376034042586,0.0,0.5149286703044716,0.0,0.4674650568154812,0.2031140420005255,0.40634016706831727,0.47238228004615374,0.20392933358912813,0.0,0.38736977280060564,0.47181670161694883,0.20435083284679328,0.45453771250531705,0.0,0.374561634906852,0.204019243645328,0.0,0.45490676784328715,0.0,0.0,0.38628525200050834,0.20379686033141603,0.0,0.0,0.4557775626873268,0.0,0.0,0.0,0.518949104724165,0.0,0.0,0.4024918707752568,0.0,0.0,0.0,0.20319874579421102,0.46450734476054045,0.009872797968052559,0.0,0.4567329831334003,0.0,0.0,0.42973627586333907,0.0,0.0,0.0,0.0,0.45130368805953275,0.0,0.20403832909067535,0.0,0.4176897141131955,0.0,0.0,0.45286513220985963,0.0,0.2049076147227844,0.0,0.4583227957207236,0.0,0.0,0.0,0.4344471888607665
0.4540462883657273,0.4675741104935531,0.4772311316069124,0.5911221409290924,0.9152556789106413,0.4540816573659072,0.4544475909679062,0.4977498032430826,0.6460555761299729,0.6033759532523428,0.49728577826098097,0.6330067202677043,0.4540462883657273,0.6283039658761154,0.4540462883657273,0.635184211880544,0.4541262018388776,0.6727680843559459,0.5984682905196548,0.4540462883657273,0.6305168620242498,0.4973925807500232,0.5893484156014893,0.4541262018388776,0.6729715753944572,0.4540462883657273,0.6441669117697779,0.4963659425894382,0.591801680411165,0.6453694247593036,0.4540462883657273,0.49676293339663774,0.5875228691744021,0.5912239463771298,0.4540462883657273,0.6730039862648416,0.4540462883657273,0.5914185833854694,0.49687255043914025,0.6370740634214478,0.4540462883657273,0.6353628985253155,0.626369416664204,0.45587049556814957,0.6379880205188783,0.4964982279119596,0.4540462883657273,0.5975170342022498,0.6707187489408304,0.4540462883657273,0.6388840996214237,0.5911292054441104,0.4969566466172891,0.4540462883657273,0.6401319115953193,0.4540462883657273,0.626517663315559,0.5933676809008089,0.454126741742704,0.4966206633203201,0.6428824616623972,0.5902044118717475,0.4540462883657273,0.6769303547415166,0.4540462883657273,0.6442087761666403,0.49633820463098277,0.6040645418063182,0.6475425748170898,0.49666236758073395,0.4540462883657273,0.5921619598135625,0.647158411280696,0.4968303741643535,0.6355127665467529,0.4540462883657273,0.5842959061506343,0.49669818126099846,0.4540462883657273,0.6357596074685602,0.4540462883657273,0.4540462883657273,0.5914904425037956,0.49660962334482217,0.4540462883657273,0.4540462883657273,0.6363423707139771,0.4540462883657273,0.4540462883657273,0.4540462883657273,0.6797532011363991,0.4540462883657273,0.4540462883657273,0.601626623382467,0.4540462883657273,0.4540462883657273,0.4540462883657273,0.49637183362868814,0.6422103000676765,0.45415130662757375,0.4540462883657273,0.6369823095177195,0.4540462883657273,0.4540462883657273,0.6191270909979372,0.4540462883657273,0.4540462883657273,0.4540462883657273,0.4540462883657273,0.6333533594024325,0.4540462883657273,0.49670578518838776,0.4540462883657273,0.6113209020717932,0.4540462883657273,0.4540462883657273,0.6343951375025378,0.4540462883657273,0.49705273834173846,0.4540462883657273,0.63804841179072,0.4540462883657273,0.4540462883657273,0.4540462883657273,0.6222077529072262
0.008612144396386788,0.11328073675401196,0.14896712172769694,0.3857848191606024,0.8409275977554249,0.010343782624535247,0.021136892027378288,0.2068242774200039,0.47026847724378673,0.40534532773170695,0.20567003256368005,0.450864165215391,0.008612144396386788,0.4437840384399406,0.008612144396386788,0.4541262018388776,0.01217941142184848,0.5090516406125938,0.3975707308770557,0.008612144396386788,0.44712169341939817,0.20593616702267256,0.3829107823856544,0.01217941142184848,0.5093429073245462,0.008612144396386788,0.4674805943364547,0.2033661890444691,0.3868828971910066,0.4692564116583607,0.008612144396386788,0.20436310755832832,0.37994069791811824,0.3859494332922619,0.008612144396386788,0.509389293323993,0.008612144396386788,0.38626404788422675,0.20463767595642057,0.45694927685730863,0.008612144396386788,0.4543934429547069,0.4408571265121663,0.04208073135150556,0.45831191755770195,0.20369882615633864,0.008612144396386788,0.3960548451614949,0.5061151171371052,0.008612144396386788,0.45964625854382635,0.38579624331566287,0.20484811575240214,0.008612144396386788,0.46150167873426373,0.008612144396386788,0.4410817233777114,0.3894071917460102,0.012199967396897257,0.20400629927220185,0.4655807528175752,0.3842992136125679,0.008612144396386788,0.5149981058734266,0.008612144396386788,0.4675424635604083,0.20329638420538867,0.40643016861845577,0.4724587990146114,0.20411094495391346,0.008612144396386788,0.3874644109163696,0.47189332189207983,0.2045320686450223,0.4546175319114435,0.008612144396386788,0.37465965011502117,0.20420077476861453,0.008612144396386788,0.45498651672258916,0.008612144396386788,0.008612144396386788,0.38638016794425006,0.20397859005200566,0.008612144396386788,0.008612144396386788,0.4558571455520244,0.008612144396386788,0.008612144396386788,0.008612144396386788,0.5190179200562827,0.008612144396386788,0.008612144396386788,0.4025827801991779,0.008612144396386788,0.008612144396386788,0.008612144396386788,0.20338101179804222,0.46458529325919207,0.01310118965703344,0.008612144396386788,0.4568123844849971,0.008612144396386788,0.008612144396386788,0.4298210785977536,0.008612144396386788,0.008612144396386788,0.008612144396386788,0.008612144396386788,0.4513841298019559,0.008612144396386788,0.20421984318993205,0.008612144396386788,0.4177771275799347,0.008612144396386788,0.008612144396386788,0.4529452725062553,0.008612144396386788,0.20508835676722156,0.008612144396386788,0.4584018964966666,0.008612144396386788,0.008612144396386788,0.008612144396386788,0.43453100617342166
