0.0,0.0,0.037852344880803704,0.21722366907894028,0.10281168385589282,0.8408964152537145,0.5178252258466608,0.021794623416861416,0.23034205729931453,0.5280687400691929,0.45349987208423664,0.22908813708338174,0.5056812914399565,0.0,0.4374791160642322,0.22818657077597884,0.5091351013148658,0.518483807293242,0.22794812019853394,0.009598821920400982,0.4447329385628279,0.5015668253537979,0.22910178068058043,0.4278211401986123,0.0,0.5740573257005412,0.009598821920400982,0.5251056060016611,0.0,0.4918598189931915,0.5268736290360913,0.009631195782475241,0.22717627040499497,0.42443348489780414,0.43136546138853293,0.0,0.5743336285073323,0.0,0.43184630009161107,0.22775677125233426,0.5128247929825767,0.0,0.5645363518060513,0.010975582080598406,0.43736154675336497,0.0,0.568844123532717,0.4428359995456134,0.0,0.5149793067008678,0.22783086056622154,0.5160171094659594,0.011003906225211798,0.49178818328766877,0.0,0.5183249461720794,0.49423560635965763,0.0,0.0,0.435268021815473,0.5772222095120032,0.0,0.4295938524836243,0.227288362224095,0.5267176140268143,0.0,0.5252124472396572,0.5123639022810182,0.0,0.0,0.5311193325910868,0.49357688083714035,0.0,0.5300255494543737,0.2275515298189776,0.5099513007386439,0.41904310580487714,0.2273041744826306,0.0,0.0,0.5103649368318421,0.0,0.0,0.43171537636432633,0.22709164974216509,0.014387419455060503,0.011324543082904063,0.5116146745368014,0.0,0.0,0.0,0.5852365956050102,0.0,0.0,0.4505172957586509,0.0,0.0,0.22663912505037437,0.5215625007833508,0.0,0.0,0.0,0.51253047260625,0.0,0.22623475180472097,0.0,0.42051244441503827,0.0,0.0,0.5063225660579233,0.0,0.0,0.2275398551017079,0.4678418582982634,0.011003906225211798,0.0,0.0,0.508480351959132,0.22847402995425567,0.0,0.0,0.514303262195225,0.0,0.0,0.42613687915322285
0.0,0.0,0.037852344880803704,0.21722366907894028,0.10281168385589282,0.8408964152537145,0.5178252258466608,0.021794623416861416,0.23034205729931453,0.5280687400691929,0.45349987208423664,0.22908813708338174,0.5056812914399565,0.0,0.4374791160642322,0.22818657077597884,0.5091351013148658,0.518483807293242,0.22794812019853394,0.009598821920400982,0.4447329385628279,0.5015668253537979,0.22910178068058043,0.4278211401986123,0.0,0.5740573257005412,0.009598821920400982,0.5251056060016611,0.0,0.4918598189931915,0.5268736290360913,0.009631195782475241,0.22717627040499497,0.42443348489780414,0.43136546138853293,0.0,0.5743336285073323,0.0,0.43184630009161107,0.22775677125233426,0.5128247929825767,0.0,0.5645363518060513,0.010975582080598406,0.43736154675336497,0.0,0.568844123532717,0.4428359995456134,0.0,0.5149793067008678,0.22783086056622154,0.5160171094659594,0.011003906225211798,0.49178818328766877,0.0,0.5183249461720794,0.49423560635965763,0.0,0.0,0.435268021815473,0.5772222095120032,0.0,0.4295938524836243,0.227288362224095,0.5267176140268143,0.0,0.5252124472396572,0.5123639022810182,0.0,0.0,0.5311193325910868,0.49357688083714035,0.0,0.5300255494543737,0.2275515298189776,0.5099513007386439,0.41904310580487714,0.2273041744826306,0.0,0.0,0.5103649368318421,0.0,0.0,0.43171537636432633,0.22709164974216509,0.014387419455060503,0.011324543082904063,0.5116146745368014,0.0,0.0,0.0,0.5852365956050102,0.0,0.0,0.4505172957586509,0.0,0.0,0.22663912505037437,0.5215625007833508,0.0,0.0,0.0,0.51253047260625,0.0,0.22623475180472097,0.0,0.42051244441503827,0.0,0.0,0.5063225660579233,0.0,0.0,0.2275398551017079,0.4678418582982634,0.011003906225211798,0.0,0.0,0.508480351959132,0.22847402995425567,0.0,0.0,0.514303262195225,0.0,0.0,0.42613687915322285
0.037852344880803704,0.037852344880803704,0.05353127202377892,0.22049326069381434,0.10955798215873291,0.8414981865554109,0.5191560641245496,0.04367842686701425,0.233427056609898,0.5293696938690344,0.45504295841684544,0.23218989245455168,0.5070487838038302,0.037852344880803704,0.4390832432201112,0.2313004842887113,0.5104920277005794,0.519812696619931,0.23106526498006624,0.03905044550991251,0.4463089497088775,0.502947057076301,0.23220335277417317,0.42946401021793384,0.037852344880803704,0.5752340742170117,0.03905044550991251,0.5264151115799836,0.037852344880803704,0.49327078916830674,0.5281780230897745,0.039058415785450565,0.23030391979625706,0.4260903167295205,0.43299393402670844,0.037852344880803704,0.5755096738443259,0.037852344880803704,0.4334728357625177,0.23087651377782473,0.5141705573289831,0.037852344880803704,0.5657376179150557,0.039411461289833465,0.4389661363891474,0.037852344880803704,0.5700342265965016,0.44441928486836896,0.037852344880803704,0.5163186119132271,0.23094959675580887,0.5173533185892267,0.03941935857135537,0.4931993839913689,0.037852344880803704,0.5196543052641034,0.4956389622043202,0.037852344880803704,0.037852344880803704,0.43688088376250905,0.5783909308070506,0.037852344880803704,0.4312294950599807,0.2304144817818831,0.5280224580714447,0.037852344880803704,0.5265216431765625,0.5137110539331756,0.037852344880803704,0.037852344880803704,0.5324115587706855,0.4949823418509152,0.037852344880803704,0.5313208960719397,0.23067406341047073,0.5113057469004333,0.4207225708304539,0.23043007835209375,0.037852344880803704,0.037852344880803704,0.5117181284708983,0.037852344880803704,0.037852344880803704,0.4333424390557359,0.23022045501149338,0.040494414533034664,0.039510063848162226,0.5129640856320055,0.037852344880803704,0.037852344880803704,0.037852344880803704,0.5863852500276152,0.037852344880803704,0.037852344880803704,0.4520714577336545,0.037852344880803704,0.037852344880803704,0.2297741258254023,0.5228823303557718,0.037852344880803704,0.037852344880803704,0.037852344880803704,0.5138771226446938,0.037852344880803704,0.22937530921770527,0.037852344880803704,0.4221856881962363,0.037852344880803704,0.037852344880803704,0.5076880878964759,0.037852344880803704,0.037852344880803704,0.23066254760404198,0.4693333976641587,0.03941935857135537,0.037852344880803704,0.037852344880803704,0.5098392725511258,0.23158405679006328,0.037852344880803704,0.037852344880803704,0.5156445895552512,0.037852344880803704,0.037852344880803704,0.42778666579351415
0.21722366907894028,0.21722366907894028,0.22049326069381434,0.307029518037571,0.24029555672007594,0.8600492848482939,0.5597342312131177,0.2183130632665355,0.31641432067735886,0.5690873033684207,0.5016078919402378,0.3155059613883885,0.5486766251221302,0.21722366907894028,0.48732807669523515,0.3148542928477905,0.5518179505653521,0.5603348707559729,0.31468213900668435,0.21743540870692465,0.4937823731725288,0.5449382022671386,0.3155158325090583,0.4787651481663947,0.21722366907894028,0.6113305924745617,0.21743540870692465,0.5663794114694702,0.21722366907894028,0.5361352882099977,0.5679949139889301,0.2174368386756635,0.31412547137819546,0.4757702120029161,0.48190344033116117,0.21722366907894028,0.6115854925955259,0.21722366907894028,0.4823295716233681,0.31454405254547246,0.5551769454022383,0.21722366907894028,0.6025544850227312,0.21750046272460546,0.4872236248203549,0.21722366907894028,0.6065234460420841,0.49209267657905525,0.21722366907894028,0.5571398216947608,0.31459751240320377,0.5580856951084829,0.2175018922637506,0.5360704154509093,0.21722366907894028,0.5601899773147521,0.5382875498690891,0.21722366907894028,0.21722366907894028,0.4853645434816487,0.6142510216111194,0.21722366907894028,0.48033416921511474,0.3142062579113743,0.5678523310139352,0.21722366907894028,0.5664770169683695,0.5547571888753011,0.21722366907894028,0.21722366907894028,0.571877050054372,0.5376906519443924,0.21722366907894028,0.5708765698293868,0.3143960015453545,0.5525607203769173,0.47101430887183554,0.31421765560185955,0.21722366907894028,0.21722366907894028,0.5529372037410157,0.21722366907894028,0.21722366907894028,0.4822135349042154,0.31406449629914657,0.21769907823393253,0.21751833128562925,0.5540749347502235,0.21722366907894028,0.21722366907894028,0.21722366907894028,0.621653067254605,0.21722366907894028,0.21722366907894028,0.49894261699928333,0.21722366907894028,0.21722366907894028,0.31373860373168466,0.5631439821938271,0.21722366907894028,0.21722366907894028,0.21722366907894028,0.5549088872178087,0.21722366907894028,0.3134476495812289,0.21722366907894028,0.47230951322227355,0.21722366907894028,0.21722366907894028,0.5492596631609425,0.21722366907894028,0.21722366907894028,0.31438758188052834,0.5144649521899911,0.2175018922637506,0.21722366907894028,0.21722366907894028,0.551222220271753,0.31506194218381284,0.21722366907894028,0.21722366907894028,0.5565237942130186,0.21722366907894028,0.21722366907894028,0.4772755649087355
0.10281168385589282,0.10281168385589282,0.10955798215873291,0.24029555672007594,0.14539361618777186,0.8453056060325598,0.527552021297573,0.1050962426431807,0.25220993826349025,0.5375797293596619,0.46475254405509914,0.25106596367646367,0.5156724656520775,0.10281168385589282,0.4491682652859285,0.25024409242122964,0.5190501010016408,0.5281965356236561,0.2500268109001658,0.103258774577389,0.45622117831643466,0.5116498039220402,0.2510784053903269,0.439786747831876,0.10281168385589282,0.5826690328104966,0.103258774577389,0.5346783737689879,0.10281168385589282,0.5021641324235978,0.5364094731088431,0.10326178887527733,0.2493237467075789,0.4364986086007068,0.4432283861820022,0.10281168385589282,0.5829402339978242,0.10281168385589282,0.44369540554488635,0.24985247708695787,0.5226592892838737,0.10281168385589282,0.5733258645480648,0.10339583614832207,0.44905399876653984,0.10281168385589282,0.5775526972874474,0.4543762410868292,0.10281168385589282,0.5247672033860367,0.24991997530611512,0.525782665507802,0.10339884644968736,0.5020941557030045,0.10281168385589282,0.5280410652590414,0.5044851156896515,0.10281168385589282,0.10281168385589282,0.4470195395702348,0.5857756718107142,0.10281168385589282,0.4415079214953181,0.2494258241504505,0.5362567089262293,0.10281168385589282,0.5347829784637891,0.5222084059339116,0.10281168385589282,0.10281168385589282,0.5405672541633785,0.5038415436681715,0.10281168385589282,0.5394960221947565,0.24966551355809585,0.5198484152362449,0.43126942577504956,0.24944022441380256,0.10281168385589282,0.10281168385589282,0.5202530042071757,0.10281168385589282,0.10281168385589282,0.44356824197051026,0.24924669176846045,0.10381343065880724,0.10343345861703807,0.5214754756496831,0.10281168385589282,0.10281168385589282,0.10281168385589282,0.5936443904730229,0.10281168385589282,0.10281168385589282,0.4618492461660844,0.10281168385589282,0.10281168385589282,0.2488347087925684,0.5312098249610568,0.10281168385589282,0.10281168385589282,0.10281168385589282,0.5223713579183521,0.10281168385589282,0.2484666815371024,0.10281168385589282,0.4326944716927349,0.10281168385589282,0.10281168385589282,0.5162995361510404,0.10281168385589282,0.10281168385589282,0.24965487939457914,0.47872509734143737,0.10339884644968736,0.10281168385589282,0.10281168385589282,0.5184097309412298,0.25050608236129174,0.10281168385589282,0.10281168385589282,0.5241057488838595,0.10281168385589282,0.10281168385589282,0.4381517940560163
0.8408964152537145,0.8408964152537145,0.8414981865554109,0.8600492848482939,0.8453056060325598,1.0,0.9331760954504488,0.8410960593784746,0.8623387302570565,0.9360764882450895,0.9151044142737919,0.8621149896308372,0.9297387324819513,0.8408964152537145,0.9106960356867378,0.861954755713126,0.9307159291833971,0.9333625839771003,0.8619124652968272,0.8409351515740602,0.9126854054137071,0.9285752911122777,0.8621174185705538,0.9080661576753097,0.8408964152537145,0.949015142850892,0.8409351515740602,0.9352376181861359,0.8408964152537145,0.9258345006611515,0.9357381716510208,0.8409354132877485,0.8617758295726587,0.9071491657696491,0.9090286604721901,0.8408964152537145,0.9490920680524391,0.8408964152537145,0.909159476524941,0.8618785555527282,0.9317602909220399,0.8408964152537145,0.9463565326252464,0.840947059299509,0.9106638886152374,0.8408964152537145,0.9475612474103666,0.9121640601492268,0.8408964152537145,0.9323702681550884,0.8618916823800727,0.9326641134899712,0.8409473210020798,0.925814300003085,0.8408964152537145,0.933317599543338,0.9265046870769068,0.8408964152537145,0.8408964152537145,0.9100919880861965,0.9498954325040768,0.8408964152537145,0.9085471688707042,0.8617956482131746,0.9356940039465484,0.8408964152537145,0.9352678681118575,0.9316298173711747,0.8408964152537145,0.8408964152537145,0.9369398855880426,0.926318822360103,0.8408964152537145,0.9366303490235521,0.8618422105589598,0.9309469202554246,0.9056962805962218,0.8617984445983866,0.8408964152537145,0.8408964152537145,0.9310639904047815,0.8408964152537145,0.8408964152537145,0.9091238520949844,0.8617608734969658,0.840983433613771,0.8409503305640841,0.931417729014248,0.8408964152537145,0.8408964152537145,0.8408964152537145,0.9521157186138238,0.8408964152537145,0.8408964152537145,0.914279744312477,0.8408964152537145,0.8408964152537145,0.8616809729744976,0.9342343795265164,0.8408964152537145,0.8408964152537145,0.8408964152537145,0.9316769712184779,0.8408964152537145,0.8616096883012149,0.8408964152537145,0.9060915417261838,0.8408964152537145,0.8408964152537145,0.9299201352367692,0.8408964152537145,0.8408964152537145,0.8618401439830338,0.9190919673855048,0.8409473210020798,0.8408964152537145,0.8408964152537145,0.9305306454095986,0.8620057875823692,0.8408964152537145,0.8408964152537145,0.9321788602133941,0.8408964152537145,0.8408964152537145,0.9076098826785052
0.5178252258466608,0.5178252258466608,0.5191560641245496,0.5597342312131177,0.527552021297573,0.9331760954504488,0.7187813801426545,0.5182668663577817,0.5646943665440234,0.7253627335999309,0.6786320766672774,0.5642099773629089,0.7110393948410784,0.5178252258466608,0.6690032742852562,0.5638630323403435,0.713234344146221,0.719203146437913,0.563771457065012,0.5179109253686409,0.6733424284036289,0.7084319952773043,0.5642152363109028,0.6632808180257455,0.5178252258466608,0.7554061606023112,0.5179109253686409,0.7234543468475401,0.5178252258466608,0.7023134847906058,0.7245925879014214,0.5179115043637635,0.5634755691454862,0.6612888811152647,0.6653734477975064,0.5178252258466608,0.7555888021725528,0.5178252258466608,0.6656580116083635,0.5636980273001502,0.7155853353369941,0.5178252258466608,0.7491267439014044,0.5179372688900098,0.6689332324987824,0.5178252258466608,0.7519644148770962,0.6722043653535199,0.5178252258466608,0.7169610228669141,0.563726452956242,0.7176244217268888,0.5179378478511238,0.702268508017617,0.5178252258466608,0.7191013916680477,0.7038066178914871,0.5178252258466608,0.5178252258466608,0.667687571165732,0.7574995461061391,0.5178252258466608,0.6643263709015269,0.5635184886109539,0.7244920937058004,0.5178252258466608,0.7235230931163222,0.7152913238953539,0.5178252258466608,0.5178252258466608,0.7273312539784826,0.7033923345793418,0.5178252258466608,0.7266250059374403,0.5636193222303427,0.7137538672188152,0.6581361518980996,0.563524544446217,0.5178252258466608,0.5178252258466608,0.7140172707430603,0.5178252258466608,0.5178252258466608,0.6655805142771233,0.5634431797149618,0.5180177373182764,0.5179445058502208,0.714813583767657,0.5178252258466608,0.5178252258466608,0.5178252258466608,0.7628132598390671,0.5178252258466608,0.5178252258466608,0.6768270364344302,0.5178252258466608,0.5178252258466608,0.5632701385130694,0.7211773143136216,0.5178252258466608,0.5178252258466608,0.5178252258466608,0.7153975712640815,0.5178252258466608,0.5631157486329542,0.5178252258466608,0.6589934720379949,0.5178252258466608,0.5178252258466608,0.7114465095959406,0.5178252258466608,0.5178252258466608,0.5636148470018474,0.6873876573732198,0.5179378478511238,0.5178252258466608,0.5178252258466608,0.7128178106621749,0.5639735327461806,0.5178252258466608,0.5178252258466608,0.7165291327120347,0.5178252258466608,0.5178252258466608,0.6622894660094593
0.021794623416861416,0.021794623416861416,0.04367842686701425,0.2183130632665355,0.1050962426431807,0.8410960593784746,0.5182668663577817,0.030822250284038528,0.23136938847007546,0.5285004505436454,0.4540120727693877,0.23012109776750345,0.5061351129567521,0.021794623416861416,0.4380116211668714,0.22922361672685615,0.5095854113327027,0.5189248001709375,0.2289862519630839,0.02381476390092497,0.44525609055531074,0.5020248808657728,0.23013467978475124,0.42836653553489135,0.021794623416861416,0.5744477768047697,0.02381476390092497,0.5255401579525143,0.021794623416861416,0.4923280914842442,0.5273064825834152,0.023827830985910348,0.2282179322783412,0.424983526074495,0.4319060662659523,0.021794623416861416,0.5747238460758295,0.021794623416861416,0.43238626050399737,0.22879577596727674,0.5132713935640587,0.021794623416861416,0.5649349458963978,0.024402233400482986,0.4378942057152252,0.021794623416861416,0.5692390099749559,0.4433615712611132,0.021794623416861416,0.5154237608173851,0.22886952710795888,0.5164605347256761,0.024414986068769306,0.49225653240759054,0.021794623416861416,0.5187660951516155,0.49470134784897,0.021794623416861416,0.021794623416861416,0.4358034328902227,0.5776099946968711,0.021794623416861416,0.4301368429833916,0.22832950997175325,0.5271506170910729,0.021794623416861416,0.5256468963051917,0.512810963891558,0.021794623416861416,0.021794623416861416,0.5315481432567664,0.49404332207638846,0.021794623416861416,0.5304553968950505,0.2285914724705789,0.5104007864995235,0.4196006789060684,0.22834524974523213,0.021794623416861416,0.021794623416861416,0.5108140056781293,0.021794623416861416,0.021794623416861416,0.4322555121256602,0.22813370007188633,0.02611519509656181,0.024561165835760086,0.5120624870101413,0.021794623416861416,0.021794623416861416,0.021794623416861416,0.585617716698102,0.021794623416861416,0.021794623416861416,0.45103318019598004,0.021794623416861416,0.021794623416861416,0.2276832575728365,0.5220004831823511,0.021794623416861416,0.021794623416861416,0.021794623416861416,0.5129773675203745,0.021794623416861416,0.22728075190443559,0.021794623416861416,0.42106794711581097,0.021794623416861416,0.021794623416861416,0.5067757326789394,0.021794623416861416,0.021794623416861416,0.22857985115592103,0.4683369168459724,0.024414986068769306,0.021794623416861416,0.021794623416861416,0.508931324720672,0.2295097698929197,0.021794623416861416,0.021794623416861416,0.5147483882952942,0.021794623416861416,0.021794623416861416,0.42668457598040865
0.23034205729931453,0.23034205729931453,0.233427056609898,0.31641432067735886,0.25220993826349025,0.8623387302570565,0.5646943665440234,0.23136938847007546,0.32552336273717175,0.5739482849033364,0.5072432431932468,0.3246410286969189,0.5537570099480938,0.23034205729931453,0.49314811894101473,0.3240081167948993,0.5568638268696123,0.5652885700561037,0.3238409300010178,0.2305416898063401,0.4995178730949428,0.5500600266642475,0.324650616254825,0.48470021008042036,0.23034205729931453,0.6157689227083323,0.2305416898063401,0.5712688686997435,0.23034205729931453,0.5413563463575062,0.5728673606609656,0.23054303808336746,0.32330035812211944,0.48174630470442165,0.48779595903040723,0.23034205729931453,0.6160213823618036,0.23034205729931453,0.4882163487076019,0.3237068313074475,0.5601862300998439,0.23034205729931453,0.607077574910877,0.2306030283855505,0.4930450501637222,0.23034205729931453,0.6110080243016209,0.49785013578212467,0.23034205729931453,0.5621278680538352,0.3237587469247944,0.5630635446039457,0.23060437630193054,0.5412922137808269,0.23034205729931453,0.5651452283119153,0.5434841260578185,0.23034205729931453,0.23034205729931453,0.49121066689737586,0.6186614610413312,0.23034205729931453,0.48624790406597385,0.32337880547350173,0.572726276371143,0.23034205729931453,0.5713654445760913,0.5597710290794999,0.23034205729931453,0.23034205729931453,0.5767088865252356,0.5428940033394911,0.23034205729931453,0.5757188364261119,0.32356305944835567,0.557598478061316,0.4770564447987518,0.32338987323259233,0.23034205729931453,0.23034205729931453,0.5579708523108705,0.23034205729931453,0.23034205729931453,0.4881018746213027,0.32324114932163994,0.23079031283437387,0.23061987677087484,0.5590961896800782,0.23034205729931453,0.23034205729931453,0.23034205729931453,0.6259934840373663,0.23034205729931453,0.23034205729931453,0.5046117955605315,0.23034205729931453,0.23034205729931453,0.3229247077551092,0.568067707662827,0.23034205729931453,0.23034205729931453,0.23034205729931453,0.5599210805185192,0.23034205729931453,0.32264220678374367,0.23034205729931453,0.47833355368637637,0.23034205729931453,0.23034205729931453,0.5543336217767088,0.23034205729931453,0.23034205729931453,0.32355488325076753,0.5199410265322859,0.23060437630193054,0.23034205729931453,0.23034205729931453,0.5562746192776999,0.3242097816543798,0.23034205729931453,0.23034205729931453,0.5615184946459008,0.23034205729931453,0.23034205729931453,0.48323098101851447
0.5280687400691929,0.5280687400691929,0.5293696938690344,0.5690873033684207,0.5375797293596619,0.9360764882450895,0.7253627335999309,0.5285004505436454,0.5739482849033364,0.7318403122616748,0.6858568190539014,0.5734735266981356,0.7177433040321275,0.5280687400691929,0.6763859280673661,0.5731334867419324,0.7199034492073488,0.7257778390038608,0.5730437349981357,0.528152511686433,0.6806537096015612,0.715177312974095,0.573478681024091,0.6707581594540836,0.5280687400691929,0.761412986433656,0.528152511686433,0.7299619823599552,0.5280687400691929,0.7091562669309543,0.7310822930454147,0.5281530776580636,0.5727537418077078,0.668799339353937,0.6728160867757434,0.5280687400691929,0.7615927734603363,0.5280687400691929,0.673095938501227,0.5729717677235595,0.7222172141861022,0.5280687400691929,0.7552317286522683,0.5281782626781858,0.6763170413117097,0.5280687400691929,0.7580250361941843,0.6795343316457203,0.5280687400691929,0.7235711426586365,0.5729996271993464,0.7242240547339023,0.5281788286175729,0.709112008234275,0.5280687400691929,0.7256776910929414,0.7106255752427687,0.5280687400691929,0.5280687400691929,0.6750919376680222,0.7634736542941734,0.5280687400691929,0.6717863625413066,0.5727958059650822,0.730983381518751,0.5280687400691929,0.7300296454148646,0.7219278553382874,0.5280687400691929,0.5280687400691929,0.7337778559229088,0.7102178996636656,0.5280687400691929,0.7330827183523665,0.5728946304972399,0.7204147414618645,0.6656991978465392,0.5728017411254784,0.5280687400691929,0.5280687400691929,0.7206739728755,0.5280687400691929,0.5280687400691929,0.6730197242844698,0.5727219978988257,0.5282569214582816,0.5281853368695962,0.7214576769480221,0.5280687400691929,0.5280687400691929,0.5280687400691929,0.7687043115086754,0.5280687400691929,0.5280687400691929,0.6840812533585643,0.5280687400691929,0.5280687400691929,0.572552406259637,0.7277208489432878,0.5280687400691929,0.5280687400691929,0.5280687400691929,0.7220324212991963,0.5280687400691929,0.5724010953393829,0.5280687400691929,0.666542196619989,0.5280687400691929,0.5280687400691929,0.7181439597245062,0.5280687400691929,0.5280687400691929,0.5728902444263704,0.6944702050533635,0.5281788286175729,0.5280687400691929,0.5280687400691929,0.7194935167792964,0.5732417872936701,0.5280687400691929,0.5280687400691929,0.7231460817950236,0.5280687400691929,0.5280687400691929,0.6697832787159611
0.45349987208423664,0.45349987208423664,0.45504295841684544,0.5016078919402378,0.46475254405509914,0.9151044142737919,0.6786320766672774,0.4540120727693877,0.5072432431932468,0.6858568190539014,0.63445363290821,0.5066933932867052,0.6701280435502174,0.45349987208423664,0.6238245315250117,0.5062994989057966,0.6725396523245455,0.6790951907274363,0.5061955226788284,0.4535992734496456,0.6286163884240531,0.6672626112399177,0.5066993634823037,0.6174999609234179,0.45349987208423664,0.7187984874331708,0.4535992734496456,0.6837622584327029,0.45349987208423664,0.6605356283863059,0.6850115781934181,0.4535999449998657,0.505859541042266,0.6152970180743298,0.6198134663409057,0.45349987208423664,0.7189986067797816,0.45349987208423664,0.6201280035244685,0.5061121465388687,0.6751221616359359,0.45349987208423664,0.7119173805730465,0.45362982788938055,0.623747155511098,0.45349987208423664,0.7150271539464417,0.6273599039936608,0.45349987208423664,0.6766330695765538,0.5061444228517784,0.6773616107125651,0.4536304993903767,0.6604861626789571,0.45349987208423664,0.6789834619608094,0.6621776483655849,0.45349987208423664,0.45349987208423664,0.6223709133453944,0.7210921297440905,0.45349987208423664,0.6186559722105958,0.5059082786086455,0.6849012813787039,0.45349987208423664,0.6838377166437836,0.6747992269857884,0.45349987208423664,0.45349987208423664,0.6880170640133793,0.6617220814075021,0.45349987208423664,0.6872420668852529,0.5060227779064952,0.6731103841184893,0.6118087719809517,0.5059151552990949,0.45349987208423664,0.45349987208423664,0.6733997405558438,0.45349987208423664,0.45349987208423664,0.620042344789637,0.5058227604115274,0.45372315615557823,0.45363822157408557,0.6742744712471992,0.45349987208423664,0.45349987208423664,0.45349987208423664,0.7269135648339793,0.45349987208423664,0.45349987208423664,0.6324622438836738,0.45349987208423664,0.45349987208423664,0.5056262513198684,0.6812626790295557,0.45349987208423664,0.45349987208423664,0.45349987208423664,0.6749159273605873,0.45349987208423664,0.505450911926801,0.45349987208423664,0.6127575195326035,0.45349987208423664,0.45349987208423664,0.6705753817082017,0.45349987208423664,0.45349987208423664,0.5060176962583041,0.6441059563652847,0.4536304993903767,0.45349987208423664,0.45349987208423664,0.672082041820498,0.5064249581806914,0.45349987208423664,0.45349987208423664,0.6761587474107524,0.45349987208423664,0.45349987208423664,0.6164036883562917
0.22908813708338174,0.22908813708338174,0.23218989245455168,0.3155059613883885,0.25106596367646367,0.8621149896308372,0.5642099773629089,0.23012109776750345,0.3246410286969189,0.5734735266981356,0.5066933932867052,0.3237562358691306,0.5532609467734976,0.22908813708338174,0.49258040359414423,0.32312155223243827,0.5563711131456605,0.5648048058820201,0.3229538963031482,0.22928886745225102,0.4989583334308292,0.549559942038188,0.3237658502142761,0.4841213778611609,0.22908813708338174,0.6153352656290211,0.22928886745225102,0.5707913441470119,0.22908813708338174,0.5408466350244199,0.5723914886005448,0.2292902231375471,0.32241180432399036,0.48116350851169765,0.48722123786472954,0.22908813708338174,0.6155879628264244,0.22908813708338174,0.48764218244293867,0.3228194209810276,0.5596970686192743,0.22908813708338174,0.6066356692293808,0.2293505429760363,0.4924772010956541,0.22908813708338174,0.6105698661111779,0.4972884721777943,0.22908813708338174,0.5616407686346764,0.32287148244412733,0.5625774352870063,0.22935189829476793,0.5407824306600348,0.22908813708338174,0.5646613134498163,0.542976789292724,0.22908813708338174,0.22908813708338174,0.4906404301322927,0.6182305188692423,0.22908813708338174,0.48567113260992967,0.32249047257733787,0.572250258715578,0.22908813708338174,0.570888020042436,0.5592814253252337,0.22908813708338174,0.22908813708338174,0.5762369600715423,0.542386009400961,0.22908813708338174,0.5752458965316737,0.3226752449885536,0.5571065524238656,0.4764672701215063,0.32250157149404146,0.22908813708338174,0.22908813708338174,0.5574793255629544,0.22908813708338174,0.22908813708338174,0.4875275573335113,0.32235242872690306,0.22953885510621388,0.22936748388140124,0.5586058660838906,0.22908813708338174,0.22908813708338174,0.22908813708338174,0.6255693592917014,0.22908813708338174,0.22908813708338174,0.5040586721509993,0.22908813708338174,0.22908813708338174,0.32203509470796365,0.5675868545154125,0.22908813708338174,0.22908813708338174,0.22908813708338174,0.5594316366536167,0.22908813708338174,0.32175179556883465,0.22908813708338174,0.4777461264387379,0.22908813708338174,0.22908813708338174,0.5538381822978798,0.22908813708338174,0.22908813708338174,0.32266704579771927,0.5194065979155399,0.22935189829476793,0.22908813708338174,0.22908813708338174,0.5557812724076161,0.3233237823493729,0.22908813708338174,0.22908813708338174,0.5610307491506001,0.22908813708338174,0.22908813708338174,0.4826501822712319
0.5056812914399565,0.5056812914399565,0.5070487838038302,0.5486766251221302,0.5156724656520775,0.9297387324819513,0.7110393948410784,0.5061351129567521,0.5537570099480938,0.7177433040321275,0.6701280435502174,0.5532609467734976,0.703152550642832,0.5056812914399565,0.6603115844408932,0.5529056311163312,0.7053886516368086,0.7114690303487498,0.5528118451621168,0.5057693560110994,0.6647355872395203,0.7004961761113917,0.553266332543947,0.6544764798992596,0.5056812914399565,0.7483415404295515,0.5057693560110994,0.7157994305088367,0.5056812914399565,0.6942623292301493,0.7169588420873575,0.5057699509825381,0.5525088107067787,0.6524451220451842,0.6566104055754626,0.5056812914399565,0.7485275408099309,0.5056812914399565,0.6569005757825621,0.5527366423773692,0.7077836462021199,0.5056812914399565,0.7419465860176574,0.5057964264039595,0.660240169102202,0.5056812914399565,0.7448364842038387,0.6635753162087165,0.5056812914399565,0.7091850483340327,0.5527657544340069,0.7098608388427945,0.505797021339103,0.6942165023789295,0.5056812914399565,0.7113653772632008,0.6957836640199832,0.5056812914399565,0.5056812914399565,0.6589700584130745,0.7504734195162375,0.5056812914399565,0.6555426806148031,0.5525527671440188,0.7168564793348976,0.5056812914399565,0.7158694558161537,0.7074841358280588,0.5056812914399565,0.5056812914399565,0.7197483890318326,0.6953615595879206,0.5056812914399565,0.7190290272506175,0.5526560365316671,0.7059179050533886,0.6492297703395402,0.5525589692841358,0.5056812914399565,0.5056812914399565,0.706186240547474,0.5056812914399565,0.5056812914399565,0.6568215518366541,0.5524756386418728,0.5058791147404698,0.5058038630359235,0.7069974580161076,0.5056812914399565,0.5056812914399565,0.5056812914399565,0.755884815803237,0.5056812914399565,0.5056812914399565,0.6682879961878259,0.5056812914399565,0.5056812914399565,0.5522984150702092,0.7134800031631784,0.5056812914399565,0.5056812914399565,0.5056812914399565,0.7075923704866108,0.5056812914399565,0.5521402920113484,0.5056812914399565,0.6501041475965047,0.5056812914399565,0.5056812914399565,0.7035673032931075,0.5056812914399565,0.5056812914399565,0.5526514532118427,0.6790523869792128,0.505797021339103,0.5056812914399565,0.5056812914399565,0.7049643140448525,0.5530187983574123,0.5056812914399565,0.5056812914399565,0.7087450878582929,0.5056812914399565,0.5056812914399565,0.6534655225870221
0.0,0.0,0.037852344880803704,0.21722366907894028,0.10281168385589282,0.8408964152537145,0.5178252258466608,0.021794623416861416,0.23034205729931453,0.5280687400691929,0.45349987208423664,0.22908813708338174,0.5056812914399565,0.0,0.4374791160642322,0.22818657077597884,0.5091351013148658,0.518483807293242,0.22794812019853394,0.009598821920400982,0.4447329385628279,0.5015668253537979,0.22910178068058043,0.4278211401986123,0.0,0.5740573257005412,0.009598821920400982,0.5251056060016611,0.0,0.4918598189931915,0.5268736290360913,0.009631195782475241,0.22717627040499497,0.42443348489780414,0.43136546138853293,0.0,0.5743336285073323,0.0,0.43184630009161107,0.22775677125233426,0.5128247929825767,0.0,0.5645363518060513,0.010975582080598406,0.43736154675336497,0.0,0.568844123532717,0.4428359995456134,0.0,0.5149793067008678,0.22783086056622154,0.5160171094659594,0.011003906225211798,0.49178818328766877,0.0,0.5183249461720794,0.49423560635965763,0.0,0.0,0.435268021815473,0.5772222095120032,0.0,0.4295938524836243,0.227288362224095,0.5267176140268143,0.0,0.5252124472396572,0.5123639022810182,0.0,0.0,0.5311193325910868,0.49357688083714035,0.0,0.5300255494543737,0.2275515298189776,0.5099513007386439,0.41904310580487714,0.2273041744826306,0.0,0.0,0.5103649368318421,0.0,0.0,0.43171537636432633,0.22709164974216509,0.014387419455060503,0.011324543082904063,0.5116146745368014,0.0,0.0,0.0,0.5852365956050102,0.0,0.0,0.4505172957586509,0.0,0.0,0.22663912505037437,0.5215625007833508,0.0,0.0,0.0,0.51253047260625,0.0,0.22623475180472097,0.0,0.42051244441503827,0.0,0.0,0.5063225660579233,0.0,0.0,0.2275398551017079,0.4678418582982634,0.011003906225211798,0.0,0.0,0.508480351959132,0.22847402995425567,0.0,0.0,0.514303262195225,0.0,0.0,0.42613687915322285
0.4374791160642322,0.4374791160642322,0.4390832432201112,0.48732807669523515,0.4491682652859285,0.9106960356867378,0.6690032742852562,0.4380116211668714,0.49314811894101473,0.6763859280673661,0.6238245315250117,0.49258040359414423,0.6603115844408932,0.4374791160642322,0.6129438270800827,0.49217369061061783,0.6627766159955686,0.6694765509212366,0.4920663278129063,0.43758246120387745,0.617849720760121,0.6573824545596224,0.4925865679481891,0.6064671407396132,0.4374791160642322,0.7100333009761479,0.43758246120387745,0.6742457221653473,0.4374791160642322,0.6505049458248382,0.6755222804419937,0.43758315939252534,0.4917193948994488,0.6042107691623516,0.6088365064139889,0.4374791160642322,0.7102376494520425,0.4374791160642322,0.6091586186733322,0.49198023519974055,0.6654161504172165,0.4374791160642322,0.703006413898249,0.4376142275739923,0.6128646012268949,0.4374791160642322,0.7061821589972764,0.6165634329918782,0.4374791160642322,0.6669603352822502,0.492013563196196,0.6677048999093177,0.43761492570810917,0.6504543679456903,0.4374791160642322,0.6693623708975154,0.6521838397390253,0.4374791160642322,0.4374791160642322,0.6114554114271292,0.7123753815201961,0.4374791160642322,0.6076510959719562,0.4917697218324653,0.6754095804109909,0.4374791160642322,0.6743228266649548,0.66508609515751,0.4374791160642322,0.4374791160642322,0.6785931382433223,0.6517180510352081,0.4374791160642322,0.6778013049690003,0.4918879540024197,0.6633599664322953,0.6006374359938578,0.4917768227555645,0.4374791160642322,0.4374791160642322,0.663655716895834,0.4374791160642322,0.4374791160642322,0.6090708974578987,0.4916814146525942,0.43771125672586986,0.4376229541643244,0.6645497625391615,0.4374791160642322,0.4374791160642322,0.4374791160642322,0.7183194469512693,0.4374791160642322,0.4374791160642322,0.621786373831066,0.4374791160642322,0.4374791160642322,0.49147849379978675,0.6716915278743512,0.4374791160642322,0.4374791160642322,0.4374791160642322,0.6652053690730307,0.4374791160642322,0.49129742977189816,0.4374791160642322,0.6016093855553194,0.4374791160642322,0.4374791160642322,0.6607688449033482,0.4374791160642322,0.4374791160642322,0.49188270671451073,0.6337012669347628,0.43761492570810917,0.4374791160642322,0.4374791160642322,0.6623088812161765,0.49230323458868963,0.4374791160642322,0.4374791160642322,0.6664755731598596,0.4374791160642322,0.4374791160642322,0.6053443091951693
0.22818657077597884,0.22818657077597884,0.2313004842887113,0.3148542928477905,0.25024409242122964,0.861954755713126,0.5638630323403435,0.22922361672685615,0.3240081167948993,0.5731334867419324,0.5062994989057966,0.32312155223243827,0.5529056311163312,0.22818657077597884,0.49217369061061783,0.3224855918893123,0.5560181992445401,0.5644583089851033,0.3223175978964591,0.22838809789005882,0.4985574868605064,0.5492017426629757,0.3231311858801065,0.4837066872258044,0.22818657077597884,0.6150246873306392,0.22838809789005882,0.5704493208783424,0.22818657077597884,0.5404815320564395,0.572050650079842,0.22838945895165205,0.3217744105007228,0.4807459730359035,0.4868094974986074,0.22818657077597884,0.6152775547728,0.22818657077597884,0.48723084028786023,0.32218285117028234,0.5593467018088233,0.22818657077597884,0.6063191790609636,0.22845001793880879,0.49207039215712095,0.22818657077597884,0.6102560618620567,0.49688610163441893,0.22818657077597884,0.5612918803614947,0.32223501773216456,0.5622292569262168,0.22845137862950057,0.5404172762086608,0.22818657077597884,0.5643147085108802,0.5426133892544168,0.22818657077597884,0.22818657077597884,0.49023190781914217,0.6179218862917634,0.22818657077597884,0.485257920883155,0.3218532379423831,0.5719093158116907,0.22818657077597884,0.5705460684825455,0.5589307413925483,0.22818657077597884,0.22818657077597884,0.5758989502690002,0.5420221380722404,0.22818657077597884,0.5749071601738082,0.32203838395154466,0.556754203617165,0.47604515671968795,0.32186435931211377,0.22818657077597884,0.22818657077597884,0.5571272627769321,0.22818657077597884,0.22818657077597884,0.48711610680063655,0.3217149147048265,0.22863907585892818,0.22846702598681712,0.5582546660023174,0.22818657077597884,0.22818657077597884,0.22818657077597884,0.6252656124477177,0.22818657077597884,0.22818657077597884,0.5036624291801058,0.22818657077597884,0.22818657077597884,0.3213969375515266,0.5672424447712987,0.22818657077597884,0.22818657077597884,0.22818657077597884,0.5590810673660872,0.22818657077597884,0.3211130632152407,0.22818657077597884,0.4773252672224667,0.22818657077597884,0.22818657077597884,0.5534833138733708,0.22818657077597884,0.22818657077597884,0.322030168191279,0.5190237665707371,0.22845137862950057,0.22818657077597884,0.22818657077597884,0.5554279045085447,0.3226882293329224,0.22818657077597884,0.22818657077597884,0.5606813976314827,0.22818657077597884,0.22818657077597884,0.48223408032501985
0.5091351013148658,0.5091351013148658,0.5104920277005794,0.5518179505653521,0.5190501010016408,0.9307159291833971,0.713234344146221,0.5095854113327027,0.5568638268696123,0.7199034492073488,0.6725396523245455,0.5563711131456605,0.7053886516368086,0.5091351013148658,0.6627766159955686,0.5560181992445401,0.707613060672038,0.7136617445887774,0.5559250476050891,0.5092224840837475,0.6671764602055535,0.7027461934115052,0.5563764625279811,0.6569735945310279,0.5091351013148658,0.7503442543382108,0.5092224840837475,0.7179696523522641,0.5091351013148658,0.6965451265187588,0.7191230523357123,0.5092230744495169,0.5556240637565044,0.6549534665737037,0.6590957575915403,0.5091351013148658,0.7505293022367551,0.5091351013148658,0.6593843309979083,0.5558503535604996,0.7099955544166554,0.5091351013148658,0.7439820680860892,0.5092493449336322,0.662705591791186,0.5091351013148658,0.7468571528419663,0.6660225117823667,0.5091351013148658,0.7113896519885394,0.555879268664898,0.7120619226605173,0.5092499352637794,0.6964995413067533,0.5091351013148658,0.7135586306712293,0.6980584451365208,0.5091351013148658,0.5091351013148658,0.6614424435907633,0.7524652179432304,0.5091351013148658,0.6580339137917375,0.555667722644576,0.7190212201672211,0.5091351013148658,0.7180393144541433,0.7096976061458621,0.5091351013148658,0.5091351013148658,0.7218981523915378,0.6976385637544061,0.5091351013148658,0.7211825138963479,0.5557702931163052,0.7081395496966383,0.6517559569290287,0.555673882804003,0.5091351013148658,0.5091351013148658,0.7084064840435713,0.5091351013148658,0.5091351013148658,0.6593057418562311,0.5555911162618463,0.5093313933175053,0.5092567240042072,0.7092134673432332,0.5091351013148658,0.5091351013148658,0.5091351013148658,0.7578489188370275,0.5091351013148658,0.5091351013148658,0.670709568738037,0.5091351013148658,0.5091351013148658,0.5554150927966753,0.715662264405914,0.5091351013148658,0.5091351013148658,0.5091351013148658,0.7098052762647056,0.5091351013148658,0.5552580409675569,0.5091351013148658,0.6526254740335635,0.5091351013148658,0.5091351013148658,0.7058012341262255,0.5091351013148658,0.5091351013148658,0.5557657408119189,0.6814159760446694,0.5092499352637794,0.5091351013148658,0.5091351013148658,0.7071909402776266,0.5561306012919743,0.5091351013148658,0.5091351013148658,0.7109519839392078,0.5091351013148658,0.5091351013148658,0.6559682220415148
