0.0,0.0,0.14744131511740746,0.1667931780067752,0.5601706033639301,0.8408964121211313,0.006515811467552814,0.23621189234929696,0.5398854941348258,0.009794419861366147,0.4634470860155692,0.23411505517338896,0.5165587641805075,0.009388956203726026,0.44676610283170853,0.5782651964415694,0.009794419861366147,0.0,0.5871551837296232,0.4544996026825164,0.0,0.5125558843043349,0.2338562642907394,0.4369857735622156,0.0,0.5873743848717907,0.01842070360413618,0.5368100656381612,0.5026436169431642,0.004694478244386752,0.0,0.5388450451030754,0.49587125109229224,0.0,0.4403385535429721,0.0,0.5875731937585157,0.0,0.440770533721823,0.23259305891228094,0.5245129876329634,0.5209566885504917,0.2305359085178317,0.4440528970169134,0.04727162575655186,0.004694478244386752,0.5818216948416636,0.0,0.4524960185310999,0.5839045861726899,0.0,0.5272569748523132,0.44070304562513357,0.23246916812039134,0.5297630260406744,0.0,0.0,0.50479014146891,0.4448425766556812,0.0,0.5912831759844553,0.43876715075563605,0.0,0.2318234662925539,0.5380951259610451,0.5367760955625568,0.23095413444725835,0.4644977474901683,0.0,0.0,0.5996226112582529,0.442585124723124,0.0153074206232145,0.5985340216281331,0.011541274609648761,0.5214260094745602,0.011271348969078316,0.4903611901763117,0.0,0.5219067102789509,0.0,0.0,0.0,0.4412041448054549,0.23198768814518694,0.0,0.043627794125926114,0.5230844396911977,0.0,0.0,0.5990947874071423,0.0,0.0,0.011228135981127076,0.4601830902052386,0.0,0.0,0.23116050445091343,0.5331610928977596,0.0,0.0,0.0,0.5241188161718071,0.0,0.23110487985940456,0.42948013082316583,0.0058056324071058775,0.006638994659200239,0.006638994659200239,0.517378424447365,0.0,0.0,0.23265952724425612,0.47799129820930897,0.011228135981127076,0.0,0.0,0.5195640554394346,0.23321573072863525,0.0,0.0,0.5252722499583775,0.0,0.0,0.43524650836823003
0.0,0.0,0.14744131511740746,0.1667931780067752,0.5601706033639301,0.8408964121211313,0.006515811467552814,0.23621189234929696,0.5398854941348258,0.009794419861366147,0.4634470860155692,0.23411505517338896,0.5165587641805075,0.009388956203726026,0.44676610283170853,0.5782651964415694,0.009794419861366147,0.0,0.5871551837296232,0.4544996026825164,0.0,0.5125558843043349,0.2338562642907394,0.4369857735622156,0.0,0.5873743848717907,0.01842070360413618,0.5368100656381612,0.5026436169431642,0.004694478244386752,0.0,0.5388450451030754,0.49587125109229224,0.0,0.4403385535429721,0.0,0.5875731937585157,0.0,0.440770533721823,0.23259305891228094,0.5245129876329634,0.5209566885504917,0.2305359085178317,0.4440528970169134,0.04727162575655186,0.004694478244386752,0.5818216948416636,0.0,0.4524960185310999,0.5839045861726899,0.0,0.5272569748523132,0.44070304562513357,0.23246916812039134,0.5297630260406744,0.0,0.0,0.50479014146891,0.4448425766556812,0.0,0.5912831759844553,0.43876715075563605,0.0,0.2318234662925539,0.5380951259610451,0.5367760955625568,0.23095413444725835,0.4644977474901683,0.0,0.0,0.5996226112582529,0.442585124723124,0.0153074206232145,0.5985340216281331,0.011541274609648761,0.5214260094745602,0.011271348969078316,0.4903611901763117,0.0,0.5219067102789509,0.0,0.0,0.0,0.4412041448054549,0.23198768814518694,0.0,0.043627794125926114,0.5230844396911977,0.0,0.0,0.5990947874071423,0.0,0.0,0.011228135981127076,0.4601830902052386,0.0,0.0,0.23116050445091343,0.5331610928977596,0.0,0.0,0.0,0.5241188161718071,0.0,0.23110487985940456,0.42948013082316583,0.0058056324071058775,0.006638994659200239,0.006638994659200239,0.517378424447365,0.0,0.0,0.23265952724425612,0.47799129820930897,0.011228135981127076,0.0,0.0,0.5195640554394346,0.23321573072863525,0.0,0.0,0.5252722499583775,0.0,0.0,0.43524650836823003
0.14744131511740746,0.14744131511740746,0.2084888682158433,0.22258462928840736,0.5782368909727031,0.8498890670869415,0.14758518607865706,0.2783665723883144,0.5587508025399385,0.14776619807667093,0.48576129614095603,0.27659206442949313,0.5363959799999628,0.1477398828548926,0.46995135958767836,0.5956501862234136,0.14776619807667093,0.14744131511740746,0.6042151558337098,0.47727470613707706,0.14744131511740746,0.5325662278892885,0.27637336407671503,0.4607063616646356,0.14744131511740746,0.6044264186022201,0.14858728843714217,0.5558000897276266,0.5230913659526522,0.1475160137575398,0.14744131511740746,0.557752435538624,0.5166253050375229,0.14744131511740746,0.4638734665401473,0.14744131511740746,0.6046180306967337,0.14744131511740746,0.46428168991986984,0.27530683262756916,0.544011885083991,0.540605925512724,0.2735735065822263,0.467384757618521,0.15483205627213031,0.1475160137575398,0.5990759310304211,0.14744131511740746,0.4753763084356551,0.6010826999409762,0.14744131511740746,0.5466408667045697,0.4642179108618269,0.2752023194020629,0.5490426264140142,0.14744131511740746,0.14744131511740746,0.5251420911150377,0.46813161992560093,0.14744131511740746,0.6081942444584899,0.4623888016174793,0.14744131511740746,0.2746578682393781,0.5570329175556628,0.5557675027583215,0.2739255396647785,0.4867587597757117,0.14744131511740746,0.14744131511740746,0.616236560537191,0.4659968960178399,0.14823360806246796,0.6151864826164928,0.14789222681448638,0.5410553218920845,0.1478714120893175,0.5113691474827169,0.14744131511740746,0.5415156417905355,0.14744131511740746,0.14744131511740746,0.14744131511740746,0.4646914922624471,0.2747962978900602,0.14744131511740746,0.15375902132796826,0.5426435513643368,0.14744131511740746,0.14744131511740746,0.6157273998101245,0.14744131511740746,0.14744131511740746,0.1478681252856827,0.48266378657077214,0.14744131511740746,0.14744131511740746,0.27409931503759644,0.5523003891677852,0.14744131511740746,0.14744131511740746,0.14744131511740746,0.5436343047076315,0.14744131511740746,0.27405247154912604,0.4536248697874613,0.14755554477259875,0.14759067455552138,0.14759067455552138,0.5371804303193043,0.14744131511740746,0.14744131511740746,0.2753629112890769,0.49958545438590163,0.1478681252856827,0.14744131511740746,0.14744131511740746,0.5392725679727322,0.2758323531080291,0.14744131511740746,0.14744131511740746,0.5447392394975037,0.14744131511740746,0.14744131511740746,0.4590643267464756
0.1667931780067752,0.1667931780067752,0.22258462928840736,0.2358355211134249,0.583167631736493,0.8523524949628234,0.16692035097920402,0.28905205090484415,0.5638931614892662,0.16708039272261183,0.4918035834139087,0.2873443760216873,0.5417942129485287,0.1670571234669538,0.47621723159833274,0.6003996229649442,0.16708039272261183,0.1667931780067752,0.60887782840516,0.48343549202647046,0.1667931780067752,0.5380098586278678,0.2871339675698896,0.46710886454199674,0.1667931780067752,0.6090869698503049,0.16780689382305664,0.5609753779454272,0.5286494438540258,0.16685920357490722,0.1667931780067752,0.5629059087011575,0.5222633119639656,0.1667931780067752,0.47022864832489447,0.1667931780067752,0.6092766587014097,0.1667931780067752,0.4706308118150144,0.2861080478662054,0.5493212438893099,0.545954803558508,0.2844413492934157,0.473688106556524,0.1733598467564436,0.16685920357490722,0.6037904836282847,0.1667931780067752,0.48156407747485597,0.6057769306800646,0.1667931780067752,0.5519199664972735,0.4705679789375294,0.2860075300124931,0.5542942653900549,0.1667931780067752,0.1667931780067752,0.5306751339313989,0.4744240279338109,0.1667931780067752,0.6128171094352756,0.4687660984319777,0.1667931780067752,0.2854839378758133,0.5621944179554952,0.5609431560086638,0.2847797873676625,0.4927873417295558,0.1667931780067752,0.1667931780067752,0.6207798879455728,0.47232065393940975,0.16749385033302566,0.6197401273765072,0.1671918462326345,0.546398964821959,0.16717343730644843,0.5170732730838437,0.1667931780067752,0.5468539289427468,0.1667931780067752,0.1667931780067752,0.1667931780067752,0.4710345398286469,0.2856170567499565,0.1667931780067752,0.17240232466703279,0.5479687434491081,0.1667931780067752,0.1667931780067752,0.6202757273940399,0.1667931780067752,0.1667931780067752,0.16717053044829197,0.4887489284861679,0.1667931780067752,0.1667931780067752,0.28494686370765504,0.5575150538726706,0.1667931780067752,0.1667931780067752,0.1667931780067752,0.548948026786436,0.1667931780067752,0.2849018252591168,0.4601351975131693,0.16689414769630878,0.1669252029869135,0.1669252029869135,0.5425694236643185,0.1667931780067752,0.1667931780067752,0.2861619838889524,0.5054417525670696,0.16717053044829197,0.1667931780067752,0.1667931780067752,0.544637016185639,0.28661352104902915,0.1667931780067752,0.1667931780067752,0.5500402054589077,0.1667931780067752,0.1667931780067752,0.46549158064144
0.5601706033639301,0.5601706033639301,0.5782368909727031,0.583167631736493,0.7719354347365212,0.9451328362228487,0.5602065833544904,0.6052108641942942,0.7595525994160219,0.5602518976571386,0.7144247414198428,0.6044509428569207,0.7454996216626125,0.5602453067633646,0.7049790065798606,0.7830892874443773,0.5602518976571386,0.5601706033639301,0.7886015395042506,0.7093374913821241,0.5601706033639301,0.7431105240694703,0.6043575400224696,0.6995202744245113,0.5601706033639301,0.7887376999220779,0.560458090005641,0.757687760833063,0.737225001130211,0.5601892803516975,0.5601706033639301,0.7589213160598456,0.7332299275188449,0.5601706033639301,0.7013847210922916,0.5601706033639301,0.7888612031743134,0.5601706033639301,0.7016254654648424,0.6039028458502981,0.7502671910877852,0.7481323796975521,0.6031667229254312,0.7034586111593277,0.5620605506617672,0.5601892803516975,0.7852921315146992,0.5601706033639301,0.7082048126880985,0.786583728686465,0.5601706033639301,0.7519178905450365,0.7015878462150341,0.6038583604002177,0.7534280747732898,0.5601706033639301,0.5601706033639301,0.7384957424943976,0.7039006482077443,0.5601706033639301,0.7911675900673556,0.7005099791681998,0.5601706033639301,0.6036268251084904,0.7584665552804409,0.7576671820177245,0.6033159414014702,0.7150251635792475,0.5601706033639301,0.5601706033639301,0.796363101715748,0.7026380418219415,0.5603691448552707,0.7956840697584109,0.5602834777124605,0.748413810411105,0.5602782602876485,0.7299958124232441,0.5601706033639301,0.7487021596058673,0.5601706033639301,0.5601706033639301,0.5601706033639301,0.70186723842313,0.6036856612323702,0.5601706033639301,0.5617809046458071,0.7494090247998403,0.5601706033639301,0.5601706033639301,0.7960338296106187,0.5601706033639301,0.5601706033639301,0.56027743647832,0.712563515048479,0.5601706033639301,0.5601706033639301,0.6033896544225914,0.7554797181659783,0.5601706033639301,0.5601706033639301,0.5601706033639301,0.7500303189462163,0.5601706033639301,0.6033697805896723,0.6953730563086015,0.5601991678615991,0.5602079565807901,0.5602079565807901,0.7459896810238261,0.5601706033639301,0.5601706033639301,0.6039267206859156,0.7227911542142151,0.56027743647832,0.5601706033639301,0.5601706033639301,0.7472978192472436,0.6041267245494135,0.5601706033639301,0.5601706033639301,0.7507236371581693,0.5601706033639301,0.5601706033639301,0.6985559521006686
0.8408964121211313,0.8408964121211313,0.8498890670869415,0.8523524949628234,0.9451328362228487,1.0,0.8409142620175499,0.8633996796442468,0.9394188171218422,0.8409367430941372,0.917866439906006,0.8630181245531992,0.9328174819195514,0.8409334732314132,0.9132450271090619,0.9501851150837344,0.8409367430941372,0.8408964121211313,0.9526451988672612,0.915381210050634,0.8408964121211313,0.931684163002618,0.8629712297928913,0.9105611596007432,0.8408964121211313,0.9527056397184113,0.8410390432829797,0.9385495733968505,0.9288796903142607,0.8409056778580991,0.8408964121211313,0.9391248049657054,0.9269663364249981,0.8408964121211313,0.9114788549652837,0.8408964121211313,0.9527604482185728,0.8408964121211313,0.9115972760200459,0.8627429498876977,0.9350698251933985,0.9340628302903371,0.8623734083671594,0.9124984160518279,0.8418343756060473,0.8409056778580991,0.9511712893112966,0.8408964121211313,0.9148266610621344,0.9517476345490796,0.8408964121211313,0.9358466923279115,0.9115787724297514,0.8627206166542953,0.9365560482182885,0.8408964121211313,0.8408964121211313,0.9294866727716341,0.9127155588289596,0.8408964121211313,0.9537815282774542,0.9110484278377114,0.8408964121211313,0.8626043801330686,0.9389128511294393,0.9385399690722928,0.8624483145682237,0.9181591524477378,0.8408964121211313,0.8408964121211313,0.9560641462552733,0.9120951662498628,0.8409949130265123,0.9557672309173588,0.8409524106571111,0.9341957275991273,0.8409498221636164,0.9254119882712089,0.8408964121211313,0.9343318462869153,0.8408964121211313,0.8408964121211313,0.8408964121211313,0.9117161855031432,0.862633916991803,0.8408964121211313,0.8416955453601271,0.9346653339510778,0.8408964121211313,0.8408964121211313,0.9559202218555526,0.8408964121211313,0.8408964121211313,0.8409494134519322,0.9169582452041637,0.8408964121211313,0.8408964121211313,0.8624853183548967,0.9375175795295206,0.8408964121211313,0.8408964121211313,0.8408964121211313,0.9349582186255321,0.8408964121211313,0.8624753416936627,0.9085162855224251,0.840910583124261,0.8409149432887862,0.8409149432887862,0.933049575610112,0.8408964121211313,0.8408964121211313,0.8627549359361719,0.9219328814356826,0.8409494134519322,0.8408964121211313,0.8408964121211313,0.9336684763783355,0.8628553467819481,0.8408964121211313,0.8408964121211313,0.9352847980254748,0.8408964121211313,0.8408964121211313,0.9100861141261295
0.006515811467552814,0.006515811467552814,0.14758518607865706,0.16692035097920402,0.5602065833544904,0.8409142620175499,0.00921474894727933,0.23630160324836672,0.5399231045244847,0.011763777439567703,0.4634918190192414,0.23420557420633353,0.5165983672850482,0.011428398736662633,0.44681265866193254,0.5782997915670907,0.011763777439567703,0.006515811467552814,0.5871891198563545,0.4545452989068075,0.006515811467552814,0.5125958435157569,0.2339468840581876,0.43703345486558365,0.006515811467552814,0.5874083049159664,0.019539143212992455,0.5368479311377596,0.5026844774370653,0.008030810909745572,0.006515811467552814,0.5388827415536044,0.4959127441058343,0.006515811467552814,0.4403858440289812,0.006515811467552814,0.5876070992230612,0.006515811467552814,0.44081777423862106,0.23268417356999574,0.5245518958572106,0.5209959053972536,0.23062784061100594,0.44409976066549106,0.047718573875077795,0.008030810909745572,0.5818560247273913,0.006515811467552814,0.4525419349869468,0.583938761719245,0.006515811467552814,0.527295647163809,0.4407502939428682,0.23256033160210196,0.5298014845476994,0.006515811467552814,0.006515811467552814,0.5048308043706182,0.44488935037144384,0.006515811467552814,0.5913168105465505,0.438814623750651,0.006515811467552814,0.2319148850750964,0.538132884596399,0.536813963892312,0.231045899184451,0.46454236949870903,0.006515811467552814,0.006515811467552814,0.599655644728699,0.442632156283329,0.016636493726360838,0.5985671329623484,0.013253558689752492,0.521465185404509,0.01301918224974186,0.490403208372437,0.006515811467552814,0.5219458443596505,0.006515811467552814,0.006515811467552814,0.006515811467552814,0.44125133525176563,0.23207904186335798,0.006515811467552814,0.044111678053094294,0.5231234714942056,0.006515811467552814,0.006515811467552814,0.5991278586093063,0.006515811467552814,0.006515811467552814,0.012981788644887953,0.46022817081922995,0.006515811467552814,0.006515811467552814,0.23125218682883392,0.5331992639661308,0.006515811467552814,0.006515811467552814,0.006515811467552814,0.5241577584420906,0.006515811467552814,0.23119658442194613,0.42952870674541943,0.008727036524982301,0.009302260386823436,0.009302260386823436,0.5174179551714397,0.006515811467552814,0.006515811467552814,0.23275061572876346,0.47803453200047774,0.012981788644887953,0.006515811467552814,0.006515811467552814,0.5196033940409729,0.23330660077642473,0.006515811467552814,0.006515811467552814,0.5253110927142819,0.006515811467552814,0.006515811467552814,0.4352943945216861
0.23621189234929696,0.23621189234929696,0.2783665723883144,0.28905205090484415,0.6052108641942942,0.8633996796442468,0.23630160324836672,0.3337937633869935,0.5868522511479028,0.23641454914862803,0.5185966497983198,0.33232011905386893,0.565853629311251,0.23639812402867338,0.5039467347721521,0.6216541262555743,0.23641454914862803,0.23621189234929696,0.629753588274279,0.510725691257379,0.23621189234929696,0.5622636701363968,0.33213869691857395,0.4954073251298574,0.23621189234929696,0.6299534594038085,0.23692793966830447,0.5840765110168344,0.5533921955587666,0.2362584641172967,0.23621189234929696,0.5859129548572503,0.5473465690401593,0.23621189234929696,0.4983303400018987,0.23621189234929696,0.6301347431384661,0.23621189234929696,0.49870728358220595,0.3312545871671943,0.5729993701937823,0.5698025946935841,0.32981997267785684,0.501573921392266,0.24088803266382702,0.2362584641172967,0.6248928096989187,0.23621189234929696,0.5089672181109837,0.6267905438360384,0.23621189234929696,0.5754680566847235,0.49864838882421836,0.33116800634908894,0.5777242492411396,0.23621189234929696,0.23621189234929696,0.5553110696504738,0.5022642290015416,0.23621189234929696,0.6335188263113818,0.496959785801399,0.23621189234929696,0.3307171353794209,0.5852360916080698,0.5840458629626648,0.33011111253147446,0.5195227912943043,0.23621189234929696,0.23621189234929696,0.6411333476119198,0.5002915126908177,0.23670658769690225,0.6401387999580069,0.2364932369207628,0.5702242913167437,0.236480238149138,0.5424375949853347,0.23621189234929696,0.5706562695807608,0.23621189234929696,0.23621189234929696,0.23621189234929696,0.4990857266136426,0.3308317457788396,0.23621189234929696,0.24020070007931152,0.5717148682122953,0.23621189234929696,0.23621189234929696,0.6406511003472327,0.23621189234929696,0.23621189234929696,0.23647818564579187,0.5157219953746224,0.23621189234929696,0.23621189234929696,0.33025487152841465,0.5807858723435164,0.23621189234929696,0.23621189234929696,0.23621189234929696,0.572644894864731,0.23621189234929696,0.3302161165908803,0.4888808745057614,0.2362831160197726,0.23630502664950934,0.23630502664950934,0.5665892447957476,0.23621189234929696,0.23621189234929696,0.33130104798688276,0.5314508348285587,0.23647818564579187,0.23621189234929696,0.23621189234929696,0.5685516014966122,0.3316900910938527,0.23621189234929696,0.23621189234929696,0.5736822751255954,0.23621189234929696,0.23621189234929696,0.4938928390693616
0.5398854941348258,0.5398854941348258,0.5587508025399385,0.5638931614892662,0.7595525994160219,0.9394188171218422,0.5399231045244847,0.5868522511479028,0.7467527989744628,0.5399704719695918,0.7000933455013453,0.5860615238648273,0.7322259041440297,0.5399635824655682,0.6903216891891968,0.7710824353742333,0.5399704719695918,0.5398854941348258,0.7767808961800988,0.6948308853224291,0.5398854941348258,0.7297560618084479,0.5859643310599765,0.6846733514519415,0.5398854941348258,0.7769216608337064,0.5401860034068589,0.7448251439746812,0.7236713128446058,0.5399050174729214,0.5398854941348258,0.7461002526289893,0.719540711028627,0.5398854941348258,0.6866026691430008,0.5398854941348258,0.7770493405337913,0.5398854941348258,0.6868517813939721,0.5854911757224653,0.7371544236478007,0.7349475696519884,0.5847251256754312,0.6887485816292913,0.5418608627980082,0.5399050174729214,0.77335965226237,0.5398854941348258,0.6936590951311469,0.7746948811543188,0.5398854941348258,0.7388608017723967,0.6868128546879236,0.5854448831051108,0.7404219067698796,0.5398854941348258,0.5398854941348258,0.7249851101183069,0.6892059517224991,0.5398854941348258,0.7794337598045518,0.6856975063213312,0.5398854941348258,0.5852039390873254,0.7456301735654298,0.7448038718870998,0.5848804146037954,0.7007143998761709,0.5398854941348258,0.5398854941348258,0.7848053506440494,0.6878995322588711,0.5400930303121146,0.7841032801470794,0.5400034827303819,0.7352385000898854,0.539998028943583,0.7161966820619511,0.5398854941348258,0.7355365817655858,0.5398854941348258,0.5398854941348258,0.5398854941348258,0.687101956046378,0.5852651665498678,0.5398854941348258,0.5415686055494286,0.7362673021141214,0.5398854941348258,0.5398854941348258,0.7844649058025154,0.5398854941348258,0.5398854941348258,0.5399971678133821,0.6981681003492519,0.5398854941348258,0.5398854941348258,0.5849571256462924,0.742542703365757,0.5398854941348258,0.5398854941348258,0.5398854941348258,0.7369095598820853,0.5398854941348258,0.5849364435626713,0.6803814042715716,0.5399153530189253,0.5399245399739975,0.5399245399739975,0.7327325181486379,0.5398854941348258,0.5398854941348258,0.5855160203705669,0.7087464321741971,0.5399971678133821,0.5398854941348258,0.5398854941348258,0.7340848340018687,0.5857241465111614,0.5398854941348258,0.5398854941348258,0.7376262680186018,0.5398854941348258,0.5398854941348258,0.6836754302488532
0.009794419861366147,0.009794419861366147,0.14776619807667093,0.16708039272261183,0.5602518976571386,0.8409367430941372,0.011763777439567703,0.23641454914862803,0.5399704719695918,0.01385140139307636,0.46354815537884536,0.2343195366702113,0.5166482440760883,0.013567724899393214,0.4468712902103918,0.5783433618941923,0.01385140139307636,0.009794419861366147,0.587231860289414,0.4546028481011851,0.009794419861366147,0.5126461687311343,0.2340609732358323,0.43709350350758913,0.009794419861366147,0.5874510250957753,0.020862717342665465,0.5368956198361116,0.5027359375747397,0.010861343620069276,0.009794419861366147,0.5389302173730185,0.4959650007232747,0.009794419861366147,0.4404454005920553,0.009794419861366147,0.5876498010422958,0.009794419861366147,0.4408772678851449,0.2327988852639149,0.5246008976206088,0.5210452957943608,0.23074358052708946,0.44415877979329443,0.048275635807060985,0.010861343620069276,0.5818992610319743,0.009794419861366147,0.4525997614824251,0.5839818036605283,0.009794419861366147,0.5273443518524202,0.44080979741160425,0.2326751047106284,0.5298499200007595,0.009794419861366147,0.009794419861366147,0.5048820156953631,0.44494825626349305,0.009794419861366147,0.591359171209503,0.438874410111557,0.009794419861366147,0.23202997931938124,0.5381804387235392,0.5368616561546001,0.2311614285915729,0.4645985660982011,0.009794419861366147,0.009794419861366147,0.5996972484137191,0.44269138683075926,0.018172720848790843,0.5986088347045008,0.015137096107258063,0.5215145242771008,0.014932312858379789,0.49045612630372937,0.009794419861366147,0.5219951305335289,0.009794419861366147,0.009794419861366147,0.009794419861366147,0.44131076585417295,0.23219405426522527,0.009794419861366147,0.0447136992260704,0.5231726288746668,0.009794419861366147,0.009794419861366147,0.599169509811482,0.009794419861366147,0.009794419861366147,0.014899721375474186,0.46028494487274685,0.009794419861366147,0.009794419861366147,0.23136761263984015,0.5332473374578632,0.009794419861366147,0.009794419861366147,0.009794419861366147,0.5242068030781245,0.009794419861366147,0.2313120381380365,0.42958988179257873,0.011385781828214701,0.01183245155581633,0.01183245155581633,0.5174677408177843,0.009794419861366147,0.009794419861366147,0.23286529449996224,0.4780889805996824,0.014899721375474186,0.009794419861366147,0.009794419861366147,0.5196529377576748,0.23342100477969846,0.009794419861366147,0.009794419861366147,0.5253600120363,0.009794419861366147,0.009794419861366147,0.43535470108966
0.4634470860155692,0.4634470860155692,0.48576129614095603,0.4918035834139087,0.7144247414198428,0.917866439906006,0.4634918190192414,0.5185966497983198,0.7000933455013453,0.46354815537884536,0.6477199051282692,0.5176785049473663,0.683813794608862,0.46353996146592025,0.6367125394098374,0.7273277512710727,0.46354815537884536,0.4634470860155692,0.7337036480771914,0.6417940745817762,0.4634470860155692,0.6810440228964451,0.5175656291266629,0.6303418438611917,0.4634470860155692,0.7338611416213543,0.4638044763732052,0.697934122765875,0.674217544837808,0.46347030679170104,0.4634470860155692,0.6993624396904564,0.6695809584346019,0.4634470860155692,0.6325186002091188,0.4634470860155692,0.7340039950103564,0.4634470860155692,0.632799607862256,0.5170160583588108,0.6893390093690875,0.6868652590712508,0.516126052735799,0.634938870581636,0.4657951481887614,0.46347030679170104,0.7298757449398778,0.4634470860155692,0.6404739097922089,0.7313697009718856,0.4634470860155692,0.6912514519810807,0.6327556979295155,0.5169622834066259,0.6930008549690686,0.4634470860155692,0.4634470860155692,0.6756918482597688,0.6354546010620671,0.4634470860155692,0.7366717631313825,0.6314974406990157,0.4634470860155692,0.5166823780100347,0.6988358931501475,0.6979102937440316,0.5163064929354648,0.6484189361645563,0.4634470860155692,0.4634470860155692,0.7426816604995635,0.6339813759668264,0.4636939122035527,0.7418961558418509,0.4635874156744815,0.6871914006451669,0.46358092944229684,0.6658257215133527,0.4634470860155692,0.6875255506529483,0.4634470860155692,0.4634470860155692,0.4634470860155692,0.6330818016916302,0.516753508889738,0.4634470860155692,0.46544792966680065,0.6883446540011423,0.4634470860155692,0.4634470860155692,0.7423007566476683,0.4634470860155692,0.4634470860155692,0.4635799052912755,0.6455525230210527,0.4634470860155692,0.4634470860155692,0.516395623966847,0.6953771312851972,0.4634470860155692,0.4634470860155692,0.4634470860155692,0.6890645540651177,0.4634470860155692,0.5163715936174733,0.6254967384280773,0.46348259962723776,0.4634935262919866,0.4634935262919866,0.684381853116664,0.4634470860155692,0.4634470860155692,0.5170449182379508,0.6574538487044922,0.4635799052912755,0.4634470860155692,0.4634470860155692,0.685898059425924,0.5172866682835884,0.4634470860155692,0.4634470860155692,0.689867860321171,0.4634470860155692,0.4634470860155692,0.6292156447458908
0.23411505517338896,0.23411505517338896,0.27659206442949313,0.2873443760216873,0.6044509428569207,0.8630181245531992,0.23420557420633353,0.33232011905386893,0.5860615238648273,0.2343195366702113,0.5176785049473663,0.3308397479762118,0.5650260727620652,0.23430296377744156,0.5029978728482765,0.6209208405028614,0.2343195366702113,0.23411505517338896,0.6290331264707969,0.5097912187422925,0.23411505517338896,0.5614296281475581,0.3306574936995671,0.49443988208953543,0.23411505517338896,0.629233311754686,0.2348375356682989,0.5832810180715485,0.5525418702467519,0.23416204654619452,0.23411505517338896,0.585120618228691,0.5464849283938205,0.23411505517338896,0.497369315989742,0.23411505517338896,0.6294148803346887,0.23411505517338896,0.49774708284169,0.329769316080598,0.5721845529584558,0.5689821057358107,0.3283280557451717,0.500619948383668,0.2388325140682772,0.23416204654619452,0.6241646739577172,0.23411505517338896,0.5080290426880986,0.6260654119421383,0.23411505517338896,0.5746575896991309,0.497688059520717,0.32968233576287376,0.5769177358539727,0.23411505517338896,0.23411505517338896,0.5544642981242288,0.5013117469881023,0.23411505517338896,0.6328042646366715,0.49599575975364774,0.23411505517338896,0.3292293811097016,0.5844425931684435,0.5832503172309709,0.32862054884098196,0.5186065417870314,0.23411505517338896,0.23411505517338896,0.6404306053545507,0.4993347608893269,0.2346141991802066,0.6394345222326957,0.23439893209119836,0.5694045530501608,0.23438581645262271,0.5415666296985803,0.23411505517338896,0.5698372995108699,0.23411505517338896,0.23411505517338896,0.23411505517338896,0.4981263513926702,0.32934452169965667,0.23411505517338896,0.2381392093835444,0.5708977772753895,0.23411505517338896,0.23411505517338896,0.639947613859576,0.23411505517338896,0.23411505517338896,0.23438374549482935,0.5147979332838647,0.23411505517338896,0.23411505517338896,0.32876497518677456,0.5799846906715858,0.23411505517338896,0.23411505517338896,0.23411505517338896,0.5718294508728639,0.23411505517338896,0.32872604039911424,0.4878988704305085,0.23418692049146625,0.23420902843395763,0.23420902843395763,0.5657630100194156,0.23411505517338896,0.23411505517338896,0.3298159911953561,0.5305585323522592,0.23438374549482935,0.23411505517338896,0.23411505517338896,0.5677288810109334,0.330206826430407,0.23411505517338896,0.23411505517338896,0.5728686638509876,0.23411505517338896,0.23411505517338896,0.4929220455395102
0.5165587641805075,0.5165587641805075,0.5363959799999628,0.5417942129485287,0.7454996216626125,0.9328174819195514,0.5165983672850482,0.565853629311251,0.7322259041440297,0.5166482440760883,0.683813794608862,0.5650260727620652,0.7171587542356519,0.5166409896152294,0.6736665475403445,0.7574557199895922,0.5166482440760883,0.5165587641805075,0.7633649291353957,0.6783495447777805,0.5165587641805075,0.7145966872572804,0.564924348100534,0.6677992523891374,0.5165587641805075,0.7635109018387451,0.5168751889307183,0.7302267400735348,0.7082841595932949,0.5165793219542727,0.5165587641805075,0.731549155763768,0.7039984177274058,0.5165587641805075,0.6698035218311668,0.5165587641805075,0.7636433055768538,0.5165587641805075,0.6700622993801496,0.5644291151481101,0.7222709508899394,0.7199819069788077,0.5636272659509128,0.6720326019056592,0.5186384835799176,0.5165793219542727,0.7598171390922754,0.5165587641805075,0.6771326713015351,0.7612017487631385,0.5165587641805075,0.724040822020417,0.6700218625437517,0.5643806611095057,0.7256599730852916,0.5165587641805075,0.5165587641805075,0.709647211165469,0.6725076714352988,0.5165587641805075,0.7661159670373071,0.6688632158103913,0.5165587641805075,0.564128463310221,0.7310616389356613,0.7302046786093147,0.5637898173671776,0.6844585926957244,0.5165587641805075,0.5165587641805075,0.7716865285023636,0.6711506712080907,0.5167772933945632,0.7709584357572863,0.5166830034045106,0.7202836775492977,0.516677260744907,0.70052845576464,0.5165587641805075,0.7205928642117132,0.5165587641805075,0.5165587641805075,0.5165587641805075,0.6703221777200743,0.5641925511636158,0.5165587641805075,0.5183308272906397,0.7213508006646532,0.5165587641805075,0.5165587641805075,0.7713334643767643,0.5165587641805075,0.5165587641805075,0.5166763540024517,0.6818148515368267,0.5165587641805075,0.5165587641805075,0.5638701149652552,0.7278595671061322,0.5165587641805075,0.5165587641805075,0.5165587641805075,0.7220169718945595,0.5165587641805075,0.563848465976796,0.6633399401959684,0.5165902050995868,0.516599878784553,0.516599878784553,0.717684270045204,0.5165587641805075,0.5165587641805075,0.5644551197007609,0.6927964456900143,0.5166763540024517,0.5165587641805075,0.5165587641805075,0.7190870163872894,0.5646729596767089,0.5165587641805075,0.5165587641805075,0.7227603571086745,0.5165587641805075,0.5165587641805075,0.6667624953436074
0.009388956203726026,0.009388956203726026,0.1477398828548926,0.1670571234669538,0.5602453067633646,0.8409334732314132,0.011428398736662633,0.23639812402867338,0.5399635824655682,0.013567724899393214,0.46353996146592025,0.23430296377744156,0.5166409896152294,0.013277989193908147,0.4468627625029103,0.5783370246474149,0.013567724899393214,0.009388956203726026,0.587225643744619,0.4545944778023897,0.009388956203726026,0.5126388490523448,0.23404438192342894,0.4370847697111485,0.009388956203726026,0.587444811496672,0.020675464052287675,0.5368886836090836,0.5027284528357949,0.010497172185394359,0.009388956203726026,0.5389233121070506,0.49595740014694617,0.009388956203726026,0.4404367383588234,0.009388956203726026,0.587643590113608,0.009388956203726026,0.4408686148019038,0.23278220346034428,0.5245937704224185,0.5210381120738169,0.23072674925887057,0.4441501957196947,0.04819500878573955,0.010497172185394359,0.5818929723662633,0.009388956203726026,0.45259135085514274,0.5839755432635312,0.009388956203726026,0.5273372678604513,0.4408011428999128,0.23265841397964498,0.5298428751661584,0.009388956203726026,0.009388956203726026,0.5048745671430445,0.4449396886578887,0.009388956203726026,0.5913530098996176,0.43886571445872175,0.009388956203726026,0.2320132419072426,0.5381735220685113,0.5368547194092345,0.23114462792326657,0.4645903925110471,0.009388956203726026,0.009388956203726026,0.5996911972012474,0.44268277201020884,0.01795743917334496,0.598602769230251,0.014877954059521801,0.5215073480502056,0.014669553692811034,0.4904484295484623,0.009388956203726026,0.5219879619710578,0.009388956203726026,0.009388956203726026,0.009388956203726026,0.4413021219394781,0.2321773287499057,0.009388956203726026,0.04462663724933475,0.5231654790437315,0.009388956203726026,0.009388956203726026,0.5991634516879455,0.009388956203726026,0.009388956203726026,0.014636377133256193,0.46027668730466365,0.009388956203726026,0.009388956203726026,0.23135082703044924,0.5332403452666603,0.009388956203726026,0.009388956203726026,0.009388956203726026,0.5241996696445916,0.009388956203726026,0.2312952484723104,0.4295809841834313,0.011038925054081336,0.011499075960515462,0.011499075960515462,0.5174604996128437,0.009388956203726026,0.009388956203726026,0.23284861748213825,0.47808106123125294,0.014636377133256193,0.009388956203726026,0.009388956203726026,0.5196457317385689,0.23340436770305084,0.009388956203726026,0.009388956203726026,0.5253528968282846,0.009388956203726026,0.009388956203726026,0.4353459297830398
0.44676610283170853,0.44676610283170853,0.46995135958767836,0.47621723159833274,0.7049790065798606,0.9132450271090619,0.44681265866193254,0.5039467347721521,0.6903216891891968,0.4468712902103918,0.6367125394098374,0.5029978728482765,0.6736665475403445,0.4468627625029103,0.6254334417030522,0.7181725031062479,0.4468712902103918,0.44676610283170853,0.7246911333758616,0.630641046055751,0.44676610283170853,0.6708322087316466,0.5028812143930186,0.6189030998192395,0.44676610283170853,0.7248521469659849,0.4471380474157715,0.6881130060495222,0.663845676349713,0.44679026987261183,0.44676610283170853,0.6895740521165208,0.6590995908186622,0.44676610283170853,0.6211346095045436,0.44676610283170853,0.7249981929667165,0.44676610283170853,0.6214226698400217,0.5023132068923138,0.6793199576876109,0.6767889088861163,0.5013932738154827,0.6236155074100481,0.4492094088042064,0.44679026987261183,0.7207775930873289,0.44676610283170853,0.6292882341951276,0.7223049908337136,0.44676610283170853,0.6812765929437217,0.6213776580979882,0.5022576261557252,0.6830663434217075,0.44676610283170853,0.44676610283170853,0.6653546608737831,0.6241441232255156,0.44676610283170853,0.7277255453451835,0.6200877910149775,0.44676610283170853,0.5019683163221422,0.6890354452022903,0.6880886306196661,0.5015797885369999,0.6374286606858076,0.44676610283170853,0.44676610283170853,0.7338694386673594,0.6226340589216943,0.44702298289121106,0.7330664371354915,0.4469121496970107,0.6771226136329459,0.44690539927818945,0.6552551736041562,0.44676610283170853,0.6774645097072662,0.44676610283170853,0.44676610283170853,0.44676610283170853,0.6217119425420856,0.502041837913436,0.44676610283170853,0.4488481620660949,0.678302589022501,0.44676610283170853,0.44676610283170853,0.7334800508763298,0.44676610283170853,0.44676610283170853,0.4469043334124927,0.6344920453004905,0.44676610283170853,0.44676610283170853,0.5016719188474748,0.6854973096082637,0.44676610283170853,0.44676610283170853,0.44676610283170853,0.6790391528769851,0.44676610283170853,0.5016470799572671,0.6139353334061965,0.4468030636152786,0.4468144354979368,0.4468144354979368,0.6742478227098906,0.44676610283170853,0.44676610283170853,0.5023430357675852,0.646682788523191,0.4469043334124927,0.44676610283170853,0.44676610283170853,0.6757992639244009,0.5025928992186735,0.44676610283170853,0.44676610283170853,0.6798610383003448,0.44676610283170853,0.44676610283170853,0.6177484873596296
0.5782651964415694,0.5782651964415694,0.5956501862234136,0.6003996229649442,0.7830892874443773,0.9501851150837344,0.5782997915670907,0.6216541262555743,0.7710824353742333,0.5783433618941923,0.7273277512710727,0.6209208405028614,0.7574557199895922,0.5783370246474149,0.7181725031062479,0.7939033864988514,0.5783433618941923,0.5782651964415694,0.7992471280319655,0.7223967412578123,0.5782651964415694,0.7551391298072602,0.6208307140689239,0.7128824668088407,0.5782651964415694,0.7993791198160735,0.5785416210158582,0.7692741636139182,0.749432357630306,0.5782831545400102,0.5782651964415694,0.7704703018088334,0.7455587590651058,0.5782651964415694,0.7146892211991035,0.5782651964415694,0.7994988416668014,0.5782651964415694,0.7149225218165385,0.6203919778597726,0.7620786553262346,0.760008600334297,0.6196817186007992,0.716699028764028,0.5800825570742258,0.5782831545400102,0.7960389456181145,0.5782651964415694,0.721298914415513,0.7972910573977987,0.5782651964415694,0.7636792886187289,0.7148860656597223,0.6203490543976062,0.7651436707930351,0.5782651964415694,0.5782651964415694,0.7506644864409348,0.717127419029873,0.5782651964415694,0.8017345627015212,0.7138415369611724,0.5782651964415694,0.620125650940396,0.770029335495735,0.7692542089848703,0.619825691416309,0.727909763099463,0.5782651964415694,0.5782651964415694,0.8067705176340736,0.7159038035445757,0.5784560975506776,0.806112370187368,0.5783737266623719,0.7602814936701707,0.5783687100121838,0.7424230856483769,0.5782651964415694,0.7605610958144603,0.5782651964415694,0.5782651964415694,0.5782651964415694,0.7151568205069443,0.6201824203270008,0.5782651964415694,0.5798136312196823,0.7612465191134057,0.5782651964415694,0.5782651964415694,0.8064513739419724,0.5782651964415694,0.5782651964415694,0.578367917904544,0.7255236334796645,0.5782651964415694,0.5782651964415694,0.6198968136526063,0.7671330909163392,0.5782651964415694,0.5782651964415694,0.5782651964415694,0.7618489679049101,0.5782651964415694,0.6198776382883607,0.7088638681054051,0.5782926614859903,0.5783011119404039,0.5783011119404039,0.7579309092488105,0.5782651964415694,0.5782651964415694,0.6204150144475659,0.7354381390256332,0.578367917904544,0.5782651964415694,0.5782651964415694,0.7591993580511094,0.6206079976181894,0.5782651964415694,0.5782651964415694,0.7625212568964063,0.5782651964415694,0.5782651964415694,0.7119480150652066
0.009794419861366147,0.009794419861366147,0.14776619807667093,0.16708039272261183,0.5602518976571386,0.8409367430941372,0.011763777439567703,0.23641454914862803,0.5399704719695918,0.01385140139307636,0.46354815537884536,0.2343195366702113,0.5166482440760883,0.013567724899393214,0.4468712902103918,0.5783433618941923,0.01385140139307636,0.009794419861366147,0.587231860289414,0.4546028481011851,0.009794419861366147,0.5126461687311343,0.2340609732358323,0.43709350350758913,0.009794419861366147,0.5874510250957753,0.020862717342665465,0.5368956198361116,0.5027359375747397,0.010861343620069276,0.009794419861366147,0.5389302173730185,0.4959650007232747,0.009794419861366147,0.4404454005920553,0.009794419861366147,0.5876498010422958,0.009794419861366147,0.4408772678851449,0.2327988852639149,0.5246008976206088,0.5210452957943608,0.23074358052708946,0.44415877979329443,0.048275635807060985,0.010861343620069276,0.5818992610319743,0.009794419861366147,0.4525997614824251,0.5839818036605283,0.009794419861366147,0.5273443518524202,0.44080979741160425,0.2326751047106284,0.5298499200007595,0.009794419861366147,0.009794419861366147,0.5048820156953631,0.44494825626349305,0.009794419861366147,0.591359171209503,0.438874410111557,0.009794419861366147,0.23202997931938124,0.5381804387235392,0.5368616561546001,0.2311614285915729,0.4645985660982011,0.009794419861366147,0.009794419861366147,0.5996972484137191,0.44269138683075926,0.018172720848790843,0.5986088347045008,0.015137096107258063,0.5215145242771008,0.014932312858379789,0.49045612630372937,0.009794419861366147,0.5219951305335289,0.009794419861366147,0.009794419861366147,0.009794419861366147,0.44131076585417295,0.23219405426522527,0.009794419861366147,0.0447136992260704,0.5231726288746668,0.009794419861366147,0.009794419861366147,0.599169509811482,0.009794419861366147,0.009794419861366147,0.014899721375474186,0.46028494487274685,0.009794419861366147,0.009794419861366147,0.23136761263984015,0.5332473374578632,0.009794419861366147,0.009794419861366147,0.009794419861366147,0.5242068030781245,0.009794419861366147,0.2313120381380365,0.42958988179257873,0.011385781828214701,0.01183245155581633,0.01183245155581633,0.5174677408177843,0.009794419861366147,0.009794419861366147,0.23286529449996224,0.4780889805996824,0.014899721375474186,0.009794419861366147,0.009794419861366147,0.5196529377576748,0.23342100477969846,0.009794419861366147,0.009794419861366147,0.5253600120363,0.009794419861366147,0.009794419861366147,0.43535470108966
