0.0,0.0,0.14510393776696792,0.163511919942344,0.8408964152537145,0.513897690991823,0.015883480810700183,0.5787944187554941,0.009551909587593138,0.44958928643411206,0.5569743563268434,0.011893318786582247,0.0,0.4339093758452856,0.5599333690389996,0.0,0.5139334164634549,0.22613730237428548,0.4410923319624437,0.0,0.4976882173630085,0.48521437485989677,0.0,0.0,0.569062852313274,0.5204567800005782,0.0,0.4876560174434445,0.0,0.5220305625921754,0.22533666572680874,0.4209713730619244,0.01121767833425875,0.4277048272634821,0.5689330571687893,0.0,0.0,0.4280803135415721,0.563217834920043,0.010262691930809439,0.5049142531576236,0.2240550014577091,0.4312103108232352,0.0,0.5658602070387347,0.0,0.43906125110026595,0.0,0.5651788902194235,0.0,0.5112528532328671,0.48747962793599364,0.014481960566384572,0.5137400833819352,0.0,0.4897374449933151,0.0,0.43147143990052306,0.0,0.5722968180839386,0.4258916208026914,0.0,0.2254832496586069,0.5217041166409874,0.5198400557996194,0.22449694234853299,0.45093255690492207,0.0,0.5259360518158368,0.22568286198342571,0.42952331629264573,0.5252512404262343,0.22558750577137407,0.5054680764891173,0.01121767833425875,0.0,0.4760083321937869,0.505806811892309,0.0,0.0,0.009519802238074785,0.48735685435252796,0.0,0.0,0.0,0.5072691173903269,0.0,0.0,0.5799858031566376,0.0,0.0,0.0,0.44684539607076545,0.01091331955285999,0.0,0.224732978040298,0.5169625939786475,0.0,0.0,0.0,0.5076848265741335,0.0,0.22443875109930755,0.4169177714177368,0.0,0.0,0.0,0.5023213026439651,0.010885228610129218,0.22569716199480458,0.0,0.46375421635762937,0.0,0.0,0.5035184633696985,0.0,0.22658813255204097,0.0,0.5092975704635988,0.0,0.0,0.0,0.42270569867160857,0.2252220603592256,0.0
0.0,0.0,0.14510393776696792,0.163511919942344,0.8408964152537145,0.513897690991823,0.015883480810700183,0.5787944187554941,0.009551909587593138,0.44958928643411206,0.5569743563268434,0.011893318786582247,0.0,0.4339093758452856,0.5599333690389996,0.0,0.5139334164634549,0.22613730237428548,0.4410923319624437,0.0,0.4976882173630085,0.48521437485989677,0.0,0.0,0.569062852313274,0.5204567800005782,0.0,0.4876560174434445,0.0,0.5220305625921754,0.22533666572680874,0.4209713730619244,0.01121767833425875,0.4277048272634821,0.5689330571687893,0.0,0.0,0.4280803135415721,0.563217834920043,0.010262691930809439,0.5049142531576236,0.2240550014577091,0.4312103108232352,0.0,0.5658602070387347,0.0,0.43906125110026595,0.0,0.5651788902194235,0.0,0.5112528532328671,0.48747962793599364,0.014481960566384572,0.5137400833819352,0.0,0.4897374449933151,0.0,0.43147143990052306,0.0,0.5722968180839386,0.4258916208026914,0.0,0.2254832496586069,0.5217041166409874,0.5198400557996194,0.22449694234853299,0.45093255690492207,0.0,0.5259360518158368,0.22568286198342571,0.42952331629264573,0.5252512404262343,0.22558750577137407,0.5054680764891173,0.01121767833425875,0.0,0.4760083321937869,0.505806811892309,0.0,0.0,0.009519802238074785,0.48735685435252796,0.0,0.0,0.0,0.5072691173903269,0.0,0.0,0.5799858031566376,0.0,0.0,0.0,0.44684539607076545,0.01091331955285999,0.0,0.224732978040298,0.5169625939786475,0.0,0.0,0.0,0.5076848265741335,0.0,0.22443875109930755,0.4169177714177368,0.0,0.0,0.0,0.5023213026439651,0.010885228610129218,0.22569716199480458,0.0,0.46375421635762937,0.0,0.0,0.5035184633696985,0.0,0.22658813255204097,0.0,0.5092975704635988,0.0,0.0,0.0,0.42270569867160857,0.2252220603592256,0.0
0.14510393776696792,0.14510393776696792,0.20518520979185176,0.21858144260223283,0.849610656716668,0.5332353521517085,0.1459704803049851,0.5956234033219293,0.14541791986644223,0.47191764329509206,0.574602516610542,0.14559042626205973,0.14510393776696792,0.4570713386445315,0.5774507964368254,0.14510393776696792,0.5332695759975485,0.2686156120747336,0.4638664737648132,0.14510393776696792,0.51772356815584,0.5058103424035688,0.14510393776696792,0.14510393776696792,0.5862434007281201,0.5395212743731825,0.14510393776696792,0.5081405290982706,0.14510393776696792,0.5410302559855327,0.26794280901874573,0.444858965002606,0.1455368029059784,0.45121029192364737,0.5861183459840195,0.14510393776696792,0.14510393776696792,0.4515647592770001,0.5806132480446852,0.1454663264676613,0.5246344639438353,0.2668672336745603,0.4545207106793646,0.14510393776696792,0.5831581305278057,0.14510393776696792,0.46194401062854135,0.14510393776696792,0.5825018941240301,0.14510393776696792,0.5307021105709508,0.5079721627037548,0.14582466520070003,0.5330843709880154,0.14510393776696792,0.5101276166630133,0.14510393776696792,0.45476741266616927,0.14510393776696792,0.5893596986960423,0.4494990113665782,0.14510393776696792,0.268065936709092,0.5407172283370033,0.5389300213033678,0.26723790842708334,0.47319167921135424,0.14510393776696792,0.5447761437524441,0.26823364471589667,0.45292726543033407,0.544119194619311,0.26815352403290427,0.5251644124182689,0.1455368029059784,0.14510393776696792,0.49703243863338487,0.5254885644042815,0.14510393776696792,0.14510393776696792,0.14541581486575708,0.507854976127546,0.14510393776696792,0.14510393776696792,0.14510393776696792,0.5268880801539982,0.14510393776696792,0.14510393776696792,0.5967722566039299,0.14510393776696792,0.14510393776696792,0.14510393776696792,0.4693162153592598,0.14551366515612996,0.14510393776696792,0.26743596936170816,0.5361719826695003,0.14510393776696792,0.14510393776696792,0.14510393776696792,0.5272859882814539,0.14510393776696792,0.26718908868590885,0.44104028468575385,0.14510393776696792,0.14510393776696792,0.14510393776696792,0.5221538150115326,0.1455115615417435,0.26824566079372036,0.14510393776696792,0.48536866282034274,0.14510393776696792,0.14510393776696792,0.5232990189954991,0.14510393776696792,0.26899476501055036,0.14510393776696792,0.5288298768141619,0.14510393776696792,0.14510393776696792,0.14510393776696792,0.44649391255156495,0.26784655896905135,0.14510393776696792
0.163511919942344,0.163511919942344,0.21858144260223283,0.23119943973467214,0.8519150896251765,0.5383153232392893,0.16428128892102986,0.6000620626629106,0.16379058035496186,0.4777473664315632,0.579246621463986,0.1639437347457884,0.163511919942344,0.4631069402150625,0.5820664970478294,0.163511919942344,0.5383491664575918,0.278964092923906,0.4698064685820471,0.163511919942344,0.5229799471138356,0.5112078233887273,0.163511919942344,0.163511919942344,0.590772564550821,0.5445319378709882,0.163511919942344,0.5135100043074784,0.163511919942344,0.5460244588311008,0.2783165838674579,0.451072621407937,0.1638961228202375,0.4573303176749718,0.590648728790813,0.163511919942344,0.163511919942344,0.457679626082091,0.5851976272636139,0.1638335527613662,0.5298112704826897,0.27728169067705366,0.460592824140648,0.163511919942344,0.5877174664027205,0.163511919942344,0.4679108130196406,0.163511919942344,0.5870676741886806,0.163511919942344,0.5358103574152362,0.513343654676385,0.1641517577876467,0.5381660216788534,0.163511919942344,0.5154733686817652,0.163511919942344,0.4608359793991185,0.163511919942344,0.5938585928752262,0.45564404114724655,0.163511919942344,0.2784350737633668,0.5457148402890856,0.5439471529102378,0.27763831082968193,0.479004240436641,0.163511919942344,0.5497297733371633,0.278596471150321,0.4590223664798064,0.5490799104602556,0.2785193643830715,0.5303351832084665,0.1638961228202375,0.163511919942344,0.5025372811949347,0.530655647884755,0.163511919942344,0.163511919942344,0.16378871173334286,0.5132278724305246,0.163511919942344,0.163511919942344,0.163511919942344,0.5320392833056761,0.163511919942344,0.163511919942344,0.6011999536299658,0.163511919942344,0.163511919942344,0.163511919942344,0.47518122209322095,0.16387558006586303,0.163511919942344,0.2778288768646863,0.5412194251275227,0.163511919942344,0.163511919942344,0.163511919942344,0.5324326880202693,0.163511919942344,0.277591340080002,0.4473113513677036,0.163511919942344,0.163511919942344,0.163511919942344,0.5273589983528599,0.16387371241486726,0.2786080353611294,0.163511919942344,0.49102096634162273,0.163511919942344,0.163511919942344,0.5284910765585578,0.163511919942344,0.27932904340084597,0.163511919942344,0.5339591517419432,0.163511919942344,0.163511919942344,0.163511919942344,0.45268324809844235,0.27822396198182464,0.163511919942344
0.8408964152537145,0.8408964152537145,0.849610656716668,0.8519150896251765,1.0,0.9320640348527786,0.8410024679461854,0.950332024450373,0.8409347738930177,0.9140235046465987,0.9442353494106982,0.8409558817775792,0.8408964152537145,0.9097213865458152,0.9450662684636116,0.8408964152537145,0.9320741493338468,0.8615925255836903,0.911685521306243,0.8408964152537145,0.9274793902939936,0.9239624916706348,0.8408964152537145,0.8408964152537145,0.947622339772093,0.9339212726952517,0.8408964152537145,0.9246498196729508,0.8408964152537145,0.934366918926387,0.8614517549262939,0.9062151165130692,0.8409493179105891,0.9080346247167926,0.9475860880831825,0.8408964152537145,0.8408964152537145,0.9081364330250693,0.9459872400546863,0.8409406945576116,0.9295217770972132,0.8612272889080196,0.9089864625310818,0.8408964152537145,0.9467270647422411,0.8408964152537145,0.9111289458924064,0.8408964152537145,0.9465364043585769,0.8408964152537145,0.9313153110884405,0.9246001461865941,0.8409845808025908,0.9320194137722402,0.8408964152537145,0.9252361942290103,0.8408964152537145,0.9090574879459566,0.8408964152537145,0.9485246818012697,0.9075435014425588,0.8408964152537145,0.861477496213625,0.9342744805165619,0.9337466338411079,0.861304566229904,0.914394459784605,0.8408964152537145,0.9354727369497535,0.8615125724859436,0.9085280144412985,0.9352788515685302,0.8614958130268454,0.9296784224350333,0.8409493179105891,0.8408964152537145,0.9213767584384354,0.9297742381481874,0.8408964152537145,0.8408964152537145,0.8409345164699812,0.9245655733629999,0.8408964152537145,0.8408964152537145,0.8408964152537145,0.9301879247216868,0.8408964152537145,0.8408964152537145,0.9506625394874958,0.8408964152537145,0.8408964152537145,0.8408964152537145,0.9132668719524059,0.8409464863911025,0.8408964152537145,0.8613458920745027,0.9329318309273776,0.8408964152537145,0.8408964152537145,0.8408964152537145,0.9303055442365928,0.8408964152537145,0.8612943835866922,0.9051256024661564,0.8408964152537145,0.8408964152537145,0.8408964152537145,0.9287885699513998,0.8409462289788218,0.8615150863204495,0.8408964152537145,0.9179519898236216,0.8408964152537145,0.8408964152537145,0.9291270494765624,0.8408964152537145,0.8616719778678139,0.8408964152537145,0.9307619075941292,0.8408964152537145,0.8408964152537145,0.8408964152537145,0.9066826256673256,0.861431639197957,0.8408964152537145
0.513897690991823,0.513897690991823,0.5332353521517085,0.5383153232392893,0.9320640348527786,0.7137436995816772,0.5141343761089113,0.7562675019948765,0.5139833027452568,0.6734939350003807,0.7418010200110066,0.5140304109441687,0.513897690991823,0.6640488676253643,0.7437539046209894,0.513897690991823,0.7137666490985223,0.5595246770140562,0.668355555936105,0.513897690991823,0.7033926709531306,0.6955156367876852,0.513897690991823,0.513897690991823,0.7497972493114305,0.7179667493036802,0.513897690991823,0.6970511422223418,0.513897690991823,0.7189828462592103,0.5592174006196773,0.6563810394305779,0.5140157619751242,0.6603570521165267,0.7497111448449496,0.513897690991823,0.513897690991823,0.6605797143830545,0.7459249928135069,0.5139965165215064,0.7079915912189767,0.5587273660945506,0.662439611810994,0.513897690991823,0.7476741915282384,0.513897690991823,0.6671342807403868,0.513897690991823,0.7472229589519199,0.513897690991823,0.7120463125677126,0.6969401084905099,0.5140944586421597,0.713642461693424,0.513897690991823,0.6983625912119211,0.513897690991823,0.6625950856001036,0.513897690991823,0.7519442902494994,0.6592832176742296,0.513897690991823,0.55927359150069,0.7187719913488536,0.71756886175912,0.5588960804436574,0.6743104932912515,0.513897690991823,0.7215089893754887,0.5593501580736829,0.6614363261892388,0.7210655708790589,0.5593135747783249,0.7083451086825153,0.5140157619751242,0.513897690991823,0.6897550109978768,0.7085614029595341,0.513897690991823,0.513897690991823,0.5139827282243852,0.6968628345933222,0.513897690991823,0.513897690991823,0.513897690991823,0.7094957609684821,0.513897690991823,0.513897690991823,0.757061519321359,0.513897690991823,0.513897690991823,0.513897690991823,0.6718295219017677,0.5140094426638074,0.513897690991823,0.5589863003605953,0.7157146429539096,0.513897690991823,0.513897690991823,0.513897690991823,0.7097615680341013,0.513897690991823,0.5588738499261049,0.654003135365895,0.513897690991823,0.513897690991823,0.513897690991823,0.7063384135452329,0.5140088681765308,0.5593556453446388,0.513897690991823,0.6821608742941753,0.513897690991823,0.513897690991823,0.7071012801338211,0.513897690991823,0.5596980925848484,0.513897690991823,0.7107935349460379,0.513897690991823,0.513897690991823,0.513897690991823,0.6574020491633542,0.5591734890723105,0.513897690991823
0.015883480810700183,0.015883480810700183,0.1459704803049851,0.16428128892102986,0.8410024679461854,0.5141343761089113,0.022462633623872384,0.5789997199648185,0.01853439870668877,0.4498639766522633,0.5571896105723719,0.019842781746475507,0.015883480810700183,0.43419478754110646,0.5601472417995134,0.015883480810700183,0.5141700826672672,0.226693698123301,0.44137274831502293,0.015883480810700183,0.49793370762183564,0.4854669663921636,0.015883480810700183,0.015883480810700183,0.5692725270184956,0.5206900271569624,0.015883480810700183,0.48790719528845566,0.015883480810700183,0.5222629949620936,0.22589504383464004,0.4212661665132841,0.019445340414884202,0.4279946743447813,0.5691427908974994,0.015883480810700183,0.015883480810700183,0.42836988892367084,0.5634301863572523,0.018910520976385115,0.5051557618336163,0.2246165820915998,0.4314976379102219,0.015883480810700183,0.5660713436139194,0.015883480810700183,0.43934306520531763,0.015883480810700183,0.5653903392755908,0.015883480810700183,0.5114909443764896,0.48773090751324555,0.021494467475694074,0.5139768519623512,0.015883480810700183,0.48998742698277,0.015883480810700183,0.43175858073997975,0.015883480810700183,0.5725050281371218,0.4261827859734954,0.015883480810700183,0.2260412637871721,0.5219367177041622,0.520073623302301,0.22505741461033035,0.45120635929640496,0.015883480810700183,0.5261664786577961,0.2262403812107192,0.4298118515027498,0.5254820172536153,0.2261452613084814,0.5057092838183722,0.019445340414884202,0.015883480810700183,0.47626636302866265,0.5060478351710992,0.015883480810700183,0.015883480810700183,0.018517872267345137,0.48760820477533795,0.015883480810700183,0.015883480810700183,0.015883480810700183,0.5075093484054064,0.015883480810700183,0.015883480810700183,0.5801905757886474,0.015883480810700183,0.015883480810700183,0.015883480810700183,0.44712191440890114,0.019271364788908306,0.015883480810700183,0.22529286009853436,0.5171976640561893,0.015883480810700183,0.015883480810700183,0.015883480810700183,0.507924833032348,0.015883480810700183,0.22499936905598886,0.4172156122595051,0.015883480810700183,0.015883480810700183,0.015883480810700183,0.5025642293398305,0.019255470876538595,0.22625464580112298,0.015883480810700183,0.4640197707082282,0.015883480810700183,0.015883480810700183,0.5037607338989839,0.015883480810700183,0.22714341814963399,0.015883480810700183,0.5095367085403457,0.015883480810700183,0.015883480810700183,0.015883480810700183,0.42299920449052947,0.2257807233673107,0.015883480810700183
0.5787944187554941,0.5787944187554941,0.5956234033219293,0.6000620626629106,0.950332024450373,0.7562675019948765,0.5789997199648185,0.7945382620648697,0.578868676566002,0.7200964364892106,0.7815180602392544,0.5789095381901898,0.5787944187554941,0.7116248181280213,0.7832758335919003,0.5787944187554941,0.7562881488412992,0.6186661701810532,0.715486669312849,0.5787944187554941,0.7469570678930647,0.7398751396946778,0.5787944187554941,0.5787944187554941,0.7887152120646865,0.7600671051060934,0.5787944187554941,0.7412553999535776,0.5787944187554941,0.7609813955595465,0.618395851131173,0.704753344691294,0.5788968316087718,0.7083157037087726,0.7886377156381627,0.5787944187554941,0.5787944187554941,0.7085152472008399,0.7852299844953448,0.5788801381178676,0.7510931296116151,0.6179648007271645,0.7101822211039642,0.5787944187554941,0.7868043728715848,0.5787944187554941,0.7143913692162009,0.5787944187554941,0.7863982382099731,0.5787944187554941,0.7547404740411771,0.7411555878420237,0.5789650942372762,0.7561764221541825,0.5787944187554941,0.7424343569624112,0.5787944187554941,0.7103215829314891,0.5787944187554941,0.7906475732907557,0.707353432594159,0.5787944187554941,0.6184452820636949,0.7607916646744852,0.7597090911646667,0.6181132010348808,0.7208291946233422,0.5787944187554941,0.7632545514786694,0.6185126386140467,0.7092829629119528,0.7628555288719284,0.6184804556708177,0.7514111040814522,0.5788968316087718,0.5787944187554941,0.7346981357825295,0.7516056543784954,0.5787944187554941,0.5787944187554941,0.5788681782312113,0.7410861240196178,0.5787944187554941,0.5787944187554941,0.5787944187554941,0.7524461028619438,0.5787944187554941,0.5787944187554941,0.7952527971668935,0.5787944187554941,0.5787944187554941,0.5787944187554941,0.7186030054517062,0.578891350230493,0.5787944187554941,0.6181925607677848,0.7580407502582739,0.5787944187554941,0.5787944187554941,0.5787944187554941,0.7526852006305417,0.5787944187554941,0.6180936467994882,0.7026236014701386,0.5787944187554941,0.5787944187554941,0.5787944187554941,0.7496062317595988,0.5788908519201529,0.6185174658860377,0.5787944187554941,0.7278765809720714,0.5787944187554941,0.5787944187554941,0.7502923537092305,0.5787944187554941,0.6188187381133995,0.5787944187554941,0.7536134969234091,0.5787944187554941,0.5787944187554941,0.5787944187554941,0.7056679796100647,0.6183572228022353,0.5787944187554941
0.009551909587593138,0.009551909587593138,0.14541791986644223,0.16379058035496186,0.8409347738930177,0.5139833027452568,0.01853439870668877,0.578868676566002,0.013508440051556105,0.4496886493015925,0.557052214773983,0.015254179986310037,0.009551909587593138,0.4340126183793288,0.5600107277093805,0.009551909587593138,0.51401902137414,0.2263386818712021,0.4411937668624879,0.009551909587593138,0.49777701483470094,0.4853057416650768,0.009551909587593138,0.009551909587593138,0.5691386922766721,0.520541147921232,0.009551909587593138,0.48774687275243395,0.009551909587593138,0.5221146357304566,0.22553876383275082,0.4210780106224599,0.014733474905016248,0.42780967483655474,0.5690089184846387,0.009551909587593138,0.009551909587593138,0.42818506279356733,0.5632946432273551,0.014020050696290394,0.5050016100714043,0.22425826051128864,0.4313142464786145,0.009551909587593138,0.5659365758522551,0.009551909587593138,0.4391631917923726,0.009551909587593138,0.5652553720772597,0.009551909587593138,0.5113389736825008,0.48757052005335005,0.017348376164188474,0.5138257253320775,0.009551909587593138,0.4898278676235581,0.009551909587593138,0.43157530815837236,0.009551909587593138,0.5723721281933091,0.42599694536076516,0.009551909587593138,0.22568521582043452,0.5217882508108909,0.5199245396189057,0.22469979960259365,0.4510315985121055,0.009551909587593138,0.526019399375964,0.22588464874197867,0.42962768913377863,0.5253347146068924,0.22578937819288478,0.505555324374927,0.014733474905016248,0.009551909587593138,0.47610166705827067,0.5058939931882812,0.009551909587593138,0.009551909587593138,0.013485755847190065,0.48744777210295964,0.009551909587593138,0.009551909587593138,0.009551909587593138,0.5073560120441822,0.009551909587593138,0.009551909587593138,0.5800598697508925,0.009551909587593138,0.009551909587593138,0.009551909587593138,0.44694542044774893,0.014503086544102985,0.009551909587593138,0.22493562133932152,0.5170476214188676,0.009551909587593138,0.009551909587593138,0.009551909587593138,0.507771639983157,0.009551909587593138,0.22464166116947054,0.41702551178495234,0.009551909587593138,0.009551909587593138,0.009551909587593138,0.5024091726023985,0.014481960401894128,0.22589893591316845,0.009551909587593138,0.4638502734667544,0.009551909587593138,0.009551909587593138,0.5036060959243777,0.009551909587593138,0.22678910962211543,0.009551909587593138,0.5093840696922401,0.009551909587593138,0.009551909587593138,0.009551909587593138,0.42281187026113637,0.22542426174306837,0.009551909587593138
0.44958928643411206,0.44958928643411206,0.47191764329509206,0.4777473664315632,0.9140235046465987,0.6734939350003807,0.4498639766522633,0.7200964364892106,0.4496886493015925,0.6292189883651648,0.7042552049220744,0.44974332205983747,0.44958928643411206,0.6187945060248439,0.7063942536224481,0.44958928643411206,0.6735191235987763,0.5019447926733158,0.623549710565214,0.44958928643411206,0.6621273587200189,0.6534692620455735,0.44958928643411206,0.44958928643411206,0.7130124653571627,0.6781281442028465,0.44958928643411206,0.6551576257039281,0.44958928643411206,0.6792429169212628,0.5015957510083294,0.6103196364754492,0.44972632093817455,0.6147155176632519,0.7129181823058253,0.44958928643411206,0.44958928643411206,0.6149616035023822,0.7087720695989784,0.44970398507133563,0.6671789133432257,0.5010390228761897,0.6170167937981418,0.44958928643411206,0.7106876532299364,0.44958928643411206,0.6222015825578601,0.44958928643411206,0.7101935132102992,0.44958928643411206,0.671630794691181,0.6550355487179159,0.44981765210821784,0.6733828191578818,0.44958928643411206,0.6565993923288456,0.44958928643411206,0.6171885633934024,0.44958928643411206,0.7153633397229278,0.6135285859849712,0.44958928643411206,0.5016595825640053,0.6790115931766586,0.6776915906875137,0.5012307114050837,0.6301195043015844,0.44958928643411206,0.6820139742990335,0.5017465581605713,0.6159082417445817,0.6815276067088752,0.501705001790627,0.667567127482704,0.44972632093817455,0.44958928643411206,0.6471324164659324,0.6678046437201558,0.44958928643411206,0.44958928643411206,0.4496879825161211,0.6549505883508856,0.44958928643411206,0.44958928643411206,0.44958928643411206,0.6688306195547941,0.44958928643411206,0.44958928643411206,0.7209656631024552,0.44958928643411206,0.44958928643411206,0.44958928643411206,0.6273830986550362,0.44971898690568013,0.44958928643411206,0.5013332114979725,0.6756569850900128,0.44958928643411206,0.44958928643411206,0.44958928643411206,0.6691224731222379,0.44958928643411206,0.501205454445083,0.6076891449448399,0.44958928643411206,0.44958928643411206,0.44958928643411206,0.665363299705625,0.44971832016901814,0.5017527913106162,0.44958928643411206,0.6387715975545072,0.44958928643411206,0.44958928643411206,0.6662011605231577,0.44958928643411206,0.502141760376177,0.44958928643411206,0.6702554920451146,0.44958928643411206,0.44958928643411206,0.44958928643411206,0.6114487575370756,0.501545867508751,0.44958928643411206
0.5569743563268434,0.5569743563268434,0.574602516610542,0.579246621463986,0.9442353494106982,0.7418010200110066,0.5571896105723719,0.7815180602392544,0.557052214773983,0.7042552049220744,0.7680046886382944,0.5570950574168371,0.5569743563268434,0.6954574311579531,0.7698289150592127,0.5569743563268434,0.7418224465305429,0.5986899894576322,0.6994682281896453,0.5569743563268434,0.7321386420040747,0.724788341351403,0.5569743563268434,0.5569743563268434,0.77547415480325,0.7457440642047835,0.5569743563268434,0.7262209639194825,0.5569743563268434,0.7466928603698794,0.5984077133977025,0.6883197284772286,0.5570817348279697,0.6920203088706435,0.7753937226945695,0.5569743563268434,0.5569743563268434,0.692227581740291,0.7718569818123577,0.5570642320160809,0.7364311507942314,0.5979575825693939,0.6939590740448098,0.5569743563268434,0.7734909544388311,0.5569743563268434,0.6983307308162633,0.5569743563268434,0.7730694462369312,0.5569743563268434,0.7402163199423849,0.7261173662750654,0.5571533065517362,0.7417065007500535,0.5569743563268434,0.7274446233908235,0.5569743563268434,0.6941038255328329,0.5569743563268434,0.7774797454893286,0.691020744787783,0.5569743563268434,0.5984593313038175,0.7464959692232683,0.7453725377432724,0.5981125537256208,0.705016076917613,0.5569743563268434,0.7490517941146985,0.598529667552647,0.6930250225977075,0.7486377153708855,0.598496060961798,0.736761145412879,0.5570817348279697,0.5569743563268434,0.7194146546891954,0.736963049681127,0.5569743563268434,0.5569743563268434,0.5570516922780634,0.726045267836777,0.5569743563268434,0.5569743563268434,0.5569743563268434,0.7378352630314196,0.5569743563268434,0.5569743563268434,0.7822597363705116,0.5569743563268434,0.5569743563268434,0.5569743563268434,0.7027044294478872,0.5570759877095519,0.5569743563268434,0.5981954265116404,0.7436412208052694,0.5569743563268434,0.5569743563268434,0.5569743563268434,0.7380833963918381,0.5569743563268434,0.5980921337856767,0.6861071331766455,0.5569743563268434,0.5569743563268434,0.5569743563268434,0.7348880317741691,0.5570754652406755,0.5985347083561441,0.5569743563268434,0.7123331459255853,0.5569743563268434,0.5569743563268434,0.7356000994552953,0.5569743563268434,0.598849302983933,0.5569743563268434,0.7390467687626432,0.5569743563268434,0.5569743563268434,0.5569743563268434,0.6892698943412034,0.5983673758798449,0.5569743563268434
0.011893318786582247,0.011893318786582247,0.14559042626205973,0.1639437347457884,0.8409558817775792,0.5140304109441687,0.019842781746475507,0.5789095381901898,0.015254179986310037,0.44974332205983747,0.5570950574168371,0.016819692647948567,0.011893318786582247,0.4340694251732911,0.560053295385656,0.011893318786582247,0.5140661258085754,0.2264494313742652,0.44124957936655046,0.011893318786582247,0.49782587560238306,0.48535601587008287,0.011893318786582247,0.011893318786582247,0.5691804243857237,0.5205875718329329,0.011893318786582247,0.48779686557677876,0.011893318786582247,0.522160897468276,0.22564990799450663,0.4211366847997825,0.016348924636615175,0.42786736446677,0.5690506623415231,0.011893318786582247,0.011893318786582247,0.4282426983436637,0.563336908104242,0.015709038025518686,0.5050496783469682,0.22437004225088736,0.4313714345191716,0.011893318786582247,0.5659785989269729,0.011893318786582247,0.4392192825095172,0.011893318786582247,0.5652974573471604,0.011893318786582247,0.5113863617354022,0.48762053312649895,0.018739749420960496,0.5138728501434342,0.011893318786582247,0.48987762242466454,0.011893318786582247,0.43163245912751,0.011893318786582247,0.5724135687831294,0.4260548973490142,0.011893318786582247,0.2257962875191752,0.5218345461251593,0.5199710272918714,0.22481136068068117,0.4510860945551502,0.011893318786582247,0.5260652619367413,0.22599562191306632,0.4296851176438653,0.5253806468281768,0.2259003984098165,0.5056033326706567,0.016348924636615175,0.011893318786582247,0.47615302390519526,0.5059419648507448,0.011893318786582247,0.011893318786582247,0.015234095476972664,0.4874977992772221,0.011893318786582247,0.011893318786582247,0.011893318786582247,0.5074038260151086,0.011893318786582247,0.011893318786582247,0.5801006261690573,0.011893318786582247,0.011893318786582247,0.011893318786582247,0.4470004570797411,0.016141610001572923,0.011893318786582247,0.22504706491617046,0.5170944081622857,0.011893318786582247,0.011893318786582247,0.011893318786582247,0.5078194092584744,0.011893318786582247,0.224753251253376,0.41708479252951025,0.011893318786582247,0.011893318786582247,0.011893318786582247,0.5024575231197127,0.016122631029931424,0.22600990203245705,0.011893318786582247,0.46390312780331566,0.011893318786582247,0.011893318786582247,0.5036543158387012,0.011893318786582247,0.22689963811058592,0.011893318786582247,0.5094316661256855,0.011893318786582247,0.011893318786582247,0.011893318786582247,0.4228702881422153,0.22553546262437282,0.011893318786582247
0.0,0.0,0.14510393776696792,0.163511919942344,0.8408964152537145,0.513897690991823,0.015883480810700183,0.5787944187554941,0.009551909587593138,0.44958928643411206,0.5569743563268434,0.011893318786582247,0.0,0.4339093758452856,0.5599333690389996,0.0,0.5139334164634549,0.22613730237428548,0.4410923319624437,0.0,0.4976882173630085,0.48521437485989677,0.0,0.0,0.569062852313274,0.5204567800005782,0.0,0.4876560174434445,0.0,0.5220305625921754,0.22533666572680874,0.4209713730619244,0.01121767833425875,0.4277048272634821,0.5689330571687893,0.0,0.0,0.4280803135415721,0.563217834920043,0.010262691930809439,0.5049142531576236,0.2240550014577091,0.4312103108232352,0.0,0.5658602070387347,0.0,0.43906125110026595,0.0,0.5651788902194235,0.0,0.5112528532328671,0.48747962793599364,0.014481960566384572,0.5137400833819352,0.0,0.4897374449933151,0.0,0.43147143990052306,0.0,0.5722968180839386,0.4258916208026914,0.0,0.2254832496586069,0.5217041166409874,0.5198400557996194,0.22449694234853299,0.45093255690492207,0.0,0.5259360518158368,0.22568286198342571,0.42952331629264573,0.5252512404262343,0.22558750577137407,0.5054680764891173,0.01121767833425875,0.0,0.4760083321937869,0.505806811892309,0.0,0.0,0.009519802238074785,0.48735685435252796,0.0,0.0,0.0,0.5072691173903269,0.0,0.0,0.5799858031566376,0.0,0.0,0.0,0.44684539607076545,0.01091331955285999,0.0,0.224732978040298,0.5169625939786475,0.0,0.0,0.0,0.5076848265741335,0.0,0.22443875109930755,0.4169177714177368,0.0,0.0,0.0,0.5023213026439651,0.010885228610129218,0.22569716199480458,0.0,0.46375421635762937,0.0,0.0,0.5035184633696985,0.0,0.22658813255204097,0.0,0.5092975704635988,0.0,0.0,0.0,0.42270569867160857,0.2252220603592256,0.0
0.4339093758452856,0.4339093758452856,0.4570713386445315,0.4631069402150625,0.9097213865458152,0.6640488676253643,0.43419478754110646,0.7116248181280213,0.4340126183793288,0.6187945060248439,0.6954574311579531,0.4340694251732911,0.4339093758452856,0.6081285645881025,0.6976407582423888,0.4339093758452856,0.6640745955896905,0.48811322860125184,0.6129945045765725,0.4339093758452856,0.6524370571934694,0.6435895140712914,0.4339093758452856,0.4339093758452856,0.7043954774265675,0.6687820237377625,0.4339093758452856,0.6453150117979379,0.4339093758452856,0.6699205145379525,0.4877530054232252,0.5994537437897335,0.43405176050088184,0.6039537639991446,0.7042992546257452,0.4339093758452856,0.4339093758452856,0.6042056522814397,0.7000677020928171,0.4340285527976003,0.657598063241174,0.4871784147784463,0.6063091905322008,0.4339093758452856,0.702022794838123,0.4339093758452856,0.6116150852989743,0.4339093758452856,0.7015184688570023,0.4339093758452856,0.6621457834432024,0.6451902530174884,0.4341466557575898,0.66393537224201,0.4339093758452856,0.6467884141103035,0.4339093758452856,0.6064849920364033,0.4339093758452856,0.7067946743409748,0.6027388053395608,0.4339093758452856,0.4878188828176831,0.6696842717298557,0.6683361733211786,0.48737625745843993,0.6197156604445988,0.4339093758452856,0.6727503931156198,0.4879086453111272,0.605174584610356,0.6722537152757087,0.4878657574839864,0.6579946573955944,0.43405176050088184,0.4339093758452856,0.6371124270399593,0.6582372985099952,0.4339093758452856,0.4339093758452856,0.4340119255642891,0.6451034259448762,0.4339093758452856,0.4339093758452856,0.4339093758452856,0.6592853930192264,0.4339093758452856,0.4339093758452856,0.7125118339841797,0.4339093758452856,0.4339093758452856,0.4339093758452856,0.6169164347661721,0.43404414020787524,0.4339093758452856,0.4874820466464365,0.666258172840026,0.4339093758452856,0.4339093758452856,0.4339093758452856,0.6595835330270599,0.4339093758452856,0.4873501898571852,0.5967604840496399,0.4339093758452856,0.4339093758452856,0.4339093758452856,0.655743198890462,0.43404344744684464,0.48791507815357693,0.4339093758452856,0.6285643640248845,0.4339093758452856,0.4339093758452856,0.6565991850317482,0.4339093758452856,0.4883165002338671,0.4339093758452856,0.6607409338220317,0.4339093758452856,0.4339093758452856,0.4339093758452856,0.6006097030808967,0.4877015228158514,0.4339093758452856
0.5599333690389996,0.5599333690389996,0.5774507964368254,0.5820664970478294,0.9450662684636116,0.7437539046209894,0.5601472417995134,0.7832758335919003,0.5600107277093805,0.7063942536224481,0.7698289150592127,0.560053295385656,0.5599333690389996,0.6976407582423888,0.771644182597776,0.5599333690389996,0.7437752257638284,0.6013940864530649,0.7016313290423206,0.5599333690389996,0.7341391164065628,0.7268251362893423,0.5599333690389996,0.5599333690389996,0.777261678172868,0.7476775657378432,0.5599333690389996,0.7282506701718312,0.5599333690389996,0.748621700277052,0.6011134570797546,0.6905392320822062,0.5600400582987312,0.694221026462935,0.7771816416143444,0.5599333690389996,0.5599333690389996,0.6944272490580721,0.7736622860568833,0.5600226678210954,0.7384104647902424,0.6006659541213316,0.6961499755507072,0.5599333690389996,0.7752882284613944,0.5599333690389996,0.7004995609301478,0.5599333690389996,0.7748687920560805,0.5599333690389996,0.7421769998389492,0.7281475849684598,0.5601111707222566,0.7436598502174191,0.5599333690389996,0.729468278764459,0.5599333690389996,0.6962939948518948,0.5599333690389996,0.7792574028945942,0.693226530143736,0.5599333690389996,0.6011647737958723,0.7484257764269477,0.7473078648963102,0.6008200202780144,0.7071513110062544,0.5599333690389996,0.7509690475117381,0.6012346996849552,0.6952206510770128,0.7505570022992053,0.6012012891561672,0.7387388339887014,0.5600400582987312,0.5599333690389996,0.7214780855887821,0.7389397438452852,0.5599333690389996,0.5599333690389996,0.5600102085670553,0.7280758431768283,0.5599333690389996,0.5599333690389996,0.5599333690389996,0.73980766214678,0.5599333690389996,0.5599333690389996,0.7840138547770188,0.5599333690389996,0.5599333690389996,0.5599333690389996,0.7048512599101997,0.5600343480651642,0.5599333690389996,0.6009024092230059,0.7455850572507363,0.5599333690389996,0.5599333690389996,0.5599333690389996,0.7400545738383907,0.5599333690389996,0.6007997195697203,0.6883379014106142,0.5599333690389996,0.5599333690389996,0.5599333690389996,0.7368749489690466,0.5600338289495056,0.6012397110813947,0.5599333690389996,0.7144318047940869,0.5599333690389996,0.5599333690389996,0.7375835076735278,0.5599333690389996,0.6015524710300529,0.5599333690389996,0.7410132039877462,0.5599333690389996,0.5599333690389996,0.5599333690389996,0.6914845680532854,0.6010733549532588,0.5599333690389996
0.0,0.0,0.14510393776696792,0.163511919942344,0.8408964152537145,0.513897690991823,0.015883480810700183,0.5787944187554941,0.009551909587593138,0.44958928643411206,0.5569743563268434,0.011893318786582247,0.0,0.4339093758452856,0.5599333690389996,0.0,0.5139334164634549,0.22613730237428548,0.4410923319624437,0.0,0.4976882173630085,0.48521437485989677,0.0,0.0,0.569062852313274,0.5204567800005782,0.0,0.4876560174434445,0.0,0.5220305625921754,0.22533666572680874,0.4209713730619244,0.01121767833425875,0.4277048272634821,0.5689330571687893,0.0,0.0,0.4280803135415721,0.563217834920043,0.010262691930809439,0.5049142531576236,0.2240550014577091,0.4312103108232352,0.0,0.5658602070387347,0.0,0.43906125110026595,0.0,0.5651788902194235,0.0,0.5112528532328671,0.48747962793599364,0.014481960566384572,0.5137400833819352,0.0,0.4897374449933151,0.0,0.43147143990052306,0.0,0.5722968180839386,0.4258916208026914,0.0,0.2254832496586069,0.5217041166409874,0.5198400557996194,0.22449694234853299,0.45093255690492207,0.0,0.5259360518158368,0.22568286198342571,0.42952331629264573,0.5252512404262343,0.22558750577137407,0.5054680764891173,0.01121767833425875,0.0,0.4760083321937869,0.505806811892309,0.0,0.0,0.009519802238074785,0.48735685435252796,0.0,0.0,0.0,0.5072691173903269,0.0,0.0,0.5799858031566376,0.0,0.0,0.0,0.44684539607076545,0.01091331955285999,0.0,0.224732978040298,0.5169625939786475,0.0,0.0,0.0,0.5076848265741335,0.0,0.22443875109930755,0.4169177714177368,0.0,0.0,0.0,0.5023213026439651,0.010885228610129218,0.22569716199480458,0.0,0.46375421635762937,0.0,0.0,0.5035184633696985,0.0,0.22658813255204097,0.0,0.5092975704635988,0.0,0.0,0.0,0.42270569867160857,0.2252220603592256,0.0
0.5139334164634549,0.5139334164634549,0.5332695759975485,0.5383491664575918,0.9320741493338468,0.7137666490985223,0.5141700826672672,0.7562881488412992,0.51401902137414,0.6735191235987763,0.7418224465305429,0.5140661258085754,0.5139334164634549,0.6640745955896905,0.7437752257638284,0.5139334164634549,0.7137895973602367,0.5595569869980787,0.6683810371763501,0.5139334164634549,0.7034161886714961,0.6955395900348325,0.5139334164634549,0.5139334164634549,0.7498182446489097,0.7179894681709796,0.5139334164634549,0.6970750103367894,0.5139334164634549,0.7190055097209432,0.5592497322112123,0.6564072101548761,0.5140514780100901,0.6603829926833579,0.7497321448219016,0.5139334164634549,0.5139334164634549,0.6606056420976388,0.7459461968639468,0.5140322340944045,0.7080148559524422,0.5587597321801279,0.6624654323204519,0.5139334164634549,0.7476953012792801,0.5139334164634549,0.6671598318083565,0.5139334164634549,0.7472440930258398,0.5139334164634549,0.7120693549699908,0.6969639827570603,0.5141301683893116,0.7136654167472938,0.5139334164634549,0.6983863867077638,0.5139334164634549,0.662620897160011,0.5139334164634549,0.7519651699187867,0.6593092202780468,0.5139334164634549,0.5593059191396473,0.7187946663052731,0.7175916023316473,0.5589284346483812,0.6743356355514547,0.5139334164634549,0.7215315152352392,0.5593824803277074,0.6614622044953425,0.7210881208779286,0.5593458996051242,0.7083683540057413,0.5140514780100901,0.5139334164634549,0.6897792847095542,0.708584636409398,0.5139334164634549,0.5139334164634549,0.5140184468991826,0.6968867131417847,0.5139334164634549,0.5139334164634549,0.5139334164634549,0.7095189431488277,0.5139334164634549,0.5139334164634549,0.7570821234146545,0.5139334164634549,0.5139334164634549,0.5139334164634549,0.6718548050921328,0.5140451592037485,0.5139334164634549,0.55901864821414,0.7157374847468579,0.5139334164634549,0.5139334164634549,0.5139334164634549,0.7097847356355909,0.5139334164634549,0.5589062056960074,0.6540294443485638,0.5139334164634549,0.5139334164634549,0.5139334164634549,0.7063617691162744,0.5140445847623796,0.5593879672127837,0.5139334164634549,0.6821855732669683,0.5139334164634549,0.5139334164634549,0.7071245937733758,0.5139334164634549,0.5597303903818464,0.5139334164634549,0.710816645972972,0.5139334164634549,0.5139334164634549,0.5139334164634549,0.657428160664601,0.559205823753065,0.5139334164634549
