0.0,0.1534259865610204,0.1381545897222278,0.8408964152537145,0.5169660106441925,0.009857375336517416,0.22901888212872895,0.5233143001726247,0.012721801829453549,0.4496837111151185,0.5571351955872345,0.0,0.011900155934323801,0.493365286610039,0.5049732636845512,0.0,0.5139921824644684,0.2261261563477824,0.44116461751000374,0.0,0.497552306091548,0.4852594348576519,0.0,0.0,0.5689640394358743,0.5207644801186907,0.0,0.48776982144685094,0.0,0.5224776006518318,0.22543105411576914,0.4210907931901296,0.0,0.4279791584215225,0.22742823511933655,0.5139303458448565,0.4281810131579095,0.2263866179297229,0.0,0.5086048391655652,0.5052086984246622,0.22425548940841478,0.43127239319485067,0.045985956063178325,0.5096581359157606,0.22505673436552265,0.0,0.43945841545165,0.5652097877328334,0.5114306686458637,0.0,0.48773747090870784,0.011224127083890048,0.5134351839025741,0.0,0.4900016213249122,0.0,0.4317819539502918,0.22544879860904252,0.5182194451248857,0.0,0.4262238415065533,0.5763851075919519,0.0,0.5205937543468545,0.22480433759756177,0.45090171774473725,0.0,0.5264891842031969,0.22567117068060025,0.42975971045701944,0.5255975492429363,0.22586539915525225,0.0,0.5060784170734183,0.0,0.4764792960169499,0.0,0.5062899944950359,0.0,0.0,0.0,0.4876190705514978,0.0,0.0,0.5074080775644805,0.0,0.0,0.0,0.22583201719243054,0.5264901756392317,0.0,0.0,0.44677165026093635,0.0,0.0,0.2247913340048168,0.5170246681206718,0.0,0.010919593322144396,0.0,0.5086633109381329,0.0,0.22453247683178945,0.41704499724730004,0.0,0.0,0.0,0.5022969760285994,0.0,0.22565003415127205,0.0,0.4643116587006316,0.0,0.0,0.5040447738405539,0.0,0.2269812415403547,0.0,0.5096829767608347,0.009557400716540022,0.0,0.42260036761467024,0.014989379481671401,0.22590558732076021
0.1534259865610204,0.21694704749070878,0.20643799815911199,0.8506208381889138,0.5383893684571244,0.15374223286208322,0.27557621044019154,0.5444461348781058,0.15395237068568535,0.47456573739682806,0.576793240208994,0.1534259865610204,0.1538866712457161,0.5159199640963722,0.5269617561311117,0.1534259865610204,0.5355538826489433,0.273180544863252,0.46654226854632014,0.1534259865610204,0.5199004893862386,0.5082214788415236,0.1534259865610204,0.1534259865610204,0.5881346574492617,0.5420127939982834,0.1534259865610204,0.5106046084758673,0.1534259865610204,0.5436475673771324,0.2726063017803364,0.4476994992915142,0.1534259865610204,0.4541549259256232,0.2742577147733641,0.5354949349700351,0.45434426430757807,0.27339586209645267,0.1534259865610204,0.5304201459889888,0.5271859077334552,0.2716364050038384,0.4572451418941894,0.16016742147409163,0.5314235515747777,0.27229729647049433,0.1534259865610204,0.4649371716306581,0.5845336798404424,0.5331124648743885,0.1534259865610204,0.5105738915278402,0.15383588425779188,0.5350229246831638,0.1534259865610204,0.5127241049711371,0.1534259865610204,0.45772351315266663,0.2726209540808837,0.5395848372141328,0.1534259865610204,0.4525088546338426,0.5952564752305861,0.1534259865610204,0.5418498963396307,0.27208903146779967,0.4757141027586023,0.1534259865610204,0.5474771111241393,0.272804605883753,0.4558253997539359,0.5466257665760856,0.2729650611060379,0.1534259865610204,0.528014012506806,0.1534259865610204,0.4998944489261982,0.1534259865610204,0.5282154824051463,0.1534259865610204,0.1534259865610204,0.1534259865610204,0.5104614713803551,0.1534259865610204,0.1534259865610204,0.529280255181703,0.1534259865610204,0.1534259865610204,0.1534259865610204,0.2729374806522096,0.5474780578138521,0.1534259865610204,0.1534259865610204,0.47182139944377954,0.1534259865610204,0.1534259865610204,0.27207830356256396,0.5384453087690283,0.1534259865610204,0.15381397096259425,0.1534259865610204,0.5304758441806329,0.1534259865610204,0.27186478840272776,0.4439133862801908,0.1534259865610204,0.1534259865610204,0.1534259865610204,0.5244142775205185,0.1534259865610204,0.27278714727871545,0.1534259865610204,0.4883764742478365,0.1534259865610204,0.1534259865610204,0.5260778396897513,0.1534259865610204,0.27388771317341226,0.1534259865610204,0.5314472176141949,0.15372329638541754,0.1534259865610204,0.4491132170131691,0.15415625838019195,0.27299826659841503
0.1381545897222278,0.20643799815911199,0.1953622977297235,0.8488075740286026,0.534413328456723,0.13850574254978412,0.2673957982422968,0.5405228752202281,0.13873898215836705,0.4699691296987531,0.5731378605272706,0.1381545897222278,0.13866606788835378,0.511739775346551,0.522883600377778,0.1381545897222278,0.5315528203922448,0.26492535972559395,0.46185762985007933,0.1381545897222278,0.5157574812467244,0.5039680502239888,0.1381545897222278,0.1381545897222278,0.5845682463420927,0.5380684373316365,0.1381545897222278,0.5063740435646639,0.1381545897222278,0.5397173999199409,0.2643329922079405,0.4427972357780564,0.1381545897222278,0.44932902706609984,0.2660363165545416,0.5314933503552485,0.44952057593099254,0.26514745262872996,0.1381545897222278,0.5263732550323663,0.5231097881232695,0.2633323037277068,0.4524551167333588,0.14560553185756678,0.5273856720643408,0.2640142013474748,0.1381545897222278,0.46023460391472776,0.5809392726679815,0.5290896935854423,0.1381545897222278,0.5063430330261597,0.1386096987539173,0.5310171541998817,0.1381545897222278,0.5085137289582611,0.1381545897222278,0.452939002806319,0.2643481079479032,0.5356192863239956,0.1381545897222278,0.44766366874064906,0.5917447738568742,0.1381545897222278,0.5379041222258495,0.26379932809301687,0.4711298831944054,0.1381545897222278,0.543579931795856,0.26453756414110635,0.4510189468315181,0.5427212837301943,0.26470308402297904,0.1381545897222278,0.5239454034285861,0.1381545897222278,0.4955597288865524,0.1381545897222278,0.5241486977693084,0.1381545897222278,0.1381545897222278,0.1381545897222278,0.5062295381293299,0.1381545897222278,0.1381545897222278,0.5252230946694537,0.1381545897222278,0.1381545897222278,0.1381545897222278,0.2646746334480272,0.5435808865975542,0.1381545897222278,0.1381545897222278,0.46719497522245473,0.1381545897222278,0.1381545897222278,0.2637882595084974,0.534469760387164,0.1381545897222278,0.13858537557312345,0.1381545897222278,0.526429454138802,0.1381545897222278,0.2635679581121985,0.4389654079168349,0.1381545897222278,0.1381545897222278,0.1381545897222278,0.5203128847133779,0.1381545897222278,0.2645195540964405,0.1381545897222278,0.4839255222253789,0.1381545897222278,0.1381545897222278,0.5219916413270684,0.1381545897222278,0.265654740231334,0.1381545897222278,0.527409550324921,0.13848472063790693,0.1381545897222278,0.44422784528499476,0.13896521416284552,0.2647373368572948
0.8408964152537145,0.8506208381889138,0.8488075740286026,1.0,0.9329327983850738,0.8409372663244824,0.8621026622001032,0.9347304221208665,0.8409644541159662,0.9140495692145771,0.9442805423982037,0.8408964152537145,0.8409559501612779,0.9262591264853925,0.9295384671926141,0.8408964152537145,0.9320907870262826,0.8615905629526641,0.9117053464656079,0.8408964152537145,0.9274410056249548,0.9239751707987538,0.8408964152537145,0.8408964152537145,0.9475947416555457,0.9340084044810519,0.8408964152537145,0.9246818698670786,0.8408964152537145,0.9344935037872429,0.8614683286425953,0.9062472818493327,0.8408964152537145,0.9081090026025027,0.8618203903189602,0.932073279989232,0.9081637424903624,0.8616364473058138,0.8408964152537145,0.9305658722174088,0.9296050573416551,0.8612623300160461,0.9090033470252644,0.8417841318140948,0.9308639498306811,0.8614026361680267,0.8408964152537145,0.9112377082952823,0.9465450522493853,0.9313656434853429,0.8408964152537145,0.9246727589818177,0.8409493787468634,0.9319330934879759,0.8408964152537145,0.9253106454084844,0.8408964152537145,0.9091419673783625,0.8614714450654277,0.9332877250585709,0.8408964152537145,0.9076334234844893,0.9496627806689154,0.8408964152537145,0.9339600598980865,0.8613583931679323,0.9143859393444924,0.8408964152537145,0.93562933475603,0.8615105173429338,0.9085922132393165,0.9353769003463318,0.8615446712675738,0.8408964152537145,0.929851068729605,0.8408964152537145,0.9215087962908328,0.8408964152537145,0.9299109210319658,0.8408964152537145,0.8408964152537145,0.8408964152537145,0.9246394147223718,0.8408964152537145,0.8408964152537145,0.930227240975662,0.8408964152537145,0.8408964152537145,0.8408964152537145,0.8615387994784426,0.9356296154369573,0.8408964152537145,0.8408964152537145,0.9132465574460307,0.8408964152537145,0.8408964152537145,0.8613561148885126,0.9329494077611314,0.8408964152537145,0.8409465439715158,0.8408964152537145,0.9305824184694182,0.8408964152537145,0.8613107853610495,0.9051597288571078,0.8408964152537145,0.8408964152537145,0.8408964152537145,0.9287816927258908,0.8408964152537145,0.8615068021096843,0.8408964152537145,0.9181072977707397,0.8408964152537145,0.8408964152537145,0.9292758786004973,0.8408964152537145,0.8617413667378746,0.8408964152537145,0.9308709800924845,0.8409348180053071,0.8408964152537145,0.906654209468047,0.8409908662696564,0.8615517412217132
0.5169660106441925,0.5383893684571244,0.534413328456723,0.9329327983850738,0.717680718949695,0.5170565620711273,0.5634073598827029,0.7217571500104886,0.5171168243312291,0.6757164814648089,0.7437488567298032,0.5169660106441925,0.5170979753955689,0.7026887032654016,0.7100293000819841,0.5169660106441925,0.7157772584041041,0.5622965247995679,0.6705894468682878,0.5169660106441925,0.7053287862428111,0.6976031835178207,0.5169660106441925,0.5169660106441925,0.7515371893809708,0.7201177216434421,0.5169660106441925,0.6991745074893477,0.5169660106441925,0.721218878104287,0.5620313176758719,0.6587007003926847,0.5169660106441925,0.6627489348165433,0.5627951106533035,0.7157377208551725,0.6628680674248323,0.5623960724212446,0.5169660106441925,0.7123392269148286,0.7101788630299901,0.5615843182060365,0.6646961031045914,0.5189326032168807,0.713010353738886,0.5618887777249978,0.5169660106441925,0.6695682899875636,0.7490604391792296,0.7141409165541973,0.5169660106441925,0.6991542372263112,0.5170834097659942,0.7154211831352736,0.5169660106441925,0.7005742331916033,0.5169660106441925,0.66499805685865,0.5620380795448547,0.7184841885785074,0.5169660106441925,0.6617141661944046,0.756445671478228,0.5169660106441925,0.720008052540815,0.5617927752277664,0.6764533101611522,0.5169660106441925,0.7238023527326931,0.5621228554834359,0.6638007765790264,0.7232275469537403,0.562196958047676,0.5169660106441925,0.7107315917934252,0.5169660106441925,0.6921340756962324,0.5169660106441925,0.7108661090563652,0.5169660106441925,0.5169660106441925,0.5169660106441925,0.6990800543834332,0.5169660106441925,0.5169660106441925,0.7115773184492462,0.5169660106441925,0.5169660106441925,0.5169660106441925,0.5621842183615805,0.7238029920627084,0.5169660106441925,0.5169660106441925,0.6739586586516589,0.5169660106441925,0.5169660106441925,0.5617878315273473,0.7177183036905056,0.5169660106441925,0.5170771264070945,0.5169660106441925,0.7123764696818456,0.5169660106441925,0.5616894680836854,0.6563388573179662,0.5169660106441925,0.5169660106441925,0.5169660106441925,0.7083310222474406,0.5169660106441925,0.5621147945650303,0.5169660106441925,0.6846262006051714,0.5169660106441925,0.5169660106441925,0.7094397232090837,0.5169660106441925,0.5626236865261964,0.5169660106441925,0.7130261877605795,0.5170511352139953,0.5169660106441925,0.6595849806941168,0.517175365214022,0.5622122972539061
0.009857375336517416,0.15374223286208322,0.13850574254978412,0.8409372663244824,0.5170565620711273,0.01394043387493715,0.2292306310858375,0.5234035810076142,0.016093852508526303,0.4497895058268492,0.5572180839244362,0.009857375336517416,0.015452558309074346,0.4934607889979819,0.5050662842299701,0.009857375336517416,0.5140833375829609,0.2263406262296705,0.44127262387200894,0.009857375336517416,0.4976469023650737,0.48535672808225516,0.009857375336517416,0.009857375336517416,0.5690448244954097,0.5208542683740215,0.009857375336517416,0.4878665547623025,0.009857375336517416,0.5225670475656292,0.2256461881250939,0.42120432496725524,0.009857375336517416,0.4280907417110319,0.22764147176879776,0.514021513575023,0.4282925402027673,0.22660083999729197,0.009857375336517416,0.5086971021977579,0.505301669594554,0.2244717558805262,0.43138306477522476,0.047030583418286,0.5097501808645996,0.2252722276981222,0.009857375336517416,0.4395668738736629,0.565291233615374,0.5115223482190702,0.009857375336517416,0.4878342114089574,0.014938168431387781,0.513526452708816,0.009857375336517416,0.4900978608807477,0.009857375336517416,0.43189248557807686,0.22566391561412644,0.5183097437444733,0.009857375336517416,0.4263359159179107,0.5764646039391103,0.009857375336517416,0.5206835767158118,0.2250200738843536,0.45100720227018265,0.009857375336517416,0.5265778385852216,0.22588607481504436,0.42987079925432675,0.5256863789648799,0.226080117699926,0.009857375336517416,0.5061712061670125,0.009857375336517416,0.476578586366558,0.009857375336517416,0.5063827393710532,0.009857375336517416,0.009857375336517416,0.009857375336517416,0.48771583735429636,0.009857375336517416,0.009857375336517416,0.5075005892657003,0.009857375336517416,0.009857375336517416,0.009857375336517416,0.22604676761182665,0.5265788298265467,0.009857375336517416,0.009857375336517416,0.44687819260125905,0.009857375336517416,0.009857375336517416,0.22500708282336274,0.5171152076953192,0.009857375336517416,0.014710722821801268,0.009857375336517416,0.5087555618448552,0.009857375336517416,0.22474847541404086,0.4171597005773801,0.009857375336517416,0.009857375336517416,0.009857375336517416,0.5023905604779124,0.009857375336517416,0.22586495850125257,0.009857375336517416,0.46441382229139994,0.009857375336517416,0.009857375336517416,0.5041379894728583,0.009857375336517416,0.22719489996900952,0.009857375336517416,0.5097750165751385,0.01372995835564722,0.009857375336517416,0.4227134674739318,0.0179401600533733,0.22612026750419684
0.22901888212872895,0.27557621044019154,0.2673957982422968,0.8621026622001032,0.5634073598827029,0.2292306310858375,0.3236586321957736,0.5691444616215657,0.2293714654420633,0.5032923593365796,0.5998594348905725,0.22901888212872895,0.22932742233604278,0.542168262764056,0.5525963771616225,0.22901888212872895,0.5607231967168625,0.32162663746176223,0.49578726222216324,0.22901888212872895,0.5459254516472822,0.5349087451206251,0.22901888212872895,0.22901888212872895,0.6106552931474061,0.5668389719534909,0.22901888212872895,0.5371549784218081,0.22901888212872895,0.5683877677324741,0.32114029307188335,0.4782174264116368,0.22901888212872895,0.48422757895963703,0.32253968671312766,0.5606674064613306,0.484404005617218,0.3218090691906724,0.22901888212872895,0.5558662323078687,0.5528082572946648,0.3203195019831121,0.48710809512993886,0.2335836648854295,0.5568152540073222,0.3208787041208158,0.22901888212872895,0.49428749813596257,0.6072261720232741,0.5584129469082957,0.22901888212872895,0.5371260201452575,0.22929338320072642,0.5602206956051277,0.22901888212872895,0.5391534891691132,0.22901888212872895,0.48755419993887456,0.32115269904198385,0.5645393523772105,0.22901888212872895,0.48269411186502087,0.6174407891380285,0.22901888212872895,0.5666846605808825,0.3207024434744927,0.5043676189781133,0.22901888212872895,0.5720172459413106,0.3213082110124179,0.485784422954746,0.5712102170294098,0.32144410437954063,0.22901888212872895,0.5535910890035222,0.22901888212872895,0.5270674199484053,0.22901888212872895,0.5537815592630968,0.22901888212872895,0.22901888212872895,0.22901888212872895,0.5370200378051962,0.22901888212872895,0.22901888212872895,0.554788294856956,0.22901888212872895,0.22901888212872895,0.22901888212872895,0.3214207442609758,0.5720181434030674,0.22901888212872895,0.22901888212872895,0.5007238172481678,0.22901888212872895,0.22901888212872895,0.320693365154575,0.5634603256672377,0.22901888212872895,0.2292786980834358,0.22901888212872895,0.5559189079884399,0.22901888212872895,0.32051270202192295,0.4746971413143201,0.22901888212872895,0.22901888212872895,0.22901888212872895,0.5501888748808602,0.22901888212872895,0.3212934262352132,0.22901888212872895,0.5162411002744881,0.22901888212872895,0.22901888212872895,0.551760922536612,0.22901888212872895,0.32222594813720906,0.22901888212872895,0.556837639067489,0.22921794504909954,0.22901888212872895,0.4795327811566117,0.2295082118066298,0.3214722296640194
0.5233143001726247,0.5444461348781058,0.5405228752202281,0.9347304221208665,0.7217571500104886,0.5234035810076142,0.5691444616215657,0.7257937992364647,0.5234629978743691,0.6802095441497119,0.7475721164155648,0.5233143001726247,0.5234444133460469,0.7069123189696882,0.7141806619606231,0.5233143001726247,0.7198722969096478,0.5680473935829806,0.6751345783315956,0.5233143001726247,0.7095263706783047,0.7018770953689308,0.5233143001726247,0.5233143001726247,0.7552851928375469,0.7241703593279611,0.5233143001726247,0.7034328565945954,0.5233143001726247,0.7252607752650535,0.567785478820699,0.6633678212457922,0.5233143001726247,0.6673743112478736,0.568539795629034,0.7198331460871636,0.6674922186994151,0.5681457059427741,0.5233143001726247,0.7164679290734643,0.7143287566772879,0.5673440333899111,0.6693014781334452,0.5252533747223281,0.717132478782552,0.5676447092891165,0.5233143001726247,0.6741238292611159,0.7528323652408866,0.7182519683363631,0.5233143001726247,0.7034127869636694,0.5234300520489987,0.7195197048341321,0.5233143001726247,0.7048187360466794,0.5233143001726247,0.6696003346021278,0.5677921567191876,0.7225527714502036,0.5233143001726247,0.6663501920358293,0.76014627955052,0.5233143001726247,0.7240617602724723,0.5675498995413604,0.6809389147371152,0.5233143001726247,0.7278190753427114,0.5678758800082431,0.6684153423187051,0.7272498678670528,0.5679490626318342,0.5233143001726247,0.7148760606958747,0.5233143001726247,0.6964623190429888,0.5233143001726247,0.7150092580473274,0.5233143001726247,0.5233143001726247,0.5233143001726247,0.7033393384003092,0.5233143001726247,0.5233143001726247,0.7157134908730032,0.5233143001726247,0.5233143001726247,0.5233143001726247,0.5679364810897042,0.727819708446883,0.5233143001726247,0.5233143001726247,0.6784695388046306,0.5233143001726247,0.5233143001726247,0.567545017269834,0.7217943675475552,0.5233143001726247,0.5234238568383244,0.5233143001726247,0.7165048067825369,0.5233143001726247,0.5674478762150313,0.6610304362216481,0.5233143001726247,0.5233143001726247,0.5233143001726247,0.7124990663940641,0.5233143001726247,0.5678679191715787,0.5233143001726247,0.68902947654332,0.5233143001726247,0.5233143001726247,0.7135968743133071,0.5233143001726247,0.5683704967717027,0.5233143001726247,0.7171481576634502,0.5233982302889639,0.5233143001726247,0.6642429641889851,0.5235207176572971,0.5679642114315362
0.012721801829453549,0.15395237068568535,0.13873898215836705,0.8409644541159662,0.5171168243312291,0.016093852508526303,0.2293714654420633,0.5234629978743691,0.0179913445658846,0.4498599094223647,0.5572732473661516,0.012721801829453549,0.017420044470277278,0.4935243452997338,0.5051281892981297,0.012721801829453549,0.5141440015080071,0.22648326746194639,0.4413444987377644,0.012721801829453549,0.49770985581037325,0.4854214758479678,0.012721801829453549,0.012721801829453549,0.5690985884099943,0.5209140228561243,0.012721801829453549,0.4879309300164416,0.012721801829453549,0.5226265749341533,0.22578927036598262,0.4212798753770993,0.012721801829453549,0.42816499600056535,0.22778329406561706,0.514082185891196,0.4283667570783105,0.22674331666875808,0.012721801829453549,0.5087585032648106,0.5053635418114937,0.22461559010947707,0.43145671259203805,0.047713226753423925,0.5098114368321699,0.2254155485421118,0.012721801829453549,0.4396390494616585,0.5653454372462753,0.5115833610870864,0.012721801829453549,0.48789859144320785,0.01696541386098366,0.5135871922755122,0.012721801829453549,0.49016190763130213,0.012721801829453549,0.43196604029727326,0.22580698656356435,0.5183698377990303,0.012721801829453549,0.42641049690106464,0.5765175103281893,0.012721801829453549,0.5207433538955744,0.225163556057265,0.4510773995155789,0.012721801829453549,0.5266368386352784,0.22602900441005433,0.4299447246063851,0.5257454956793406,0.22622292405553387,0.012721801829453549,0.5062329572422509,0.012721801829453549,0.47664466281629103,0.012721801829453549,0.5064444610267654,0.012721801829453549,0.012721801829453549,0.012721801829453549,0.4877802348878679,0.012721801829453549,0.012721801829453549,0.5075621557817162,0.012721801829453549,0.012721801829453549,0.012721801829453549,0.22618959513362488,0.526637829747051,0.012721801829453549,0.012721801829453549,0.44694909355061085,0.012721801829453549,0.012721801829453549,0.22515057331771107,0.5171754620695024,0.012721801829453549,0.016765493059929186,0.012721801829453549,0.508816954844361,0.012721801829453549,0.22489213175808725,0.41723603028159306,0.012721801829453549,0.012721801829453549,0.012721801829453549,0.5024528407294043,0.012721801829453549,0.2260079015201982,0.012721801829453549,0.464481810254828,0.012721801829453549,0.012721801829453549,0.5042000243388113,0.012721801829453549,0.22733700235336035,0.012721801829453549,0.5098362691264958,0.015911887011175782,0.012721801829453549,0.42278873057761507,0.019660257682318993,0.2262630483862673
0.4496837111151185,0.47456573739682806,0.4699691296987531,0.9140495692145771,0.6757164814648089,0.4497895058268492,0.5032923593365796,0.6802095441497119,0.4498599094223647,0.6293455073534747,0.7044248310248071,0.4496837111151185,0.4498378887297441,0.6591769628567783,0.6672784475615195,0.4496837111151185,0.6736179121303841,0.5020235017802417,0.6236617836488186,0.4496837111151185,0.6620914481860917,0.6535603721254439,0.4496837111151185,0.4496837111151185,0.7129930506456635,0.6784027517575011,0.4496837111151185,0.6552961470694,0.4496837111151185,0.6796163499428726,0.5017204819708554,0.6104632182150621,0.4496837111151185,0.6149605635085806,0.5025930856127261,0.673574317952778,0.6150928628747345,0.502137234166639,0.4496837111151185,0.6698265146642993,0.6674434476833188,0.5012096752810402,0.617122586341636,0.45198009737096345,0.6705667204152431,0.5015576052944153,0.4496837111151185,0.6225291839947767,0.7102686222232879,0.6718135417091112,0.4496837111151185,0.6552737574547672,0.449820871938768,0.673225296994431,0.4496837111151185,0.6568420905619261,0.4496837111151185,0.6174577919601487,0.5017282083441466,0.6766021984137841,0.4496837111151185,0.6138113117240286,0.7183916002553203,0.4496837111151185,0.6782818777060606,0.5014479003551299,0.6301619597554096,0.4496837111151185,0.6824631823723478,0.501825074788026,0.6161285599972708,0.6818298344767757,0.501909742882405,0.4496837111151185,0.6680532045679356,0.4496837111151185,0.6475162492228174,0.4496837111151185,0.6682015955350317,0.4496837111151185,0.4496837111151185,0.4496837111151185,0.6551918179840729,0.4496837111151185,0.4496837111151185,0.6689861233505194,0.4496837111151185,0.4496837111151185,0.4496837111151185,0.5018951869579432,0.6824638867993659,0.4496837111151185,0.4496837111151185,0.6273973478121053,0.4496837111151185,0.4496837111151185,0.501442250922419,0.6757579150156605,0.4496837111151185,0.4498135311465956,0.4496837111151185,0.6698675921080842,0.4496837111151185,0.501329843321278,0.6078378010135622,0.4496837111151185,0.4496837111151185,0.4496837111151185,0.6654047024062086,0.4496837111151185,0.5018158643896224,0.4496837111151185,0.6392119354088766,0.4496837111151185,0.4496837111151185,0.6666279926295311,0.4496837111151185,0.5023972640520584,0.4496837111151185,0.6705841836378352,0.449783165579674,0.4496837111151185,0.6114458842132793,0.4499282995705947,0.5019272688273935
0.5571351955872345,0.576793240208994,0.5731378605272706,0.9442805423982037,0.7437488567298032,0.5572180839244362,0.5998594348905725,0.7475721164155648,0.5572732473661516,0.7044248310248071,0.7682028336282034,0.5571351955872345,0.5572559931626928,0.7296919403621152,0.7365738063432212,0.5571351955872345,0.7419637521765263,0.5988329972027722,0.6996262481912289,0.5571351955872345,0.7321668248030078,0.7249253791582887,0.5571351955872345,0.5571351955872345,0.7755100303159792,0.7460344600121405,0.5571351955872345,0.7263980426586282,0.5571351955872345,0.7470672525694462,0.5985879690793561,0.6885056346696453,0.5571351955872345,0.6922912362394631,0.5992936776145877,0.7419266740510169,0.692402657358679,0.5989249734151215,0.5571351955872345,0.7387397435462778,0.7367140413230011,0.5981750065990509,0.6941124852413906,0.5589357625958965,0.7393690654113634,0.5984562793775144,0.5571351955872345,0.6986707022509273,0.7731862879023296,0.7404292339305224,0.5571351955872345,0.7263790444938802,0.5572426599252231,0.7416298279876022,0.5571351955872345,0.72770996521343,0.5571351955872345,0.6943949352663136,0.5985942163116449,0.7445023947164541,0.5571351955872345,0.691323489730644,0.7801152022473985,0.5571351955872345,0.7459316010933261,0.5983675865218274,0.7051145852446481,0.5571351955872345,0.7494904392667022,0.5986725406974772,0.6932750255768078,0.7489512843728336,0.5987410049199983,0.5571351955872345,0.7372323034195789,0.5571351955872345,0.7198004776168057,0.5571351955872345,0.7373584339736295,0.5571351955872345,0.5571351955872345,0.5571351955872345,0.7263095172739035,0.5571351955872345,0.5571351955872345,0.7380253109455843,0.5571351955872345,0.5571351955872345,0.5571351955872345,0.5987292345122404,0.7494910389476063,0.5571351955872345,0.5571351955872345,0.7027794406441622,0.5571351955872345,0.5571351955872345,0.5983630192758733,0.7437841054081048,0.5571351955872345,0.5572369082131073,0.5571351955872345,0.7387746660907101,0.5571351955872345,0.5982721468684754,0.6862975605927311,0.5571351955872345,0.5571351955872345,0.5571351955872345,0.7349814966526405,0.5571351955872345,0.598665093174707,0.5571351955872345,0.7127673613246827,0.5571351955872345,0.5571351955872345,0.7360210071351494,0.5571351955872345,0.5991352816311022,0.5571351955872345,0.7393839132786075,0.5572131162751611,0.5571351955872345,0.6893324474989504,0.5573268358358845,0.5987551771025089
0.0,0.1534259865610204,0.1381545897222278,0.8408964152537145,0.5169660106441925,0.009857375336517416,0.22901888212872895,0.5233143001726247,0.012721801829453549,0.4496837111151185,0.5571351955872345,0.0,0.011900155934323801,0.493365286610039,0.5049732636845512,0.0,0.5139921824644684,0.2261261563477824,0.44116461751000374,0.0,0.497552306091548,0.4852594348576519,0.0,0.0,0.5689640394358743,0.5207644801186907,0.0,0.48776982144685094,0.0,0.5224776006518318,0.22543105411576914,0.4210907931901296,0.0,0.4279791584215225,0.22742823511933655,0.5139303458448565,0.4281810131579095,0.2263866179297229,0.0,0.5086048391655652,0.5052086984246622,0.22425548940841478,0.43127239319485067,0.045985956063178325,0.5096581359157606,0.22505673436552265,0.0,0.43945841545165,0.5652097877328334,0.5114306686458637,0.0,0.48773747090870784,0.011224127083890048,0.5134351839025741,0.0,0.4900016213249122,0.0,0.4317819539502918,0.22544879860904252,0.5182194451248857,0.0,0.4262238415065533,0.5763851075919519,0.0,0.5205937543468545,0.22480433759756177,0.45090171774473725,0.0,0.5264891842031969,0.22567117068060025,0.42975971045701944,0.5255975492429363,0.22586539915525225,0.0,0.5060784170734183,0.0,0.4764792960169499,0.0,0.5062899944950359,0.0,0.0,0.0,0.4876190705514978,0.0,0.0,0.5074080775644805,0.0,0.0,0.0,0.22583201719243054,0.5264901756392317,0.0,0.0,0.44677165026093635,0.0,0.0,0.2247913340048168,0.5170246681206718,0.0,0.010919593322144396,0.0,0.5086633109381329,0.0,0.22453247683178945,0.41704499724730004,0.0,0.0,0.0,0.5022969760285994,0.0,0.22565003415127205,0.0,0.4643116587006316,0.0,0.0,0.5040447738405539,0.0,0.2269812415403547,0.0,0.5096829767608347,0.009557400716540022,0.0,0.42260036761467024,0.014989379481671401,0.22590558732076021
0.011900155934323801,0.1538866712457161,0.13866606788835378,0.8409559501612779,0.5170979753955689,0.015452558309074346,0.22932742233604278,0.5234444133460469,0.017420044470277278,0.4498378887297441,0.5572559931626928,0.011900155934323801,0.016829361823507284,0.4935044661199307,0.5051088265562569,0.011900155934323801,0.514125026946924,0.2264386595329941,0.4413220179093028,0.011900155934323801,0.4976901651788573,0.48540122402946345,0.011900155934323801,0.011900155934323801,0.569081771934992,0.5208953327342758,0.011900155934323801,0.48791079470334064,0.011900155934323801,0.5226079558449712,0.22574452458073765,0.42125624504603487,0.011900155934323801,0.4281417710204108,0.22773894213178814,0.5140632087056917,0.42834354379910994,0.22669876018053792,0.011900155934323801,0.5087392981544429,0.5053441893441664,0.22457060925916103,0.43143367728208665,0.04750075292330751,0.5097922771032102,0.22537072817138976,0.011900155934323801,0.43961647458350717,0.5653284832414811,0.5115642773901596,0.011900155934323801,0.48787845463509494,0.01635832317799349,0.5135681940566382,0.011900155934323801,0.49014187505997364,0.011900155934323801,0.4319430341030148,0.22576224430794375,0.5183510414716869,0.011900155934323801,0.4263871697499406,0.5765009620615061,0.011900155934323801,0.5207246566747468,0.22511868525646972,0.45105544335865816,0.011900155934323801,0.5266183844719114,0.22598430634081043,0.42992160249911143,0.5257270050276114,0.22617826451008274,0.011900155934323801,0.5062136426632063,0.011900155934323801,0.47662399544477557,0.011900155934323801,0.5064251556489757,0.011900155934323801,0.011900155934323801,0.011900155934323801,0.4877600926067252,0.011900155934323801,0.011900155934323801,0.5075428989254562,0.011900155934323801,0.011900155934323801,0.011900155934323801,0.22614492897176489,0.5266193756242032,0.011900155934323801,0.011900155934323801,0.4469269173115542,0.011900155934323801,0.011900155934323801,0.22510569991570753,0.5171566156002576,0.011900155934323801,0.01615088936193265,0.011900155934323801,0.5087977522572037,0.011900155934323801,0.2248472065129328,0.41721215623389907,0.011900155934323801,0.011900155934323801,0.011900155934323801,0.5024333606453137,0.011900155934323801,0.2259631992547262,0.011900155934323801,0.464460545051419,0.011900155934323801,0.011900155934323801,0.5041806210014022,0.011900155934323801,0.2272925628653556,0.011900155934323801,0.5098171104659933,0.015262949192905639,0.011900155934323801,0.42276519009895597,0.019138840163316715,0.22621839680367803
0.493365286610039,0.5159199640963722,0.511739775346551,0.9262591264853925,0.7026887032654016,0.4934607889979819,0.542168262764056,0.7069123189696882,0.4935243452997338,0.6591769628567783,0.7296919403621152,0.493365286610039,0.4935044661199307,0.6871512867262546,0.6947597932374442,0.493365286610039,0.7007163660376052,0.5410046527587808,0.6538557049683319,0.493365286610039,0.6898879290883931,0.6818790769366518,0.493365286610039,0.493365286610039,0.7377575377548801,0.705213748054808,0.493365286610039,0.683508184463661,0.493365286610039,0.7063546362386927,0.5407268218675217,0.6415111591200133,0.493365286610039,0.6457154888342748,0.5415269460646904,0.7006753967708842,0.645839200748697,0.5411089364208419,0.493365286610039,0.697153672349443,0.6949147968235648,0.5402585243621049,0.6477374032741025,0.4954390651195497,0.6978491608369822,0.5405774932304989,0.493365286610039,0.6527957025064427,0.7351926833110398,0.6990207330227656,0.493365286610039,0.6834871693656824,0.49348910431804743,0.7003473951480559,0.493365286610039,0.6849593072543698,0.493365286610039,0.6480509291193076,0.5407339057143636,0.7035212171618657,0.493365286610039,0.6446409109540392,0.742840481723449,0.493365286610039,0.7051001202158084,0.5404769169530458,0.6599415956102399,0.493365286610039,0.7090312103627106,0.5408227178911283,0.6468077342664815,0.7084357044379385,0.5409003477508738,0.493365286610039,0.6954876262065522,0.493365286610039,0.676208115002689,0.493365286610039,0.6956270339359029,0.493365286610039,0.493365286610039,0.493365286610039,0.683410260530879,0.493365286610039,0.493365286610039,0.6963640907353154,0.493365286610039,0.493365286610039,0.493365286610039,0.540887001704936,0.7090318727122108,0.493365286610039,0.493365286610039,0.6573527001568055,0.493365286610039,0.493365286610039,0.5404717376903659,0.7027276470227338,0.493365286610039,0.4934824774921984,0.493365286610039,0.6971922673629608,0.493365286610039,0.5403686866575188,0.6390577999646491,0.493365286610039,0.493365286610039,0.493365286610039,0.6929996885646461,0.493365286610039,0.5408142732278806,0.493365286610039,0.6684211529645007,0.493365286610039,0.493365286610039,0.6941487626540238,0.493365286610039,0.541347374510792,0.493365286610039,0.69786556946856,0.4934550654663642,0.493365286610039,0.6424296178069315,0.49358608548932015,0.5409164170156789
0.5049732636845512,0.5269617561311117,0.522883600377778,0.9295384671926141,0.7100293000819841,0.5050662842299701,0.5525963771616225,0.7141806619606231,0.5051281892981297,0.6672784475615195,0.7365738063432212,0.5049732636845512,0.5051088265562569,0.6947597932374442,0.7022366644716822,0.5049732636845512,0.7080907813987647,0.5514590490054052,0.6620528512895474,0.5049732636845512,0.6974489843179912,0.689579351422897,0.5049732636845512,0.5049732636845512,0.7445035250160301,0.7125111221908996,0.5049732636845512,0.6911800518025467,0.5049732636845512,0.7136325070321996,0.5511875052873559,0.649932954656611,0.5049732636845512,0.6540603255377149,0.5519695355677046,0.7080505151521456,0.6541817801269765,0.5515609739729005,0.5049732636845512,0.7045893077789631,0.7023889955238609,0.5507298155931651,0.6560453973121707,0.5069933195896601,0.7052728314587751,0.5510415577929865,0.5049732636845512,0.661011986215589,0.7419818410652915,0.7064242638085886,0.5049732636845512,0.6911594028551301,0.5050938638584992,0.7077281427451682,0.5049732636845512,0.6926059097516031,0.5049732636845512,0.6563532197491116,0.551194428772878,0.7108475544632539,0.5049732636845512,0.6530053721746281,0.7495010017399902,0.5049732636845512,0.7123994376757173,0.5509432595468399,0.6680293889884338,0.5049732636845512,0.7162633862611336,0.5512812307098909,0.6551326551228642,0.7156780396858189,0.5513571038255425,0.5049732636845512,0.7029519513734639,0.5049732636845512,0.684007648425321,0.5049732636845512,0.7030889569345218,0.5049732636845512,0.5049732636845512,0.5049732636845512,0.6910838340847207,0.5049732636845512,0.5049732636845512,0.7038133179993207,0.5049732636845512,0.5049732636845512,0.5049732636845512,0.5513440597715671,0.7162640373131911,0.5049732636845512,0.5049732636845512,0.6654869044739644,0.5049732636845512,0.5049732636845512,0.5509381976097961,0.7100675766026707,0.5049732636845512,0.5050874092055652,0.5049732636845512,0.7046272386461094,0.5049732636845512,0.5508374813228534,0.6475247271439564,0.5049732636845512,0.5049732636845512,0.5049732636845512,0.700506932082829,0.5049732636845512,0.551272977168999,0.5049732636845512,0.6763579880328859,0.5049732636845512,0.5049732636845512,0.7016361725774886,0.5049732636845512,0.5517940214962189,0.5049732636845512,0.705288957887134,0.5050607094158022,0.5049732636845512,0.6508345603636068,0.5051883257580806,0.5513728094920175
0.0,0.1534259865610204,0.1381545897222278,0.8408964152537145,0.5169660106441925,0.009857375336517416,0.22901888212872895,0.5233143001726247,0.012721801829453549,0.4496837111151185,0.5571351955872345,0.0,0.011900155934323801,0.493365286610039,0.5049732636845512,0.0,0.5139921824644684,0.2261261563477824,0.44116461751000374,0.0,0.497552306091548,0.4852594348576519,0.0,0.0,0.5689640394358743,0.5207644801186907,0.0,0.48776982144685094,0.0,0.5224776006518318,0.22543105411576914,0.4210907931901296,0.0,0.4279791584215225,0.22742823511933655,0.5139303458448565,0.4281810131579095,0.2263866179297229,0.0,0.5086048391655652,0.5052086984246622,0.22425548940841478,0.43127239319485067,0.045985956063178325,0.5096581359157606,0.22505673436552265,0.0,0.43945841545165,0.5652097877328334,0.5114306686458637,0.0,0.48773747090870784,0.011224127083890048,0.5134351839025741,0.0,0.4900016213249122,0.0,0.4317819539502918,0.22544879860904252,0.5182194451248857,0.0,0.4262238415065533,0.5763851075919519,0.0,0.5205937543468545,0.22480433759756177,0.45090171774473725,0.0,0.5264891842031969,0.22567117068060025,0.42975971045701944,0.5255975492429363,0.22586539915525225,0.0,0.5060784170734183,0.0,0.4764792960169499,0.0,0.5062899944950359,0.0,0.0,0.0,0.4876190705514978,0.0,0.0,0.5074080775644805,0.0,0.0,0.0,0.22583201719243054,0.5264901756392317,0.0,0.0,0.44677165026093635,0.0,0.0,0.2247913340048168,0.5170246681206718,0.0,0.010919593322144396,0.0,0.5086633109381329,0.0,0.22453247683178945,0.41704499724730004,0.0,0.0,0.0,0.5022969760285994,0.0,0.22565003415127205,0.0,0.4643116587006316,0.0,0.0,0.5040447738405539,0.0,0.2269812415403547,0.0,0.5096829767608347,0.009557400716540022,0.0,0.42260036761467024,0.014989379481671401,0.22590558732076021
0.5139921824644684,0.5355538826489433,0.5315528203922448,0.9320907870262826,0.7157772584041041,0.5140833375829609,0.5607231967168625,0.7198722969096478,0.5141440015080071,0.6736179121303841,0.7419637521765263,0.5139921824644684,0.514125026946924,0.7007163660376052,0.7080907813987647,0.5139921824644684,0.7138650931825671,0.5596058523841128,0.6684664618983961,0.5139921824644684,0.7033686344809604,0.6956072974360502,0.5139921824644684,0.5139921824644684,0.7497872394067393,0.7182253905919538,0.5139921824644684,0.6971859086247189,0.5139921824644684,0.7193315705614564,0.5593390884843942,0.656520483885004,0.5139921824644684,0.6605883074652205,0.560107362112901,0.713825374711925,0.6607080149213193,0.5597059840828127,0.5139921824644684,0.7104113115335241,0.7082410314229292,0.5588894627267434,0.6625448599545879,0.5159718481171287,0.7110855157954099,0.5591957113836603,0.5139921824644684,0.667440423789442,0.7472993154954408,0.7122212595647488,0.5139921824644684,0.6971655444200763,0.5141103642345247,0.7135073883632798,0.5139921824644684,0.6985921172871666,0.5139921824644684,0.6628482667841563,0.559345890058879,0.7165843992177436,0.5139921824644684,0.6595485419250648,0.7547178552982747,0.5139921824644684,0.7181152209969702,0.5590991448836365,0.674358237414964,0.5139921824644684,0.7219268186613138,0.5594311637412899,0.6616452214964954,0.7213493948313352,0.5595057012948609,0.5139921824644684,0.7087962987143124,0.5139921824644684,0.6901127442075016,0.5139921824644684,0.7089314336235755,0.5139921824644684,0.5139921824644684,0.5139921824644684,0.6970910177659798,0.5139921824644684,0.5139921824644684,0.7096459075980123,0.5139921824644684,0.5139921824644684,0.5139921824644684,0.5594928868314017,0.7219274609028093,0.5139921824644684,0.5139921824644684,0.6718517353369484,0.5139921824644684,0.5139921824644684,0.5590941721358486,0.7158150149168057,0.5139921824644684,0.5141040389944356,0.5139921824644684,0.7104487251142,0.5139921824644684,0.5589952306684951,0.6541471612299419,0.5139921824644684,0.5139921824644684,0.5139921824644684,0.7063846965322754,0.5139921824644684,0.5594230554995485,0.5139921824644684,0.6825697161288306,0.5139921824644684,0.5139921824644684,0.7074984953385223,0.5139921824644684,0.5599349331151959,0.5139921824644684,0.7111014224063609,0.5140778745506227,0.5139921824644684,0.6574090524414317,0.5142029325106187,0.559521130533481
