0.17650688739155698,0.18870222644061704,0.8473707212028532,0.48376900131716233,0.1251426386450937,0.24386603014945296,0.49208117563128195,0.1253057570110443,0.47923340155236105,0.4730497380053094,0.12481679133747621,0.12559453996283432,0.46595480663738026,0.47616475964227245,0.12481679133747621,0.4839645903646372,0.24170779420048163,0.4216857723538682,0.1251210788043364,0.5170802039287251,0.12481679133747621,0.40699973360904407,0.12481679133747621,0.5307775526558661,0.48949479309280386,0.1251210788043364,0.4615242123090124,0.12481679133747621,0.4912209539885947,0.2412952030435435,0.40415270986463275,0.12481679133747621,0.41014948170217996,0.5306120836198049,0.12481679133747621,0.12481679133747621,0.4616546245941874,0.4795548997553316,0.12521447795746019,0.4765162256948873,0.2402172640109076,0.4130269056079504,0.13165896034623367,0.4800223784884894,0.2408156378434869,0.41987415184076826,0.12481679133747621,0.5274385176071489,0.48188036823780067,0.12491041812525344,0.4613825577031625,0.12481679133747621,0.483310518359757,0.12481679133747621,0.4633257820706378,0.12481679133747621,0.4131508737890318,0.533438561529994,0.12481679133747621,0.4084738160695514,0.12481679133747621,0.30518551831480795,0.45112664517689416,0.4895996398537232,0.24047916648521014,0.4298213285605913,0.12499575280382712,0.49465448453235494,0.24140721516683375,0.4115604279646228,0.4938616206104756,0.2414552046651587,0.12481679133747621,0.47696035428375494,0.39951833640158796,0.24123544225804366,0.12481679133747621,0.47726531273240785,0.12481679133747621,0.12481679133747621,0.12481679133747621,0.46171244589383487,0.12481679133747621,0.12481679133747621,0.12481679133747621,0.4782475984358047,0.12481679133747621,0.12481679133747621,0.5396591485795604,0.12481679133747621,0.12481679133747621,0.12521652990332688,0.42653274451185164,0.1251210788043364,0.12481679133747621,0.24074720434078448,0.4866132033104252,0.12481679133747621,0.12481679133747621,0.12481679133747621,0.47903709821102064,0.12481679133747621,0.24046150094493943,0.4009048780144274,0.12481679133747621,0.12481679133747621,0.12481679133747621,0.4736033054396689,0.12481679133747621,0.24136294983932818,0.12481679133747621,0.4408787270544631,0.12521652990332688,0.12481679133747621,0.47531016829962197,0.12481679133747621,0.242282344171183,0.12481679133747621,0.47996898428216966,0.12481679133747621,0.12481679133747621,0.12521447795746019,0.40572024868276735,0.24112975796653208,0.12481679133747621
0.18870222644061704,0.20015412082789763,0.8491946953216359,0.48822401302283064,0.1418319411313663,0.2528210517971362,0.4964525979570071,0.14197587470185824,0.48373502661990864,0.4776161057681196,0.14154454209429065,0.14223079457046647,0.470597224483744,0.4806983383099164,0.14154454209429065,0.4884176081755156,0.2507404784299732,0.42685176246488604,0.14181292010712526,0.5212133579102004,0.14154454209429065,0.41236136452855227,0.14154454209429065,0.5347876516511998,0.49389197610913815,0.14181292010712526,0.4662151196691736,0.14154454209429065,0.49560091972825704,0.2503428821032244,0.4095537374471184,0.14154454209429065,0.41546809940207846,0.5346236402413067,0.14154454209429065,0.14154454209429065,0.4663440934285889,0.48405319672525243,0.1418953261159175,0.48104612722922907,0.24930434610653446,0.4183067428804932,0.1476128778264106,0.48451584278196175,0.2498808061944768,0.4250636155665712,0.14154454209429065,0.5314781639529572,0.4863547018057646,0.1416271043843324,0.46607502838098364,0.14154454209429065,0.48777020918684094,0.14154454209429065,0.4679968778718202,0.14154454209429065,0.41842905113737366,0.5374253130606141,0.14154454209429065,0.4138152427536244,0.14154454209429065,0.3123687348665735,0.45593452142306923,0.4939957742741505,0.24955664458917848,0.4348840667287423,0.14170236647047094,0.4990004937192733,0.2504508186182327,0.41685996905639183,0.4982154369834686,0.250497063081326,0.14154454209429065,0.48148561567289194,0.40498457359736245,0.2502852971880175,0.14154454209429065,0.4817873921497836,0.14154454209429065,0.14154454209429065,0.14154454209429065,0.4664012771453771,0.14154454209429065,0.14154454209429065,0.14154454209429065,0.4827594514942046,0.14154454209429065,0.14154454209429065,0.5435919938795035,0.14154454209429065,0.14154454209429065,0.1418971366991106,0.4316368006291791,0.14181292010712526,0.14154454209429065,0.24981487371275052,0.4910393501074019,0.14154454209429065,0.14154454209429065,0.14154454209429065,0.48354075719896805,0.14154454209429065,0.2495396262305358,0.4063514629127312,0.14154454209429065,0.14154454209429065,0.14154454209429065,0.47816381998815916,0.14154454209429065,0.2504081634802346,0.14154454209429065,0.4458065165531598,0.1418971366991106,0.14154454209429065,0.4798527068174989,0.14154454209429065,0.2512942271275811,0.14154454209429065,0.48446300015714144,0.14154454209429065,0.14154454209429065,0.1418953261159175,0.41109952343271394,0.25018346329701147,0.14154454209429065
0.8473707212028532,0.8491946953216359,1.0,0.9190864336104073,0.8409306591284568,0.8587636565673451,0.9214989012037172,0.8409478350739414,0.9177735015636207,0.9159880062979131,0.8408964121211313,0.8409782954832952,0.913946557088204,0.9168867667310027,0.8408964121211313,0.9191431095501925,0.858350509901946,0.9014395600642687,0.8409283905286724,0.928788779640564,0.8408964121211313,0.8974025411620096,0.8408964121211313,0.9327926659285519,0.9207474419803171,0.8409283905286724,0.9126760195572116,0.8408964121211313,0.9212488929629334,0.8582718734286373,0.8966276571195092,0.8408964121211313,0.8982628303523003,0.9327443002798317,0.8408964121211313,0.8408964121211313,0.9127133671908064,0.9178664784386279,0.8409382209951396,0.916988261920819,0.8580669513166875,0.8990514438169496,0.8416333650074724,0.9180016973083724,0.8581806117696069,0.9009381025029395,0.8408964121211313,0.9318166152950208,0.91853940643739,0.8409062437091418,0.9126354558472897,0.8408964121211313,0.9189535970806699,0.8408964121211313,0.913192227253558,0.8408964121211313,0.8990854767858779,0.9335703903560543,0.8408964121211313,0.8978047669920712,0.8408964121211313,0.8716972332599362,0.909708824233715,0.9207778911893066,0.8581166706138794,0.9037027574035008,0.8409152106810311,0.9222472161518986,0.858293211042536,0.8986492085114516,0.9220165857001238,0.858302355247066,0.8408964121211313,0.9171165409481161,0.8953719778056224,0.8582604927171417,0.8408964121211313,0.917204639122424,0.8408964121211313,0.8408964121211313,0.8408964121211313,0.912729927117704,0.8408964121211313,0.8408964121211313,0.8408964121211313,0.917488495584331,0.8408964121211313,0.8408964121211313,0.935387660029906,0.8408964121211313,0.8408964121211313,0.840938437045476,0.9027857430735243,0.8409283905286724,0.8408964121211313,0.8581676010551796,0.9199110480128012,0.8408964121211313,0.8408964121211313,0.8408964121211313,0.9177167377129303,0.8408964121211313,0.8581133155958061,0.8957469122976631,0.8408964121211313,0.8408964121211313,0.8408964121211313,0.9161476191614228,0.8408964121211313,0.8582847777948541,0.8408964121211313,0.9068064877666281,0.840938437045476,0.8408964121211313,0.9166400545803522,0.8408964121211313,0.8584601991083045,0.8408964121211313,0.9179862514926409,0.8408964121211313,0.8408964121211313,0.8409382209951396,0.8970539761331778,0.8582403721373147,0.8408964121211313
0.48376900131716233,0.48822401302283064,0.9190864336104073,0.6535314371064352,0.4679069879585492,0.5113644154784777,0.65927226683873,0.46794958671288023,0.6504145178348117,0.646183373669009,0.4678220456264213,0.46802512872577984,0.6413555708873242,0.6483121334385981,0.4678220456264213,0.6536660996194522,0.5103725511364707,0.6119455917097556,0.4679013613888872,0.6767465440999675,0.4678220456264213,0.6024900855688763,0.4678220456264213,0.6864426652035324,0.6574820777226787,0.4679013613888872,0.638355739299822,0.4678220456264213,0.6586764707837811,0.5101836966467366,0.6006760702296556,0.4678220456264213,0.604504304388017,0.6863250558378183,0.4678220456264213,0.4678220456264213,0.6384438699489966,0.6506350845131305,0.46792574265299813,0.6485526632903796,0.5096914505839372,0.6063510097246952,0.4696484513635548,0.650955904014615,0.5099644941005782,0.6107705074925147,0.4678220456264213,0.6840716095416469,0.65223218278364,0.4678464314397246,0.638260022883015,0.4678220456264213,0.6532158537497634,0.4678220456264213,0.6395741179668722,0.4678220456264213,0.6064307124643162,0.6883355621174485,0.4678220456264213,0.6034317890696601,0.4678220456264213,0.5421540361993749,0.6313627887561183,0.6575545806550174,0.5098108955518669,0.6172517414093093,0.4678686722254572,0.6610568332049259,0.5102349435128817,0.6054090510618255,0.6605066278135614,0.5102569047963958,0.4678220456264213,0.6488567066797547,0.5977368665823637,0.510156362768145,0.4678220456264213,0.6490655401927352,0.4678220456264213,0.4678220456264213,0.4678220456264213,0.638482947989014,0.4678220456264213,0.4678220456264213,0.4678220456264213,0.6497385549679193,0.4678220456264213,0.4678220456264213,0.6927717149772824,0.4678220456264213,0.4678220456264213,0.46792627848925517,0.6151011905754843,0.4679013613888872,0.4678220456264213,0.5099332411123072,0.6554916823697134,0.4678220456264213,0.4678220456264213,0.4678220456264213,0.6502798702409915,0.4678220456264213,0.5098028357763552,0.5986144488224721,0.4678220456264213,0.4678220456264213,0.4678220456264213,0.6465612721510333,0.4678220456264213,0.5102146894469203,0.4678220456264213,0.6245375692715971,0.46792627848925517,0.4678220456264213,0.6477275731629528,0.4678220456264213,0.5106359461471299,0.4678220456264213,0.6509192547623343,0.4678220456264213,0.4678220456264213,0.46792574265299813,0.6016740642331818,0.5101080366017648,0.4678220456264213
0.1251426386450937,0.1418319411313663,0.8409306591284568,0.4679069879585492,0.012763897890390702,0.20974543117160965,0.4765272587457289,0.014274972700509838,0.46319925164958675,0.45677610659844287,0.009025438785701336,0.016620455663108293,0.4493992701151028,0.4600124721640394,0.009025438785701336,0.46810993490892017,0.2072301373587349,0.40317085315930296,0.012550728352393986,0.5024005029198413,0.009025438785701336,0.38774374425638314,0.009025438785701336,0.5165471198386107,0.473846006236152,0.012550728352393986,0.44478859026643147,0.009025438785701336,0.4756355817244474,0.20674837499573295,0.3847468644739841,0.009025438785701336,0.39105686268918743,0.5163763376441286,0.009025438785701336,0.009025438785701336,0.4449243489866462,0.46353304790830824,0.01345008479761417,0.4603775388984048,0.20548830811132746,0.39408136555808915,0.04285493964276932,0.46401838228830783,0.2061880359955733,0.4012705846598528,0.009025438785701336,0.5131003426872152,0.4659470306969052,0.010239264812066096,0.44464112515254134,0.009025438785701336,0.46743123634055506,0.009025438785701336,0.446663770863691,0.009025438785701336,0.39421162467038473,0.5192932044012655,0.009025438785701336,0.38929459662443516,0.009025438785701336,0.2787410951276656,0.433955489215501,0.4739547160826639,0.20579465040087486,0.4116954935338153,0.01123257790641847,0.4791940888499974,0.20687919539224453,0.3925401843530216,0.4783725014669551,0.20693523623798896,0.009025438785701336,0.46083882794739345,0.37986397639386577,0.2066785706317565,0.009025438785701336,0.46115555277926357,0.009025438785701336,0.009025438785701336,0.009025438785701336,0.4449845398549849,0.009025438785701336,0.009025438785701336,0.009025438785701336,0.4621756462418097,0.009025438785701336,0.009025438785701336,0.5257100231280826,0.009025438785701336,0.009025438785701336,0.013469176482223663,0.4082513754307973,0.012550728352393986,0.009025438785701336,0.20610804315617826,0.470857665830989,0.009025438785701336,0.009025438785701336,0.009025438785701336,0.46299543192533393,0.009025438785701336,0.20577399119062892,0.38132547552300505,0.009025438785701336,0.009025438785701336,0.009025438785701336,0.4573513440239444,0.009025438785701336,0.20682749996824762,0.009025438785701336,0.4232593851184752,0.013469176482223663,0.009025438785701336,0.45912473459182956,0.009025438785701336,0.20790051890922615,0.009025438785701336,0.46396295024229484,0.009025438785701336,0.009025438785701336,0.01345008479761417,0.38639717253357286,0.20655510940617142,0.009025438785701336
0.24386603014945296,0.2528210517971362,0.8587636565673451,0.5113644154784777,0.20974543117160965,0.296207391404429,0.5191776063698074,0.20984271266895108,0.507106529098895,0.501307938775276,0.20955134471490286,0.21001513840481253,0.4946643586361641,0.5042280341275563,0.20955134471490286,0.5115481165787468,0.29443676864529544,0.45347326951419553,0.20973257928562264,0.5427475627129495,0.20955134471490286,0.4399237638758708,0.20955134471490286,0.5557030440853187,0.5167451338899921,0.20973257928562264,0.49052099092540796,0.20955134471490286,0.5183684413370422,0.29409885752597353,0.4373046887004474,0.20955134471490286,0.4428242849737397,0.5555463776092054,0.20955134471490286,0.20955134471490286,0.49064288838504666,0.5074082121118446,0.20978826508346457,0.5045576279985725,0.29321691553360296,0.44547669276224916,0.2136939235078252,0.5078469139722375,0.2937063307290515,0.45179841176362046,0.20955134471490286,0.5525423751962242,0.5095909457416157,0.20960707884656948,0.49038858937059115,0.20955134471490286,0.5109338274561207,0.20955134471490286,0.49220525976928065,0.20955134471490286,0.4455910229030116,0.5582230100706411,0.20955134471490286,0.4412808248671883,0.20955134471490286,0.3483099475468497,0.4808144899989307,0.5168437180010782,0.2934310789551355,0.4610059805645379,0.2096579003049951,0.5215989665105355,0.2941905766408675,0.4441245800384049,0.5208527950094795,0.294229876208906,0.20955134471490286,0.5049741527591033,0.43304693463902505,0.2940499291382417,0.20955134471490286,0.5052601796750319,0.20955134471490286,0.20955134471490286,0.20955134471490286,0.49069693562434014,0.20955134471490286,0.20955134471490286,0.20955134471490286,0.5061816099901592,0.20955134471490286,0.20955134471490286,0.5641176022472784,0.20955134471490286,0.20955134471490286,0.20978948878051543,0.4579588834976144,0.20973257928562264,0.20955134471490286,0.2936503382573573,0.5140364504298508,0.20955134471490286,0.20955134471490286,0.20955134471490286,0.5069223345500548,0.20955134471490286,0.2934166310569537,0.43432006383973853,0.20955134471490286,0.20955134471490286,0.20955134471490286,0.5018267240543319,0.20955134471490286,0.2941543291203866,0.20955134471490286,0.4712723659199641,0.20978948878051543,0.20955134471490286,0.5034267271515127,0.20955134471490286,0.2949076350391625,0.20955134471490286,0.5077968044508802,0.20955134471490286,0.20955134471490286,0.20978826508346457,0.43874640422002154,0.29396341110514207,0.20955134471490286
0.49208117563128195,0.4964525979570071,0.9214989012037172,0.65927226683873,0.4765272587457289,0.5191776063698074,0.6649407406203212,0.4765690071208868,0.6561948714441099,0.6520176611270112,0.47644401246091167,0.4766430414389306,0.6472518090172522,0.654119244712048,0.47644401246091167,0.6594052256357095,0.5182029390488976,0.6182298825704353,0.47652174450625634,0.6821979808871054,0.47644401246091167,0.6089035457782807,0.47644401246091167,0.6917755086130198,0.6631730548183012,0.47652174450625634,0.6442907008090965,0.47644401246091167,0.6643524280256942,0.5180173647967538,0.607114584453638,0.47644401246091167,0.6108900505562697,0.6916593307258612,0.47644401246091167,0.47644401246091167,0.6443776912555018,0.6564126355497706,0.4765456390331089,0.6543567091827686,0.5175336774686448,0.61271144241878,0.47823406225491055,0.6567293802031859,0.5178019719671598,0.6170707242729274,0.47644401246091167,0.6894333443141325,0.6579894666876879,0.4764679113093897,0.6441962229146834,0.47644401246091167,0.6589606774045655,0.47644401246091167,0.6454933303783565,0.47644401246091167,0.6127900546834188,0.6936453886379725,0.47644401246091167,0.6098322785295174,0.47644401246091167,0.5494573357216623,0.6373887330728482,0.6632446453250022,0.5176510444572128,0.6234645481956758,0.47648970800141743,0.6667029268778901,0.5180677213636551,0.6117823841787475,0.6661596160370635,0.5180893011615734,0.47644401246091167,0.6546568792751228,0.6042161689030657,0.5179905058395926,0.47644401246091167,0.6548630533773512,0.47644401246091167,0.47644401246091167,0.47644401246091167,0.6444162637679951,0.47644401246091167,0.47644401246091167,0.47644401246091167,0.6555275029897636,0.47644401246091167,0.47644401246091167,0.6980277602292717,0.47644401246091167,0.47644401246091167,0.476546164172629,0.6213428855313701,0.47652174450625634,0.47644401246091167,0.5177712623591553,0.661207742610503,0.47644401246091167,0.47644401246091167,0.47644401246091167,0.656061935145387,0.47644401246091167,0.5176431248735459,0.60508154736879,0.47644401246091167,0.47644401246091167,0.47644401246091167,0.6523907291187119,0.47644401246091167,0.5180478191500608,0.47644401246091167,0.6306533273923601,0.476546164172629,0.47644401246091167,0.6535421386794412,0.47644401246091167,0.5184617622559144,0.47644401246091167,0.6566931963532857,0.47644401246091167,0.47644401246091167,0.4765456390331089,0.6080987836280634,0.5179430194285013,0.47644401246091167
0.1253057570110443,0.14197587470185824,0.8409478350739414,0.46794958671288023,0.014274972700509838,0.20984271266895108,0.4765690071208868,0.015640735323771807,0.4632423262400256,0.45681984405969756,0.011059670043523899,0.017807226102675825,0.4494437891954537,0.46005587362456074,0.011059670043523899,0.4681525133354343,0.20732860356928942,0.4032208465402778,0.014084691635392839,0.5024398471072794,0.011059670043523899,0.38779582828340947,0.011059670043523899,0.51658523333095,0.4738880162876793,0.014084691635392839,0.4448336094174773,0.011059670043523899,0.47567741684468706,0.20684707138671143,0.3847993726861662,0.011059670043523899,0.3911084848290073,0.5164144656723763,0.011059670043523899,0.011059670043523899,0.44496935328282167,0.46357608848597875,0.014891693554764713,0.4604209027151091,0.20558761161915445,0.3941325723583242,0.043329014968140525,0.4640613734873223,0.2062870014546875,0.40132082752007286,0.011059670043523899,0.5131387510301296,0.4659898265490517,0.012070637940811143,0.4446861604484679,0.011059670043523899,0.4674738828070597,0.011059670043523899,0.44670858553621995,0.011059670043523899,0.39426281371576644,0.5193310852006662,0.011059670043523899,0.38934646353311175,0.011059670043523899,0.2788141536829271,0.43400172027553563,0.473996715475759,0.20589380562910886,0.4117443938357554,0.012923953053420822,0.4792355794199866,0.20697782917339944,0.3925916020528025,0.4784140712015683,0.20703384322240737,0.011059670043523899,0.46088214427226765,0.37991718913500966,0.20677730046289858,0.011059670043523899,0.46119883654352495,0.011059670043523899,0.011059670043523899,0.011059670043523899,0.44502953756757124,0.011059670043523899,0.011059670043523899,0.011059670043523899,0.46221882539891995,0.011059670043523899,0.011059670043523899,0.5257473676351357,0.011059670043523899,0.011059670043523899,0.014908939294987903,0.40830071231395154,0.014084691635392839,0.011059670043523899,0.20620704714550384,0.4708999705144811,0.011059670043523899,0.011059670043523899,0.011059670043523899,0.4630385273051723,0.011059670043523899,0.20587315640478895,0.3813784756199215,0.011059670043523899,0.011059670043523899,0.011059670043523899,0.4573950214617498,0.011059670043523899,0.20692615848110338,0.011059670043523899,0.4233068670634392,0.014908939294987903,0.011059670043523899,0.459168227807941,0.011059670043523899,0.20799866658329053,0.011059670043523899,0.464005947076541,0.011059670043523899,0.011059670043523899,0.014891693554764713,0.38644944639753454,0.20665389843708698,0.011059670043523899
0.47923340155236105,0.48373502661990864,0.9177735015636207,0.6504145178348117,0.46319925164958675,0.507106529098895,0.6561948714441099,0.4632423262400256,0.6472760011659994,0.6430153764446397,0.4631133602692677,0.46331871188506746,0.6381536981236998,0.6451589921772708,0.4631133602692677,0.6505501112007945,0.5061051149442534,0.6085311999200395,0.4631935622244139,0.6737875956197186,0.4631133602692677,0.5990048238940926,0.4631133602692677,0.6835483723139454,0.6543923920293829,0.4631935622244139,0.635132684916843,0.4631133602692677,0.6555949884551182,0.5059144387108121,0.5971770546933601,0.4631133602692677,0.601034253890368,0.6834299827957713,0.4631133602692677,0.4631133602692677,0.6352214393335521,0.6474980994626586,0.4632182158468451,0.6454011975647649,0.5054174391326857,0.6028948501255157,0.46496010599159193,0.6478211458367533,0.5056931202963716,0.6073473813993168,0.4631133602692677,0.6811615696531336,0.6491062729797437,0.4631380185725389,0.6350362909396371,0.4631133602692677,0.6500967522934492,0.4631133602692677,0.636359678975711,0.4631133602692677,0.6029751512111549,0.685453812478943,0.4631133602692677,0.5999536469286677,0.4631133602692677,0.5381786408375554,0.6280899451395778,0.6544653933219182,0.5055380382429082,0.6138765415759451,0.46316050785777396,0.6579916590754021,0.5059661800273141,0.6019458126108308,0.6574376889126535,0.5059883531773449,0.4631133602692677,0.6457073580482009,0.594215454214116,0.5058868410708748,0.4631133602692677,0.645917645129635,0.4631133602692677,0.4631133602692677,0.4631133602692677,0.6352607939295649,0.4631133602692677,0.4631133602692677,0.4631133602692677,0.6465953412401962,0.4631133602692677,0.4631133602692677,0.6899192673443809,0.4631133602692677,0.4631133602692677,0.4632187576685449,0.6117101548851192,0.4631935622244139,0.4631133602692677,0.5056615655156207,0.6523882953061788,0.4631133602692677,0.4631133602692677,0.4631133602692677,0.6471404183280944,0.4631133602692677,0.5055299006033357,0.5950997382842006,0.4631133602692677,0.4631133602692677,0.4631133602692677,0.6433959157263061,0.4631133602692677,0.5059457305516584,0.4631133602692677,0.6212155456920991,0.4632187576685449,0.4631133602692677,0.6445703572757222,0.4631133602692677,0.5063710489044276,0.4631133602692677,0.647784242248698,0.4631133602692677,0.4631133602692677,0.4632182158468451,0.5981826219362797,0.5058380485193332,0.4631133602692677
0.4730497380053094,0.4776161057681196,0.9159880062979131,0.646183373669009,0.45677610659844287,0.501307938775276,0.6520176611270112,0.45681984405969756,0.6430153764446397,0.6387145002425454,0.45668889311727795,0.45689740492742464,0.6338065547656317,0.6408784011713071,0.45668889311727795,0.6463202375104872,0.5002933085167934,0.6038934205238824,0.4567703296110662,0.6697718924417801,0.45668889311727795,0.594269973894301,0.45668889311727795,0.6796207535271113,0.6501984127685462,0.4567703296110662,0.6307566035223717,0.45668889311727795,0.6514122021307511,0.5001001109477203,0.5924233569743241,0.45668889311727795,0.5963202452143977,0.6795013014697417,0.45668889311727795,0.45668889311727795,0.6308462102126582,0.6432395656188838,0.4567953626474195,0.6411228942406442,0.49959653208874977,0.5981998706756675,0.45856396981590725,0.6435656519342864,0.4998758640410776,0.6026976427880982,0.45668889311727795,0.6772125025648411,0.6448628574687645,0.4567139310230991,0.6306592837664013,0.45668889311727795,0.645862629724582,0.45668889311727795,0.6319953685780288,0.45668889311727795,0.5982809913720021,0.68154327610954,0.45668889311727795,0.5952285520802414,0.45668889311727795,0.5327702086992289,0.6236458171520325,0.6502720940657558,0.49971872867339573,0.6092924104632477,0.45673676648864653,0.6538311215013827,0.5001525366014127,0.597241136172715,0.6532720154986694,0.5001750029809106,0.45668889311727795,0.6414319452292121,0.589431058451332,0.5000721482505814,0.45668889311727795,0.6416442168569131,0.45668889311727795,0.45668889311727795,0.45668889311727795,0.6308859426742213,0.45668889311727795,0.45668889311727795,0.45668889311727795,0.6423283041617494,0.45668889311727795,0.45668889311727795,0.6860486292955905,0.45668889311727795,0.45668889311727795,0.45679591280723597,0.6071043495081336,0.4567703296110662,0.45668889311727795,0.49984389155379644,0.6481756194254252,0.45668889311727795,0.45668889311727795,0.45668889311727795,0.6428785168492297,0.45668889311727795,0.4997104832612359,0.5903245291612212,0.45668889311727795,0.45668889311727795,0.45668889311727795,0.6390986456497735,0.45668889311727795,0.5001318166722376,0.45668889311727795,0.6167041685204472,0.45679591280723597,0.45668889311727795,0.6402842028433994,0.45668889311727795,0.5005627563340976,0.45668889311727795,0.6435284011516302,0.45668889311727795,0.45668889311727795,0.4567953626474195,0.5934393026355659,0.5000227101983207,0.45668889311727795
0.12481679133747621,0.14154454209429065,0.8408964121211313,0.4678220456264213,0.009025438785701336,0.20955134471490286,0.47644401246091167,0.011059670043523899,0.4631133602692677,0.45668889311727795,0.0,0.013956396507916476,0.4493104976665273,0.4599259288410179,0.0,0.4680250331201326,0.20703368395117325,0.4030711613135181,0.008721366730788088,0.5023220515459511,0.0,0.38763988192611065,0.0,0.516471122882187,0.47376223805118595,0.008721366730788088,0.44469882039606884,0.0,0.475552162431283,0.20655146169421423,0.3846421559417216,0.0,0.3909539217627859,0.5163003116985525,0.0,0.0,0.44483460874538316,0.4634472243662512,0.009972273400618969,0.4602910706562255,0.2052901817854619,0.39397925317082444,0.04189376371237422,0.4639326572316015,0.20599058509772816,0.40117039515566977,0.0,0.5130237577049909,0.4658616952571131,0.004835700388337772,0.44455132308005285,0.0,0.4673461988475838,0.0,0.4465744088395353,0.0,0.39410954770116946,0.519217671506433,0.0,0.389191167417774,0.0,0.27859537963724107,0.43386330207590873,0.47387096915544674,0.2055968203417944,0.41159798211724685,0.006686722767271509,0.47911135674189653,0.20668240718384134,0.392437651254312,0.4782896114700956,0.20673850156877988,0.0,0.46075245442790486,0.37975786238641457,0.20648159051736195,0.0,0.46106924420202766,0.0,0.0,0.0,0.4448948127451574,0.0,0.0,0.0,0.46208954630361215,0.0,0.0,0.5256355597587858,0.0,0.0,0.009998008329778207,0.40815299314625886,0.008721366730788088,0.0,0.205910515274711,0.4707733100145202,0.0,0.0,0.0,0.4629094990806608,0.0,0.20557614117944417,0.38121978572511506,0.0,0.0,0.0,0.45726425026071,0.0,0.2066306623464651,0.0,0.4231647029045176,0.009998008329778207,0.0,0.45903800826144425,0.0,0.20770470192094276,0.0,0.4638772139461677,0.0,0.0,0.009972273400618969,0.38629293150086164,0.20635801101139709,0.0
0.12559453996283432,0.14223079457046647,0.8409782954832952,0.46802512872577984,0.016620455663108293,0.21001513840481253,0.4766430414389306,0.017807226102675825,0.46331871188506746,0.45689740492742464,0.013956396507916476,0.019737325039251245,0.449522735799809,0.4601328387887136,0.013956396507916476,0.4682280193080352,0.20750312640927263,0.4033094979788731,0.016457315674519003,0.502509618758251,0.013956396507916476,0.38788818573286327,0.013956396507916476,0.5166528228717876,0.4739625145518956,0.016457315674519003,0.4449134425892851,0.013956396507916476,0.47575160495999763,0.20702200166595333,0.38489248205278503,0.013956396507916476,0.39120002352224803,0.5164820809866689,0.013956396507916476,0.013956396507916476,0.4450491601187825,0.4636524138284276,0.01715305329044965,0.4604978011394304,0.20576361652959618,0.39422337480027314,0.044157310926463945,0.46413761128431974,0.20646240800300686,0.4014099212098473,0.013956396507916476,0.5132068633660215,0.4660657180067788,0.01477040966854397,0.44476602224314166,0.013956396507916476,0.4675495094114331,0.013956396507916476,0.44678805619228756,0.013956396507916476,0.39435358468444776,0.519398262155463,0.013956396507916476,0.3894384361125616,0.013956396507916476,0.27894368160143435,0.43408370198700374,0.47407119484286214,0.20606954807870204,0.4118311075493081,0.015475569902471719,0.47930915665333385,0.20715264862820462,0.39268277834642895,0.4784877887928247,0.2072086152447606,0.013956396507916476,0.4609589584968597,0.3800115473452345,0.2069522899338067,0.013956396507916476,0.46127559304036164,0.013956396507916476,0.013956396507916476,0.013956396507916476,0.44510933273164116,0.013956396507916476,0.013956396507916476,0.013956396507916476,0.46229539643415063,0.013956396507916476,0.013956396507916476,0.5258135936883348,0.013956396507916476,0.013956396507916476,0.017168027584877486,0.4083881999697491,0.016457315674519003,0.013956396507916476,0.20638252189452264,0.4709749911518258,0.013956396507916476,0.013956396507916476,0.013956396507916476,0.46311494980855145,0.013956396507916476,0.20604891652993068,0.3814724569003526,0.013956396507916476,0.013956396507916476,0.013956396507916476,0.4574724759127648,0.013956396507916476,0.20710102171304548,0.013956396507916476,0.4233910663607313,0.017168027584877486,0.013956396507916476,0.45924535564809116,0.013956396507916476,0.2081726255799438,0.013956396507916476,0.4640821948644759,0.013956396507916476,0.013956396507916476,0.01715305329044965,0.38654214035572726,0.2068289926959566,0.013956396507916476
0.46595480663738026,0.470597224483744,0.913946557088204,0.6413555708873242,0.4493992701151028,0.4946643586361641,0.6472518090172522,0.4494437891954537,0.6381536981236998,0.6338065547656317,0.4493104976665273,0.449522735799809,0.628845405832007,0.6359937747274721,0.4493104976665273,0.6414938944010647,0.493634275693816,0.5985975172005249,0.4493933898788612,0.6651913755850457,0.4493104976665273,0.5888620463107581,0.4493104976665273,0.6751412074145491,0.6454133024073007,0.4493933898788612,0.6257621663493562,0.4493104976665273,0.6466399465940578,0.49343812979883905,0.5869936650697792,0.4493104976665273,0.5909363790578336,0.6750205378203327,0.4493104976665273,0.4493104976665273,0.6258527535653122,0.6383802901889901,0.44941887029973737,0.6362408973454996,0.49292685699745015,0.592837969304763,0.45121897462716476,0.6387098700012674,0.4932104583361871,0.5973879440030008,0.4493104976665273,0.6727083772866951,0.6400209550391441,0.44933598318722745,0.6256637814922419,0.4493104976665273,0.6410314049350039,0.4493104976665273,0.6270144730221935,0.4493104976665273,0.5929200359521866,0.6770833028270484,0.4493104976665273,0.5898318875266806,0.4493104976665273,0.5265816498707433,0.6185730676191115,0.6454877647111505,0.49305092176108584,0.604058372013478,0.44935922685512003,0.6490844142678516,0.49349135569233743,0.5918680424425516,0.6485194112206324,0.4935141649618685,0.4493104976665273,0.6365532707107502,0.5839659088687128,0.49340974021375716,0.4493104976665273,0.636767823344866,0.4493104976665273,0.4493104976665273,0.4493104976665273,0.6258929207519475,0.4493104976665273,0.4493104976665273,0.4493104976665273,0.6374592563025127,0.4493104976665273,0.4493104976665273,0.68163436024318,0.4493104976665273,0.4493104976665273,0.44941943029138615,0.6018453212966284,0.4493933898788612,0.4493104976665273,0.4931779973755166,0.6433690335179743,0.4493104976665273,0.4493104976665273,0.4493104976665273,0.6380153712223889,0.4493104976665273,0.49304255031464966,0.5848699917831568,0.4493104976665273,0.4493104976665273,0.4493104976665273,0.6341948459506931,0.4493104976665273,0.49347031950519304,0.4493104976665273,0.6115539733239477,0.44941943029138615,0.4493104976665273,0.6353931813513862,0.4493104976665273,0.493907832281856,0.4493104976665273,0.6386722202279655,0.4493104976665273,0.4493104976665273,0.44941887029973737,0.5880215956965943,0.49335954732559084,0.4493104976665273
0.47616475964227245,0.4806983383099164,0.9168867667310027,0.6483121334385981,0.4600124721640394,0.5042280341275563,0.654119244712048,0.46005587362456074,0.6451589921772708,0.6408784011713071,0.4599259288410179,0.4601328387887136,0.6359937747274721,0.6430320789243968,0.4599259288410179,0.6484483570776252,0.5032200902140003,0.6062271783283065,0.4600067395608769,0.6717921138120657,0.4599259288410179,0.5966526962812556,0.4599259288410179,0.6815966117753735,0.6523084455600094,0.4600067395608769,0.6329584096876029,0.4599259288410179,0.6535165952122588,0.5030281682787506,0.5948155878834804,0.4599259288410179,0.5986924538211071,0.6814776948137049,0.4599259288410179,0.4599259288410179,0.6330475867766095,0.6453821276772995,0.4600315802770265,0.6432754190934438,0.5025279181576537,0.6005624801033518,0.46178664550882276,0.6457066820568541,0.5028054030128569,0.6050374324819686,0.4599259288410179,0.6791991624090931,0.6469978009526287,0.4599507743302565,0.6328615565852137,0.4599259288410179,0.6479928903412836,0.4599259288410179,0.6341912414667145,0.4599259288410179,0.6006431873617316,0.6835105317865332,0.4599259288410179,0.5976063532406781,0.4599259288410179,0.5354930278568046,0.625881925829119,0.6523817842240665,0.5026493065061592,0.6115991116632123,0.4599734343208108,0.6559243046431098,0.503080247700862,0.599608637133731,0.655367786266042,0.5031025657249034,0.4599259288410179,0.64358301339091,0.5918387771988803,0.5030003902778823,0.4599259288410179,0.6437942848972749,0.4599259288410179,0.4599259288410179,0.4599259288410179,0.6330871287696312,0.4599259288410179,0.4599259288410179,0.4599259288410179,0.6444751513587319,0.4599259288410179,0.4599259288410179,0.6879957935819699,0.4599259288410179,0.4599259288410179,0.46003212621035794,0.6094219813504713,0.4600067395608769,0.4599259288410179,0.5027736418609721,0.6502950730513041,0.4599259288410179,0.4599259288410179,0.4599259288410179,0.6450227759917306,0.4599259288410179,0.5026411156210129,0.5927276129265825,0.4599259288410179,0.4599259288410179,0.4599259288410179,0.6412607291588786,0.4599259288410179,0.5030596646040759,0.4599259288410179,0.6189741828506601,0.46003212621035794,0.4599259288410179,0.6424406843647192,0.4599259288410179,0.5034877602611305,0.4599259288410179,0.6456696062375548,0.4599259288410179,0.4599259288410179,0.4600315802770265,0.5958262976632797,0.5029512788093791,0.4599259288410179
0.12481679133747621,0.14154454209429065,0.8408964121211313,0.4678220456264213,0.009025438785701336,0.20955134471490286,0.47644401246091167,0.011059670043523899,0.4631133602692677,0.45668889311727795,0.0,0.013956396507916476,0.4493104976665273,0.4599259288410179,0.0,0.4680250331201326,0.20703368395117325,0.4030711613135181,0.008721366730788088,0.5023220515459511,0.0,0.38763988192611065,0.0,0.516471122882187,0.47376223805118595,0.008721366730788088,0.44469882039606884,0.0,0.475552162431283,0.20655146169421423,0.3846421559417216,0.0,0.3909539217627859,0.5163003116985525,0.0,0.0,0.44483460874538316,0.4634472243662512,0.009972273400618969,0.4602910706562255,0.2052901817854619,0.39397925317082444,0.04189376371237422,0.4639326572316015,0.20599058509772816,0.40117039515566977,0.0,0.5130237577049909,0.4658616952571131,0.004835700388337772,0.44455132308005285,0.0,0.4673461988475838,0.0,0.4465744088395353,0.0,0.39410954770116946,0.519217671506433,0.0,0.389191167417774,0.0,0.27859537963724107,0.43386330207590873,0.47387096915544674,0.2055968203417944,0.41159798211724685,0.006686722767271509,0.47911135674189653,0.20668240718384134,0.392437651254312,0.4782896114700956,0.20673850156877988,0.0,0.46075245442790486,0.37975786238641457,0.20648159051736195,0.0,0.46106924420202766,0.0,0.0,0.0,0.4448948127451574,0.0,0.0,0.0,0.46208954630361215,0.0,0.0,0.5256355597587858,0.0,0.0,0.009998008329778207,0.40815299314625886,0.008721366730788088,0.0,0.205910515274711,0.4707733100145202,0.0,0.0,0.0,0.4629094990806608,0.0,0.20557614117944417,0.38121978572511506,0.0,0.0,0.0,0.45726425026071,0.0,0.2066306623464651,0.0,0.4231647029045176,0.009998008329778207,0.0,0.45903800826144425,0.0,0.20770470192094276,0.0,0.4638772139461677,0.0,0.0,0.009972273400618969,0.38629293150086164,0.20635801101139709,0.0
0.4839645903646372,0.4884176081755156,0.9191431095501925,0.6536660996194522,0.46810993490892017,0.5115481165787468,0.6594052256357095,0.4681525133354343,0.6505501112007945,0.6463202375104872,0.4680250331201326,0.4682280193080352,0.6414938944010647,0.6484483570776252,0.4680250331201326,0.6538007220104995,0.510556661373206,0.6120930673000388,0.46810431102445366,0.676874395403968,0.4680250331201326,0.6026406110793915,0.4680250331201326,0.6865677274687327,0.6576155663365334,0.46810431102445366,0.6384949754005941,0.4680250331201326,0.6588096057656577,0.5103678849285483,0.6008271875203101,0.4680250331201326,0.6046541753680198,0.686450151760671,0.4680250331201326,0.4680250331201326,0.6385830791766791,0.6507706118689146,0.46812868065337365,0.6486888147212625,0.509875842506357,0.6065002829420805,0.46985056987651425,0.6510913353951036,0.5101487730269245,0.6109183590252042,0.4680250331201326,0.6841973511499044,0.6523672328014822,0.4680494072926903,0.6383992881742887,0.4680250331201326,0.6533506103194724,0.4680250331201326,0.6397129828934536,0.4680250331201326,0.6065799599323454,0.6884600832222934,0.4680250331201326,0.6035820082358115,0.4680250331201326,0.5423256241424268,0.6315041696236128,0.6576880477858378,0.5099952380313734,0.6173975299008302,0.46807163746252933,0.6611892651331227,0.5104191106120983,0.6055586289063242,0.6606392220470979,0.5104410628190849,0.4680250331201326,0.6489927668725225,0.597888947442446,0.5103405623496489,0.4680250331201326,0.649201537742138,0.4680250331201326,0.4680250331201326,0.4680250331201326,0.6386221453021146,0.4680250331201326,0.4680250331201326,0.4680250331201326,0.6498743507665298,0.4680250331201326,0.4680250331201326,0.6928949717850054,0.4680250331201326,0.4680250331201326,0.46812921623393144,0.6152476607927116,0.46810431102445366,0.4680250331201326,0.510117532967453,0.655625761596414,0.4680250331201326,0.4680250331201326,0.4680250331201326,0.6504155039142168,0.4680250331201326,0.5099871815915324,0.5987662413639254,0.4680250331201326,0.4680250331201326,0.4680250331201326,0.6466980221930646,0.4680250331201326,0.510398864917631,0.4680250331201326,0.6246810681737653,0.46812921623393144,0.4680250331201326,0.6478639723980082,0.4680250331201326,0.5108199476116199,0.4680250331201326,0.6510546971044096,0.4680250331201326,0.4680250331201326,0.46812868065337365,0.6018248556790903,0.5102922561634401,0.4680250331201326
0.24170779420048163,0.2507404784299732,0.858350509901946,0.5103725511364707,0.2072301373587349,0.29443676864529544,0.5182029390488976,0.20732860356928942,0.5061051149442534,0.5002933085167934,0.20703368395117325,0.20750312640927263,0.493634275693816,0.5032200902140003,0.20703368395117325,0.510556661373206,0.2926552702306785,0.4523389448194636,0.20721712887673505,0.5418224136856007,0.20703368395117325,0.438751468446815,0.20703368395117325,0.5548037527881727,0.5157651569744609,0.20721712887673505,0.4894810960081175,0.20703368395117325,0.5173920121494455,0.2923152688864554,0.43612481265122327,0.20703368395117325,0.441660291256024,0.5546467789066867,0.20703368395117325,0.20703368395117325,0.4896032840996224,0.5064074788389233,0.20727349304747628,0.503550434819789,0.29142784904403324,0.4443202063111189,0.21122583819113197,0.5068471696584423,0.2919203080675493,0.4506595026899645,0.20703368395117325,0.5516368577086025,0.5085951193811721,0.2070900982339629,0.4893483786409285,0.20703368395117325,0.5099410031899833,0.20703368395117325,0.4911693699331286,0.20703368395117325,0.4444348582618812,0.5573286462333007,0.20703368395117325,0.44011242565799963,0.20703368395117325,0.34681075377136683,0.4797510574091283,0.5158639570440761,0.2916433456491007,0.4598919126731827,0.20714153957255702,0.5206295456627491,0.29240755581903055,0.44296427658193815,0.5198817614911847,0.29244709857719425,0.20703368395117325,0.5039679071836504,0.4318545597240999,0.2922660374482783,0.20703368395117325,0.5042545840827136,0.20703368395117325,0.20703368395117325,0.20703368395117325,0.489657460161624,0.20703368395117325,0.20703368395117325,0.20703368395117325,0.505178104254378,0.20703368395117325,0.20703368395117325,0.563234641101866,0.20703368395117325,0.20703368395117325,0.20727473164769997,0.4568366916010252,0.20721712887673505,0.20703368395117325,0.2918639678683304,0.513050514131599,0.20703368395117325,0.20703368395117325,0.20703368395117325,0.505920504356492,0.20703368395117325,0.29162880787209267,0.43313144933081893,0.20703368395117325,0.20703368395117325,0.20703368395117325,0.5008132863290683,0.20703368395117325,0.29237108393798517,0.20703368395117325,0.4701849974613948,0.20727473164769997,0.20703368395117325,0.5024169547223004,0.20703368395117325,0.29312904139149626,0.20703368395117325,0.506796947245748,0.20703368395117325,0.20703368395117325,0.20727349304747628,0.4375707110717921,0.29217898329999337,0.20703368395117325
