0.0,0.0,0.136188134222926,0.15452428631938064,0.8408964152537145,0.5164965466852324,0.009857532465223758,0.22903396635133724,0.5235473713728694,0.012722004597520629,0.4496297609181023,0.5572125118931852,0.00952542673463215,0.011210642785279806,0.49329027290408817,0.5052274723367852,0.0,0.5140879411500395,0.22627126079595877,0.4411660385113123,0.0,0.5535279404211958,0.0,0.4244743858083589,0.0,0.5695443628782524,0.5212171388153822,0.0,0.48780149481095825,0.0,0.0,0.5764142636127302,0.4209983389648881,0.0,0.4280254711970734,0.5690120380077495,0.0,0.0,0.48819922780696606,0.0,0.5086310475297504,0.505094582235032,0.2242233961372358,0.43141605406354705,0.04617627169378674,0.5093700902979069,0.22513141796704333,0.0,0.4394849305504806,0.5654381943243562,0.5116659668849126,0.0,0.4879907522372925,0.011224305975986676,0.5136526925174651,0.0,0.48999209382530284,0.0,0.43190601532298833,0.5724467042540229,0.0,0.4262899326453236,0.0,0.22568773105731196,0.5219184381298396,0.5206545864943517,0.22565295842662286,0.4510789965117784,0.0,0.5262577195066025,0.22574567372554938,0.42959074257050683,0.0,0.5795166600807539,0.0,0.5059118614357939,0.0,0.47654181094086673,0.0,0.5066314506688875,0.00952542673463215,0.0,0.0,0.48785999733449553,0.0,0.0,0.0,0.5076267244988436,0.0,0.0,0.5802114402232854,0.0,0.0,0.0,0.4466841073831026,0.0,0.0,0.22468813019964057,0.5171029163184276,0.0,0.010919767362537745,0.0,0.508654571194348,0.0,0.22478534405879388,0.41729217103879557,0.0,0.0,0.010891659825881328,0.5020064327982666,0.0,0.22572454338968517,0.0,0.46406068700650505,0.0,0.0,0.5039831621237715,0.0,0.22679293511698917,0.0,0.5098139184510422,0.010919767362537745,0.0,0.0,0.4229243582312725
0.0,0.0,0.136188134222926,0.15452428631938064,0.8408964152537145,0.5164965466852324,0.009857532465223758,0.22903396635133724,0.5235473713728694,0.012722004597520629,0.4496297609181023,0.5572125118931852,0.00952542673463215,0.011210642785279806,0.49329027290408817,0.5052274723367852,0.0,0.5140879411500395,0.22627126079595877,0.4411660385113123,0.0,0.5535279404211958,0.0,0.4244743858083589,0.0,0.5695443628782524,0.5212171388153822,0.0,0.48780149481095825,0.0,0.0,0.5764142636127302,0.4209983389648881,0.0,0.4280254711970734,0.5690120380077495,0.0,0.0,0.48819922780696606,0.0,0.5086310475297504,0.505094582235032,0.2242233961372358,0.43141605406354705,0.04617627169378674,0.5093700902979069,0.22513141796704333,0.0,0.4394849305504806,0.5654381943243562,0.5116659668849126,0.0,0.4879907522372925,0.011224305975986676,0.5136526925174651,0.0,0.48999209382530284,0.0,0.43190601532298833,0.5724467042540229,0.0,0.4262899326453236,0.0,0.22568773105731196,0.5219184381298396,0.5206545864943517,0.22565295842662286,0.4510789965117784,0.0,0.5262577195066025,0.22574567372554938,0.42959074257050683,0.0,0.5795166600807539,0.0,0.5059118614357939,0.0,0.47654181094086673,0.0,0.5066314506688875,0.00952542673463215,0.0,0.0,0.48785999733449553,0.0,0.0,0.0,0.5076267244988436,0.0,0.0,0.5802114402232854,0.0,0.0,0.0,0.4466841073831026,0.0,0.0,0.22468813019964057,0.5171029163184276,0.0,0.010919767362537745,0.0,0.508654571194348,0.0,0.22478534405879388,0.41729217103879557,0.0,0.0,0.010891659825881328,0.5020064327982666,0.0,0.22572454338968517,0.0,0.46406068700650505,0.0,0.0,0.5039831621237715,0.0,0.22679293511698917,0.0,0.5098139184510422,0.010919767362537745,0.0,0.0,0.4229243582312725
0.136188134222926,0.136188134222926,0.19258254084402862,0.20595040077244137,0.8485870640192335,0.5334771435644842,0.13654435926577294,0.26640046303254106,0.5402698981852515,0.13678095342936064,0.46935740580160284,0.5727677920895166,0.13652078952931587,0.1366486906261201,0.5111586411758999,0.5226315156328366,0.136188134222926,0.5311578842899578,0.26403173969158433,0.46128790229843925,0.136188134222926,0.5692061644477088,0.136188134222926,0.44541124135025,0.136188134222926,0.5846958869749291,0.5380243910159977,0.136188134222926,0.5058891678059574,0.136188134222926,0.136188134222926,0.5913457490718733,0.44211161170066565,0.136188134222926,0.44878455703882536,0.5841807540804514,0.136188134222926,0.136188134222926,0.5062708816820564,0.136188134222926,0.5259057258973061,0.5225037030014733,0.2622808331643127,0.4520076658866866,0.14380211066346943,0.5266168497926462,0.263056660690085,0.136188134222926,0.4596865681779761,0.5807228739110908,0.5288263786296932,0.136188134222926,0.5060708001709222,0.13664981203553783,0.5307388470116577,0.136188134222926,0.5079917875394127,0.136188134222926,0.45247360556509175,0.5875048567560592,0.136188134222926,0.4471355944138997,0.136188134222926,0.26353239561119884,0.538700133749667,0.5374823753617219,0.2635026504164895,0.4707403471856792,0.136188134222926,0.5428823859448862,0.263581963616416,0.4502722424071101,0.136188134222926,0.5943498645233573,0.136188134222926,0.5232897873109388,0.136188134222926,0.49509157215907273,0.136188134222926,0.5239819729703936,0.13652078952931587,0.136188134222926,0.136188134222926,0.505945312811661,0.136188134222926,0.136188134222926,0.136188134222926,0.5249394405568945,0.136188134222926,0.136188134222926,0.5950227249966541,0.136188134222926,0.136188134222926,0.136188134222926,0.4665475734204419,0.136188134222926,0.136188134222926,0.26267780425121184,0.5340611168585094,0.136188134222926,0.13662513890051936,0.136188134222926,0.5259283599734431,0.136188134222926,0.2627608711303074,0.43859622638773466,0.136188134222926,0.136188134222926,0.13662289566714358,0.5195341152167138,0.136188134222926,0.26356388693299077,0.136188134222926,0.4831431480887054,0.136188134222926,0.136188134222926,0.5214348269046828,0.136188134222926,0.2644784407329566,0.136188134222926,0.5270439404507142,0.13662513890051936,0.136188134222926,0.136188134222926,0.44393958384062937
0.15452428631938064,0.15452428631938064,0.20595040077244137,0.21849918615209013,0.8507580722504623,0.5382425683962894,0.15483829691485873,0.27620007597299834,0.5449650931362655,0.15504695419600042,0.47486207093934746,0.577143767790807,0.15481751467186725,0.15493029901503405,0.5161646617554104,0.5275118940123936,0.15452428631938064,0.5359475932968382,0.2739170039880603,0.46689734288365364,0.15452428631938064,0.5736158813409331,0.15452428631938064,0.4512361940074771,0.15452428631938064,0.5889608637828062,0.5427426568686458,0.15452428631938064,0.5109543791291768,0.15452428631938064,0.15452428631938064,0.5955501126804187,0.4479830174347934,0.15452428631938064,0.45456262877915177,0.588450463125252,0.15452428631938064,0.15452428631938064,0.5113317727313913,0.15452428631938064,0.5307510227855751,0.5273854576265014,0.2722303346961017,0.45774150639838507,0.16127411731523797,0.5314545712421799,0.2729776004277217,0.15452428631938064,0.465317169346903,0.5850244892775883,0.5336406609953509,0.15452428631938064,0.5111339551198516,0.1549312879877116,0.535532960572305,0.15452428631938064,0.5130332648465742,0.15452428631938064,0.4582010965991375,0.5917441231801422,0.15452428631938064,0.4529365066743758,0.15452428631938064,0.27343589881188285,0.5434114419450712,0.5422062313124716,0.27340724211344924,0.4762273592128104,0.15452428631938064,0.5475509161796367,0.27348365343277264,0.45602983093508626,0.15452428631938064,0.5985271278376442,0.15452428631938064,0.5281630857713085,0.15452428631938064,0.5002811791326089,0.15452428631938064,0.52884784140933,0.15481751467186725,0.15452428631938064,0.15452428631938064,0.5110098883573964,0.15452428631938064,0.15452428631938064,0.15452428631938064,0.5297950560277246,0.15452428631938064,0.15452428631938064,0.5991939418430753,0.15452428631938064,0.15452428631938064,0.15452428631938064,0.4720883756288721,0.15452428631938064,0.15452428631938064,0.2726126718179903,0.5388204519668807,0.15452428631938064,0.15490952912874956,0.15452428631938064,0.5307734155066247,0.15452428631938064,0.27269268172394445,0.4445177875408853,0.15452428631938064,0.15452428631938064,0.15490755089894084,0.5244479913559911,0.15452428631938064,0.27346623798893027,0.15452428631938064,0.4884756070017487,0.15452428631938064,0.15452428631938064,0.5263281110515071,0.15452428631938064,0.2743474433117815,0.15452428631938064,0.5318771196538906,0.15490952912874956,0.15452428631938064,0.15452428631938064,0.44978518119212946
0.8408964152537145,0.8408964152537145,0.8485870640192335,0.8507580722504623,1.0,0.9327998667420816,0.8409372676266962,0.8621053469351786,0.9347964169203362,0.8409644562847428,0.9140346768270406,0.9443022658046059,0.8409345615022142,0.8409492515782397,0.926237964139119,0.9296103674440129,0.8408964152537145,0.9321178981340216,0.8616161198459868,0.9117057362033725,0.8408964152537145,0.9432662454154125,0.8408964152537145,0.9071602194061117,0.8408964152537145,0.9477568013908387,0.934136583881027,0.8408964152537145,0.9246907901355632,0.8408964152537145,0.8408964152537145,0.9496708861004142,0.9062223793357689,0.8408964152537145,0.9081215610038662,0.9476081476987332,0.8408964152537145,0.8408964152537145,0.9248028129543393,0.8408964152537145,0.9305732886054698,0.9295727805132783,0.8612567189950676,0.9090424219675994,0.8417914829863624,0.9307824308216099,0.8614157356291933,0.8408964152537145,0.9112449706424867,0.9466089764603365,0.9314322482080524,0.8408964152537145,0.9247440932664425,0.8409493804351497,0.9319946723069796,0.8408964152537145,0.9253079602249865,0.8408964152537145,0.9091757264597817,0.9485664599492213,0.8408964152537145,0.9076513157279523,0.8408964152537145,0.8615134284173988,0.9343351691578283,0.9339772858041353,0.8615073161010709,0.9144349215734555,0.8408964152537145,0.935563805303422,0.8615236153221808,0.9085463243333435,0.8408964152537145,0.950532423216453,0.8408964152537145,0.929803953772438,0.8408964152537145,0.9215263248734119,0.8408964152537145,0.9300075180840878,0.8409345615022142,0.8408964152537145,0.8408964152537145,0.9247072666329953,0.8408964152537145,0.8408964152537145,0.8408964152537145,0.9302891046207309,0.8408964152537145,0.8408964152537145,0.9507251038527982,0.8408964152537145,0.8408964152537145,0.8408964152537145,0.9132224437553217,0.8408964152537145,0.8408964152537145,0.8613380371460377,0.9329715644681105,0.8408964152537145,0.8409465455694477,0.8408964152537145,0.9305799453028007,0.8408964152537145,0.8613550654645216,0.905226042374734,0.8408964152537145,0.8408964152537145,0.8409462878529623,0.9286995574892499,0.8408964152537145,0.8615199001399465,0.8408964152537145,0.9180373688868354,0.8408964152537145,0.8408964152537145,0.9292584554602685,0.8408964152537145,0.8617081155180705,0.8408964152537145,0.9309080385008068,0.8409465455694477,0.8408964152537145,0.8408964152537145,0.9067416250125838
0.5164965466852324,0.5164965466852324,0.5334771435644842,0.5382425683962894,0.9327998667420816,0.717078994793473,0.5165871959377621,0.5629893075244451,0.7216094376927783,0.5166475232862023,0.6753522848586423,0.7435175909932431,0.5165811913495714,0.5166137867180882,0.7023298206960467,0.7098846178881596,0.5164965466852324,0.7155364047559345,0.5619271175978264,0.670254888566252,0.5164965466852324,0.7410992696364377,0.5164965466852324,0.6603420845603558,0.5164965466852324,0.7516441990815067,0.7201097709985225,0.5164965466852324,0.6988801712184401,0.5164965466852324,0.5164965466852324,0.7561919937578868,0.658302112783349,0.5164965466852324,0.662434936050267,0.7512924007896261,0.5164965466852324,0.5164965466852324,0.6991296173328989,0.5164965466852324,0.7120513164352327,0.7098001320605348,0.5611465665381469,0.6644414101596671,0.5184814875747606,0.7125225066322481,0.5614919455260966,0.5164965466852324,0.6692479758894158,0.7489328333372479,0.7139879015655536,0.5164965466852324,0.6989988574176558,0.5166140726318812,0.7152579291570469,0.5164965466852324,0.7002550742021582,0.5164965466852324,0.6647320152598833,0.7535637947965615,0.5164965466852324,0.6614109789181176,0.5164965466852324,0.5617041115837721,0.7205608596921053,0.7197480810706952,0.5616908374856678,0.6762297076368715,0.5164965466852324,0.7233566530139903,0.5617262343242407,0.6633602400961662,0.5164965466852324,0.7582502731724539,0.5164965466852324,0.7103198563183312,0.5164965466852324,0.6918535302366883,0.5164965466852324,0.7107777202054723,0.5165811913495714,0.5164965466852324,0.5164965466852324,0.6989168570316119,0.5164965466852324,0.5164965466852324,0.5164965466852324,0.7114114014671264,0.5164965466852324,0.5164965466852324,0.7587115979330515,0.5164965466852324,0.5164965466852324,0.5164965466852324,0.6735729836038971,0.5164965466852324,0.5164965466852324,0.5613231918635556,0.7174677533393528,0.5164965466852324,0.5166077824862901,0.5164965466852324,0.7120663104479092,0.5164965466852324,0.5613601765451686,0.656136668389082,0.5164965466852324,0.5164965466852324,0.5166072106504935,0.707839205320666,0.5164965466852324,0.5617181661401806,0.5164965466852324,0.6841472164441302,0.5164965466852324,0.5164965466852324,0.709093869339412,0.5164965466852324,0.5621268827667047,0.5164965466852324,0.7128055996334158,0.5166077824862901,0.5164965466852324,0.5164965466852324,0.6594313613572012
0.009857532465223758,0.009857532465223758,0.13654435926577294,0.15483829691485873,0.8409372676266962,0.5165871959377621,0.013940656083363064,0.22924570804536962,0.5236366088630704,0.016094109037408787,0.44973557277598053,0.5572953889193325,0.013707833536615558,0.014928143112155227,0.4933857946858858,0.505320442534432,0.009857532465223758,0.5141790796482092,0.22648559937904478,0.4412740479408303,0.009857532465223758,0.5536114855156591,0.009857532465223758,0.42458695693188686,0.009857532465223758,0.5696250489021756,0.5213068395665299,0.009857532465223758,0.4878982241760115,0.009857532465223758,0.009857532465223758,0.5764937574754052,0.4211119009057356,0.009857532465223758,0.42813704513411055,0.5690928172327662,0.009857532465223758,0.009857532465223758,0.4882958689101794,0.009857532465223758,0.5087233080675723,0.5051875802971214,0.2244397005830231,0.4315266896833736,0.047216721435397936,0.5094621977502231,0.2253468463777831,0.009857532465223758,0.43959338538034975,0.5655196024228146,0.5117576010285987,0.009857532465223758,0.48808743958886514,0.014938406536255807,0.5137439198130707,0.009857532465223758,0.49008833854883554,0.009857532465223758,0.4320165164438313,0.5725268842332917,0.009857532465223758,0.4264019920707388,0.009857532465223758,0.22590262620283139,0.5220079991197035,0.5207443995689154,0.22586788682782477,0.45118443937362657,0.009857532465223758,0.5263464221893364,0.2259605134786894,0.42970188167750784,0.009857532465223758,0.5795956218834049,0.009857532465223758,0.5060046883177011,0.009857532465223758,0.4766410900161456,0.009857532465223758,0.5067241272008242,0.013707833536615558,0.009857532465223758,0.009857532465223758,0.48795671370960697,0.009857532465223758,0.009857532465223758,0.009857532465223758,0.5077191936456443,0.009857532465223758,0.009857532465223758,0.5802902833956067,0.009857532465223758,0.009857532465223758,0.009857532465223758,0.4467906757284118,0.009857532465223758,0.009857532465223758,0.22490398540596276,0.517193442971159,0.009857532465223758,0.014710957308082544,0.009857532465223758,0.5087468268539745,0.009857532465223758,0.22500110552523817,0.41740680585615847,0.009857532465223758,0.009857532465223758,0.014690105472412125,0.5021000817444345,0.009857532465223758,0.22593940333986975,0.009857532465223758,0.4641629144776766,0.009857532465223758,0.009857532465223758,0.5040763936937716,0.009857532465223758,0.2270067785367433,0.009857532465223758,0.5099059341396883,0.014710957308082544,0.009857532465223758,0.009857532465223758,0.4230373693566152
0.22903396635133724,0.22903396635133724,0.26640046303254106,0.27620007597299834,0.8621053469351786,0.5629893075244451,0.22924570804536962,0.3236798910061608,0.569361023613179,0.22938653758165473,0.5032513947507705,0.599935296279161,0.22923168707561534,0.22930779054958977,0.542107094359826,0.5528311118746116,0.22903396635133724,0.5608154496263864,0.32173895284491655,0.4957952753019573,0.22903396635133724,0.5965777425524206,0.22903396635133724,0.48117407006873897,0.22903396635133724,0.6111908284223707,0.5672539177038035,0.22903396635133724,0.5371894968072913,0.22903396635133724,0.22903396635133724,0.6174726456869521,0.4781439433923435,0.22903396635133724,0.48427500047977506,0.6107044068082481,0.22903396635133724,0.22903396635133724,0.5375455475922282,0.22903396635133724,0.5558957612668378,0.5527115161755498,0.3203078681554598,0.4872407520862697,0.23363593666087262,0.5565616063780672,0.3209416002726069,0.22903396635133724,0.4943175826990116,0.6074400202591747,0.5586309790503403,0.22903396635133724,0.5373589143860392,0.2293084580115601,0.560422774310571,0.22903396635133724,0.5391510939489343,0.22903396635133724,0.4876697184723794,0.6138437506701062,0.22903396635133724,0.4827587948717484,0.22903396635133724,0.3213305039569828,0.5678879307987958,0.5667454238854972,0.3213061811716882,0.5045307976407558,0.22903396635133724,0.5718134444961762,0.321371037927236,0.48564354949504,0.22903396635133724,0.620312031938161,0.22903396635133724,0.553447107656285,0.22903396635133724,0.527129470888621,0.22903396635133724,0.5540949179911818,0.22923168707561534,0.22903396635133724,0.22903396635133724,0.5372418653948726,0.22903396635133724,0.22903396635133724,0.22903396635133724,0.5549911354632739,0.22903396635133724,0.22903396635133724,0.6209481242352717,0.22903396635133724,0.22903396635133724,0.22903396635133724,0.5006533398077451,0.22903396635133724,0.22903396635133724,0.3206320564077329,0.5635368036055781,0.22903396635133724,0.22929377339694854,0.22903396635133724,0.5559169528965404,0.22903396635133724,0.3206999135866951,0.4749190956908904,0.22903396635133724,0.22903396635133724,0.22929243838509583,0.5499336223702438,0.22903396635133724,0.32135625552975283,0.22903396635133724,0.5160247714107921,0.22903396635133724,0.22903396635133724,0.5517114652993775,0.22903396635133724,0.32210455329008114,0.22903396635133724,0.5569615432838578,0.22929377339694854,0.22903396635133724,0.22903396635133724,0.4798222339933799
0.5235473713728694,0.5235473713728694,0.5402698981852515,0.5449650931362655,0.9347964169203362,0.7216094376927783,0.5236366088630704,0.569361023613179,0.7260908103673345,0.5236959968901257,0.6803425655731621,0.7477630508901956,0.5236306977779739,0.5236627855933738,0.7070209860781967,0.7144932568227481,0.5235473713728694,0.7200835846927243,0.5683134435729911,0.6753026252808477,0.5235473713728694,0.7453706871976938,0.5235473713728694,0.6655025677820882,0.5235473713728694,0.7558025151096996,0.7246073733888521,0.5235473713728694,0.7036091774534693,0.5235473713728694,0.5235473713728694,0.7603015767484179,0.663485975090104,0.5235473713728694,0.6675714986448184,0.755454487266517,0.5235473713728694,0.5235473713728694,0.7038558837412747,0.5235473713728694,0.7166363676755373,0.7144096914407669,0.5675436528294002,0.6695550993903497,0.5255014855955579,0.7171024327228541,0.5678842680413639,0.5235473713728694,0.6743071025895935,0.7531202125330828,0.7185518983763581,0.5235473713728694,0.7037265599760693,0.5236630670553271,0.7198081321875515,0.5235473713728694,0.7049689859243222,0.5235473713728694,0.6698423964489388,0.7577015392743929,0.5235473713728694,0.6665592369465837,0.5235473713728694,0.5680935097158321,0.7250535789393204,0.7242495997026351,0.5680804185361816,0.6812101319071263,0.5235473713728694,0.7278191329122563,0.5681153276158548,0.6684862472096449,0.5235473713728694,0.7623378028447788,0.5235473713728694,0.7149237543060382,0.5235473713728694,0.6966599541829116,0.5235473713728694,0.7153766322911379,0.5236306977779739,0.5235473713728694,0.5235473713728694,0.7036454602876197,0.5235473713728694,0.5235473713728694,0.5235473713728694,0.7160034155984626,0.5235473713728694,0.5235473713728694,0.7627941847738663,0.5235473713728694,0.5235473713728694,0.5235473713728694,0.6785832817756012,0.5235473713728694,0.5235473713728694,0.5677178414756914,0.721993980618965,0.5235473713728694,0.5236568748517355,0.5235473713728694,0.7166511985737916,0.5235473713728694,0.5677543160596167,0.6613454171665917,0.5235473713728694,0.5235473713728694,0.5236563119199161,0.7124701434032122,0.5235473713728694,0.568107370605475,0.5235473713728694,0.6890391211025899,0.5235473713728694,0.5235473713728694,0.7137111252996393,0.5235473713728694,0.5685104581773055,0.5235473713728694,0.7173824472615868,0.5236568748517355,0.5235473713728694,0.5235473713728694,0.6646022741682418
0.012722004597520629,0.012722004597520629,0.13678095342936064,0.15504695419600042,0.8409644562847428,0.5166475232862023,0.016094109037408787,0.22938653758165473,0.5236959968901257,0.017991631335155352,0.4498059877781734,0.557350544834756,0.015892864873499064,0.016956647957692233,0.49344936389087707,0.5053823141046474,0.012722004597520629,0.5142397325151141,0.22662815342611825,0.4413459248475065,0.012722004597520629,0.5536670859603621,0.012722004597520629,0.42466186832580666,0.012722004597520629,0.5696787469175758,0.5213665358273956,0.012722004597520629,0.4879625968020994,0.012722004597520629,0.012722004597520629,0.5765466622112894,0.4211874713804443,0.012722004597520629,0.4282112932027482,0.5691465772650401,0.012722004597520629,0.012722004597520629,0.48836018281483407,0.012722004597520629,0.5087847074751596,0.505249470406502,0.22458356003086952,0.4316003135793096,0.04789673342639204,0.5095234953039957,0.2254901241151067,0.012722004597520629,0.4396655585790934,0.5655737809120228,0.5118185836705414,0.012722004597520629,0.4881517842629955,0.016965684278241838,0.5138046317609809,0.012722004597520629,0.4901523887377022,0.012722004597520629,0.43209005086989827,0.5725802455210143,0.012722004597520629,0.4264765630856734,0.012722004597520629,0.22604554983236327,0.5220676023895947,0.5208041705647226,0.2260108325404766,0.4512546089027261,0.012722004597520629,0.526405454376938,0.2261034003253971,0.4297758404961588,0.012722004597520629,0.5796481725770866,0.012722004597520629,0.5060664645349804,0.012722004597520629,0.47670715896537713,0.012722004597520629,0.5067858033849048,0.015892864873499064,0.012722004597520629,0.012722004597520629,0.48802107769336767,0.012722004597520629,0.012722004597520629,0.012722004597520629,0.5077807318487538,0.012722004597520629,0.012722004597520629,0.5803427551503417,0.012722004597520629,0.012722004597520629,0.012722004597520629,0.4468615939775999,0.012722004597520629,0.012722004597520629,0.22504754654829429,0.5172536887478645,0.012722004597520629,0.01676576028892131,0.012722004597520629,0.5088082230159088,0.012722004597520629,0.225144604421724,0.4174830899877589,0.012722004597520629,0.012722004597520629,0.016747467039151896,0.5021624049077685,0.012722004597520629,0.2260823035982489,0.012722004597520629,0.4642309449391268,0.012722004597520629,0.012722004597520629,0.5041384391637391,0.012722004597520629,0.2271490037693029,0.012722004597520629,0.5099671706394053,0.01676576028892131,0.012722004597520629,0.012722004597520629,0.4231125734358609
0.4496297609181023,0.4496297609181023,0.46935740580160284,0.47486207093934746,0.9140346768270406,0.6753522848586423,0.44973557277598053,0.5032513947507705,0.6803425655731621,0.4498059877781734,0.6292732205937905,0.7044501543389928,0.44972856399319705,0.4497666102465323,0.6590909783147088,0.6674233791682572,0.4496297609181023,0.6736526593160932,0.5020391053673049,0.6236261357414107,0.4496297609181023,0.7017907134776475,0.4496297609181023,0.6126306034028475,0.4496297609181023,0.7133847031142591,0.678690902528692,0.4496297609181023,0.65528393075647,0.4496297609181023,0.4496297609181023,0.7183833100703909,0.6103654280603499,0.4496297609181023,0.6149536275205659,0.7129979959188558,0.4496297609181023,0.4496297609181023,0.6555592719612764,0.4496297609181023,0.669811876797772,0.6673302341705847,0.5011479184337794,0.6171799648250686,0.4519454411474777,0.670331233231718,0.5015422868574068,0.4496297609181023,0.6225100892891545,0.7104041425997347,0.6719462719195539,0.4496297609181023,0.6554149388269965,0.44976694397014494,0.6733458089655656,0.4496297609181023,0.6568014623060525,0.4496297609181023,0.6175023487665897,0.7154946859633031,0.4496297609181023,0.6138171639878636,0.4496297609181023,0.5017845193943319,0.6791877329568505,0.678292522125426,0.5017693648142507,0.630244803305111,0.4496297609181023,0.6822666033892172,0.50180977598133,0.6159804210037079,0.4496297609181023,0.7206453644291725,0.4496297609181023,0.6679032136097378,0.4496297609181023,0.6475244053538542,0.4496297609181023,0.6684079689486543,0.44972856399319705,0.4496297609181023,0.4496297609181023,0.6553244254474513,0.4496297609181023,0.4496297609181023,0.4496297609181023,0.6691065093947609,0.4496297609181023,0.4496297609181023,0.7211523417936426,0.4496297609181023,0.4496297609181023,0.4496297609181023,0.627302566142138,0.4496297609181023,0.4496297609181023,0.5013496037309714,0.6757805809968187,0.4496297609181023,0.44975960198859705,0.4496297609181023,0.6698284039071853,0.4496297609181023,0.5013918340245807,0.6079599951531806,0.4496297609181023,0.4496297609181023,0.44975893452928034,0.6651680991176999,0.4496297609181023,0.501800564907011,0.4496297609181023,0.6390061737544589,0.4496297609181023,0.4496297609181023,0.6665515532286935,0.4496297609181023,0.502267139654338,0.4496297609181023,0.6706432531558089,0.44975960198859705,0.4496297609181023,0.4496297609181023,0.6116194448080827
0.5572125118931852,0.5572125118931852,0.5727677920895166,0.577143767790807,0.9443022658046059,0.7435175909932431,0.5572953889193325,0.599935296279161,0.7477630508901956,0.557350544834756,0.7044501543389928,0.768298070079215,0.5572898991056543,0.5573197001626985,0.7297002508938235,0.7367768849248177,0.5572125118931852,0.7420721527599765,0.5989548569832283,0.6996835250557054,0.5572125118931852,0.7660310753872752,0.5572125118931852,0.6904187696256435,0.5572125118931852,0.7759162322006703,0.7463576654492847,0.5572125118931852,0.7264696329112271,0.5572125118931852,0.5572125118931852,0.780179414456639,0.6885130057369437,0.5572125118931852,0.6923742432316842,0.7755864460212588,0.5572125118931852,0.5572125118931852,0.7267032249898724,0.5572125118931852,0.7388067952179677,0.7366977358155014,0.5982344982501226,0.6942492962831556,0.5590276788797249,0.7392482570025999,0.5985532309260467,0.5572125118931852,0.698742141762811,0.7733745083284426,0.7406212383828268,0.5572125118931852,0.72658077546387,0.5573199615669258,0.7418112222178628,0.5572125118931852,0.7277571821933507,0.5572125118931852,0.6945208900683323,0.7777157091364322,0.5572125118931852,0.691417461542049,0.5572125118931852,0.5987490379013048,0.746780389664218,0.7460187220152604,0.598736787086863,0.7052708000228869,0.5572125118931852,0.7494004842926372,0.5987694552915903,0.6932389067614261,0.5572125118931852,0.7821088331989874,0.5572125118931852,0.7371846341995328,0.5572125118931852,0.7198906636986413,0.5572125118931852,0.7376135863169221,0.5572898991056543,0.5572125118931852,0.5572125118931852,0.7265039869282731,0.5572125118931852,0.5572125118931852,0.5572125118931852,0.7382072644932224,0.5572125118931852,0.5572125118931852,0.7825412708601088,0.5572125118931852,0.5572125118931852,0.5572125118931852,0.7027861304513457,0.5572125118931852,0.5572125118931852,0.5983974943132819,0.7438818754341926,0.5572125118931852,0.5573142106395643,0.5572125118931852,0.7388208431242832,0.5572125118931852,0.5984316257288463,0.6864903570367703,0.5572125118931852,0.5572125118931852,0.5573136878244159,0.73486073946321,0.5572125118931852,0.5987620090410233,0.5572125118931852,0.7126779489455767,0.5572125118931852,0.5572125118931852,0.7360360944926156,0.5572125118931852,0.5991392332996471,0.5572125118931852,0.7395134922006259,0.5573142106395643,0.5572125118931852,0.5572125118931852,0.6895679249220543
0.00952542673463215,0.00952542673463215,0.13652078952931587,0.15481751467186725,0.8409345615022142,0.5165811913495714,0.013707833536615558,0.22923168707561534,0.5236306977779739,0.015892864873499064,0.44972856399319705,0.5572898991056543,0.013470987652799893,0.014710957308082544,0.4933794673884542,0.5053142842281865,0.00952542673463215,0.5141730426567261,0.22647140660006443,0.4412668936240538,0.00952542673463215,0.5536059514532989,0.00952542673463215,0.4245795005238658,0.00952542673463215,0.5696197042078478,0.5213008977989022,0.00952542673463215,0.4878918169012992,0.00952542673463215,0.00952542673463215,0.5764884917436063,0.4211043788835401,0.00952542673463215,0.4281296547624797,0.5690874663653042,0.00952542673463215,0.00952542673463215,0.48828946748096014,0.00952542673463215,0.5087171967624585,0.5051814201454033,0.2244253777469603,0.4315193614500451,0.04714850588241014,0.5094560965840643,0.22533258149784668,0.00952542673463215,0.4395862015672206,0.5655142099022635,0.5117515312100399,0.00952542673463215,0.4880810350966632,0.014721372143535937,0.5137378769404422,0.00952542673463215,0.4900819633714804,0.00952542673463215,0.432009197117478,0.5725215730566615,0.00952542673463215,0.42639456954869853,0.00952542673463215,0.22588839660260346,0.5220020666086865,0.5207384503619351,0.22585365502745983,0.4511774550277705,0.00952542673463215,0.5263405465255081,0.22594628754311685,0.4296945201016356,0.00952542673463215,0.5795903913926245,0.00952542673463215,0.5059985395033152,0.00952542673463215,0.4766345138779777,0.00952542673463215,0.5067179883441859,0.013470987652799893,0.00952542673463215,0.00952542673463215,0.48795030729520533,0.00952542673463215,0.00952542673463215,0.00952542673463215,0.5077130685242326,0.00952542673463215,0.00952542673463215,0.5802850607623232,0.00952542673463215,0.00952542673463215,0.00952542673463215,0.4467836168470861,0.00952542673463215,0.00952542673463215,0.2248896922902978,0.517187446502905,0.00952542673463215,0.014490516650164273,0.00952542673463215,0.5087407158719468,0.00952542673463215,0.2249868186111583,0.41739921278613185,0.00952542673463215,0.00952542673463215,0.014469347154124698,0.502093878484501,0.00952542673463215,0.2259251760680969,0.00952542673463215,0.46415614307486547,0.00952542673463215,0.00952542673463215,0.5040702180767482,0.00952542673463215,0.22699261851715982,0.00952542673463215,0.5098998390511027,0.014490516650164273,0.00952542673463215,0.00952542673463215,0.4230298838106206
0.011210642785279806,0.011210642785279806,0.1366486906261201,0.15493029901503405,0.8409492515782397,0.5166137867180882,0.014928143112155227,0.22930779054958977,0.5236627855933738,0.016956647957692233,0.4497666102465323,0.5573197001626985,0.014710957308082544,0.015854243010661302,0.49341381447652954,0.5053477140057796,0.011210642785279806,0.5142058139163812,0.22654844237066932,0.44130572983986394,0.011210642785279806,0.5536359927034767,0.011210642785279806,0.42461997648800753,0.011210642785279806,0.5696487175183037,0.5213331521652265,0.011210642785279806,0.4879265981170646,0.011210642785279806,0.011210642785279806,0.5765170764232709,0.4211452109987448,0.011210642785279806,0.4281697722830461,0.569116513185235,0.011210642785279806,0.011210642785279806,0.48832421696661693,0.011210642785279806,0.5087503714098605,0.5052148599405308,0.224503119246306,0.43155914168506965,0.04751764174169572,0.5094892161954411,0.22541000851052753,0.011210642785279806,0.43962519788961557,0.5655434828265222,0.5117844806610594,0.011210642785279806,0.48811580120859577,0.015863907286391702,0.5137706801240401,0.011210642785279806,0.49011657035848544,0.011210642785279806,0.43204892900555647,0.572550404423731,0.011210642785279806,0.42643486158083055,0.011210642785279806,0.22596563217689866,0.5220342707282875,0.5207707451105349,0.22593090254035902,0.4512153686364627,0.011210642785279806,0.5263724420670097,0.22602350323185294,0.4297344813194449,0.011210642785279806,0.5796187847738938,0.011210642785279806,0.5060319177574942,0.011210642785279806,0.47667021170471235,0.011210642785279806,0.5067513125460182,0.014710957308082544,0.011210642785279806,0.011210642785279806,0.48798508384109124,0.011210642785279806,0.011210642785279806,0.011210642785279806,0.5077463181688985,0.011210642785279806,0.011210642785279806,0.5803134114908161,0.011210642785279806,0.011210642785279806,0.011210642785279806,0.44682193503706175,0.011210642785279806,0.011210642785279806,0.22496727251832185,0.5172199977948619,0.011210642785279806,0.015649914673467234,0.011210642785279806,0.5087738887655816,0.011210642785279806,0.22506436518759518,0.417440430545232,0.011210642785279806,0.011210642785279806,0.015630315528085033,0.5021275522781159,0.011210642785279806,0.22600239900746305,0.011210642785279806,0.4641929008159723,0.011210642785279806,0.011210642785279806,0.5041037418201282,0.011210642785279806,0.2270694765245878,0.011210642785279806,0.5099329256723406,0.015649914673467234,0.011210642785279806,0.011210642785279806,0.42307051793458444
0.49329027290408817,0.49329027290408817,0.5111586411758999,0.5161646617554104,0.926237964139119,0.7023298206960467,0.4933857946858858,0.542107094359826,0.7070209860781967,0.49344936389087707,0.6590909783147088,0.7297002508938235,0.4933794673884542,0.49341381447652954,0.6870533862061234,0.6948790791165494,0.49329027290408817,0.7007323839868815,0.5409953062522398,0.6538038356533108,0.49329027290408817,0.7271972083340884,0.49329027290408817,0.6435181360102297,0.49329027290408817,0.7381110640739192,0.7054681742258061,0.49329027290408817,0.6834794058009119,0.49329027290408817,0.49329027290408817,0.7428176504828959,0.6414007470960172,0.49329027290408817,0.6456901643443335,0.7377469759248696,0.49329027290408817,0.49329027290408817,0.6837378564673346,0.49329027290408817,0.697123141656523,0.6947915738033031,0.5401782149072767,0.6477723173419929,0.4953815677162102,0.697611137871577,0.5405397720328529,0.49329027290408817,0.6527592855213278,0.7353049504701822,0.6991287585917264,0.49329027290408817,0.6836023766353854,0.4934141157548668,0.7004440003477898,0.49329027290408817,0.6849039126500662,0.49329027290408817,0.648073864899902,0.7400977024615104,0.49329027290408817,0.6446274997626659,0.49329027290408817,0.5407618686252151,0.7059352543987953,0.7050936584242669,0.5407479733977938,0.6600009328012811,0.49329027290408817,0.7088300509090205,0.540785026495056,0.6466503961087297,0.49329027290408817,0.7449477554132398,0.49329027290408817,0.6953298693609685,0.49329027290408817,0.6761981648592109,0.49329027290408817,0.695804087375062,0.4933794673884542,0.49329027290408817,0.49329027290408817,0.6835174160456728,0.49329027290408817,0.49329027290408817,0.49329027290408817,0.6964603923810738,0.49329027290408817,0.49329027290408817,0.7454251757011088,0.49329027290408817,0.49329027290408817,0.49329027290408817,0.6572455914748382,0.49329027290408817,0.49329027290408817,0.540363115600331,0.7027323915079265,0.49329027290408817,0.49340748758360664,0.49329027290408817,0.6971386705623401,0.49329027290408817,0.5404018325991378,0.6391528581831349,0.49329027290408817,0.49329027290408817,0.4934068850176127,0.6927605030503244,0.49329027290408817,0.5407765808056999,0.49329027290408817,0.6682103615498499,0.49329027290408817,0.49329027290408817,0.6940600610849167,0.49329027290408817,0.5412044104245266,0.49329027290408817,0.6979043249132596,0.49340748758360664,0.49329027290408817,0.49329027290408817,0.6425728804448099
0.5052274723367852,0.5052274723367852,0.5226315156328366,0.5275118940123936,0.9296103674440129,0.7098846178881596,0.505320442534432,0.5528311118746116,0.7144932568227481,0.5053823141046474,0.6674233791682572,0.7367768849248177,0.5053142842281865,0.5053477140057796,0.6948790791165494,0.7025655597960389,0.5052274723367852,0.7083153486103835,0.5517451365196477,0.662233969235094,0.5052274723367852,0.7343172863743336,0.5052274723367852,0.6521404447623298,0.5052274723367852,0.7450420032027593,0.7129677309953614,0.5052274723367852,0.6913690145996667,0.5052274723367852,0.5052274723367852,0.7496672142925118,0.6500629716548353,0.5052274723367852,0.6542716565068959,0.7446842140033463,0.5052274723367852,0.5052274723367852,0.6916228357316664,0.5052274723367852,0.7047698775721818,0.7024796058147631,0.5509470642103059,0.6563148022723906,0.5072630810398402,0.7052492406236691,0.551300200476032,0.5052274723367852,0.661208809395891,0.7422844540159848,0.7067400348488079,0.5052274723367852,0.6914897825536483,0.5053480072382956,0.7080320536972233,0.5052274723367852,0.6927680194242971,0.5052274723367852,0.6566107102432489,0.7469942821294866,0.5052274723367852,0.653228945247996,0.5052274723367852,0.5515171283129588,0.7134266004915721,0.712599800681694,0.5515035563739872,0.6683165811924644,0.5052274723367852,0.7162705697021242,0.5515397474147054,0.65521388470712,0.5052274723367852,0.7517605175047721,0.5052274723367852,0.7030083600598757,0.5052274723367852,0.6842187035410018,0.5052274723367852,0.7034741761292461,0.5053142842281865,0.5052274723367852,0.5052274723367852,0.6914063439060937,0.5052274723367852,0.5052274723367852,0.5052274723367852,0.704118858568488,0.5052274723367852,0.5052274723367852,0.7522296913616087,0.5052274723367852,0.5052274723367852,0.5052274723367852,0.6656120269114713,0.5052274723367852,0.5052274723367852,0.5511276574595589,0.7102800955987469,0.5052274723367852,0.5053415560781652,0.5052274723367852,0.7047851317022746,0.5052274723367852,0.5511654727747988,0.6478575975975084,0.5052274723367852,0.5052274723367852,0.50534096960441,0.7004845755349183,0.5052274723367852,0.5515314982105836,0.5052274723367852,0.6763757306942679,0.5052274723367852,0.5052274723367852,0.7017610662020105,0.5052274723367852,0.5519493800736429,0.5052274723367852,0.7055372425315913,0.5053415560781652,0.5052274723367852,0.5052274723367852,0.6512129930937252
0.0,0.0,0.136188134222926,0.15452428631938064,0.8408964152537145,0.5164965466852324,0.009857532465223758,0.22903396635133724,0.5235473713728694,0.012722004597520629,0.4496297609181023,0.5572125118931852,0.00952542673463215,0.011210642785279806,0.49329027290408817,0.5052274723367852,0.0,0.5140879411500395,0.22627126079595877,0.4411660385113123,0.0,0.5535279404211958,0.0,0.4244743858083589,0.0,0.5695443628782524,0.5212171388153822,0.0,0.48780149481095825,0.0,0.0,0.5764142636127302,0.4209983389648881,0.0,0.4280254711970734,0.5690120380077495,0.0,0.0,0.48819922780696606,0.0,0.5086310475297504,0.505094582235032,0.2242233961372358,0.43141605406354705,0.04617627169378674,0.5093700902979069,0.22513141796704333,0.0,0.4394849305504806,0.5654381943243562,0.5116659668849126,0.0,0.4879907522372925,0.011224305975986676,0.5136526925174651,0.0,0.48999209382530284,0.0,0.43190601532298833,0.5724467042540229,0.0,0.4262899326453236,0.0,0.22568773105731196,0.5219184381298396,0.5206545864943517,0.22565295842662286,0.4510789965117784,0.0,0.5262577195066025,0.22574567372554938,0.42959074257050683,0.0,0.5795166600807539,0.0,0.5059118614357939,0.0,0.47654181094086673,0.0,0.5066314506688875,0.00952542673463215,0.0,0.0,0.48785999733449553,0.0,0.0,0.0,0.5076267244988436,0.0,0.0,0.5802114402232854,0.0,0.0,0.0,0.4466841073831026,0.0,0.0,0.22468813019964057,0.5171029163184276,0.0,0.010919767362537745,0.0,0.508654571194348,0.0,0.22478534405879388,0.41729217103879557,0.0,0.0,0.010891659825881328,0.5020064327982666,0.0,0.22572454338968517,0.0,0.46406068700650505,0.0,0.0,0.5039831621237715,0.0,0.22679293511698917,0.0,0.5098139184510422,0.010919767362537745,0.0,0.0,0.4229243582312725
