0.23016591865382113,0.18392297034479596,0.19035335338744738,0.8518186714001706,0.16294685041160728,0.4945145190866338,0.16296969963279906,0.40136670363061105,0.16278046211165179,0.24794322563242424,0.4389359122021652,0.38977974004822274,0.2471649889339049,0.44169800905627604,0.16278046211165179,0.4872772656980263,0.16296843031578376,0.3954965291523556,0.43595320742261084,0.24761650240505062,0.38323801150185965,0.16278046211165179,0.4489365650483653,0.24644481153661565,0.4528820099672938,0.16278046211165179,0.4291630854832915,0.16278046211165179,0.4540644909170109,0.424341411827021,0.16278046211165179,0.16300840904712952,0.38585292539335836,0.48757942533739224,0.16278046211165179,0.3861652889344403,0.24688043836557422,0.44415607746383906,0.16278046211165179,0.4416526844353808,0.24575961207596947,0.3897323254511946,0.4450413460859665,0.16278046211165179,0.24618634867513378,0.3940636107514665,0.16278046211165179,0.48458187968005706,0.44668529073190266,0.16278046211165179,0.429145126307486,0.16304139996974107,0.4480043508498256,0.16278046211165179,0.4308798223603003,0.16278046211165179,0.388584138399056,0.2465586181000971,0.4511874373465395,0.3844816435205401,0.2465943031659736,0.45351937458461844,0.16278046211165179,0.4528516647627229,0.4439532289997026,0.16278046211165179,0.16278046211165179,0.45716911848202413,0.24656449599231514,0.38687362394776104,0.45633141170365366,0.24672398579660626,0.16304139996974107,0.4423190214309941,0.4206538687731262,0.16278046211165179,0.44229808880912286,0.16278046211165179,0.16278046211165179,0.3860188368806928,0.24645237225836775,0.16278046211165179,0.16278046211165179,0.44351938157174886,0.16278046211165179,0.16278046211165179,0.24650109139861595,0.457280835000629,0.16278046211165179,0.16278046211165179,0.16283827276532298,0.39932627386255415,0.16296969963279906,0.16278046211165179,0.24606690268502168,0.4501400417007651,0.16278046211165179,0.16278046211165179,0.44392070817818274,0.16278046211165179,0.16278046211165179,0.4215599948542577,0.16278046211165179,0.16278046211165179,0.16278046211165179,0.16278046211165179,0.43930631748637644,0.2467479004590614,0.16278046211165179,0.41174734026776016,0.16278046211165179,0.16278046211165179,0.44076078804592744,0.16302744308761571,0.16278046211165179,0.24729730541462705,0.4448964824267581,0.16278046211165179,0.16296843031578376,0.16278046211165179,0.3819722633891913,0.16278046211165179,0.24652082833494793,0.16278046211165179,0.4384606028335929
0.18392297034479596,0.1211054947215955,0.13066926104227902,0.8439628615086052,0.08595162851873221,0.4753059340067281,0.08599495222399121,0.37702797622937767,0.0856356679459846,0.20575453426763735,0.41692031827683473,0.364632626298415,0.20481512235699484,0.41983772407043385,0.0856356679459846,0.46773683234903674,0.0859925459241203,0.3707543823871802,0.4137677419379437,0.20536030862777055,0.3576120308224613,0.0856356679459846,0.4274744904132731,0.20394459354811298,0.4316318142557939,0.0856356679459846,0.4065822580544485,0.0856356679459846,0.4328771097261743,0.40147223967175444,0.0856356679459846,0.08606831204820325,0.3604204003431221,0.46805302415376676,0.0856356679459846,0.3607556894590804,0.20447130494035362,0.4224324257463765,0.0856356679459846,0.41978986617830666,0.20311525981102263,0.36458180128342266,0.4233665439655616,0.0856356679459846,0.20363188707661303,0.36922110361404403,0.0856356679459846,0.4649155728733836,0.4251007052896288,0.0856356679459846,0.4065632368159086,0.08613079895220295,0.4264916905696745,0.0856356679459846,0.4084001143180324,0.0856356679459846,0.36335076294838625,0.20408223690393593,0.4298466750385236,0.3589480129852192,0.20412539020569592,0.43230307519429195,0.0856356679459846,0.43159985295676184,0.4222183574140669,0.0856356679459846,0.0856356679459846,0.43614518204850367,0.20408934512922236,0.3615158683912483,0.4352635824408556,0.20428218896012904,0.08613079895220295,0.42049339504950484,0.39755973209194323,0.0856356679459846,0.42047129572209335,0.0856356679459846,0.0856356679459846,0.3605984935564621,0.20395373876832984,0.0856356679459846,0.0856356679459846,0.4217604797991874,0.0856356679459846,0.0856356679459846,0.20401266487656963,0.43626274055440617,0.0856356679459846,0.0856356679459846,0.08574554195628818,0.37484870645686225,0.08599495222399121,0.0856356679459846,0.2034873218793432,0.4287429742874018,0.0856356679459846,0.0856356679459846,0.422184036890082,0.0856356679459846,0.0856356679459846,0.3985215023708089,0.0856356679459846,0.0856356679459846,0.0856356679459846,0.0856356679459846,0.4173116615069018,0.20431109996133248,0.0856356679459846,0.38809316243564274,0.0856356679459846,0.0856356679459846,0.41884801701164165,0.08610436772000281,0.0856356679459846,0.20497493658377686,0.42321369953610877,0.0856356679459846,0.0859925459241203,0.0856356679459846,0.35625164140757354,0.0856356679459846,0.20403653530423213,0.0856356679459846,0.41641809042646
0.19035335338744738,0.13066926104227902,0.13957890846163493,0.8449624717635142,0.09897379344818451,0.47776671326198755,0.09901141852486517,0.3801755436393415,0.0986995343823591,0.2115203608875751,0.4197542184793985,0.3678904762404211,0.2106067647077856,0.4226508185526973,0.0986995343823591,0.4702414132054392,0.09900932861803118,0.3739569091660482,0.41662442144413886,0.21113694142571995,0.36093550109865524,0.0986995343823591,0.4302343288805671,0.20976036110380405,0.43436336827330285,0.0986995343823591,0.40949204750878304,0.0986995343823591,0.4356002852669441,0.4044208463700722,0.0986995343823591,0.09907513950299143,0.36371733434193243,0.47055575125787635,0.0986995343823591,0.3640494811567263,0.2102724521927853,0.42522723265257056,0.0986995343823591,0.42260329986792367,0.20895419427825948,0.3678401177865451,0.42615481631356134,0.0986995343823591,0.2094563687611948,0.3724373263864754,0.0986995343823591,0.46743678893657015,0.4278769145206144,0.0986995343823591,0.4094731691165935,0.09912942667819248,0.4292582871895022,0.0986995343823591,0.41129630767861625,0.0986995343823591,0.36662041729898937,0.20989417684998596,0.4325903147307245,0.3622588110885645,0.20993613115088328,0.4350301075839704,0.0986995343823591,0.4343316225772474,0.42501466546308786,0.0986995343823591,0.0986995343823591,0.438846571185196,0.20990108754222173,0.3648025559508393,0.43797082021972134,0.21008857736750874,0.09912942667819248,0.42330184923856917,0.4005386731636058,0.0986995343823591,0.42327990610047067,0.0986995343823591,0.0986995343823591,0.3638937578001194,0.20976925185943063,0.0986995343823591,0.0986995343823591,0.4245600032691522,0.0986995343823591,0.0986995343823591,0.20982653887780472,0.4389633513704283,0.0986995343823591,0.0986995343823591,0.09879487861489104,0.37801517158276604,0.09901141852486517,0.0986995343823591,0.2093158407637653,0.4314941309119964,0.0986995343823591,0.0986995343823591,0.424980585736681,0.0986995343823591,0.0986995343823591,0.4014929362776738,0.0986995343823591,0.0986995343823591,0.0986995343823591,0.0986995343823591,0.4201427556363066,0.21011668653096122,0.0986995343823591,0.39114781124945064,0.0986995343823591,0.0986995343823591,0.42166814049533163,0.09910646265690314,0.0986995343823591,0.21076217119105367,0.4260030393311317,0.0986995343823591,0.09900932861803118,0.0986995343823591,0.3595881068470399,0.0986995343823591,0.20984974558204916,0.0986995343823591,0.41925559873482654
0.8518186714001706,0.8439628615086052,0.8449624717635142,1.0,0.8409192094684301,0.9190590751239489,0.8409223413530923,0.8922018853847478,0.8408964152537145,0.8552350489772298,0.9027880827983555,0.8890288476200019,0.8550811004024852,0.9035820189749932,0.8408964152537145,0.9169122045281112,0.8409221673604179,0.8905883713156135,0.9019328950467691,0.8551703692687243,0.8872591651874735,0.8408964152537145,0.9056713938832491,0.8549389902367132,0.9068152845562295,0.8408964152537145,0.8999947751526562,0.8408964152537145,0.9071587802198154,0.8986262054689839,0.8408964152537145,0.8409276480777791,0.88796461373966,0.9170017157488325,0.8408964152537145,0.8880490571585687,0.8550249103851828,0.9042901382767674,0.8408964152537145,0.9035689756560715,0.8548040979851347,0.8890159630943286,0.9045455212384856,0.8408964152537145,0.854888071567054,0.8901963616294106,0.8408964152537145,0.91611423585864,0.9050202577220263,0.8408964152537145,0.899989665578156,0.8409321717637626,0.9054016286691976,0.8408964152537145,0.9004836143252519,0.8408964152537145,0.8887042077281252,0.8549614246817159,0.9063235607943723,0.8875943446143006,0.8549684609519346,0.9070003935871429,0.8408964152537145,0.906806473619936,0.9042316466721213,0.8408964152537145,0.8408964152537145,0.9080620419273779,0.854962583608761,0.8882406831555888,0.9078181212655174,0.8549940384001116,0.8409321717637626,0.9037607817419264,0.8975840526399501,0.8408964152537145,0.9037547546082074,0.8408964152537145,0.8408964152537145,0.8880094611445858,0.8549404804022093,0.8408964152537145,0.8408964152537145,0.9041065792914431,0.8408964152537145,0.8408964152537145,0.8549500835040531,0.9080945820737635,0.8408964152537145,0.8408964152537145,0.8409043325383938,0.8916396731145553,0.8409223413530923,0.8408964152537145,0.854864554833761,0.9060199479627449,0.8408964152537145,0.8408964152537145,0.9042222701679481,0.8408964152537145,0.8408964152537145,0.897839766958042,0.8408964152537145,0.8408964152537145,0.8408964152537145,0.8408964152537145,0.9028944415507278,0.8549987563193984,0.8408964152537145,0.8950838523587337,0.8408964152537145,0.8408964152537145,0.9033124123691972,0.8409302579055252,0.8408964152537145,0.8551072469135704,0.9045037181361999,0.8408964152537145,0.8409221673604179,0.8408964152537145,0.88691863739093,0.8408964152537145,0.854953974323891,0.8408964152537145,0.902651652373807
0.16294685041160728,0.08595162851873221,0.09897379344818451,0.8409192094684301,0.010413096468565768,0.4677805941972986,0.010764856916251755,0.3673431582536676,0.007363171126072546,0.187246041332389,0.4082272723271678,0.35459667703943254,0.1862129903252755,0.41121012052669503,0.007363171126072546,0.46007503430331287,0.010745616763148445,0.3608947434563034,0.40500299882900126,0.18681263978238105,0.34736651360387405,0.007363171126072546,0.4190142140776577,0.18525480234828712,0.4232602995325412,0.007363171126072546,0.3976501596497687,0.007363171126072546,0.4245318741395924,0.39241765010598,0.007363171126072546,0.011336005513710804,0.35025968887847103,0.4603970044319649,0.007363171126072546,0.3506050150242906,0.18583465434725258,0.413862310430484,0.007363171126072546,0.41116119601727397,0.18434115217137065,0.35454436369657916,0.41481696289709824,0.007363171126072546,0.18491039669017967,0.359317847988533,0.007363171126072546,0.4572019085321101,0.41658902102702045,0.007363171126072546,0.39763068791809336,0.011801080719250649,0.41801019509292875,0.007363171126072546,0.39951088468471585,0.007363171126072546,0.3532771502338019,0.18540636320725568,0.4214372422793132,0.34874300397656827,0.1854538754093519,0.42394574337240537,0.007363171126072546,0.4232276619094577,0.4136435243328447,0.007363171126072546,0.007363171126072546,0.4278682499005481,0.18541418957798542,0.35138788165461693,0.42696831818126907,0.18562649450530208,0.011801080719250649,0.4118803815461349,0.3884093160430468,0.007363171126072546,0.4118577911601219,0.007363171126072546,0.007363171126072546,0.3504431157044976,0.18526487293818406,0.007363171126072546,0.007363171126072546,0.4131755406415651,0.007363171126072546,0.007363171126072546,0.1853297592615325,0.4279882477598487,0.007363171126072546,0.007363171126072546,0.008546761810900246,0.36510381318711843,0.010764856916251755,0.007363171126072546,0.18475113890606973,0.4203099509010549,0.007363171126072546,0.007363171126072546,0.41360844701488775,0.007363171126072546,0.007363171126072546,0.38939481004713045,0.007363171126072546,0.007363171126072546,0.007363171126072546,0.007363171126072546,0.4086274441771558,0.18565831945397002,0.007363171126072546,0.3787031806793966,0.007363171126072546,0.007363171126072546,0.41019830898101234,0.011606592635164304,0.007363171126072546,0.18638880423327453,0.41466076438541305,0.007363171126072546,0.010745616763148445,0.007363171126072546,0.34596456452728647,0.007363171126072546,0.1853560429895072,0.007363171126072546,0.40771369136193497
0.4945145190866338,0.4753059340067281,0.47776671326198755,0.9190590751239489,0.4677805941972986,0.6534014162892702,0.4677883638267938,0.5902426830985287,0.46772404428197933,0.5027828880818404,0.6150359650945868,0.5828135304824942,0.5024113004714584,0.6168981146694938,0.46772404428197933,0.648306659067239,0.4677879321844365,0.5864652880095081,0.6130308196989345,0.5026267809983803,0.5786682880963823,0.46772404428197933,0.6218019361159038,0.502068206004885,0.6244889623577341,0.46772404428197933,0.6084887521372502,0.46772404428197933,0.625296191742559,0.6052829635128224,0.46772404428197933,0.46780152870814856,0.5803209141292889,0.6485188239312649,0.46772404428197933,0.5805187168032098,0.502275651102172,0.6185595331285823,0.46772404428197933,0.6168675168947568,0.5017424650711992,0.5827833561021954,0.619158858141222,0.46772404428197933,0.501945254741849,0.5855474492352296,0.46772404428197933,0.6464161983350958,0.6202731548850787,0.46772404428197933,0.6084767811890248,0.4678127509080531,0.6211684996894751,0.46772404428197933,0.609634107589268,0.46772404428197933,0.5820532296319124,0.5021223743594188,0.6233336770790823,0.5794535367647928,0.5021393631526997,0.6249239556065109,0.46772404428197933,0.6244682584772289,0.6184222770977825,0.46772404428197933,0.46772404428197933,0.6274197182231005,0.5021251725556799,0.5809675723536548,0.6268461513528807,0.502201117260722,0.4678127509080531,0.6173174846131647,0.6028424340833911,0.46772404428197933,0.6173033446645102,0.46772404428197933,0.46772404428197933,0.5804259664687621,0.5020718040957924,0.46772404428197933,0.46772404428197933,0.6181288074613078,0.46772404428197933,0.46772404428197933,0.50209499113456,0.6274962416153397,0.46772404428197933,0.46772404428197933,0.4677436865175953,0.5889265541977888,0.4677883638267938,0.46772404428197933,0.5018884664280102,0.6226205140396235,0.46772404428197933,0.46772404428197933,0.6184002746053352,0.46772404428197933,0.46772404428197933,0.6034412254377378,0.46772404428197933,0.46772404428197933,0.46772404428197933,0.46772404428197933,0.6152853899348572,0.5022125079125356,0.46772404428197933,0.5969889599017638,0.46772404428197933,0.46772404428197933,0.6162656913165712,0.4678080030904023,0.46772404428197933,0.5024744170863515,0.6190607508313478,0.46772404428197933,0.4677879321844365,0.46772404428197933,0.5778704364291353,0.46772404428197933,0.50210438555866,0.46772404428197933,0.614716034045131
0.16296969963279906,0.08599495222399121,0.09901141852486517,0.8409223413530923,0.010764856916251755,0.4677883638267938,0.01110548109934668,0.3673532051610163,0.007852761036674788,0.18726592049798138,0.40823626891822834,0.35460709779421856,0.1862329800316572,0.41121904808919746,0.007852761036674788,0.46008294681837997,0.01108683209195352,0.36090497635894553,0.4050120710841067,0.18683256517545718,0.3473771580083381,0.007852761036674788,0.4190229652923231,0.18527489568267974,0.42326895728611474,0.007852761036674788,0.39765940867604077,0.007852761036674788,0.4245405042339477,0.39242702865582124,0.007852761036674788,0.01165995656886533,0.3502702427307774,0.4604049108939902,0.007852761036674788,0.35061555816379397,0.18585468484346976,0.41387117738157514,0.007852761036674788,0.4111701247045783,0.18436134531664394,0.3545547860383015,0.41482580820447873,0.007852761036674788,0.18493052753345468,0.3593281273375002,0.007852761036674788,0.45720987538952884,0.4165978263984357,0.007852761036674788,0.39763993742050213,0.012112599730718144,0.41801896865892607,0.007852761036674788,0.39952008840928316,0.007852761036674788,0.35328761115354285,0.18542644007930337,0.42144593995128865,0.34875360511982023,0.1854739471261961,0.4239543861976076,0.007852761036674788,0.4232363203749411,0.41365239625705524,0.007852761036674788,0.007852761036674788,0.427876808128322,0.18543426560066872,0.3513984005822703,0.42697689569409597,0.18564654751465773,0.012112599730718144,0.41188929372356664,0.388418796005062,0.007852761036674788,0.41186670385534413,0.007852761036674788,0.007852761036674788,0.35045366386397603,0.18528496517788987,0.007852761036674788,0.007852761036674788,0.41318442321942345,0.007852761036674788,0.007852761036674788,0.18534984445084904,0.4279968034216526,0.007852761036674788,0.007852761036674788,0.008971995528461587,0.36511392397969405,0.01110548109934668,0.007852761036674788,0.18477128714106447,0.42031867341359624,0.007852761036674788,0.007852761036674788,0.41361731973686977,0.007852761036674788,0.007852761036674788,0.3894042648956424,0.007852761036674788,0.007852761036674788,0.007852761036674788,0.007852761036674788,0.40863643145387585,0.18567836901810805,0.007852761036674788,0.3787129145000847,0.007852761036674788,0.007852761036674788,0.41020725985561257,0.01192319417796005,0.007852761036674788,0.18640877504063746,0.41466961322787715,0.007852761036674788,0.01108683209195352,0.007852761036674788,0.34597525333149265,0.007852761036674788,0.18537612532429984,0.007852761036674788,0.4077226999316049
0.40136670363061105,0.37702797622937767,0.3801755436393415,0.8922018853847478,0.3673431582536676,0.5902426830985287,0.3673532051610163,0.5170194073845439,0.36727003050922163,0.41169353428378114,0.5459631624858772,0.5082853739909025,0.41123120249029,0.5481255241729462,0.36727003050922163,0.5843924590410106,0.3673526470069728,0.5125823570849263,0.543633067709543,0.41149932450399224,0.5033984663818799,0.36727003050922163,0.5538129049477548,0.41080417820135023,0.5569250764046575,0.36727003050922163,0.5383483079310176,0.36727003050922163,0.5578594596581904,0.5346126463373359,0.36727003050922163,0.36737022843690187,0.5053479787573627,0.5846362490075826,0.36727003050922163,0.5055812084943941,0.41106238629646763,0.5500535421797801,0.36727003050922163,0.5480900055197455,0.410398624319383,0.5082498367150632,0.5507487517526454,0.36727003050922163,0.4106511161554281,0.5115030502014426,0.36727003050922163,0.5822195625076844,0.5520409227907475,0.36727003050922163,0.5383343672077892,0.36738473943604866,0.5530788172821864,0.36727003050922163,0.5396818240158942,0.36727003050922163,0.507389785869116,0.41087160674468504,0.5555873580418801,0.5043249813672016,0.4108927536128131,0.5574286215647968,0.36727003050922163,0.5569011078521844,0.5498943056311449,0.36727003050922163,0.36727003050922163,0.5603162506083668,0.41087508983399273,0.5061103709574457,0.5596528432762361,0.4109696194245702,0.36738473943604866,0.5486122989103557,0.5317654861577946,0.36727003050922163,0.5485958874867887,0.36727003050922163,0.36727003050922163,0.5054718491322622,0.4108086571971044,0.36727003050922163,0.36727003050922163,0.5495538123896118,0.36727003050922163,0.36727003050922163,0.4108375206514899,0.560404750507469,0.36727003050922163,0.36727003050922163,0.3672954315517175,0.5154743212180545,0.3673532051610163,0.36727003050922163,0.41058041436012194,0.5547613093888175,0.36727003050922163,0.36727003050922163,0.5498687788671476,0.36727003050922163,0.36727003050922163,0.532464309025009,0.36727003050922163,0.36727003050922163,0.36727003050922163,0.36727003050922163,0.5462528858889203,0.41098379696629234,0.36727003050922163,0.5249249188567175,0.36727003050922163,0.36727003050922163,0.5473913100662827,0.36737860023971863,0.36727003050922163,0.4113097440126232,0.5506349588114434,0.36727003050922163,0.3673526470069728,0.36727003050922163,0.5024567073409991,0.36727003050922163,0.41084921474304664,0.36727003050922163,0.545591501927625
0.16278046211165179,0.0856356679459846,0.0986995343823591,0.8408964152537145,0.007363171126072546,0.46772404428197933,0.007852761036674788,0.36727003050922163,0.0,0.1871013014057221,0.4081617908225675,0.3545208275792342,0.18606744484121449,0.4111451415280989,0.0,0.46001744429314356,0.007826365130776206,0.3608202616219698,0.4049369665117234,0.18666756297793574,0.34728903587630927,0.0,0.41895051882583734,0.1851085016723254,0.42319728463729234,0.0,0.3975828404787576,0.0,0.424469060590843,0.3923493880239099,0.0,0.00861909117094242,0.35018287041329565,0.46033945848335084,0.0,0.3505282745530847,0.18568881160744488,0.4137977726619894,0.0,0.4110962088304884,0.18419412411108468,0.35446850268287783,0.41475258268694326,0.0,0.18476382266469005,0.3592430280112199,0.0,0.4571439229501539,0.41652493153561404,0.0,0.3975633652808915,0.009222213266660853,0.41794633713246215,0.0,0.3994438953011197,0.0,0.353201008357087,0.18526018250181525,0.42137393679572027,0.3486658412115492,0.1853077322727007,0.42388283714893055,0.0,0.4231646418318259,0.41357895036182485,0.0,0.0,0.4278059595062192,0.18526801506232113,0.3513113174562301,0.42690588740117147,0.18548048770035996,0.009222213266660853,0.41181551454568194,0.3883403156910137,0.0,0.4117929203903293,0.0,0.0,0.3503663386856493,0.18511858023983782,0.0,0.0,0.41311088911576394,0.0,0.0,0.18518351794343055,0.42792597604451466,0.0,0.0,0.0043394523677830026,0.36503022034499955,0.007852761036674788,0.0,0.1846044381363143,0.4202464645887614,0.0,0.0,0.41354386723637243,0.0,0.0,0.3893259925192041,0.0,0.0,0.0,0.0,0.40856203047812334,0.1855123377562317,0.0,0.3786323322417131,0.0,0.0,0.4101331602779748,0.00897199556689271,0.0,0.18624339647519403,0.4145963584411471,0.0,0.007826365130776206,0.0,0.3458867635471109,0.0,0.18520982247396592,0.0,0.4076481226566409
0.24794322563242424,0.20575453426763735,0.2115203608875751,0.8552350489772298,0.187246041332389,0.5027828880818404,0.18726592049798138,0.41169353428378114,0.1871013014057221,0.26452009464789966,0.448343193991439,0.4004213785075561,0.263791175855652,0.45104305239220577,0.1871013014057221,0.49568178794488604,0.18726481615539203,0.4059808036002008,0.44542845609082765,0.26421404249861064,0.39406483752154564,0.1871013014057221,0.4581216042280984,0.2631168854506329,0.46198166687364156,0.1871013014057221,0.4387960839074664,0.1871013014057221,0.4631388022114688,0.4340890709451868,0.1871013014057221,0.1872995998114653,0.39660505528071455,0.49597819832053686,0.1871013014057221,0.3969085563720635,0.2635247271379942,0.45344628922964725,0.1871013014057221,0.4509987437036469,0.26247556770868824,0.40037528621962754,0.45431193680351745,0.1871013014057221,0.2628749494572054,0.40458694781853705,0.1871013014057221,0.49303794323242917,0.4559196206666858,0.1871013014057221,0.4387785476668652,0.18732830525326866,0.45720974952585397,0.1871013014057221,0.4404725325720594,0.1871013014057221,0.3992592077187239,0.2632234247255639,0.4603236114155847,0.3952728316153831,0.26325683230462205,0.46260535621067606,0.1871013014057221,0.4619519735643335,0.4532479460667994,0.1871013014057221,0.1871013014057221,0.4661774099152454,0.2632289274392482,0.3975968416126133,0.46535744258262013,0.2633782433160386,0.18732830525326866,0.4516501629339797,0.43049075551505583,0.1871013014057221,0.4516296983622385,0.1871013014057221,0.1871013014057221,0.396766257897298,0.2631239631848844,0.1871013014057221,0.1871013014057221,0.4528237462485013,0.1871013014057221,0.1871013014057221,0.2631695707270693,0.4662867648254259,0.1871013014057221,0.1871013014057221,0.18715158638927448,0.4097073663801779,0.18726592049798138,0.1871013014057221,0.2627631516883232,0.4592989026850989,0.1871013014057221,0.1871013014057221,0.4532161478647394,0.1871013014057221,0.1871013014057221,0.43137483028305884,0.1871013014057221,0.1871013014057221,0.1871013014057221,0.1871013014057221,0.44870521406972447,0.2634006334662883,0.1871013014057221,0.42180547244661354,0.1871013014057221,0.1871013014057221,0.4501268750878411,0.18731616118144456,0.1871013014057221,0.2639150876514393,0.4541702793479281,0.1871013014057221,0.18726481615539203,0.1871013014057221,0.39283557377642303,0.1871013014057221,0.2631880474164385,0.1871013014057221,0.4478786624030421
0.4389359122021652,0.41692031827683473,0.4197542184793985,0.9027880827983555,0.4082272723271678,0.6150359650945868,0.40823626891822834,0.5459631624858772,0.4081617908225675,0.448343193991439,0.573180436293008,0.5377765073554124,0.44792125101783004,0.5752187533991735,0.4081617908225675,0.6094931420304671,0.40823576911311205,0.541802547093901,0.570984731720953,0.44816594147624517,0.5332017253052859,0.4081617908225675,0.5805828916519458,0.44753159465642944,0.5835199873002278,0.4081617908225675,0.5660076184944453,0.4081617908225675,0.5844020503093,0.5624918666572467,0.4081617908225675,0.4082515126635711,0.5350262063355349,0.609724050921855,0.4081617908225675,0.535244524143352,0.4477672002439023,0.5770367073090094,0.4081617908225675,0.5751852671156389,0.44716158652641863,0.5377432243846593,0.5776923526005393,0.4081617908225675,0.4473919416116379,0.5407909922301384,0.4081617908225675,0.6074353328752958,0.578911157904599,0.4081617908225675,0.5659944946245076,0.4082645068566961,0.5798902841874447,0.4081617908225675,0.5672631278176563,0.4081617908225675,0.5369377992512944,0.44759311861696993,0.5822573687742175,0.534068732329381,0.44761241401028345,0.5839953228777861,0.4081617908225675,0.5834973623227051,0.5768865420234295,0.4081617908225675,0.4081617908225675,0.5867218036489212,0.44759629674053636,0.5357398901131774,0.586095325522189,0.4476825512416289,0.4082645068566961,0.5756776922851123,0.5598137069158268,0.4081617908225675,0.5756622188121158,0.4081617908225675,0.4081617908225675,0.5351421556295995,0.44753568138817645,0.4081617908225675,0.4081617908225675,0.5765654571868981,0.4081617908225675,0.4081617908225675,0.44756201718419214,0.5868053812901516,0.4081617908225675,0.4081617908225675,0.4081845356572074,0.5445139583800241,0.40823626891822834,0.4081617908225675,0.44732743630407473,0.5814778102297523,0.4081617908225675,0.4081617908225675,0.5768624697653613,0.4081617908225675,0.4081617908225675,0.5604709361894491,0.4081617908225675,0.4081617908225675,0.4081617908225675,0.4081617908225675,0.5734535023379743,0.44769548794432973,0.4081617908225675,0.5533842593889761,0.4081617908225675,0.4081617908225675,0.5745265858563197,0.408259009366804,0.4081617908225675,0.44799292619814823,0.5775850311663957,0.4081617908225675,0.40823576911311205,0.4081617908225675,0.5323206143813062,0.4081617908225675,0.4475726872690054,0.4081617908225675,0.5728301609752476
0.38977974004822274,0.364632626298415,0.3678904762404211,0.8890288476200019,0.35459667703943254,0.5828135304824942,0.35460709779421856,0.5082853739909025,0.3545208275792342,0.4004213785075561,0.5377765073554124,0.49937633064478765,0.3999452786216109,0.5399779366630838,0.3545208275792342,0.5768679127779444,0.3546065188716891,0.5037600315779704,0.5354040481601684,0.4002213888406094,0.494389301183949,0.3545208275792342,0.5457669634265874,0.39950551125082107,0.5489340939474527,0.3545208275792342,0.5300221556695618,0.3545208275792342,0.5498848885356812,0.5262169314144607,0.3545208275792342,0.35462475446282593,0.4963789492892894,0.5771157038077522,0.3545208275792342,0.4966169632516578,0.39977142772432106,0.5419405907899119,0.3545208275792342,0.539941778192186,0.39908783141126936,0.49934007110626605,0.5426482443735949,0.3545208275792342,0.3993478753927175,0.5026590568203133,0.3545208275792342,0.5746592535751794,0.5439634818194929,0.3545208275792342,0.5300079567592393,0.3546398053328253,0.5450198447515698,0.3545208275792342,0.5313803208191189,0.3545208275792342,0.4984625147728646,0.3995749536603764,0.5475728086637106,0.4953349233757514,0.39959673198429363,0.5494464883612362,0.3545208275792342,0.5489097038772446,0.5417785006066522,0.3545208275792342,0.3545208275792342,0.5523846363943706,0.39957854076072363,0.4971569666811075,0.5517096568872888,0.39967589252081304,0.3546398053328253,0.5404734735913883,0.5233162374253663,0.3545208275792342,0.5404567669467638,0.3545208275792342,0.3545208275792342,0.49650536106949295,0.39951012403896746,0.3545208275792342,0.3545208275792342,0.5414319012704347,0.3545208275792342,0.3545208275792342,0.3995398496083722,0.5524746785178145,0.3545208275792342,0.3545208275792342,0.35454717413732306,0.5067096843479295,0.35460709779421856,0.3545208275792342,0.39927505977442973,0.5467321649511097,0.3545208275792342,0.3545208275792342,0.5417525162679376,0.3545208275792342,0.3545208275792342,0.5240282418587495,0.3545208275792342,0.3545208275792342,0.3545208275792342,0.3545208275792342,0.5380714789401423,0.39969049322378686,0.3545208275792342,0.5163451654772881,0.3545208275792342,0.3545208275792342,0.5392304838710924,0.3546334377375116,0.3545208275792342,0.400026161180616,0.5425324162068791,0.3545208275792342,0.3546065188716891,0.3545208275792342,0.49342805979137,0.3545208275792342,0.39955189295458626,0.3545208275792342,0.5373981081154767
0.2471649889339049,0.20481512235699484,0.2106067647077856,0.8550811004024852,0.1862129903252755,0.5024113004714584,0.1862329800316572,0.41123120249029,0.18606744484121449,0.263791175855652,0.44792125101783004,0.3999452786216109,0.26306021758542464,0.45062385201758726,0.18606744484121449,0.49530416238981756,0.18623186954883714,0.4055115821356892,0.4450035193502009,0.2634842687441869,0.39358065311162227,0.18606744484121449,0.4577094596146698,0.26238403059224435,0.46157329032209804,0.18606744484121449,0.43836420381195884,0.18606744484121449,0.4627315445928959,0.4336521485963667,0.18606744484121449,0.18626684656972206,0.39612413047546086,0.4956008276301437,0.18606744484121449,0.39642801842690967,0.2627930205709338,0.45302950597156016,0.18606744484121449,0.45057949855214013,0.26174090005519735,0.3998991285683598,0.4538960186976812,0.18606744484121449,0.2621414117536114,0.4041160181892378,0.18606744484121449,0.4926580332339429,0.45550530169483816,0.18606744484121449,0.4383466489655489,0.18629571153276595,0.45679670671356115,0.18606744484121449,0.4400424250779615,0.18606744484121449,0.39878164756981027,0.26249087017178585,0.4599136230530724,0.3947902021567964,0.26252437186797334,0.46219758335981637,0.18606744484121449,0.4615435682359057,0.45283096417145285,0.18606744484121449,0.18606744484121449,0.4657730677072303,0.2624963883895564,0.39711717896480114,0.46495231689008043,0.2626461247241916,0.18629571153276595,0.4512315753074883,0.43004991201452347,0.18606744484121449,0.4512110901047119,0.18606744484121449,0.18606744484121449,0.39628553863865146,0.26239112828412736,0.18606744484121449,0.18606744484121449,0.45240633901244764,0.18606744484121449,0.18606744484121449,0.262436864403915,0.4658825269272733,0.18606744484121449,0.18606744484121449,0.18611800983030022,0.40924265924092723,0.1862329800316572,0.18606744484121449,0.26202929802386254,0.45888791314365396,0.18606744484121449,0.18606744484121449,0.45279913410986955,0.18606744484121449,0.18606744484121449,0.4309349556195966,0.18606744484121449,0.18606744484121449,0.18606744484121449,0.18606744484121449,0.44828364053432923,0.26266857788207365,0.18606744484121449,0.4213549164218848,0.18606744484121449,0.18606744484121449,0.44970674727843396,0.1862834999801695,0.18606744484121449,0.2631844768667085,0.45375421986332637,0.18606744484121449,0.18623186954883714,0.18606744484121449,0.3923497979070203,0.18606744484121449,0.262455393170545,0.18606744484121449,0.4474562446078008
0.44169800905627604,0.41983772407043385,0.4226508185526973,0.9035820189749932,0.41121012052669503,0.6168981146694938,0.41121904808919746,0.5481255241729462,0.4111451415280989,0.45104305239220577,0.5752187533991735,0.5399779366630838,0.45062385201758726,0.5772481111833762,0.4111451415280989,0.6113777568666031,0.41121855211888625,0.5439846545346552,0.5730327483902063,0.4508669514579246,0.535425374214089,0.4111451415280989,0.5825888738044928,0.4502367323941427,0.5855132913258074,0.4111451415280989,0.5680778119148459,0.4111451415280989,0.5863915632114018,0.5645778886672307,0.4111451415280989,0.4112341748794436,0.5372409595568619,0.611607725099129,0.4111451415280989,0.5374582159649478,0.45047080368418885,0.579058110369862,0.4111451415280989,0.5772147717408137,0.44986913665345035,0.5399448143223099,0.5797108950270802,0.4111451415280989,0.4500979894546109,0.5429779342361657,0.4111451415280989,0.6093283493728402,0.580924394083054,0.4111451415280989,0.5680647468766784,0.4112470693830336,0.5818992683526628,0.4111451415280989,0.569327701747348,0.4111451415280989,0.5391432808635138,0.45029785556606294,0.5842561126444119,0.5362881482291132,0.450317025282202,0.5859865829717908,0.4111451415280989,0.5854907636894786,0.5789086008798816,0.4111451415280989,0.4111451415280989,0.5887013817061009,0.4503010129888268,0.5379511760163913,0.5880775815697027,0.4503867057664459,0.4112470693830336,0.5777050387314666,0.5619118796947296,0.4111451415280989,0.5776896330371095,0.4111451415280989,0.4111451415280989,0.5373563450570177,0.4502407925005112,0.4111451415280989,0.4111451415280989,0.5785889190392483,0.4111451415280989,0.4111451415280989,0.4502669567269087,0.5887846023602219,0.4111451415280989,0.4111451415280989,0.41116771180199724,0.546683172602077,0.41121904808919746,0.4111451415280989,0.45003390468902166,0.5834799204863816,0.4111451415280989,0.4111451415280989,0.5788846337704395,0.4111451415280989,0.4111451415280989,0.5625661195693837,0.4111451415280989,0.4111451415280989,0.4111451415280989,0.4111451415280989,0.5754906166986724,0.45039955823647676,0.4111451415280989,0.5555119414708612,0.4111451415280989,0.4111451415280989,0.5765589812142599,0.411241614068373,0.4111451415280989,0.4506950609972272,0.579604041548004,0.4111451415280989,0.41121855211888625,0.4111451415280989,0.5345485758243209,0.4111451415280989,0.4502775573044057,0.4111451415280989,0.5748700220402052
0.16278046211165179,0.0856356679459846,0.0986995343823591,0.8408964152537145,0.007363171126072546,0.46772404428197933,0.007852761036674788,0.36727003050922163,0.0,0.1871013014057221,0.4081617908225675,0.3545208275792342,0.18606744484121449,0.4111451415280989,0.0,0.46001744429314356,0.007826365130776206,0.3608202616219698,0.4049369665117234,0.18666756297793574,0.34728903587630927,0.0,0.41895051882583734,0.1851085016723254,0.42319728463729234,0.0,0.3975828404787576,0.0,0.424469060590843,0.3923493880239099,0.0,0.00861909117094242,0.35018287041329565,0.46033945848335084,0.0,0.3505282745530847,0.18568881160744488,0.4137977726619894,0.0,0.4110962088304884,0.18419412411108468,0.35446850268287783,0.41475258268694326,0.0,0.18476382266469005,0.3592430280112199,0.0,0.4571439229501539,0.41652493153561404,0.0,0.3975633652808915,0.009222213266660853,0.41794633713246215,0.0,0.3994438953011197,0.0,0.353201008357087,0.18526018250181525,0.42137393679572027,0.3486658412115492,0.1853077322727007,0.42388283714893055,0.0,0.4231646418318259,0.41357895036182485,0.0,0.0,0.4278059595062192,0.18526801506232113,0.3513113174562301,0.42690588740117147,0.18548048770035996,0.009222213266660853,0.41181551454568194,0.3883403156910137,0.0,0.4117929203903293,0.0,0.0,0.3503663386856493,0.18511858023983782,0.0,0.0,0.41311088911576394,0.0,0.0,0.18518351794343055,0.42792597604451466,0.0,0.0,0.0043394523677830026,0.36503022034499955,0.007852761036674788,0.0,0.1846044381363143,0.4202464645887614,0.0,0.0,0.41354386723637243,0.0,0.0,0.3893259925192041,0.0,0.0,0.0,0.0,0.40856203047812334,0.1855123377562317,0.0,0.3786323322417131,0.0,0.0,0.4101331602779748,0.00897199556689271,0.0,0.18624339647519403,0.4145963584411471,0.0,0.007826365130776206,0.0,0.3458867635471109,0.0,0.18520982247396592,0.0,0.4076481226566409
0.4872772656980263,0.46773683234903674,0.4702414132054392,0.9169122045281112,0.46007503430331287,0.648306659067239,0.46008294681837997,0.5843924590410106,0.46001744429314356,0.49568178794488604,0.6094931420304671,0.5768679127779444,0.49530416238981756,0.6113777568666031,0.46001744429314356,0.6431540321506081,0.46008250723811406,0.5805667637257006,0.6074637147950672,0.49552314517947277,0.5726687227830951,0.46001744429314356,0.6163403567100999,0.4949554863267699,0.619059361472361,0.46001744429314356,0.6028662850741247,0.46001744429314356,0.6198761668498408,0.5996211142772367,0.46001744429314356,0.4600963537958362,0.5743429200926459,0.643368615900878,0.46001744429314356,0.574543298962436,0.49516630698567926,0.6130591509250483,0.46001744429314356,0.6113467906096404,0.49462444019785357,0.576837347598297,0.6136656661900155,0.46001744429314356,0.49483053328957455,0.5796371258176383,0.46001744429314356,0.6412419831132375,0.614793309699499,0.46001744429314356,0.6028541675455292,0.46010778235729244,0.6156993583875008,0.46001744429314356,0.6040256486077193,0.46001744429314356,0.5760977565706975,0.49501053633788905,0.6178903465477992,0.5734642316641457,0.4950278016118731,0.6194995167135869,0.46001744429314356,0.6190384117996273,0.6129202470427745,0.46001744429314356,0.46001744429314356,0.6220248171485842,0.49501338007391055,0.5749979959694812,0.6214444738324959,0.4950905605928222,0.46010778235729244,0.6118021750009279,0.5971504283488871,0.46001744429314356,0.6117878649081807,0.46001744429314356,0.46001744429314356,0.5744493407913802,0.49495914298596944,0.46001744429314356,0.46001744429314356,0.612623252654799,0.46001744429314356,0.46001744429314356,0.4949827074372735,0.6221022441020864,0.46001744429314356,0.46001744429314356,0.46003744782402406,0.583059548253533,0.46008294681837997,0.46001744429314356,0.49477282012582,0.6171686934840097,0.46001744429314356,0.46001744429314356,0.6128979803553585,0.46001744429314356,0.46001744429314356,0.5977566329095481,0.46001744429314356,0.46001744429314356,0.46001744429314356,0.46001744429314356,0.6097455806857625,0.49510213657258756,0.46001744429314356,0.5912239889326932,0.46001744429314356,0.46001744429314356,0.6107377129519937,0.4601029472345668,0.46001744429314356,0.4953683051161525,0.6135663824236699,0.46001744429314356,0.46008250723811406,0.46001744429314356,0.5718604264976648,0.46001744429314356,0.49499225476493597,0.46001744429314356,0.6091693430874665
