0.008413760422858078,0.15294001096407434,0.1279128596809975,0.25154162433244714,0.8409112969097999,0.007829417942573098,0.01815039721773191,0.18363744314157635,0.4156975970183891,0.3588894838651953,0.18255618264449877,0.3989194343426616,0.005949427050281941,0.39257918546530496,0.005949427050281941,0.4019971803635728,0.40830225518170804,0.005949427050281941,0.3976395979869704,0.005949427050281941,0.005949427050281941,0.4375398320626949,0.33919846901010814,0.005949427050281941,0.4493251116742382,0.009691598936384457,0.4133628520141528,0.005949427050281941,0.38866874565885046,0.4147829463046684,0.005949427050281941,0.1811779678489898,0.3366623062646387,0.34228468038360116,0.005949427050281941,0.44924275021597704,0.005949427050281941,0.3424229901626787,0.18169594732030084,0.40428781498889954,0.005949427050281941,0.4419206363383374,0.037972759807096024,0.34459855729317007,0.005949427050281941,0.4451087890774735,0.3513995158091916,0.005949427050281941,0.4057707416574863,0.18147125151261737,0.40664054396279925,0.005949427050281941,0.38864186956196645,0.005949427050281941,0.4079861441885977,0.3900173617596347,0.005949427050281941,0.005949427050281941,0.34545358126961867,0.4514954002574938,0.005949427050281941,0.34051190787302943,0.005949427050281941,0.4544689708087416,0.005949427050281941,0.4137156200774007,0.18041936100100053,0.359997306291065,0.4175920491035571,0.18117140863602849,0.005949427050281941,0.34338561457535316,0.4168187431562351,0.1817722374504941,0.40218408652918897,0.005949427050281941,0.37942649907558157,0.005949427050281941,0.005949427050281941,0.40270397090519144,0.005949427050281941,0.012129282091591547,0.008283490260591967,0.38855754207393495,0.005949427050281941,0.005949427050281941,0.4033532976263658,0.005949427050281941,0.005949427050281941,0.005949427050281941,0.45733971969453185,0.005949427050281941,0.005949427050281941,0.005949427050281941,0.35665435548852004,0.005949427050281941,0.005949427050281941,0.4512585039898531,0.005949427050281941,0.005949427050281941,0.010597972698327303,0.40400991787363644,0.005949427050281941,0.005949427050281941,0.1803441495881823,0.3335851042167666,0.005949427050281941,0.005949427050281941,0.005949427050281941,0.3992536006052782,0.18135333931483158,0.005949427050281941,0.3700466536904863,0.005949427050281941,0.005949427050281941,0.005949427050281941,0.40062491332898975,0.18209611626586578,0.005949427050281941,0.005949427050281941,0.4048505177430748,0.009711980855975194,0.005949427050281941,0.3380155319784961,0.005949427050281941
0.15294001096407434,0.21609669269069057,0.19918334129437362,0.29415834085447906,0.8505460399837784,0.15290898590311608,0.153783032106781,0.23878892560432538,0.44240993759840763,0.3897335804183563,0.23795927738121167,0.4267506742618856,0.15282428125473216,0.42085361240815455,0.15282428125473216,0.42961744147431014,0.43549848267779206,0.15282428125473216,0.42555936077138806,0.15282428125473216,0.15282428125473216,0.4629012810810684,0.37173824312828635,0.15282428125473216,0.47400191370697353,0.1530156081674906,0.4402264283171011,0.15282428125473216,0.41722244749201964,0.4415543687537257,0.15282428125473216,0.23690470048911447,0.3694323882386468,0.37454801705035895,0.15282428125473216,0.4739242372552606,0.15282428125473216,0.3746740349302383,0.23730065921864768,0.43175276938790796,0.15282428125473216,0.467024180351903,0.15735751973563541,0.37665733178324406,0.15282428125473216,0.47002720156120714,0.3828700093899203,0.15282428125473216,0.4331359209052873,0.23712883774289117,0.43394747861464616,0.15282428125473216,0.41719750687271634,0.15282428125473216,0.43520337480827614,0.41847422623970365,0.15282428125473216,0.15282428125473216,0.37743734130975637,0.47604923847597563,0.15282428125473216,0.3729335273324836,0.15282428125473216,0.4788558474764378,0.15282428125473216,0.44055625604319676,0.2363256454899819,0.390750593429378,0.44418268965890484,0.2368996894335574,0.15282428125473216,0.3755513362422543,0.44345895207262687,0.2373590170851349,0.429791620820806,0.15282428125473216,0.4086591075525991,0.15282428125473216,0.15282428125473216,0.4302761562840754,0.15282428125473216,0.15318927548060765,0.15293290161078768,0.4171192536501437,0.15282428125473216,0.15282428125473216,0.43088143799254,0.15282428125473216,0.15282428125473216,0.15282428125473216,0.48156703977252496,0.15282428125473216,0.15282428125473216,0.15282428125473216,0.38768309208288343,0.15282428125473216,0.15282428125473216,0.475825718558093,0.15282428125473216,0.15282428125473216,0.15307567159123078,0.4314936367841614,0.15282428125473216,0.15282428125473216,0.23626829063767368,0.366638513845535,0.15282428125473216,0.15282428125473216,0.15282428125473216,0.42706180406397715,0.237038707239411,0.15282428125473216,0.3999968640311728,0.15282428125473216,0.15282428125473216,0.15282428125473216,0.4283389136848255,0.23760687948364437,0.15282428125473216,0.15282428125473216,0.4322775414147145,0.15301690010236274,0.15282428125473216,0.3706623718390477,0.15282428125473216
0.1279128596809975,0.19918334129437362,0.1806883100647554,0.28199834534121887,0.8476774029290769,0.12787575752264826,0.12891978149030692,0.22360654561771387,0.43454274766130346,0.38070958669563015,0.2227200158400445,0.4185676911359535,0.1277744446961765,0.4125460514481924,0.1277744446961765,0.4214938652012505,0.427494500859809,0.1277744446961765,0.4173514710743076,0.1277744446961765,0.1277744446961765,0.4554177224210227,0.36224724078618054,0.1277744446961765,0.46671373646781755,0.12800325111395502,0.43231644901985644,0.1277744446961765,0.40883653370203427,0.4336704588184163,0.1277744446961765,0.22159250543367257,0.3598783237507373,0.3651328253056569,0.1277744446961765,0.46663472090251745,0.1277744446961765,0.36526221709445056,0.22201593164357997,0.4236729655308526,0.1277744446961765,0.45961414756420105,0.133163958868978,0.367298321418196,0.1277744446961765,0.4626700029405265,0.37367295064483225,0.1277744446961765,0.42508425667947236,0.2218322033482983,0.4259122478094422,0.1277744446961765,0.40881105047657057,0.1277744446961765,0.4271934631400081,0.4101154677309038,0.1277744446961765,0.1277744446961765,0.36809895045428453,0.46879621832129914,0.1277744446961765,0.3634749122644748,0.1277744446961765,0.4716505958952347,0.1277744446961765,0.4326527651966969,0.22097309974630974,0.38175174158978586,0.43634995607938754,0.22158714611786653,0.1277744446961765,0.36616294501523206,0.43561218190338213,0.22207832926986606,0.42167163021496,0.1277744446961765,0.40008321160894417,0.1277744446961765,0.1277744446961765,0.4221661261577524,0.1277744446961765,0.12821083232976532,0.1279043580541422,0.40873109438585514,0.1277744446961765,0.1277744446961765,0.42278382124859976,0.1277744446961765,0.1277744446961765,0.1277744446961765,0.4744074723343083,0.1277744446961765,0.1277744446961765,0.1277744446961765,0.3786080189394585,0.1277744446961765,0.1277744446961765,0.4685688729482188,0.1277744446961765,0.1277744446961765,0.12807505518218423,0.4234085423785213,0.1277744446961765,0.1277744446961765,0.2209117363771255,0.3570069922803076,0.1277744446961765,0.1277744446961765,0.1277744446961765,0.4188853043088958,0.2217358194431188,0.1277744446961765,0.39122092586736346,0.1277744446961765,0.1277744446961765,0.1277744446961765,0.42018893451352834,0.22234332542402166,0.1277744446961765,0.1277744446961765,0.4242084334756166,0.12800479571148757,0.1277744446961765,0.36114204201053784,0.1277744446961765
0.25154162433244714,0.29415834085447906,0.28199834534121887,0.35527817926231586,0.8662605944867878,0.2515227946094748,0.252054188520242,0.3111621452812917,0.48446954190106556,0.43728736180375616,0.3105278747576857,0.4703357071620912,0.2514713979247883,0.4650351713291692,0.2514713979247883,0.47291696382631293,0.4782211867585141,0.2514713979247883,0.4692638940591157,0.2514713979247883,0.2514713979247883,0.5030824106197113,0.42143610135537907,0.2514713979247883,0.5132158033897525,0.2515875158307123,0.4824938359242241,0.2514713979247883,0.4617776603613668,0.4836952137431389,0.2514713979247883,0.30972295363139823,0.41941646931609416,0.42390074867317834,0.2514713979247883,0.5131447802201498,0.2514713979247883,0.4240113804646555,0.3100250025001306,0.4748414887861792,0.2514713979247883,0.506842146902176,0.2542469686332047,0.42575356542247345,0.2514713979247883,0.5095835886682349,0.4312233605506803,0.2514713979247883,0.47608892989452783,0.30989390655700905,0.4768211634832019,0.2514713979247883,0.46175530323018826,0.2514713979247883,0.47795474350157985,0.462900073255796,0.2514713979247883,0.2514713979247883,0.42643927945263393,0.515088335047333,0.2514713979247883,0.4224840820853483,0.2514713979247883,0.5176570861806327,0.2514713979247883,0.48279217528794516,0.3092816083157115,0.43818772838629216,0.4860747074043694,0.30971913238373255,0.2514713979247883,0.42478178700127284,0.4854192671533917,0.31006953713458807,0.4730738887758983,0.2514713979247883,0.4541153953573701,0.2514713979247883,0.2514713979247883,0.4735104810543135,0.2514713979247883,0.25169299506456416,0.2515373093130984,0.4616851574339021,0.2514713979247883,0.2514713979247883,0.47405598638421576,0.2514713979247883,0.2514713979247883,0.2514713979247883,0.5201404092497188,0.2514713979247883,0.2514713979247883,0.2514713979247883,0.43547347561827704,0.2514713979247883,0.2514713979247883,0.5148838454344885,0.2514713979247883,0.2514713979247883,0.2516239876699289,0.4746078543018679,0.2514713979247883,0.2514713979247883,0.30923791776729886,0.4169730745214937,0.2514713979247883,0.2514713979247883,0.2514713979247883,0.4706157105979409,0.3098251546322315,0.2514713979247883,0.44639436949351535,0.2514713979247883,0.2514713979247883,0.2514713979247883,0.47176541229529295,0.31025873850685803,0.2514713979247883,0.2514713979247883,0.4753146948709208,0.2515883002274171,0.2514713979247883,0.42049343793100236,0.2514713979247883
0.8409112969097999,0.8505460399837784,0.8476774029290769,0.8662605944867878,1.0,0.8409073063756386,0.8410200171054149,0.8547081285271432,0.9047873065136501,0.8900964993498087,0.8545498152929163,0.9003342314105632,0.8408964152537145,0.8986744938726536,0.8408964152537145,0.9011446258894552,0.9028140472089847,0.8408964152537145,0.8999981354624749,0.8408964152537145,0.8408964152537145,0.9107017818034694,0.8852940390021196,0.8408964152537145,0.913939945931317,0.8409210235988177,0.9041626242550665,0.8408964152537145,0.8976575447043432,0.9045423982546729,0.8408964152537145,0.8543492433602113,0.8846879486269064,0.88603551447365,0.8408964152537145,0.9139172155037847,0.8408964152537145,0.8860688442356948,0.8544244644816993,0.901749709117489,0.8408964152537145,0.9119019828099104,0.8414871669023546,0.8865942324631311,0.8408964152537145,0.9127780703468423,0.8882500421570214,0.8408964152537145,0.9021423003936866,0.8543918103339914,0.9023728864167526,0.8408964152537145,0.8976505734578435,0.8408964152537145,0.9027300600371113,0.8980076750274456,0.8408964152537145,0.8408964152537145,0.8868012910633716,0.9145393909152794,0.8408964152537145,0.8856090733831257,0.8408964152537145,0.9153621752838419,0.8408964152537145,0.9042569105986548,0.8542394276546491,0.8903715894452432,0.9052953173636493,0.8543482920702391,0.8408964152537145,0.8863010532469788,0.9050878284612027,0.8544355596991063,0.9011939365689396,0.8408964152537145,0.8952752848859703,0.8408964152537145,0.8408964152537145,0.901331153277441,0.8408964152537145,0.8409433853901679,0.8409103824174057,0.8976287018264599,0.8408964152537145,0.8408964152537145,0.9015026535571891,0.8408964152537145,0.8408964152537145,0.8408964152537145,0.9161580615330748,0.8408964152537145,0.8408964152537145,0.8408964152537145,0.8895430243807234,0.8408964152537145,0.8408964152537145,0.9144739143179089,0.8408964152537145,0.8408964152537145,0.8409287548288157,0.9016762139430861,0.8408964152537145,0.8408964152537145,0.8542285627159586,0.8839565298906082,0.8408964152537145,0.8408964152537145,0.8408964152537145,0.9004220734468779,0.8543746891876347,0.8408964152537145,0.8928896193077864,0.8408964152537145,0.8408964152537145,0.8408964152537145,0.9007829244733927,0.8544827095516978,0.8408964152537145,0.8408964152537145,0.9018985997544936,0.840921189864072,0.8408964152537145,0.885010976182302,0.8408964152537145
0.007829417942573098,0.15290898590311608,0.12787575752264826,0.2515227946094748,0.8409073063756386,0.0071977917201620735,0.017887015963006833,0.18361161276183788,0.41568635215679617,0.35887637022368024,0.18253019890723154,0.3989076891524133,0.005089607492786449,0.39256724096109386,0.005089607492786449,0.4019855298268205,0.40829079444186095,0.005089607492786449,0.397627813037925,0.005089607492786449,0.005089607492786449,0.43752918600763974,0.3391845704437208,0.005089607492786449,0.44931476700307804,0.009188879703558916,0.41335153976151245,0.005089607492786449,0.38865667521638264,0.4147716751246728,0.005089607492786449,0.18115178599126788,0.3366483002149416,0.3422709105476194,0.005089607492786449,0.44923240348711346,0.005089607492786449,0.3424092260436661,0.1816698402743583,0.4042762340353028,0.005089607492786449,0.44191010397567027,0.037847574790893394,0.34458488252121583,0.005089607492786449,0.4450983382054546,0.3513861135078648,0.005089607492786449,0.4057592053652407,0.18144511206614866,0.4066290337270179,0.005089607492786449,0.3886297982457732,0.005089607492786449,0.40797467406153676,0.3900053350157672,0.005089607492786449,0.005089607492786449,0.3454399413169203,0.4514851095706795,0.005089607492786449,0.34049806436586794,0.005089607492786449,0.4544587533529218,0.005089607492786449,0.41370431805171065,0.18039306880477185,0.3599842343736352,0.4175808584192649,0.1811452258282224,0.005089607492786449,0.3433718901236318,0.41680753041119456,0.1817461413872202,0.40217244169749966,0.005089607492786449,0.37941412136319114,0.005089607492786449,0.005089607492786449,0.4026923419165995,0.005089607492786449,0.011731492013061817,0.007689254315502253,0.38854546801557427,0.005089607492786449,0.005089607492786449,0.4033416883726549,0.005089607492786449,0.005089607492786449,0.005089607492786449,0.4573295721475137,0.005089607492786449,0.005089607492786449,0.005089607492786449,0.35664115691502785,0.005089607492786449,0.005089607492786449,0.45124820743258126,0.005089607492786449,0.005089607492786449,0.010140288250962916,0.4039983285170399,0.005089607492786449,0.005089607492786449,0.1803178464021171,0.3335709656444549,0.005089607492786449,0.005089607492786449,0.005089607492786449,0.39924186575726317,0.18132718283371466,0.005089607492786449,0.37003394943096984,0.005089607492786449,0.005089607492786449,0.005089607492786449,0.40061322075522887,0.18207006672579953,0.005089607492786449,0.005089607492786449,0.40483895377185464,0.009210374210955117,0.005089607492786449,0.3380015834717932,0.005089607492786449
0.01815039721773191,0.153783032106781,0.12891978149030692,0.252054188520242,0.8410200171054149,0.017887015963006833,0.024250411375232355,0.18433992471211474,0.4160038953161464,0.35924664014837315,0.18326281834976638,0.3992393508857689,0.01714763070018487,0.3929045266543189,0.01714763070018487,0.40231452068062756,0.40861442955753463,0.01714763070018487,0.39796059664736894,0.01714763070018487,0.01714763070018487,0.4378298298585966,0.3395769801336155,0.01714763070018487,0.4496069045799146,0.01877691782498383,0.41367098468432895,0.01714763070018487,0.3889975143370264,0.4150899609877258,0.01714763070018487,0.18188996978783498,0.3370437412816289,0.34265968952050047,0.01714763070018487,0.44952459914228027,0.01714763070018487,0.342797843772346,0.1824059229866358,0.4046032613975353,0.01714763070018487,0.4422075390226983,0.0412380373921191,0.34497098023303685,0.01714763070018487,0.44539347325462275,0.3517645259083943,0.01714763070018487,0.4060849724626487,0.18218210475392682,0.40695406555154756,0.01714763070018487,0.3889706620188095,0.01714763070018487,0.4082985740728576,0.3903449411634507,0.01714763070018487,0.01714763070018487,0.3458250569437338,0.4517757234409182,0.01714763070018487,0.3408889211771349,0.01714763070018487,0.4547473002566265,0.01714763070018487,0.41402347437342957,0.18113435132288214,0.36035332730650593,0.4178968726864213,0.18188343630732906,0.01714763070018487,0.343759389050525,0.41712416723822193,0.18248191564595237,0.40250127156737137,0.01714763070018487,0.3797636299007725,0.01714763070018487,0.01714763070018487,0.4030207247292158,0.01714763070018487,0.020143610252242258,0.01809037770707565,0.3888864091595246,0.01714763070018487,0.01714763070018487,0.4036695143084461,0.01714763070018487,0.01714763070018487,0.01714763070018487,0.4576161458291054,0.01714763070018487,0.01714763070018487,0.01714763070018487,0.3570138226453199,0.01714763070018487,0.01714763070018487,0.4515389869970566,0.01714763070018487,0.01714763070018487,0.01926038882248836,0.4043255929958818,0.01714763070018487,0.01714763070018487,0.18105943754804182,0.3339701441682204,0.01714763070018487,0.01714763070018487,0.01714763070018487,0.39957323566176284,0.1820646539376735,0.01714763070018487,0.37039267064806913,0.01714763070018487,0.01714763070018487,0.01714763070018487,0.4009433977922733,0.18280453434131724,0.01714763070018487,0.01714763070018487,0.4051655019226283,0.01878744595466058,0.01714763070018487,0.33839540164983933,0.01714763070018487
0.18363744314157635,0.23878892560432538,0.22360654561771387,0.3111621452812917,0.8547081285271432,0.18361161276183788,0.18433992471211474,0.25949263849647625,0.45370951278229593,0.4026168912164058,0.25872987833979844,0.4384856890388016,0.18354109880980984,0.43275977719197195,0.18354109880980984,0.4412707148159565,0.44698695439332425,0.18354109880980984,0.43732862186162846,0.18354109880980984,0.18354109880980984,0.47366888321847456,0.3852517537695167,0.18354109880980984,0.48449735817899486,0.18370038944141828,0.45158513673838013,0.18354109880980984,0.42923607195849556,0.4528770552090012,0.18354109880980984,0.25776091322144973,0.3830305762631446,0.38795959833416466,0.18354109880980984,0.48442154981663077,0.18354109880980984,0.38808107651844326,0.25812464978674754,0.4433457619567955,0.18354109880980984,0.4776894598822959,0.18733135922927047,0.3899932818531358,0.18354109880980984,0.48061888272855086,0.3959874965469675,0.18354109880980984,0.4446901381726726,0.25796679920747945,0.44547904294714713,0.18354109880980984,0.4292118750152923,0.18354109880980984,0.44670002553876487,0.430450623880441,0.18354109880980984,0.18354109880980984,0.3907455134808439,0.48649562459759116,0.18354109880980984,0.3864035102668072,0.18354109880980984,0.48923553544906156,0.18354109880980984,0.45190600031660516,0.2572291496901294,0.40359982291510355,0.4554346177287166,0.2577563105550033,0.18354109880980984,0.3889268486882708,0.45473029348912614,0.2581782665553138,0.4414399578406502,0.18354109880980984,0.42093269129100797,0.18354109880980984,0.18354109880980984,0.4419107793529725,0.18354109880980984,0.18384503020751833,0.1836315240011981,0.42913595563659035,0.18354109880980984,0.18354109880980984,0.4424989666911361,0.18354109880980984,0.18354109880980984,0.18354109880980984,0.4918828953287863,0.18354109880980984,0.18354109880980984,0.18354109880980984,0.40063559613510524,0.18354109880980984,0.18354109880980984,0.4862774439998815,0.18354109880980984,0.18354109880980984,0.18375040826293942,0.443093917506008,0.18354109880980984,0.18354109880980984,0.2571764900039844,0.38034056914630876,0.18354109880980984,0.18354109880980984,0.18354109880980984,0.4387879019221841,0.25788400432259445,0.18354109880980984,0.41254324519782515,0.18354109880980984,0.18354109880980984,0.18354109880980984,0.44002852634435646,0.2584060147952251,0.18354109880980984,0.18354109880980984,0.44385579755454485,0.18370146525862038,0.18354109880980984,0.3842152748906687,0.18354109880980984
0.4156975970183891,0.44240993759840763,0.43454274766130346,0.48446954190106556,0.9047873065136501,0.41568635215679617,0.4160038953161464,0.45370951278229593,0.5833893455588963,0.5460416768781583,0.4532820504554203,0.5720823027916546,0.41565566141206656,0.567866853585729,0.41565566141206656,0.5741401798568309,0.5783790169369917,0.41565566141206656,0.571228773912636,0.41565566141206656,0.41565566141206656,0.5984173415795304,0.5337731463339636,0.41565566141206656,0.6066597173663075,0.4157250050158837,0.5818031465383665,0.41565566141206656,0.56528323886888,0.5827674618738508,0.41565566141206656,0.452740228609664,0.5322212692114743,0.5356705048242347,0.41565566141206656,0.606601807165799,0.41565566141206656,0.5357557628112966,0.4529434634565959,0.5756765934694212,0.41565566141206656,0.6014706838301834,0.4173186333034531,0.5370993873414295,0.41565566141206656,0.6037006332542145,0.541330113975275,0.41565566141206656,0.57667341996933,0.4528552424043453,0.5772588918973938,0.41565566141206656,0.5652655256749577,0.41565566141206656,0.5781657706323039,0.5661728394377649,0.41565566141206656,0.41565566141206656,0.5376287519781143,0.6081872250381314,0.41565566141206656,0.5345794408263645,0.41565566141206656,0.6102848465731641,0.41565566141206656,0.5820425540686233,0.45244345217352716,0.5467430995625492,0.5846793655322492,0.45273765812434646,0.41565566141206656,0.5363496878129176,0.5841524681480748,0.45297343744569857,0.5742653912703757,0.41565566141206656,0.5592278704282115,0.41565566141206656,0.41565566141206656,0.5746138138595014,0.41565566141206656,0.4157880127111634,0.4156950200994602,0.565209951968567,0.41565566141206656,0.41565566141206656,0.5750492841861461,0.41565566141206656,0.41565566141206656,0.41565566141206656,0.6123150692802136,0.41565566141206656,0.41565566141206656,0.41565566141206656,0.5446300361663475,0.41565566141206656,0.41565566141206656,0.6080203483003898,0.41565566141206656,0.41565566141206656,0.4157467894918657,0.5754899798309925,0.41565566141206656,0.41565566141206656,0.4524140850192146,0.5303473032026879,0.41565566141206656,0.41565566141206656,0.41565566141206656,0.5723053744155392,0.4528089834990831,0.41565566141206656,0.5531580233211657,0.41565566141206656,0.41565566141206656,0.41565566141206656,0.5732217161488985,0.4531008040609009,0.41565566141206656,0.41565566141206656,0.5760546433008329,0.4157254735119873,0.41565566141206656,0.5330484810551158,0.41565566141206656
0.3588894838651953,0.3897335804183563,0.38070958669563015,0.43728736180375616,0.8900964993498087,0.35887637022368024,0.35924664014837315,0.4026168912164058,0.5460416768781583,0.5053604069583277,0.4021310913911648,0.5337636123478378,0.35884057838947037,0.529178135063425,0.35884057838947037,0.5360005084247869,0.5406048328367107,0.35884057838947037,0.5328355242110993,0.35884057838947037,0.35884057838947037,0.5623154566584657,0.49190938286961344,0.35884057838947037,0.5712212962143033,0.3589214462914841,0.5443210800762832,0.35884057838947037,0.5263654782649649,0.5453671701951285,0.35884057838947037,0.4015151524744624,0.49020442154090604,0.49399280603247003,0.35884057838947037,0.5711587705574352,0.35884057838947037,0.4940863967195051,0.4017462109392985,0.5376698990568768,0.35884057838947037,0.5656161337501295,0.3607786837814701,0.4955610237809648,0.35884057838947037,0.5680255514076943,0.5002004091841536,0.35884057838947037,0.5387526944560178,0.40164591543604167,0.5393885473919368,0.35884057838947037,0.5263461887446115,0.35884057838947037,0.5403733028255172,0.5273341399443846,0.35884057838947037,0.35884057838947037,0.49614183836906023,0.5728703177916448,0.35884057838947037,0.4927948935930739,0.35884057838947037,0.5751340947186492,0.35884057838947037,0.5445808095750386,0.40117769725589947,0.5061280032268025,0.5474405755659646,0.40151222990558244,0.35884057838947037,0.4947383023666868,0.5468692532858767,0.4017802861776595,0.5361365785169453,0.35884057838947037,0.5197663475879349,0.35884057838947037,0.35884057838947037,0.5365151970471269,0.35884057838947037,0.358994921397464,0.35888647869942975,0.526285668906368,0.35884057838947037,0.35884057838947037,0.536988365542872,0.35884057838947037,0.35884057838947037,0.35884057838947037,0.5773243620858188,0.35884057838947037,0.35884057838947037,0.35884057838947037,0.5038151328094016,0.35884057838947037,0.35884057838947037,0.5726901873066251,0.35884057838947037,0.35884057838947037,0.3589468502239877,0.5374671646454997,0.35884057838947037,0.35884057838947037,0.4011443016160773,0.48814450541383386,0.35884057838947037,0.35884057838947037,0.35884057838947037,0.5340061401894904,0.40159332321562924,0.35884057838947037,0.513141289555674,0.35884057838947037,0.35884057838947037,0.35884057838947037,0.5350022751050671,0.40192507338199707,0.35884057838947037,0.35884057838947037,0.5380805811561159,0.35892199263216784,0.35884057838947037,0.49111333470961527,0.35884057838947037
0.18255618264449877,0.23795927738121167,0.2227200158400445,0.3105278747576857,0.8545498152929163,0.18253019890723154,0.18326281834976638,0.25872987833979844,0.4532820504554203,0.4021310913911648,0.2579648424707379,0.4380421244236246,0.18245926608590107,0.4323098962698626,0.18245926608590107,0.44083016942994757,0.44655250114407385,0.18245926608590107,0.43688379280219414,0.18245926608590107,0.18245926608590107,0.47326115417282527,0.38474292265568727,0.18245926608590107,0.4840997498988238,0.18261950248117328,0.45115548501237973,0.18245926608590107,0.4287822289581664,0.4524487370912821,0.18245926608590107,0.25699296717414793,0.3825186588508127,0.3874544849582609,0.18245926608590107,0.484023872010656,0.18245926608590107,0.387576128788828,0.25735779872041703,0.44290744417129746,0.18245926608590107,0.47728553395433887,0.18627159212283217,0.38949092888188397,0.18245926608590107,0.48021769376790696,0.39549312589138036,0.18245926608590107,0.4442532537487025,0.25719947332873105,0.44504299607723113,0.18245926608590107,0.4287580046054468,0.18245926608590107,0.4462652697843642,0.429998153119185,0.18245926608590107,0.18245926608590107,0.390244174748849,0.4860998424305609,0.18245926608590107,0.38589626641583646,0.18245926608590107,0.4888422368659278,0.18245926608590107,0.45147668043301153,0.2564595973143539,0.4031152716886092,0.455008920136182,0.25698835063235453,0.18245926608590107,0.38842305156402207,0.45430387680772333,0.2574115766365588,0.4409995948368134,0.18245926608590107,0.42046927555465813,0.18245926608590107,0.18245926608590107,0.4414709230694983,0.18245926608590107,0.18276500060206416,0.18255022836543247,0.42868199920964756,0.18245926608590107,0.18245926608590107,0.44205974209646165,0.18245926608590107,0.18245926608590107,0.18245926608590107,0.4914919745433994,0.18245926608590107,0.18245926608590107,0.18245926608590107,0.4001472623093508,0.18245926608590107,0.18245926608590107,0.4858814630597577,0.18245926608590107,0.18245926608590107,0.18266981794161624,0.44265533034874693,0.18245926608590107,0.18245926608590107,0.2564067781977161,0.37982486874626203,0.18245926608590107,0.18245926608590107,0.18245926608590107,0.4383446665854443,0.257116429167582,0.18245926608590107,0.4120698025995261,0.18245926608590107,0.18245926608590107,0.18245926608590107,0.43958663851431373,0.2576400086451411,0.18245926608590107,0.18245926608590107,0.44341802447034523,0.18262058468026407,0.18245926608590107,0.38370500776414207,0.18245926608590107
0.3989194343426616,0.4267506742618856,0.4185676911359535,0.4703357071620912,0.9003342314105632,0.3989076891524133,0.3992393508857689,0.4384856890388016,0.5720823027916546,0.5337636123478378,0.4380421244236246,0.5604911450528348,0.3988756327193707,0.5561676988889338,0.3988756327193707,0.5626013248977284,0.5669470525184281,0.3988756327193707,0.5596158430634693,0.3988756327193707,0.3988756327193707,0.5874762833419767,0.5211536852892011,0.3988756327193707,0.5959142307130053,0.39894806172004604,0.5704567190153252,0.3988756327193707,0.5535173114807763,0.571444995829392,0.3988756327193707,0.4374798516869562,0.5195577319309345,0.5231046532660708,0.3988756327193707,0.5958549584403489,0.3988756327193707,0.5231923130539459,0.43769076291598946,0.5641766121872523,0.3988756327193707,0.5906024804466194,0.4006123209067219,0.524573708279172,0.3988756327193707,0.5928853334336097,0.5289223893814158,0.3988756327193707,0.5651985805563584,0.43759921045643535,0.5657987902994737,0.3988756327193707,0.5534991389420323,0.3988756327193707,0.5667284555068937,0.5544299541692569,0.3988756327193707,0.3988756327193707,0.5251179125236723,0.597477606273557,0.3988756327193707,0.5219827987718796,0.3988756327193707,0.5996242969929296,0.3988756327193707,0.5707020805762157,0.4371718541515078,0.534484188181721,0.5734042434485489,0.4374771840706797,0.3988756327193707,0.523802952554459,0.5728643201959366,0.43772186850871064,0.562729709946359,0.3988756327193707,0.5473036543880706,0.3988756327193707,0.3988756327193707,0.5630869584942484,0.3988756327193707,0.3990138720264154,0.3989167427686922,0.5534421239404247,0.3988756327193707,0.3988756327193707,0.5635334489996262,0.3988756327193707,0.3988756327193707,0.3988756327193707,0.6017018106163967,0.3988756327193707,0.3988756327193707,0.3988756327193707,0.5323133085143231,0.3988756327193707,0.3988756327193707,0.5973068166297895,0.3988756327193707,0.3988756327193707,0.39897081527355144,0.5639852848749103,0.3988756327193707,0.3988756327193707,0.43714137587978574,0.5176302644477271,0.3988756327193707,0.3988756327193707,0.3988756327193707,0.5607198993680663,0.43755120423637944,0.3988756327193707,0.5410725298883857,0.3988756327193707,0.3988756327193707,0.3988756327193707,0.5616595511045387,0.4378540420197236,0.3988756327193707,0.3988756327193707,0.5645642044788959,0.39894855105814025,0.3988756327193707,0.5204084638747595,0.3988756327193707
0.005949427050281941,0.15282428125473216,0.1277744446961765,0.2514713979247883,0.8408964152537145,0.005089607492786449,0.01714763070018487,0.18354109880980984,0.41565566141206656,0.35884057838947037,0.18245926608590107,0.3988756327193707,0.0,0.39253464047884096,0.0,0.4019537317597508,0.40825951444194863,0.0,0.3975956480791527,0.0,0.0,0.4375001297305065,0.33914663596348105,0.0,0.4492865333563604,0.007650582131010001,0.413320665068456,0.0,0.3886237309703183,0.41474091254215867,0.0,0.18108031203268363,0.33661007232823376,0.3422333274725073,0.0,0.4492041642238939,0.0,0.3423716585745636,0.18159857065406712,0.40424462590182414,0.0,0.44188135802380824,0.037503797687958425,0.3445475589486187,0.0,0.44506981468312556,0.3513495337117832,0.0,0.4057277191388144,0.18137375394829722,0.40659761862391314,0.0,0.3885968516147635,0.0,0.4079433684384724,0.3899725100504973,0.0,0.0,0.3454027127925282,0.4514570232741248,0.0,0.3404602801851424,0.0,0.4544308669399029,0.0,0.4136734712738132,0.18032129346971643,0.35994855643410567,0.41755031555482147,0.1810737492746167,0.0,0.3433344309370118,0.41677692733060134,0.1816749017645341,0.40214065920293557,0.0,0.3793803383811697,0.0,0.0,0.40266060266724535,0.0,0.010569948072298371,0.00576372533678662,0.3885125138994712,0.0,0.0,0.4033100029914708,0.0,0.0,0.0,0.4573018765497899,0.0,0.0,0.0,0.3566051332406322,0.0,0.0,0.45122010511263233,0.0,0.0,0.008770481331331955,0.4039666974468241,0.0,0.0,0.18024604104950082,0.33353237599787633,0.0,0.0,0.0,0.39920983755439177,0.1812557781880216,0.0,0.36999927508481795,0.0,0.0,0.0,0.40058130794411934,0.18199895417441728,0.0,0.0,0.40480739199326976,0.0076763852279330795,0.0,0.3379635126652944,0.0
0.39257918546530496,0.42085361240815455,0.4125460514481924,0.4650351713291692,0.8986744938726536,0.39256724096109386,0.3929045266543189,0.43275977719197195,0.567866853585729,0.529178135063425,0.4323098962698626,0.5561676988889338,0.39253464047884096,0.551803143537571,0.39253464047884096,0.5582977763465199,0.562684145313251,0.39253464047884096,0.5552841115195387,0.39253464047884096,0.39253464047884096,0.5833996350935191,0.5164374690497828,0.39253464047884096,0.591911612053599,0.39260829859789437,0.566226311969718,0.39253464047884096,0.5491273228736678,0.5672236895480551,0.39253464047884096,0.43173960004343515,0.5148246111493499,0.5184089899575283,0.39253464047884096,0.5918518245309945,0.39253464047884096,0.5184975703512169,0.4319535231273052,0.559887847563744,0.39253464047884096,0.5865534212512599,0.39430068391504836,0.5198934407395259,0.39253464047884096,0.5888562995650571,0.5242872990624496,0.39253464047884096,0.5609193753724256,0.43186066360569,0.5615251879299514,0.39253464047884096,0.5491089753307046,0.39253464047884096,0.5624635146203868,0.5500487435465068,0.39253464047884096,0.39253464047884096,0.520443330916227,0.5934885541848944,0.39253464047884096,0.5172753319877451,0.39253464047884096,0.5956537994894207,0.39253464047884096,0.566473935063062,0.4314271994752657,0.5299060354622306,0.5692009142881452,0.4317368943160843,0.39253464047884096,0.5191146160089991,0.5686560455376747,0.4319850726899852,0.5584273685047365,0.39253464047884096,0.5428533249241887,0.39253464047884096,0.39253464047884096,0.5587879739103376,0.39253464047884096,0.39267522533587157,0.39257644821674975,0.5490514112111218,0.39253464047884096,0.39253464047884096,0.5592386555233959,0.39253464047884096,0.39253464047884096,0.39253464047884096,0.5977491896143067,0.39253464047884096,0.39253464047884096,0.39253464047884096,0.527713042372372,0.39253464047884096,0.39253464047884096,0.5933162846909263,0.39253464047884096,0.39253464047884096,0.3926314381911078,0.5596947278276715,0.39253464047884096,0.39253464047884096,0.4313962851880154,0.5128766163598724,0.39253464047884096,0.39253464047884096,0.39253464047884096,0.5563986154400012,0.43181197181829195,0.39253464047884096,0.5365606472920912,0.39253464047884096,0.39253464047884096,0.39253464047884096,0.5573471355917856,0.4321191320707821,0.39253464047884096,0.39253464047884096,0.5602790682908165,0.39260879623860195,0.39253464047884096,0.515684364478889,0.39253464047884096
0.005949427050281941,0.15282428125473216,0.1277744446961765,0.2514713979247883,0.8408964152537145,0.005089607492786449,0.01714763070018487,0.18354109880980984,0.41565566141206656,0.35884057838947037,0.18245926608590107,0.3988756327193707,0.0,0.39253464047884096,0.0,0.4019537317597508,0.40825951444194863,0.0,0.3975956480791527,0.0,0.0,0.4375001297305065,0.33914663596348105,0.0,0.4492865333563604,0.007650582131010001,0.413320665068456,0.0,0.3886237309703183,0.41474091254215867,0.0,0.18108031203268363,0.33661007232823376,0.3422333274725073,0.0,0.4492041642238939,0.0,0.3423716585745636,0.18159857065406712,0.40424462590182414,0.0,0.44188135802380824,0.037503797687958425,0.3445475589486187,0.0,0.44506981468312556,0.3513495337117832,0.0,0.4057277191388144,0.18137375394829722,0.40659761862391314,0.0,0.3885968516147635,0.0,0.4079433684384724,0.3899725100504973,0.0,0.0,0.3454027127925282,0.4514570232741248,0.0,0.3404602801851424,0.0,0.4544308669399029,0.0,0.4136734712738132,0.18032129346971643,0.35994855643410567,0.41755031555482147,0.1810737492746167,0.0,0.3433344309370118,0.41677692733060134,0.1816749017645341,0.40214065920293557,0.0,0.3793803383811697,0.0,0.0,0.40266060266724535,0.0,0.010569948072298371,0.00576372533678662,0.3885125138994712,0.0,0.0,0.4033100029914708,0.0,0.0,0.0,0.4573018765497899,0.0,0.0,0.0,0.3566051332406322,0.0,0.0,0.45122010511263233,0.0,0.0,0.008770481331331955,0.4039666974468241,0.0,0.0,0.18024604104950082,0.33353237599787633,0.0,0.0,0.0,0.39920983755439177,0.1812557781880216,0.0,0.36999927508481795,0.0,0.0,0.0,0.40058130794411934,0.18199895417441728,0.0,0.0,0.40480739199326976,0.0076763852279330795,0.0,0.3379635126652944,0.0
0.4019971803635728,0.42961744147431014,0.4214938652012505,0.47291696382631293,0.9011446258894552,0.4019855298268205,0.40231452068062756,0.4412707148159565,0.5741401798568309,0.5360005084247869,0.44083016942994757,0.5626013248977284,0.4019537317597508,0.5582977763465199,0.4019537317597508,0.5647018716325845,0.5690279187817698,0.4019537317597508,0.5617300337018692,0.4019537317597508,0.4019537317597508,0.5894668763807456,0.5234537041442997,0.4019537317597508,0.5978689095729677,0.4020255770566459,0.5725218427286815,0.4019537317597508,0.5556596958880924,0.5735057105794276,0.4019537317597508,0.4402717316851146,0.5218659074837507,0.5253947534438191,0.4019537317597508,0.5978098873315265,0.4019537317597508,0.5254819689144243,0.4404812033729862,0.5662700005568687,0.4019537317597508,0.5925796913930993,0.40367647706064463,0.5268563774543307,0.4019537317597508,0.5948528293927717,0.5311832475262207,0.4019537317597508,0.567287339817493,0.4403902756400834,0.5678848362683279,0.4019537317597508,0.5556416080239267,0.4019537317597508,0.568810306722042,0.5565680912592543,0.4019537317597508,0.4019537317597508,0.5273978370529588,0.5994257014590891,0.4019537317597508,0.5242785954221597,0.4019537317597508,0.6015633868508174,0.4019537317597508,0.572766108694356,0.4399658385363532,0.5367175458107177,0.5754562480918016,0.440269082284061,0.4019537317597508,0.5260895164787499,0.5749187211041653,0.440512096762822,0.5648296722305349,0.4019537317597508,0.5494752273158842,0.4019537317597508,0.4019537317597508,0.5651852954475272,0.4019537317597508,0.4020908571668215,0.401994510480322,0.5555848587084826,0.4019537317597508,0.4019537317597508,0.5656297566336124,0.4019537317597508,0.4019537317597508,0.4019537317597508,0.6036322231214025,0.4019537317597508,0.4019537317597508,0.4019537317597508,0.5345573483355676,0.4019537317597508,0.4019537317597508,0.5992556299979049,0.4019537317597508,0.4019537317597508,0.40204814727966565,0.5660795411782374,0.4019537317597508,0.4019537317597508,0.4399355686488712,0.5199483431571599,0.4019537317597508,0.4019537317597508,0.4019537317597508,0.5628290324734203,0.44034259709218126,0.4019537317597508,0.5432738631858204,0.4019537317597508,0.4019537317597508,0.4019537317597508,0.5637643908207823,0.44064336888005406,0.4019537317597508,0.4019537317597508,0.5666558358379441,0.402026062451832,0.4019537317597508,0.5227122866182127,0.4019537317597508
0.40830225518170804,0.43549848267779206,0.427494500859809,0.4782211867585141,0.9028140472089847,0.40829079444186095,0.40861442955753463,0.44698695439332425,0.5783790169369917,0.5406048328367107,0.44655250114407385,0.5669470525184281,0.40825951444194863,0.562684145313251,0.40825951444194863,0.5690279187817698,0.5733137493807816,0.40825951444194863,0.566083954499479,0.40825951444194863,0.40825951444194863,0.5935680790496652,0.5281866434020094,0.40825951444194863,0.6018965901870448,0.4083301893104778,0.5767754949039144,0.40825951444194863,0.560071195620068,0.5777503492392259,0.40825951444194863,0.44600180101926845,0.5266154561615449,0.530107492229001,0.40825951444194863,0.6018380799340645,0.40825951444194863,0.5301938027182059,0.4462083683077383,0.5705814212058917,0.40825951444194863,0.5966535033550481,0.4099542976221112,0.5315539799335585,0.40825951444194863,0.598906753134675,0.5358364117336345,0.40825951444194863,0.5715893010529282,0.4461187010257197,0.572181252670735,0.40825951444194863,0.560053280643996,0.40825951444194863,0.5730981503406161,0.560970918539569,0.40825951444194863,0.40825951444194863,0.5320898484399696,0.603439900020728,0.40825951444194863,0.5290029361189212,0.40825951444194863,0.6055591421987643,0.40825951444194863,0.5770175211343028,0.44570015349862485,0.5413146564421887,0.5796830783359277,0.4459991883684584,0.40825951444194863,0.530795052463728,0.5791504509166723,0.4462388335525329,0.5691545252488512,0.40825951444194863,0.5539463099864426,0.40825951444194863,0.40825951444194863,0.5695068275840237,0.40825951444194863,0.4083944062710739,0.40829962879219667,0.5599970738035867,0.40825951444194863,0.40825951444194863,0.5699471423382868,0.40825951444194863,0.40825951444194863,0.40825951444194863,0.6076102046754555,0.40825951444194863,0.40825951444194863,0.40825951444194863,0.5391762352843987,0.40825951444194863,0.40825951444194863,0.6032712993173424,0.40825951444194863,0.40825951444194863,0.4083523919205808,0.5703927353413482,0.40825951444194863,0.40825951444194863,0.44567030401910196,0.5247180544047717,0.40825951444194863,0.40825951444194863,0.40825951444194863,0.5671726217475948,0.4460716835839285,0.40825951444194863,0.5478056669075759,0.40825951444194863,0.40825951444194863,0.40825951444194863,0.5680992089138314,0.44636828697772085,0.40825951444194863,0.40825951444194863,0.5709636661812822,0.4083306667993915,0.40825951444194863,0.527452971995341,0.40825951444194863
