0.0,0.0,0.13509177206286105,0.1730889515677516,0.6182918236335494,0.8408964152537145,0.006734135831203927,0.24371200246861466,0.5599255883932013,0.013519579637571796,0.4792926516287682,0.5972560496926341,0.0,0.0,0.46248952092510004,0.600599709475495,0.0,0.5494939945264897,0.2407520434150666,0.47030263040543496,0.0,0.5312928930604762,0.24164282306239016,0.45230890891662157,0.0,0.6108708939523612,0.0,0.5572298025428385,0.521063714808301,0.0,0.0,0.5588270448690279,0.513807091789092,0.0,0.4563642273317341,0.0,0.6105215064566322,0.0,0.45641256249108636,0.2404114693279363,0.5433309622690363,0.5398960448155039,0.23851192927518539,0.45942656070263416,0.05000757225529454,0.0,0.6048126472235306,0.0,0.46825432327495425,0.6063185466925373,0.3934345853612773,0.36639760001762456,0.011604355525308096,0.5206549051474147,0.0,0.5489775584235653,0.5232956652008527,0.0,0.4602334085830037,0.2396294704860495,0.554150785197783,0.454263197848317,0.0,0.23987977886877648,0.5587001996232176,0.5568515298920813,0.23890612700984448,0.4807776896095899,0.0,0.0,0.6234911536034159,0.4578386441160775,0.005612636559525366,0.622913549966071,0.5407126748575599,0.0,0.0,0.5082208896655417,0.0,0.40869528693085805,0.34046321088247217,0.0,0.0,0.4563150760858274,0.2398232098074471,0.0,0.0,0.5422486990528435,0.01157448584255556,0.0,0.6234750248970137,0.0,0.0,0.010156740497534327,0.47617124955244533,0.0,0.0,0.23896800401063545,0.5530565718292993,0.0,0.0,0.0,0.5431459062401057,0.0,0.2386927128243548,0.4446472601119071,0.0,0.0,0.0,0.5365730779331883,0.0,0.23973035017968233,0.0,0.49483137147182676,0.011604355525308096,0.0,0.5382499516370892,0.0,0.0,0.2411679011946371,0.5451265783724941,0.0,0.0,0.0,0.45057688143901226
0.0,0.0,0.13509177206286105,0.1730889515677516,0.6182918236335494,0.8408964152537145,0.006734135831203927,0.24371200246861466,0.5599255883932013,0.013519579637571796,0.4792926516287682,0.5972560496926341,0.0,0.0,0.46248952092510004,0.600599709475495,0.0,0.5494939945264897,0.2407520434150666,0.47030263040543496,0.0,0.5312928930604762,0.24164282306239016,0.45230890891662157,0.0,0.6108708939523612,0.0,0.5572298025428385,0.521063714808301,0.0,0.0,0.5588270448690279,0.513807091789092,0.0,0.4563642273317341,0.0,0.6105215064566322,0.0,0.45641256249108636,0.2404114693279363,0.5433309622690363,0.5398960448155039,0.23851192927518539,0.45942656070263416,0.05000757225529454,0.0,0.6048126472235306,0.0,0.46825432327495425,0.6063185466925373,0.3934345853612773,0.36639760001762456,0.011604355525308096,0.5206549051474147,0.0,0.5489775584235653,0.5232956652008527,0.0,0.4602334085830037,0.2396294704860495,0.554150785197783,0.454263197848317,0.0,0.23987977886877648,0.5587001996232176,0.5568515298920813,0.23890612700984448,0.4807776896095899,0.0,0.0,0.6234911536034159,0.4578386441160775,0.005612636559525366,0.622913549966071,0.5407126748575599,0.0,0.0,0.5082208896655417,0.0,0.40869528693085805,0.34046321088247217,0.0,0.0,0.4563150760858274,0.2398232098074471,0.0,0.0,0.5422486990528435,0.01157448584255556,0.0,0.6234750248970137,0.0,0.0,0.010156740497534327,0.47617124955244533,0.0,0.0,0.23896800401063545,0.5530565718292993,0.0,0.0,0.0,0.5431459062401057,0.0,0.2386927128243548,0.4446472601119071,0.0,0.0,0.0,0.5365730779331883,0.0,0.23973035017968233,0.0,0.49483137147182676,0.011604355525308096,0.0,0.5382499516370892,0.0,0.0,0.2411679011946371,0.5451265783724941,0.0,0.0,0.0,0.45057688143901226
0.13509177206286105,0.13509177206286105,0.1910327068182608,0.21953676287645166,0.631731532590965,0.8484654187484,0.13525948356098877,0.2785735373365834,0.5751470533319605,0.13576647291428043,0.4974383479794458,0.6113138109666605,0.13509177206286105,0.13509177206286105,0.4813401644951246,0.6145575976003447,0.13509177206286105,0.5650587192178543,0.27599094017321146,0.4888205226505581,0.13509177206286105,0.5474785622544625,0.27676737167743526,0.47160689758425095,0.13509177206286105,0.6245259228135273,0.13509177206286105,0.572539144878559,0.537611789352321,0.13509177206286105,0.13509177206286105,0.5740842519076365,0.5306186066901404,0.13509177206286105,0.4754820957511149,0.13509177206286105,0.6241867432507462,0.13509177206286105,0.47552829965691873,0.27569426528661595,0.5591026882111729,0.5557845593586916,0.27404141811577587,0.4784101148141947,0.1440488480257225,0.13509177206286105,0.6186456072565747,0.13509177206286105,0.4868585949642301,0.6201070920465866,0.4156859645392128,0.39026840906386306,0.13558917860315267,0.5372176774640018,0.13509177206286105,0.5645595061042452,0.5397637908885168,0.13509177206286105,0.4791818136225626,0.2750134438585383,0.569561197162206,0.4734740608520118,0.13509177206286105,0.2752313088636293,0.5739615397146018,0.5721732486503827,0.2743841624256364,0.49886295905299627,0.13509177206286105,0.13509177206286105,0.6367816448999215,0.47689166394254096,0.13520829602021087,0.6362205535388498,0.5565733298150101,0.13509177206286105,0.13509177206286105,0.5252389828841647,0.13509177206286105,0.43011326957607804,0.3660910548552651,0.13509177206286105,0.13509177206286105,0.4754351121158785,0.2751820671622496,0.13509177206286105,0.13509177206286105,0.5580571110443187,0.13558662591290577,0.13509177206286105,0.6367659770578387,0.13509177206286105,0.13509177206286105,0.13547298247001308,0.4944449196654822,0.13509177206286105,0.13509177206286105,0.2744379751872007,0.568503084227093,0.13509177206286105,0.13509177206286105,0.13509177206286105,0.5589238979176825,0.13509177206286105,0.27419858760568505,0.46429279631792353,0.13509177206286105,0.13509177206286105,0.13509177206286105,0.5525755695393231,0.13509177206286105,0.275101241618215,0.13509177206286105,0.5123588108492874,0.13558917860315267,0.13509177206286105,0.5541948031260651,0.13509177206286105,0.13509177206286105,0.2763533302184945,0.5608376606528054,0.13509177206286105,0.13509177206286105,0.13509177206286105,0.46995259799456174
0.1730889515677516,0.1730889515677516,0.21953676287645166,0.2447297952991078,0.6401541610208706,0.8532140010872853,0.17321984110526714,0.29879051143922536,0.5846582096130054,0.17361590261075993,0.5087011679625176,0.6201157087501165,0.1730889515677516,0.1730889515677516,0.49301819967678245,0.6232983256687061,0.1730889515677516,0.5747778217498141,0.2963864791250597,0.5003029239264848,0.1730889515677516,0.5575723086298784,0.29710891843415155,0.48354691889486534,0.1730889515677516,0.6330808786326811,0.1730889515677516,0.5821035933732261,0.5479232637166345,0.1730889515677516,0.1730889515677516,0.5836170882059913,0.541087914467397,0.1730889515677516,0.4873167720306033,0.1730889515677516,0.6327479673268458,0.1730889515677516,0.48736172830496677,0.2961105053627271,0.5689469040726403,0.5656992665972419,0.29457371074676175,0.49016611150822775,0.1801647195728421,0.1730889515677516,0.6273097556459616,0.1730889515677516,0.49839184288733757,0.6287439975232394,0.4293250239803836,0.40481541940695126,0.17347733425946243,0.5475379673804447,0.1730889515677516,0.5742890266681724,0.550027292758836,0.1730889515677516,0.49091720294344254,0.2954773382775394,0.5791868904435592,0.4853631498588857,0.1730889515677516,0.2956799311704915,0.5834968825807706,0.5817451995867432,0.2948922886264499,0.5100900547924373,0.1730889515677516,0.1730889515677516,0.6451124493303607,0.48868836600634696,0.1731798853446769,0.6445615239332168,0.5664712279027381,0.1730889515677516,0.1730889515677516,0.5358317955172784,0.1730889515677516,0.44327841473575913,0.3816031889890302,0.1730889515677516,0.1730889515677516,0.4872710572827161,0.295634139400338,0.1730889515677516,0.1730889515677516,0.5679234774498728,0.17347533966104323,0.1730889515677516,0.6450970652406335,0.1730889515677516,0.1730889515677516,0.1733865567606168,0.5057833287623063,0.1730889515677516,0.1730889515677516,0.29494231194703807,0.5781506407332991,0.1730889515677516,0.1730889515677516,0.1730889515677516,0.5687718974344049,0.1730889515677516,0.2947197918351461,0.4764355389764729,0.1730889515677516,0.1730889515677516,0.1730889515677516,0.562559003428636,0.1730889515677516,0.29555897894436417,0.1730889515677516,0.5232551459985917,0.17347733425946243,0.1730889515677516,0.5641434891797869,0.1730889515677516,0.1730889515677516,0.29672363572353344,0.5706452455814488,0.1730889515677516,0.1730889515677516,0.1730889515677516,0.481938019803177
0.6182918236335494,0.6182918236335494,0.631731532590965,0.6401541610208706,0.8405333667448859,0.9611005845968474,0.6183257093898918,0.6606769189472501,0.8079074082328549,0.6184283861191441,0.7644174039727493,0.8287073664540039,0.6182918236335494,0.6182918236335494,0.7557031500033992,0.8305832263100197,0.6182918236335494,0.8021541748221074,0.6596977640342686,0.7597372770220143,0.6182918236335494,0.7921937658519683,0.6599913907677337,0.7504953436161741,0.6182918236335494,0.836355292240334,0.6182918236335494,0.8064177628661372,0.7866445829757368,0.6182918236335494,0.6182918236335494,0.8073001383158065,0.7827312701662534,0.6182918236335494,0.752563042377601,0.6182918236335494,0.8361587297100419,0.6182918236335494,0.7525877417576318,0.6595857389316948,0.7987698506792063,0.7968886721267503,0.658963343058763,0.7541304113237551,0.6201567503203264,0.6182918236335494,0.8329490781043694,0.6182918236335494,0.7586766234749135,0.8337953296199873,0.7216029220688067,0.7091365772116253,0.6183924389354807,0.7864235946110238,0.6182918236335494,0.8018701484698955,0.7878521836468587,0.6182918236335494,0.7545442169738403,0.6593290147745487,0.8047187548823975,0.7514906497683185,0.6182918236335494,0.659411113394354,0.8072300394098546,0.8062088916330981,0.6590921663758678,0.7651943193548953,0.6182918236335494,0.6182918236335494,0.843463773006844,0.7533170460020805,0.6183153628584205,0.8431381179837351,0.7973355744705786,0.6182918236335494,0.6182918236335494,0.7797327025970898,0.6182918236335494,0.7288752383846194,0.6977239059616114,0.6182918236335494,0.6182918236335494,0.7525379272849414,0.6593925530788489,0.6182918236335494,0.6182918236335494,0.7981767363719234,0.61839192168935,0.6182918236335494,0.8434546792329672,0.6182918236335494,0.6182918236335494,0.6183689036486509,0.762787895374455,0.6182918236335494,0.6182918236335494,0.6591124037910945,0.8041155978700198,0.6182918236335494,0.6182918236335494,0.6182918236335494,0.7986684084226603,0.6182918236335494,0.659022400889816,0.7466140529566778,0.6182918236335494,0.6182918236335494,0.6182918236335494,0.7950723768211294,0.6182918236335494,0.6593620937179363,0.6182918236335494,0.7725978278390965,0.6183924389354807,0.6182918236335494,0.7959884910944538,0.6182918236335494,0.6182918236335494,0.6598347307790661,0.7997547008499059,0.6182918236335494,0.6182918236335494,0.6182918236335494,0.7496150134303066
0.8408964152537145,0.8408964152537145,0.8484654187484,0.8532140010872853,0.9611005845968474,1.0,0.8409154813366394,0.8647874837684555,0.9450640850383444,0.8409732538369364,0.9222981112158619,0.9554182497623096,0.8408964152537145,0.8408964152537145,0.9175998209917887,0.9563303735420544,0.8408964152537145,0.9421303106537277,0.8642355045714121,0.9197794529075093,0.8408964152537145,0.9369889988305118,0.86440103518684,0.9147749140139778,0.8408964152537145,0.9591119225604935,0.8408964152537145,0.9443071238248507,0.9340931388691889,0.8408964152537145,0.8408964152537145,0.9447557305942794,0.9320383848019361,0.8408964152537145,0.9158979674009832,0.8408964152537145,0.9590178404402456,0.8408964152537145,0.9159113712213143,0.8641723500198951,0.9403919396997062,0.939421800076355,0.8638214627854386,0.9167480009056067,0.8419458845842283,0.8408964152537145,0.9574751279570036,0.8408964152537145,0.9192071389783357,0.9578830458595556,0.8989092402842147,0.8919826612028634,0.8409530275402937,0.9339773760374521,0.8408964152537145,0.9419847696104223,0.9347251455485264,0.8408964152537145,0.9169722348044349,0.8640276189057653,0.9434414834414941,0.9153157414758922,0.8408964152537145,0.864073903214219,0.9447201160096708,0.944200835265277,0.863894090600368,0.9227151344927447,0.8408964152537145,0.8408964152537145,0.9624823385566367,0.9163070256518332,0.840909659769467,0.9623293306320864,0.9396525169236715,0.8408964152537145,0.8408964152537145,0.9304572257094985,0.8408964152537145,0.9029298634648533,0.885609777086888,0.8408964152537145,0.8408964152537145,0.9158843377029358,0.8640634395864732,0.8408964152537145,0.8408964152537145,0.9400863592547927,0.840952736503792,0.8408964152537145,0.9624780677518997,0.8408964152537145,0.8408964152537145,0.8409397850735507,0.921422430229683,0.8408964152537145,0.8408964152537145,0.8639054999599582,0.9431335974330008,0.8408964152537145,0.8408964152537145,0.8408964152537145,0.9403396945869509,0.8408964152537145,0.8638547584015498,0.9126618415362996,0.8408964152537145,0.8408964152537145,0.8408964152537145,0.9384825707186332,0.8408964152537145,0.8640462676812445,0.8408964152537145,0.926672815469936,0.8409530275402937,0.8408964152537145,0.9389566149244777,0.8408964152537145,0.8408964152537145,0.8643127193489472,0.9408987439185745,0.8408964152537145,0.8408964152537145,0.8408964152537145,0.9142962027318485
0.006734135831203927,0.006734135831203927,0.13525948356098877,0.17321984110526714,0.6183257093898918,0.8409154813366394,0.00952350622335121,0.24380485764179438,0.5599640403160481,0.015103894133818985,0.4793386918149216,0.5972915149077923,0.006734135831203927,0.006734135831203927,0.4625374101600387,0.6006349191517684,0.006734135831203927,0.5495333308229647,0.2408460477045611,0.47034964582620475,0.006734135831203927,0.5313338332752434,0.24173647860410327,0.4523579758322076,0.006734135831203927,0.6109053294548205,0.006734135831203927,0.5572684807216102,0.5211055936542012,0.006734135831203927,0.006734135831203927,0.558865588803781,0.5138496541484808,0.006734135831203927,0.4564128196526235,0.006734135831203927,0.6105559680350398,0.006734135831203927,0.45646114919971137,0.24050560763069603,0.5433708326589595,0.5399362167987285,0.23860682197809133,0.4594747994826306,0.050458950878579927,0.006734135831203927,0.6048475374239511,0.006734135831203927,0.4683015653536037,0.6063533233573228,0.3934915180921284,0.36645891890470034,0.013416767566816786,0.5206968221007872,0.006734135831203927,0.5490169391354118,0.5233373368155301,0.006734135831203927,0.4602815548944836,0.2397239179255102,0.5541897237263964,0.45431203512898477,0.006734135831203927,0.23997412714029911,0.558738754198907,0.5568902399444555,0.239000862181416,0.48082357167625867,0.006734135831203927,0.006734135831203927,0.6235246586978483,0.4578870657047884,0.008766428802564485,0.6229470971716254,0.5407527748793065,0.006734135831203927,0.006734135831203927,0.5082639887268412,0.006734135831203927,0.40874998335600365,0.3405293537139336,0.006734135831203927,0.006734135831203927,0.4563636741148007,0.2399175804727587,0.006734135831203927,0.006734135831203927,0.5422886641598743,0.01339094123877055,0.006734135831203927,0.6235085311667424,0.006734135831203927,0.006734135831203927,0.012186384321338933,0.47621762480317287,0.006734135831203927,0.006734135831203927,0.23906271450130484,0.5530956033840752,0.006734135831203927,0.006734135831203927,0.006734135831203927,0.5431857928057637,0.006734135831203927,0.2387875332176796,0.44469724435874075,0.006734135831203927,0.006734135831203927,0.006734135831203927,0.5366135444330827,0.006734135831203927,0.23982475762766567,0.006734135831203927,0.494875796606284,0.013416767566816786,0.006734135831203927,0.5382902691721637,0.006734135831203927,0.006734135831203927,0.24126174235510703,0.5451662922317545,0.006734135831203927,0.006734135831203927,0.006734135831203927,0.4506261533305015
0.24371200246861466,0.24371200246861466,0.2785735373365834,0.29879051143922536,0.6606769189472501,0.8647874837684555,0.24380485764179438,0.3443564400226979,0.6077533516530496,0.24408604117637767,0.5358385666258814,0.6415396512667065,0.24371200246861466,0.24371200246861466,0.5210948443545846,0.6445772679985179,0.24371200246861466,0.5983593199777578,0.34227898295086817,0.5279379680341337,0.24371200246861466,0.5820257533086629,0.3429028488115698,0.5122122962454072,0.24371200246861466,0.6539186371180409,0.24371200246861466,0.6053235380229371,0.5728808626933882,0.24371200246861466,0.24371200246861466,0.6067630149163304,0.5664097713387881,0.24371200246861466,0.5157457848528717,0.24371200246861466,0.6536006319787387,0.24371200246861466,0.5157879388393907,0.3420407635943292,0.5928202101820457,0.5897367109813392,0.34071521755141204,0.5184182681976712,0.24878041861347513,0.24371200246861466,0.6484069801469883,0.24371200246861466,0.5261418234329284,0.6497765262593819,0.4617327754582522,0.4391674801818871,0.24398762865248166,0.5725159383732499,0.24371200246861466,0.5978948468537931,0.5748739756504793,0.24371200246861466,0.5191229930670427,0.34149442438673083,0.6025501257741556,0.5139143111176934,0.24371200246861466,0.3416692036208727,0.6066486796682737,0.6049827050528415,0.3409898625246275,0.5371462927552493,0.24371200246861466,0.24371200246861466,0.665416266755973,0.5170320545417944,0.24377650869471174,0.6648895948404983,0.5904695502847778,0.24371200246861466,0.24371200246861466,0.5614379682564826,0.24371200246861466,0.4746557376859565,0.41797812659461486,0.24371200246861466,0.24371200246861466,0.5157029200645931,0.34162969592969644,0.24371200246861466,0.24371200246861466,0.5918483820340966,0.24398621235322066,0.24371200246861466,0.6654015596773887,0.24371200246861466,0.24371200246861466,0.24392317865201393,0.533092274028746,0.24371200246861466,0.24371200246861466,0.3410329941903151,0.6015649928353757,0.24371200246861466,0.24371200246861466,0.24371200246861466,0.5926540187353102,0.24371200246861466,0.3408411444015491,0.5055543719580186,0.24371200246861466,0.24371200246861466,0.24371200246861466,0.5867562868333052,0.24371200246861466,0.3415648531574873,0.24371200246861466,0.5495573419011397,0.24398762865248166,0.24371200246861466,0.5882599823302496,0.24371200246861466,0.24371200246861466,0.34257008947794304,0.594433179399251,0.24371200246861466,0.24371200246861466,0.24371200246861466,0.5107051106563993
0.5599255883932013,0.5599255883932013,0.5751470533319605,0.5846582096130054,0.8079074082328549,0.9450640850383444,0.5599640403160481,0.6077533516530496,0.7716346289503968,0.5600805505535666,0.723375156284257,0.7947462747517112,0.5599255883932013,0.5599255883932013,0.7137038628110778,0.7968327118243311,0.5599255883932013,0.7652476611951301,0.6066538280577434,0.7181813897494396,0.5599255883932013,0.7541936433097822,0.6069835739811934,0.707922544090452,0.5599255883932013,0.8032554836170087,0.5599255883932013,0.7699807165427546,0.7480364697291163,0.5599255883932013,0.5599255883932013,0.7709603776772981,0.7436946974281192,0.5599255883932013,0.7102181135486281,0.5599255883932013,0.803036689449216,0.5599255883932013,0.7102455335654627,0.6065280174041919,0.7614913233620842,0.7594035691623631,0.6058289776430346,0.7119580673861851,0.5620412440839007,0.5599255883932013,0.7994647549913849,0.5599255883932013,0.7170042221353964,0.8004063934444513,0.6758140084498296,0.6619346582852212,0.5600397606550029,0.74779128091,0.5599255883932013,0.764932393770199,0.7493763283647492,0.5599255883932013,0.7124174175587816,0.6062396903411177,0.7680945122286192,0.7090275663408853,0.5599255883932013,0.6063318970237329,0.7708825483664006,0.7697488230703173,0.6059736721165994,0.724237270703643,0.5599255883932013,0.5599255883932013,0.8111717257509365,0.7110551567081386,0.5599522996119829,0.8108088964977191,0.7598995343257258,0.5599255883932013,0.5599255883932013,0.7403679022624315,0.5599255883932013,0.6839026023329018,0.6492105596830833,0.5599255883932013,0.5599255883932013,0.710190231996338,0.6063110516814558,0.5599255883932013,0.5599255883932013,0.7608330631450572,0.5600391737235838,0.5599255883932013,0.8111615936716472,0.5599255883932013,0.5599255883932013,0.5600130545169889,0.7215668926269111,0.5599255883932013,0.5599255883932013,0.6059964024479452,0.7674249378764774,0.5599255883932013,0.5599255883932013,0.5599255883932013,0.7613787379816186,0.5599255883932013,0.6058953119377479,0.7036128666067262,0.5599255883932013,0.5599255883932013,0.5599255883932013,0.7573879469044708,0.5599255883932013,0.6062768421856626,0.5599255883932013,0.7324519669110743,0.5600397606550029,0.5599255883932013,0.7584045845818526,0.5599255883932013,0.5599255883932013,0.6068076456500908,0.7625843785902331,0.5599255883932013,0.5599255883932013,0.5599255883932013,0.7069451265635304
0.013519579637571796,0.013519579637571796,0.13576647291428043,0.17361590261075993,0.6184283861191441,0.8409732538369364,0.015103894133818985,0.24408604117637767,0.5600805505535666,0.019119572722191388,0.4794781881751919,0.5973989768544921,0.013519579637571796,0.013519579637571796,0.46268250695920243,0.6007416069132319,0.013519579637571796,0.5496525201804625,0.24113070561172423,0.4704920960313327,0.013519579637571796,0.5314578814084256,0.24202008208751374,0.4525066394752132,0.013519579637571796,0.6110096717421095,0.013519579637571796,0.5573856763832652,0.5212324851168875,0.013519579637571796,0.013519579637571796,0.5589823777843699,0.513978616092064,0.013519579637571796,0.4565600459030745,0.013519579637571796,0.6106603893238352,0.013519579637571796,0.4566083584523349,0.24079067071623356,0.5434916399734774,0.5400579377371345,0.2388941658810888,0.4596209549612364,0.05180285419893382,0.013519579637571796,0.6049532572902202,0.013519579637571796,0.46844470206216143,0.6064586992506444,0.39366400193664985,0.36664468297105063,0.017816848679757483,0.5208238289984788,0.013519579637571796,0.5491362630434182,0.5234636005324388,0.013519579637571796,0.46042743031137845,0.24000991565070962,0.5543077080928829,0.45446000328498654,0.013519579637571796,0.2402598250441047,0.5588555754153679,0.5570075321643628,0.2392877298188608,0.4809625891085524,0.013519579637571796,0.013519579637571796,0.6236261821311624,0.4580337748587132,0.014638330574140759,0.6230487481899053,0.5408742778236174,0.013519579637571796,0.013519579637571796,0.5083945764104041,0.013519579637571796,0.4089156955072426,0.34072972128807,0.013519579637571796,0.013519579637571796,0.45651091765328394,0.2402033460814072,0.013519579637571796,0.013519579637571796,0.5424097584038731,0.01779740857984521,0.013519579637571796,0.6236100581608782,0.013519579637571796,0.013519579637571796,0.01690971343788359,0.476358136033934,0.013519579637571796,0.013519579637571796,0.23934950752046888,0.5532138695633171,0.013519579637571796,0.013519579637571796,0.013519579637571796,0.5433066491219802,0.013519579637571796,0.23907465850709292,0.44484868624696555,0.013519579637571796,0.013519579637571796,0.013519579637571796,0.5367361575520867,0.013519579637571796,0.24011063444400815,0.013519579637571796,0.49501040104899524,0.017816848679757483,0.013519579637571796,0.5384124310321348,0.013519579637571796,0.013519579637571796,0.24154590705105114,0.5452866253617598,0.013519579637571796,0.013519579637571796,0.013519579637571796,0.45077543777302603
0.4792926516287682,0.4792926516287682,0.4974383479794458,0.5087011679625176,0.7644174039727493,0.9222981112158619,0.4793386918149216,0.5358385666258814,0.723375156284257,0.4794781881751919,0.668697049236759,0.7495223790372323,0.4792926516287682,0.4792926516287682,0.6577089345108659,0.7518831830517251,0.4792926516287682,0.7161480090791178,0.5345527935344576,0.6627978532898786,0.4792926516287682,0.7036354523561144,0.5349384564362316,0.6511333958482327,0.4792926516287682,0.7591516350723826,0.4792926516287682,0.7215038100259318,0.6966624617570635,0.4792926516287682,0.4792926516287682,0.7226122732601934,0.6917435727908898,0.4792926516287682,0.6537449961509394,0.4792926516287682,0.7589040004879768,0.4792926516287682,0.6537761856389595,0.5344056346074421,0.7118967732940726,0.7095336534617627,0.5335878383518002,0.6557238943246018,0.4818242476960346,0.4792926516287682,0.7548615657985108,0.4792926516287682,0.6614602478545288,0.7559271800703934,0.614494743431813,0.5985807621662027,0.4794293520119807,0.6963847249147048,0.4792926516287682,0.7157912298161299,0.6981800960865404,0.4792926516287682,0.656246242313179,0.5340683537165035,0.7193695285556446,0.6523906594066431,0.4792926516287682,0.5341762201516105,0.7225242122914333,0.7212414237884064,0.5337571337037389,0.6696758882013016,0.4792926516287682,0.4792926516287682,0.7681133039689086,0.6546970518574917,0.47932463426406047,0.7677024662663479,0.710095055547257,0.4792926516287682,0.4792926516287682,0.6879734110308954,0.4792926516287682,0.6237459521620545,0.5839418894363243,0.4792926516287682,0.4792926516287682,0.6537132815491783,0.5341518349387436,0.4792926516287682,0.4792926516287682,0.7111517164745547,0.47942864929302964,0.4792926516287682,0.7681018311094349,0.4792926516287682,0.4792926516287682,0.4793973771407955,0.6666436229727604,0.4792926516287682,0.4792926516287682,0.5337837277107236,0.7186118608385804,0.4792926516287682,0.4792926516287682,0.4792926516287682,0.7117693442649182,0.4792926516287682,0.5336654520299905,0.6462278993996091,0.4792926516287682,0.4792926516287682,0.4792926516287682,0.7072519484050569,0.4792926516287682,0.5341118156710775,0.4792926516287682,0.6789979258508588,0.4794293520119807,0.4792926516287682,0.7084028222566979,0.4792926516287682,0.4792926516287682,0.5347327014075127,0.7131339075668697,0.4792926516287682,0.4792926516287682,0.4792926516287682,0.6500211399391801
0.5972560496926341,0.5972560496926341,0.6113138109666605,0.6201157087501165,0.8287073664540039,0.9554182497623096,0.5972915149077923,0.6415396512667065,0.7947462747517112,0.5973989768544921,0.7495223790372323,0.8163917115676397,0.5972560496926341,0.5972560496926341,0.7404620928758944,0.8183447369510285,0.5972560496926341,0.7887618064449532,0.6405181773636778,0.7446564542757662,0.5972560496926341,0.7784029513854979,0.6408245012902691,0.735047250345653,0.5972560496926341,0.8243554022268494,0.5972560496926341,0.7931966687423475,0.7726325841637476,0.5972560496926341,0.5972560496926341,0.7941145533820395,0.7685635459050589,0.5972560496926341,0.7371971800333295,0.5972560496926341,0.8241506841659203,0.5972560496926341,0.7372228614376207,0.6404013064890667,0.785241858163158,0.783285406167556,0.639751972924115,0.7388268551950516,0.5992077388437916,0.5972560496926341,0.8208081680507261,0.5972560496926341,0.7435536811824746,0.8216893952921599,0.7049985871817109,0.6920269413870341,0.5973613544792138,0.7724027967918065,0.5972560496926341,0.7884663873080073,0.7738882791317406,0.5972560496926341,0.7392571069598081,0.6401334742832706,0.7914293503906318,0.7360821444649438,0.5972560496926341,0.6402191256590396,0.7940416326761626,0.7929793952489987,0.6398863739234961,0.7503301318015706,0.5972560496926341,0.5972560496926341,0.8317603777841714,0.7379811596095275,0.597280686122911,0.8314210703920287,0.7837501839242055,0.5972560496926341,0.5972560496926341,0.7654457658221615,0.5972560496926341,0.7125635778304896,0.6801468510331384,0.5972560496926341,0.5972560496926341,0.7371710663822119,0.6401997621992321,0.5972560496926341,0.5972560496926341,0.7846250026491562,0.5973608131277421,0.5972560496926341,0.8317509026794863,0.5972560496926341,0.5972560496926341,0.5973367223458113,0.7478281879521668,0.5972560496926341,0.5972560496926341,0.6399074874600413,0.7908019619564668,0.5972560496926341,0.5972560496926341,0.5972560496926341,0.7851363548151569,0.5972560496926341,0.6398135879289042,0.7310114762823474,0.5972560496926341,0.5972560496926341,0.5972560496926341,0.7813965042937655,0.5972560496926341,0.6401679847471793,0.5972560496926341,0.7580275052201767,0.5973613544792138,0.5972560496926341,0.7823492319385276,0.5972560496926341,0.5972560496926341,0.6406610676243356,0.7862661475110542,0.5972560496926341,0.5972560496926341,0.5972560496926341,0.7341318965553837
0.0,0.0,0.13509177206286105,0.1730889515677516,0.6182918236335494,0.8408964152537145,0.006734135831203927,0.24371200246861466,0.5599255883932013,0.013519579637571796,0.4792926516287682,0.5972560496926341,0.0,0.0,0.46248952092510004,0.600599709475495,0.0,0.5494939945264897,0.2407520434150666,0.47030263040543496,0.0,0.5312928930604762,0.24164282306239016,0.45230890891662157,0.0,0.6108708939523612,0.0,0.5572298025428385,0.521063714808301,0.0,0.0,0.5588270448690279,0.513807091789092,0.0,0.4563642273317341,0.0,0.6105215064566322,0.0,0.45641256249108636,0.2404114693279363,0.5433309622690363,0.5398960448155039,0.23851192927518539,0.45942656070263416,0.05000757225529454,0.0,0.6048126472235306,0.0,0.46825432327495425,0.6063185466925373,0.3934345853612773,0.36639760001762456,0.011604355525308096,0.5206549051474147,0.0,0.5489775584235653,0.5232956652008527,0.0,0.4602334085830037,0.2396294704860495,0.554150785197783,0.454263197848317,0.0,0.23987977886877648,0.5587001996232176,0.5568515298920813,0.23890612700984448,0.4807776896095899,0.0,0.0,0.6234911536034159,0.4578386441160775,0.005612636559525366,0.622913549966071,0.5407126748575599,0.0,0.0,0.5082208896655417,0.0,0.40869528693085805,0.34046321088247217,0.0,0.0,0.4563150760858274,0.2398232098074471,0.0,0.0,0.5422486990528435,0.01157448584255556,0.0,0.6234750248970137,0.0,0.0,0.010156740497534327,0.47617124955244533,0.0,0.0,0.23896800401063545,0.5530565718292993,0.0,0.0,0.0,0.5431459062401057,0.0,0.2386927128243548,0.4446472601119071,0.0,0.0,0.0,0.5365730779331883,0.0,0.23973035017968233,0.0,0.49483137147182676,0.011604355525308096,0.0,0.5382499516370892,0.0,0.0,0.2411679011946371,0.5451265783724941,0.0,0.0,0.0,0.45057688143901226
0.0,0.0,0.13509177206286105,0.1730889515677516,0.6182918236335494,0.8408964152537145,0.006734135831203927,0.24371200246861466,0.5599255883932013,0.013519579637571796,0.4792926516287682,0.5972560496926341,0.0,0.0,0.46248952092510004,0.600599709475495,0.0,0.5494939945264897,0.2407520434150666,0.47030263040543496,0.0,0.5312928930604762,0.24164282306239016,0.45230890891662157,0.0,0.6108708939523612,0.0,0.5572298025428385,0.521063714808301,0.0,0.0,0.5588270448690279,0.513807091789092,0.0,0.4563642273317341,0.0,0.6105215064566322,0.0,0.45641256249108636,0.2404114693279363,0.5433309622690363,0.5398960448155039,0.23851192927518539,0.45942656070263416,0.05000757225529454,0.0,0.6048126472235306,0.0,0.46825432327495425,0.6063185466925373,0.3934345853612773,0.36639760001762456,0.011604355525308096,0.5206549051474147,0.0,0.5489775584235653,0.5232956652008527,0.0,0.4602334085830037,0.2396294704860495,0.554150785197783,0.454263197848317,0.0,0.23987977886877648,0.5587001996232176,0.5568515298920813,0.23890612700984448,0.4807776896095899,0.0,0.0,0.6234911536034159,0.4578386441160775,0.005612636559525366,0.622913549966071,0.5407126748575599,0.0,0.0,0.5082208896655417,0.0,0.40869528693085805,0.34046321088247217,0.0,0.0,0.4563150760858274,0.2398232098074471,0.0,0.0,0.5422486990528435,0.01157448584255556,0.0,0.6234750248970137,0.0,0.0,0.010156740497534327,0.47617124955244533,0.0,0.0,0.23896800401063545,0.5530565718292993,0.0,0.0,0.0,0.5431459062401057,0.0,0.2386927128243548,0.4446472601119071,0.0,0.0,0.0,0.5365730779331883,0.0,0.23973035017968233,0.0,0.49483137147182676,0.011604355525308096,0.0,0.5382499516370892,0.0,0.0,0.2411679011946371,0.5451265783724941,0.0,0.0,0.0,0.45057688143901226
0.46248952092510004,0.46248952092510004,0.4813401644951246,0.49301819967678245,0.7557031500033992,0.9175998209917887,0.4625374101600387,0.5210948443545846,0.7137038628110778,0.46268250695920243,0.6577089345108659,0.7404620928758944,0.46248952092510004,0.46248952092510004,0.6464459803123899,0.742877790143846,0.46248952092510004,0.706306351764678,0.5197663516387381,0.6516627183491511,0.46248952092510004,0.6934966767141166,0.5201648455756215,0.6397038370957305,0.46248952092510004,0.75031511066405,0.46248952092510004,0.7117884813270792,0.6863567118935819,0.46248952092510004,0.46248952092510004,0.7129230343858932,0.6813193532257347,0.46248952092510004,0.6423818085783499,0.46248952092510004,0.7500617251854352,0.46248952092510004,0.6424137890946012,0.5196142927694019,0.7019544982272099,0.6995353065278299,0.5187692264815376,0.6444108209177698,0.4651223158270566,0.46248952092510004,0.745925390795352,0.46248952092510004,0.65029160737769,0.7470157621529404,0.6021020384475899,0.585747868050711,0.4626317104785599,0.6860723014383272,0.46248952092510004,0.7059411404048231,0.6879107808452627,0.46248952092510004,0.6449463718817743,0.5192657732007404,0.7096039128138704,0.6409930863732456,0.46248952092510004,0.5193772351499054,0.7128329013988777,0.7115199166267646,0.518944172678755,0.6587120535787098,0.46248952092510004,0.46248952092510004,0.7594848665454152,0.6433579932916789,0.4625227880691566,0.7590644887903277,0.7001100390306015,0.46248952092510004,0.46248952092510004,0.6774579765905483,0.46248952092510004,0.6116025975072439,0.5706901067021842,0.46248952092510004,0.46248952092510004,0.6423492895915084,0.5193520372072568,0.46248952092510004,0.46248952092510004,0.7011917740560721,0.4626309795493459,0.46248952092510004,0.7594731272716657,0.46248952092510004,0.46248952092510004,0.4625984519181165,0.6556044684770278,0.46248952092510004,0.46248952092510004,0.5189716540925786,0.7088283760957195,0.46248952092510004,0.46248952092510004,0.46248952092510004,0.701824048230861,0.46248952092510004,0.518849431158512,0.6346729293904199,0.46248952092510004,0.46248952092510004,0.46248952092510004,0.697199359884281,0.46248952092510004,0.5193106840151791,0.46248952092510004,0.6682637839217546,0.4626317104785599,0.46248952092510004,0.6983776054855652,0.46248952092510004,0.46248952092510004,0.5199522469257242,0.7032209459201424,0.46248952092510004,0.46248952092510004,0.46248952092510004,0.6385632318789869
0.600599709475495,0.600599709475495,0.6145575976003447,0.6232983256687061,0.8305832263100197,0.9563303735420544,0.6006349191517684,0.6445772679985179,0.7968327118243311,0.6007416069132319,0.7518831830517251,0.8183447369510285,0.600599709475495,0.600599709475495,0.742877790143846,0.8202855970433112,0.600599709475495,0.790884771362125,0.6435625925954886,0.7470467264649526,0.600599709475495,0.780588901321758,0.6438668766240365,0.7374958147858084,0.600599709475495,0.8262586577476695,0.600599709475495,0.7952925759880187,0.7748535224843052,0.600599709475495,0.600599709475495,0.7962048521681357,0.7708091286110377,0.600599709475495,0.7396326880804784,0.600599709475495,0.8260552247709205,0.600599709475495,0.7396582135790154,0.6434465002543839,0.78738625588306,0.7854417021600174,0.6428014948101142,0.7412524723375861,0.6025373637918038,0.600599709475495,0.822733647100969,0.600599709475495,0.7459506356349367,0.823609361935257,0.7076310511368947,0.6947399676440302,0.6007042555602491,0.7746251273642648,0.600599709475495,0.7905911523943107,0.7761016080738484,0.600599709475495,0.741680113608047,0.6431804527454942,0.793536048028045,0.7385244228828035,0.600599709475495,0.6432655333029027,0.7961323771329433,0.7950766296419243,0.6429349996004461,0.7526860462512479,0.600599709475495,0.600599709475495,0.833616926783057,0.7404119088703234,0.60062416838996,0.8332797694949777,0.7859036542191435,0.600599709475495,0.600599709475495,0.7677102206410313,0.600599709475495,0.7151494349295213,0.6829345117833651,0.600599709475495,0.600599709475495,0.7396067329604944,0.6432462988829919,0.600599709475495,0.600599709475495,0.7867731528655798,0.6007037181086936,0.600599709475495,0.8336075117332522,0.600599709475495,0.600599709475495,0.6006798008820747,0.7501992492436568,0.600599709475495,0.600599709475495,0.6429559723654741,0.7929124875968645,0.600599709475495,0.600599709475495,0.600599709475495,0.787281394410709,0.600599709475495,0.6428626989319409,0.7334845769464251,0.600599709475495,0.600599709475495,0.600599709475495,0.783564278889092,0.600599709475495,0.6432147332073141,0.600599709475495,0.760336843502546,0.6007042555602491,0.600599709475495,0.7845112179784725,0.600599709475495,0.600599709475495,0.6437045311879874,0.7884043119701558,0.600599709475495,0.600599709475495,0.600599709475495,0.7365860228152147
0.0,0.0,0.13509177206286105,0.1730889515677516,0.6182918236335494,0.8408964152537145,0.006734135831203927,0.24371200246861466,0.5599255883932013,0.013519579637571796,0.4792926516287682,0.5972560496926341,0.0,0.0,0.46248952092510004,0.600599709475495,0.0,0.5494939945264897,0.2407520434150666,0.47030263040543496,0.0,0.5312928930604762,0.24164282306239016,0.45230890891662157,0.0,0.6108708939523612,0.0,0.5572298025428385,0.521063714808301,0.0,0.0,0.5588270448690279,0.513807091789092,0.0,0.4563642273317341,0.0,0.6105215064566322,0.0,0.45641256249108636,0.2404114693279363,0.5433309622690363,0.5398960448155039,0.23851192927518539,0.45942656070263416,0.05000757225529454,0.0,0.6048126472235306,0.0,0.46825432327495425,0.6063185466925373,0.3934345853612773,0.36639760001762456,0.011604355525308096,0.5206549051474147,0.0,0.5489775584235653,0.5232956652008527,0.0,0.4602334085830037,0.2396294704860495,0.554150785197783,0.454263197848317,0.0,0.23987977886877648,0.5587001996232176,0.5568515298920813,0.23890612700984448,0.4807776896095899,0.0,0.0,0.6234911536034159,0.4578386441160775,0.005612636559525366,0.622913549966071,0.5407126748575599,0.0,0.0,0.5082208896655417,0.0,0.40869528693085805,0.34046321088247217,0.0,0.0,0.4563150760858274,0.2398232098074471,0.0,0.0,0.5422486990528435,0.01157448584255556,0.0,0.6234750248970137,0.0,0.0,0.010156740497534327,0.47617124955244533,0.0,0.0,0.23896800401063545,0.5530565718292993,0.0,0.0,0.0,0.5431459062401057,0.0,0.2386927128243548,0.4446472601119071,0.0,0.0,0.0,0.5365730779331883,0.0,0.23973035017968233,0.0,0.49483137147182676,0.011604355525308096,0.0,0.5382499516370892,0.0,0.0,0.2411679011946371,0.5451265783724941,0.0,0.0,0.0,0.45057688143901226
0.5494939945264897,0.5494939945264897,0.5650587192178543,0.5747778217498141,0.8021541748221074,0.9421303106537277,0.5495333308229647,0.5983593199777578,0.7652476611951301,0.5496525201804625,0.7161480090791178,0.7887618064449532,0.5494939945264897,0.5494939945264897,0.706306351764678,0.790884771362125,0.5494939945264897,0.7587498454606664,0.5972371919260422,0.7108628879917767,0.5494939945264897,0.7475039980246974,0.5975737223441846,0.7004226324700553,0.5494939945264897,0.7974202809687011,0.5494939945264897,0.7635650381325482,0.7412398687234327,0.5494939945264897,0.5494939945264897,0.7645617047119802,0.7368225867759819,0.5494939945264897,0.7027589164032104,0.5494939945264897,0.7971976384369971,0.5494939945264897,0.7027868223005181,0.5971087914958707,0.7549283312813019,0.7528043506196123,0.5963953497571581,0.7045296818175734,0.5516581751836455,0.5494939945264897,0.7935629582614548,0.5494939945264897,0.7096649721096908,0.7945211234355811,0.6677353064709756,0.6535990630301941,0.5496107924242992,0.7409904179658522,0.5494939945264897,0.7584291076998584,0.7426030129243821,0.5494939945264897,0.7049971595102245,0.596814526728131,0.7616460971540279,0.7015472627555307,0.5494939945264897,0.5969086326723985,0.7644825243268748,0.7633291196203443,0.5965430270348214,0.717025259291324,0.5494939945264897,0.5494939945264897,0.80547619119808,0.7036107872651269,0.549521320098605,0.8051069408921986,0.7533089220198548,0.5494939945264897,0.5494939945264897,0.7334378685362775,0.5494939945264897,0.6759715610139314,0.640635019387386,0.5494939945264897,0.5494939945264897,0.7027305407814759,0.5968873579924929,0.5494939945264897,0.5494939945264897,0.754258649338946,0.5496101919971754,0.5494939945264897,0.8054658797823501,0.5494939945264897,0.5494939945264897,0.5495834721929234,0.7143079731073577,0.5494939945264897,0.5494939945264897,0.5965662258581791,0.7609649030732119,0.5494939945264897,0.5494939945264897,0.5494939945264897,0.7548137924045641,0.5494939945264897,0.5964630516126866,0.6960363116933225,0.5494939945264897,0.5494939945264897,0.5494939945264897,0.7507537493445859,0.5494939945264897,0.5968524438658531,0.5494939945264897,0.725383820269018,0.5496107924242992,0.5494939945264897,0.7517880303622186,0.5494939945264897,0.5494939945264897,0.5973941748841648,0.7560403521429582,0.5494939945264897,0.5494939945264897,0.5494939945264897,0.6994278566138461
