0.19111574889810826,0.21004899722674053,0.19631398283104207,0.43615928160309414,0.5517714457647963,0.8484719130568924,0.13637286676096583,0.27832454771023113,0.575062567522555,0.4976893308661667,0.2767097780386047,0.5519395579469352,0.13515051616367477,0.5433167634804479,0.13515051616367477,0.5555635093001267,0.13515051616367477,0.6239379041271195,0.13515051616367477,0.48887699828516057,0.5474271947681191,0.2767223358508839,0.47138209230379013,0.13515051616367477,0.6244234182778848,0.13515051616367477,0.5719028309968929,0.2745978025966059,0.47597477552785866,0.13515051616367477,0.574073390654761,0.2754965824773859,0.4677500758192414,0.47509663366800714,0.13515051616367477,0.6245567488108614,0.13515051616367477,0.4753044301861161,0.2757146868933191,0.5590192044733195,0.13515051616367477,0.6132977296915326,0.14400475521866757,0.4788119702921228,0.1356106681652649,0.6182630851886758,0.13515051616367477,0.4871537722521979,0.6203484299247342,0.13515051616367477,0.5624407530001786,0.13564766798408817,0.5371727076677432,0.5643649266414374,0.13515051616367477,0.5396998987234466,0.13515051616367477,0.13515051616367477,0.5407430880320591,0.13564511659667422,0.5694689468893751,0.4733509738279486,0.13515051616367477,0.6318355048655235,0.13515051616367477,0.5719233566954524,0.2742072055955592,0.4989373313939637,0.13515051616367477,0.6369676373126293,0.4767487218725084,0.13515051616367477,0.5778204005763095,0.2752309735304607,0.5559909548683153,0.13515051616367477,0.5250236390328048,0.13515051616367477,0.13515051616367477,0.5564981798739478,0.13515051616367477,0.13515051616367477,0.47569577094267446,0.2750712353422772,0.13515051616367477,0.13515051616367477,0.5583442289438509,0.13564511659667422,0.13515051616367477,0.13515051616367477,0.2751773166498999,0.5782508402158189,0.13515051616367477,0.13553153120023143,0.49495274464561756,0.13515051616367477,0.2745244092619912,0.13515051616367477,0.568142586641756,0.13515051616367477,0.13515051616367477,0.5588589436441143,0.13515051616367477,0.27421924181395524,0.13515051616367477,0.4640045160342004,0.13515051616367477,0.13515051616367477,0.5525853662082006,0.13515051616367477,0.13515051616367477,0.27531869631067446,0.5124500026684752,0.13564766798408817,0.13515051616367477,0.13552897762505525,0.5540058420495938,0.13515051616367477,0.2764063378038202,0.13515051616367477,0.5601434715469594,0.13515051616367477,0.13515051616367477,0.46974774795743457,0.13515051616367477
0.21004899722674053,0.22740576853125943,0.21478803142092456,0.44462578459194285,0.5582862637635133,0.8515631332030031,0.16185544805630592,0.29161782080062115,0.5812582897543384,0.5050268476166777,0.290078011870898,0.5584520062191506,0.16082706673440222,0.5499521034193495,0.16082706673440222,0.5620251201209514,0.16082706673440222,0.6295149496493586,0.16082706673440222,0.4963617613028468,0.5540036076447802,0.29008998364234256,0.47917231349806483,0.16082706673440222,0.629994605072268,0.16082706673440222,0.5781408043899164,0.288065292989857,0.48368303179214045,0.16082706673440222,0.5802823067008481,0.28892166303634226,0.47560605797363165,0.48282046100460846,0.16082706673440222,0.6301263275591695,0.16082706673440222,0.48302456863423054,0.28912951404785486,0.5654327689718648,0.16082706673440222,0.6190044462899761,0.1683348300623844,0.48647023864728905,0.16121388195417907,0.6239089805391282,0.16082706673440222,0.4946678280924343,0.6259689443549844,0.16082706673440222,0.5688071501411626,0.16124500162920694,0.543897343009058,0.5707049713536807,0.16082706673440222,0.5463876254640113,0.16082706673440222,0.16082706673440222,0.5474156529351276,0.16124285563780602,0.5757396783937614,0.4811058960905773,0.16082706673440222,0.6373178481729629,0.16082706673440222,0.578161054622805,0.2876932058130733,0.5062543311627977,0.16082706673440222,0.6423890994085953,0.48444329373943684,0.16082706673440222,0.5839794958479928,0.288668560788176,0.5624466001159896,0.16082706673440222,0.5319293573762218,0.16082706673440222,0.16082706673440222,0.5629467544377137,0.16082706673440222,0.16082706673440222,0.48340896934822336,0.28851635479361337,0.16082706673440222,0.16082706673440222,0.5647671454234041,0.16124285563780602,0.16082706673440222,0.16082706673440222,0.2886174331196766,0.5844042394960552,0.16082706673440222,0.1611473300501056,0.5023355382798772,0.16082706673440222,0.28799537398979425,0.16082706673440222,0.5744312491692927,0.16082706673440222,0.16082706673440222,0.5652747271831617,0.16082706673440222,0.2877046709337604,0.16082706673440222,0.47192920998409826,0.16082706673440222,0.16082706673440222,0.5590887205817213,0.16082706673440222,0.16082706673440222,0.2887521505387227,0.5195499124086964,0.16124500162920694,0.16082706673440222,0.1611451827562703,0.5604892467651654,0.16082706673440222,0.28978874719802117,0.16082706673440222,0.56654149370692,0.16082706673440222,0.16082706673440222,0.4775674561072888,0.16082706673440222
0.19631398283104207,0.21478803142092456,0.20137768917588478,0.43842114281595573,0.5535077283349098,0.8492949656939283,0.14357068576547774,0.2819108190857526,0.5767133287756775,0.499646608840363,0.2803169610806711,0.5536752050184284,0.14241017536261932,0.5450853746536556,0.14241017536261932,0.5572855245045545,0.14241017536261932,0.6254231349911646,0.14241017536261932,0.4908739112966227,0.5491799975336813,0.2803293553595727,0.47346131049805096,0.14241017536261932,0.6259070832848623,0.14241017536261932,0.5735649101373033,0.27823269360064296,0.47803189718291017,0.14241017536261932,0.5757276859660573,0.2791196319726924,0.4698470282495229,0.47715795241491377,0.14241017536261932,0.6260399840420523,0.14241017536261932,0.4773647545875545,0.2793348740544304,0.5607283386987635,0.14241017536261932,0.6148176254337329,0.15083853410163117,0.48085562001541293,0.14284692678467648,0.6197667197603562,0.14241017536261932,0.48915857324656475,0.6218452796322,0.14241017536261932,0.5641372441975709,0.14288205138710772,0.5389652812316869,0.5660543551598571,0.14241017536261932,0.5414825668418962,0.14241017536261932,0.14241017536261932,0.5425216874748254,0.14287962927817946,0.5711398022224962,0.4754206749282505,0.14241017536261932,0.6332954284293942,0.14241017536261932,0.5735853620406758,0.2778472660570954,0.5008890887404832,0.14241017536261932,0.638411295669529,0.4788021552248544,0.14241017536261932,0.5794613519362298,0.27885751469452696,0.557711370602924,0.14241017536261932,0.526864832657725,0.14241017536261932,0.14241017536261932,0.5582166998877058,0.14241017536261932,0.14241017536261932,0.47775422469069895,0.2786998795359577,0.14241017536261932,0.14241017536261932,0.560055870202397,0.14287962927817946,0.14241017536261932,0.14241017536261932,0.2788045639701612,0.5798902661224163,0.14241017536261932,0.14277180379754228,0.4969222072957863,0.14241017536261932,0.2781602705280994,0.14241017536261932,0.5698182463124701,0.14241017536261932,0.14241017536261932,0.5605686727309009,0.14241017536261932,0.2778591427672113,0.14241017536261932,0.46612000427872197,0.14241017536261932,0.14241017536261932,0.5543185745884327,0.14241017536261932,0.14241017536261932,0.2789440835622031,0.5143433762573439,0.14288205138710772,0.14241017536261932,0.14276937981671248,0.5557337008744393,0.14241017536261932,0.2800174767287322,0.14241017536261932,0.5618484394571682,0.14241017536261932,0.14241017536261932,0.47183491744422246,0.14241017536261932
0.43615928160309414,0.44462578459194285,0.43842114281595573,0.5825728307276979,0.6691301737192635,0.9046265995242619,0.4154492233945816,0.47992051314457745,0.6872483816635968,0.6278322050724959,0.47900819594385957,0.6692603118795802,0.41505551001498975,0.6625980816081438,0.41505551001498975,0.67206801695626,0.41505551001498975,0.7257551828014408,0.41505551001498975,0.6212244633626797,0.6657706362156623,0.4790152775984072,0.6082231436299669,0.41505551001498975,0.726140399379398,0.41505551001498975,0.6847804659119405,0.4778201811022084,0.6116205561941672,0.41505551001498975,0.6864754654872058,0.478325031808968,0.6055445565149585,0.6109700739193585,0.41505551001498975,0.7262461943865822,0.41505551001498975,0.611123961490696,0.47844770474365755,0.6747494805984906,0.41505551001498975,0.717324856404095,0.4179781880157876,0.6137250161667739,0.4152033529285107,0.7212560947728469,0.41505551001498975,0.6199368189177189,0.7229086458881437,0.41505551001498975,0.6774083161244253,0.41521526006547393,0.6578674403595909,0.6789052208820113,0.41505551001498975,0.6598115621572715,0.41505551001498975,0.41505551001498975,0.6606147647915772,0.41521443889524634,0.6828815199777672,0.6096782126410769,0.41505551001498975,0.7320267666848713,0.41505551001498975,0.6847964879243597,0.4776011161775376,0.6287710246709806,0.41505551001498975,0.7361082260246691,0.6121941981428135,0.41505551001498975,0.6894047890449836,0.4781757254133331,0.6723994795620649,0.41505551001498975,0.6485558126622007,0.41505551001498975,0.41505551001498975,0.6727928866350729,0.41505551001498975,0.41505551001498975,0.61141383912393,0.4780859772492084,0.41505551001498975,0.41505551001498975,0.6742254186318729,0.41521443889524634,0.41505551001498975,0.41505551001498975,0.4781455747504648,0.6897415574101495,0.41505551001498975,0.4151778950754073,0.6257761882153567,0.41505551001498975,0.47777900316066313,0.41505551001498975,0.6818474381252104,0.41505551001498975,0.41505551001498975,0.6746250379028491,0.41505551001498975,0.4776078636020588,0.41505551001498975,0.6027899545284546,0.41505551001498975,0.41505551001498975,0.6697603322109761,0.41505551001498975,0.41505551001498975,0.4782250265120704,0.6389821861055768,0.41521526006547393,0.41505551001498975,0.4151770738267615,0.6708606455958408,0.41505551001498975,0.47883714216081485,0.41505551001498975,0.6756227119773144,0.41505551001498975,0.41505551001498975,0.6070169225234926,0.41505551001498975
0.5517714457647963,0.5582862637635133,0.5535077283349098,0.6691301737192635,0.7415229700924933,0.9382430593342228,0.5360227216538597,0.5858727789711446,0.7568104502701881,0.7068192963798188,0.5851516605482867,0.7416326677008576,0.5357260364212341,0.7360191751888864,0.5357260364212341,0.7439997885349106,0.5357260364212341,0.7893665246062099,0.5357260364212341,0.70129087295926,0.7386917216432076,0.5851572565220382,0.6904371528565093,0.5357260364212341,0.7896924093635511,0.5357260364212341,0.7547264977279342,0.5842132260151657,0.6932701515850185,0.5357260364212341,0.756157737574921,0.5846119332868651,0.6882052409413696,0.6927275526434558,0.5357260364212341,0.7897819096853645,0.5357260364212341,0.6928559100584898,0.584708833236294,0.7462611978351348,0.5357260364212341,0.7822349620656608,0.5379309249941564,0.695026164024684,0.5358374321098436,0.7855604594143762,0.5357260364212341,0.7002144745959266,0.7869584391684024,0.5357260364212341,0.7485041857955873,0.5358464044627145,0.7320362461966687,0.7497672494845459,0.5357260364212341,0.7336727658199429,0.5357260364212341,0.5357260364212341,0.7343490158080932,0.5358457856854464,0.7531233080594972,0.6916502022024401,0.5357260364212341,0.7946721300819608,0.5357260364212341,0.7547400255355172,0.5840402573576334,0.7076053911583422,0.5357260364212341,0.7981247910859521,0.6937487248204867,0.5357260364212341,0.758631719166738,0.5844940052699535,0.7442792897243703,0.5357260364212341,0.7242045161509472,0.5357260364212341,0.5357260364212341,0.7446110385732694,0.5357260364212341,0.5357260364212341,0.6930977095727385,0.5844231238667926,0.5357260364212341,0.5357260364212341,0.7458191770411594,0.5358457856854464,0.5357260364212341,0.5357260364212341,0.5844701924109291,0.7589161776984886,0.5357260364212341,0.5358182492438083,0.705098280904437,0.5357260364212341,0.5841807110742707,0.5357260364212341,0.7522504016664776,0.5357260364212341,0.5357260364212341,0.7461562341430198,0.5357260364212341,0.5840455846216945,0.5357260364212341,0.6859115743938909,0.5357260364212341,0.5357260364212341,0.7420541669146306,0.5357260364212341,0.5357260364212341,0.584532944007,0.7161648654729524,0.5358464044627145,0.5357260364212341,0.5358176304281925,0.7429817808772079,0.5357260364212341,0.5850164999859331,0.5357260364212341,0.7469977828198193,0.5357260364212341,0.5357260364212341,0.6894318927227245,0.5357260364212341
0.8484719130568924,0.8515631332030031,0.8492949656939283,0.9046265995242619,0.9382430593342228,1.0,0.8410359496210399,0.8647279991852207,0.9450358003903083,0.9223670450439165,0.8643826398957504,0.9382922990761429,0.8408964152537145,0.9357640508954679,0.8408964152537145,0.93935315522426,0.8408964152537145,0.9589455381479363,0.8408964152537145,0.9197913321036841,0.936969880030085,0.8643853197307031,0.9147050821655895,0.8408964152537145,0.9590802467649535,0.8408964152537145,0.944118457397928,0.8639332811767308,0.9160361966422972,0.8408964152537145,0.9447487891159828,0.8641241867105309,0.9136547582310898,0.9157814349918045,0.8408964152537145,0.9591172252890486,0.8408964152537145,0.9158417094867299,0.8641705859450312,0.9403636028699855,0.8408964152537145,0.9559731259466084,0.8419339122704478,0.9168600689019551,0.8409488033469794,0.9573649269640364,0.8408964152537145,0.9192886002448909,0.9579470436441236,0.8408964152537145,0.9413628161854573,0.840953023072842,0.9339600100853688,0.941924144933168,0.8408964152537145,0.9347022519624413,0.8408964152537145,0.8408964152537145,0.9350085633358948,0.8409527320593045,0.9434108105940555,0.9152753359062064,0.8408964152537145,0.9611259717797463,0.8408964152537145,0.9441244214660217,0.8638504669072049,0.9227323977672195,0.8408964152537145,0.962529925021321,0.9162608231840681,0.8408964152537145,0.9458351393364365,0.8640677197565628,0.9394782046152769,0.8408964152537145,0.9303896591225922,0.8408964152537145,0.8408964152537145,0.9396265707461837,0.8408964152537145,0.8408964152537145,0.9159552410718846,0.8640337806077959,0.8408964152537145,0.8408964152537145,0.9401663348794559,0.8409527320593045,0.8408964152537145,0.8408964152537145,0.8640563177218541,0.9459597828560061,0.8408964152537145,0.8409397816510225,0.9215663810876557,0.8408964152537145,0.8639177133749397,0.8408964152537145,0.9430248153031321,0.8408964152537145,0.8408964152537145,0.9403167694682809,0.8408964152537145,0.863853017458956,0.8408964152537145,0.9125739282568365,0.8408964152537145,0.8408964152537145,0.938481433316188,0.8408964152537145,0.8408964152537145,0.864086364464311,0.9266952026841335,0.840953023072842,0.8408964152537145,0.840939490623738,0.9388973148010417,0.8408964152537145,0.8643179143109896,0.8408964152537145,0.9406920725812793,0.8408964152537145,0.8408964152537145,0.9142321878667324,0.8408964152537145
0.13637286676096583,0.16185544805630592,0.14357068576547774,0.4154492233945816,0.5360227216538597,0.8410359496210399,0.02576637877161403,0.2440742132905904,0.5601062551330077,0.479874901606001,0.24222896513112543,0.5361967358006022,0.018219581655676314,0.5272675220001162,0.018219581655676314,0.5399472381775112,0.018219581655676314,0.6105054478559944,0.018219581655676314,0.47068912333925855,0.5315249718613819,0.24224332787350153,0.4524156355733757,0.018219581655676314,0.6110053188131842,0.018219581655676314,0.5568418596765707,0.23981059078568812,0.45721776365668726,0.018219581655676314,0.5590844047763198,0.24084045841517676,0.44861529626192437,0.45629986305836767,0.018219581655676314,0.6111425896305036,0.018219581655676314,0.4565170799476471,0.24109021740866632,0.5435224262257612,0.018219581655676314,0.5995471730654972,0.05295401556159422,0.46018250173899455,0.021367390533842144,0.604661812997258,0.018219581655676314,0.46889146207034904,0.6068094117483323,0.018219581655676314,0.547061178489527,0.021601008890743165,0.520900363387801,0.5490507897832057,0.018219581655676314,0.5235198165561873,0.018219581655676314,0.018219581655676314,0.5246008874886239,0.021584978457218237,0.5543267770757685,0.454474764283813,0.018219581655676314,0.6186349555960977,0.018219581655676314,0.5568630679776762,0.23936269978559643,0.4811748432412848,0.018219581655676314,0.623915995336264,0.4580266398012457,0.018219581655676314,0.5629547520202163,0.2405362182298646,0.5403895261310199,0.018219581655676314,0.5082976639638538,0.018219581655676314,0.018219581655676314,0.5409143409113922,0.018219581655676314,0.018219581655676314,0.45692614146468347,0.24035320352679207,0.018219581655676314,0.018219581655676314,0.5428242003335937,0.021584978457218237,0.018219581655676314,0.018219581655676314,0.2404747463017565,0.5633992858463246,0.018219581655676314,0.02085915589119422,0.4770236108261903,0.018219581655676314,0.23972644698482673,0.018219581655676314,0.5529559503985506,0.018219581655676314,0.018219581655676314,0.543356648908107,0.018219581655676314,0.23937650447400427,0.018219581655676314,0.4446935873522974,0.018219581655676314,0.018219581655676314,0.5368651905952162,0.018219581655676314,0.018219581655676314,0.2406367097552852,0.4952357245319894,0.021601008890743165,0.018219581655676314,0.020842554892736183,0.538335333539459,0.018219581655676314,0.24188185125224962,0.018219581655676314,0.5446853248962719,0.018219581655676314,0.018219581655676314,0.4507058473891802,0.018219581655676314
0.27832454771023113,0.29161782080062115,0.2819108190857526,0.47992051314457745,0.5858727789711446,0.8647279991852207,0.2440742132905904,0.34390932257235723,0.607543971460187,0.5359162771025093,0.34260905037792605,0.5860289004963886,0.24339444263345175,0.5780271364723034,0.24339444263345175,0.5893954738013787,0.24339444263345175,0.6532490946195056,0.24339444263345175,0.5278342924053979,0.5818399833727698,0.34261915237286694,0.5118464143962848,0.24339444263345175,0.6537044099381859,0.24339444263345175,0.604599338202095,0.3409123494156521,0.5160357867744035,0.24339444263345175,0.6066219848671733,0.3416338540632198,0.5085374010810293,0.5152343239121604,0.24339444263345175,0.6538294512281777,0.24339444263345175,0.5154239572618218,0.3418090626525291,0.5926076698277013,0.24339444263345175,0.6432764781485918,0.24841197152447334,0.5186266254210535,0.24364984634234937,0.6479289196352849,0.24339444263345175,0.5262560606545754,0.6498835800097181,0.24339444263345175,0.595789936947424,0.24367040879718826,0.5723333111105302,0.5975803222180017,0.24339444263345175,0.5746745126559883,0.24339444263345175,0.24339444263345175,0.5756412556725402,0.24366899075295287,0.6023321007427512,0.513641703876534,0.24339444263345175,0.6606581590772614,0.24339444263345175,0.60461846208438,0.34059904907293703,0.537062314198133,0.24339444263345175,0.6654757871132915,0.5167423213582323,0.24339444263345175,0.610115185854527,0.3414205487331458,0.5897926990808708,0.24339444263345175,0.5610945938021927,0.24339444263345175,0.24339444263345175,0.5902641006645735,0.24339444263345175,0.24339444263345175,0.5157811226247753,0.3412923004557895,0.24339444263345175,0.24339444263345175,0.5919801093387026,0.24366899075295287,0.24339444263345175,0.24339444263345175,0.3413774665981104,0.6105165913974934,0.24339444263345175,0.24360587936919154,0.5334045326289756,0.24339444263345175,0.3408534683226712,0.24339444263345175,0.6010969118457606,0.24339444263345175,0.24339444263345175,0.5924586604868585,0.24339444263345175,0.3406087010829859,0.24339444263345175,0.5051287883814064,0.24339444263345175,0.24339444263345175,0.5866286886846017,0.24339444263345175,0.24339444263345175,0.34149098929681015,0.549493168312552,0.24367040879718826,0.24339444263345175,0.24360446094668997,0.5879481775588102,0.24339444263345175,0.34236499916576263,0.24339444263345175,0.5936531160178897,0.24339444263345175,0.24339444263345175,0.5103569669206706,0.24339444263345175
0.575062567522555,0.5812582897543384,0.5767133287756775,0.6872483816635968,0.7568104502701881,0.9450358003903083,0.5601062551330077,0.607543971460187,0.77151086385764,0.7234476334140677,0.606855899133832,0.7569159326490167,0.5598247984560742,0.751518251463292,0.5598247984560742,0.7591921109555124,0.5598247984560742,0.802812030964553,0.5598247984560742,0.7181349454470792,0.7540880221466328,0.6068612384801392,0.7077072527370297,0.5598247984560742,0.8031252690614996,0.5598247984560742,0.7695069285722316,0.6059605417381528,0.710428707803973,0.5598247984560742,0.7708832142265369,0.6063409370570949,0.7055634013958761,0.7099074529161392,0.5598247984560742,0.8032112957009218,0.5598247984560742,0.7100307603419067,0.6064333887932641,0.7613666635085544,0.5598247984560742,0.7959566554347258,0.5619167862638745,0.7121157068924906,0.5599304749653397,0.7991534942653954,0.5598247984560742,0.7171006447009373,0.8004973225501435,0.5598247984560742,0.7635235194804137,0.55993898673825,0.7476886125236044,0.7647380860117459,0.5598247984560742,0.7492621284033385,0.5598247984560742,0.5598247984560742,0.7499123518342218,0.559938399724487,0.7679652921363521,0.7088725093678226,0.5598247984560742,0.8079114206857027,0.5598247984560742,0.7695199369786997,0.6057955218550959,0.7242031145076301,0.5598247984560742,0.8112294884973624,0.7108884631529148,0.5598247984560742,0.7732621928933094,0.6062284237312774,0.759460875837043,0.5598247984560742,0.7401588452271254,0.5598247984560742,0.5598247984560742,0.7597798818758532,0.5598247984560742,0.5598247984560742,0.7102630480949176,0.6061607974871779,0.5598247984560742,0.5598247984560742,0.7609416183845509,0.559938399724487,0.5598247984560742,0.5598247984560742,0.6062057044022434,0.7735357267427833,0.5598247984560742,0.5599122768533464,0.7217936937327385,0.5598247984560742,0.6059295208079345,0.5598247984560742,0.7671258996983175,0.5598247984560742,0.5598247984560742,0.7612657308520577,0.5598247984560742,0.6058006042629978,0.5598247984560742,0.703360406978388,0.5598247984560742,0.5598247984560742,0.7573212360345843,0.5598247984560742,0.5598247984560742,0.6062655744442624,0.732430147052541,0.55993898673825,0.5598247984560742,0.559911689805484,0.7582132105636908,0.5598247984560742,0.6067269378230998,0.5598247984560742,0.7620749616334904,0.5598247984560742,0.5598247984560742,0.7067416349419455,0.5598247984560742
0.4976893308661667,0.5050268476166777,0.499646608840363,0.6278322050724959,0.7068192963798188,0.9223670450439165,0.479874901606001,0.5359162771025093,0.7234476334140677,0.6690205092522976,0.5351122221319541,0.7069386509956174,0.47953819115684215,0.7008301748942074,0.47953819115684215,0.7095140136853583,0.47953819115684215,0.7588441157036762,0.47953819115684215,0.6629895253672892,0.7037385913519724,0.5351184623576949,0.6511393764537159,0.47953819115684215,0.7591984596171928,0.47953819115684215,0.7211813988548953,0.5340656024915205,0.6542337838346697,0.47953819115684215,0.7227378420508029,0.5345103090753435,0.6487008242699114,0.6536411928499603,0.47953819115684215,0.7592957763211503,0.47953819115684215,0.6537813795817219,0.5346183805886142,0.7119741218638028,0.47953819115684215,0.751090249801283,0.4820395186525525,0.6561513462643415,0.47966462004070043,0.7547058295775729,0.47953819115684215,0.6618149033854295,0.7562258037062614,0.47953819115684215,0.7144139718125272,0.47967480297755843,0.6964949521858728,0.7157878021556627,0.47953819115684215,0.6982763400961759,0.47953819115684215,0.47953819115684215,0.69901240509,0.4796741007137653,0.7194378881669222,0.6524644764508507,0.47953819115684215,0.7646133866753119,0.47953819115684215,0.7211961103516615,0.5338726619605897,0.6698778117465346,0.47953819115684215,0.7683682340003093,0.6547564210243219,0.47953819115684215,0.7254281075122487,0.5343787810144657,0.7098180857910834,0.47953819115684215,0.6879674816254276,0.47953819115684215,0.47953819115684215,0.7101789939769902,0.47953819115684215,0.47953819115684215,0.6540454577895545,0.5342997230164496,0.47953819115684215,0.47953819115684215,0.7114932807736117,0.4796741007137653,0.47953819115684215,0.47953819115684215,0.5343522213836757,0.7257374240116714,0.47953819115684215,0.4796428488179067,0.6671433819009188,0.47953819115684215,0.5340293339569402,0.47953819115684215,0.7184885439756268,0.47953819115684215,0.47953819115684215,0.7118599405470534,0.47953819115684215,0.5338786044859347,0.47953819115684215,0.6461941421077997,0.47953819115684215,0.47953819115684215,0.7073972504831044,0.47953819115684215,0.47953819115684215,0.5344222108652625,0.6792088617379578,0.47967480297755843,0.47953819115684215,0.4796421465021087,0.7084064821995114,0.47953819115684215,0.5349614977231514,0.47953819115684215,0.7127753784315751,0.47953819115684215,0.47953819115684215,0.6500411219500368,0.47953819115684215
0.2767097780386047,0.290078011870898,0.2803169610806711,0.47900819594385957,0.5851516605482867,0.8643826398957504,0.24222896513112543,0.34260905037792605,0.606855899133832,0.5351122221319541,0.3413036855917091,0.585308025716678,0.24154396508066003,0.5772936619708123,0.24154396508066003,0.5886798322965908,0.24154396508066003,0.6526264187118682,0.24154396508066003,0.5270157477721208,0.581112541473535,0.3413138272954009,0.5109981620868419,0.24154396508066003,0.6530823613716021,0.24154396508066003,0.6039068629258905,0.339600283046,0.5151954593514544,0.24154396508066003,0.6059325367395236,0.3403246453248158,0.5076828154738022,0.5143924883355953,0.24154396508066003,0.6532075748736825,0.24154396508066003,0.5145824788646688,0.34050054609745467,0.5918969855335643,0.24154396508066003,0.6426399551538413,0.24659941880396083,0.5177911480004717,0.2418013370049127,0.6472988824651484,0.24154396508066003,0.5254346465448959,0.649256254134116,0.24154396508066003,0.5950841297726515,0.24182205774036733,0.5715907269158015,0.5968772444471143,0.24154396508066003,0.5739356891196744,0.24154396508066003,0.24154396508066003,0.5749039788991279,0.24182062878151828,0.6016362174778652,0.5127968602757867,0.24154396508066003,0.6600456416114833,0.24154396508066003,0.6039260154873738,0.33928573818857705,0.5362602868536434,0.24154396508066003,0.6648698202190917,0.5159033203755644,0.24154396508066003,0.6094309370628737,0.34011049637989377,0.5890776724840955,0.24154396508066003,0.5603336547226397,0.24154396508066003,0.24154396508066003,0.5895498031046053,0.24154396508066003,0.24154396508066003,0.5149403163909896,0.33998174039523255,0.24154396508066003,0.24154396508066003,0.5912684592925533,0.24182062878151828,0.24154396508066003,0.24154396508066003,0.34006724373304253,0.6098329377731286,0.24154396508066003,0.24175703150384756,0.5325960105812342,0.24154396508066003,0.33954116822979535,0.24154396508066003,0.6003991652426803,0.24154396508066003,0.24154396508066003,0.5917477470014721,0.24154396508066003,0.3392954285720592,0.24154396508066003,0.5042676090191941,0.24154396508066003,0.24154396508066003,0.585908749141048,0.24154396508066003,0.24154396508066003,0.3401812156459419,0.5487127243060803,0.24182205774036733,0.24154396508066003,0.2417556021580284,0.5872302910585245,0.24154396508066003,0.34105867438012555,0.24154396508066003,0.5929440376488195,0.24154396508066003,0.24154396508066003,0.5095058720416299,0.24154396508066003
0.5519395579469352,0.5584520062191506,0.5536752050184284,0.6692603118795802,0.7416326677008576,0.9382922990761429,0.5361967358006022,0.5860289004963886,0.7569159326490167,0.7069386509956174,0.585308025716678,0.7417423350164477,0.5359001642366339,0.7361303939449335,0.5359001642366339,0.7441088023873046,0.5359001642366339,0.7894630201845515,0.5359001642366339,0.70141178541673,0.7388022014267132,0.5853136197982095,0.6905611452171916,0.5359001642366339,0.7897888145280739,0.5359001642366339,0.7548325542085579,0.5843699088423974,0.6933933370975996,0.5359001642366339,0.7562633997598691,0.5847684810702363,0.688329870519326,0.6928508925222335,0.5359001642366339,0.7898782900162599,0.5359001642366339,0.6929792134132409,0.5848653482175525,0.7463695877525389,0.5359001642366339,0.782333432900467,0.5381042103200177,0.6951488504953246,0.5360115172351718,0.7856580099232523,0.5359001642366339,0.7003356911819452,0.7870556024104542,0.5359001642366339,0.7486119571468991,0.5360204861501608,0.7321485675763293,0.7498746726190492,0.5359001642366339,0.7337846339452208,0.5359001642366339,0.5359001642366339,0.7344606967226224,0.536019867609983,0.7532298062595325,0.6917738488154738,0.5359001642366339,0.7947671517376199,0.5359001642366339,0.7548460782891463,0.5841969988078649,0.707724524805924,0.5359001642366339,0.7982188511481314,0.6938717742467763,0.5359001642366339,0.7587366998561175,0.5846505929834142,0.744388226443585,0.5359001642366339,0.7243190111556567,0.5359001642366339,0.5359001642366339,0.7447198837472211,0.5359001642366339,0.5359001642366339,0.6932209441355416,0.584579735585598,0.5359001642366339,0.5359001642366339,0.7459276888902097,0.536019867609983,0.5359001642366339,0.5359001642366339,0.5846267881886429,0.7590210800326278,0.5359001642366339,0.5359923417196113,0.7052181197529265,0.5359001642366339,0.5843374049198068,0.5359001642366339,0.7523571404037666,0.5359001642366339,0.5359001642366339,0.7462646530136927,0.5359001642366339,0.5842023242660537,0.5359001642366339,0.6860368603036128,0.5359001642366339,0.5359001642366339,0.7421637178424688,0.5359001642366339,0.5359001642366339,0.5846895185347428,0.7162816010729375,0.5360204861501608,0.5359001642366339,0.5359917231411193,0.743091075710584,0.5359001642366339,0.5851729108646752,0.5359001642366339,0.7471059695743267,0.5359001642366339,0.5359001642366339,0.6895561719147055,0.5359001642366339
0.13515051616367477,0.16082706673440222,0.14241017536261932,0.41505551001498975,0.5357260364212341,0.8408964152537145,0.018219581655676314,0.24339444263345175,0.5598247984560742,0.47953819115684215,0.24154396508066003,0.5359001642366339,0.0,0.5269650439833616,0.0,0.5396531030202871,0.0,0.6102531007882654,0.0,0.4703451229674054,0.5312253290054891,0.24155836883248008,0.4520563799698429,0.0,0.6107532449637423,0.0,0.5565583954004619,0.23911861599928547,0.45686261951940965,0.0,0.5588023214664518,0.24015147085366467,0.4482527322556412,0.4559439388850151,0.0,0.61089059076371,0.0,0.45616134061335745,0.24040195047256727,0.5432305900237608,0.0,0.599288767579949,0.0497209790622195,0.4598298585213801,0.011162984909394337,0.6044062518724056,0.0,0.4685460065895656,0.6065550361668245,0.0,0.5467715957368514,0.011603897607685732,0.5205935784365775,0.5487624645587938,0.0,0.5232148133655679,0.0,0.0,0.5242966155925949,0.01157402909639597,0.5540417544541854,0.45411728096270404,0.0,0.6183870196061705,0.0,0.5565796167990761,0.23866941787476853,0.4808391453538012,0.0,0.6236708891992432,0.4576721807905917,0.0,0.5626750335851667,0.23984635083911596,0.540095676612828,0.0,0.5079821046222651,0.0,0.0,0.5406208298749102,0.0,0.0,0.4565707498018516,0.23966280581077096,0.0,0.0,0.5425319169302031,0.01157402909639597,0.0,0.0,0.23978470087212336,0.5631198375558674,0.0,0.01015633970179267,0.47668466310334096,0.0,0.23903422700383975,0.0,0.5526700740987389,0.0,0.0,0.5430647066062071,0.0,0.23868326292341546,0.0,0.4443275570907482,0.0,0.0,0.5365690551565638,0.0,0.0,0.2399471332196619,0.4949106937461399,0.011603897607685732,0.0,0.010122200646531606,0.5380401543938331,0.0,0.24119585862723703,0.0,0.5443942316147559,0.0,0.0,0.4503451093916596,0.0
0.5433167634804479,0.5499521034193495,0.5450853746536556,0.6625980816081438,0.7360191751888864,0.9357640508954679,0.5272675220001162,0.5780271364723034,0.751518251463292,0.7008301748942074,0.5772936619708123,0.7361303939449335,0.5269650439833616,0.7304389862885893,0.5269650439833616,0.7385303265175681,0.5269650439833616,0.7845249961070427,0.5269650439833616,0.6952233813714345,0.7331486472964679,0.5772993539092846,0.6842146530724184,0.5269650439833616,0.7848554120346231,0.5269650439833616,0.7494054884434073,0.5763391165721115,0.6870882684486983,0.5269650439833616,0.750856515730688,0.5767446730938395,0.6819506592021695,0.6865378992199597,0.5269650439833616,0.7849461569064735,0.5269650439833616,0.6866680951554214,0.5768432366879125,0.740823061638491,0.5269650439833616,0.7772944278922101,0.5292128630005136,0.6888693994389095,0.5270786152665121,0.7806660580189662,0.5269650439833616,0.6941316805934821,0.7820834483854707,0.5269650439833616,0.7430971027615556,0.5270877628214128,0.7264006700044486,0.7443776462297347,0.5269650439833616,0.7280599588705103,0.5269650439833616,0.5269650439833616,0.7287456128863855,0.5270871319615054,0.7477801299663477,0.6854451080959902,0.5269650439833616,0.7899044617262171,0.5269650439833616,0.7494192032931659,0.5761631745573671,0.7016273840511734,0.5269650439833616,0.7934053016675656,0.6875736916290555,0.5269650439833616,0.7533646948358359,0.5766247198993082,0.7388137004934289,0.5269650439833616,0.7184597233760227,0.5269650439833616,0.5269650439833616,0.7391500456834795,0.5269650439833616,0.5269650439833616,0.6869133574345027,0.5765526209810091,0.5269650439833616,0.5269650439833616,0.7403749192865863,0.5270871319615054,0.5269650439833616,0.5269650439833616,0.576600498034282,0.7536530850114491,0.5269650439833616,0.5270590578035237,0.6990848016338345,0.5269650439833616,0.5763060427865194,0.5269650439833616,0.7468951509569116,0.5269650439833616,0.5269650439833616,0.7407166443632267,0.5269650439833616,0.5761685934158994,0.5269650439833616,0.6796239441542088,0.5269650439833616,0.5269650439833616,0.7365577374843431,0.5269650439833616,0.5269650439833616,0.5766643273930047,0.7103074478038004,0.5270877628214128,0.5269650439833616,0.5270584269035203,0.7374982106515879,0.5269650439833616,0.5771561831746865,0.5269650439833616,0.7415698461159642,0.5269650439833616,0.5269650439833616,0.6831949523476224,0.5269650439833616
0.13515051616367477,0.16082706673440222,0.14241017536261932,0.41505551001498975,0.5357260364212341,0.8408964152537145,0.018219581655676314,0.24339444263345175,0.5598247984560742,0.47953819115684215,0.24154396508066003,0.5359001642366339,0.0,0.5269650439833616,0.0,0.5396531030202871,0.0,0.6102531007882654,0.0,0.4703451229674054,0.5312253290054891,0.24155836883248008,0.4520563799698429,0.0,0.6107532449637423,0.0,0.5565583954004619,0.23911861599928547,0.45686261951940965,0.0,0.5588023214664518,0.24015147085366467,0.4482527322556412,0.4559439388850151,0.0,0.61089059076371,0.0,0.45616134061335745,0.24040195047256727,0.5432305900237608,0.0,0.599288767579949,0.0497209790622195,0.4598298585213801,0.011162984909394337,0.6044062518724056,0.0,0.4685460065895656,0.6065550361668245,0.0,0.5467715957368514,0.011603897607685732,0.5205935784365775,0.5487624645587938,0.0,0.5232148133655679,0.0,0.0,0.5242966155925949,0.01157402909639597,0.5540417544541854,0.45411728096270404,0.0,0.6183870196061705,0.0,0.5565796167990761,0.23866941787476853,0.4808391453538012,0.0,0.6236708891992432,0.4576721807905917,0.0,0.5626750335851667,0.23984635083911596,0.540095676612828,0.0,0.5079821046222651,0.0,0.0,0.5406208298749102,0.0,0.0,0.4565707498018516,0.23966280581077096,0.0,0.0,0.5425319169302031,0.01157402909639597,0.0,0.0,0.23978470087212336,0.5631198375558674,0.0,0.01015633970179267,0.47668466310334096,0.0,0.23903422700383975,0.0,0.5526700740987389,0.0,0.0,0.5430647066062071,0.0,0.23868326292341546,0.0,0.4443275570907482,0.0,0.0,0.5365690551565638,0.0,0.0,0.2399471332196619,0.4949106937461399,0.011603897607685732,0.0,0.010122200646531606,0.5380401543938331,0.0,0.24119585862723703,0.0,0.5443942316147559,0.0,0.0,0.4503451093916596,0.0
0.5555635093001267,0.5620251201209514,0.5572855245045545,0.67206801695626,0.7439997885349106,0.93935315522426,0.5399472381775112,0.5893954738013787,0.7591921109555124,0.7095140136853583,0.5886798322965908,0.7441088023873046,0.5396531030202871,0.7385303265175681,0.5396531030202871,0.7464611731770356,0.5396531030202871,0.7915452261158257,0.5396531030202871,0.7040207264216474,0.7411861945282603,0.5886853857351826,0.6932364589570637,0.5396531030202871,0.791869068408017,0.5396531030202871,0.757121120173287,0.5877485382866896,0.6960512646963175,0.5396531030202871,0.7585434578773919,0.588144209992135,0.6910189143187313,0.6955121465292909,0.5396531030202871,0.7919580077317023,0.5396531030202871,0.6956396803747649,0.5882403725968645,0.7487084983382402,0.5396531030202871,0.7844582823691997,0.5418390901263725,0.6977960240378539,0.5397635409915551,0.7877629912306442,0.5396531030202871,0.7029511869924477,0.7891522230037984,0.5396531030202871,0.7509375227702597,0.539772436218106,0.7345722818931814,0.7521927255500415,0.5396531030202871,0.7361985725574121,0.5396531030202871,0.5396531030202871,0.7368705975137114,0.5397718227597837,0.7555279030780774,0.6944417124534902,0.5396531030202871,0.7968175341153474,0.5396531030202871,0.7571345638363551,0.5875768873652124,0.7102951243195899,0.5396531030202871,0.8002484702445981,0.6965267693116541,0.5396531030202871,0.7610020525860346,0.5880271795432086,0.7467389332646098,0.5396531030202871,0.7267896012213138,0.5396531030202871,0.5396531030202871,0.7470686156806166,0.5396531030202871,0.5396531030202871,0.6958799287130053,0.5879568377420316,0.5396531030202871,0.5396531030202871,0.7482692299644665,0.5397718227597837,0.5396531030202871,0.5396531030202871,0.5880035479559278,0.761284741961269,0.5396531030202871,0.5397445230278385,0.7078039202336406,0.5396531030202871,0.5877162710174183,0.5396531030202871,0.7546604271050711,0.5396531030202871,0.5396531030202871,0.7486041882238728,0.5396531030202871,0.5875821740367457,0.5396531030202871,0.688740045240781,0.5396531030202871,0.5396531030202871,0.7445276745317136,0.5396531030202871,0.5396531030202871,0.5880658218856948,0.7188005030448814,0.539772436218106,0.5396531030202871,0.5397439095319148,0.7454495079337236,0.5396531030202871,0.588545699253389,0.5396531030202871,0.7494404971816304,0.5396531030202871,0.5396531030202871,0.6922376660730752,0.5396531030202871
0.13515051616367477,0.16082706673440222,0.14241017536261932,0.41505551001498975,0.5357260364212341,0.8408964152537145,0.018219581655676314,0.24339444263345175,0.5598247984560742,0.47953819115684215,0.24154396508066003,0.5359001642366339,0.0,0.5269650439833616,0.0,0.5396531030202871,0.0,0.6102531007882654,0.0,0.4703451229674054,0.5312253290054891,0.24155836883248008,0.4520563799698429,0.0,0.6107532449637423,0.0,0.5565583954004619,0.23911861599928547,0.45686261951940965,0.0,0.5588023214664518,0.24015147085366467,0.4482527322556412,0.4559439388850151,0.0,0.61089059076371,0.0,0.45616134061335745,0.24040195047256727,0.5432305900237608,0.0,0.599288767579949,0.0497209790622195,0.4598298585213801,0.011162984909394337,0.6044062518724056,0.0,0.4685460065895656,0.6065550361668245,0.0,0.5467715957368514,0.011603897607685732,0.5205935784365775,0.5487624645587938,0.0,0.5232148133655679,0.0,0.0,0.5242966155925949,0.01157402909639597,0.5540417544541854,0.45411728096270404,0.0,0.6183870196061705,0.0,0.5565796167990761,0.23866941787476853,0.4808391453538012,0.0,0.6236708891992432,0.4576721807905917,0.0,0.5626750335851667,0.23984635083911596,0.540095676612828,0.0,0.5079821046222651,0.0,0.0,0.5406208298749102,0.0,0.0,0.4565707498018516,0.23966280581077096,0.0,0.0,0.5425319169302031,0.01157402909639597,0.0,0.0,0.23978470087212336,0.5631198375558674,0.0,0.01015633970179267,0.47668466310334096,0.0,0.23903422700383975,0.0,0.5526700740987389,0.0,0.0,0.5430647066062071,0.0,0.23868326292341546,0.0,0.4443275570907482,0.0,0.0,0.5365690551565638,0.0,0.0,0.2399471332196619,0.4949106937461399,0.011603897607685732,0.0,0.010122200646531606,0.5380401543938331,0.0,0.24119585862723703,0.0,0.5443942316147559,0.0,0.0,0.4503451093916596,0.0
