0.0,0.0,0.17233749665715947,0.10034370902159635,0.6481581481947832,0.8408964152537145,0.014582979937810017,0.220904099787559,0.5042334725235594,0.0,0.48978560867077914,0.4828812159680452,0.00919825958389104,0.4183380220635869,0.21857269222930492,0.48650119384254603,0.0,0.5468184994384603,0.0,0.42563275244628596,0.0,0.5323127937518287,0.409453321090758,0.0,0.0,0.547156501106078,0.5013457504955783,0.0,0.47021630990028396,0.0,0.503520429655211,0.4639049079925994,0.010838787910383849,0.0,0.4128428814023368,0.5472078179969471,0.0,0.0,0.4704593898032643,0.49025509336503853,0.0,0.48665868128020384,0.47185875419889506,0.0,0.04472787206138784,0.4905979954315255,0.47947513592104224,0.0,0.491956361220331,0.21826607120465477,0.0,0.49270122084522383,0.46980846936858706,0.011978754556418943,0.4946091701038282,0.4724606319261686,0.0,0.0,0.4165293519247416,0.5499994058560779,0.0,0.0,0.4111393247770717,0.5541746926099187,0.0,0.5011227514710475,0.21699963348198367,0.4350310959271011,0.0,0.5580030969984685,0.0,0.4142511743356374,0.0,0.5570445316505962,0.48718105878780954,0.0,0.4588702384246143,0.0,0.0,0.4879559626647986,0.0,0.0,0.0,0.470135483632694,0.0,0.0,0.48877082579797154,0.0,0.0,0.0,0.5571599201367305,0.0,0.0,0.0,0.4310383583938887,0.0,0.0,0.5501021743389878,0.0,0.0,0.009229282462246666,0.4898166599784374,0.0,0.0,0.2167715345748091,0.40255744614097366,0.0,0.0,0.0,0.48353131894910845,0.0,0.21802152057349014,0.0,0.44720582269899806,0.0,0.0,0.48570009390479807,0.0,0.2190184069215095,0.0,0.4908710628578661,0.010544709205457364,0.00919825958389104,0.40796534214384755,0.21780237858074525
0.0,0.0,0.17233749665715947,0.10034370902159635,0.6481581481947832,0.8408964152537145,0.014582979937810017,0.220904099787559,0.5042334725235594,0.0,0.48978560867077914,0.4828812159680452,0.00919825958389104,0.4183380220635869,0.21857269222930492,0.48650119384254603,0.0,0.5468184994384603,0.0,0.42563275244628596,0.0,0.5323127937518287,0.409453321090758,0.0,0.0,0.547156501106078,0.5013457504955783,0.0,0.47021630990028396,0.0,0.503520429655211,0.4639049079925994,0.010838787910383849,0.0,0.4128428814023368,0.5472078179969471,0.0,0.0,0.4704593898032643,0.49025509336503853,0.0,0.48665868128020384,0.47185875419889506,0.0,0.04472787206138784,0.4905979954315255,0.47947513592104224,0.0,0.491956361220331,0.21826607120465477,0.0,0.49270122084522383,0.46980846936858706,0.011978754556418943,0.4946091701038282,0.4724606319261686,0.0,0.0,0.4165293519247416,0.5499994058560779,0.0,0.0,0.4111393247770717,0.5541746926099187,0.0,0.5011227514710475,0.21699963348198367,0.4350310959271011,0.0,0.5580030969984685,0.0,0.4142511743356374,0.0,0.5570445316505962,0.48718105878780954,0.0,0.4588702384246143,0.0,0.0,0.4879559626647986,0.0,0.0,0.0,0.470135483632694,0.0,0.0,0.48877082579797154,0.0,0.0,0.0,0.5571599201367305,0.0,0.0,0.0,0.4310383583938887,0.0,0.0,0.5501021743389878,0.0,0.0,0.009229282462246666,0.4898166599784374,0.0,0.0,0.2167715345748091,0.40255744614097366,0.0,0.0,0.0,0.48353131894910845,0.0,0.21802152057349014,0.0,0.44720582269899806,0.0,0.0,0.48570009390479807,0.0,0.2190184069215095,0.0,0.4908710628578661,0.010544709205457364,0.00919825958389104,0.40796534214384755,0.21780237858074525
0.17233749665715947,0.17233749665715947,0.24366826032966124,0.19940693383077326,0.6684877076603291,0.8531096435063112,0.17295311957363554,0.28007485230879636,0.5318490776459844,0.17233749665715947,0.5182828229539179,0.5118133737655071,0.17258268540783472,0.4518532431079637,0.27824314275575257,0.5152041678050604,0.17233749665715947,0.5720314556395555,0.17233749665715947,0.4585761491195962,0.17233749665715947,0.5583142872440895,0.4436867201321239,0.17233749665715947,0.17233749665715947,0.5723514173614523,0.5291345988262738,0.17233749665715947,0.49997098146329993,0.17233749665715947,0.5311786787139191,0.49408208926506997,0.1726778504805119,0.17233749665715947,0.4467993962391987,0.5723999966346521,0.17233749665715947,0.17233749665715947,0.5001979610942211,0.518723062382618,0.17233749665715947,0.5153517421432207,0.5015048837784192,0.17233749665715947,0.17804452618339206,0.5190446304135568,0.5086252876002714,0.17233749665715947,0.5203186995485473,0.27800279069343575,0.17233749665715947,0.5210174804957055,0.49959018240230046,0.17275311779665256,0.5228078653622719,0.502067129085124,0.17233749665715947,0.17233749665715947,0.45018880027030317,0.5750431679018964,0.17233749665715947,0.17233749665715947,0.4452345448821558,0.5789983021311264,0.17233749665715947,0.5289250383014502,0.2770114333709642,0.4672601552892948,0.17233749665715947,0.5826267243887298,0.17233749665715947,0.44809370946799737,0.17233749665715947,0.5817180649725727,0.5158412724668722,0.17233749665715947,0.489390801177402,0.17233749665715947,0.17233749665715947,0.5165675463175933,0.17233749665715947,0.17233749665715947,0.17233749665715947,0.4998955114770003,0.17233749665715947,0.17233749665715947,0.5173313949507815,0.17233749665715947,0.17233749665715947,0.17233749665715947,0.5818274401367313,0.17233749665715947,0.17233749665715947,0.17233749665715947,0.4635678992594658,0.17233749665715947,0.17233749665715947,0.5751404915104155,0.17233749665715947,0.17233749665715947,0.17258434090173236,0.5183119387270009,0.17233749665715947,0.17233749665715947,0.27683311492903406,0.43736557666395953,0.17233749665715947,0.17233749665715947,0.17233749665715947,0.5124221300922459,0.17233749665715947,0.2778111863506672,0.17233749665715947,0.4785446791517807,0.17233749665715947,0.17233749665715947,0.5144535672194389,0.17233749665715947,0.27859275583616333,0.17233749665715947,0.5193007243734861,0.1726596490528245,0.17258268540783472,0.44232144509213633,0.27763955936791895
0.10034370902159635,0.10034370902159635,0.19940693383077326,0.1419038373476669,0.6551525883068452,0.845098038982315,0.10139779206702448,0.2425963970670922,0.513786419587553,0.10034370902159635,0.4996525112905506,0.4929033983093527,0.1007643964638504,0.43001313803731733,0.2404765332098496,0.4964415225145389,0.10034370902159635,0.5555209462290157,0.10034370902159635,0.43709988251224147,0.10034370902159635,0.541293570380573,0.42139040230888397,0.10034370902159635,0.10034370902159635,0.5558525891937128,0.5109603100615263,0.10034370902159635,0.4805328597625333,0.10034370902159635,0.5130885389843945,0.4743730426499224,0.10092736615381777,0.10034370902159635,0.42467886577845537,0.5559029411659276,0.10034370902159635,0.10034370902159635,0.48077016839726544,0.5001115644164781,0.10034370902159635,0.49659547109557767,0.48213640349168024,0.10034370902159635,0.10986046111245797,0.5004468575280048,0.48957524303536687,0.10034370902159635,0.5017751643071922,0.240198023054665,0.10034370902159635,0.5025035970058169,0.48013471329002444,0.10105613847523388,0.5043696479195446,0.48272408145947177,0.10034370902159635,0.10034370902159635,0.42825700954147666,0.5586422306051263,0.10034370902159635,0.10034370902159635,0.4230259379572807,0.5627399893735541,0.10034370902159635,0.5107420919947364,0.23904841454953588,0.4462391306935148,0.10034370902159635,0.5664980186532003,0.10034370902159635,0.4260455784923982,0.10034370902159635,0.5655570111396212,0.49710612352190897,0.10034370902159635,0.4694617591113162,0.10034370902159635,0.10034370902159635,0.49786367122044806,0.10034370902159635,0.10034370902159635,0.10034370902159635,0.480453953577826,0.10034370902159635,0.10034370902159635,0.4986603306377614,0.10034370902159635,0.10034370902159635,0.10034370902159635,0.5656702838722063,0.10034370902159635,0.10034370902159635,0.10034370902159635,0.4423552827138487,0.10034370902159635,0.10034370902159635,0.5587430809475837,0.10034370902159635,0.10034370902159635,0.10076723297182916,0.4996828721713442,0.10034370902159635,0.10034370902159635,0.23884148236714667,0.4147047790622029,0.10034370902159635,0.10034370902159635,0.10034370902159635,0.493538728841658,0.10034370902159635,0.23997594142328127,0.10034370902159635,0.4580920777570608,0.10034370902159635,0.10034370902159635,0.4956584523354451,0.10034370902159635,0.2408815057237967,0.10034370902159635,0.5007138716748357,0.10089620970953864,0.1007643964638504,0.41994726568406704,0.23977697074957338
0.6481581481947832,0.6481581481947832,0.6684877076603291,0.6551525883068452,0.8731985313810225,0.9688873462758167,0.6483069966596463,0.6810961359628783,0.7981415137028318,0.6481581481947832,0.7909081137380763,0.7874821729543825,0.6482173733249658,0.7565973274125961,0.6804285106905683,0.7892758182477241,0.6481581481947832,0.8198981972739696,0.6481581481947832,0.7599725826161569,0.6481581481947832,0.8124220278550414,0.7525308333792897,0.6481581481947832,0.6481581481947832,0.8200731049359732,0.7966890700064274,0.6481581481947832,0.7812534397492064,0.6481581481947832,0.7977825719236135,0.778177671455516,0.6482403810034916,0.6481581481947832,0.7540763581260501,0.8200996628429036,0.6481581481947832,0.6481581481947832,0.7813722857965142,0.7911418154819623,0.6481581481947832,0.7893539807602847,0.7820570063683894,0.6481581481947832,0.6495564796987588,0.7913125654325529,0.7857998110235922,0.6481581481947832,0.7919894578585741,0.6803411608459468,0.6481581481947832,0.792360959954647,0.7810541027144419,0.6482585862528493,0.7933136096043517,0.7823517953895748,0.6481581481947832,0.6481581481947832,0.7557654976363042,0.8215454317560245,0.6481581481947832,0.6481581481947832,0.7532986804787736,0.8237115557164976,0.6481581481947832,0.7965770431633736,0.6799815020528153,0.7643678806788888,0.6481581481947832,0.825701495896455,0.6481581481947832,0.7547206316322603,0.6481581481947832,0.8252029198060578,0.7896133184966939,0.6481581481947832,0.7757381885158464,0.6481581481947832,0.6481581481947832,0.7899982413678399,0.6481581481947832,0.6481581481947832,0.6481581481947832,0.7812139286101176,0.6481581481947832,0.6481581481947832,0.79040329154761,0.6481581481947832,0.6481581481947832,0.6481581481947832,0.8252629249864171,0.6481581481947832,0.6481581481947832,0.6481581481947832,0.7624943049693905,0.6481581481947832,0.6481581481947832,0.8215986945183575,0.6481581481947832,0.6481581481947832,0.648217773468473,0.7909235676814238,0.6481581481947832,0.6481581481947832,0.6799169159926525,0.7494093775960977,0.6481581481947832,0.6481581481947832,0.6481581481947832,0.787803865261008,0.6481581481947832,0.6802715694417927,0.6481581481947832,0.7701364027681427,0.6481581481947832,0.6481581481947832,0.788878391337755,0.6481581481947832,0.6805556740733456,0.6481581481947832,0.7914485763572244,0.6482359796247893,0.6482173733249658,0.7518546839264734,0.6802092657824749
0.8408964152537145,0.8408964152537145,0.8531096435063112,0.845098038982315,0.9688873462758167,1.0,0.8409858148989018,0.8606800780752878,0.9293292417095068,0.8408964152537145,0.9252497674388611,0.9233062679093234,0.8409319862698136,0.9055068185390742,0.8602794429086654,0.924324661212133,0.8408964152537145,0.9413760447632041,0.8408964152537145,0.907473453349729,0.8408964152537145,0.937277582959749,0.9031314632235538,0.8408964152537145,0.8408964152537145,0.9414713681342401,0.9285128025983452,0.8408964152537145,0.9197553219908393,0.8408964152537145,0.9291276054741358,0.9179939688357608,0.8409458048728099,0.8408964152537145,0.9040349952764827,0.9414858396812814,0.8408964152537145,0.8408964152537145,0.9198232777518235,0.925382085649668,0.8408964152537145,0.9243689966327321,0.9202146484428204,0.8408964152537145,0.8417362957763941,0.9254787403771242,0.9223493419669102,0.8408964152537145,0.9258617254187133,0.8602270228430718,0.8408964152537145,0.9260718003700675,0.9196413245200897,0.8409567391106648,0.9266101058262602,0.9203830639687901,0.8408964152537145,0.8408964152537145,0.905021442862125,0.9422727202946394,0.8408964152537145,0.8408964152537145,0.9035804684465555,0.9434482089694597,0.8408964152537145,0.9284497729543854,0.8600111802157283,0.910027329871958,0.8408964152537145,0.9445243532092014,0.8408964152537145,0.9044113770906667,0.8408964152537145,0.9442550678178061,0.9245160721552538,0.8408964152537145,0.9165934565481065,0.8408964152537145,0.8408964152537145,0.9247342947554085,0.8408964152537145,0.8408964152537145,0.8408964152537145,0.9197327279556077,0.8408964152537145,0.8408964152537145,0.9249638312240048,0.8408964152537145,0.8408964152537145,0.8408964152537145,0.9442874892833545,0.8408964152537145,0.8408964152537145,0.8408964152537145,0.9089397016815968,0.8408964152537145,0.8408964152537145,0.9423016743530859,0.8408964152537145,0.8408964152537145,0.8409322265991647,0.925258518248557,0.8408964152537145,0.8408964152537145,0.8599724191432889,0.9013039227999031,0.8408964152537145,0.8408964152537145,0.8408964152537145,0.9234890580507429,0.8408964152537145,0.8601852595300342,0.8408964152537145,0.9133661734452488,0.8408964152537145,0.8408964152537145,0.9240991756979814,0.8408964152537145,0.8603557547812904,0.8408964152537145,0.9255557179062015,0.8409431613666697,0.8409319862698136,0.9027358965874479,0.8601478694683125
0.014582979937810017,0.014582979937810017,0.17295311957363554,0.10139779206702448,0.6483069966596463,0.8409858148989018,0.020623447775295647,0.22138434936629775,0.5044373735768657,0.014582979937810017,0.4899963169158382,0.4830952956658473,0.017241556793770246,0.4185881962852876,0.21905807719996404,0.48671349593251256,0.014582979937810017,0.5470040205412291,0.014582979937810017,0.4258783631871626,0.014582979937810017,0.5325043203411708,0.40970925261544183,0.014582979937810017,0.014582979937810017,0.5473418851116317,0.5015509864493111,0.014582979937810017,0.4704367896578801,0.014582979937810017,0.503724659171055,0.4641286880074401,0.018169827272393836,0.014582979937810017,0.4130965898245694,0.5473931811987114,0.014582979937810017,0.014582979937810017,0.47067974397218326,0.49046557523063805,0.014582979937810017,0.4868709065368727,0.47207838752732173,0.014582979937810017,0.0470451418559832,0.4908083121811249,0.4796909087191051,0.014582979937810017,0.49216602575563667,0.21875213964852197,0.014582979937810017,0.4929105290014495,0.47002916008890844,0.018872039086840733,0.49481756943977023,0.47267995633580445,0.014582979937810017,0.014582979937810017,0.4167806800220454,0.5501836416535065,0.014582979937810017,0.014582979937810017,0.41139414631874555,0.5543572576912991,0.014582979937810017,0.5013280910292184,0.21748854513317253,0.43527103086672875,0.014582979937810017,0.558184146087234,0.014582979937810017,0.414503968877598,0.014582979937810017,0.5572259589118463,0.4873930294889476,0.014582979937810017,0.45909670708395073,0.014582979937810017,0.014582979937810017,0.4881675565901038,0.014582979937810017,0.014582979937810017,0.014582979937810017,0.4703560051742467,0.014582979937810017,0.014582979937810017,0.48898202459064405,0.014582979937810017,0.014582979937810017,0.014582979937810017,0.557341301825646,0.014582979937810017,0.014582979937810017,0.014582979937810017,0.4312806774783161,0.014582979937810017,0.014582979937810017,0.5502863687926565,0.014582979937810017,0.014582979937810017,0.017258127253465545,0.4900273532398451,0.014582979937810017,0.014582979937810017,0.21726096181288435,0.4028180062122577,0.014582979937810017,0.014582979937810017,0.014582979937810017,0.48374507777040776,0.014582979937810017,0.21850813549670922,0.014582979937810017,0.4474387223608552,0.014582979937810017,0.014582979937810017,0.4859127874701619,0.014582979937810017,0.21950280175047673,0.014582979937810017,0.49108124825529054,0.017995949331567344,0.017241556793770246,0.40822226025571784,0.2182894842364722
0.220904099787559,0.220904099787559,0.28007485230879636,0.2425963970670922,0.6810961359628783,0.8606800780752878,0.22138434936629775,0.31221942431794836,0.548765431013116,0.220904099787559,0.5357031384797952,0.5294808393699546,0.22109529237196615,0.47206326727369086,0.31058011392528606,0.5327415260096657,0.220904099787559,0.5875545230696941,0.220904099787559,0.47847524629549426,0.220904099787559,0.5742977592763985,0.46428463783838103,0.220904099787559,0.220904099787559,0.5878639167018505,0.5461502995026386,0.220904099787559,0.518103114860665,0.220904099787559,0.548119500686311,0.512451518896508,0.2211695284822632,0.220904099787559,0.4672481126952147,0.587910892098612,0.220904099787559,0.220904099787559,0.5183210331977568,0.5361267244189591,0.220904099787559,0.5328834665097437,0.51957590268682,0.220904099787559,0.22538128309398303,0.5364361411515781,0.5264162530143293,0.220904099787559,0.537662174096478,0.31036516391901364,0.220904099787559,0.5383346817074653,0.5177375317400553,0.2212282541000399,0.5400579835217367,0.5201158174008451,0.220904099787559,0.220904099787559,0.4704769568875988,0.5904670575901346,0.220904099787559,0.220904099787559,0.46575805818817745,0.5942929394419992,0.220904099787559,0.5459484389608348,0.3094789658543127,0.48676826690796343,0.220904099787559,0.5978037526415274,0.220904099787559,0.4684808807023284,0.220904099787559,0.5969244604503241,0.5333543253805085,0.220904099787559,0.5079523817748559,0.220904099787559,0.220904099787559,0.5340529459651394,0.220904099787559,0.220904099787559,0.220904099787559,0.5180306591041959,0.220904099787559,0.220904099787559,0.5347877721950383,0.220904099787559,0.220904099787559,0.220904099787559,0.5970302976867562,0.220904099787559,0.220904099787559,0.220904099787559,0.4832408224656942,0.220904099787559,0.220904099787559,0.5905611872699538,0.220904099787559,0.220904099787559,0.22109658364874288,0.5357311522148098,0.220904099787559,0.220904099787559,0.30931962890174836,0.4582717993266453,0.220904099787559,0.220904099787559,0.220904099787559,0.5300661435349108,0.220904099787559,0.3101938357276921,0.220904099787559,0.4975615960322684,0.220904099787559,0.220904099787559,0.532019617396374,0.220904099787559,0.31089284236322756,0.220904099787559,0.5366825657924053,0.22115532872834182,0.22109529237196615,0.4629853434158725,0.3100403905174488
0.5042334725235594,0.5042334725235594,0.5318490776459844,0.513786419587553,0.7981415137028318,0.9293292417095068,0.5044373735768657,0.548765431013116,0.7012791557862497,0.5042334725235594,0.6919783201641169,0.6875715819246119,0.504314605686876,0.6477524634139075,0.5478733088431774,0.6898788778708369,0.5042334725235594,0.7292487836998259,0.5042334725235594,0.6521151663965133,0.5042334725235594,0.7196360628706965,0.6424915947036737,0.5042334725235594,0.5042334725235594,0.7294737308541008,0.6994118638532123,0.5042334725235594,0.6795559458740597,0.5042334725235594,0.7008177032378582,0.6755956560163638,0.5043461230104823,0.5042334725235594,0.6444916866422805,0.7295078870019549,0.5042334725235594,0.5042334725235594,0.6797089385226274,0.6922788834954882,0.5042334725235594,0.6899794159483358,0.6805903491138765,0.5042334725235594,0.5061479287099849,0.6924984813928062,0.6854070951805649,0.5042334725235594,0.6933689919654321,0.5477565579470692,0.5042334725235594,0.6938467409793279,0.6792993307703201,0.5043710612170916,0.6950717876994473,0.6809697960526494,0.5042334725235594,0.5042334725235594,0.6466767457985529,0.7313674014103869,0.5042334725235594,0.5042334725235594,0.6434853782422474,0.7341538575760299,0.5042334725235594,0.6992678348920358,0.5472757716557227,0.6577914453959196,0.5042334725235594,0.7367141942544772,0.5042334725235594,0.6453252221571092,0.5042334725235594,0.7360726562204327,0.6903129896336924,0.5042334725235594,0.6724534615313466,0.5042334725235594,0.5042334725235594,0.6908080845875192,0.5042334725235594,0.5042334725235594,0.5042334725235594,0.6795050819873828,0.5042334725235594,0.5042334725235594,0.6913290514152193,0.5042334725235594,0.5042334725235594,0.5042334725235594,0.736149865491159,0.5042334725235594,0.5042334725235594,0.5042334725235594,0.6553724752056191,0.5042334725235594,0.5042334725235594,0.7314359110013032,0.5042334725235594,0.5042334725235594,0.5043151538333976,0.6919981956095341,0.5042334725235594,0.5042334725235594,0.5471894220476519,0.6384495985081364,0.5042334725235594,0.5042334725235594,0.5042334725235594,0.6879854248068743,0.5042334725235594,0.5476635380423721,0.5042334725235594,0.6652336006156361,0.5042334725235594,0.5042334725235594,0.689367669554474,0.5042334725235594,0.5480432622350109,0.5042334725235594,0.6926734002170143,0.504340093782842,0.504314605686876,0.641616327179773,0.5475802557787441
0.0,0.0,0.17233749665715947,0.10034370902159635,0.6481581481947832,0.8408964152537145,0.014582979937810017,0.220904099787559,0.5042334725235594,0.0,0.48978560867077914,0.4828812159680452,0.00919825958389104,0.4183380220635869,0.21857269222930492,0.48650119384254603,0.0,0.5468184994384603,0.0,0.42563275244628596,0.0,0.5323127937518287,0.409453321090758,0.0,0.0,0.547156501106078,0.5013457504955783,0.0,0.47021630990028396,0.0,0.503520429655211,0.4639049079925994,0.010838787910383849,0.0,0.4128428814023368,0.5472078179969471,0.0,0.0,0.4704593898032643,0.49025509336503853,0.0,0.48665868128020384,0.47185875419889506,0.0,0.04472787206138784,0.4905979954315255,0.47947513592104224,0.0,0.491956361220331,0.21826607120465477,0.0,0.49270122084522383,0.46980846936858706,0.011978754556418943,0.4946091701038282,0.4724606319261686,0.0,0.0,0.4165293519247416,0.5499994058560779,0.0,0.0,0.4111393247770717,0.5541746926099187,0.0,0.5011227514710475,0.21699963348198367,0.4350310959271011,0.0,0.5580030969984685,0.0,0.4142511743356374,0.0,0.5570445316505962,0.48718105878780954,0.0,0.4588702384246143,0.0,0.0,0.4879559626647986,0.0,0.0,0.0,0.470135483632694,0.0,0.0,0.48877082579797154,0.0,0.0,0.0,0.5571599201367305,0.0,0.0,0.0,0.4310383583938887,0.0,0.0,0.5501021743389878,0.0,0.0,0.009229282462246666,0.4898166599784374,0.0,0.0,0.2167715345748091,0.40255744614097366,0.0,0.0,0.0,0.48353131894910845,0.0,0.21802152057349014,0.0,0.44720582269899806,0.0,0.0,0.48570009390479807,0.0,0.2190184069215095,0.0,0.4908710628578661,0.010544709205457364,0.00919825958389104,0.40796534214384755,0.21780237858074525
0.48978560867077914,0.48978560867077914,0.5182828229539179,0.4996525112905506,0.7909081137380763,0.9252497674388611,0.4899963169158382,0.5357031384797952,0.6919783201641169,0.48978560867077914,0.6824737032668615,0.6779697403813638,0.4898694510137833,0.6372474401511055,0.5347850535368925,0.6803279984269853,0.48978560867077914,0.7205514064960225,0.48978560867077914,0.6417116040189099,0.48978560867077914,0.7107326175960735,0.6318632723134507,0.48978560867077914,0.48978560867077914,0.7207811623846899,0.6900702619321248,0.48978560867077914,0.6697760342557036,0.48978560867077914,0.6915067998147317,0.6657271411802026,0.48990202055439974,0.48978560867077914,0.6339103657899526,0.7208160486451562,0.48978560867077914,0.48978560867077914,0.6699324412504817,0.6827808814126114,0.48978560867077914,0.6804307542587887,0.6708335102000835,0.48978560867077914,0.4917637930052859,0.683005310935586,0.6757573288325371,0.48978560867077914,0.6838949639058892,0.5346649000537756,0.48978560867077914,0.6843832113355065,0.6695136908508256,0.48992779125174707,0.6856351550716973,0.6712214137232996,0.48978560867077914,0.48978560867077914,0.636146596841666,0.7227152923079886,0.48978560867077914,0.48978560867077914,0.6328804289271941,0.7255612146888201,0.48978560867077914,0.6899230856247084,0.5341700898055267,0.6475188744547471,0.48978560867077914,0.728176125701453,0.48978560867077914,0.634763443401403,0.48978560867077914,0.7275209187457097,0.6807716845014816,0.48978560867077914,0.6625143348814355,0.48978560867077914,0.48978560867077914,0.6812776933852389,0.48978560867077914,0.48978560867077914,0.48978560867077914,0.6697240350979708,0.48978560867077914,0.48978560867077914,0.6818101383353864,0.48978560867077914,0.48978560867077914,0.48978560867077914,0.7275997732702123,0.48978560867077914,0.48978560867077914,0.48978560867077914,0.6450442190844947,0.48978560867077914,0.48978560867077914,0.7227852649255667,0.48978560867077914,0.48978560867077914,0.48987001746133696,0.6824940161956689,0.48978560867077914,0.48978560867077914,0.5340812194471279,0.6277258075758614,0.48978560867077914,0.48978560867077914,0.48978560867077914,0.6783927333285327,0.48978560867077914,0.5345691683686107,0.48978560867077914,0.65513112484461,0.48978560867077914,0.48978560867077914,0.6798055097687197,0.48978560867077914,0.5349599580298228,0.48978560867077914,0.6831840775687873,0.4898957900476052,0.4898694510137833,0.6309673869924755,0.5344834575935796
0.4828812159680452,0.4828812159680452,0.5118133737655071,0.4929033983093527,0.7874821729543825,0.9233062679093234,0.4830952956658473,0.5294808393699546,0.6875715819246119,0.4828812159680452,0.6779697403813638,0.673419351913115,0.4829664001333419,0.6322644870315045,0.5285500472402633,0.6758019480023293,0.4828812159680452,0.7164319530861415,0.4828812159680452,0.6367773646307747,0.4828812159680452,0.7065151647109053,0.6268210775075017,0.4828812159680452,0.4828812159680452,0.7166639946340304,0.6856440828085674,0.4828812159680452,0.6651405482665678,0.4828812159680452,0.68709526078724,0.6610492796639287,0.48299949081475807,0.4828812159680452,0.6288907594641333,0.7166992279224893,0.4828812159680452,0.4828812159680452,0.6652985877683621,0.6782800762223007,0.4828812159680452,0.6759057628091318,0.6662090553636494,0.4828812159680452,0.48489095529275617,0.6785068121299032,0.6711840463396859,0.4828812159680452,0.6794056021360249,0.5284282281981951,0.4828812159680452,0.67989886024244,0.664875465905824,0.4830256738235999,0.6811636400157822,0.6666010016394059,0.4828812159680452,0.4828812159680452,0.6311515753870216,0.71861735328631,0.4828812159680452,0.4828812159680452,0.6278494678576124,0.7214915305701506,0.4828812159680452,0.685495405392933,0.5279265527610894,0.6426474806417428,0.4828812159680452,0.7241323648536608,0.4828812159680452,0.6297532267838708,0.4828812159680452,0.7234706656958202,0.6762502057031079,0.4828812159680452,0.6578026864291313,0.4828812159680452,0.4828812159680452,0.6767614255614884,0.4828812159680452,0.4828812159680452,0.4828812159680452,0.665088006292531,0.4828812159680452,0.4828812159680452,0.6772993505168321,0.4828812159680452,0.4828812159680452,0.4828812159680452,0.7235503016743777,0.4828812159680452,0.4828812159680452,0.4828812159680452,0.6401461156236067,0.4828812159680452,0.4828812159680452,0.718688021149555,0.4828812159680452,0.4828812159680452,0.48296697564505175,0.6779902621540347,0.4828812159680452,0.4828812159680452,0.5278364483282921,0.6226377101241981,0.4828812159680452,0.4828812159680452,0.4828812159680452,0.6738467151938349,0.4828812159680452,0.5283311690689831,0.4828812159680452,0.6503412605123864,0.4828812159680452,0.4828812159680452,0.6752740727868096,0.4828812159680452,0.5287273752031478,0.4828812159680452,0.6786874154760502,0.4829931606190477,0.4829664001333419,0.6259152812879241,0.5282442694878361
0.00919825958389104,0.00919825958389104,0.17258268540783472,0.1007643964638504,0.6482173733249658,0.8409319862698136,0.017241556793770246,0.22109529237196615,0.504314605686876,0.00919825958389104,0.4898694510137833,0.4829664001333419,0.01300830343485318,0.4184375727904446,0.21876593196593386,0.48658567052621454,0.00919825958389104,0.5468923179273674,0.00919825958389104,0.42573048667106295,0.00919825958389104,0.5323890021958173,0.409555163574165,0.00919825958389104,0.00919825958389104,0.5472302650360625,0.5014274149278052,0.00919825958389104,0.4703040413059497,0.00919825958389104,0.503601693541102,0.46399395293358653,0.014215741335474295,0.00919825958389104,0.41294383894897996,0.547281573647901,0.00919825958389104,0.00919825958389104,0.4705470712237139,0.49033884561068525,0.00919825958389104,0.48674312738459724,0.47194614871999935,0.00919825958389104,0.04566388444054163,0.49068168196226775,0.47956099393862434,0.00919825958389104,0.4920397881751652,0.21845958340484883,0.00919825958389104,0.4927845059643867,0.46989628473902173,0.015102931469901446,0.49469209352152216,0.4725479034957672,0.00919825958389104,0.00919825958389104,0.4166293619596072,0.5500727128484986,0.00919825958389104,0.00919825958389104,0.4112407254152627,0.5542473347320684,0.00919825958389104,0.5012044571362816,0.2171942791307044,0.43512657093775947,0.00919825958389104,0.5580751358264332,0.00919825958389104,0.4143517681020726,0.00919825958389104,0.5571167209732567,0.4872654035804141,0.00919825958389104,0.4589603534854322,0.00919825958389104,0.00919825958389104,0.48804015750273966,0.00919825958389104,0.00919825958389104,0.00919825958389104,0.4702232316686867,0.00919825958389104,0.00919825958389104,0.48885486337557055,0.00919825958389104,0.00919825958389104,0.00919825958389104,0.5572320913237558,0.00919825958389104,0.00919825958389104,0.00919825958389104,0.4311347823906086,0.00919825958389104,0.00919825958389104,0.5501754648783979,0.00919825958389104,0.00919825958389104,0.013030258396073243,0.48990049635805627,0.00919825958389104,0.00919825958389104,0.2169663857658193,0.4026611311095817,0.00919825958389104,0.00919825958389104,0.00919825958389104,0.4836163754063457,0.00919825958389104,0.21821525062635994,0.00919825958389104,0.4472984974391537,0.00919825958389104,0.00919825958389104,0.4857847263938874,0.00919825958389104,0.21921125194526686,0.00919825958389104,0.4909546971114763,0.013992814970426093,0.01300830343485318,0.4080675773547541,0.2179963042637857
0.4183380220635869,0.4183380220635869,0.4518532431079637,0.43001313803731733,0.7565973274125961,0.9055068185390742,0.4185881962852876,0.47206326727369086,0.6477524634139075,0.4183380220635869,0.6372474401511055,0.6322644870315045,0.4184375727904446,0.5870363953026781,0.4710027702778023,0.6348739551628086,0.4183380220635869,0.6792613853173897,0.4183380220635869,0.5920120465676748,0.4183380220635869,0.6684443881214631,0.5810287309158098,0.4183380220635869,0.4183380220635869,0.6795143836718835,0.645644653126033,0.4183380220635869,0.6231905759381575,0.4183380220635869,0.6472316289304684,0.6187022775574955,0.41847624280212986,0.4183380220635869,0.5833137513756909,0.6795527986457949,0.4183380220635869,0.4183380220635869,0.623363896214623,0.6375871668473794,0.4183380220635869,0.634987636138803,0.6243623169795042,0.4183380220635869,0.42068522498425404,0.6378353674275186,0.6298155565107771,0.4183380220635869,0.638819172203567,0.4708639425190618,0.4183380220635869,0.6393590380172293,0.6228998536576565,0.41850683985832,0.640743170337952,0.6247920845789259,0.4183380220635869,0.4183380220635869,0.585808668750284,0.6816439780223947,0.4183380220635869,0.4183380220635869,0.5821642434161329,0.6847768952700607,0.4183380220635869,0.6454820472429568,0.47029214000783853,0.5984776083063905,0.4183380220635869,0.6876548871638074,0.4183380220635869,0.5842656621064336,0.4183380220635869,0.6869338150481811,0.6353648022636641,0.4183380220635869,0.6151385923713558,0.4183380220635869,0.4183380220635869,0.6359245577422866,0.4183380220635869,0.4183380220635869,0.4183380220635869,0.6231329527938115,0.4183380220635869,0.4183380220635869,0.6365135126658803,0.4183380220635869,0.4183380220635869,0.4183380220635869,0.6870205983635853,0.4183380220635869,0.4183380220635869,0.4183380220635869,0.5957233914907692,0.4183380220635869,0.4183380220635869,0.6817210156634076,0.4183380220635869,0.4183380220635869,0.41843824534484947,0.6372699058978155,0.4183380220635869,0.4183380220635869,0.4701894262979323,0.5764070322492884,0.4183380220635869,0.4183380220635869,0.4183380220635869,0.6327326064520562,0.4183380220635869,0.47075332617624877,0.4183380220635869,0.6069412651001904,0.4183380220635869,0.4183380220635869,0.6342958881200794,0.4183380220635869,0.4712048434366495,0.4183380220635869,0.6380330629091072,0.41846884535462786,0.4184375727904446,0.5800283778575442,0.4706542842901706
0.21857269222930492,0.21857269222930492,0.27824314275575257,0.2404765332098496,0.6804285106905683,0.8602794429086654,0.21905807719996404,0.31058011392528606,0.5478733088431774,0.21857269222930492,0.5347850535368925,0.5285500472402633,0.21876593196593386,0.4710027702778023,0.30893194057831547,0.5318174212347008,0.21857269222930492,0.586734526196822,0.21857269222930492,0.4774305071682613,0.21857269222930492,0.573453874086904,0.4632045244663752,0.21857269222930492,0.21857269222930492,0.5870444687775854,0.5452530538058498,0.21857269222930492,0.5171484779464591,0.21857269222930492,0.5472261163795532,0.511484728493221,0.2188409619804508,0.21857269222930492,0.4661755390785243,0.5870915274884682,0.21857269222930492,0.21857269222930492,0.517366860689451,0.5352094963171076,0.21857269222930492,0.5319596514124956,0.5186243984394695,0.21857269222930492,0.22309689463909047,0.5355195382958129,0.5254791174957286,0.21857269222930492,0.5367480433422058,0.30871582163680383,0.21857269222930492,0.5374219033326348,0.5167821150368228,0.21890031524755174,0.5391486589963511,0.5191654580608667,0.21857269222930492,0.21857269222930492,0.46941250482706093,0.589652213482283,0.21857269222930492,0.21857269222930492,0.46468170390174807,0.5934848142297441,0.21857269222930492,0.5450507962718834,0.3078247874611052,0.485743385112567,0.21857269222930492,0.5970017445937846,0.21857269222930492,0.46741141925785273,0.21857269222930492,0.5961209246211855,0.5324314703846929,0.21857269222930492,0.5069757618986729,0.21857269222930492,0.21857269222930492,0.5331315130992612,0.21857269222930492,0.21857269222930492,0.21857269222930492,0.5170758677110217,0.21857269222930492,0.21857269222930492,0.5338678320960668,0.21857269222930492,0.21857269222930492,0.21857269222930492,0.5962269459014596,0.21857269222930492,0.21857269222930492,0.21857269222930492,0.4822075645653962,0.21857269222930492,0.21857269222930492,0.5897465091422548,0.21857269222930492,0.21857269222930492,0.21876723705662546,0.5348131239706769,0.21857269222930492,0.21857269222930492,0.30766457810143005,0.45717612834726384,0.21857269222930492,0.21857269222930492,0.21857269222930492,0.5291365564704024,0.21857269222930492,0.30854356059567123,0.21857269222930492,0.4965617263063509,0.21857269222930492,0.21857269222930492,0.5310940374884798,0.21857269222930492,0.3092463668576218,0.21857269222930492,0.5357664605011385,0.21882661041150425,0.21876593196593386,0.4619018980098395,0.3083892790469689
0.48650119384254603,0.48650119384254603,0.5152041678050604,0.4964415225145389,0.7892758182477241,0.924324661212133,0.48671349593251256,0.5327415260096657,0.6898788778708369,0.48650119384254603,0.6803279984269853,0.6758019480023293,0.48658567052621454,0.6348739551628086,0.5318174212347008,0.6781717849079677,0.48650119384254603,0.7185887143626297,0.48650119384254603,0.6393612734593755,0.48650119384254603,0.7087232685217423,0.6294616322999164,0.48650119384254603,0.48650119384254603,0.7188195585389312,0.6879615683342644,0.48650119384254603,0.6675677612026143,0.48650119384254603,0.6894050729444494,0.6634987129004978,0.48661848643462785,0.48650119384254603,0.63151946065173,0.7188546100327644,0.48650119384254603,0.48650119384254603,0.6677249447088958,0.6806366789610124,0.48650119384254603,0.6782750445618217,0.6686304842312859,0.48650119384254603,0.48849429639327785,0.6808622058364168,0.6735786451182793,0.48650119384254603,0.681756206158361,0.5316964787356049,0.48650119384254603,0.6822468376747826,0.6673041150033879,0.48664445205133067,0.6835048889250724,0.6690203107629961,0.48650119384254603,0.48650119384254603,0.633767375978756,0.7207628441546797,0.48650119384254603,0.48650119384254603,0.6304841275269671,0.7236222205806084,0.48650119384254603,0.6878136777115695,0.5311984163204325,0.6451984192170277,0.48650119384254603,0.726249475985644,0.48650119384254603,0.6323770007637165,0.48650119384254603,0.7255911774577102,0.6786176460049285,0.48650119384254603,0.6602698377049439,0.48650119384254603,0.48650119384254603,0.6791261341159022,0.48650119384254603,0.48650119384254603,0.48650119384254603,0.6675155038517273,0.48650119384254603,0.48650119384254603,0.6796611863185117,0.48650119384254603,0.48650119384254603,0.48650119384254603,0.7256704041070253,0.48650119384254603,0.48650119384254603,0.48650119384254603,0.6427110661833454,0.48650119384254603,0.48650119384254603,0.7208331478169817,0.48650119384254603,0.48650119384254603,0.48658624125881805,0.6803484107205547,0.48650119384254603,0.48650119384254603,0.5311089613651376,0.6253023546912561,0.48650119384254603,0.48650119384254603,0.48650119384254603,0.676227020099396,0.48650119384254603,0.531600118210522,0.48650119384254603,0.6528494330991916,0.48650119384254603,0.48650119384254603,0.6776467335372726,0.48650119384254603,0.5319934737914763,0.48650119384254603,0.6810418463611091,0.48661220880015627,0.48658567052621454,0.6285610371349446,0.5315138442735445
0.0,0.0,0.17233749665715947,0.10034370902159635,0.6481581481947832,0.8408964152537145,0.014582979937810017,0.220904099787559,0.5042334725235594,0.0,0.48978560867077914,0.4828812159680452,0.00919825958389104,0.4183380220635869,0.21857269222930492,0.48650119384254603,0.0,0.5468184994384603,0.0,0.42563275244628596,0.0,0.5323127937518287,0.409453321090758,0.0,0.0,0.547156501106078,0.5013457504955783,0.0,0.47021630990028396,0.0,0.503520429655211,0.4639049079925994,0.010838787910383849,0.0,0.4128428814023368,0.5472078179969471,0.0,0.0,0.4704593898032643,0.49025509336503853,0.0,0.48665868128020384,0.47185875419889506,0.0,0.04472787206138784,0.4905979954315255,0.47947513592104224,0.0,0.491956361220331,0.21826607120465477,0.0,0.49270122084522383,0.46980846936858706,0.011978754556418943,0.4946091701038282,0.4724606319261686,0.0,0.0,0.4165293519247416,0.5499994058560779,0.0,0.0,0.4111393247770717,0.5541746926099187,0.0,0.5011227514710475,0.21699963348198367,0.4350310959271011,0.0,0.5580030969984685,0.0,0.4142511743356374,0.0,0.5570445316505962,0.48718105878780954,0.0,0.4588702384246143,0.0,0.0,0.4879559626647986,0.0,0.0,0.0,0.470135483632694,0.0,0.0,0.48877082579797154,0.0,0.0,0.0,0.5571599201367305,0.0,0.0,0.0,0.4310383583938887,0.0,0.0,0.5501021743389878,0.0,0.0,0.009229282462246666,0.4898166599784374,0.0,0.0,0.2167715345748091,0.40255744614097366,0.0,0.0,0.0,0.48353131894910845,0.0,0.21802152057349014,0.0,0.44720582269899806,0.0,0.0,0.48570009390479807,0.0,0.2190184069215095,0.0,0.4908710628578661,0.010544709205457364,0.00919825958389104,0.40796534214384755,0.21780237858074525
