0.0,0.0,0.19176915146322907,0.11154743621975194,0.8408964152537145,0.4789272532571989,0.01649620245235272,0.21185945503742729,0.48267668562331306,0.4156521935884991,0.21080485065298357,0.4627427014268962,0.0,0.40140155708810604,0.2099439339491423,0.4663475945208772,0.008830385562823864,0.5229886575224565,0.0,0.4079741575556947,0.4588322579077979,0.21075220296114072,0.0,0.3927427425301739,0.5230983278005106,0.0,0.4800901196578466,0.20837515719759192,0.3967094245906149,0.0,0.4815219571306115,0.2090485539471769,0.38963198294012946,0.3957487329727498,0.0,0.2104511093492133,0.47437606978368035,0.39630597990926963,0.20958182362243943,0.469087966318701,0.0,0.4661959449520693,0.20779497160094115,0.40118254940230097,0.0,0.47024310636657307,0.45944044302632986,0.0,0.4712303776287395,0.20951878477362318,0.4721241770970116,0.0,0.45029119687864444,0.0,0.4735854406797756,0.0,0.45245464066477437,0.0,0.3994275638081318,0.5261484099660425,0.0,0.39399632565181586,0.20911868144436788,0.48098003901149844,0.0,0.4801385085290232,0.46926020685564335,0.0,0.0,0.48528069021302256,0.2091395256773674,0.39730791523828557,0.4842483941049881,0.2094733851921836,0.46682303268864705,0.0,0.38427937278122365,0.20896892157029562,0.0,0.46739361077802327,0.0,0.0,0.3961381499285709,0.20903654781033706,0.0,0.0,0.46808673247756694,0.0,0.0,0.0,0.5330417745451859,0.0,0.0,0.0,0.41304549098601157,0.0,0.0,0.2082584868196683,0.4770523922774389,0.0,0.010122985403431605,0.4689781710960513,0.0,0.0,0.20818363157835792,0.3859281185016751,0.0,0.0,0.4633748275688962,0.0,0.0,0.2091856283531923,0.4286752251160206,0.0,0.0,0.0,0.46508129173443674,0.0,0.2102407186340013,0.0,0.4700568733984282,0.00886016770612441,0.0,0.0,0.3910561001069225
0.0,0.0,0.19176915146322907,0.11154743621975194,0.8408964152537145,0.4789272532571989,0.01649620245235272,0.21185945503742729,0.48267668562331306,0.4156521935884991,0.21080485065298357,0.4627427014268962,0.0,0.40140155708810604,0.2099439339491423,0.4663475945208772,0.008830385562823864,0.5229886575224565,0.0,0.4079741575556947,0.4588322579077979,0.21075220296114072,0.0,0.3927427425301739,0.5230983278005106,0.0,0.4800901196578466,0.20837515719759192,0.3967094245906149,0.0,0.4815219571306115,0.2090485539471769,0.38963198294012946,0.3957487329727498,0.0,0.2104511093492133,0.47437606978368035,0.39630597990926963,0.20958182362243943,0.469087966318701,0.0,0.4661959449520693,0.20779497160094115,0.40118254940230097,0.0,0.47024310636657307,0.45944044302632986,0.0,0.4712303776287395,0.20951878477362318,0.4721241770970116,0.0,0.45029119687864444,0.0,0.4735854406797756,0.0,0.45245464066477437,0.0,0.3994275638081318,0.5261484099660425,0.0,0.39399632565181586,0.20911868144436788,0.48098003901149844,0.0,0.4801385085290232,0.46926020685564335,0.0,0.0,0.48528069021302256,0.2091395256773674,0.39730791523828557,0.4842483941049881,0.2094733851921836,0.46682303268864705,0.0,0.38427937278122365,0.20896892157029562,0.0,0.46739361077802327,0.0,0.0,0.3961381499285709,0.20903654781033706,0.0,0.0,0.46808673247756694,0.0,0.0,0.0,0.5330417745451859,0.0,0.0,0.0,0.41304549098601157,0.0,0.0,0.2082584868196683,0.4770523922774389,0.0,0.010122985403431605,0.4689781710960513,0.0,0.0,0.20818363157835792,0.3859281185016751,0.0,0.0,0.4633748275688962,0.0,0.0,0.2091856283531923,0.4286752251160206,0.0,0.0,0.0,0.46508129173443674,0.0,0.2102407186340013,0.0,0.4700568733984282,0.00886016770612441,0.0,0.0,0.3910561001069225
0.19176915146322907,0.19176915146322907,0.27111079265157473,0.22182645047964245,0.8559396024123653,0.5147922835444516,0.19247687318086354,0.2856438544267203,0.5182495728925911,0.4570254763761666,0.2848643577283711,0.49990835347945545,0.19176915146322907,0.4441949236285908,0.2842293225812714,0.5032177908655483,0.1919722123215126,0.5556124300995713,0.19176915146322907,0.4501030488655125,0.49632230396418703,0.2848254897450399,0.19176915146322907,0.43643764082247644,0.5557145126091674,0.19176915146322907,0.5158641879271413,0.28307518311017627,0.439987540898182,0.19176915146322907,0.5171844639517237,0.2835701151275017,0.43365832276084765,0.4391271956294843,0.19176915146322907,0.284603286756203,0.5106002318526365,0.43962619100772754,0.28396257152035664,0.5057358176765131,0.19176915146322907,0.5030785021102606,0.2826493438069438,0.44399834650801867,0.19176915146322907,0.5067978076032587,0.4968797664261803,0.19176915146322907,0.5077057327456328,0.28391615484339694,0.5085279092948556,0.19176915146322907,0.48850436432846567,0.19176915146322907,0.509872506025173,0.19176915146322907,0.4904827070470424,0.19176915146322907,0.4424237916862504,0.5585544284165291,0.19176915146322907,0.4375588066105287,0.28362169907850093,0.5166847124418062,0.19176915146322907,0.5159087986757105,0.5058941473220636,0.19176915146322907,0.19176915146322907,0.5206526157699691,0.28363703306624777,0.4405237079462479,0.5196997987235169,0.283882730209015,0.5036545150787797,0.19176915146322907,0.4288857296835899,0.2835115491723122,0.19176915146322907,0.5041787091644846,0.19176915146322907,0.19176915146322907,0.4394758917007634,0.28356128451596735,0.19176915146322907,0.19176915146322907,0.5048155975062472,0.19176915146322907,0.19176915146322907,0.19176915146322907,0.5649787886469829,0.19176915146322907,0.19176915146322907,0.19176915146322907,0.4546728751854809,0.19176915146322907,0.19176915146322907,0.2829895069032234,0.5130647595169339,0.19176915146322907,0.19203596739921994,0.5056348939290982,0.19176915146322907,0.19176915146322907,0.28293454893079967,0.4303544853732383,0.19176915146322907,0.19176915146322907,0.5004884241239557,0.19176915146322907,0.19176915146322907,0.2836709508059818,0.4688147725559658,0.19176915146322907,0.19176915146322907,0.19176915146322907,0.5020548864746052,0.19176915146322907,0.28444810635465156,0.19176915146322907,0.5066265695568297,0.1919735836218242,0.19176915146322907,0.19176915146322907,0.43493019748906614
0.11154743621975194,0.11154743621975194,0.22182645047964245,0.1577457908492233,0.8460794586499069,0.4913905262590576,0.11276051478818888,0.2393976700614948,0.49503452340256265,0.4301268371943167,0.23846547603911392,0.4756768333530854,0.11154743621975194,0.4164024410416935,0.237705240412341,0.47917455178867663,0.11189638136052367,0.5342886029636342,0.11154743621975194,0.4227283935174058,0.47188420738681097,0.2384189658058685,0.11154743621975194,0.4080794527467233,0.5343955660457332,0.11154743621975194,0.4925205514800795,0.2363216884498321,0.4118907097715937,0.11154743621975194,0.4939121262355878,0.23691529697232494,0.40509250541853015,0.41096741198044534,0.11154743621975194,0.23815302119891166,0.4869691179198314,0.411502949532919,0.23738568137800062,0.4818343521587628,0.11154743621975194,0.4790273835038099,0.23581058801602464,0.41619177224359694,0.11154743621975194,0.4829557582949354,0.47247396029187894,0.11154743621975194,0.48391430445476036,0.23733006256646813,0.4847821824805037,0.11154743621975194,0.4636063345028977,0.11154743621975194,0.4862012380984496,0.11154743621975194,0.46570233504856323,0.11154743621975194,0.4145038951167132,0.5373706930837583,0.11154743621975194,0.4092836231206007,0.2369771396660368,0.4933854240826767,0.11154743621975194,0.49256757653695815,0.4820015541404114,0.11154743621975194,0.11154743621975194,0.49756606905552747,0.23699552226145532,0.41246598427314946,0.49656242332259964,0.23729000905895214,0.4796359560367683,0.11154743621975194,0.3999570216140267,0.23684507785152006,0.11154743621975194,0.4801897226247588,0.11154743621975194,0.11154743621975194,0.4113416523359513,0.23690470968952096,0.11154743621975194,0.11154743621975194,0.4808624671417839,0.11154743621975194,0.11154743621975194,0.11154743621975194,0.5440969885651203,0.11154743621975194,0.11154743621975194,0.11154743621975194,0.42761405396507085,0.11154743621975194,0.11154743621975194,0.23621888506651548,0.4895688847599025,0.11154743621975194,0.11200579164665823,0.48172777034818176,0.11154743621975194,0.11154743621975194,0.23615293356796851,0.40153832641100046,0.11154743621975194,0.11154743621975194,0.47629006754797415,0.11154743621975194,0.11154743621975194,0.23703618179376026,0.44269533572250647,0.11154743621975194,0.11154743621975194,0.11154743621975194,0.47794574178279775,0.11154743621975194,0.23796724034893,0.11154743621975194,0.48277495483695565,0.11189873539581688,0.11154743621975194,0.11154743621975194,0.40645972792915636
0.8408964152537145,0.8408964152537145,0.8559396024123653,0.8460794586499069,1.0,0.9221955409015401,0.8410108062460722,0.85914622335212,0.9232487693178786,0.9047863776160148,0.8589709748411232,0.917670301184125,0.8408964152537145,0.9009990288899647,0.8588284739144371,0.9186749420161124,0.8409291980834387,0.9346382145012979,0.8408964152537145,0.9027382381357502,0.9165829076467126,0.8589622459703116,0.8408964152537145,0.8987287521113414,0.9346692683984172,0.8408964152537145,0.9225220216325933,0.8585701075964873,0.8997657446138985,0.8408964152537145,0.9229242323441312,0.8586808051371573,0.8979192182933372,0.8995141168410419,0.8408964152537145,0.8589123616028125,0.9209193629869565,0.8996600360169872,0.8587686876364841,0.919439991944825,0.8408964152537145,0.9186326380236488,0.8584749817117872,0.9009413078135372,0.8408964152537145,0.9197628128350465,0.9167518580482216,0.8408964152537145,0.920038871664044,0.8587582887481958,0.9202889120883281,0.8408964152537145,0.9142172988701144,0.8408964152537145,0.9206979369142367,0.8408964152537145,0.9148152187586998,0.8408964152537145,0.9004793197093793,0.9355328585569016,0.8408964152537145,0.8990559052710118,0.8586923510049933,0.9227719772341736,0.8408964152537145,0.9225356104861846,0.9194881148344077,0.8408964152537145,0.8408964152537145,0.9239811517710881,0.8586957834704849,0.8999226563323025,0.9236907309532173,0.8587508013147084,0.9188075925437742,0.8408964152537145,0.89653409885187,0.8586676984524876,0.8408964152537145,0.9189668331542254,0.8408964152537145,0.8408964152537145,0.8996160777624648,0.8586788287707534,0.8408964152537145,0.8408964152537145,0.9191603399530535,0.8408964152537145,0.8408964152537145,0.8408964152537145,0.9374838259564906,0.8408964152537145,0.8408964152537145,0.8408964152537145,0.9040891097430527,0.8408964152537145,0.8408964152537145,0.8585509600696555,0.9216695053028081,0.8408964152537145,0.8409394973026305,0.9194093181321618,0.8408964152537145,0.8408964152537145,0.8585386800031922,0.8969596814694208,0.8408964152537145,0.8408964152537145,0.9178463175152156,0.8408964152537145,0.8408964152537145,0.8587033763539726,0.9082978084257042,0.8408964152537145,0.8408964152537145,0.8408964152537145,0.9183218048200639,0.8408964152537145,0.8588775413208312,0.8408964152537145,0.919710754284154,0.840929419576005,0.8408964152537145,0.8408964152537145,0.8982894171088887
0.4789272532571989,0.4789272532571989,0.5147922835444516,0.4913905262590576,0.9221955409015401,0.6682156003908426,0.47920368842219985,0.5223293166880602,0.6706898911650492,0.6277601572050289,0.5219182179318221,0.657626725681209,0.4789272532571989,0.6190330527548676,0.5215838712132077,0.6599720433379447,0.47900648222456854,0.6977461012586953,0.4789272532571989,0.623038692713184,0.6550914672426706,0.5218977393200825,0.4789272532571989,0.6138084079318515,0.6978207529742307,0.4789272532571989,0.668982160277576,0.5209775170075779,0.6161943505685282,0.4789272532571989,0.6699270504622554,0.5212373351817656,0.6119463330846105,0.6156153235024824,0.4789272532571989,0.5217807023464437,0.6652227288492836,0.6159510957707626,0.5214435779390911,0.661760058273462,0.4789272532571989,0.6598732254197471,0.5207542175334581,0.6189001639238215,0.4789272532571989,0.6625150705174081,0.655485160546062,0.4789272532571989,0.6631609755374067,0.5214191750242338,0.6637462136093488,0.4789272532571989,0.6495868960729133,0.4789272532571989,0.6647040012542644,0.4789272532571989,0.6509768666615946,0.4789272532571989,0.6178366563112111,0.6998990048743873,0.4789272532571989,0.6145610456598318,0.5212644323619458,0.6695692983040603,0.4789272532571989,0.6690140743608671,0.6618725873059974,0.4789272532571989,0.4789272532571989,0.6724128167985589,0.5212724879923427,0.6165554495704134,0.6717293649005291,0.5214016041758135,0.6602819365456085,0.4789272532571989,0.6087612108243233,0.521206574410146,0.4789272532571989,0.6606540185073461,0.4789272532571989,0.4789272532571989,0.6158499423895124,0.5212326967759688,0.4789272532571989,0.4789272532571989,0.6611062704760989,0.4789272532571989,0.4789272532571989,0.4789272532571989,0.704610501283629,0.4789272532571989,0.4789272532571989,0.4789272532571989,0.6261522086921302,0.4789272532571989,0.4789272532571989,0.5209325721046526,0.6669812779085345,0.4789272532571989,0.4790313721039419,0.6616883353522606,0.4789272532571989,0.4789272532571989,0.5209037465778144,0.6097397407474889,0.4789272532571989,0.4789272532571989,0.6580374208107183,0.4789272532571989,0.4789272532571989,0.5212903075542562,0.6358682521860354,0.4789272532571989,0.4789272532571989,0.4789272532571989,0.6591473132100142,0.4789272532571989,0.5216990038087385,0.4789272532571989,0.6623932941475262,0.47900701750590935,0.4789272532571989,0.4789272532571989,0.6127978045542648
0.01649620245235272,0.01649620245235272,0.19247687318086354,0.11276051478818888,0.8410108062460722,0.47920368842219985,0.023329152802938367,0.21250006463806673,0.4829507331674898,0.41597448519211916,0.21144866819282263,0.4630298182158387,0.01649620245235272,0.40173594967658277,0.21059039390239379,0.46663227726808,0.018710970057201095,0.5232388303343992,0.01649620245235272,0.4083028727839911,0.4591220523432154,0.2113961814794102,0.01649620245235272,0.393084881544178,0.5233484397000036,0.01649620245235272,0.4803658109585303,0.20902648775568877,0.39704797608397546,0.01649620245235272,0.4817967366682953,0.2096977849385632,0.38997698273996273,0.3960881472157779,0.01649620245235272,0.2110960100388015,0.47465544585607117,0.39664489324498897,0.21022940141946744,0.4693708202817696,0.01649620245235272,0.46648072944094005,0.20844812190481635,0.40151713411225315,0.01649620245235272,0.4705251949199199,0.4597298184201246,0.01649620245235272,0.4715118145462725,0.21016655756394306,0.4724050260795992,0.01649620245235272,0.4505869800651582,0.01649620245235272,0.4738653325268792,0.01649620245235272,0.4527488882412214,0.01649620245235272,0.399763695068118,0.526396835720819,0.01649620245235272,0.3943373236754329,0.20976769455636052,0.48125516309385696,0.01649620245235272,0.4804141689420327,0.46954294648563155,0.01649620245235272,0.01649620245235272,0.485553097776206,0.2097884740562076,0.397645931208098,0.48452145003392016,0.21012129848551944,0.467107396832527,0.01649620245235272,0.38462939585939016,0.20961840014729716,0.01649620245235272,0.46767759329755737,0.01649620245235272,0.01649620245235272,0.39647721398882996,0.20968581611814247,0.01649620245235272,0.01649620245235272,0.4683702524846331,0.01649620245235272,0.01649620245235272,0.01649620245235272,0.5332864445016556,0.01649620245235272,0.01649620245235272,0.01649620245235272,0.41336993897045055,0.01649620245235272,0.01649620245235272,0.2089101825070828,0.47733003319753314,0.01649620245235272,0.01935457371753023,0.4692610979785739,0.01649620245235272,0.01649620245235272,0.2088355617445543,0.38627658043816077,0.01649620245235272,0.01649620245235272,0.46366151518442555,0.01649620245235272,0.01649620245235272,0.20983443360244924,0.4289871005307451,0.01649620245235272,0.01649620245235272,0.01649620245235272,0.46536682579375427,0.01649620245235272,0.21088626524677048,0.01649620245235272,0.47033908513451556,0.018725043748216003,0.01649620245235272,0.01649620245235272,0.39139978498147515
0.21185945503742729,0.21185945503742729,0.2856438544267203,0.2393976700614948,0.85914622335212,0.5223293166880602,0.21250006463806673,0.29946349874902595,0.525729301019722,0.4656201460175942,0.2987205836791803,0.5076990622939296,0.21185945503742729,0.45305497460531535,0.29811548564791096,0.5109510823879421,0.21204321652909275,0.5625071894365037,0.21185945503742729,0.4588393070587248,0.5041759110220685,0.29868354453529217,0.21185945503742729,0.44546456291797143,0.5626077519842759,0.21185945503742729,0.5233833911813,0.2970160681741993,0.4489374738232669,0.21185945503742729,0.5246817838712932,0.2974874839772473,0.4427462772315837,0.4480956894043268,0.21185945503742729,0.29847180550690366,0.5182075477149423,0.4485839120119786,0.2978613462473176,0.5134258184960393,0.21185945503742729,0.5108141982435827,0.29661052220916334,0.4528625645269587,0.21185945503742729,0.5144696513416686,0.5047235485218255,0.21185945503742729,0.5153621005002199,0.29781712629742996,0.5161702998425418,0.21185945503742729,0.4964976389621245,0.21185945503742729,0.5174921136562994,0.21185945503742729,0.49844030181387344,0.21185945503742729,0.45132150111727787,0.5654055381170583,0.21185945503742729,0.4465612973661861,0.29753662126695973,0.5241903055776099,0.21185945503742729,0.5234272611142632,0.513581437367113,0.21185945503742729,0.21185945503742729,0.5280928560013687,0.29755122810964274,0.4494621051738351,0.5271556628161469,0.2977852839305936,0.511380273985271,0.21185945503742729,0.4380800774821056,0.29743169682705445,0.21185945503742729,0.5118954402990434,0.21185945503742729,0.21185945503742729,0.4484368552977766,0.29747907228876835,0.21185945503742729,0.21185945503742729,0.5125213798076436,0.21185945503742729,0.21185945503742729,0.21185945503742729,0.5717356766957918,0.21185945503742729,0.21185945503742729,0.21185945503742729,0.46331525585106825,0.21185945503742729,0.21185945503742729,0.2969344703922085,0.520630648485431,0.21185945503742729,0.21210091940194456,0.5133266233646744,0.21185945503742729,0.21185945503742729,0.2968821297554085,0.4395158736561532,0.21185945503742729,0.21185945503742729,0.5082690257268795,0.21185945503742729,0.21185945503742729,0.2975835377081249,0.47717641160455054,0.21185945503742729,0.21185945503742729,0.21185945503742729,0.5098082859507999,0.21185945503742729,0.2983239416733572,0.21185945503742729,0.5143013369710581,0.2120444576169651,0.21185945503742729,0.21185945503742729,0.44399013892058325
0.48267668562331306,0.48267668562331306,0.5182495728925911,0.49503452340256265,0.9232487693178786,0.6706898911650492,0.4829507331674898,0.525729301019722,0.6731504987879161,0.6304649543461268,0.5253212948317723,0.6601600600624461,0.48267668562331306,0.6217895523283935,0.5249894660688853,0.662492229653473,0.48275523004143933,0.7000594847758469,0.48267668562331306,0.6257713622750538,0.6576390617904766,0.5253009703723951,0.48267668562331306,0.6165962524520706,0.7001337356187954,0.48267668562331306,0.6714522074690802,0.5243876846571137,0.6189678431419089,0.48267668562331306,0.6723918723150976,0.5246455424187545,0.6147454231727779,0.6183922931790546,0.48267668562331306,0.5251848145712782,0.667713626455999,0.6187260486530736,0.524850230080834,0.6642702484058961,0.48267668562331306,0.6623939648833002,0.5241660712566857,0.6216574570247895,0.48267668562331306,0.6650210466796376,0.6580305374009037,0.48267668562331306,0.665663349975896,0.5248260111173945,0.6662453272137199,0.48267668562331306,0.6521656275409656,0.48267668562331306,0.6671977835328051,0.48267668562331306,0.6535477125434994,0.48267668562331306,0.6206003069411504,0.7022008376871921,0.48267668562331306,0.617344355993363,0.5246724352287591,0.6720360978572185,0.48267668562331306,0.6714839449661896,0.6643821491135601,0.48267668562331306,0.48267668562331306,0.6748639204430307,0.524680430105789,0.6193267756051124,0.6741842362642657,0.5248085727278707,0.6628003886593251,0.48267668562331306,0.6115796295973938,0.5246150136684273,0.48267668562331306,0.6631703893453295,0.48267668562331306,0.48267668562331306,0.6186255027105999,0.5246409389980128,0.48267668562331306,0.48267668562331306,0.663620112978663,0.48267668562331306,0.48267668562331306,0.48267668562331306,0.70688712700866,0.48267668562331306,0.48267668562331306,0.48267668562331306,0.628866472369015,0.48267668562331306,0.48267668562331306,0.5243430790312243,0.6694624101725026,0.48267668562331306,0.48277990490767664,0.6641989260100614,0.48267668562331306,0.48267668562331306,0.5243144711243611,0.6125522087709947,0.48267668562331306,0.48267668562331306,0.6605684497923995,0.48267668562331306,0.48267668562331306,0.5246981152825738,0.6385257045930786,0.48267668562331306,0.48267668562331306,0.48267668562331306,0.661672118313382,0.48267668562331306,0.5251037313232513,0.48267668562331306,0.6648999497029151,0.48275576069851583,0.48267668562331306,0.48267668562331306,0.6155917474606121
0.4156521935884991,0.4156521935884991,0.4570254763761666,0.4301268371943167,0.9047863776160148,0.6277601572050289,0.41597448519211916,0.4656201460175942,0.6304649543461268,0.583384628080284,0.4651521496306308,0.6161739147176041,0.4156521935884991,0.5737680630291799,0.46477146210938375,0.6187417172463471,0.41574457143715315,0.6599870067585909,0.4156521935884991,0.5781841496706288,0.6133970983815282,0.4651288343647294,0.4156521935884991,0.5680022430955572,0.6600683382213193,0.4156521935884991,0.6285982295059667,0.4640809150933912,0.5706361577908503,0.4156521935884991,0.6296311456213599,0.46437683320482653,0.5659456495359672,0.5699970821258727,0.4156521935884991,0.46499558141484676,0.6244872113456982,0.5703676860868304,0.46461170637973026,0.6206987329737177,0.4156521935884991,0.6186335437518581,0.46382656093164926,0.5736214920228699,0.4156521935884991,0.6215249503636798,0.6138283754446617,0.4156521935884991,0.622231697136177,0.4645839170558689,0.6228720042269508,0.4156521935884991,0.6073641558603424,0.4156521935884991,0.623919798211668,0.4156521935884991,0.6088880611068299,0.4156521935884991,0.5724483325363375,0.6623323077684795,0.4156521935884991,0.5688332559071896,0.46440769328015175,0.629240081179601,0.4156521935884991,0.6286331189127088,0.6208218805081828,0.4156521935884991,0.4156521935884991,0.6323478469226629,0.46441686749375294,0.5710346630981432,0.6316009917548175,0.464563907692939,0.6190809390239365,0.4156521935884991,0.5624257395147643,0.4643418003136421,0.4156521935884991,0.6194882140965781,0.4156521935884991,0.4156521935884991,0.5702560423848473,0.46437155063989344,0.4156521935884991,0.4156521935884991,0.6199832111760196,0.4156521935884991,0.4156521935884991,0.4156521935884991,0.6674631577739302,0.4156521935884991,0.4156521935884991,0.4156521935884991,0.5816141151776274,0.4156521935884991,0.4156521935884991,0.46402972175598234,0.6264104950680268,0.4156521935884991,0.41577359106060213,0.6206202410294694,0.4156521935884991,0.4156521935884991,0.46399688821256724,0.5635074022518063,0.4156521935884991,0.4156521935884991,0.6166236368716744,0.4156521935884991,0.4156521935884991,0.4644371613095042,0.592303820715307,0.4156521935884991,0.4156521935884991,0.4156521935884991,0.617838855883476,0.4156521935884991,0.46490255889185234,0.4156521935884991,0.6213916955534432,0.4157451955376999,0.4156521935884991,0.4156521935884991,0.5668861776146319
0.21080485065298357,0.21080485065298357,0.2848643577283711,0.23846547603911392,0.8589709748411232,0.5219182179318221,0.21144866819282263,0.2987205836791803,0.5253212948317723,0.4651521496306308,0.2979757865651999,0.5072742851155754,0.21080485065298357,0.4525727578175186,0.29736914883251897,0.5105293995219555,0.21098953434066262,0.5621308055349141,0.21080485065298357,0.4583637207483753,0.5037477452964035,0.2979386533490838,0.21080485065298357,0.4449734165615687,0.562231450372015,0.21080485065298357,0.5229732545443994,0.2962669181010049,0.44845044611071955,0.21080485065298357,0.5242728282087578,0.29673954268869795,0.4422518673131402,0.4476076685670146,0.21080485065298357,0.2977263761054232,0.5177926573388094,0.4480964675727782,0.29711436093345267,0.5130064692912621,0.21080485065298357,0.5103923857692764,0.2958603292373005,0.45238012463780874,0.21080485065298357,0.5140512810927444,0.5042959120220075,0.21080485065298357,0.5149445647307749,0.29707002803479965,0.5157535177982823,0.21080485065298357,0.49606195317292534,0.21080485065298357,0.5170765603119821,0.21080485065298357,0.49800653655147187,0.21080485065298357,0.4508372683287405,0.5650315176131246,0.21080485065298357,0.44607145777813223,0.29678880575805766,0.5237809034193339,0.21080485065298357,0.5230171644545525,0.5131622343100137,0.21080485065298357,0.21080485065298357,0.5276869814047114,0.2968034499828941,0.4489756947546326,0.5267489447756873,0.29703810431426264,0.5109589971378462,0.21080485065298357,0.43757998152387506,0.29668361268742455,0.21080485065298357,0.5114746500835796,0.21080485065298357,0.21080485065298357,0.4479492373591625,0.2967311094642359,0.21080485065298357,0.21080485065298357,0.5121011798095241,0.21080485065298357,0.21080485065298357,0.21080485065298357,0.5713667595286189,0.21080485065298357,0.21080485065298357,0.21080485065298357,0.46284470114773457,0.21080485065298357,0.21080485065298357,0.29618511070732223,0.5202179928362413,0.21080485065298357,0.21104752646175876,0.5129071809650847,0.21080485065298357,0.21080485065298357,0.2961326355562881,0.43901753875031185,0.21080485065298357,0.21080485065298357,0.5078447931708036,0.21080485065298357,0.21080485065298357,0.29683584225602794,0.47672092129033006,0.21080485065298357,0.21080485065298357,0.21080485065298357,0.5093855193212697,0.21080485065298357,0.29757813597568283,0.21080485065298357,0.5138828090828093,0.21099078165141721,0.21080485065298357,0.21080485065298357,0.44349722677335535
0.4627427014268962,0.4627427014268962,0.49990835347945545,0.4756768333530854,0.917670301184125,0.657626725681209,0.4630298182158387,0.5076990622939296,0.6601600600624461,0.6161739147176041,0.5072742851155754,0.6467828730731778,0.4627427014268962,0.6072223603979401,0.5069288005097068,0.6491849988096784,0.462824992988259,0.6878504851698733,0.4627427014268962,0.611331486011699,0.6441859828089238,0.5072531246537696,0.4627427014268962,0.6018615024203543,0.6879268611924729,0.4627427014268962,0.6584115987339892,0.506302216836206,0.6043098262824531,0.4627427014268962,0.659379036555057,0.5065707079843367,0.5999505327065969,0.6037156879144209,0.4627427014268962,0.5071321899957771,0.6545621712823194,0.6040602252202354,0.5067838301912947,0.6510161926401183,0.4627427014268962,0.6490837912698709,0.5060714576530279,0.6070860245041475,0.4627427014268962,0.6517894044484648,0.644589262173104,0.4627427014268962,0.652450863492339,0.5067586135273097,0.6530501824020308,0.4627427014268962,0.6385467706794251,0.4627427014268962,0.6540309894636352,0.4627427014268962,0.6399708487348492,0.4627427014268962,0.605994897512965,0.6900530673664391,0.4627427014268962,0.6026338505553388,0.5065987092789194,0.6590127508038088,0.4627427014268962,0.6584442748380972,0.6511314354290342,0.4627427014268962,0.4627427014268962,0.6619239857508981,0.5066070336753749,0.6046803402842577,0.6612242809489214,0.5067404567152388,0.6495023836496229,0.4627427014268962,0.5966813385192833,0.5065389207653763,0.4627427014268962,0.6498834562010554,0.4627427014268962,0.4627427014268962,0.6039564319413336,0.5065659148073732,0.4627427014268962,0.4627427014268962,0.650346629391186,0.4627427014268962,0.4627427014268962,0.4627427014268962,0.6948729384524717,0.4627427014268962,0.4627427014268962,0.4627427014268962,0.6145248913093573,0.4627427014268962,0.4627427014268962,0.5062557708988571,0.6563628752474923,0.4627427014268962,0.4628508447965051,0.6509427398167767,0.4627427014268962,0.4627427014268962,0.5062259825661557,0.5976857561510364,0.4627427014268962,0.4627427014268962,0.6472035302040313,0.4627427014268962,0.4627427014268962,0.5066254477401589,0.6244872967527128,0.4627427014268962,0.4627427014268962,0.4627427014268962,0.6483403144378224,0.4627427014268962,0.5070477697878915,0.4627427014268962,0.6516646939855492,0.46282554895777644,0.4627427014268962,0.4627427014268962,0.6008243854366278
0.0,0.0,0.19176915146322907,0.11154743621975194,0.8408964152537145,0.4789272532571989,0.01649620245235272,0.21185945503742729,0.48267668562331306,0.4156521935884991,0.21080485065298357,0.4627427014268962,0.0,0.40140155708810604,0.2099439339491423,0.4663475945208772,0.008830385562823864,0.5229886575224565,0.0,0.4079741575556947,0.4588322579077979,0.21075220296114072,0.0,0.3927427425301739,0.5230983278005106,0.0,0.4800901196578466,0.20837515719759192,0.3967094245906149,0.0,0.4815219571306115,0.2090485539471769,0.38963198294012946,0.3957487329727498,0.0,0.2104511093492133,0.47437606978368035,0.39630597990926963,0.20958182362243943,0.469087966318701,0.0,0.4661959449520693,0.20779497160094115,0.40118254940230097,0.0,0.47024310636657307,0.45944044302632986,0.0,0.4712303776287395,0.20951878477362318,0.4721241770970116,0.0,0.45029119687864444,0.0,0.4735854406797756,0.0,0.45245464066477437,0.0,0.3994275638081318,0.5261484099660425,0.0,0.39399632565181586,0.20911868144436788,0.48098003901149844,0.0,0.4801385085290232,0.46926020685564335,0.0,0.0,0.48528069021302256,0.2091395256773674,0.39730791523828557,0.4842483941049881,0.2094733851921836,0.46682303268864705,0.0,0.38427937278122365,0.20896892157029562,0.0,0.46739361077802327,0.0,0.0,0.3961381499285709,0.20903654781033706,0.0,0.0,0.46808673247756694,0.0,0.0,0.0,0.5330417745451859,0.0,0.0,0.0,0.41304549098601157,0.0,0.0,0.2082584868196683,0.4770523922774389,0.0,0.010122985403431605,0.4689781710960513,0.0,0.0,0.20818363157835792,0.3859281185016751,0.0,0.0,0.4633748275688962,0.0,0.0,0.2091856283531923,0.4286752251160206,0.0,0.0,0.0,0.46508129173443674,0.0,0.2102407186340013,0.0,0.4700568733984282,0.00886016770612441,0.0,0.0,0.3910561001069225
0.40140155708810604,0.40140155708810604,0.4441949236285908,0.4164024410416935,0.9009990288899647,0.6190330527548676,0.40173594967658277,0.45305497460531535,0.6217895523283935,0.5737680630291799,0.4525727578175186,0.6072223603979401,0.40140155708810604,0.5639468457204972,0.4521804836687316,0.609840336970963,0.401497405277234,0.6518608459872345,0.40140155708810604,0.5684575069415955,0.6043909991000062,0.45254873342178414,0.40140155708810604,0.5580559656351578,0.6519436560638424,0.40140155708810604,0.6198871720363338,0.4514688750650369,0.5607472358597754,0.40140155708810604,0.620939832276554,0.45177382560645907,0.555954318581002,0.5600942791014479,0.40140155708810604,0.4524114263675458,0.615697200627798,0.5604729355318901,0.45201586046895775,0.6118354243947359,0.40140155708810604,0.6097300548702902,0.4512067487743752,0.5637971180144193,0.40140155708810604,0.6126776720525023,0.6048307675468737,0.40140155708810604,0.6133981110937159,0.451987224143876,0.6140508074232355,0.40140155708810604,0.5982384920966757,0.40140155708810604,0.6151188427825046,0.40140155708810604,0.5997927386866437,0.40140155708810604,0.5625986505210178,0.6542487163629187,0.40140155708810604,0.5589051159663156,0.4518056270341815,0.6205412970121099,0.40140155708810604,0.6199227289561753,0.611960962844378,0.40140155708810604,0.40140155708810604,0.623708288224299,0.4518150810750818,0.5611543855776653,0.6229472301018614,0.4519666048510726,0.610186168268104,0.40140155708810604,0.5523567386999609,0.45173772393796086,0.40140155708810604,0.6106013731020852,0.40140155708810604,0.40140155708810604,0.560358866835613,0.45176838189134083,0.40140155708810604,0.40140155708810604,0.6111059995219433,0.40140155708810604,0.40140155708810604,0.40140155708810604,0.6594722141097237,0.40140155708810604,0.40140155708810604,0.40140155708810604,0.5719602282080509,0.40140155708810604,0.40140155708810604,0.451416118069959,0.6176574961267177,0.40140155708810604,0.4015275147669003,0.6117554082311969,0.40140155708810604,0.40140155708810604,0.45138228148831844,0.5534623452943429,0.40140155708810604,0.40140155708810604,0.6076808882292488,0.40140155708810604,0.40140155708810604,0.4518359938470202,0.5828729322908417,0.40140155708810604,0.40140155708810604,0.40140155708810604,0.608919862688079,0.40140155708810604,0.4523155724652898,0.40140155708810604,0.6125418335439582,0.4014980528181627,0.40140155708810604,0.40140155708810604,0.5569154802761135
0.2099439339491423,0.2099439339491423,0.2842293225812714,0.237705240412341,0.8588284739144371,0.5215838712132077,0.21059039390239379,0.29811548564791096,0.5249894660688853,0.46477146210938375,0.29736914883251897,0.5069288005097068,0.2099439339491423,0.4521804836687316,0.2967612514296821,0.5101864346531355,0.21012937728192765,0.561824719014268,0.2099439339491423,0.4579768492842904,0.5033995012586843,0.2973319386544624,0.2099439339491423,0.4445738656850344,0.561925430828958,0.2099439339491423,0.5226396911878013,0.2956567190059698,0.44805425162562806,0.2099439339491423,0.5239402263963103,0.29613033258631305,0.44184965675341975,0.4472106647738289,0.2099439339491423,0.2971192210860425,0.5174552233895832,0.44769993349382986,0.29650593296632344,0.5126654046970198,0.2099439339491423,0.5100493153604541,0.29524927685500074,0.4519876686927778,0.2099439339491423,0.5137110136375004,0.5039480989610307,0.2099439339491423,0.5146049767645811,0.2964615076588139,0.5154145435604633,0.2099439339491423,0.49570758488079714,0.2099439339491423,0.516738586545147,0.2099439339491423,0.497653732362207,0.2099439339491423,0.4504433514049251,0.5647273547072676,0.2099439339491423,0.445672971839888,0.2961796985636793,0.5234479380733891,0.2099439339491423,0.5226836336473986,0.512821288720653,0.2099439339491423,0.2099439339491423,0.5273568881276091,0.29619437337308957,0.44858000330361847,0.5264181647932717,0.29642951737875545,0.5106163628888366,0.2099439339491423,0.4371731367940117,0.2960742857095643,0.2099439339491423,0.5111324120957774,0.2099439339491423,0.2099439339491423,0.44755256189365766,0.29612188174192405,0.2099439339491423,0.2099439339491423,0.511759422429085,0.2099439339491423,0.2099439339491423,0.2099439339491423,0.571066750180979,0.2099439339491423,0.2099439339491423,0.2099439339491423,0.46246192928236035,0.2099439339491423,0.2099439339491423,0.2955747401118161,0.5198823784716419,0.2099439339491423,0.21018760766317934,0.5125660404842338,0.2099439339491423,0.2099439339491423,0.2955221549033369,0.43861212932793614,0.2099439339491423,0.2099439339491423,0.5074997520636573,0.2099439339491423,0.2099439339491423,0.29622683328722743,0.4763504219821799,0.2099439339491423,0.2099439339491423,0.2099439339491423,0.5090416719397625,0.2099439339491423,0.2969706730982214,0.2099439339491423,0.5135424132664048,0.2101306297186296,0.2099439339491423,0.2099439339491423,0.44309623685543287
0.4663475945208772,0.4663475945208772,0.5032177908655483,0.47917455178867663,0.9186749420161124,0.6599720433379447,0.46663227726808,0.5109510823879421,0.662492229653473,0.6187417172463471,0.5105293995219555,0.6491849988096784,0.4663475945208772,0.609840336970963,0.5101864346531355,0.6515744638680245,0.4664291881900437,0.6900415762472368,0.4663475945208772,0.6139263241548398,0.646601846944952,0.5105083933122442,0.4663475945208772,0.6045099482009634,0.6901175690704318,0.4663475945208772,0.660752838078517,0.5095644278387975,0.6069443162754437,0.4663475945208772,0.6617152549033349,0.5098309567003105,0.6026099193645981,0.6063535582823752,0.4663475945208772,0.510388340420202,0.6569234548846218,0.6066961348401378,0.5100425224655164,0.6533960360898582,0.4663475945208772,0.6514737888500931,0.5093353564987834,0.6097047719568635,0.4663475945208772,0.6541651928693286,0.6470029892897655,0.4663475945208772,0.6548231865239158,0.510017489905766,0.6554193684156879,0.4663475945208772,0.6409926574798519,0.4663475945208772,0.6563950473726365,0.4663475945208772,0.6424091288735607,0.4663475945208772,0.6086198219391488,0.6922331189517105,0.4663475945208772,0.6052778864243598,0.509858753440688,0.6613508694039034,0.4663475945208772,0.6607853444869735,0.6535106742139605,0.4663475945208772,0.4663475945208772,0.664247026730067,0.5098670170294824,0.6073127242503167,0.6635509404760919,0.5099994656637046,0.6518901792411682,0.4663475945208772,0.5993595419957841,0.5097994017141664,0.4663475945208772,0.6522692483455197,0.4663475945208772,0.4663475945208772,0.606592932102508,0.50982619854012,0.4663475945208772,0.4663475945208772,0.6527299879487244,0.4663475945208772,0.4663475945208772,0.4663475945208772,0.6970289126959585,0.4663475945208772,0.4663475945208772,0.4663475945208772,0.6171018728110083,0.4663475945208772,0.4663475945208772,0.5095183215228228,0.6587147692314902,0.4663475945208772,0.4664548207998009,0.6533229687169162,0.4663475945208772,0.4663475945208772,0.509488751034071,0.6003581648672881,0.4663475945208772,0.4663475945208772,0.6496034355636903,0.4663475945208772,0.4663475945208772,0.5098852965897127,0.6270092438375438,0.4663475945208772,0.4663475945208772,0.4663475945208772,0.650734226382377,0.4663475945208772,0.5103045359399214,0.4663475945208772,0.6540411361329519,0.46642973944525445,0.4663475945208772,0.4663475945208772,0.6034787637459728
0.008830385562823864,0.008830385562823864,0.1919722123215126,0.11189638136052367,0.8409291980834387,0.47900648222456854,0.018710970057201095,0.21204321652909275,0.48275523004143933,0.41574457143715315,0.21098953434066262,0.462824992988259,0.008830385562823864,0.401497405277234,0.21012937728192765,0.4664291881900437,0.012488050974048183,0.5230603572598271,0.008830385562823864,0.40806837755455655,0.45891531721717577,0.2109369329265633,0.008830385562823864,0.39284081236952856,0.5231700100756796,0.008830385562823864,0.4801691353528178,0.20856200079300002,0.3968064655288708,0.008830385562823864,0.48160071141613003,0.2092347939242459,0.38973087326745953,0.39584602134582025,0.008830385562823864,0.2106361044199953,0.47445614194185237,0.39640312462302296,0.20976758832083284,0.46916903564120427,0.008830385562823864,0.46627756779260654,0.20798233837761917,0.40127845269013573,0.008830385562823864,0.47032395623307555,0.4595233821853929,0.008830385562823864,0.471311040660761,0.20970460553043746,0.47220467155909207,0.008830385562823864,0.4503759733472037,0.008830385562823864,0.4736656607174353,0.008830385562823864,0.4525389768220506,0.008830385562823864,0.3995239106346362,0.5262196088639234,0.008830385562823864,0.3940940682528915,0.20930485878259228,0.4810588920804959,0.008830385562823864,0.4802175153682438,0.46934124339685684,0.008830385562823864,0.008830385562823864,0.48535876444019327,0.20932568440527702,0.3974048025900803,0.48432665422153454,0.20965924634213537,0.4669045350079576,0.008830385562823864,0.3843797038417825,0.2091552327267206,0.008830385562823864,0.467475003678283,0.008830385562823864,0.008830385562823864,0.39623533786981024,0.2092227985156362,0.008830385562823864,0.008830385562823864,0.46816799276685034,0.008830385562823864,0.008830385562823864,0.008830385562823864,0.5331118967574695,0.008830385562823864,0.008830385562823864,0.008830385562823864,0.41313848722901614,0.008830385562823864,0.008830385562823864,0.2084454353898461,0.4771319669468345,0.008830385562823864,0.013433188069146104,0.4690592613258437,0.008830385562823864,0.008830385562823864,0.20837064756145138,0.3860280018047793,0.008830385562823864,0.008830385562823864,0.4634569960764274,0.008830385562823864,0.008830385562823864,0.20937174593242053,0.4287646159668521,0.008830385562823864,0.008830385562823864,0.008830385562823864,0.4651631294922327,0.008830385562823864,0.2104258993959438,0.008830385562823864,0.4701377585834685,0.012509127867096842,0.008830385562823864,0.008830385562823864,0.3911546133053712
