0.0,0.0,0.12173920058529869,0.1471703782949554,0.1278967535117791,0.419397888201033,0.8408964121211313,0.006035981610749749,0.020949119838711745,0.5485411193304525,0.0,0.42746694233509164,0.21657910995263976,0.4761425941295604,0.0,0.4125185150928543,0.2156941392269265,0.48005711895101244,0.4878653204297786,0.21553626308417304,0.0,0.41952660430204747,0.5244355353689305,0.0,0.4035003113843773,0.0,0.5393846128111361,0.0,0.4941871421020564,0.009073150543030147,0.46325236397734176,0.49562412768558667,0.009103751501811619,0.4572328421640858,0.009073150543030147,0.40728311362341996,0.21631612227828328,0.48827827503389826,0.0,0.4071031466995342,0.5336152520246572,0.0,0.0,0.5295889803082587,0.41247620148328223,0.0,0.4837499556871212,0.2141805603456948,0.41795305319227444,0.0,0.5353991245983148,0.0,0.48566741618238446,0.40714805547368,0.21534199649775257,0.0,0.48758864980224226,0.46527408152790306,0.0,0.410712455327361,0.0,0.5419637924309594,0.009652385633994823,0.4052537024643131,0.2148795939797193,0.49538376720984706,0.49394730416629296,0.0,0.4825350289053437,0.0,0.0,0.5492648314045084,0.4088533555343971,0.0,0.5484428107313399,0.010691365407455751,0.48005774969066783,0.0,0.45213181666990665,0.0,0.0,0.48106311001881086,0.0,0.0,0.40722146896624023,0.21493022722516217,0.0,0.0,0.4818749354797634,0.0,0.01037451362071057,0.0,0.5488835325060318,0.0,0.0,0.42470278155591695,0.0,0.0,0.21406329258678067,0.49063241988682643,0.0,0.0,0.0,0.4823948183938333,0.0,0.0,0.21610511740558339,0.3970973970107973,0.0,0.0,0.0,0.4768631798642251,0.21494840039015656,0.0,0.44086861706934316,0.010401286578987238,0.0,0.47826399252525437,0.0,0.2159656264640185,0.0,0.4837078986231137,0.0,0.0,0.0
0.0,0.0,0.12173920058529869,0.1471703782949554,0.1278967535117791,0.419397888201033,0.8408964121211313,0.006035981610749749,0.020949119838711745,0.5485411193304525,0.0,0.42746694233509164,0.21657910995263976,0.4761425941295604,0.0,0.4125185150928543,0.2156941392269265,0.48005711895101244,0.4878653204297786,0.21553626308417304,0.0,0.41952660430204747,0.5244355353689305,0.0,0.4035003113843773,0.0,0.5393846128111361,0.0,0.4941871421020564,0.009073150543030147,0.46325236397734176,0.49562412768558667,0.009103751501811619,0.4572328421640858,0.009073150543030147,0.40728311362341996,0.21631612227828328,0.48827827503389826,0.0,0.4071031466995342,0.5336152520246572,0.0,0.0,0.5295889803082587,0.41247620148328223,0.0,0.4837499556871212,0.2141805603456948,0.41795305319227444,0.0,0.5353991245983148,0.0,0.48566741618238446,0.40714805547368,0.21534199649775257,0.0,0.48758864980224226,0.46527408152790306,0.0,0.410712455327361,0.0,0.5419637924309594,0.009652385633994823,0.4052537024643131,0.2148795939797193,0.49538376720984706,0.49394730416629296,0.0,0.4825350289053437,0.0,0.0,0.5492648314045084,0.4088533555343971,0.0,0.5484428107313399,0.010691365407455751,0.48005774969066783,0.0,0.45213181666990665,0.0,0.0,0.48106311001881086,0.0,0.0,0.40722146896624023,0.21493022722516217,0.0,0.0,0.4818749354797634,0.0,0.01037451362071057,0.0,0.5488835325060318,0.0,0.0,0.42470278155591695,0.0,0.0,0.21406329258678067,0.49063241988682643,0.0,0.0,0.0,0.4823948183938333,0.0,0.0,0.21610511740558339,0.3970973970107973,0.0,0.0,0.0,0.4768631798642251,0.21494840039015656,0.0,0.44086861706934316,0.010401286578987238,0.0,0.47826399252525437,0.0,0.2159656264640185,0.0,0.4837078986231137,0.0,0.0,0.0
0.12173920058529869,0.12173920058529869,0.17215577394345336,0.19098088319199139,0.17656226408791917,0.43642254531592783,0.8470588787450459,0.12188872803524366,0.12352833259587233,0.5612467506622372,0.12173920058529869,0.44416081195345336,0.24840587565147623,0.49104114641280083,0.12173920058529869,0.4298338103060393,0.24763529038806556,0.49482425021926735,0.5023753126204966,0.24749789996866414,0.12173920058529869,0.4365459005044874,0.5378208862259113,0.12173920058529869,0.42120933529124344,0.12173920058529869,0.5523433233672315,0.12173920058529869,0.508493631764834,0.1220768034004486,0.47859619835138256,0.5098849247982,0.12207908132373352,0.47279154831292575,0.1220768034004486,0.4248251726880629,0.24817680106160794,0.5027748483549674,0.12173920058529869,0.4246530890767188,0.5467365717536959,0.12173920058529869,0.12173920058529869,0.5428252859379932,0.4297933097958825,0.12173920058529869,0.49839465835448654,0.24631911254279318,0.4350380781021166,0.12173920058529869,0.5484698981429891,0.12173920058529869,0.5002491300441405,0.4246960300998672,0.24732887432411405,0.12173920058529869,0.5021076423175187,0.48054676374999195,0.12173920058529869,0.42810542109773214,0.12173920058529869,0.554850607982098,0.12212121523696429,0.4228850044162,0.2469266995469023,0.5096521928630013,0.5082614401666323,0.12173920058529869,0.49721984635722627,0.12173920058529869,0.12173920058529869,0.5619507120092199,0.4263268825798293,0.12173920058529869,0.5611511277800987,0.12220771498829781,0.4948248599206834,0.12173920058529869,0.4678762573759901,0.12173920058529869,0.12173920058529869,0.49579674222078,0.12173920058529869,0.12173920058529869,0.4247662276582519,0.2469707276447134,0.12173920058529869,0.12173920058529869,0.49658161509181187,0.12173920058529869,0.12218040589607447,0.12173920058529869,0.5615798145829886,0.12173920058529869,0.12173920058529869,0.4415087728316717,0.12173920058529869,0.12173920058529869,0.24621723270690773,0.5050528339428081,0.12173920058529869,0.12173920058529869,0.12173920058529869,0.49708427563043106,0.12173920058529869,0.12173920058529869,0.2479930541386253,0.41509522094440654,0.12173920058529869,0.12173920058529869,0.12173920058529869,0.49173741120806663,0.24698653071757462,0.12173920058529869,0.457035651609689,0.12218268188699513,0.12173920058529869,0.49309111135309636,0.12173920058529869,0.24787160648006445,0.12173920058529869,0.4983539872823354,0.12173920058529869,0.12173920058529869,0.12173920058529869
0.1471703782949554,0.1471703782949554,0.19098088319199139,0.20810593127279448,0.1949614440837624,0.4440436456430432,0.8498565816063486,0.14729407578222456,0.14865355976850667,0.5669939459008517,0.1471703782949554,0.45164098347041776,0.2617838554008384,0.49774867582294424,0.1471703782949554,0.43757835368024156,0.26105308848728975,0.5014747232946413,0.5089139597697506,0.26092282118303217,0.1471703782949554,0.4441647205270944,0.543867581146878,0.1471703782949554,0.4291205319111869,0.1471703782949554,0.5582022158724363,0.1471703782949554,0.5149436030739806,0.14744973015685658,0.48549655335148684,0.516314964525667,0.14745161586770056,0.4797846755705194,0.14744973015685658,0.4326657796627659,0.2615665941857007,0.5093076530132851,0.1471703782949554,0.4324970316758626,0.5526671172333539,0.1471703782949554,0.1471703782949554,0.5488064444416821,0.43753862212314465,0.1471703782949554,0.5049919201579199,0.25980544668091754,0.44268484795516067,0.1471703782949554,0.5543781804029629,0.1471703782949554,0.5068189929123614,0.4325391401199754,0.26076256870982795,0.1471703782949554,0.5086502077734472,0.4874163584950012,0.1471703782949554,0.43588289272710706,0.1471703782949554,0.560677791471654,0.14748649716540221,0.4307633566132069,0.2603813126035448,0.516085560778585,0.5147147461359591,0.1471703782949554,0.5038345495355535,0.1471703782949554,0.1471703782949554,0.5676891811226933,0.4341384806987875,0.1471703782949554,0.5668995095020115,0.14755811934917779,0.5014753238570617,0.1471703782949554,0.4749494298640816,0.1471703782949554,0.1471703782949554,0.5024326611996058,0.1471703782949554,0.1471703782949554,0.4326079769421673,0.26042304760040486,0.1471703782949554,0.1471703782949554,0.503205821087312,0.1471703782949554,0.14753550557720643,0.1471703782949554,0.5673228793635574,0.1471703782949554,0.1471703782949554,0.44903676398141945,0.1471703782949554,0.1471703782949554,0.25970889979100775,0.5115524665920426,0.1471703782949554,0.1471703782949554,0.1471703782949554,0.503700995733343,0.1471703782949554,0.1471703782949554,0.2613923374818865,0.4231282312198353,0.1471703782949554,0.1471703782949554,0.1471703782949554,0.49843438666431816,0.26043802778885283,0.1471703782949554,0.4642904335691635,0.14753739019071624,0.1471703782949554,0.49976763614137426,0.1471703782949554,0.26127716943650175,0.1471703782949554,0.5049518517978816,0.1471703782949554,0.1471703782949554,0.1471703782949554
0.1278967535117791,0.1278967535117791,0.17656226408791917,0.1949614440837624,0.18086122309836883,0.43814792435354527,0.8476902291997293,0.12803908679618625,0.12960086762038905,0.5625447660985581,0.1278967535117791,0.44585391570452426,0.2514752662936111,0.4925577087239015,0.1278967535117791,0.4315874797965082,0.25071418829617836,0.4963278018574375,0.5038533743390035,0.2505784989945902,0.1278967535117791,0.43827075712039154,0.5391869626945476,0.1278967535117791,0.4230012278313521,0.1278967535117791,0.5536667120787323,0.1278967535117791,0.5099514897317934,0.1282181365879234,0.48015675698159,0.5113382427040668,0.12822030535393497,0.4743732889347083,0.1282181365879234,0.4266008708023748,0.251249011979,0.5042515786794658,0.1278967535117791,0.4264295522981955,0.5480762433478253,0.1278967535117791,0.1278967535117791,0.5441764620802966,0.43154715557200385,0.1278967535117791,0.4998860792255022,0.24941438254256007,0.43676933850703875,0.1278967535117791,0.549804509983413,0.1278967535117791,0.5017343058423276,0.42647230234765326,0.25041156867917036,0.1278967535117791,0.5035865969644809,0.48210030121525743,0.1278967535117791,0.42986664017781373,0.1278967535117791,0.5561667924653203,0.12826042090665782,0.42466936113089954,0.25001439065720793,0.5111062688427969,0.5097200577499229,0.1278967535117791,0.4987152430729182,0.1278967535117791,0.1278967535117791,0.5632467456926952,0.4280959273854916,0.1278967535117791,0.5624494126789263,0.12834278107063105,0.4963284094751466,0.1278967535117791,0.46947628181413625,0.1278967535117791,0.1278967535117791,0.49729697561164754,0.1278967535117791,0.1278967535117791,0.426542187787602,0.25005787096541005,0.1278967535117791,0.1278967535117791,0.49807917815488845,0.1278967535117791,0.1283167783117705,0.1278967535117791,0.5628768919600303,0.1278967535117791,0.1278967535117791,0.4432128254905925,0.1278967535117791,0.1278967535117791,0.24931377708329194,0.5065220056617324,0.1278967535117791,0.1278967535117791,0.1278967535117791,0.49858013213437175,0.1278967535117791,0.1278967535117791,0.25106753092856576,0.4169150742769837,0.1278967535117791,0.1278967535117791,0.1278967535117791,0.49325156661817354,0.25007347746551895,0.1278967535117791,0.458677185877201,0.12831894540970679,0.1278967535117791,0.4946006031871922,0.1278967535117791,0.25094758268907724,0.1278967535117791,0.49984554553911703,0.1278967535117791,0.1278967535117791,0.1278967535117791
0.419397888201033,0.419397888201033,0.43642254531592783,0.4440436456430432,0.43814792435354527,0.5884763672122068,0.905791662949951,0.419440643663786,0.41991260395454705,0.6811380875162607,0.419397888201033,0.5939799801530262,0.47103733441206025,0.6280857706553515,0.419397888201033,0.5838214220316448,0.47064076787515563,0.6308897333478354,0.6365072360604734,0.4705701543519931,0.419397888201033,0.5885637938466368,0.6632162497160885,0.419397888201033,0.5777730737030008,0.419397888201033,0.6743038094873248,0.419397888201033,0.6410785582729697,0.41949448936749195,0.6189130607671944,0.6421204588694822,0.41949514199758725,0.614662617117045,0.41949448936749195,0.5803025565954164,0.4709193545224115,0.636805220525638,0.419397888201033,0.5801819663399116,0.6700141019689249,0.419397888201033,0.419397888201033,0.6670282771189062,0.5837928989127148,0.419397888201033,0.6335424780180537,0.4699654458293015,0.587495831627812,0.419397888201033,0.6713390729811728,0.419397888201033,0.6349227368560845,0.5802120559909101,0.470483319652321,0.419397888201033,0.6363076422878308,0.6203454231146565,0.419397888201033,0.5826051735396206,0.419397888201033,0.6762256851986679,0.4195072154595369,0.5789441546334332,0.4702768769812909,0.6419461115303087,0.640904761783657,0.419397888201033,0.6326689339567956,0.419397888201033,0.419397888201033,0.681679576947709,0.5813557782748415,0.419397888201033,0.6810645465744856,0.41953201384366284,0.6308901858150758,0.419397888201033,0.6110778782610026,0.419397888201033,0.419397888201033,0.631611663027399,0.419397888201033,0.419397888201033,0.5802612476250786,0.47029946566970354,0.419397888201033,0.419397888201033,0.6321946494790078,0.419397888201033,0.41952418294345245,0.419397888201033,0.6813942612257838,0.419397888201033,0.419397888201033,0.5920894357782788,0.419397888201033,0.419397888201033,0.46991327865930027,0.6385056270636634,0.419397888201033,0.419397888201033,0.419397888201033,0.632568171717312,0.419397888201033,0.419397888201033,0.47082477538385303,0.5735171064257959,0.419397888201033,0.419397888201033,0.419397888201033,0.6286012959671151,0.47030757416003915,0.419397888201033,0.6032204729324631,0.4195248355244089,0.419397888201033,0.6296042864391411,0.419397888201033,0.4707622904803043,0.419397888201033,0.6335122255115007,0.419397888201033,0.419397888201033,0.419397888201033
0.8408964121211313,0.8408964121211313,0.8470588787450459,0.8498565816063486,0.8476902291997293,0.905791662949951,1.0,0.8409117299234614,0.8410808716659799,0.9418617520194174,0.8408964121211313,0.9079701413888497,0.8599397445288637,0.9214143946690352,0.8408964121211313,0.9039483834814817,0.8597898066001313,0.9225127522109842,0.9247087637428442,0.8597631135804892,0.8408964121211313,0.905826277317838,0.9350478953578335,0.8408964121211313,0.901552934694745,0.8408964121211313,0.9392772853602396,0.8408964121211313,0.9264910092977047,0.8409310221475372,0.9178122101261414,0.9268965746894537,0.840931255984533,0.9161389045537117,0.8409310221475372,0.9025547518333218,0.8598951322482598,0.9248250765446842,0.8408964121211313,0.9025069912401452,0.937646056886694,0.8408964121211313,0.8408964121211313,0.9365067889488774,0.9039370875247075,0.8408964121211313,0.9235505404102581,0.8595345896129577,0.9054034296023858,0.8408964121211313,0.938150609510622,0.8408964121211313,0.9240899771620786,0.9025189084545008,0.859730290886072,0.8408964121211313,0.9246308456655961,0.9183755503417572,0.8408964121211313,0.90346670574828,0.8408964121211313,0.9400058991874746,0.8409355819337695,0.9020167468869942,0.8596522671941567,0.9268287263213659,0.926423334112773,0.8408964121211313,0.9232089466296378,0.8408964121211313,0.8408964121211313,0.9420657296009927,0.9029718853867365,0.8408964121211313,0.9418340401099025,0.8409444674579408,0.9225129293349262,0.8408964121211313,0.9147259391760346,0.8408964121211313,0.8408964121211313,0.9227953122577737,0.8408964121211313,0.8408964121211313,0.9025383911373908,0.8596608037802739,0.8408964121211313,0.8408964121211313,0.9230234193083876,0.8408964121211313,0.8409416615333676,0.8408964121211313,0.9419582669020006,0.8408964121211313,0.8408964121211313,0.9072219499710512,0.8408964121211313,0.8408964121211313,0.8595148807350909,0.9254884421771048,0.8408964121211313,0.8408964121211313,0.8408964121211313,0.923169534746263,0.8408964121211313,0.8408964121211313,0.8598593718041487,0.8998674470899161,0.8408964121211313,0.8408964121211313,0.8408964121211313,0.921616439234069,0.8596638681337733,0.8408964121211313,0.9116241698704848,0.8409418953614882,0.8408964121211313,0.9220093968099171,0.8408964121211313,0.8598357477791979,0.8408964121211313,0.9235387128362453,0.8408964121211313,0.8408964121211313,0.8408964121211313
0.006035981610749749,0.006035981610749749,0.12188872803524366,0.14729407578222456,0.12803908679618625,0.419440643663786,0.8409117299234614,0.008536167056156894,0.021801346114906354,0.5485727882748981,0.006035981610749749,0.42750883772970294,0.21666311132356714,0.47617985490767734,0.006035981610749749,0.41256202789330704,0.21577848662327692,0.4800940425671636,0.48790158514112975,0.21562067250697456,0.006035981610749749,0.4195693458101545,0.5244689300653258,0.006035981610749749,0.40354485268412676,0.006035981610749749,0.5394169235554579,0.006035981610749749,0.49422288607836584,0.01089748294866313,0.4632907691971762,0.49565975482840136,0.010922974178463912,0.45727180079892055,0.01089748294866313,0.4073272184176808,0.21640022618438848,0.4883145053884961,0.006035981610749749,0.40714727209161533,0.5336479756045664,0.006035981610749749,0.006035981610749749,0.5296219960393763,0.41251971901320483,0.006035981610749749,0.48378656545737897,0.21426550613510242,0.4179959658311029,0.006035981610749749,0.5354317198111871,0.006035981610749749,0.4857038645724785,0.4071921757242353,0.21542648236803114,0.006035981610749749,0.4876249375589743,0.46531230365934767,0.006035981610749749,0.4107561707867617,0.006035981610749749,0.5419959207631783,0.011384270849586537,0.40529804050495044,0.21496426236605615,0.495419413856229,0.4939830676970115,0.006035981610749749,0.48257174148391097,0.006035981610749749,0.006035981610749749,0.5492964502983992,0.40889728131528996,0.006035981610749749,0.5484744864820994,0.012277555462228727,0.4800946732528672,0.006035981610749749,0.4521712542966964,0.006035981610749749,0.006035981610749749,0.4810999477365751,0.006035981610749749,0.006035981610749749,0.40726558081405695,0.21501487558790228,0.006035981610749749,0.006035981610749749,0.4819117040984935,0.006035981610749749,0.012002649960315493,0.006035981610749749,0.5489151777577632,0.006035981610749749,0.006035981610749749,0.42474496825085173,0.006035981610749749,0.006035981610749749,0.21414828508871045,0.49066845530132197,0.006035981610749749,0.006035981610749749,0.006035981610749749,0.48243154286512013,0.006035981610749749,0.006035981610749749,0.21618930375865478,0.3971426946037427,0.006035981610749749,0.006035981610749749,0.006035981610749749,0.47690037822599646,0.21503304156836037,0.006035981610749749,0.44090914671360787,0.012025798785952469,0.006035981610749749,0.4783010700060492,0.006035981610749749,0.2160498674088952,0.006035981610749749,0.483744511945044,0.006035981610749749,0.006035981610749749,0.006035981610749749
0.020949119838711745,0.020949119838711745,0.12352833259587233,0.14865355976850667,0.12960086762038905,0.41991260395454705,0.8410808716659799,0.021801346114906354,0.029626527969702273,0.5489224514319595,0.020949119838711745,0.4279713142918298,0.21758880694153898,0.4765912153037591,0.020949119838711745,0.4130423385504634,0.21670797775701178,0.48050168360596207,0.4883019572879704,0.21655084397915275,0.020949119838711745,0.4200411522325546,0.5248376367922277,0.020949119838711745,0.40403650263086655,0.020949119838711745,0.5397736691907742,0.020949119838711745,0.49461751334065207,0.022829535113320566,0.4637147536352994,0.4960530931230863,0.022841714109373933,0.4577018894129687,0.022829535113320566,0.4078140559819058,0.21732704652244206,0.48871449850946885,0.020949119838711745,0.4076343367467517,0.5340092768614896,0.020949119838711745,0.020949119838711745,0.5299865210953804,0.413000081815515,0.020949119838711745,0.484190744262274,0.21520156046217412,0.418469659182367,0.020949119838711745,0.5357916045572108,0.020949119838711745,0.48610626305842236,0.4076791836941045,0.216357492346274,0.020949119838711745,0.48802556394336677,0.46573426857150807,0.020949119838711745,0.41123871585724636,0.020949119838711745,0.5423506534496801,0.023065865685500755,0.40578744958547014,0.21589727420926866,0.4958129673251283,0.49437791069258963,0.020949119838711745,0.48297705444169337,0.020949119838711745,0.020949119838711745,0.5496455611182369,0.40938214524015476,0.020949119838711745,0.5488242247506876,0.023519585507083485,0.4805023136964951,0.020949119838711745,0.4526066259837209,0.020949119838711745,0.020949119838711745,0.4815066411836617,0.020949119838711745,0.020949119838711745,0.40775249614376996,0.21594766781212885,0.020949119838711745,0.020949119838711745,0.48231763527221083,0.020949119838711745,0.023377256931024503,0.020949119838711745,0.5492645794520508,0.020949119838711745,0.020949119838711745,0.4252106569774604,0.020949119838711745,0.020949119838711745,0.2150848517325733,0.49106629781262423,0.020949119838711745,0.020949119838711745,0.020949119838711745,0.4828369870195402,0.020949119838711745,0.020949119838711745,0.21711702845304592,0.3976426820789134,0.020949119838711745,0.020949119838711745,0.020949119838711745,0.47731105009163144,0.21596575499233195,0.020949119838711745,0.4413565621177428,0.023389150726886226,0.020949119838711745,0.47871040839390244,0.020949119838711745,0.2169781909110277,0.020949119838711745,0.48414872993115404,0.020949119838711745,0.020949119838711745,0.020949119838711745
0.5485411193304525,0.5485411193304525,0.5612467506622372,0.5669939459008517,0.5625447660985581,0.6811380875162607,0.9418617520194174,0.5485727882748981,0.5489224514319595,0.7575654851153248,0.5485411193304525,0.6856318556627082,0.5876213555000867,0.7136299620040911,0.5485411193304525,0.6773431882597005,0.5873154349246003,0.7159419479546967,0.7205778487851403,0.5872609706191517,0.5485411193304525,0.6812094138755707,0.7426842431615086,0.5485411193304525,0.6724207756286059,0.5485411193304525,0.7518870308885359,0.5485411193304525,0.7243541666247929,0.5486126735208658,0.7060766206804067,0.7252153249641041,0.5486131569570656,0.7025820053488577,0.5486126735208658,0.6744781955382911,0.5875303345329991,0.7208239090923367,0.5485411193304525,0.6743800713414334,0.7483250199541295,0.5485411193304525,0.5485411193304525,0.7458468039616317,0.6773199522269967,0.5485411193304525,0.7181304948687204,0.5867946647275419,0.6803382566709174,0.5485411193304525,0.749425031933062,0.5485411193304525,0.7192696933071467,0.6744045549034343,0.5871939984642037,0.5485411193304525,0.7204130425147078,0.7072550717099845,0.5485411193304525,0.6763525737025455,0.5485411193304525,0.7534834554519219,0.5486221004346289,0.6733730900999509,0.5870347932324718,0.7250712107402008,0.7242105354350874,0.5485411193304525,0.7174096785888275,0.5485411193304525,0.5485411193304525,0.7580155683368217,0.6753353657843503,0.5485411193304525,0.757504360111979,0.5486404702727,0.7159423211433852,0.5485411193304525,0.6996375439923712,0.5485411193304525,0.5485411193304525,0.7165374302354727,0.5485411193304525,0.5485411193304525,0.6744445820241655,0.5870522121773769,0.5485411193304525,0.5485411193304525,0.7170183704846369,0.5485411193304525,0.5486346693508745,0.5485411193304525,0.7577784124018524,0.5485411193304525,0.5485411193304525,0.6840873655597349,0.5485411193304525,0.5485411193304525,0.5867544462729052,0.7222282906647751,0.5485411193304525,0.5485411193304525,0.5485411193304525,0.7173265415820819,0.5485411193304525,0.5485411193304525,0.587457372375737,0.668963017128928,0.5485411193304525,0.5485411193304525,0.5485411193304525,0.7140549310925646,0.5870584649890657,0.5485411193304525,0.6931930496082193,0.5486351527638355,0.5485411193304525,0.7148818721363133,0.5485411193304525,0.5874091715600716,0.5485411193304525,0.7181055294764054,0.5485411193304525,0.5485411193304525,0.5485411193304525
0.0,0.0,0.12173920058529869,0.1471703782949554,0.1278967535117791,0.419397888201033,0.8408964121211313,0.006035981610749749,0.020949119838711745,0.5485411193304525,0.0,0.42746694233509164,0.21657910995263976,0.4761425941295604,0.0,0.4125185150928543,0.2156941392269265,0.48005711895101244,0.4878653204297786,0.21553626308417304,0.0,0.41952660430204747,0.5244355353689305,0.0,0.4035003113843773,0.0,0.5393846128111361,0.0,0.4941871421020564,0.009073150543030147,0.46325236397734176,0.49562412768558667,0.009103751501811619,0.4572328421640858,0.009073150543030147,0.40728311362341996,0.21631612227828328,0.48827827503389826,0.0,0.4071031466995342,0.5336152520246572,0.0,0.0,0.5295889803082587,0.41247620148328223,0.0,0.4837499556871212,0.2141805603456948,0.41795305319227444,0.0,0.5353991245983148,0.0,0.48566741618238446,0.40714805547368,0.21534199649775257,0.0,0.48758864980224226,0.46527408152790306,0.0,0.410712455327361,0.0,0.5419637924309594,0.009652385633994823,0.4052537024643131,0.2148795939797193,0.49538376720984706,0.49394730416629296,0.0,0.4825350289053437,0.0,0.0,0.5492648314045084,0.4088533555343971,0.0,0.5484428107313399,0.010691365407455751,0.48005774969066783,0.0,0.45213181666990665,0.0,0.0,0.48106311001881086,0.0,0.0,0.40722146896624023,0.21493022722516217,0.0,0.0,0.4818749354797634,0.0,0.01037451362071057,0.0,0.5488835325060318,0.0,0.0,0.42470278155591695,0.0,0.0,0.21406329258678067,0.49063241988682643,0.0,0.0,0.0,0.4823948183938333,0.0,0.0,0.21610511740558339,0.3970973970107973,0.0,0.0,0.0,0.4768631798642251,0.21494840039015656,0.0,0.44086861706934316,0.010401286578987238,0.0,0.47826399252525437,0.0,0.2159656264640185,0.0,0.4837078986231137,0.0,0.0,0.0
0.42746694233509164,0.42746694233509164,0.44416081195345336,0.45164098347041776,0.44585391570452426,0.5939799801530262,0.9079701413888497,0.42750883772970294,0.4279713142918298,0.6856318556627082,0.42746694233509164,0.5994188659761064,0.4781669424979872,0.6331388752065242,0.42746694233509164,0.5893803810692678,0.4777769203206645,0.6359121700065667,0.641468656644657,0.47770747306103006,0.42746694233509164,0.5940663726395085,0.6678945337939477,0.42746694233509164,0.5834048012330667,0.42746694233509164,0.678867490870384,0.42746694233509164,0.6459907282992902,0.42756160049315434,0.6240675274421078,0.647021452460836,0.4275622399991052,0.6198646166404043,0.42756160049315434,0.5859037316119897,0.4780509086215831,0.6417634198822011,0.42746694233509164,0.5857845939631128,0.6746219417486747,0.42746694233509164,0.42746694233509164,0.6716669857166457,0.5893521988213662,0.42746694233509164,0.6385360317098878,0.4771127639115993,0.5930110564249003,0.42746694233509164,0.6759332498781933,0.42746694233509164,0.6399013117293091,0.5858143211232526,0.477622072934745,0.42746694233509164,0.6412712213455785,0.6254839537919498,0.42746694233509164,0.5881786866635005,0.42746694233509164,0.6807696530382324,0.42757407067476505,0.584561715493395,0.4774190426152698,0.6468489740988569,0.6458187978588876,0.42746694233509164,0.6376719848795027,0.42746694233509164,0.42746694233509164,0.6861678277520494,0.5869442830533116,0.42746694233509164,0.6855590642858786,0.4275983704245162,0.6359126175365919,0.42746694233509164,0.6163202567906144,0.42746694233509164,0.42746694233509164,0.6366262268620415,0.42746694233509164,0.42746694233509164,0.5858629201971641,0.477441257807394,0.42746694233509164,0.42746694233509164,0.6372028625413938,0.42746694233509164,0.42759069697881474,0.42746694233509164,0.6858854187777464,0.42746694233509164,0.42746694233509164,0.597550471103743,0.42746694233509164,0.42746694233509164,0.4770614603720825,0.6434454739802828,0.42746694233509164,0.42746694233509164,0.42746694233509164,0.6375723190063084,0.42746694233509164,0.42746694233509164,0.4779578900982246,0.5792006390718912,0.42746694233509164,0.42746694233509164,0.42746694233509164,0.6336487512119987,0.47744923223386526,0.42746694233509164,0.6085523292128382,0.42759133643824543,0.42746694233509164,0.6346407645989233,0.42746694233509164,0.47789643652033303,0.42746694233509164,0.6385061078846038,0.42746694233509164,0.42746694233509164,0.42746694233509164
0.21657910995263976,0.21657910995263976,0.24840587565147623,0.2617838554008384,0.2514752662936111,0.47103733441206025,0.8599397445288637,0.21666311132356714,0.21758880694153898,0.5876213555000867,0.21657910995263976,0.4781669424979872,0.30612049951918197,0.5216774663115834,0.21657910995263976,0.4649801809535808,0.305497088872342,0.5252095785884778,0.5322678852002888,0.30538600799369614,0.21657910995263976,0.47115085622174707,0.5655328939289876,0.21657910995263976,0.4570710333266074,0.21657910995263976,0.5792175580301585,0.21657910995263976,0.5379946814516722,0.2167688680520811,0.5100786132109151,0.5392978783731124,0.21677014963393476,0.504679843502763,0.2167688680520811,0.46038420643325845,0.3059351073109745,0.53264164614595,0.21657910995263976,0.4602264357258454,0.5739307852584372,0.21657910995263976,0.21657910995263976,0.5702452685367253,0.46494298719211336,0.21657910995263976,0.5285456506507662,0.30443381825592086,0.46976352786382625,0.21657910995263976,0.5755647360327939,0.21657910995263976,0.5302793636361766,0.4602658043183626,0.305249378702703,0.21657910995263976,0.5320174992666338,0.5118944300294525,0.21657910995263976,0.46339334294832707,0.21657910995263976,0.5815831078220899,0.21679385752569508,0.45860593698311714,0.3049244150180269,0.539079859170706,0.5377772254484959,0.21657910995263976,0.5274476758410119,0.21657910995263976,0.21657910995263976,0.5882862422333119,0.46176139615836176,0.21657910995263976,0.5875310450895206,0.2168425466510035,0.5252101480642766,0.21657910995263976,0.5001141224936276,0.21657910995263976,0.21657910995263976,0.526118000871367,0.21657910995263976,0.21657910995263976,0.46033016308444835,0.3049599816207553,0.21657910995263976,0.21657910995263976,0.5268512975460693,0.21657910995263976,0.21682717232408907,0.21657910995263976,0.5879359244463909,0.21657910995263976,0.21657910995263976,0.4757216434123247,0.21657910995263976,0.21657910995263976,0.3043515958428857,0.5347732333575707,0.21657910995263976,0.21657910995263976,0.21657910995263976,0.5273209888586247,0.21657910995263976,0.21657910995263976,0.30578644119803394,0.4514780725639727,0.21657910995263976,0.21657910995263976,0.21657910995263976,0.5223273258660707,0.3049727481248102,0.21657910995263976,0.4900644500352531,0.21682845355981784,0.21657910995263976,0.5235910772797979,0.21657910995263976,0.3056882007731673,0.21657910995263976,0.5285076352454904,0.21657910995263976,0.21657910995263976,0.21657910995263976
0.4761425941295604,0.4761425941295604,0.49104114641280083,0.49774867582294424,0.4925577087239015,0.6280857706553515,0.9214143946690352,0.47617985490767734,0.4765912153037591,0.7136299620040911,0.4761425941295604,0.6331388752065242,0.5216774663115834,0.6645428881976377,0.4761425941295604,0.6238153869183806,0.5213241280695743,0.667130875088705,0.6723181675850917,0.5212612171958924,0.4761425941295604,0.6281660059629581,0.697022172108156,0.4761425941295604,0.6182717309548456,0.4761425941295604,0.7072942461603311,0.4761425941295604,0.6765417445101505,0.4762267818242111,0.6560827773926295,0.6775046706262469,0.47622735060388405,0.6521658411912975,0.4762267818242111,0.6205894426991442,0.52157234168694,0.6725934211583464,0.4761425941295604,0.6204789252355122,0.7033190211473974,0.4761425941295604,0.4761425941295604,0.7005528401972402,0.6237892303967485,0.4761425941295604,0.669580056978003,0.5207225373965929,0.6271859679071693,0.4761425941295604,0.7045467241547169,0.4761425941295604,0.670854687608036,0.62050650131011,0.5211838567891246,0.4761425941295604,0.6721338042325841,0.6574032323994112,0.4761425941295604,0.6227001639212215,0.4761425941295604,0.7090756232092156,0.47623787289203295,0.619344640470095,0.5209999482918107,0.6773435313345477,0.6763811316441265,0.4761425941295604,0.6687734647345978,0.4761425941295604,0.4761425941295604,0.7141320722087586,0.6215547874735508,0.4761425941295604,0.7135617705892172,0.47625948543252916,0.6671312927722013,0.4761425941295604,0.6488640816811263,0.4761425941295604,0.4761425941295604,0.6677973333735115,0.4761425941295604,0.4761425941295604,0.6205515839691191,0.5210200706485396,0.4761425941295604,0.4761425941295604,0.6683355644647142,0.4761425941295604,0.47625266053717075,0.4761425941295604,0.7138675035951373,0.4761425941295604,0.4761425941295604,0.6314025863770507,0.4761425941295604,0.4761425941295604,0.5206760719610773,0.6741642862822831,0.4761425941295604,0.4761425941295604,0.4761425941295604,0.668680430398112,0.4761425941295604,0.4761425941295604,0.5214880712727314,0.614374417348648,0.4761425941295604,0.4761425941295604,0.4761425941295604,0.665018641746417,0.5210272938587505,0.4761425941295604,0.6416326395526538,0.4762532292825907,0.4761425941295604,0.6659443355400266,0.4761425941295604,0.5214323985408997,0.4761425941295604,0.6695521218217829,0.4761425941295604,0.4761425941295604,0.4761425941295604
0.0,0.0,0.12173920058529869,0.1471703782949554,0.1278967535117791,0.419397888201033,0.8408964121211313,0.006035981610749749,0.020949119838711745,0.5485411193304525,0.0,0.42746694233509164,0.21657910995263976,0.4761425941295604,0.0,0.4125185150928543,0.2156941392269265,0.48005711895101244,0.4878653204297786,0.21553626308417304,0.0,0.41952660430204747,0.5244355353689305,0.0,0.4035003113843773,0.0,0.5393846128111361,0.0,0.4941871421020564,0.009073150543030147,0.46325236397734176,0.49562412768558667,0.009103751501811619,0.4572328421640858,0.009073150543030147,0.40728311362341996,0.21631612227828328,0.48827827503389826,0.0,0.4071031466995342,0.5336152520246572,0.0,0.0,0.5295889803082587,0.41247620148328223,0.0,0.4837499556871212,0.2141805603456948,0.41795305319227444,0.0,0.5353991245983148,0.0,0.48566741618238446,0.40714805547368,0.21534199649775257,0.0,0.48758864980224226,0.46527408152790306,0.0,0.410712455327361,0.0,0.5419637924309594,0.009652385633994823,0.4052537024643131,0.2148795939797193,0.49538376720984706,0.49394730416629296,0.0,0.4825350289053437,0.0,0.0,0.5492648314045084,0.4088533555343971,0.0,0.5484428107313399,0.010691365407455751,0.48005774969066783,0.0,0.45213181666990665,0.0,0.0,0.48106311001881086,0.0,0.0,0.40722146896624023,0.21493022722516217,0.0,0.0,0.4818749354797634,0.0,0.01037451362071057,0.0,0.5488835325060318,0.0,0.0,0.42470278155591695,0.0,0.0,0.21406329258678067,0.49063241988682643,0.0,0.0,0.0,0.4823948183938333,0.0,0.0,0.21610511740558339,0.3970973970107973,0.0,0.0,0.0,0.4768631798642251,0.21494840039015656,0.0,0.44086861706934316,0.010401286578987238,0.0,0.47826399252525437,0.0,0.2159656264640185,0.0,0.4837078986231137,0.0,0.0,0.0
0.4125185150928543,0.4125185150928543,0.4298338103060393,0.43757835368024156,0.4315874797965082,0.5838214220316448,0.9039483834814817,0.41256202789330704,0.4130423385504634,0.6773431882597005,0.4125185150928543,0.5893803810692678,0.4649801809535808,0.6238153869183806,0.4125185150928543,0.5791191262382245,0.464577919873366,0.6266454744212259,0.6323149348613403,0.46450629148488076,0.4125185150928543,0.5839097331890267,0.6592647211608941,0.4125185150928543,0.573008484938552,0.4125185150928543,0.6704495881934766,0.4125185150928543,0.6369281772206977,0.41261682717346665,0.6145562830038231,0.6379795884526093,0.41261749135986275,0.6102653001839422,0.41261682717346665,0.5755641272351947,0.464860507796207,0.6326156616186275,0.4125185150928543,0.5754422934103708,0.6661223962936806,0.4125185150928543,0.4125185150928543,0.6631103608209226,0.5790903114169645,0.4125185150928543,0.6293228173667471,0.463892881075081,0.5828309540708257,0.4125185150928543,0.6674589665070767,0.4125185150928543,0.6307158306783579,0.5754726933895672,0.46441820842123044,0.4125185150928543,0.6321135034991887,0.6160022329633478,0.4125185150928543,0.5778904221859882,0.4125185150928543,0.6723881940707589,0.41262977860385236,0.5741916964581919,0.4642087962402171,0.6378036507584215,0.6367527927261809,0.4125185150928543,0.6284411855993485,0.4125185150928543,0.4125185150928543,0.6778893579365595,0.5766281951302892,0.4125185150928543,0.6772690114634787,0.41265501605124266,0.6266459310937607,0.4125185150928543,0.6066461104636404,0.4125185150928543,0.4125185150928543,0.6273741095953225,0.4125185150928543,0.4125185150928543,0.5755223923119472,0.46423170995993435,0.4125185150928543,0.4125185150928543,0.6279625048534704,0.4125185150928543,0.4126470465076992,0.4125185150928543,0.6776015765046968,0.4125185150928543,0.4125185150928543,0.5874709010148471,0.4125185150928543,0.4125185150928543,0.46383996228771585,0.6343316905735203,0.4125185150928543,0.4125185150928543,0.4125185150928543,0.628339489669538,0.4125185150928543,0.4125185150928543,0.46476457070461114,0.5687081444159882,0.4125185150928543,0.4125185150928543,0.4125185150928543,0.6243357251564209,0.4642399351176163,0.4125185150928543,0.5987123208180939,0.41264771064255706,0.4125185150928543,0.6253480669128364,0.4125185150928543,0.46470118838993,0.4125185150928543,0.6292922849704088,0.4125185150928543,0.4125185150928543,0.4125185150928543
0.2156941392269265,0.2156941392269265,0.24763529038806556,0.26105308848728975,0.25071418829617836,0.47064076787515563,0.8597898066001313,0.21577848662327692,0.21670797775701178,0.5873154349246003,0.2156941392269265,0.4777769203206645,0.305497088872342,0.5213241280695743,0.2156941392269265,0.464577919873366,0.30487238101401865,0.5248590022744271,0.5319227427514054,0.30476106845183026,0.2156941392269265,0.4707543952103496,0.5652119765542908,0.2156941392269265,0.45666114073820613,0.2156941392269265,0.5789060229475831,0.2156941392269265,0.5376538673220483,0.21588467861249097,0.5097159941263982,0.5389580394601982,0.2158859654663218,0.5043127887350136,0.21588467861249097,0.4599775384099997,0.3053113114340884,0.5322967883468555,0.2156941392269265,0.45981961506723995,0.5736156619245488,0.2156941392269265,0.2156941392269265,0.5699276169663758,0.46454069075048376,0.2156941392269265,0.5281976565781732,0.3038068859354591,0.469365774251944,0.2156941392269265,0.5752507264713345,0.2156941392269265,0.5299327015982604,0.4598590217554308,0.30462415396451464,0.2156941392269265,0.5316721659570497,0.5115332859206387,0.2156941392269265,0.46298956884927434,0.2156941392269265,0.5812731640259543,0.21590977087274604,0.45819754329020496,0.30429851095594784,0.5387398573558038,0.5374362482437459,0.2156941392269265,0.5270988346884002,0.2156941392269265,0.2156941392269265,0.5879807613451332,0.46135605665271023,0.2156941392269265,0.5872250647420221,0.21595866019802573,0.5248595721931907,0.2156941392269265,0.49974325608315634,0.2156941392269265,0.2156941392269265,0.5257681302232342,0.2156941392269265,0.2156941392269265,0.4599234427871582,0.3043341519782209,0.2156941392269265,0.2156941392269265,0.5265019951478304,0.2156941392269265,0.21594322266465515,0.2156941392269265,0.5876302119750506,0.2156941392269265,0.2156941392269265,0.47532939547395137,0.2156941392269265,0.2156941392269265,0.30372449087266484,0.5344299931267086,0.2156941392269265,0.2156941392269265,0.2156941392269265,0.5269720497924401,0.2156941392269265,0.2156941392269265,0.30516233607527865,0.45106264297241405,0.2156941392269265,0.2156941392269265,0.2156941392269265,0.5219744979695817,0.3043469451907656,0.2156941392269265,0.48968498934356425,0.21594450916810543,0.2156941392269265,0.5232392389911464,0.2156941392269265,0.3050638911356247,0.2156941392269265,0.528159611889711,0.2156941392269265,0.2156941392269265,0.2156941392269265
