0.0,0.0,0.13273393339076311,0.14180062023210588,0.12900455392937044,0.5355693271494345,0.8408964152537145,0.007517205125368682,0.020700198207857193,0.5546976591055899,0.0,0.4324128130931449,0.21884889775800284,0.4813150271261941,0.0,0.41695553674358504,0.5367291409846077,0.0,0.4932533314798591,0.21772698543861493,0.42424547799606965,0.0,0.5304290995190497,0.015636208261216575,0.4082347108298387,0.0,0.5454462643046342,0.0,0.4996828556334645,0.0,0.4684175346694968,0.5012876608866966,0.0,0.46231409828228714,0.0,0.4114630823335843,0.21865090418170727,0.4934746676288101,0.0,0.46874468630078814,0.48811366444838544,0.0,0.0,0.5357872655108564,0.4168745124871799,0.0,0.4891744887209896,0.21668810916543238,0.4225612928875421,0.0,0.5417146573865588,0.01598641658589664,0.49128817959466603,0.4112234785629887,0.217760352857846,0.0,0.4931374154130361,0.4703644417439808,0.0,0.4151217079453315,0.009198944457399718,0.5480852193714147,0.0,0.4097284307228414,0.217131411726642,0.5008316362257805,0.49958666399909574,0.0,0.21614771280119094,0.4335384520050472,0.5051307724929404,0.21722127676121805,0.4130529895567586,0.0,0.5551605658288147,0.010096645057239246,0.4854348034231985,0.0,0.457289159851585,0.0,0.0,0.4857397924531589,0.014328443560990565,0.017242618309665,0.4118132620019241,0.21697783470146106,0.010550496515106499,0.005083356431330053,0.4871733247626144,0.0,0.0,0.010550496515106499,0.5560467361045899,0.008788491090015199,0.0,0.4294888783011344,0.0,0.0,0.21678209830500877,0.4963392069270846,0.0,0.0,0.010482994259640907,0.48773817134901737,0.0,0.21616023399788273,0.0,0.40115951440719366,0.009198944457399718,0.0,0.4820456892745763,0.0,0.0,0.21713272388888638,0.44579583947750046,0.010550496515106499,0.010332937160310121,0.0,0.483571278802588,0.21819497712459043,0.0,0.0,0.48950000441755,0.0,0.0
0.0,0.0,0.13273393339076311,0.14180062023210588,0.12900455392937044,0.5355693271494345,0.8408964152537145,0.007517205125368682,0.020700198207857193,0.5546976591055899,0.0,0.4324128130931449,0.21884889775800284,0.4813150271261941,0.0,0.41695553674358504,0.5367291409846077,0.0,0.4932533314798591,0.21772698543861493,0.42424547799606965,0.0,0.5304290995190497,0.015636208261216575,0.4082347108298387,0.0,0.5454462643046342,0.0,0.4996828556334645,0.0,0.4684175346694968,0.5012876608866966,0.0,0.46231409828228714,0.0,0.4114630823335843,0.21865090418170727,0.4934746676288101,0.0,0.46874468630078814,0.48811366444838544,0.0,0.0,0.5357872655108564,0.4168745124871799,0.0,0.4891744887209896,0.21668810916543238,0.4225612928875421,0.0,0.5417146573865588,0.01598641658589664,0.49128817959466603,0.4112234785629887,0.217760352857846,0.0,0.4931374154130361,0.4703644417439808,0.0,0.4151217079453315,0.009198944457399718,0.5480852193714147,0.0,0.4097284307228414,0.217131411726642,0.5008316362257805,0.49958666399909574,0.0,0.21614771280119094,0.4335384520050472,0.5051307724929404,0.21722127676121805,0.4130529895567586,0.0,0.5551605658288147,0.010096645057239246,0.4854348034231985,0.0,0.457289159851585,0.0,0.0,0.4857397924531589,0.014328443560990565,0.017242618309665,0.4118132620019241,0.21697783470146106,0.010550496515106499,0.005083356431330053,0.4871733247626144,0.0,0.0,0.010550496515106499,0.5560467361045899,0.008788491090015199,0.0,0.4294888783011344,0.0,0.0,0.21678209830500877,0.4963392069270846,0.0,0.0,0.010482994259640907,0.48773817134901737,0.0,0.21616023399788273,0.0,0.40115951440719366,0.009198944457399718,0.0,0.4820456892745763,0.0,0.0,0.21713272388888638,0.44579583947750046,0.010550496515106499,0.010332937160310121,0.0,0.483571278802588,0.21819497712459043,0.0,0.0,0.48950000441755,0.0,0.0
0.13273393339076311,0.13273393339076311,0.1876995602699427,0.1942138770620009,0.185082276129037,0.5510607609429261,0.848206959106865,0.13294659321554328,0.1343381075968515,0.5695658985132722,0.13273393339076311,0.4519506520426875,0.25590131714390546,0.4987656800702779,0.13273393339076311,0.43723556300492145,0.5521819081813891,0.13273393339076311,0.5102450166762793,0.2549434681220246,0.4441698671658224,0.13273393339076311,0.5460933465628283,0.13365159784742162,0.42895410012382545,0.13273393339076311,0.5606121279291328,0.13273393339076311,0.5164343965271826,0.13273393339076311,0.4863845168395655,0.5179799965084334,0.13273393339076311,0.48053337162367893,0.13273393339076311,0.4320180015737464,0.2557321812408401,0.5104580061957105,0.13273393339076311,0.48669829369079637,0.5053008070356746,0.13273393339076311,0.13273393339076311,0.5512714244902794,0.43715854981544316,0.13273393339076311,0.5063210290557156,0.2540576981775532,0.4425669346040245,0.13273393339076311,0.5570025468972648,0.13369301532166605,0.5083542249043279,0.43179052988690286,0.2549719369252372,0.13273393339076311,0.5101334741270467,0.488252047791724,0.13273393339076311,0.4354928377578388,0.13305226211988688,0.5631654840800983,0.13273393339076311,0.43037145133959326,0.25443552791520113,0.5175407663933304,0.5163417628324893,0.13273393339076311,0.2535973987029779,0.45302396343796036,0.5216824876032276,0.254512145986391,0.43352770499998444,0.13273393339076311,0.5700140911057964,0.1331173294523998,0.5027250899367891,0.13273393339076311,0.4757201904351125,0.13273393339076311,0.13273393339076311,0.5030182913937623,0.13350494047317546,0.13384901207852876,0.43235047159088574,0.25430460948799144,0.13315251655102597,0.13283122211684129,0.5043965727524037,0.13273393339076311,0.13273393339076311,0.13315251655102597,0.5708721393824681,0.13302451882299246,0.13273393339076311,0.44916370159789093,0.13273393339076311,0.13273393339076311,0.254137788249553,0.5132150395140889,0.13273393339076311,0.13273393339076311,0.13314718577054713,0.5049397184581232,0.13273393339076311,0.25360806048086054,0.13273393339076311,0.42224712858421726,0.13305226211988688,0.13273393339076311,0.4994677442410862,0.13273393339076311,0.13273393339076311,0.2544366465904616,0.4647256798676638,0.13315251655102597,0.133135457301691,0.13273393339076311,0.5009338405425185,0.2553428620133508,0.13273393339076311,0.13273393339076311,0.5066341132245281,0.13273393339076311,0.13273393339076311
0.14180062023210588,0.14180062023210588,0.1942138770620009,0.20051608758882114,0.1916857885216652,0.5532079345472226,0.8492243003725096,0.141999693009602,0.14330326453579695,0.5716285746254942,0.14180062023210588,0.45463813174884865,0.2607096032601916,0.501176345216939,0.14180062023210588,0.4400204398225135,0.5543238483435842,0.14180062023210588,0.5125942604898943,0.2597696406718348,0.4469081438610983,0.14180062023210588,0.5482638948484277,0.14265993437623448,0.43179636721985604,0.14180062023210588,0.5627151977531887,0.14180062023210588,0.5187514272706598,0.14180062023210588,0.48886404804410133,0.5202890775278773,0.14180062023210588,0.48304646158683356,0.14180062023210588,0.43483880890621474,0.26054361637801815,0.5128061312551282,0.14180062023210588,0.48917604415783555,0.5076762313318722,0.14180062023210588,0.14180062023210588,0.5534176135586966,0.43994395147211535,0.14180062023210588,0.5086910177389307,0.2589005263248192,0.4453158694787702,0.14180062023210588,0.5591221573313278,0.1426987354110359,0.5107134329289229,0.4346129211591564,0.259797576002731,0.14180062023210588,0.512483304127257,0.4907210082829901,0.14180062023210588,0.4382896311649699,0.1420986252478416,0.5652569437185926,0.14180062023210588,0.43320375750771434,0.2592712379248336,0.5198521027983439,0.5186592712153173,0.14180062023210588,0.25844892617296317,0.45570455514026276,0.5239726745196404,0.25934641501967937,0.4363380372278278,0.14180062023210588,0.5720747683576853,0.14215954918748894,0.5051143158537217,0.14180062023210588,0.4782614007676797,0.14180062023210588,0.14180062023210588,0.5054059405137349,0.14252255352037077,0.14284489065959516,0.4351689665120331,0.2591427836428529,0.14219249715082904,0.14189168819761455,0.5067768293900008,0.14180062023210588,0.14180062023210588,0.14219249715082904,0.5729289958828211,0.14207264971974634,0.14180062023210588,0.4518691998590191,0.14180062023210588,0.14180062023210588,0.25897910584100486,0.515548749242656,0.14180062023210588,0.14180062023210588,0.1421875055263249,0.5073170707952877,0.14180062023210588,0.2584593861083359,0.14180062023210588,0.42513733776358725,0.1420986252478416,0.14180062023210588,0.5018745878794466,0.14180062023210588,0.14180062023210588,0.2592723355548816,0.46733295892205295,0.14219249715082904,0.14217652333503128,0.14180062023210588,0.503332731778397,0.260161560816071,0.14180062023210588,0.14180062023210588,0.5090024373422524,0.14180062023210588,0.14180062023210588
0.12900455392937044,0.12900455392937044,0.185082276129037,0.1916857885216652,0.18242735622710465,0.5502160062562539,0.8478069640584458,0.12922335491440415,0.13065455319087144,0.5687545086323958,0.12900455392937044,0.4508920181880118,0.2539907147275381,0.497816743737904,0.12900455392937044,0.43613826641871545,0.5513392205821636,0.12900455392937044,0.5093203852968973,0.2530255718126194,0.44309107339222537,0.12900455392937044,0.5452393584341162,0.1299485728519501,0.4278340050371336,0.12900455392937044,0.55978479069878,0.12900455392937044,0.515522507249009,0.12900455392937044,0.48540831473728613,0.5170712512880405,0.12900455392937044,0.47954387695606104,0.12900455392937044,0.43090643294496106,0.2538202948440304,0.509533817403133,0.12900455392937044,0.4857227968279042,0.5043658173206154,0.12900455392937044,0.12900455392937044,0.5504270586784547,0.43606104479230623,0.12900455392937044,0.5053881901299364,0.2521330079578349,0.4414839096706059,0.12900455392937044,0.5561686781167782,0.1299911709032493,0.5074256514364974,0.43067833198338645,0.2530542581911938,0.12900455392937044,0.5092086108466293,0.4872800319336734,0.12900455392937044,0.4343908083047586,0.12933206769788647,0.5623427310037125,0.12900455392937044,0.4292553141809576,0.2525137414524523,0.516631129204831,0.5154296846450391,0.12900455392937044,0.25166915923563576,0.4519680625052979,0.5207812140589728,0.25259094731059883,0.4324202977241041,0.12900455392937044,0.5692034902500528,0.12939900684159084,0.501784638696714,0.12900455392937044,0.47471955434805124,0.12900455392937044,0.12900455392937044,0.5020784641493772,0.12979772897046146,0.1301516074074545,0.43123982162987545,0.25238181784617414,0.1294352053832793,0.1291046546901424,0.5034596708724608,0.12900455392937044,0.12900455392937044,0.1294352053832793,0.5700630466892462,0.12930352572079262,0.12900455392937044,0.44809791777491415,0.12900455392937044,0.12900455392937044,0.2522137142711956,0.5122965531642296,0.12900455392937044,0.12900455392937044,0.12942972140686756,0.5040039658234524,0.12900455392937044,0.2516799033693119,0.12900455392937044,0.42110797850735715,0.12933206769788647,0.12900455392937044,0.49852032047392064,0.12900455392937044,0.12900455392937044,0.2525148687123399,0.4636988561417274,0.1294352053832793,0.12941765584031983,0.12900455392937044,0.49998956420695106,0.2534280136784964,0.12900455392937044,0.12900455392937044,0.505701932922707,0.12900455392937044,0.12900455392937044
0.5355693271494345,0.5355693271494345,0.5510607609429261,0.5532079345472226,0.5502160062562539,0.741325517239555,0.9381987439118793,0.5356198629860743,0.5359523958577732,0.7534452056554332,0.5355693271494345,0.6788959410719204,0.5765306880412714,0.7077860345038491,0.5355693271494345,0.6700844877425605,0.7420565129585057,0.5355693271494345,0.7150461450571203,0.5761294279353771,0.6742193023933356,0.5355693271494345,0.7380921336681924,0.5357879367283873,0.6651886269346864,0.5355693271494345,0.7475669557098453,0.5355693271494345,0.7189861575296111,0.5355693271494345,0.7000285813467267,0.7199727381639947,0.5355693271494345,0.6963903527672423,0.5355693271494345,0.6669944977314808,0.5764597490249795,0.7151814386040098,0.5355693271494345,0.700224202379902,0.7119114702419979,0.5355693271494345,0.5355693271494345,0.7414628374784322,0.6700387448237834,0.5355693271494345,0.7125573591982689,0.5757594046639762,0.6732606921790774,0.5355693271494345,0.7452045854450792,0.5357978364146979,0.7138460133693655,0.6668602034164024,0.5761413371645472,0.5355693271494345,0.7149753002307853,0.7011936373919845,0.5355693271494345,0.6690503487359312,0.5356450018356363,0.7492406536502738,0.5355693271494345,0.6660232126028194,0.5759171174218337,0.7196922630271707,0.7189270617043126,0.5355693271494345,0.575567514300889,0.6795440588288506,0.7223403660987952,0.575949121396009,0.667886689871314,0.5355693271494345,0.7537401092771012,0.53566049073712,0.7102830273469711,0.5355693271494345,0.6934114642137484,0.5355693271494345,0.5355693271494345,0.7104682371613728,0.5357529053373056,0.5358351486787571,0.6671908444937248,0.5758624491163099,0.535668869758776,0.5355924371996291,0.7113394253293728,0.5355693271494345,0.5355693271494345,0.535668869758776,0.7543048620805128,0.5356383998482421,0.5355693271494345,0.6772164192960889,0.5355693271494345,0.5355693271494345,0.5757928204226901,0.716934620671034,0.5355693271494345,0.5355693271494345,0.5356676002199747,0.7116829883487792,0.5355693271494345,0.5755719559314955,0.5355693271494345,0.6612583810999474,0.5356450018356363,0.5355693271494345,0.7082282302903716,0.5355693271494345,0.5355693271494345,0.5759175846473878,0.6866558924756092,0.535668869758776,0.5356648072221228,0.5355693271494345,0.7091524325833671,0.5762965990875867,0.5355693271494345,0.5355693271494345,0.7127556674408685,0.5355693271494345,0.5355693271494345
0.8408964152537145,0.8408964152537145,0.848206959106865,0.8492243003725096,0.8478069640584458,0.9381987439118793,1.0,0.8409201730910693,0.8410765186696157,0.9435953117407142,0.8408964152537145,0.9093136729631279,0.860326717042391,0.9228660902261373,0.8408964152537145,0.9051357319677152,0.9385266954314612,0.8408964152537145,0.9262275426437241,0.8601350133203639,0.9070983617659385,0.8408964152537145,0.9367445567839374,0.8409991922129804,0.902807456809254,0.8408964152537145,0.9409889472438784,0.8408964152537145,0.9280428617424227,0.8408964152537145,0.9192527190780829,0.9284963835714227,0.8408964152537145,0.9175509931265076,0.8408964152537145,0.903666785198267,0.8602928241404949,0.926289985091849,0.8408964152537145,0.9193440946721027,0.9247787124984135,0.8408964152537145,0.8408964152537145,0.9382603738253915,0.9051139999472456,0.8408964152537145,0.9250775605201033,0.8599582513188196,0.9066436686423621,0.8408964152537145,0.9399355401585666,0.8410038467233532,0.9256733151600781,0.9036029016676883,0.8601407027106075,0.8408964152537145,0.9261948424182139,0.9197967329349463,0.8408964152537145,0.9046443208255266,0.8409319915666673,0.9417332342053202,0.8408964152537145,0.9032046711609842,0.8600335893619989,0.9283674947857086,0.9280156825756825,0.8408964152537145,0.8598665912401182,0.9096202845976054,0.9295830165683145,0.860048877777725,0.9040911127444466,0.8408964152537145,0.9437254950109839,0.8409392734095964,0.9240245185343702,0.8408964152537145,0.9161545330044953,0.8408964152537145,0.8408964152537145,0.924110348139839,0.8409827217864798,0.8410213899524899,0.9037601808549596,0.8600074744158063,0.8409432126883997,0.8409072796402658,0.9245138944460997,0.8408964152537145,0.8408964152537145,0.8409432126883997,0.9439746444433307,0.840928887772839,0.8408964152537145,0.9085186630943942,0.8408964152537145,0.8408964152537145,0.8599742134758445,0.9270984520469787,0.8408964152537145,0.8408964152537145,0.8409426158315333,0.9246729562458432,0.8408964152537145,0.8598687128156798,0.8408964152537145,0.9009352376554853,0.8409319915666673,0.8408964152537145,0.9230714092550536,0.8408964152537145,0.8408964152537145,0.8600338125564141,0.9129778595207377,0.8409432126883997,0.840941302741954,0.8408964152537145,0.9235002950797088,0.8602148775657388,0.8408964152537145,0.8408964152537145,0.9251692831166236,0.8408964152537145,0.8408964152537145
0.007517205125368682,0.007517205125368682,0.13294659321554328,0.141999693009602,0.12922335491440415,0.5356198629860743,0.8409201730910693,0.010630933474088854,0.022022864780496074,0.5547461216615799,0.007517205125368682,0.4324769963771013,0.2189778150789672,0.4813721284798956,0.007517205125368682,0.41702226223112,0.5367795479804166,0.007517205125368682,0.49330888802238876,0.21785656968790273,0.42431098368512354,0.007517205125368682,0.530480211519702,0.017349333705661225,0.40830294754457197,0.007517205125368682,0.545495716152746,0.007517205125368682,0.49973760558435515,0.007517205125368682,0.46847637911793394,0.5013422121562838,0.007517205125368682,0.4623737965079949,0.007517205125368682,0.4115307527819531,0.21877993870777598,0.493530196117511,0.007517205125368682,0.4688034855257938,0.48816987834406333,0.007517205125368682,0.007517205125368682,0.5358377771050381,0.4169412517497044,0.007517205125368682,0.48923056600141085,0.21681831709275376,0.4226270769962094,0.007517205125368682,0.5417645152976497,0.017665613098792343,0.4913439861306263,0.41129119075892223,0.21788991717325634,0.007517205125368682,0.49319298665594025,0.47042301785796187,0.007517205125368682,0.4151887464015726,0.011879770719197344,0.548134386531961,0.007517205125368682,0.4097964044186022,0.21726135279765915,0.5008862438475403,0.4996414258919433,0.007517205125368682,0.21627824750202634,0.43360245654425034,0.5051848521442445,0.2173511638676602,0.4131203841081905,0.007517205125368682,0.5552089795158254,0.012587716804768582,0.48549136452047864,0.007517205125368682,0.45734957574738816,0.007517205125368682,0.007517205125368682,0.48579631386027894,0.01618062627520838,0.018810004156812346,0.4118808715163563,0.21710786809923063,0.01295458797768806,0.009074628685897795,0.48722966017108005,0.007517205125368682,0.007517205125368682,0.01295458797768806,0.5560950564025009,0.011564858356243865,0.007517205125368682,0.42955352981122485,0.007517205125368682,0.007517205125368682,0.21691224956289562,0.49639437420265314,0.007517205125368682,0.007517205125368682,0.01289967214451325,0.48779443371995174,0.007517205125368682,0.21629076110889606,0.007517205125368682,0.40122902136461425,0.011879770719197344,0.007517205125368682,0.4821026942460948,0.007517205125368682,0.007517205125368682,0.21726266417162038,0.4458579498069499,0.01295458797768806,0.012778026565942093,0.007517205125368682,0.48362808332144486,0.21832428234573487,0.007517205125368682,0.007517205125368682,0.48955603987604246,0.007517205125368682,0.007517205125368682
0.020700198207857193,0.020700198207857193,0.1343381075968515,0.14330326453579695,0.13065455319087144,0.5359523958577732,0.8410765186696157,0.022022864780496074,0.0292744997035215,0.5550650188640246,0.020700198207857193,0.43289925477462676,0.21982457120880294,0.48174783376320135,0.020700198207857193,0.4174612276758368,0.5371112335185391,0.020700198207857193,0.4936744363482727,0.21870768688470762,0.42474193304992447,0.020700198207857193,0.5308165335308193,0.025942034990040656,0.4087518434921349,0.020700198207857193,0.5458211199324114,0.020700198207857193,0.5000978503741099,0.020700198207857193,0.468863544160029,0.5017011505382731,0.020700198207857193,0.4627665742498678,0.020700198207857193,0.4119759278046953,0.21962746126756455,0.49389555998593754,0.020700198207857193,0.46919035326422776,0.4885397487813164,0.020700198207857193,0.020700198207857193,0.5361701505443307,0.41738030771569506,0.020700198207857193,0.4895995382011849,0.21767351226836532,0.4230598560818708,0.020700198207857193,0.5420925896785077,0.026154611132647852,0.4917111781842803,0.41173664010806565,0.21874090402612156,0.020700198207857193,0.49355863163854347,0.4708084188311747,0.020700198207857193,0.415629768479018,0.022652125191966285,0.5484579179475235,0.020700198207857193,0.4102435720884023,0.2181148031400424,0.5012455527684371,0.5000017492043909,0.020700198207857193,0.21713557921188908,0.4340235401681653,0.5055406894035019,0.2182042613581396,0.41356374617539154,0.020700198207857193,0.5555275553000899,0.023031292533160795,0.48586351776263903,0.020700198207857193,0.4577470712431682,0.020700198207857193,0.020700198207857193,0.48616820614672585,0.02517543391307636,0.026940787768505687,0.41232564613646255,0.21796192212325463,0.023233836746056658,0.02131522262892805,0.487600329543149,0.020700198207857193,0.020700198207857193,0.023233836746056658,0.5564130179517076,0.022488569832095677,0.020700198207857193,0.42997886550362285,0.020700198207857193,0.020700198207857193,0.2177670742108981,0.4967573630280257,0.020700198207857193,0.020700198207857193,0.02320326187737625,0.48816462287786494,0.020700198207857193,0.2171480431952588,0.020700198207857193,0.40168626362176213,0.022652125191966285,0.020700198207857193,0.48247776584900076,0.020700198207857193,0.020700198207857193,0.21811610935977063,0.44626658334300545,0.023233836746056658,0.023135854937959662,0.020700198207857193,0.48400183700638133,0.21917357500466725,0.020700198207857193,0.020700198207857193,0.4899247370978941,0.020700198207857193,0.020700198207857193
0.5546976591055899,0.5546976591055899,0.5695658985132722,0.5716285746254942,0.5687545086323958,0.7534452056554332,0.9435953117407142,0.5547461216615799,0.5550650188640246,0.7651960512589069,0.5546976591055899,0.6929449850862774,0.5940603443727164,0.7209330384106059,0.5546976591055899,0.6844134339442075,0.7541539392639843,0.5546976591055899,0.7279694333861269,0.5936740216254106,0.6884165801727977,0.5546976591055899,0.7503103313112087,0.5549073019833828,0.679674257129299,0.5546976591055899,0.7594966429243692,0.5546976591055899,0.7317884148227911,0.5546976591055899,0.7134157751904847,0.7327447267818156,0.5546976591055899,0.7098906570068964,0.5546976591055899,0.6814222326050263,0.5939920451974072,0.7281005667802308,0.5546976591055899,0.7136053232221493,0.7249312345073435,0.5546976591055899,0.5546976591055899,0.753578343652125,0.6843691509688563,0.5546976591055899,0.7255572309086352,0.5933177843987424,0.6874884437398169,0.5546976591055899,0.7572061688177624,0.5549167957355061,0.7268062181260673,0.6812922395693017,0.5936854873332604,0.5546976591055899,0.7279007670950477,0.714544675183519,0.5546976591055899,0.683412318875352,0.5547702292677187,0.7611194136806745,0.5546976591055899,0.6804820714349102,0.5934696198622939,0.732472855264503,0.7317311325410081,0.5546976591055899,0.5931330477000447,0.6935726150697296,0.7350397723116607,0.5935004314277115,0.6822858656177391,0.5546976591055899,0.7654819836133031,0.5547850828186485,0.7233529790878874,0.5546976591055899,0.7070046192908536,0.5546976591055899,0.5546976591055899,0.723532478407715,0.5548737071299001,0.5549525781134906,0.6816122918106065,0.5934169885879569,0.5547931181457916,0.5547198210101486,0.7243768141015253,0.5546976591055899,0.5546976591055899,0.5547931181457916,0.7660295560762954,0.5547638980998609,0.5546976591055899,0.6913186169210936,0.5546976591055899,0.5546976591055899,0.5933499547240765,0.7297998672382414,0.5546976591055899,0.5546976591055899,0.5547919006810265,0.7247097913532404,0.5546976591055899,0.5931373237131471,0.5546976591055899,0.6758704366819696,0.5547702292677187,0.5546976591055899,0.7213615801777549,0.5546976591055899,0.5546976591055899,0.5934700696792945,0.7004604734683757,0.5547931181457916,0.5547892222471732,0.5546976591055899,0.7222572574228371,0.5938349680669831,0.5546976591055899,0.5546976591055899,0.7257494329971214,0.5546976591055899,0.5546976591055899
0.0,0.0,0.13273393339076311,0.14180062023210588,0.12900455392937044,0.5355693271494345,0.8408964152537145,0.007517205125368682,0.020700198207857193,0.5546976591055899,0.0,0.4324128130931449,0.21884889775800284,0.4813150271261941,0.0,0.41695553674358504,0.5367291409846077,0.0,0.4932533314798591,0.21772698543861493,0.42424547799606965,0.0,0.5304290995190497,0.015636208261216575,0.4082347108298387,0.0,0.5454462643046342,0.0,0.4996828556334645,0.0,0.4684175346694968,0.5012876608866966,0.0,0.46231409828228714,0.0,0.4114630823335843,0.21865090418170727,0.4934746676288101,0.0,0.46874468630078814,0.48811366444838544,0.0,0.0,0.5357872655108564,0.4168745124871799,0.0,0.4891744887209896,0.21668810916543238,0.4225612928875421,0.0,0.5417146573865588,0.01598641658589664,0.49128817959466603,0.4112234785629887,0.217760352857846,0.0,0.4931374154130361,0.4703644417439808,0.0,0.4151217079453315,0.009198944457399718,0.5480852193714147,0.0,0.4097284307228414,0.217131411726642,0.5008316362257805,0.49958666399909574,0.0,0.21614771280119094,0.4335384520050472,0.5051307724929404,0.21722127676121805,0.4130529895567586,0.0,0.5551605658288147,0.010096645057239246,0.4854348034231985,0.0,0.457289159851585,0.0,0.0,0.4857397924531589,0.014328443560990565,0.017242618309665,0.4118132620019241,0.21697783470146106,0.010550496515106499,0.005083356431330053,0.4871733247626144,0.0,0.0,0.010550496515106499,0.5560467361045899,0.008788491090015199,0.0,0.4294888783011344,0.0,0.0,0.21678209830500877,0.4963392069270846,0.0,0.0,0.010482994259640907,0.48773817134901737,0.0,0.21616023399788273,0.0,0.40115951440719366,0.009198944457399718,0.0,0.4820456892745763,0.0,0.0,0.21713272388888638,0.44579583947750046,0.010550496515106499,0.010332937160310121,0.0,0.483571278802588,0.21819497712459043,0.0,0.0,0.48950000441755,0.0,0.0
0.4324128130931449,0.4324128130931449,0.4519506520426875,0.45463813174884865,0.4508920181880118,0.6788959410719204,0.9093136729631279,0.4324769963771013,0.43289925477462676,0.6929449850862774,0.4324128130931449,0.6061075228878675,0.4835456589181151,0.6399004657704284,0.4324128130931449,0.5957509976422101,0.6797438048903974,0.4324128130931449,0.6483596589673314,0.4830523901387321,0.6006140977151045,0.4324128130931449,0.6751447577100789,0.4326904371448869,0.5899850116628729,0.4324128130931449,0.6861330719167017,0.4324128130931449,0.6529457516421378,0.4324128130931449,0.6308484040896702,0.6540936274866342,0.4324128130931449,0.6265978518574746,0.4324128130931449,0.5921128414069439,0.48345846330302944,0.6485171902575705,0.4324128130931449,0.6310768525089943,0.6447086689701564,0.4324128130931449,0.4324128130931449,0.6790552207658013,0.5956971646387234,0.4324128130931449,0.6454611142256699,0.4825974027574202,0.599487164914072,0.4324128130931449,0.6833943960028797,0.43270300792849736,0.646962098464704,0.5919546454490191,0.48306703206152246,0.4324128130931449,0.648277168100523,0.6322088274887091,0.4324128130931449,0.5945337806525828,0.4325089229497903,0.6880729869733836,0.4324128130931449,0.5909685394368341,0.48279134312107014,0.6537673169669593,0.6528769882612133,0.4324128130931449,0.48236140613897865,0.6068682741056197,0.6568475749999765,0.48283069609120993,0.5931636598723887,0.4324128130931449,0.693286635431086,0.432528593620091,0.6428111682968571,0.4324128130931449,0.6231150112166747,0.4324128130931449,0.4324128130931449,0.6430270086064969,0.4326459527657409,0.4327503865935742,0.592344122110455,0.4827241194999434,0.4325392347303876,0.4324421645057704,0.6440421747320305,0.4324128130931449,0.4324128130931449,0.4325392347303876,0.6939408866816528,0.43250053843804814,0.4324128130931449,0.6041354947393464,0.4324128130931449,0.4324128130931449,0.48263849604718795,0.6505581965082844,0.4324128130931449,0.4324128130931449,0.4325376224589944,0.6444424713794383,0.4324128130931449,0.48236686903016324,0.4324128130931449,0.5853498727518651,0.4325089229497903,0.4324128130931449,0.6404160287650303,0.4324128130931449,0.4324128130931449,0.48279191764061474,0.6152074410521768,0.4325392347303876,0.43253407543924327,0.4324128130931449,0.6414934270953422,0.4832579096812889,0.4324128130931449,0.4324128130931449,0.6456921205737857,0.4324128130931449,0.4324128130931449
0.21884889775800284,0.21884889775800284,0.25590131714390546,0.2607096032601916,0.2539907147275381,0.5765306880412714,0.860326717042391,0.2189778150789672,0.21982457120880294,0.5940603443727164,0.21884889775800284,0.4835456589181151,0.3093214352343888,0.5272477541447596,0.21884889775800284,0.46991264342542594,0.5775915483109643,0.21884889775800284,0.5380290895876126,0.30853141107805276,0.47633010188222746,0.21884889775800284,0.571832326697286,0.2194061280944055,0.4622654663401999,0.21884889775800284,0.5855734567662384,0.21884889775800284,0.5438513707580429,0.21884889775800284,0.5156461025571271,0.5453062686199034,0.21884889775800284,0.51017361571781,0.21884889775800284,0.465092481465365,0.30918186606906284,0.5382293415831423,0.21884889775800284,0.5159397644393803,0.5333827139268545,0.21884889775800284,0.21884889775800284,0.5767300114942594,0.469841442040904,0.21884889775800284,0.5343411377816071,0.3078016681813657,0.4748455226380465,0.21884889775800284,0.5821547633447469,0.2194313348403328,0.5362517074339136,0.4648825061717977,0.30855487842500534,0.21884889775800284,0.5379242207000502,0.51739419562903,0.21884889775800284,0.4683018256881671,0.219041921434424,0.5879927227257165,0.21884889775800284,0.4635729058100598,0.3081128457070854,0.5448927755589733,0.5437641853238685,0.21884889775800284,0.30742276711138977,0.4845421798555194,0.5487930183787173,0.3081759655464384,0.46648642805183954,0.21884889775800284,0.5944854072751025,0.2190814119272339,0.530963818516458,0.21884889775800284,0.5056771164683005,0.21884889775800284,0.21884889775800284,0.5312391101227821,0.2193169116250773,0.2195263187497755,0.4653994049101111,0.3080050057987408,0.21910277265606848,0.21890785936387594,0.5325334022082092,0.21884889775800284,0.21884889775800284,0.21910277265606848,0.5952992371127027,0.21902508724699604,0.21884889775800284,0.48095942224525473,0.21884889775800284,0.21884889775800284,0.3078676175066964,0.5408221740793664,0.21884889775800284,0.21884889775800284,0.21909953631648033,0.533043540645636,0.21884889775800284,0.30743154101829323,0.21884889775800284,0.45608644976617363,0.219041921434424,0.21884889775800284,0.5279064655116242,0.21884889775800284,0.21884889775800284,0.3081137672559347,0.4954244290296531,0.21910277265606848,0.21909241620033362,0.21884889775800284,0.5292823141926065,0.30886071398103065,0.21884889775800284,0.21884889775800284,0.5346352932683966,0.21884889775800284,0.21884889775800284
0.4813150271261941,0.4813150271261941,0.4987656800702779,0.501176345216939,0.497816743737904,0.7077860345038491,0.9228660902261373,0.4813721284798956,0.48174783376320135,0.7209330384106059,0.4813150271261941,0.6399004657704284,0.5272477541447596,0.6713596999402468,0.4813150271261941,0.6302846582369496,0.7085791662499142,0.4813150271261941,0.6792518463953642,0.526800846556678,0.6347982880210906,0.4813150271261941,0.7042774946519194,0.4815620294899022,0.6249369756677355,0.4813150271261941,0.7145572429003679,0.4813150271261941,0.6835329858921156,0.4813150271261941,0.6629214577526351,0.684604791925089,0.4813150271261941,0.6589618192535182,0.4813150271261941,0.6269099286002917,0.5271687490112255,0.6793988746787472,0.4813150271261941,0.6631343207227802,0.6758448497338398,0.4813150271261941,0.4813150271261941,0.7079350291493917,0.6302347105752785,0.4813150271261941,0.6765469187978632,0.5263886813776945,0.6337520735574091,0.4813150271261941,0.7119945529529442,0.4815732144113781,0.6779475535851232,0.626763226426296,0.526814111361763,0.4813150271261941,0.6791748562074399,0.6641891427238389,0.4813150271261941,0.6291553839883199,0.4814005328770734,0.7163727308294516,0.4813150271261941,0.6258488411208206,0.5265643616568983,0.6843000957005665,0.6834687826977196,0.4813150271261941,0.5261749184850552,0.640607321391263,0.6871766444547234,0.5266000106811576,0.6278844832544275,0.4813150271261941,0.7212528727011867,0.48141803364731794,0.6740745998302967,0.4813150271261941,0.6557186934624794,0.4813150271261941,0.4813150271261941,0.6742759498807976,0.48152244975312125,0.4816153703625909,0.6271244114739353,0.5265034661800514,0.48142750098189274,0.4813411397363792,0.675223017193442,0.4813150271261941,0.4813150271261941,0.48142750098189274,0.7218653614043221,0.481393073317077,0.4813150271261941,0.6380684672449005,0.4813150271261941,0.4813150271261941,0.5264259047463723,0.6813039830581621,0.4813150271261941,0.4813150271261941,0.48142606655058373,0.6755964854975112,0.4813150271261941,0.5261798665331802,0.4813150271261941,0.620641329410507,0.4814005328770734,0.4813150271261941,0.671840527008754,0.4813150271261941,0.4813150271261941,0.5265648820989649,0.6483600850208696,0.48142750098189274,0.4814229107849544,0.4813150271261941,0.672845411355973,0.526987041718203,0.4813150271261941,0.4813150271261941,0.6767624688148987,0.4813150271261941,0.4813150271261941
0.0,0.0,0.13273393339076311,0.14180062023210588,0.12900455392937044,0.5355693271494345,0.8408964152537145,0.007517205125368682,0.020700198207857193,0.5546976591055899,0.0,0.4324128130931449,0.21884889775800284,0.4813150271261941,0.0,0.41695553674358504,0.5367291409846077,0.0,0.4932533314798591,0.21772698543861493,0.42424547799606965,0.0,0.5304290995190497,0.015636208261216575,0.4082347108298387,0.0,0.5454462643046342,0.0,0.4996828556334645,0.0,0.4684175346694968,0.5012876608866966,0.0,0.46231409828228714,0.0,0.4114630823335843,0.21865090418170727,0.4934746676288101,0.0,0.46874468630078814,0.48811366444838544,0.0,0.0,0.5357872655108564,0.4168745124871799,0.0,0.4891744887209896,0.21668810916543238,0.4225612928875421,0.0,0.5417146573865588,0.01598641658589664,0.49128817959466603,0.4112234785629887,0.217760352857846,0.0,0.4931374154130361,0.4703644417439808,0.0,0.4151217079453315,0.009198944457399718,0.5480852193714147,0.0,0.4097284307228414,0.217131411726642,0.5008316362257805,0.49958666399909574,0.0,0.21614771280119094,0.4335384520050472,0.5051307724929404,0.21722127676121805,0.4130529895567586,0.0,0.5551605658288147,0.010096645057239246,0.4854348034231985,0.0,0.457289159851585,0.0,0.0,0.4857397924531589,0.014328443560990565,0.017242618309665,0.4118132620019241,0.21697783470146106,0.010550496515106499,0.005083356431330053,0.4871733247626144,0.0,0.0,0.010550496515106499,0.5560467361045899,0.008788491090015199,0.0,0.4294888783011344,0.0,0.0,0.21678209830500877,0.4963392069270846,0.0,0.0,0.010482994259640907,0.48773817134901737,0.0,0.21616023399788273,0.0,0.40115951440719366,0.009198944457399718,0.0,0.4820456892745763,0.0,0.0,0.21713272388888638,0.44579583947750046,0.010550496515106499,0.010332937160310121,0.0,0.483571278802588,0.21819497712459043,0.0,0.0,0.48950000441755,0.0,0.0
0.41695553674358504,0.41695553674358504,0.43723556300492145,0.4400204398225135,0.43613826641871545,0.6700844877425605,0.9051357319677152,0.41702226223112,0.4174612276758368,0.6844134339442075,0.41695553674358504,0.5957509976422101,0.46991264342542594,0.6302846582369496,0.41695553674358504,0.5851571906338414,0.6709493704202449,0.41695553674358504,0.6389223391485198,0.4694034655703434,0.5901323759680537,0.41695553674358504,0.6662577983021304,0.4172441518792184,0.5792567185172383,0.41695553674358504,0.6774663485138996,0.41695553674358504,0.6436041912868172,0.41695553674358504,0.6210387454089601,0.6447759294153121,0.41695553674358504,0.6166960813764732,0.41695553674358504,0.5814343832559635,0.4698226376438434,0.639083171174754,0.41695553674358504,0.6212721242803312,0.6351946167513519,0.41695553674358504,0.41695553674358504,0.6702469659133647,0.5851021101107691,0.41695553674358504,0.6359629130473917,0.46893377817514353,0.5889795761435385,0.41695553674358504,0.674673045166543,0.4172572200185723,0.637495459458439,0.5812724906051082,0.4694185801448953,0.41695553674358504,0.6388381195306314,0.622428500091746,0.41695553674358504,0.5839117292091792,0.4170554530986586,0.6794448582764393,0.41695553674358504,0.5802633113026289,0.4691339874940858,0.6444428397194155,0.6435339971127475,0.41695553674358504,0.46869014712642676,0.5965289715071428,0.6475869585068684,0.4691746119689734,0.582509723287227,0.41695553674358504,0.6847618385765684,0.41707590264020605,0.6332570564898408,0.41695553674358504,0.6131372230390691,0.41695553674358504,0.41695553674358504,0.6334774598797714,0.41719790727952727,0.4173064729446691,0.5816710660841392,0.4690645914341402,0.41708696506300447,0.4169860508111998,0.6345140658631314,0.41695553674358504,0.41695553674358504,0.41708696506300447,0.6854290176133878,0.4170467365768628,0.41695553674358504,0.5937341956320014,0.41695553674358504,0.41695553674358504,0.46897620014393826,0.64116686840031,0.41695553674358504,0.41695553674358504,0.4170852889583725,0.6349228067764932,0.41695553674358504,0.46869578681582696,0.41695553674358504,0.5745121679427581,0.4170554530986586,0.41695553674358504,0.630811171149077,0.41695553674358504,0.41695553674358504,0.46913458057783175,0.6050551632697959,0.41708696506300447,0.417081601502996,0.41695553674358504,0.6319114214383889,0.4696156171041166,0.41695553674358504,0.41695553674358504,0.6361987818986596,0.41695553674358504,0.41695553674358504
0.5367291409846077,0.5367291409846077,0.5521819081813891,0.5543238483435842,0.5513392205821636,0.7420565129585057,0.9385266954314612,0.5367795479804166,0.5371112335185391,0.7541539392639843,0.5367291409846077,0.6797438048903974,0.5775915483109643,0.7085791662499142,0.5367291409846077,0.6709493704202449,0.7427861643378937,0.5367291409846077,0.7158257284607131,0.5771912092525887,0.6750761770817635,0.5367291409846077,0.7388290791117363,0.53694719335157,0.6660630441248361,0.5367291409846077,0.7482864806506002,0.5367291409846077,0.7197584153106511,0.5367291409846077,0.7008362702790848,0.7207431643208518,0.5367291409846077,0.697204901060126,0.5367291409846077,0.6678653912344055,0.5775207720643447,0.7159607701596179,0.5367291409846077,0.7010315231013959,0.7126968950713676,0.5367291409846077,0.5367291409846077,0.7421935806380915,0.6709037163160942,0.5367291409846077,0.7133415794234921,0.576822036095137,0.674119419918615,0.5367291409846077,0.7459284501665817,0.5369570678127766,0.7146278317735759,0.6677313586821615,0.5772030911330089,0.5367291409846077,0.7157550155202356,0.7019991342658386,0.5367291409846077,0.6699172405190432,0.5368046227454549,0.7499571050774758,0.5367291409846077,0.6668960003105836,0.5769793864239873,0.7204632097900846,0.7196994292324558,0.5367291409846077,0.5766305868831274,0.6803906776122569,0.7231064008492496,0.5770113168683482,0.6687558454588415,0.5367291409846077,0.7544483017016216,0.5368200721645399,0.7110714916525385,0.5367291409846077,0.6942316452493033,0.5367291409846077,0.5367291409846077,0.7112563556003,0.5369122512286071,0.5369942850088533,0.6680613553625604,0.5769248437328202,0.5368284298281445,0.5367521921135832,0.7121259174852276,0.5367291409846077,0.5367291409846077,0.5368284298281445,0.7550120181536644,0.5367980375875568,0.5367291409846077,0.6780675136712553,0.5367291409846077,0.5367291409846077,0.5768553750521693,0.7177106906376669,0.5367291409846077,0.5367291409846077,0.5368271635253539,0.7124688394313861,0.5367291409846077,0.5766350183002914,0.5367291409846077,0.6621404955959953,0.5368046227454549,0.5367291409846077,0.7090205348569638,0.5367291409846077,0.5367291409846077,0.576979852576041,0.6874889063123756,0.5368284298281445,0.5368243776467981,0.5367291409846077,0.70994300918296,0.5773579965771456,0.5367291409846077,0.5367291409846077,0.7135395179203389,0.5367291409846077,0.5367291409846077
