0.0,0.0,0.13053135614948594,0.1447177724677847,0.12316680330324689,0.4596762937932794,0.8408964152537145,0.005821627121254131,0.020198754859956945,0.5272567584311204,0.0,0.412459751990279,0.20893683077735947,0.45870033320301995,0.0,0.39774665210647603,0.20835300597368667,0.46186022247668285,0.469758872322179,0.20783435387057828,0.4044015831009642,0.0,0.5046544736870865,0.0,0.3889497584158429,0.0,0.5181162029292109,0.0,0.47535200635460406,0.20643157879553903,0.3930674883469391,0.4770582584611496,0.008780451843565002,0.2074213857115785,0.38585194247362253,0.39234784849200965,0.0,0.5184895897124562,0.0,0.39244188215867426,0.20766014411408382,0.46481877159678947,0.4616946377973482,0.2060857035058274,0.04273470267976896,0.39520240614627367,0.5133847859458657,0.0,0.4027594972811418,0.0,0.46665615416426354,0.20753267342104154,0.4676328449871013,0.010031907880006394,0.44612741525357485,0.0,0.46934037882808666,0.4482026038826042,0.0,0.0,0.39583314121055885,0.5209108260873643,0.0,0.3905606419666676,0.5240568330068209,0.0,0.0,0.475338425302714,0.20632787642398887,0.4130007259153545,0.480786751744616,0.2072217952668744,0.010006085693582327,0.3940852397416641,0.47999177986413644,0.20734319892713132,0.4622363980197676,0.3808730613642221,0.20731316745353193,0.0,0.0,0.46286729431818785,0.0,0.0,0.3923064676129106,0.20718485958470653,0.0,0.0,0.4637356830307683,0.0,0.0,0.0,0.5277684420218763,0.0,0.0048520966643847375,0.40950467660684464,0.0,0.0,0.0,0.5196496671594132,0.008750937646950268,0.0,0.0,0.464496815895067,0.0,0.20630712976279372,0.0,0.38265014489988214,0.0,0.015865916363937027,0.45903115646166126,0.0,0.0,0.20726748633929376,0.424765751916419,0.010031907880006394,0.0,0.0,0.46052986042884203,0.2083455344874211,0.0,0.0,0.4658423786781939,0.0,0.0
0.0,0.0,0.13053135614948594,0.1447177724677847,0.12316680330324689,0.4596762937932794,0.8408964152537145,0.005821627121254131,0.020198754859956945,0.5272567584311204,0.0,0.412459751990279,0.20893683077735947,0.45870033320301995,0.0,0.39774665210647603,0.20835300597368667,0.46186022247668285,0.469758872322179,0.20783435387057828,0.4044015831009642,0.0,0.5046544736870865,0.0,0.3889497584158429,0.0,0.5181162029292109,0.0,0.47535200635460406,0.20643157879553903,0.3930674883469391,0.4770582584611496,0.008780451843565002,0.2074213857115785,0.38585194247362253,0.39234784849200965,0.0,0.5184895897124562,0.0,0.39244188215867426,0.20766014411408382,0.46481877159678947,0.4616946377973482,0.2060857035058274,0.04273470267976896,0.39520240614627367,0.5133847859458657,0.0,0.4027594972811418,0.0,0.46665615416426354,0.20753267342104154,0.4676328449871013,0.010031907880006394,0.44612741525357485,0.0,0.46934037882808666,0.4482026038826042,0.0,0.0,0.39583314121055885,0.5209108260873643,0.0,0.3905606419666676,0.5240568330068209,0.0,0.0,0.475338425302714,0.20632787642398887,0.4130007259153545,0.480786751744616,0.2072217952668744,0.010006085693582327,0.3940852397416641,0.47999177986413644,0.20734319892713132,0.4622363980197676,0.3808730613642221,0.20731316745353193,0.0,0.0,0.46286729431818785,0.0,0.0,0.3923064676129106,0.20718485958470653,0.0,0.0,0.4637356830307683,0.0,0.0,0.0,0.5277684420218763,0.0,0.0048520966643847375,0.40950467660684464,0.0,0.0,0.0,0.5196496671594132,0.008750937646950268,0.0,0.0,0.464496815895067,0.0,0.20630712976279372,0.0,0.38265014489988214,0.0,0.015865916363937027,0.45903115646166126,0.0,0.0,0.20726748633929376,0.424765751916419,0.010031907880006394,0.0,0.0,0.46052986042884203,0.2083455344874211,0.0,0.0,0.4658423786781939,0.0,0.0
0.13053135614948594,0.13053135614948594,0.18458581505336358,0.19487147376639502,0.1794556590648071,0.477415271495429,0.84796941404178,0.13066109348388727,0.1320846849272727,0.5425183252620198,0.13053135614948594,0.4323059262702342,0.24631373097777698,0.4764792401572746,0.13053135614948594,0.4183339560230307,0.24581913300585606,0.479510343166692,0.4870931774124374,0.24538007345527602,0.4246480186325943,0.13053135614948594,0.5206877992546421,0.13053135614948594,0.41000278969523923,0.13053135614948594,0.5336838702359018,0.13053135614948594,0.4924677585575376,0.24419411968677995,0.4139003111117296,0.49410814852503265,0.13082629716868546,0.24503070016230752,0.40707327462633563,0.41321887249576517,0.13053135614948594,0.5340445981769811,0.13053135614948594,0.413307907727307,0.24523266715197542,0.4823495915805054,0.47935147185348337,0.24390205571816923,0.13734772014962238,0.41592259572846385,0.5291140396997769,0.13053135614948594,0.4230891542708148,0.13053135614948594,0.48411349518314056,0.2451248308589697,0.48505131538064816,0.1309162305383897,0.4644333466140303,0.13053135614948594,0.48669120314077857,0.46641989043439774,0.13053135614948594,0.13053135614948594,0.41652025236815243,0.5363840725184998,0.13053135614948594,0.4115270555593589,0.5394246717830448,0.13053135614948594,0.13053135614948594,0.49245470324067686,0.24410653670173552,0.43282050129971444,0.49769400565594785,0.2448619159512387,0.13091425464517428,0.4148642389829169,0.49692929959030374,0.24496457581821512,0.4798712816662294,0.40236977642528055,0.2449391793906428,0.13053135614948594,0.13053135614948594,0.48047666817159274,0.13053135614948594,0.13053135614948594,0.4131796918964299,0.24483068623021056,0.13053135614948594,0.13053135614948594,0.48131003558537927,0.13053135614948594,0.13053135614948594,0.13053135614948594,0.5430131022213939,0.13053135614948594,0.1306214927046368,0.42949609074404727,0.13053135614948594,0.13053135614948594,0.13053135614948594,0.5351654313688056,0.1308243199164036,0.13053135614948594,0.13053135614948594,0.48204055921912153,0.13053135614948594,0.24408901638362188,0.13053135614948594,0.40404786698411127,0.13053135614948594,0.13149192050723138,0.47679651315681704,0.13053135614948594,0.13053135614948594,0.24490055067681707,0.44402540739988294,0.1309162305383897,0.13053135614948594,0.13053135614948594,0.4782340283809532,0.24581280591372506,0.13053135614948594,0.13053135614948594,0.48333220617317674,0.13053135614948594,0.13053135614948594
0.1447177724677847,0.1447177724677847,0.19487147376639502,0.2046393907037062,0.19001988796011823,0.4813795807217342,0.8495650601791476,0.14483479403891236,0.14612026600377362,0.5459454097457414,0.1447177724677847,0.43671921626326576,0.2541029170936696,0.480452127679628,0.1447177724677847,0.4229032862376086,0.2536236268185361,0.4834555530990052,0.4909703993818034,0.2531982048138515,0.4291457059705731,0.1447177724677847,0.5242832619057329,0.1447177724677847,0.414669656730206,0.1447177724677847,0.5371778447772633,0.1447177724677847,0.4962978357378522,0.25204931880494647,0.41852111060749986,0.4979240032130264,0.14498383713686266,0.2528597162598819,0.4117752886131245,0.4178476701933908,0.1447177724677847,0.5375358092242819,0.1447177724677847,0.41793565905669017,0.2530553873937262,0.4862691380144359,0.4832981252408127,0.2517664356300217,0.1508941781419539,0.42051979732628636,0.5326432683669868,0.1447177724677847,0.42760435262096474,0.1447177724677847,0.4880172234602277,0.2529509114317359,0.4889466722186427,0.14506498772661475,0.4685192086453734,0.1447177724677847,0.49057198537382973,0.47048678304240305,0.1447177724677847,0.1447177724677847,0.4211105191788487,0.5398574287178924,0.1447177724677847,0.41617581306394397,0.5428749948586739,0.1447177724677847,0.1447177724677847,0.49628489392186065,0.2519644867459403,0.437228214725398,0.5014790351249991,0.2526962010186993,0.1450632046854946,0.41947376480755827,0.5007208725542338,0.25279565531682135,0.4838132151733275,0.4071291839134173,0.2527710516604474,0.1447177724677847,0.1447177724677847,0.4844131154434339,0.1447177724677847,0.1447177724677847,0.41780895018396574,0.25266594695289113,0.1447177724677847,0.1447177724677847,0.4852389492922861,0.1447177724677847,0.1447177724677847,0.1447177724677847,0.5464364881842914,0.1447177724677847,0.14479907230011363,0.43394003903008266,0.1447177724677847,0.1447177724677847,0.1447177724677847,0.5386480736631755,0.14498205309685758,0.1447177724677847,0.1447177724677847,0.4859628868033599,0.1447177724677847,0.2519475169532838,0.1447177724677847,0.4087866596202035,0.1447177724677847,0.1455847007567646,0.48076648987375387,0.1447177724677847,0.1447177724677847,0.2527336290721621,0.4483145054852089,0.14506498772661475,0.1447177724677847,0.1447177724677847,0.4821908570133393,0.25361749592478555,0.1447177724677847,0.1447177724677847,0.48724292905707706,0.1447177724677847,0.1447177724677847
0.12316680330324689,0.12316680330324689,0.1794556590648071,0.19001988796011823,0.1741741415169728,0.47550553420524294,0.8472026123103222,0.12330429379819932,0.12481187012080303,0.5408694617033195,0.12316680330324689,0.43017716750783114,0.2424977843204696,0.47456532712511845,0.12316680330324689,0.4161288441942825,0.2419953311915293,0.47760990182851354,0.48522581364130324,0.24154927165990517,0.4224779784367437,0.12316680330324689,0.5189573023559495,0.12316680330324689,0.4077498869160798,0.12316680330324689,0.5320025905651845,0.12316680330324689,0.49062331962939854,0.24034428257382331,0.41166998672447025,0.4922706235703869,0.12347934586062831,0.24119431010458559,0.40480313815803487,0.41098462888052495,0.12316680330324689,0.5323646580965693,0.12316680330324689,0.41107417686608655,0.24139950954501863,0.4804616385082059,0.4774503280188707,0.2400475019970529,0.1303690177941033,0.41370383265794036,0.5274156680745321,0.12316680330324689,0.420910544299108,0.12316680330324689,0.48223323800180995,0.2412899480202528,0.48317513064034123,0.12357462908726836,0.4624644083162621,0.12316680330324689,0.4848221077397212,0.4644601954990002,0.12316680330324689,0.12316680330324689,0.4143048862981787,0.5347127867543584,0.12316680330324689,0.4092830298826902,0.5377645483955089,0.12316680330324689,0.12316680330324689,0.49061020913284664,0.24025528639210234,0.43069446893662733,0.4958714627182369,0.24102282038309703,0.1235725357404083,0.41263943827220395,0.4951035766559611,0.24112712627677604,0.4779724348540554,0.40007148370251555,0.2411013227783981,0.12316680330324689,0.12316680330324689,0.47858049121708013,0.12316680330324689,0.12316680330324689,0.4109452225755077,0.24099108965378072,0.12316680330324689,0.12316680330324689,0.4794175245932549,0.12316680330324689,0.12316680330324689,0.12316680330324689,0.5413660305167308,0.12316680330324689,0.12326232823975908,0.42735234023950713,0.12316680330324689,0.12316680330324689,0.12316680330324689,0.5334896447558087,0.12347725089765751,0.12316680330324689,0.12316680330324689,0.4801512529382321,0.12316680330324689,0.2402374832512137,0.12316680330324689,0.4017596896103433,0.12316680330324689,0.12418437619417418,0.4748840170837206,0.12316680330324689,0.12316680330324689,0.2410620747338574,0.441957329489497,0.12357462908726836,0.12316680330324689,0.12316680330324689,0.4763279322204193,0.24198890340569099,0.12316680330324689,0.12316680330324689,0.4814485460958375,0.12316680330324689,0.12316680330324689
0.4596762937932794,0.4596762937932794,0.477415271495429,0.4813795807217342,0.47550553420524294,0.6426993848263755,0.9168173932028901,0.45971232423678615,0.46010982937713196,0.6889816194182062,0.4596762937932794,0.6119672399671237,0.503755663654986,0.6420492892096119,0.4596762937932794,0.6027201772603694,0.5035214876033486,0.6441562187349121,0.6494489820590763,0.5033139009124575,0.6068817546972989,0.4596762937932794,0.6732463459598973,0.4596762937932794,0.5972741653579726,0.4596762937932794,0.6825903686358056,0.4596762937932794,0.6532188404936978,0.5027545677846307,0.5998154610587342,0.6543724183262213,0.4597582516994867,0.5031489153916767,0.5953716642424193,0.599370315391211,0.4596762937932794,0.682850728712325,0.4596762937932794,0.5994284572856606,0.5032442694497581,0.6461343640734543,0.644045660884312,0.5026171318702602,0.46161343359175266,0.6011385543551624,0.6792966348986633,0.4596762937932794,0.6058516299714913,0.4596762937932794,0.6473655005387475,0.503193349740239,0.6480207425123908,0.45978327593003415,0.6337275439165012,0.4596762937932794,0.649167634902141,0.6350941406585535,0.4596762937932794,0.4596762937932794,0.6015301588695078,0.6845405454132185,0.4596762937932794,0.598266659990244,0.6867400405680565,0.4596762937932794,0.4596762937932794,0.6532096650697385,0.5027133411420321,0.612310428369583,0.6568988600348395,0.5030692727702861,0.4597827259629503,0.6004457361454664,0.6563595389062805,0.5031177090402483,0.6444074457140143,0.5923310186345985,0.5031057252629367,0.4596762937932794,0.4596762937932794,0.6448289779804752,0.4596762937932794,0.4596762937932794,0.599344731519956,0.5030545411840411,0.4596762937932794,0.4596762937932794,0.6454095811796223,0.4596762937932794,0.4596762937932794,0.4596762937932794,0.6893404634511416,0.4596762937932794,0.45970132290213267,0.6100964970388169,0.4596762937932794,0.4596762937932794,0.4596762937932794,0.6836600395036453,0.4597577016996722,0.4596762937932794,0.4596762937932794,0.6459188442069886,0.4596762937932794,0.5027050953886297,0.4596762937932794,0.5934138586020705,0.4596762937932794,0.45994383556206175,0.6422695881244304,0.4596762937932794,0.4596762937932794,0.5030874993621949,0.6198278678587953,0.45978327593003415,0.4596762937932794,0.4596762937932794,0.6432684291420521,0.5035184942009191,0.4596762937932794,0.4596762937932794,0.6468199844601512,0.4596762937932794,0.4596762937932794
0.8408964152537145,0.8408964152537145,0.84796941404178,0.8495650601791476,0.8472026123103222,0.9168173932028901,1.0,0.8409106644454282,0.8410679013121508,0.9358466329827634,0.8408964152537145,0.9039326987170114,0.8586624178580272,0.9165462681551972,0.8408964152537145,0.9000377581729706,0.8585664714996906,0.917424682945578,0.9196274630421453,0.8584814314404793,0.9017912253275904,0.8408964152537145,0.9294483048928079,0.8408964152537145,0.8977421208598867,0.8408964152537145,0.9332584902637002,0.8408964152537145,0.9211928002367062,0.858252351736693,0.8988134518810287,0.9216711505240172,0.8409288283953199,0.8584138515475213,0.8969399973476775,0.8986258042189696,0.8408964152537145,0.9333642213770982,0.8408964152537145,0.898650313792037,0.8584529087423703,0.9182486264343314,0.9173786104624916,0.8581960764295209,0.8416632100635517,0.8993711565598508,0.9319188254648392,0.8408964152537145,0.9013572618600971,0.8408964152537145,0.9187610283516747,0.858432051636696,0.9190336148007866,0.8409387256211108,0.9130691397373961,0.8408964152537145,0.9195105158380213,0.9136409350974756,0.8408964152537145,0.8408964152537145,0.8995362131846658,0.9340498453523213,0.8408964152537145,0.898160544237691,0.9349406703247154,0.8408964152537145,0.8408964152537145,0.9211889942576486,0.8582354703068789,0.9040771525357091,0.922717680071894,0.8583812316371436,0.8409385081034205,0.8990791295493944,0.922494406097793,0.858401069894071,0.9175293673277957,0.8956579211324699,0.8583961615874226,0.8408964152537145,0.8408964152537145,0.9177049890980428,0.8408964152537145,0.8408964152537145,0.8986150193714613,0.8583751980800477,0.8408964152537145,0.8408964152537145,0.9179468271423877,0.8408964152537145,0.8408964152537145,0.8408964152537145,0.9359914819084781,0.8408964152537145,0.8409063136240162,0.9031451274550488,0.8408964152537145,0.8408964152537145,0.8408964152537145,0.9336927211487195,0.8409286108699494,0.8408964152537145,0.8408964152537145,0.9181588950113734,0.8408964152537145,0.858232093901373,0.8408964152537145,0.8961145049360715,0.8408964152537145,0.8410022335674583,0.9166381535128406,0.8408964152537145,0.8408964152537145,0.8583886967096619,0.9072389749005109,0.8409387256211108,0.8408964152537145,0.8408964152537145,0.917054650605082,0.8585652451399665,0.8408964152537145,0.8408964152537145,0.9185340213337965,0.8408964152537145,0.8408964152537145
0.005821627121254131,0.005821627121254131,0.13066109348388727,0.14483479403891236,0.12330429379819932,0.45971232423678615,0.8409106644454282,0.00823302400508856,0.021020966597477816,0.5272876297962842,0.005821627121254131,0.41250023541330566,0.20901784197248402,0.45873644744354636,0.005821627121254131,0.3977887174231746,0.20843424494487078,0.46189606651884496,0.46979405471221275,0.20791579625771592,0.4044429197917431,0.005821627121254131,0.5046869440440126,0.005821627121254131,0.3889928222469282,0.005821627121254131,0.5181477076566208,0.005821627121254131,0.4753867316355058,0.20651357644188126,0.39311007961772165,0.4770928461119397,0.010535068904935446,0.20750299078825665,0.3858953680057929,0.39239052168509636,0.005821627121254131,0.5185210682253674,0.005821627121254131,0.39248454463131077,0.20774165505304376,0.46485436554072285,0.46173049591887494,0.2061678392142585,0.04312941104841138,0.3952447560127149,0.5134166254598903,0.005821627121254131,0.4028010116938798,0.005821627121254131,0.4666915941638808,0.20761423459238765,0.46766820357869193,0.011598729129868965,0.44616463757225777,0.005821627121254131,0.46937559579401933,0.4482396395554955,0.005821627121254131,0.005821627121254131,0.39587542021938016,0.5209421353290751,0.005821627121254131,0.39060351982514196,0.5240879241392195,0.005821627121254131,0.005821627121254131,0.4753731516824551,0.20640991541662634,0.4130411531484454,0.48082104152540106,0.20730347920356162,0.011576402403626842,0.394127715628175,0.48002613282771944,0.20742483487814845,0.46227221010883873,0.3809170797387066,0.20739481526950482,0.005821627121254131,0.005821627121254131,0.4629030529185135,0.005821627121254131,0.005821627121254131,0.3923491455252,0.2072665581315808,0.005821627121254131,0.005821627121254131,0.4637713682129122,0.005821627121254131,0.005821627121254131,0.005821627121254131,0.5277992784366407,0.005821627121254131,0.007578534327126962,0.40954546936310293,0.005821627121254131,0.005821627121254131,0.005821627121254131,0.5196810644155202,0.010510482967809055,0.005821627121254131,0.005821627121254131,0.4645324369218792,0.005821627121254131,0.20638917703211973,0.005821627121254131,0.3826939500181267,0.005821627121254131,0.01690025570563974,0.45906724226268786,0.005821627121254131,0.005821627121254131,0.20734915220969977,0.42480498941746353,0.011598729129868965,0.005821627121254131,0.005821627121254131,0.4605658178369003,0.20842677638178483,0.005821627121254131,0.005821627121254131,0.46587788673070984,0.005821627121254131,0.005821627121254131
0.020198754859956945,0.020198754859956945,0.1320846849272727,0.14612026600377362,0.12481187012080303,0.46010982937713196,0.8410679013121508,0.021020966597477816,0.0285653518770069,0.5276282530275429,0.020198754859956945,0.41294681886965484,0.2099099720751827,0.4591348763139445,0.020198754859956945,0.39825273113725096,0.20932887180453927,0.46229151685637293,0.47018221105953967,0.20881265276945127,0.4048989053726165,0.020198754859956945,0.5050451993895246,0.020198754859956945,0.38946783690835374,0.020198754859956945,0.5184953152201955,0.020198754859956945,0.475769848638055,0.20741651877777761,0.39357988805951777,0.4774744457934708,0.02202466855897899,0.2084016304915956,0.3863743673909973,0.3928612326851598,0.020198754859956945,0.5188683867174808,0.020198754859956945,0.3929551375219082,0.20863926294698773,0.4652470588631788,0.4621261014619038,0.20707229466533403,0.04726778690246036,0.3957119048036858,0.5137679247226592,0.020198754859956945,0.4032589554963041,0.020198754859956945,0.4670825904192555,0.20851239306742647,0.4680583023917663,0.022552801668501484,0.4465752806789456,0.020198754859956945,0.4697641333120173,0.4486482253600351,0.020198754859956945,0.020198754859956945,0.3963417883316675,0.5212875872280425,0.020198754859956945,0.3910764856445301,0.5244309708637248,0.020198754859956945,0.020198754859956945,0.4757562807992375,0.2073133108981803,0.413487117425193,0.48119935724640295,0.2082029832499688,0.022541327338087808,0.3945962528413914,0.4804051451332864,0.20832381298024494,0.46266730820715446,0.381402609950237,0.2082939234172122,0.020198754859956945,0.020198754859956945,0.4632975613744511,0.020198754859956945,0.020198754859956945,0.3928199085176823,0.20816622231122955,0.020198754859956945,0.020198754859956945,0.4641650673268964,0.020198754859956945,0.020198754859956945,0.020198754859956945,0.5281395162474319,0.020198754859956945,0.020773361221059314,0.4099954614325122,0.020198754859956945,0.020198754859956945,0.020198754859956945,0.5200274868725532,0.022012918940871342,0.020198754859956945,0.020198754859956945,0.4649254288012436,0.020198754859956945,0.20729266322380346,0.020198754859956945,0.38317713101391004,0.020198754859956945,0.025684956027632447,0.45946535763311236,0.020198754859956945,0.020198754859956945,0.2082484582421245,0.42523784284672833,0.022552801668501484,0.020198754859956945,0.020198754859956945,0.4609625178715843,0.20932143528313055,0.020198754859956945,0.020198754859956945,0.4662696331970831,0.020198754859956945,0.020198754859956945
0.5272567584311204,0.5272567584311204,0.5425183252620198,0.5459454097457414,0.5408694617033195,0.6889816194182062,0.9358466329827634,0.5272876297962842,0.5276282530275429,0.7308095034499421,0.5272567584311204,0.6613351906600319,0.5653923004522454,0.68839556265388,0.5272567584311204,0.653042879161787,0.5651879190112785,0.6902951196298381,0.6950691215077842,0.5650067584789809,0.656773116412127,0.5272567584311204,0.7165683084063376,0.5272567584311204,0.6481656066191938,0.5272567584311204,0.7250230305329881,0.5272567584311204,0.6984713061213399,0.5645186976934476,0.6504408954759716,0.6995126674972452,0.5273269818360006,0.5648627856807007,0.6464629635319644,0.6500422666219616,0.5272567584311204,0.7252587011649262,0.5272567584311204,0.6500943309310413,0.5649459942938293,0.6920790215814685,0.6901954308498834,0.5643987896426251,0.5289172824666998,0.6516259224268741,0.7220420425639414,0.5272567584311204,0.6558495049750841,0.5272567584311204,0.6931894847359903,0.5649015599738654,0.6937805685222619,0.5273484237200348,0.6808979595561447,0.5272567584311204,0.6948152738100728,0.6821286422090947,0.5272567584311204,0.5272567584311204,0.6519767179751044,0.7267883872257077,0.5272567584311204,0.6490540839078697,0.7287797360856046,0.5272567584311204,0.5272567584311204,0.6984630237945596,0.5644827282501593,0.6616431996980282,0.7017938093237711,0.5647932895232607,0.5273479524807747,0.6510053644683381,0.7013067996188705,0.5648355547755431,0.6905216532912062,0.6437430360093095,0.5648250977205449,0.5272567584311204,0.5272567584311204,0.6909017686496549,0.5272567584311204,0.5272567584311204,0.6500193572173679,0.5647804349612697,0.5272567584311204,0.5272567584311204,0.6914253581147107,0.5272567584311204,0.5272567584311204,0.5272567584311204,0.7311344684614475,0.5272567584311204,0.527278203649039,0.6596565267004076,0.5272567584311204,0.5272567584311204,0.5272567584311204,0.7259912959862583,0.5273265105743713,0.5272567584311204,0.5272567584311204,0.6918846435799642,0.5272567584311204,0.5644755340558726,0.5272567584311204,0.644711476450425,0.5272567584311204,0.5274860045615545,0.6885941552091245,0.5272567584311204,0.5272567584311204,0.5648091938705827,0.6683944050539241,0.5273484237200348,0.5272567584311204,0.5272567584311204,0.6894946485197729,0.5651853065770931,0.5272567584311204,0.5272567584311204,0.6926974185319537,0.5272567584311204,0.5272567584311204
0.0,0.0,0.13053135614948594,0.1447177724677847,0.12316680330324689,0.4596762937932794,0.8408964152537145,0.005821627121254131,0.020198754859956945,0.5272567584311204,0.0,0.412459751990279,0.20893683077735947,0.45870033320301995,0.0,0.39774665210647603,0.20835300597368667,0.46186022247668285,0.469758872322179,0.20783435387057828,0.4044015831009642,0.0,0.5046544736870865,0.0,0.3889497584158429,0.0,0.5181162029292109,0.0,0.47535200635460406,0.20643157879553903,0.3930674883469391,0.4770582584611496,0.008780451843565002,0.2074213857115785,0.38585194247362253,0.39234784849200965,0.0,0.5184895897124562,0.0,0.39244188215867426,0.20766014411408382,0.46481877159678947,0.4616946377973482,0.2060857035058274,0.04273470267976896,0.39520240614627367,0.5133847859458657,0.0,0.4027594972811418,0.0,0.46665615416426354,0.20753267342104154,0.4676328449871013,0.010031907880006394,0.44612741525357485,0.0,0.46934037882808666,0.4482026038826042,0.0,0.0,0.39583314121055885,0.5209108260873643,0.0,0.3905606419666676,0.5240568330068209,0.0,0.0,0.475338425302714,0.20632787642398887,0.4130007259153545,0.480786751744616,0.2072217952668744,0.010006085693582327,0.3940852397416641,0.47999177986413644,0.20734319892713132,0.4622363980197676,0.3808730613642221,0.20731316745353193,0.0,0.0,0.46286729431818785,0.0,0.0,0.3923064676129106,0.20718485958470653,0.0,0.0,0.4637356830307683,0.0,0.0,0.0,0.5277684420218763,0.0,0.0048520966643847375,0.40950467660684464,0.0,0.0,0.0,0.5196496671594132,0.008750937646950268,0.0,0.0,0.464496815895067,0.0,0.20630712976279372,0.0,0.38265014489988214,0.0,0.015865916363937027,0.45903115646166126,0.0,0.0,0.20726748633929376,0.424765751916419,0.010031907880006394,0.0,0.0,0.46052986042884203,0.2083455344874211,0.0,0.0,0.4658423786781939,0.0,0.0
0.412459751990279,0.412459751990279,0.4323059262702342,0.43671921626326576,0.43017716750783114,0.6119672399671237,0.9039326987170114,0.41250023541330566,0.41294681886965484,0.6613351906600319,0.412459751990279,0.5790390902214219,0.4614965921290517,0.6112720831737725,0.412459751990279,0.569101829963397,0.4612383740721443,0.6135248554054541,0.6191815053886637,0.46100945708115554,0.5735758819019899,0.412459751990279,0.6445751764477731,0.412459751990279,0.5632421280410441,0.412459751990279,0.654530328279015,0.412459751990279,0.6232084569393191,0.46039256538088186,0.565977151831315,0.6244403686695504,0.41255183794846767,0.4608275065170979,0.5611937940774947,0.5654981593217138,0.412459751990279,0.6548076048299187,0.412459751990279,0.5655607241582435,0.46093266690712303,0.6156394118597831,0.613406658898452,0.4602409674992015,0.41463525717851785,0.5674006299310745,0.6510220776577383,0.412459751990279,0.5724686971979634,0.412459751990279,0.6169551976254575,0.46087651099874233,0.6176554151961337,0.4125799538167394,0.6023685375258254,0.412459751990279,0.6188809025136625,0.6038313260678828,0.412459751990279,0.412459751990279,0.5678218840163377,0.6566070734514747,0.412459751990279,0.5643104271235021,0.6589489329382429,0.412459751990279,0.412459751990279,0.6231986578317295,0.4603470913632013,0.579407609680541,0.6271378306118902,0.4607396705843395,0.41257933590738716,0.5666552871223959,0.6265620631013608,0.46079309008201985,0.6137934343328639,0.5579186199621654,0.4607798734745572,0.412459751990279,0.412459751990279,0.6142440632426912,0.412459751990279,0.412459751990279,0.5654706290465881,0.4607234231961703,0.412459751990279,0.412459751990279,0.6148647061285221,0.412459751990279,0.412459751990279,0.412459751990279,0.6617171580399658,0.412459751990279,0.4124878745092535,0.5770299152599765,0.412459751990279,0.412459751990279,0.412459751990279,0.6556694620631563,0.41255121999449595,0.412459751990279,0.412459751990279,0.6154090539611199,0.412459751990279,0.4603379960098431,0.412459751990279,0.5590851876961686,0.412459751990279,0.4127603414230848,0.6115076581966364,0.412459751990279,0.412459751990279,0.46075977247648964,0.5874750452049181,0.4125799538167394,0.412459751990279,0.412459751990279,0.6125756824376553,0.4612350732076877,0.412459751990279,0.412459751990279,0.6163721968317408,0.412459751990279,0.412459751990279
0.20893683077735947,0.20893683077735947,0.24631373097777698,0.2541029170936696,0.2424977843204696,0.503755663654986,0.8586624178580272,0.20901784197248402,0.2099099720751827,0.5653923004522454,0.20893683077735947,0.4614965921290517,0.29534042259340715,0.5028745009377209,0.20893683077735947,0.44850465585146376,0.294928867247305,0.50572851601977,0.512875659504952,0.294563735885849,0.4543694468894637,0.20893683077735947,0.5446544785238522,0.20893683077735947,0.4407832331325033,0.20893683077735947,0.5569925963061937,0.20893683077735947,0.5179475512410336,0.2935784665145358,0.44439304258964435,0.5194965359886533,0.20912107010842124,0.2942733314603652,0.43807289273811556,0.44376159171626967,0.20893683077735947,0.5573353801219492,0.20893683077735947,0.44384408812569254,0.2944411941477118,0.5084034181599175,0.5055788842982996,0.2933360491097488,0.2132581540553312,0.4462677567298398,0.5526515497362522,0.20893683077735947,0.4529205028392377,0.20893683077735947,0.5100659547571872,0.29435156193238887,0.5109501072120437,0.2091772986462175,0.4915497475807662,0.20893683077735947,0.5124965247699146,0.4934153973424367,0.20893683077735947,0.20893683077735947,0.4468220218159784,0.5595588822664762,0.20893683077735947,0.4421944560710749,0.5624497837760118,0.20893683077735947,0.20893683077735947,0.5179352252035389,0.2935057620102611,0.4619760398943532,0.5228841416423982,0.2941330806238709,0.20917606301724073,0.44528648619963457,0.5221615362776594,0.29421838208365886,0.5060684804017753,0.43372667396895404,0.2941972788363219,0.20893683077735947,0.20893683077735947,0.5066387415476382,0.20893683077735947,0.20893683077735947,0.4437252892920067,0.2941071335939444,0.20893683077735947,0.20893683077735947,0.5074238652995273,0.20893683077735947,0.20893683077735947,0.20893683077735947,0.565863013777214,0.20893683077735947,0.20899310907273025,0.458879749710387,0.20893683077735947,0.20893683077735947,0.20893683077735947,0.5584005646082417,0.20911983414594607,0.20893683077735947,0.20893683077735947,0.5081122027068292,0.20893683077735947,0.2934912189796598,0.20893683077735947,0.43527652458048954,0.20893683077735947,0.20953778942852255,0.5031731575556001,0.20893683077735947,0.20893683077735947,0.2941651814554134,0.4724321177934699,0.2091772986462175,0.20893683077735947,0.20893683077735947,0.5045265602949144,0.2949236040940358,0.20893683077735947,0.20893683077735947,0.5093294955695714,0.20893683077735947,0.20893683077735947
0.45870033320301995,0.45870033320301995,0.4764792401572746,0.480452127679628,0.47456532712511845,0.6420492892096119,0.9165462681551972,0.45873644744354636,0.4591348763139445,0.68839556265388,0.45870033320301995,0.6112720831737725,0.5028745009377209,0.6413982645132768,0.45870033320301995,0.602010951830165,0.5026398580407484,0.6435082017072464,0.6488084776015746,0.5024318572167029,0.6061788928831353,0.45870033320301995,0.6726389336101394,0.45870033320301995,0.596556529702695,0.45870033320301995,0.6819956819480126,0.45870033320301995,0.6525836508536693,0.5018714068401534,0.599101761761294,0.6537388492109535,0.4587824817044535,0.5022665423533046,0.5946510678534067,0.5986559280942554,0.45870033320301995,0.6822563947132932,0.45870033320301995,0.5987141598867736,0.5023620867777382,0.6454891619264388,0.6433974862798696,0.5017336960923485,0.46064196210425645,0.6004268962249313,0.6786974777997585,0.45870033320301995,0.6051471979322761,0.45870033320301995,0.646722045984077,0.5023110654186111,0.6473782167410126,0.45880756411769813,0.6330645399904241,0.45870033320301995,0.6485267326099687,0.634433115197752,0.45870033320301995,0.45870033320301995,0.6008191038055172,0.6839484980896878,0.45870033320301995,0.5975505641644527,0.6861509635474121,0.45870033320301995,0.45870033320301995,0.6525744625294634,0.5018300977686414,0.6116157887845803,0.6562688307373733,0.5021867406871001,0.45880701287196995,0.5997330098868634,0.6557287550202092,0.5022352736882648,0.6437597866565987,0.5916056652112851,0.5022232659797791,0.45870033320301995,0.45870033320301995,0.6441819192462793,0.45870033320301995,0.45870033320301995,0.5986303046621715,0.5021719796776618,0.45870033320301995,0.45870033320301995,0.6447633486692004,0.45870033320301995,0.45870033320301995,0.45870033320301995,0.6887548895549122,0.45870033320301995,0.45872542052399184,0.6093985148328126,0.45870033320301995,0.45870033320301995,0.45870033320301995,0.6830668011842608,0.4587819304257975,0.45870033320301995,0.45870033320301995,0.6452733357929346,0.45870033320301995,0.501821835527285,0.45870033320301995,0.5926902028348682,0.45870033320301995,0.45896849692838554,0.6416188783733108,0.45870033320301995,0.45870033320301995,0.5022050036807869,0.6191444731263716,0.45880756411769813,0.45870033320301995,0.45870033320301995,0.6426191459925074,0.5026368586684884,0.45870033320301995,0.45870033320301995,0.6461757559518596,0.45870033320301995,0.45870033320301995
0.0,0.0,0.13053135614948594,0.1447177724677847,0.12316680330324689,0.4596762937932794,0.8408964152537145,0.005821627121254131,0.020198754859956945,0.5272567584311204,0.0,0.412459751990279,0.20893683077735947,0.45870033320301995,0.0,0.39774665210647603,0.20835300597368667,0.46186022247668285,0.469758872322179,0.20783435387057828,0.4044015831009642,0.0,0.5046544736870865,0.0,0.3889497584158429,0.0,0.5181162029292109,0.0,0.47535200635460406,0.20643157879553903,0.3930674883469391,0.4770582584611496,0.008780451843565002,0.2074213857115785,0.38585194247362253,0.39234784849200965,0.0,0.5184895897124562,0.0,0.39244188215867426,0.20766014411408382,0.46481877159678947,0.4616946377973482,0.2060857035058274,0.04273470267976896,0.39520240614627367,0.5133847859458657,0.0,0.4027594972811418,0.0,0.46665615416426354,0.20753267342104154,0.4676328449871013,0.010031907880006394,0.44612741525357485,0.0,0.46934037882808666,0.4482026038826042,0.0,0.0,0.39583314121055885,0.5209108260873643,0.0,0.3905606419666676,0.5240568330068209,0.0,0.0,0.475338425302714,0.20632787642398887,0.4130007259153545,0.480786751744616,0.2072217952668744,0.010006085693582327,0.3940852397416641,0.47999177986413644,0.20734319892713132,0.4622363980197676,0.3808730613642221,0.20731316745353193,0.0,0.0,0.46286729431818785,0.0,0.0,0.3923064676129106,0.20718485958470653,0.0,0.0,0.4637356830307683,0.0,0.0,0.0,0.5277684420218763,0.0,0.0048520966643847375,0.40950467660684464,0.0,0.0,0.0,0.5196496671594132,0.008750937646950268,0.0,0.0,0.464496815895067,0.0,0.20630712976279372,0.0,0.38265014489988214,0.0,0.015865916363937027,0.45903115646166126,0.0,0.0,0.20726748633929376,0.424765751916419,0.010031907880006394,0.0,0.0,0.46052986042884203,0.2083455344874211,0.0,0.0,0.4658423786781939,0.0,0.0
0.39774665210647603,0.39774665210647603,0.4183339560230307,0.4229032862376086,0.4161288441942825,0.6027201772603694,0.9000377581729706,0.3977887174231746,0.39825273113725096,0.653042879161787,0.39774665210647603,0.569101829963397,0.44850465585146376,0.602010951830165,0.39774665210647603,0.5589456319918408,0.44823827326982113,0.6043092441221306,0.6100792969109643,0.44800211122596517,0.5635189274640503,0.39774665210647603,0.6359676274906911,0.39774665210647603,0.5529542210983034,0.39774665210647603,0.6461109880674496,0.39774665210647603,0.6141862229580058,0.4473656625615684,0.5557509688145379,0.6154424782721788,0.39784233589424867,0.447814397367367,0.5508593698355619,0.5552611981286533,0.39774665210647603,0.6463934655132485,0.39774665210647603,0.5553251715445622,0.44792288922623197,0.606466340923602,0.6041886644446306,0.44720925131704514,0.40000673955593025,0.5572063990183622,0.6425367440953317,0.39774665210647603,0.5623872871966384,0.39774665210647603,0.6078085075342907,0.4478649544782417,0.6085227363002808,0.3978715499474769,0.5929254157037599,0.39774665210647603,0.6097726992511416,0.594418338186973,0.39774665210647603,0.39774665210647603,0.5576370863398805,0.648226634711622,0.39774665210647603,0.554046681921373,0.6506122192704262,0.39774665210647603,0.39774665210647603,0.6141762299855497,0.44731874500944496,0.5694783658414417,0.6181930491495052,0.4477237777365293,0.3978709079046092,0.556444340510965,0.6176059679259845,0.44777889032161694,0.6045832362475321,0.5475092897592376,0.44776525485799024,0.39774665210647603,0.39774665210647603,0.6050429410269492,0.39774665210647603,0.39774665210647603,0.5552330479668055,0.44770701532942103,0.39774665210647603,0.39774665210647603,0.605676070574848,0.39774665210647603,0.39774665210647603,0.39774665210647603,0.6534319399937129,0.39774665210647603,0.39777587354765837,0.5670488225652238,0.39774665210647603,0.39774665210647603,0.39774665210647603,0.647271474910458,0.3978416938018172,0.39774665210647603,0.39774665210647603,0.6062313574032526,0.39774665210647603,0.4473093609004209,0.39774665210647603,0.5487026130240944,0.39774665210647603,0.3980589798956049,0.6022512966633592,0.39774665210647603,0.39774665210647603,0.44774451678389393,0.5777195329926513,0.3978715499474769,0.39774665210647603,0.39774665210647603,0.603340917184013,0.4482348679821696,0.39774665210647603,0.39774665210647603,0.6072138263145667,0.39774665210647603,0.39774665210647603
0.20835300597368667,0.20835300597368667,0.24581913300585606,0.2536236268185361,0.2419953311915293,0.5035214876033486,0.8585664714996906,0.20843424494487078,0.20932887180453927,0.5651879190112785,0.20835300597368667,0.4612383740721443,0.294928867247305,0.5026398580407484,0.20835300597368667,0.44823827326982113,0.2945167280162918,0.5054953804140447,0.5126462390773202,0.2941510772950725,0.45410680045378926,0.20835300597368667,0.5444406428159365,0.20835300597368667,0.440511798220067,0.20835300597368667,0.5567844467022408,0.20835300597368667,0.5177207174971606,0.29316440016995055,0.44412398901405475,0.5192704842618256,0.20853776306806443,0.29386025889940753,0.4377996469476524,0.44349212406182315,0.20835300597368667,0.5571273858753427,0.20835300597368667,0.44357467462817446,0.29402836097180884,0.5081716828228371,0.5053456700098556,0.292921634978578,0.21268623817097204,0.44599992640118846,0.5524414206642485,0.20835300597368667,0.4526569412561744,0.20835300597368667,0.5098350837733004,0.2939386009673611,0.5107196940614577,0.20859414944216828,0.49130898333413386,0.20835300597368667,0.512266909349344,0.4931756574156711,0.20835300597368667,0.20835300597368667,0.4465545514060148,0.5593518924463561,0.20835300597368667,0.44192395622802594,0.5622440913900958,0.20835300597368667,0.20835300597368667,0.5177083852219888,0.293091591418525,0.46171811547084796,0.5226597874783331,0.2937198078492115,0.20859291034562852,0.44501801673020475,0.521936821456551,0.29380523110253987,0.5058355234240302,0.4334504821942337,0.2937840977303998,0.20835300597368667,0.20835300597368667,0.5064060837683322,0.20835300597368667,0.20835300597368667,0.44345579780023026,0.2936938237583523,0.20835300597368667,0.20835300597368667,0.5071916185627854,0.20835300597368667,0.20835300597368667,0.20835300597368667,0.5656588411576081,0.20835300597368667,0.20840944252327426,0.4586199196169069,0.20835300597368667,0.20835300597368667,0.20835300597368667,0.558193052253608,0.2085365236352268,0.20835300597368667,0.20835300597368667,0.5078803154992825,0.20835300597368667,0.2930770275293662,0.20835300597368667,0.43500138936980864,0.20835300597368667,0.20895565013073517,0.5029386730373857,0.20835300597368667,0.20835300597368667,0.2937519545224872,0.47218046903092786,0.20859414944216828,0.20835300597368667,0.20835300597368667,0.5042927915840223,0.2945114573857043,0.20835300597368667,0.20835300597368667,0.5090982422591405,0.20835300597368667,0.20835300597368667
