0.24940520540048322,0.19951739267857538,0.23279790355425303,0.8536785663510221,0.17707242877306323,0.17689624128358017,0.26896798953465223,0.4931175420146036,0.434645614160529,0.26838560733217065,0.476016114273739,0.17639882658937533,0.42220345809552157,0.26745019774145384,0.47882685715224793,0.17660151973052304,0.5284073930459224,0.17639882658937533,0.42803080875668353,0.17639882658937533,0.5165117841537129,0.4147976792931716,0.17660151973052304,0.5289083200812623,0.17639882658937533,0.49087253724639635,0.2662530849551674,0.41797409646748673,0.17639882658937533,0.4923274651999904,0.26680695518402775,0.41212392435430195,0.4175180170996461,0.17644815179816906,0.5288724582991786,0.17639882658937533,0.4178626429747734,0.26716636292613777,0.4812573659038404,0.17639882658937533,0.47840231319208426,0.2684505282852571,0.42035908760235013,0.17639882658937533,0.5245381807816071,0.17666378734780153,0.42675896668706675,0.4828192135398683,0.2671446216786984,0.4838517689996555,0.17660288848599617,0.464813062133327,0.17639882658937533,0.4853266094423238,0.17639882658937533,0.46677516271042974,0.42041320542466926,0.17639882658937533,0.5314895460932202,0.17639882658937533,0.17639882658937533,0.4635030830193931,0.49183136910286684,0.17639882658937533,0.49080589393334656,0.2661308079694662,0.4356693652033608,0.17639882658937533,0.5376600768418957,0.41884464333851606,0.17639882658937533,0.49462730692316204,0.26700733972170354,0.47926713840676854,0.17639882658937533,0.45546883725578946,0.17639882658937533,0.17639882658937533,0.479401033583875,0.17644815179816906,0.17639882658937533,0.17639882658937533,0.4649014408791114,0.17639882658937533,0.17639882658937533,0.48026857540194906,0.17639882658937533,0.17639882658937533,0.17639882658937533,0.5375974009747007,0.17639882658937533,0.17639882658937533,0.17666515561991117,0.4322221531794653,0.17639882658937533,0.17639882658937533,0.26635849865752376,0.4880679521823054,0.17639882658937533,0.17639882658937533,0.4811515021910246,0.17666378734780153,0.17639882658937533,0.26613944645461957,0.4090520237340635,0.17639882658937533,0.17639882658937533,0.17639882658937533,0.47609598906936534,0.17639882658937533,0.26699963536934784,0.44592097249320606,0.17639882658937533,0.17666515561991117,0.17639882658937533,0.4774943819334359,0.17639882658937533,0.26768717791995644,0.48216584309647526,0.17639882658937533,0.17639882658937533,0.17639882658937533,0.17639882658937533,0.46104159815155266,0.17639882658937533
0.19951739267857538,0.13187647739813907,0.17829930552599896,0.8445289026687609,0.09452109523208016,0.09419046898700893,0.22351911670888394,0.4704819483537164,0.4084722004488679,0.22281701272971438,0.45243127258065174,0.09325251445844829,0.39515379522157806,0.22168787155652092,0.4554023360926555,0.09363553928344202,0.5075553469318359,0.09325251445844829,0.40139793849013244,0.09325251445844829,0.49508232451383477,0.38720111930619994,0.09363553928344202,0.5080801039236418,0.09325251445844829,0.4681157963224273,0.22024020348218434,0.39061453442311445,0.09325251445844829,0.4696493511477241,0.22091036774624798,0.38432496002881944,0.3901246534675519,0.09334582733349887,0.5080425373984966,0.09325251445844829,0.39049482770798527,0.22134489830177262,0.45797007055275957,0.09325251445844829,0.45495368947898435,0.22289531346556396,0.3931750639351887,0.09325251445844829,0.5035007750098253,0.09375297900013108,0.40003611279091683,0.4596194228839417,0.22131862031666366,0.4607095417141455,0.09363812195937343,0.44057111627816153,0.09325251445844829,0.46226621016722713,0.09325251445844829,0.44265045862409796,0.3932331413026288,0.09325251445844829,0.5107835245361754,0.09325251445844829,0.09325251445844829,0.4391823349902007,0.4691264926985623,0.09325251445844829,0.46804554132303733,0.22009216616163163,0.40956581079434223,0.09325251445844829,0.5172421939257501,0.39154939138646094,0.09325251445844829,0.4720726231295316,0.22115266926493085,0.4558675714461757,0.09325251445844829,0.4306552802348462,0.09325251445844829,0.09325251445844829,0.4560090470248446,0.09334582733349887,0.09325251445844829,0.09325251445844829,0.4406647962109893,0.09325251445844829,0.09325251445844829,0.45692560899448625,0.09325251445844829,0.09325251445844829,0.09325251445844829,0.5171766189147526,0.09325251445844829,0.09325251445844829,0.09375555844046833,0.4058820470751516,0.09325251445844829,0.09325251445844829,0.22036779978292162,0.4651584407179403,0.09325251445844829,0.09325251445844829,0.4578582566320362,0.09375297900013108,0.09325251445844829,0.2201026255620146,0.381017143699331,0.09325251445844829,0.09325251445844829,0.09325251445844829,0.4525157277302498,0.09325251445844829,0.2211433548309671,0.42049940122825313,0.09325251445844829,0.09375555844046833,0.09325251445844829,0.45399407811338466,0.09325251445844829,0.22197410112696728,0.4589295103145765,0.09325251445844829,0.09325251445844829,0.09325251445844829,0.09325251445844829,0.4365716205848981,0.09325251445844829
0.23279790355425303,0.17829930552599896,0.21490296418036758,0.8504415008032112,0.15276110533493864,0.15255679853919712,0.2536549732455718,0.48515588330745535,0.42548037721837617,0.25303701045833465,0.4677296963807142,0.15197961793259632,0.412743107411034,0.2520441022670416,0.47059519797488714,0.15221488298640556,0.5210593002503318,0.15197961793259632,0.4187106756242276,0.15197961793259632,0.5089645848737164,0.40515377417446896,0.15221488298640556,0.5215684538244707,0.15197961793259632,0.48286936008899306,0.25077276793124165,0.4084096738842436,0.15197961793259632,0.4843512319585429,0.2513610677753171,0.4024122126557562,0.407942252694369,0.15203687810980368,0.5215320035092876,0.15197961793259632,0.40829545092139385,0.2517427345106451,0.47307260668856793,0.15197961793259632,0.4701624191962361,0.2531059059937019,0.41085359576022196,0.15197961793259632,0.5171261236642635,0.1522871379716234,0.41740853729420047,0.4746643751495349,0.25171964861247853,0.4757166194592515,0.15221647137706815,0.4563025980540659,0.15197961793259632,0.47721945632072293,0.15197961793259632,0.45830462669831745,0.4109090434450393,0.15197961793259632,0.5241918752140349,0.15197961793259632,0.15197961793259632,0.45496579342717014,0.48384596394354895,0.15197961793259632,0.48280147932928225,0.2506428691140753,0.42652770946204077,0.15197961793259632,0.5304619800403767,0.40930180466062444,0.15197961793259632,0.48669338833660697,0.25157387059382924,0.4710440058333589,0.15197961793259632,0.44676399904978703,0.15197961793259632,0.15197961793259632,0.4711804913473265,0.15203687810980368,0.15197961793259632,0.15197961793259632,0.45639278174045905,0.15197961793259632,0.15197961793259632,0.4720647860859792,0.15197961793259632,0.15197961793259632,0.15197961793259632,0.5303983017670657,0.15197961793259632,0.15197961793259632,0.1522887256078644,0.42300068021442216,0.15197961793259632,0.15197961793259632,0.25088474626572865,0.480012448394467,0.15197961793259632,0.15197961793259632,0.4729647087967289,0.1522871379716234,0.15197961793259632,0.25065204630612775,0.3992613658730525,0.15197961793259632,0.15197961793259632,0.15197961793259632,0.46781113511345807,0.15197961793259632,0.2515656891574479,0.4370099268562493,0.15197961793259632,0.1522887256078644,0.15197961793259632,0.46923683394558574,0.15197961793259632,0.2522956903627164,0.4739985083778961,0.15197961793259632,0.15197961793259632,0.15197961793259632,0.15197961793259632,0.4524535338833773,0.15197961793259632
0.8536785663510221,0.8445289026687609,0.8504415008032112,1.0,0.840996554534406,0.8409703286170417,0.8577232517119114,0.9172889900869959,0.9000597591298528,0.857599336561924,0.9121859794578371,0.8408964152537145,0.8964940447683851,0.857400749496189,0.9130218640079611,0.8409265116301007,0.9279063006817015,0.8408964152537145,0.8981586074963133,0.8408964152537145,0.9243197599310392,0.8943932857263386,0.8409265116301007,0.9280573897140174,0.8408964152537145,0.9166169225536084,0.8571474010977418,0.8952922567591199,0.8408964152537145,0.917052405793416,0.8572645066831295,0.8936390453900247,0.8951629866088001,0.8409037362913404,0.9280465730722209,0.8408964152537145,0.895260660687451,0.857340599586022,0.9137456388322351,0.8408964152537145,0.9128955309384104,0.8576131395151215,0.8959692935654556,0.8408964152537145,0.926739364450267,0.8409357635829053,0.8977944708272007,0.9142111916194001,0.857335994286483,0.9145191628994664,0.8409267149730049,0.9088674117200904,0.8408964152537145,0.9149593045624261,0.8408964152537145,0.9094470139019165,0.8959846763106009,0.8408964152537145,0.9288359504364807,0.8408964152537145,0.8408964152537145,0.9084808502865598,0.9169038887376545,0.8408964152537145,0.9165969810641316,0.8571215738167023,0.9003550577242742,0.8408964152537145,0.9306969700512784,0.8955391806621114,0.8408964152537145,0.9177412739801214,0.8573069216201356,0.9131529089397291,0.8408964152537145,0.906117492262901,0.8408964152537145,0.8408964152537145,0.9131927671761554,0.8409037362913404,0.8408964152537145,0.8408964152537145,0.9088935031590379,0.8408964152537145,0.8408964152537145,0.9134510839753242,0.8408964152537145,0.8408964152537145,0.8408964152537145,0.9306780700346156,0.8408964152537145,0.8408964152537145,0.840935966919098,0.899361839362196,0.8408964152537145,0.8408964152537145,0.857169674052581,0.9157781782907471,0.8408964152537145,0.8408964152537145,0.9137140958373078,0.8409357635829053,0.8408964152537145,0.8571233981250792,0.8927753425313649,0.8408964152537145,0.8408964152537145,0.8408964152537145,0.9122097162731899,0.8408964152537145,0.85730529039281,0.9033269676852959,0.8408964152537145,0.840935966919098,0.8408964152537145,0.9126254472490505,0.8408964152537145,0.8574510086117537,0.9140163937778402,0.8408964152537145,0.8408964152537145,0.8408964152537145,0.8408964152537145,0.9077553916811615,0.8408964152537145
0.17707242877306323,0.09452109523208016,0.15276110533493864,0.840996554534406,0.02182728742755509,0.020347850349820108,0.2037443149388808,0.4616246622695352,0.39812599056281694,0.2029735217659652,0.44317941727869736,0.015434223177630907,0.3844305611596256,0.2017328673685742,0.44621736205447693,0.017601157214426916,0.49943053236007695,0.015434223177630907,0.39085447483213437,0.015434223177630907,0.4867215962512985,0.37624076676997026,0.017601157214426916,0.499965001303024,0.015434223177630907,0.4592083428856708,0.20014030824016335,0.37975711094995845,0.015434223177630907,0.4607744634808055,0.2008778174868429,0.37327648950420045,0.37925256618419106,0.01598836864742055,0.49992674006919585,0.015434223177630907,0.379633824320307,0.20135576396688404,0.4488422643240039,0.015434223177630907,0.44575866685363025,0.20305950746230667,0.3823937057237488,0.015434223177630907,0.49530035157306085,0.01821560970490975,0.38945390522860585,0.4505280331037097,0.2013268659866286,0.4516420918866995,0.01761489202744968,0.4310440798376076,0.015434223177630907,0.453232769990624,0.015434223177630907,0.4331726464789519,0.3824534971899429,0.015434223177630907,0.5027181928143348,0.015434223177630907,0.015434223177630907,0.42962218208597924,0.4602405231492933,0.015434223177630907,0.45913659144115965,0.1999773310497634,0.39924950988234115,0.015434223177630907,0.5092940278559749,0.38071985199185143,0.015434223177630907,0.4632488117210549,0.20114435260483013,0.44669299860502,0.015434223177630907,0.42088745051131676,0.015434223177630907,0.015434223177630907,0.4468376333189854,0.01598836864742055,0.015434223177630907,0.015434223177630907,0.431139986683644,0.015434223177630907,0.015434223177630907,0.44777461910987465,0.015434223177630907,0.015434223177630907,0.015434223177630907,0.5092272753254379,0.015434223177630907,0.015434223177630907,0.01822888154923799,0.39546438284007285,0.015434223177630907,0.015434223177630907,0.20028076300006303,0.4561876466471233,0.015434223177630907,0.015434223177630907,0.44872797306646506,0.01821560970490975,0.015434223177630907,0.19998884676731934,0.3698657152616288,0.015434223177630907,0.015434223177630907,0.015434223177630907,0.44326578460894317,0.015434223177630907,0.20113410772149884,0.4104739514190527,0.015434223177630907,0.01822888154923799,0.015434223177630907,0.44477750206365596,0.015434223177630907,0.20204748780326506,0.44982291651853845,0.015434223177630907,0.015434223177630907,0.015434223177630907,0.015434223177630907,0.42694868523503987,0.015434223177630907
0.17689624128358017,0.09419046898700893,0.15255679853919712,0.8409703286170417,0.020347850349820108,0.018752054540830797,0.2035912672592875,0.4615586269315006,0.39804861181766515,0.20281989045306065,0.44311038734294583,0.01325970503563939,0.38435029042152025,0.20157828732066718,0.4461488402730583,0.015729121678546076,0.4993700360024222,0.01325970503563939,0.39077558408335317,0.01325970503563939,0.4866593186641831,0.37615867283911664,0.015729121678546076,0.4999045782194037,0.01325970503563939,0.45914192723486047,0.1999844931799013,0.37967580885597507,0.01325970503563939,0.460708294721453,0.20072257678241387,0.37319371716109734,0.37917115132056683,0.013900808057652219,0.4998663117443289,0.01325970503563939,0.37955249469678326,0.20120089323805318,0.44877417671359515,0.01325970503563939,0.4456900687391579,0.2029059414752096,0.38231298838751815,0.01325970503563939,0.49523928462054523,0.016413804272307216,0.38937471722868056,0.4504602219775515,0.20117197293774622,0.4515744624829341,0.015744489662967903,0.4309729566651071,0.01325970503563939,0.4531653986960392,0.01325970503563939,0.4331018980363573,0.38237279302694355,0.01325970503563939,0.5026581451717761,0.01325970503563939,0.01325970503563939,0.42955080673518764,0.4601742703805714,0.01325970503563939,0.4590701644440574,0.19982138849705325,0.39917236019973523,0.01325970503563939,0.5092348636006233,0.38063876429971477,0.01325970503563939,0.46318303008134665,0.20098931843973478,0.44662455582976635,0.01325970503563939,0.4208144923804329,0.01325970503563939,0.01325970503563939,0.44676921453902285,0.013900808057652219,0.01325970503563939,0.01325970503563939,0.4310688804667507,0.01325970503563939,0.01325970503563939,0.4477063554472351,0.01325970503563939,0.01325970503563939,0.01325970503563939,0.5091681021950495,0.01325970503563939,0.01325970503563939,0.01642853178351662,0.39538645664060745,0.01325970503563939,0.01325970503563939,0.20012505764773536,0.45612075063966157,0.01325970503563939,0.01325970503563939,0.4486598666449442,0.016413804272307216,0.01325970503563939,0.19983291322982769,0.36978214964463285,0.01325970503563939,0.01325970503563939,0.01325970503563939,0.4431967692048692,0.01325970503563939,0.2009790656276715,0.41039902659495453,0.01325970503563939,0.01642853178351662,0.01325970503563939,0.4447087402033342,0.01325970503563939,0.20189314944569736,0.4497549899672767,0.01325970503563939,0.01325970503563939,0.01325970503563939,0.01325970503563939,0.42687683164177703,0.01325970503563939
0.26896798953465223,0.22351911670888394,0.2536549732455718,0.8577232517119114,0.2037443149388808,0.2035912672592875,0.2871883161249789,0.5030019916242289,0.44596833131703373,0.2866433849183221,0.4862910606852558,0.20315938271425862,0.43387497074020537,0.2857684319036211,0.48903608210461963,0.20333533675307933,0.5375494818018439,0.20315938271425862,0.43953679469652324,0.20315938271425862,0.5258954168300174,0.4266853331639825,0.20333533675307933,0.5380404159111941,0.20315938271425862,0.5008070053942169,0.2846492407134555,0.42976823336670167,0.20315938271425862,0.5022294763659516,0.28516698154512937,0.42409126495554395,0.4293255056204905,0.20320219641600126,0.5380052690649151,0.20315938271425862,0.4296600403203249,0.2855030160981188,0.49141026202871774,0.20315938271425862,0.48862142475640646,0.28670412386822386,0.432083812926428,0.20315938271425862,0.5337579331746616,0.20338940003506176,0.43830074763580357,0.49293615455298473,0.28548268714949415,0.4939450423857957,0.20333652511209271,0.4753563869642215,0.20315938271425862,0.4953862178739714,0.20315938271425862,0.4772707207448616,0.43213636363304964,0.20315938271425862,0.5405703703818553,0.20315938271425862,0.20315938271425862,0.47407848459875573,0.501744430194808,0.20315938271425862,0.5007418524429723,0.28453495796530487,0.4469641439457261,0.20315938271425862,0.5466198029275965,0.43061336505562053,0.20315938271425862,0.5044783216686239,0.285354327671366,0.48946612525120936,0.20315938271425862,0.4662443079546453,0.20315938271425862,0.20315938271425862,0.4895969099075844,0.20320219641600126,0.20315938271425862,0.20315938271425862,0.4754426070041067,0.20315938271425862,0.20315938271425862,0.4904443318557234,0.20315938271425862,0.20315938271425862,0.20315938271425862,0.5465583468857133,0.20315938271425862,0.20315938271425862,0.2033905880771268,0.4436114571451441,0.20315938271425862,0.20315938271425862,0.2847477679046067,0.49806542004228055,0.20315938271425862,0.20315938271425862,0.49130684220334536,0.20338940003506176,0.20315938271425862,0.28454303146833093,0.4211120343392039,0.20315938271425862,0.20315938271425862,0.20315938271425862,0.48636905913267015,0.20315938271425862,0.28534712429607884,0.45694200919636957,0.20315938271425862,0.2033905880771268,0.20315938271425862,0.4877346848574461,0.20315938271425862,0.2859900602419844,0.49229780242752436,0.20315938271425862,0.20315938271425862,0.20315938271425862,0.20315938271425862,0.4716776802941037,0.20315938271425862
0.4931175420146036,0.4704819483537164,0.48515588330745535,0.9172889900869959,0.4616246622695352,0.4615586269315006,0.5030019916242289,0.6449590487197089,0.6040061892897141,0.502700145396075,0.6327770890402549,0.46137249494940813,0.5955705511651285,0.5022162806627213,0.6347685330798852,0.46144828900597473,0.6705505574052792,0.46137249494940813,0.5995079541434631,0.46137249494940813,0.6618608465199566,0.5906019606663758,0.46144828900597473,0.6709177995547818,0.46137249494940813,0.6433511123771509,0.5015987642511928,0.5927281255290897,0.46137249494940813,0.6443928806288751,0.5018842309984465,0.5888180700714345,0.5924223872102554,0.46139093259625646,0.6708915049357135,0.46137249494940813,0.5926533972417452,0.502069692837795,0.6364940562136638,0.46137249494940813,0.6344674606863321,0.5027337711019582,0.5943294095455933,0.46137249494940813,0.6677174682260385,0.4614715878179326,0.5986465505937125,0.6376045624843643,0.5020584689489215,0.638339447806333,0.46144880108161856,0.6248837042580976,0.46137249494940813,0.6393900965835042,0.46137249494940813,0.626260951335182,0.5943657923021941,0.46137249494940813,0.6728117974910761,0.46137249494940813,0.46137249494940813,0.6239654524690315,0.6440375408908725,0.46137249494940813,0.6433034198564404,0.5015357981721282,0.6047050425252374,0.46137249494940813,0.6773503823743694,0.593312130197091,0.46137249494940813,0.6460418222821535,0.5019876120597647,0.6350808697643751,0.46137249494940813,0.6183561127182585,0.46137249494940813,0.46137249494940813,0.6351758763041412,0.46139093259625646,0.46137249494940813,0.46137249494940813,0.6249456911185514,0.46137249494940813,0.46137249494940813,0.6357916846183449,0.46137249494940813,0.46137249494940813,0.46137249494940813,0.6773042067390717,0.46137249494940813,0.46137249494940813,0.4614720998652702,0.602354679018836,0.46137249494940813,0.46137249494940813,0.501653062889941,0.641346020774311,0.46137249494940813,0.46137249494940813,0.6364188323694383,0.4614715878179326,0.46137249494940813,0.5015402458633568,0.5867751901919265,0.46137249494940813,0.46137249494940813,0.46137249494940813,0.6328336211539354,0.46137249494940813,0.5019836362791303,0.6117416660925425,0.46137249494940813,0.4614720998652702,0.46137249494940813,0.6338239173852949,0.46137249494940813,0.502338753376137,0.6371398431606308,0.46137249494940813,0.46137249494940813,0.46137249494940813,0.46137249494940813,0.6222427777264007,0.46137249494940813
0.434645614160529,0.4084722004488679,0.42548037721837617,0.9000597591298528,0.39812599056281694,0.39804861181766515,0.44596833131703373,0.6040061892897141,0.5590604170914371,0.4456234366428197,0.5906738592230295,0.3978304865998609,0.5497529142423527,0.44507045276172624,0.5928553355294003,0.39791931203884967,0.6319297996759891,0.3978304865998609,0.5540996382296224,0.3978304865998609,0.6224599206979962,0.5442616612829858,0.39791931203884967,0.6323297700225835,0.3978304865998609,0.6022480253956031,0.4443645246174037,0.546612338707613,0.3978304865998609,0.6033871788418945,0.44469089055740835,0.5422883966465151,0.5462743952631547,0.39785209470672467,0.6323011326923307,0.3978304865998609,0.5465297413194429,0.4449028979123978,0.5947448755775722,0.3978304865998609,0.5925255845828268,0.4456618605977724,0.5483818639578105,0.3978304865998609,0.6288435795658696,0.3979466156703932,0.5531490455315208,0.5959606294343468,0.44489006810428294,0.5967650310575415,0.3979199121398328,0.5820191990793752,0.3978304865998609,0.5979148846282559,0.3978304865998609,0.5835302236915224,0.5484220609566641,0.3978304865998609,0.6343922575654138,0.3978304865998609,0.3978304865998609,0.5810115251750739,0.6029986441191354,0.3978304865998609,0.6021958697612017,0.4442925308044486,0.5598306575859187,0.3978304865998609,0.6393325885436855,0.5472577863183462,0.3978304865998609,0.6051898594548328,0.44480907126026015,0.5931974046403652,0.3978304865998609,0.5748518693112243,0.3978304865998609,0.3978304865998609,0.5933014513357836,0.39785209470672467,0.3978304865998609,0.3978304865998609,0.5820872157909579,0.3978304865998609,0.3978304865998609,0.5939758122244013,0.3978304865998609,0.3978304865998609,0.3978304865998609,0.639282339463463,0.3978304865998609,0.3978304865998609,0.3979472157280889,0.5572397034902719,0.3978304865998609,0.3978304865998609,0.4444266064114191,0.6000549305509435,0.3978304865998609,0.3978304865998609,0.5946625137043344,0.3979466156703932,0.3978304865998609,0.44429761625865727,0.5400275056561283,0.3978304865998609,0.3978304865998609,0.3978304865998609,0.5907357969099428,0.3978304865998609,0.44480452643875806,0.5675791909848734,0.3978304865998609,0.3979472157280889,0.3978304865998609,0.5918206799383597,0.3978304865998609,0.445210433500671,0.5954518959276323,0.3978304865998609,0.3978304865998609,0.3978304865998609,0.3978304865998609,0.5791205920628784,0.3978304865998609
0.26838560733217065,0.22281701272971438,0.25303701045833465,0.857599336561924,0.2029735217659652,0.20281989045306065,0.2866433849183221,0.502700145396075,0.4456234366428197,0.286097401643684,0.48597748890305403,0.20238635421116977,0.43351969598543494,0.2852207511586282,0.4887244818540262,0.20256298201513712,0.5372699993070069,0.20238635421116977,0.4391864429551747,0.20238635421116977,0.525608647625438,0.42632363839014065,0.20256298201513712,0.5377612350812023,0.20238635421116977,0.5005036557384419,0.28409937370721844,0.42940931514875225,0.20238635421116977,0.5019271022330403,0.28461812800629543,0.4237272056675545,0.4289661908781927,0.2024293319630962,0.537726066652017,0.20238635421116977,0.4293010252683576,0.2849548184062879,0.4911003521650939,0.20238635421116977,0.48830952787458837,0.2861582580534558,0.43172695671940237,0.20238635421116977,0.5334761067372611,0.20261725208257358,0.4379493308311547,0.4926273239730369,0.28493444982428423,0.4936369223754664,0.20256417492066278,0.47503477244224024,0.20238635421116977,0.4950791087532521,0.20238635421116977,0.4769505367276408,0.43177955399166174,0.20238635421116977,0.5402927375837173,0.20238635421116977,0.20238635421116977,0.4737559096893682,0.5014417239260235,0.20238635421116977,0.5004384579975102,0.283984866764275,0.44662008175740586,0.20238635421116977,0.5463458281069451,0.43025520173319726,0.20238635421116977,0.5041774806496747,0.2848058399679378,0.4891548321964129,0.20238635421116977,0.46591574724405255,0.20238635421116977,0.20238635421116977,0.4892857101881089,0.2024293319630962,0.20238635421116977,0.20238635421116977,0.4751210571212654,0.20238635421116977,0.20238635421116977,0.4901337359017176,0.20238635421116977,0.20238635421116977,0.20238635421116977,0.5462843352064434,0.20238635421116977,0.20238635421116977,0.20261844466751777,0.44326457899213223,0.20238635421116977,0.20238635421116977,0.28419809404257007,0.4977601774034343,0.20238635421116977,0.20238635421116977,0.4909968589886425,0.20261725208257358,0.20238635421116977,0.2839929561113519,0.4207452269389322,0.20238635421116977,0.20238635421116977,0.20238635421116977,0.48605554362690134,0.20238635421116977,0.28479862253517163,0.4566061118091667,0.20238635421116977,0.20261844466751777,0.20238635421116977,0.48742215222367297,0.20238635421116977,0.28544281043694564,0.49198852100667023,0.20238635421116977,0.20238635421116977,0.20238635421116977,0.20238635421116977,0.471353289113042,0.20238635421116977
0.476016114273739,0.45243127258065174,0.4677296963807142,0.9121859794578371,0.44317941727869736,0.44311038734294583,0.4862910606852558,0.6327770890402549,0.5906738592230295,0.48597748890305403,0.6202621275479983,0.4429158102582915,0.5819891385613118,0.4854748023023835,0.6223084950588125,0.44299504397992145,0.6590473917145325,0.4429158102582915,0.5860433831802988,0.4429158102582915,0.650130060975499,0.576871604940383,0.44299504397992145,0.6594241941587222,0.4429158102582915,0.6311255955999,0.48483321914536837,0.5790617143373747,0.4429158102582915,0.6321955974121469,0.485129817934959,0.5750338187436463,0.5787468002892985,0.4429350847346233,0.6593972151751325,0.4429158102582915,0.5789847439240666,0.4853225061160702,0.6240814501584828,0.4429158102582915,0.6219991317429224,0.48601242144362716,0.5807109503658768,0.4429158102582915,0.6561403913719874,0.44301939991988226,0.585156505687644,0.6252224062926034,0.4853108450314998,0.6259774095425635,0.4429955792908484,0.6121490636796577,0.4429158102582915,0.6270567759145564,0.4429158102582915,0.6135648741791323,0.5807484205961051,0.4429158102582915,0.6613674245468272,0.4429158102582915,0.4429158102582915,0.6112050442641388,0.6318306329183486,0.4429158102582915,0.6310766093601914,0.4847677961572606,0.5913931414296855,0.4429158102582915,0.6660234974532149,0.5796632280258521,0.4429158102582915,0.6338891283555688,0.48523722771386996,0.6226294281609481,0.4429158102582915,0.6054372985209441,0.4429158102582915,0.4429158102582915,0.622727048610645,0.4429350847346233,0.4429158102582915,0.4429158102582915,0.6122127883641921,0.4429158102582915,0.4429158102582915,0.6233597889421264,0.4429158102582915,0.4429158102582915,0.4429158102582915,0.6659761298743208,0.4429158102582915,0.4429158102582915,0.4430199351990255,0.5889739485325497,0.4429158102582915,0.4429158102582915,0.4848896360613075,0.6290660236862541,0.4429158102582915,0.4429158102582915,0.6240041615426148,0.44301939991988226,0.4429158102582915,0.4847724174131356,0.5729289397954751,0.4429158102582915,0.4429158102582915,0.4429158102582915,0.6203202215163051,0.4429158102582915,0.4852330970254428,0.5986337744416065,0.4429158102582915,0.4430199351990255,0.4429158102582915,0.6213378515971635,0.4429158102582915,0.4856020420705572,0.6247449516704086,0.4429158102582915,0.4429158102582915,0.4429158102582915,0.4429158102582915,0.6094339057255296,0.4429158102582915
0.17639882658937533,0.09325251445844829,0.15197961793259632,0.8408964152537145,0.015434223177630907,0.01325970503563939,0.20315938271425862,0.46137249494940813,0.3978304865998609,0.20238635421116977,0.4429158102582915,0.0,0.3841240069316176,0.20114206601821893,0.44595569628631193,0.0084608210489251,0.49919952292984965,0.0,0.39055319361089236,0.0,0.4864837830753793,0.37592724578604475,0.0084608210489251,0.49973427175252205,0.0,0.4589547227633959,0.19954477639169604,0.37944661575572464,0.0,0.4605217864898257,0.2002844856383689,0.3729603761089479,0.37894164007466735,0.004172851243481603,0.4996959904990808,0.0,0.3793232239303109,0.20076384923649013,0.4485822571619595,0.0,0.4454967094789755,0.2024725901096979,0.3820854449881057,0.0,0.4950671626694982,0.009674357614752018,0.38915148820965756,0.45026908215079847,0.20073486576434027,0.4513838351361589,0.00848935681881632,0.43077247602906366,0.0,0.45297549924550706,0.0,0.4329024742742952,0.38214528679111537,0.0,0.5024888973044808,0.0,0.0,0.42934961485912965,0.4599875252409888,0.0,0.4588829279756745,0.19938131084972444,0.3989548811347187,0.0,0.5090681065104005,0.38041017606683636,0.0,0.462997613527785,0.200551811866999,0.44643163465468144,0.0,0.420608836343867,0.0,0.0,0.4465763610349052,0.004172851243481603,0.0,0.0,0.4308684476518843,0.0,0.0,0.4475139394004093,0.0,0.0,0.0,0.5090013200812346,0.0,0.0,0.009699323752666704,0.3951667871148597,0.0,0.0,0.19968565137859878,0.4559321915385715,0.0,0.0,0.4484678940430987,0.009674357614752018,0.0,0.19939286109957935,0.3695465704843502,0.0,0.0,0.0,0.4430022331027429,0.0,0.20054153661426405,0.41018782331836456,0.0,0.009699323752666704,0.0,0.4445149191479108,0.0,0.20145761217646335,0.4495635246259971,0.0,0.0,0.0,0.0,0.42667429092434334,0.0
0.42220345809552157,0.39515379522157806,0.412743107411034,0.8964940447683851,0.3844305611596256,0.38435029042152025,0.43387497074020537,0.5955705511651285,0.5497529142423527,0.43351969598543494,0.5819891385613118,0.3841240069316176,0.54025219541584,0.4329500381064696,0.5842118749006049,0.38421615566090306,0.6239942524198913,0.3841240069316176,0.5446897628747291,0.3841240069316176,0.6143577781714128,0.5346445975026749,0.38421615566090306,0.6244011964774143,0.3841240069316176,0.593779952047469,0.43222276821967465,0.5370452995523955,0.3841240069316176,0.5949401347995177,0.43255900874331965,0.5326290809922425,0.5367001847995166,0.38414642361237517,0.6243720600029243,0.3841240069316176,0.5369609500418552,0.4327774234097793,0.5861369900465928,0.3841240069316176,0.583875900143226,0.43355927710077635,0.538852263917861,0.3841240069316176,0.6208540547655572,0.38424448053007304,0.5437193959601032,0.5873755542980982,0.43276420601908905,0.5881950146880502,0.3842167782089403,0.573168729114686,0.3841240069316176,0.5893663478288377,0.3841240069316176,0.5747089343886308,0.5388933092396089,0.3841240069316176,0.6264995668450953,0.3841240069316176,0.3841240069316176,0.5721415367985815,0.5945444332681283,0.3841240069316176,0.5937268323735574,0.4321485943327804,0.5505389280314157,0.3841240069316176,0.631525330162523,0.5377044249033036,0.3841240069316176,0.5967759902471825,0.4326807618179543,0.5845603954438714,0.3841240069316176,0.5658615320755838,0.3841240069316176,0.3841240069316176,0.5846664034799683,0.38414642361237517,0.3841240069316176,0.3841240069316176,0.5732380616053891,0.3841240069316176,0.3841240069316176,0.5853534653817768,0.3841240069316176,0.3841240069316176,0.3841240069316176,0.6314742157422549,0.3841240069316176,0.3841240069316176,0.3842451030301782,0.5478947862929693,0.3841240069316176,0.3841240069316176,0.43228672941008994,0.5915462270998308,0.3841240069316176,0.3841240069316176,0.586053080642468,0.38424448053007304,0.3841240069316176,0.432153833803274,0.5303194842514908,0.3841240069316176,0.3841240069316176,0.3841240069316176,0.5820522505416554,0.3841240069316176,0.4326760796480131,0.5584443780969778,0.3841240069316176,0.3842451030301782,0.3841240069316176,0.5831576754071296,0.3841240069316176,0.4330942432912682,0.5868572832405382,0.3841240069316176,0.3841240069316176,0.3841240069316176,0.3841240069316176,0.5702138492796344,0.3841240069316176
0.26745019774145384,0.22168787155652092,0.2520441022670416,0.857400749496189,0.2017328673685742,0.20157828732066718,0.2857684319036211,0.5022162806627213,0.44507045276172624,0.2852207511586282,0.4854748023023835,0.20114206601821893,0.4329500381064696,0.28434136176837693,0.48822496020198586,0.2013197891410185,0.53682202347708,0.20114206601821893,0.438624693523124,0.20114206601821893,0.5251489795308788,0.42574366617774406,0.2013197891410185,0.5373137432764813,0.20114206601821893,0.5000173778959688,0.2832164565482816,0.42883380386960157,0.20114206601821893,0.5014423901811248,0.2837368462129703,0.4231434343459576,0.42839004253999596,0.2011853104640235,0.5372785402173091,0.20114206601821893,0.4287253584153607,0.28407459488568976,0.4906035440537716,0.20114206601821893,0.48780953003946914,0.2852817970877144,0.4311547582083983,0.20114206601821893,0.533024369949001,0.20137439536728968,0.4373858705151561,0.49213224837368913,0.2840541623519273,0.4931429873964514,0.20132098943756696,0.4745191735856259,0.20114206601821893,0.49458679645204784,0.20114206601821893,0.47643723460582205,0.4312074302902501,0.20114206601821893,0.5398477295834867,0.20114206601821893,0.20114206601821893,0.47323876886053645,0.5009564787727,0.20114206601821893,0.4999521082635122,0.28310158783077627,0.4460684350033079,0.20114206601821893,0.5459066890840968,0.4296809032622026,0.20114206601821893,0.5036952293177708,0.2839251484878669,0.4886558036844139,0.20114206601821893,0.4653889952193825,0.20114206601821893,0.20114206601821893,0.4887868315064045,0.2011853104640235,0.20114206601821893,0.20114206601821893,0.47460556204664023,0.20114206601821893,0.20114206601821893,0.4896358264335353,0.20114206601821893,0.20114206601821893,0.20114206601821893,0.5458451370479518,0.20114206601821893,0.20114206601821893,0.20137559533729524,0.4427084091965614,0.20114206601821893,0.20114206601821893,0.2833154885512436,0.4972708611069991,0.20114206601821893,0.20114206601821893,0.49049993312997614,0.20137439536728968,0.20114206601821893,0.2831097027448654,0.42015703996454556,0.20114206601821893,0.20114206601821893,0.20114206601821893,0.4855529473695743,0.20114206601821893,0.2839179083720162,0.45606757821311467,0.20114206601821893,0.20137559533729524,0.20114206601821893,0.48692113380623814,0.20114206601821893,0.2845641163897624,0.4914927217019703,0.20114206601821893,0.20114206601821893,0.20114206601821893,0.20114206601821893,0.4708332320602583,0.20114206601821893
0.47882685715224793,0.4554023360926555,0.47059519797488714,0.9130218640079611,0.44621736205447693,0.4461488402730583,0.48903608210461963,0.6347685330798852,0.5928553355294003,0.4887244818540262,0.6223084950588125,0.44595569628631193,0.5842118749006049,0.48822496020198586,0.6243457991105206,0.4460343463033313,0.6609270833870438,0.44595569628631193,0.5882467597099117,0.44595569628631193,0.6520471968381788,0.5791190335965215,0.4460343463033313,0.6613023137722519,0.44595569628631193,0.6331242198663556,0.4875874243741395,0.581298540175541,0.44595569628631193,0.6341895673499703,0.4878821510153971,0.5772901861706651,0.5809851474071179,0.4459748287532476,0.6612754473212965,0.44595569628631193,0.581221941487626,0.48807362395195397,0.6261109284984746,0.44595569628631193,0.624037803841073,0.48875919465796086,0.5829398269950937,0.44595569628631193,0.6580322384500747,0.446058522852923,0.587364102274258,0.6272468614963415,0.48806203638875334,0.6279985463213028,0.4460348776713131,0.6142317014245838,0.44595569628631193,0.6290731761941296,0.44595569628631193,0.6156411426919348,0.5829771169684773,0.44595569628631193,0.6632374493689793,0.44595569628631193,0.44595569628631193,0.6132919383807601,0.6338261894520716,0.44595569628631193,0.6330754469089522,0.4875224145947324,0.5935712355698064,0.44595569628631193,0.6678742103479938,0.5818971511363368,0.44595569628631193,0.6358757486851321,0.487988883284585,0.6246653138027235,0.44595569628631193,0.607550367913297,0.44595569628631193,0.44595569628631193,0.6247625029660221,0.4459748287532476,0.44595569628631193,0.44595569628631193,0.6142951390654383,0.44595569628631193,0.44595569628631193,0.6253924496733974,0.44595569628631193,0.44595569628631193,0.44595569628631193,0.6678270386549285,0.44595569628631193,0.44595569628631193,0.4460590541897339,0.5911634389986404,0.44595569628631193,0.44595569628631193,0.48764348503740973,0.6310736304448521,0.44595569628631193,0.44595569628631193,0.6260339805165697,0.446058522852923,0.44595569628631193,0.4875270066599307,0.5751955924752662,0.44595569628631193,0.44595569628631193,0.44595569628631193,0.6223663312643659,0.44595569628631193,0.48798477864675643,0.6007781085217412,0.44595569628631193,0.4460590541897339,0.44595569628631193,0.6233794505122083,0.44595569628631193,0.4883513983482864,0.626771507672707,0.44595569628631193,0.44595569628631193,0.44595569628631193,0.44595569628631193,0.6115288063777587,0.44595569628631193
0.17660151973052304,0.09363553928344202,0.15221488298640556,0.8409265116301007,0.017601157214426916,0.015729121678546076,0.20333533675307933,0.46144828900597473,0.39791931203884967,0.20256298201513712,0.44299504397992145,0.0084608210489251,0.38421615566090306,0.2013197891410185,0.4460343463033313,0.011965407859999668,0.49926895574320806,0.0084608210489251,0.3906437564954102,0.0084608210489251,0.4865552614107107,0.3760214898217102,0.011965407859999668,0.49980362042229604,0.0084608210489251,0.45903095363536256,0.19972392546962373,0.37953994975151256,0.0084608210489251,0.46059773378928104,0.20046297154241924,0.37305539985339264,0.3790351036720813,0.009433884693099772,0.4997653451875869,0.0084608210489251,0.379416589564636,0.20094190796876768,0.4486604084659353,0.0084608210489251,0.44557544717722686,0.20264914249785337,0.3821781069554553,0.0084608210489251,0.495137250727342,0.012852186121681786,0.38924239267891075,0.45034691587369896,0.2009129502668515,0.4514614601270699,0.011985602669266805,0.4308541143187446,0.0084608210489251,0.45305282776657485,0.0084608210489251,0.4329836820856966,0.38223793361942465,0.0084608210489251,0.5025578148430326,0.0084608210489251,0.0084608210489251,0.4294315428470181,0.46006356903093604,0.0084608210489251,0.4589591718797301,0.19956060713972987,0.39904344336718706,0.0084608210489251,0.5091360096474057,0.3805032636609356,0.0084608210489251,0.46307311619766905,0.20073005930027796,0.44651019392021624,0.0084608210489251,0.42069258266771076,0.0084608210489251,0.0084608210489251,0.44665489273798203,0.009433884693099772,0.0084608210489251,0.0084608210489251,0.4309500664633476,0.0084608210489251,0.0084608210489251,0.44759229292683494,0.0084608210489251,0.0084608210489251,0.0084608210489251,0.509069233409381,0.0084608210489251,0.0084608210489251,0.012870989609090416,0.3952562416216605,0.0084608210489251,0.0084608210489251,0.19986467378099812,0.45600897414176067,0.0084608210489251,0.0084608210489251,0.4485460669544015,0.012852186121681786,0.0084608210489251,0.19957214697990222,0.36964250597944415,0.0084608210489251,0.0084608210489251,0.0084608210489251,0.4430814501320329,0.0084608210489251,0.20071979320199765,0.41027382918475874,0.0084608210489251,0.012870989609090416,0.0084608210489251,0.444593844936395,0.0084608210489251,0.20163505625860742,0.44964149093048167,0.0084608210489251,0.0084608210489251,0.0084608210489251,0.0084608210489251,0.4267567683169282,0.0084608210489251
