0.0,0.11979205814751927,0.14177088496354998,0.12567985806499762,0.4935579143906157,0.8408964152537145,0.005945656541894705,0.020642165360093886,0.5389286854325801,0.0,0.4214107042942318,0.21351894230803375,0.46852944530786245,0.0,0.4062407991062174,0.2123602417423262,0.4717889979863048,0.4801659934560489,0.2123602417423262,0.41322727105978146,0.0,0.5157718807186102,0.0,0.3975016408383719,0.481031358453261,0.21142966180945508,0.0,0.4859812209157785,0.2109715110220267,0.40131827215375415,0.48800405068372027,0.008967518892281841,0.21188236278662684,0.39427421754483266,0.4007811087493813,0.0,0.530185831825376,0.40098673050419825,0.0,0.2121593941641098,0.4752954847986585,0.47179580653866,0.2104178565990204,0.40614586195054153,0.0,0.47606870912938365,0.21120231107611406,0.4113251727053649,0.0,0.4775350402139239,0.21217661702941004,0.4780758421119192,0.008967518892281841,0.45606603426428166,0.0,0.48006991660803305,0.4582128155884864,0.0,0.0,0.4042435974813114,0.5330024783213198,0.0,0.3990598137025782,0.5363718703961082,0.0,0.0,0.48604620143656363,0.4753422955632253,0.0,0.49127408319714816,0.2117117531246358,0.40227066481578966,0.0,0.490954248242279,0.2117692771702358,0.4724812797912749,0.0,0.44510361259903414,0.008937375906223125,0.4730653918338966,0.0,0.0,0.0,0.0,0.4561686657319762,0.0,0.0,0.4743108360589797,0.0,0.0,0.21161520585852447,0.4914161586904378,0.0,0.0049554702380854125,0.41845170000812604,0.0,0.0,0.0,0.53215213480273,0.0,0.0,0.0,0.4746601618438907,0.0,0.0,0.4463559517256691,0.010219264797195643,0.0,0.0,0.0,0.4691068966140615,0.2116586894822506,0.0,0.43425182336910595,0.010245637138010369,0.0,0.0,0.4709209910707245,0.0,0.21292543329603686,0.4761394650788643,0.0,0.0,0.0,0.3957489065137225
0.11979205814751927,0.16940283104379913,0.18559135932686893,0.17361493952913273,0.507436877340251,0.846865426599462,0.11993950299052782,0.12155735686708212,0.5514941089238105,0.11979205814751927,0.43782500972635446,0.2447873782760963,0.48321563162694214,0.11979205814751927,0.42328237142819003,0.24377810883282217,0.4863661987402105,0.4944685636131694,0.24377810883282217,0.4299750861698504,0.11979205814751927,0.5289861101176296,0.11979205814751927,0.41492307003616585,0.4953059940045483,0.24296849781355392,0.11979205814751927,0.5000975886370346,0.24257021957389494,0.41857206191747987,0.5020564704567366,0.12012720451144351,0.2433622436756316,0.4118395811173495,0.41805832670421483,0.11979205814751927,0.5429913466667343,0.4182549739756058,0.11979205814751927,0.24360329752858295,0.4897567872579245,0.4863727809131576,0.2420891987050881,0.42319148546527247,0.11979205814751927,0.4905046387827582,0.24277083178909084,0.42815212056578955,0.11979205814751927,0.49192303369470564,0.24361828619887888,0.4924462153767143,0.12012720451144351,0.4711805438505218,0.11979205814751927,0.49437559312979495,0.47325219559470294,0.11979205814751927,0.11979205814751927,0.42137073823003424,0.5457300246251834,0.11979205814751927,0.41641246992960623,0.549006925326388,0.11979205814751927,0.11979205814751927,0.500160508407913,0.48980206008286936,0.11979205814751927,0.50522400274234,0.24321382856919163,0.4194830483216692,0.11979205814751927,0.5049141459131279,0.24326386610515977,0.48703548952648684,0.11979205814751927,0.46061102859971537,0.1201249583249722,0.48760024497950877,0.11979205814751927,0.11979205814751927,0.11979205814751927,0.11979205814751927,0.4712795704114043,0.11979205814751927,0.11979205814751927,0.48880454487069425,0.11979205814751927,0.11979205814751927,0.24312985390084013,0.5053616490600614,0.11979205814751927,0.11989450090272809,0.43498531879135666,0.11979205814751927,0.11979205814751927,0.11979205814751927,0.5449031567462653,0.11979205814751927,0.11979205814751927,0.11979205814751927,0.4891423614661427,0.11979205814751927,0.11979205814751927,0.4618176769652276,0.12022711730816583,0.11979205814751927,0.11979205814751927,0.11979205814751927,0.4837736864582728,0.24316767384570628,0.11979205814751927,0.4501643124569633,0.12022936158528907,0.11979205814751927,0.11979205814751927,0.4855270955358289,0.11979205814751927,0.2442702465299598,0.49057307621772933,0.11979205814751927,0.11979205814751927,0.11979205814751927,0.4132482522535059
0.14177088496354998,0.18559135932686893,0.20047405681811858,0.18944316385735244,0.5128778872672055,0.8492208604673799,0.14189548090455043,0.1432654700736689,0.5564332958170133,0.14177088496354998,0.4442191136016292,0.2562405404100243,0.4889623985006719,0.14177088496354998,0.42990887625485336,0.2552769044971648,0.49207180615329343,0.5000702843575169,0.2552769044971648,0.4364929301930516,0.14177088496354998,0.5341738100274128,0.14177088496354998,0.4216896187957565,0.5008971341892853,0.2545041522423063,0.14177088496354998,0.505628736291368,0.25412408945977644,0.42527687124694125,0.507563355763245,0.14205415836618202,0.25487994398187735,0.41865905635653516,0.4247717705376694,0.14177088496354998,0.5480226392542288,0.42496511048400515,0.14177088496354998,0.2551100326156682,0.4954185824363752,0.49207830279182,0.25366514197651086,0.4298194866466125,0.14177088496354998,0.49615683668809546,0.25431551968626614,0.43469926641321954,0.14177088496354998,0.49755709409164117,0.2551243401321454,0.49807360700100767,0.14205415836618202,0.47708869501144524,0.14177088496354998,0.4999784902927386,0.4791320830389789,0.14177088496354998,0.14177088496354998,0.4280288360593282,0.5507314245643933,0.14177088496354998,0.42315370299581057,0.5539728418629453,0.14177088496354998,0.14177088496354998,0.5056908743984374,0.4954632735939362,0.14177088496354998,0.5106919719018953,0.2547382900500904,0.42617259238053723,0.14177088496354998,0.5103859049004947,0.2547860472340923,0.49273240924634437,0.14177088496354998,0.46666668377419696,0.14205225908680374,0.49328984903690876,0.14177088496354998,0.14177088496354998,0.14177088496354998,0.14177088496354998,0.4771863658357927,0.14177088496354998,0.14177088496354998,0.49447859475638417,0.14177088496354998,0.14177088496354998,0.25465814428978667,0.5108279358588995,0.14177088496354998,0.1418574479578258,0.44142373626692105,0.14177088496354998,0.14177088496354998,0.14177088496354998,0.5499135589525421,0.14177088496354998,0.14177088496354998,0.14177088496354998,0.49481205945142803,0.14177088496354998,0.14177088496354998,0.4678562057094004,0.14213865058562833,0.14177088496354998,0.14177088496354998,0.14177088496354998,0.48951313088238746,0.2546942394950573,0.14177088496354998,0.4563714914473272,0.14214054870973,0.14177088496354998,0.14177088496354998,0.49124362246683306,0.14177088496354998,0.25574674702046446,0.4962243970410958,0.14177088496354998,0.14177088496354998,0.14177088496354998,0.4200434614208189
0.12567985806499762,0.17361493952913273,0.18944316385735244,0.1777270725372719,0.5088109950757815,0.8474595087965793,0.12582040031150427,0.12736353921709434,0.5527408164641159,0.12567985806499762,0.43944190384967796,0.24771688281320944,0.48466751494618343,0.12567985806499762,0.4249586362717602,0.24671968494045787,0.4878076073914403,0.49588354289106745,0.24671968494045787,0.43162358289534647,0.12567985806499762,0.5302958804257454,0.12567985806499762,0.41663514637682997,0.49671828222248926,0.2459198278518265,0.12567985806499762,0.5014946207609557,0.24552637114954065,0.420268347201479,0.5034473338246965,0.1259993374389361,0.24630882211669675,0.4135651985958144,0.4197568201170465,0.12567985806499762,0.5442614195535725,0.4199526215838156,0.12567985806499762,0.24654697437439063,0.49118704830289006,0.48781416779879694,0.24505119404302372,0.4248681328105053,0.12567985806499762,0.49193245818951864,0.24572455284182274,0.4298081037821674,0.12567985806499762,0.4933462390355154,0.24656178280840885,0.4938677243196339,0.1259993374389361,0.4726735171288007,0.12567985806499762,0.49579087162594737,0.47473797042329396,0.12567985806499762,0.12567985806499762,0.42305507959102573,0.5469925134058242,0.12567985806499762,0.4181180706603768,0.5502604127468008,0.12567985806499762,0.12567985806499762,0.5015573417817241,0.4912321731430541,0.12567985806499762,0.5066049729741292,0.2461621962804822,0.42117543001819946,0.12567985806499762,0.5062960795081026,0.24621163033443824,0.488474687499792,0.12567985806499762,0.46214158519363624,0.1259971959835234,0.48903758147105525,0.12567985806499762,0.12567985806499762,0.12567985806499762,0.12567985806499762,0.472772198376963,0.12567985806499762,0.12567985806499762,0.4902379237852475,0.12567985806499762,0.12567985806499762,0.24607923493816494,0.5067421916457988,0.12567985806499762,0.12577750331154755,0.4366135280756247,0.12567985806499762,0.12567985806499762,0.12567985806499762,0.5461679294085618,0.12567985806499762,0.12567985806499762,0.12567985806499762,0.49057463314073035,0.12567985806499762,0.12567985806499762,0.46334386846232045,0.1260945953682465,0.12567985806499762,0.12567985806499762,0.12567985806499762,0.48522370614307475,0.2461165984239337,0.12567985806499762,0.4517335045315071,0.1260967351687475,0.12567985806499762,0.12567985806499762,0.48697128290162695,0.12567985806499762,0.24720592421982704,0.4920006724917354,0.12567985806499762,0.12567985806499762,0.12567985806499762,0.41496766082498115
0.4935579143906157,0.507436877340251,0.5128778872672055,0.5088109950757815,0.6874026617953126,0.92631347132164,0.49359264644641093,0.4939763718031273,0.7174908286814173,0.4935579143906157,0.6418448161650541,0.5362491000838675,0.6712410575286112,0.4935579143906157,0.6327079995089305,0.5358077569319609,0.6733260811653197,0.678712322736879,0.5358077569319609,0.6368945049667483,0.4935579143906157,0.7020177264571686,0.4935579143906157,0.627524517225695,0.6792709660066392,0.5354547411720958,0.4935579143906157,0.682474225557129,0.5352814129353796,0.629780881805749,0.6837870701222932,0.49363691919906233,0.5356263132551335,0.6256255964405019,0.6294626151810675,0.4935579143906157,0.7116224845959169,0.6295844180977459,0.4935579143906157,0.5357314568653019,0.6755758727709246,0.6733304427850149,0.5350723693502145,0.6326513678389376,0.4935579143906157,0.6760729184120755,0.5353686906151782,0.6357510319493239,0.4935579143906157,0.6770164306168617,0.5357379973271612,0.6773647135568355,0.49363691919906233,0.6633267221584453,0.4935579143906157,0.6786503249655934,0.664683230688296,0.4935579143906157,0.4935579143906157,0.6315181076091461,0.7135096820276919,0.4935579143906157,0.6284442969295723,0.715771472662931,0.4935579143906157,0.4935579143906157,0.6825163649436666,0.6756059541770268,0.4935579143906157,0.6859139327310267,0.5355616171418135,0.6303457293614855,0.4935579143906157,0.6857056620406008,0.5355834257560983,0.6737696992599213,0.4935579143906157,0.6564449693147685,0.49363638901290985,0.6741442150346468,0.4935579143906157,0.4935579143906157,0.4935579143906157,0.4935579143906157,0.6633915081272146,0.4935579143906157,0.4935579143906157,0.6749434076085915,0.4935579143906157,0.4935579143906157,0.5355250249954655,0.6860064667605527,0.4935579143906157,0.49358204153042895,0.6400491623258746,0.4935579143906157,0.4935579143906157,0.4935579143906157,0.7129395949070438,0.4935579143906157,0.4935579143906157,0.4935579143906157,0.6751677257121573,0.4935579143906157,0.4935579143906157,0.6572272411402202,0.49366051183370224,0.4935579143906157,0.4935579143906157,0.4935579143906157,0.6716099839389338,0.5355415039095409,0.4935579143906157,0.6497099154545104,0.4936610419906806,0.4935579143906157,0.4935579143906157,0.6727702465988595,0.4935579143906157,0.5360227878323052,0.6761184187061989,0.4935579143906157,0.4935579143906157,0.4935579143906157,0.6264922165706608
0.8408964152537145,0.846865426599462,0.8492208604673799,0.8474595087965793,0.92631347132164,1.0,0.8409112780533468,0.8410755105703105,0.9391484445173718,0.8408964152537145,0.9063334675470243,0.8594235180172068,0.919283974676191,0.8408964152537145,0.902278275606076,0.8592297062134188,0.9201951327142586,0.9225433290893633,0.8592297062134188,0.9041376710011403,0.8408964152537145,0.9325946776991271,0.8408964152537145,0.8999734721739225,0.9227863943137969,0.8590747112591669,0.8408964152537145,0.924178297229303,0.8589986192093318,0.900977076746683,0.924747838814582,0.8409302241438386,0.8591500384336537,0.8991284991336881,0.9008355446910582,0.8408964152537145,0.9366757107862037,0.90088971118598,0.8408964152537145,0.859196203772601,0.9211769606881669,0.920197037516449,0.8589068561668097,0.9022531095259573,0.8408964152537145,0.9213936839444724,0.8590369338177828,0.9036300134643185,0.8408964152537145,0.9218048822865964,0.8591990755639513,0.9219566047955097,0.8409302241438386,0.9158152848084354,0.8408964152537145,0.9225163481710741,0.9164108960225307,0.8408964152537145,0.8408964152537145,0.9017494371186652,0.93747270882605,0.8408964152537145,0.9003826368917216,0.9384256801386347,0.8408964152537145,0.8408964152537145,0.9241965867333628,0.9211900788641751,0.8408964152537145,0.9256693407372655,0.8591216334788605,0.9012282379923413,0.8408964152537145,0.9255791690844495,0.85913120849751,0.920388842472657,0.8408964152537145,0.912787368494295,0.8409299972521272,0.920552335936845,0.8408964152537145,0.8408964152537145,0.8408964152537145,0.8408964152537145,0.9158437405200721,0.8408964152537145,0.8408964152537145,0.920901090290364,0.8408964152537145,0.8408964152537145,0.859105568006153,0.9257093991209543,0.8408964152537145,0.8409067398774969,0.905537355522673,0.8408964152537145,0.8408964152537145,0.8408964152537145,0.9372321265814387,0.8408964152537145,0.8408964152537145,0.8408964152537145,0.9209989468787021,0.8408964152537145,0.8408964152537145,0.9131320672679208,0.8409403206390678,0.8408964152537145,0.8408964152537145,0.8408964152537145,0.9194452807349206,0.8591128029001123,0.8408964152537145,0.9098147557887155,0.8409405475224231,0.8408964152537145,0.8408964152537145,0.9199523467765387,0.8408964152537145,0.8593241300997723,0.9214135195957277,0.8408964152537145,0.8408964152537145,0.8408964152537145,0.8995141622680961
0.005945656541894705,0.11993950299052782,0.14189548090455043,0.12582040031150427,0.49359264644641093,0.8409112780533468,0.008408428118759808,0.021481383073319055,0.5389600678405329,0.005945656541894705,0.42145197889741054,0.21360162164682447,0.46856624882560527,0.005945656541894705,0.40628370982122586,0.21244337389240495,0.4718255212239154,0.4802018112689167,0.21244337389240495,0.41326941464617134,0.005945656541894705,0.5158049144982165,0.005945656541894705,0.39754554597088726,0.48106710457975893,0.21151316119246125,0.005945656541894705,0.4860165611242018,0.21105519238641396,0.4013617380837357,0.48803922699262725,0.010759517963482665,0.21196568312088857,0.3943185002123349,0.40082463602664553,0.005945656541894705,0.5302178246304489,0.40103023428030676,0.005945656541894705,0.21224260530346437,0.47533171018906134,0.4718323291942869,0.21050175893020256,0.40618878325642377,0.005945656541894705,0.4761048693429507,0.21128590066672165,0.4113675227817461,0.005945656541894705,0.47757107731869913,0.21225982138953717,0.47811183397399276,0.010759517963482665,0.45610394119667647,0.005945656541894705,0.4801057423932819,0.4582505287575532,0.005945656541894705,0.005945656541894705,0.4042867319611408,0.5330342728144978,0.005945656541894705,0.39910353858905745,0.5364034297491068,0.005945656541894705,0.005945656541894705,0.48608153636226065,0.47537851700272554,0.005945656541894705,0.4913089969289845,0.21179514084777987,0.40231402234843,0.005945656541894705,0.49098918752815596,0.21185264215997787,0.4725177439270329,0.005945656541894705,0.445142534413309,0.010734408193218335,0.47310180621725695,0.005945656541894705,0.005945656541894705,0.005945656541894705,0.005945656541894705,0.45620656336495774,0.005945656541894705,0.005945656541894705,0.47434714470876554,0.005945656541894705,0.005945656541894705,0.2116986317645689,0.49145106107962083,0.005945656541894705,0.007739994529324891,0.41849328525432883,0.005945656541894705,0.005945656541894705,0.005945656541894705,0.5321839889968897,0.005945656541894705,0.005945656541894705,0.005945656541894705,0.47469644092198904,0.005945656541894705,0.005945656541894705,0.4463947553847487,0.011823037005435227,0.005945656541894705,0.005945656541894705,0.005945656541894705,0.4691436502354374,0.21174209818693135,0.005945656541894705,0.4342917942797292,0.011845839411700487,0.005945656541894705,0.005945656541894705,0.4709575886217672,0.005945656541894705,0.21300834396208748,0.47617561933722047,0.005945656541894705,0.005945656541894705,0.005945656541894705,0.39579301596820143
0.020642165360093886,0.12155735686708212,0.1432654700736689,0.12736353921709434,0.4939763718031273,0.8410755105703105,0.021481383073319055,0.02919242888356544,0.5393068072171135,0.020642165360093886,0.42190791858627424,0.2145133807649111,0.46897284227539626,0.020642165360093886,0.4067577022239072,0.21336010326329277,0.4722290207052172,0.4805975233838992,0.21336010326329277,0.41373494294150975,0.020642165360093886,0.516169888989259,0.020642165360093886,0.39803050940759854,0.4814620253070882,0.21243392119179455,0.020642165360093886,0.48640700060499503,0.21197794966082426,0.40184185608556705,0.48842785702032243,0.022505896504036123,0.21288447797110116,0.3948076285911679,0.40130543084458575,0.020642165360093886,0.5305713044969967,0.4015107698213399,0.020642165360093886,0.2131602016559498,0.47573192170885137,0.47223582225109206,0.21142694126770642,0.40666289250939036,0.020642165360093886,0.4765043613599681,0.21220765071680248,0.4118353294391299,0.020642165360093886,0.4779692102984372,0.21317734333409435,0.47850946750191076,0.022505896504036123,0.4565227144129745,0.020642165360093886,0.4805015425197655,0.45866716324222523,0.020642165360093886,0.020642165360093886,0.40476319316246373,0.5333855627937424,0.020642165360093886,0.3995865135122649,0.5367521231217425,0.020642165360093886,0.020642165360093886,0.48647191752201996,0.475778684907653,0.020642165360093886,0.49169472805623915,0.2127146753315161,0.4027929444435149,0.020642165360093886,0.491375200779306,0.2127719271319333,0.4729205909837373,0.020642165360093886,0.44557250920825425,0.02249390295334991,0.4735041040555915,0.020642165360093886,0.020642165360093886,0.020642165360093886,0.020642165360093886,0.45662523393642757,0.020642165360093886,0.020642165360093886,0.47474827534372865,0.020642165360093886,0.020642165360093886,0.21261858532486846,0.49183666698057893,0.020642165360093886,0.0212286521653624,0.4189526527491863,0.020642165360093886,0.020642165360093886,0.020642165360093886,0.5325359382357875,0.020642165360093886,0.020642165360093886,0.020642165360093886,0.4750972451104874,0.020642165360093886,0.020642165360093886,0.446823426109839,0.023033287902439418,0.020642165360093886,0.020642165360093886,0.020642165360093886,0.46954969289193177,0.21266186295397047,0.020642165360093886,0.43473334731687174,0.023045000734981978,0.020642165360093886,0.020642165360093886,0.4713619084439015,0.020642165360093886,0.21392264227578028,0.4765750456130559,0.020642165360093886,0.020642165360093886,0.020642165360093886,0.39628023348977415
0.5389286854325801,0.5514941089238105,0.5564332958170133,0.5527408164641159,0.7174908286814173,0.9391484445173718,0.5389600678405329,0.5393068072171135,0.7455516731665744,0.5389286854325801,0.6750993287032067,0.5777258503819586,0.7024360430251915,0.5389286854325801,0.6666176095603473,0.5773226737807854,0.7043773909639743,0.7093937365400291,0.5773226737807854,0.6705029623213318,0.5389286854325801,0.7311167176510232,0.5389286854325801,0.6618094121614698,0.7099141157461482,0.5770002148488718,0.5389286854325801,0.7128983177188357,0.5768418991447612,0.6639020799889689,0.7141215495380163,0.5390000712842662,0.5771569325705235,0.6600486655147538,0.6636068716043535,0.5389286854325801,0.7400761491685139,0.6637198487470685,0.5389286854325801,0.5772529760401939,0.7064724629988673,0.7043814523239216,0.5766509697190296,0.666565063404759,0.5389286854325801,0.7069353689707495,0.5769216166455001,0.6694415753464656,0.5389286854325801,0.7078141174397917,0.5772589505022498,0.70813850749473,0.5390000712842662,0.6950697254240291,0.5389286854325801,0.7093359864166484,0.696331995100171,0.5389286854325801,0.5389286854325801,0.665513625795438,0.7418369110407662,0.5389286854325801,0.6626623995921518,0.7439473078670116,0.5389286854325801,0.5389286854325801,0.7129375792500163,0.7065004778257642,0.5389286854325801,0.7161034352805753,0.5770978370066433,0.6644260300336547,0.5389286854325801,0.7159093505762285,0.5771177576185024,0.7047904759809425,0.5389286854325801,0.6886681496749953,0.5389995922219084,0.7051392245035937,0.5389286854325801,0.5389286854325801,0.5389286854325801,0.5389286854325801,0.6951300076036904,0.5389286854325801,0.5389286854325801,0.7058834608780077,0.5389286854325801,0.5389286854325801,0.5770644129127716,0.7161896672576342,0.5389286854325801,0.538950485655395,0.6734317999971334,0.5389286854325801,0.5389286854325801,0.5389286854325801,0.7413050063826331,0.5389286854325801,0.5389286854325801,0.5389286854325801,0.7060923609902153,0.5389286854325801,0.5389286854325801,0.6893956571121619,0.5390213890487712,0.5389286854325801,0.5389286854325801,0.5389286854325801,0.7027795268148279,0.577079465091548,0.5389286854325801,0.6824066165047361,0.5390218680881894,0.5389286854325801,0.5389286854325801,0.703859830724498,0.5389286854325801,0.5775191042320492,0.7069777448271243,0.5389286854325801,0.5389286854325801,0.5389286854325801,0.6608521795256422
0.0,0.11979205814751927,0.14177088496354998,0.12567985806499762,0.4935579143906157,0.8408964152537145,0.005945656541894705,0.020642165360093886,0.5389286854325801,0.0,0.4214107042942318,0.21351894230803375,0.46852944530786245,0.0,0.4062407991062174,0.2123602417423262,0.4717889979863048,0.4801659934560489,0.2123602417423262,0.41322727105978146,0.0,0.5157718807186102,0.0,0.3975016408383719,0.481031358453261,0.21142966180945508,0.0,0.4859812209157785,0.2109715110220267,0.40131827215375415,0.48800405068372027,0.008967518892281841,0.21188236278662684,0.39427421754483266,0.4007811087493813,0.0,0.530185831825376,0.40098673050419825,0.0,0.2121593941641098,0.4752954847986585,0.47179580653866,0.2104178565990204,0.40614586195054153,0.0,0.47606870912938365,0.21120231107611406,0.4113251727053649,0.0,0.4775350402139239,0.21217661702941004,0.4780758421119192,0.008967518892281841,0.45606603426428166,0.0,0.48006991660803305,0.4582128155884864,0.0,0.0,0.4042435974813114,0.5330024783213198,0.0,0.3990598137025782,0.5363718703961082,0.0,0.0,0.48604620143656363,0.4753422955632253,0.0,0.49127408319714816,0.2117117531246358,0.40227066481578966,0.0,0.490954248242279,0.2117692771702358,0.4724812797912749,0.0,0.44510361259903414,0.008937375906223125,0.4730653918338966,0.0,0.0,0.0,0.0,0.4561686657319762,0.0,0.0,0.4743108360589797,0.0,0.0,0.21161520585852447,0.4914161586904378,0.0,0.0049554702380854125,0.41845170000812604,0.0,0.0,0.0,0.53215213480273,0.0,0.0,0.0,0.4746601618438907,0.0,0.0,0.4463559517256691,0.010219264797195643,0.0,0.0,0.0,0.4691068966140615,0.2116586894822506,0.0,0.43425182336910595,0.010245637138010369,0.0,0.0,0.4709209910707245,0.0,0.21292543329603686,0.4761394650788643,0.0,0.0,0.0,0.3957489065137225
0.4214107042942318,0.43782500972635446,0.4442191136016292,0.43944190384967796,0.6418448161650541,0.9063334675470243,0.42145197889741054,0.42190791858627424,0.6750993287032067,0.4214107042942318,0.5912093636435721,0.47145308940825165,0.6239277869843093,0.4214107042942318,0.5809994722280172,0.47094200317491736,0.6262418144852747,0.6322160577975104,0.47094200317491736,0.5856803019802271,0.4214107042942318,0.6580123959477417,0.4214107042942318,0.5751974950635096,0.6328353992292611,0.470533119105448,0.4214107042942318,0.6363856930088162,0.47033233280601594,0.5777239854868768,0.6378402811206627,0.42150458989781026,0.47073185344833335,0.5730701484751691,0.5773677012817251,0.4214107042942318,0.6686221428660355,0.5775040570549069,0.4214107042942318,0.47085363412017156,0.628737828738178,0.6262466543266071,0.4700901494462186,0.5809361222942412,0.4214107042942318,0.6292891513965985,0.47043343895068224,0.5844022638474945,0.4214107042942318,0.6303355756841555,0.4708612092742225,0.6307218079692224,0.42150458989781026,0.6151367640003296,0.4214107042942318,0.6321473205271894,0.6166443962922106,0.4214107042942318,0.4214107042942318,0.5796682431851979,0.6707055423846542,0.4214107042942318,0.5762275570764993,0.6732019692119461,0.4214107042942318,0.4214107042942318,0.6364323863946363,0.6287711962451086,0.4214107042942318,0.64019618776109,0.47065691709040536,0.5783562374786526,0.4214107042942318,0.6399655198229097,0.4706821778984794,0.6267340547282634,0.4214107042942318,0.6074825806387423,0.4215039598673286,0.6271495913039009,0.4214107042942318,0.4214107042942318,0.4214107042942318,0.4214107042942318,0.6152087758505497,0.4214107042942318,0.4214107042942318,0.6280362359687752,0.4214107042942318,0.4214107042942318,0.4706145319565991,0.6402986706339108,0.4214107042942318,0.42143937642176266,0.5892044823008298,0.4214107042942318,0.4214107042942318,0.4214107042942318,0.6700762277126219,0.4214107042942318,0.4214107042942318,0.4214107042942318,0.6282850798292187,0.4214107042942318,0.4214107042942318,0.6083531537785152,0.42153262523890883,0.4214107042942318,0.4214107042942318,0.4214107042942318,0.6243372913938267,0.47063361978423696,0.4214107042942318,0.5999817840082168,0.4215332552237594,0.4214107042942318,0.4214107042942318,0.6256250083699249,0.4214107042942318,0.4711910286537707,0.62933961812551,0.4214107042942318,0.4214107042942318,0.4214107042942318,0.5740411414529784
0.21351894230803375,0.2447873782760963,0.2562405404100243,0.24771688281320944,0.5362491000838675,0.8594235180172068,0.21360162164682447,0.2145133807649111,0.5777258503819586,0.21351894230803375,0.47145308940825165,0.3018043564928594,0.5135853284280912,0.21351894230803375,0.4580668151741023,0.3009882678815362,0.5165269090660969,0.524100854572007,0.3009882678815362,0.46421976592328285,0.21351894230803375,0.5564994405288166,0.21351894230803375,0.45040081021411976,0.524884392120286,0.3003344555137638,0.21351894230803375,0.5293701505493403,0.300013094547854,0.45374448632190145,0.5312052201902338,0.21370697545199385,0.30065233725762947,0.44757863977247675,0.45327348202139695,0.21351894230803375,0.5696989065533485,0.45345376301963475,0.21351894230803375,0.30084703360691734,0.5196948098030304,0.5165330567193553,0.2996252126223051,0.457983351101603,0.21351894230803375,0.5203938487182564,0.3001749409852093,0.46254251156652587,0.21351894230803375,0.5217199634579981,0.30085914195735497,0.5222092054719939,0.21370697545199385,0.5023676127484457,0.21351894230803375,0.5240138754101125,0.5042963535020182,0.21351894230803375,0.21351894230803375,0.45631181820755273,0.5722832646997412,0.21351894230803375,0.45176508111239044,0.575376851425286,0.21351894230803375,0.21351894230803375,0.5294290825641574,0.5197371245394112,0.21351894230803375,0.5341740114335758,0.30053249697796836,0.45457990225655776,0.21351894230803375,0.5338835169774645,0.30057289782990837,0.5171520612258464,0.21351894230803375,0.4925422721204516,0.21370571403833477,0.5176796414944526,0.21351894230803375,0.21351894230803375,0.21351894230803375,0.21351894230803375,0.5024597865617024,0.21351894230803375,0.21351894230803375,0.5188048793747847,0.21351894230803375,0.21351894230803375,0.3004647013206698,0.534303061948794,0.21351894230803375,0.2135763794557682,0.46883444930346285,0.21351894230803375,0.21351894230803375,0.21351894230803375,0.5715028814592286,0.21351894230803375,0.21351894230803375,0.21351894230803375,0.5191205698365727,0.21351894230803375,0.21351894230803375,0.4936626590420597,0.21376310079292962,0.21351894230803375,0.21351894230803375,0.21351894230803375,0.5141062191201636,0.3004952336778493,0.21351894230803375,0.48285708649459075,0.2137643618665517,0.21351894230803375,0.21351894230803375,0.5157432701408112,0.21351894230803375,0.301386063592438,0.5204578246648941,0.21351894230803375,0.21351894230803375,0.21351894230803375,0.4488675476223424
0.46852944530786245,0.48321563162694214,0.4889623985006719,0.48466751494618343,0.6712410575286112,0.919283974676191,0.46856624882560527,0.46897284227539626,0.7024360430251915,0.46852944530786245,0.6239277869843093,0.5135853284280912,0.6544697410825697,0.46852944530786245,0.6144232981130219,0.5131212105101451,0.6566341399302023,0.6622244174580585,0.5131212105101451,0.6187790266051377,0.46852944530786245,0.686397715159487,0.46852944530786245,0.6090284488239771,0.6628041414921095,0.5127499553866322,0.46852944530786245,0.6661279938765331,0.5125676643869209,0.611377077339388,0.6674901259358491,0.4686131616718961,0.5129303946432147,0.6070515679644792,0.6110458207651938,0.46852944530786245,0.6963541970651816,0.6111725959595924,0.46852944530786245,0.5130409699291849,0.6589693307037058,0.6566386673590618,0.5123478047419364,0.6143643683372172,0.46852944530786245,0.659485209368295,0.5126594557822757,0.6175894622325108,0.46852944530786245,0.6604644376242639,0.5130478482097358,0.660825893559581,0.4686131616718961,0.6462520031712345,0.46852944530786245,0.6621600792395632,0.6476607591410659,0.46852944530786245,0.46852944530786245,0.6131850692943934,0.6983101622100143,0.46852944530786245,0.609985887056487,0.7006542343469104,0.46852944530786245,0.46852944530786245,0.6661717165035143,0.6590005522407928,0.46852944530786245,0.6696966717158602,0.5128623554690078,0.6119649596008709,0.46852944530786245,0.6694806070102116,0.5128852910815583,0.6570946174270312,0.46852944530786245,0.6391035515570849,0.4686125998719994,0.6574833586379748,0.46852944530786245,0.46852944530786245,0.46852944530786245,0.46852944530786245,0.6463192868082934,0.46852944530786245,0.46852944530786245,0.6583128837048768,0.46852944530786245,0.46852944530786245,0.5128238721870735,0.6697926679901386,0.46852944530786245,0.4685550114478841,0.6220603504655787,0.46852944530786245,0.46852944530786245,0.46852944530786245,0.6977193127209911,0.46852944530786245,0.46852944530786245,0.46852944530786245,0.6585457097964005,0.46852944530786245,0.46852944530786245,0.6399162814839318,0.46863816101651184,0.46852944530786245,0.46852944530786245,0.46852944530786245,0.6548527286101063,0.5128412027822555,0.46852944530786245,0.6321046944929571,0.46863872278266655,0.46852944530786245,0.46852944530786245,0.656057167074066,0.46852944530786245,0.5133473416295359,0.6595324330536975,0.46852944530786245,0.46852944530786245,0.46852944530786245,0.6079538028584182
0.0,0.11979205814751927,0.14177088496354998,0.12567985806499762,0.4935579143906157,0.8408964152537145,0.005945656541894705,0.020642165360093886,0.5389286854325801,0.0,0.4214107042942318,0.21351894230803375,0.46852944530786245,0.0,0.4062407991062174,0.2123602417423262,0.4717889979863048,0.4801659934560489,0.2123602417423262,0.41322727105978146,0.0,0.5157718807186102,0.0,0.3975016408383719,0.481031358453261,0.21142966180945508,0.0,0.4859812209157785,0.2109715110220267,0.40131827215375415,0.48800405068372027,0.008967518892281841,0.21188236278662684,0.39427421754483266,0.4007811087493813,0.0,0.530185831825376,0.40098673050419825,0.0,0.2121593941641098,0.4752954847986585,0.47179580653866,0.2104178565990204,0.40614586195054153,0.0,0.47606870912938365,0.21120231107611406,0.4113251727053649,0.0,0.4775350402139239,0.21217661702941004,0.4780758421119192,0.008967518892281841,0.45606603426428166,0.0,0.48006991660803305,0.4582128155884864,0.0,0.0,0.4042435974813114,0.5330024783213198,0.0,0.3990598137025782,0.5363718703961082,0.0,0.0,0.48604620143656363,0.4753422955632253,0.0,0.49127408319714816,0.2117117531246358,0.40227066481578966,0.0,0.490954248242279,0.2117692771702358,0.4724812797912749,0.0,0.44510361259903414,0.008937375906223125,0.4730653918338966,0.0,0.0,0.0,0.0,0.4561686657319762,0.0,0.0,0.4743108360589797,0.0,0.0,0.21161520585852447,0.4914161586904378,0.0,0.0049554702380854125,0.41845170000812604,0.0,0.0,0.0,0.53215213480273,0.0,0.0,0.0,0.4746601618438907,0.0,0.0,0.4463559517256691,0.010219264797195643,0.0,0.0,0.0,0.4691068966140615,0.2116586894822506,0.0,0.43425182336910595,0.010245637138010369,0.0,0.0,0.4709209910707245,0.0,0.21292543329603686,0.4761394650788643,0.0,0.0,0.0,0.3957489065137225
0.4062407991062174,0.42328237142819003,0.42990887625485336,0.4249586362717602,0.6327079995089305,0.902278275606076,0.40628370982122586,0.4067577022239072,0.6666176095603473,0.4062407991062174,0.5809994722280172,0.4580668151741023,0.6144232981130219,0.4062407991062174,0.5705588844091561,0.457539291710984,0.6167854813500504,0.62288310648395,0.457539291710984,0.575346166643267,0.4062407991062174,0.6491980375992865,0.4062407991062174,0.5646232757729605,0.623515162820036,0.45711723414985533,0.4062407991062174,0.6271380759228646,0.45690997130703714,0.5672081898450544,0.6286222875895484,0.4063384058555014,0.45732237393026587,0.5624464507567447,0.5668436887736735,0.4062407991062174,0.6600152273702433,0.5669831901239771,0.4062407991062174,0.4574480773192684,0.6193332073234314,0.6167904216925338,0.4566599694483811,0.5704940855666019,0.4062407991062174,0.6198959202623858,0.4570143393464352,0.574039180567747,0.4062407991062174,0.6209639322461001,0.45745589641852324,0.6213581221752722,0.4063384058555014,0.6054473772988255,0.4062407991062174,0.622812957192605,0.606986944606096,0.4062407991062174,0.4062407991062174,0.5691971614518836,0.662139010699735,0.4062407991062174,0.5656772013691748,0.6646836837078659,0.4062407991062174,0.4062407991062174,0.6271857214021183,0.6193672645257492,0.4062407991062174,0.631026017739173,0.45724502286109875,0.5678550056120671,0.4062407991062174,0.6307906758028745,0.45727109773829255,0.617287938532985,0.4062407991062174,0.5976295542833899,0.40633775085917023,0.6177120927473345,0.4062407991062174,0.4062407991062174,0.4062407991062174,0.4062407991062174,0.6055209166960929,0.4062407991062174,0.4062407991062174,0.6186171031174504,0.4062407991062174,0.4062407991062174,0.45720127162250307,0.631130576628361,0.4062407991062174,0.40627060782040275,0.5789497228411757,0.4062407991062174,0.4062407991062174,0.4062407991062174,0.6614975092615364,0.4062407991062174,0.4062407991062174,0.4062407991062174,0.6188710960871127,0.4062407991062174,0.4062407991062174,0.5985188692705445,0.40636755206362535,0.4062407991062174,0.4062407991062174,0.4062407991062174,0.6148413396631285,0.457220974692728,0.4062407991062174,0.5899658427887794,0.4063682070092349,0.4062407991062174,0.4062407991062174,0.616155859619348,0.4062407991062174,0.457796330210858,0.6199474290587709,0.4062407991062174,0.4062407991062174,0.4062407991062174,0.5634400599534038
0.2123602417423262,0.24377810883282217,0.2552769044971648,0.24671968494045787,0.5358077569319609,0.8592297062134188,0.21244337389240495,0.21336010326329277,0.5773226737807854,0.2123602417423262,0.47094200317491736,0.3009882678815362,0.5131212105101451,0.2123602417423262,0.457539291710984,0.3001699237110268,0.5160658352955997,0.5236474943721395,0.3001699237110268,0.46369989947245366,0.2123602417423262,0.5560772430652211,0.2123602417423262,0.4498634920832143,0.5244318199366839,0.29951429563057885,0.2123602417423262,0.5289220548614999,0.2991920393658375,0.45321147597011724,0.5307589389376303,0.21254930418179727,0.2998330611352535,0.44703764170501975,0.45273986823395324,0.2123602417423262,0.5692886532659541,0.4529203803322545,0.2123602417423262,0.30002829786717683,0.5192369838345057,0.5160719892820446,0.29880307431008296,0.4574557225433687,0.2123602417423262,0.5199367352197518,0.299354336935704,0.46202057538826136,0.2123602417423262,0.5212641974314087,0.3000404398018918,0.5217539352114029,0.21254930418179727,0.501891624759262,0.2123602417423262,0.523560427620692,0.5038224367370003,0.2123602417423262,0.2123602417423262,0.4557820778539736,0.5718753046675764,0.2123602417423262,0.45122952738446376,0.5749716178761204,0.2123602417423262,0.2123602417423262,0.5289810452960657,0.5192793417414991,0.2123602417423262,0.5337306453247905,0.29971288789604267,0.4540479595172926,0.2123602417423262,0.5334398667174568,0.2997534010251978,0.5166916308639348,0.2123602417423262,0.49205552760597066,0.2125480358691923,0.5172197531631719,0.2123602417423262,0.2123602417423262,0.2123602417423262,0.2123602417423262,0.5019838978495792,0.2123602417423262,0.2123602417423262,0.5183461441915361,0.2123602417423262,0.2123602417423262,0.2996449037626929,0.5338598219970099,0.2123602417423262,0.21241799349428309,0.46832021131897555,0.2123602417423262,0.2123602417423262,0.2123602417423262,0.5710942304545732,0.2123602417423262,0.2123602417423262,0.2123602417423262,0.518662157465632,0.2123602417423262,0.2123602417423262,0.493177158878239,0.21260573640186234,0.2123602417423262,0.2123602417423262,0.2123602417423262,0.5136426422722297,0.29967552101199524,0.2123602417423262,0.48235938539978696,0.21260700436885963,0.2123602417423262,0.2123602417423262,0.5152813881021447,0.2123602417423262,0.30056882037038685,0.5200007762963974,0.2123602417423262,0.2123602417423262,0.2123602417423262,0.4483282352720949
0.4717889979863048,0.4863661987402105,0.49207180615329343,0.4878076073914403,0.6733260811653197,0.9201951327142586,0.4718255212239154,0.4722290207052172,0.7043773909639743,0.4717889979863048,0.6262418144852747,0.5165269090660969,0.6566341399302023,0.4717889979863048,0.6167854813500504,0.5160658352955997,0.6587881957176315,0.6643518994811342,0.5160658352955997,0.6211190373133233,0.4717889979863048,0.6884123700978864,0.4717889979863048,0.6114183473977777,0.6649288790290989,0.5156970183506848,0.4717889979863048,0.6682370354100601,0.5155159255445756,0.6137548750058288,0.6695927542436388,0.47187207685566845,0.515876272244951,0.6094516949050603,0.6134253218631446,0.4717889979863048,0.6983232196930993,0.6135514450095961,0.4717889979863048,0.5159861214510861,0.6611122617273472,0.658792701543631,0.5152975119234031,0.6167268527864684,0.4717889979863048,0.6616256875066759,0.5156071135138774,0.6199355106206978,0.4717889979863048,0.6626002644137395,0.5159929545743326,0.6629600049597253,0.47187207685566845,0.6484559643467335,0.4717889979863048,0.6642878659758624,0.6498579043882723,0.4717889979863048,0.4717889979863048,0.6155535886182903,0.7002702689586385,0.4717889979863048,0.6123708459743474,0.7026036756557235,0.4717889979863048,0.4717889979863048,0.6682805520108491,0.661143334764767,0.4717889979863048,0.6717889340522599,0.5158086799644673,0.6143397368377276,0.4717889979863048,0.6715738831438026,0.515831464921307,0.6592464767102956,0.4717889979863048,0.641342325225473,0.4718715193331991,0.659633364681869,0.4717889979863048,0.4717889979863048,0.4717889979863048,0.4717889979863048,0.6485229221214764,0.4717889979863048,0.4717889979863048,0.6604589384508556,0.4717889979863048,0.4717889979863048,0.5157704494890487,0.6718844799878779,0.4717889979863048,0.47181436942139254,0.6243837742515769,0.4717889979863048,0.4717889979863048,0.4717889979863048,0.6996821111509468,0.4717889979863048,0.4717889979863048,0.4717889979863048,0.6606906563154066,0.4717889979863048,0.4717889979863048,0.6421510776869898,0.4718968858692589,0.4717889979863048,0.4717889979863048,0.4717889979863048,0.6570152949976817,0.5157876662314278,0.4717889979863048,0.6343779366765517,0.47189744335863715,0.4717889979863048,0.4717889979863048,0.6582139770204312,0.4717889979863048,0.5162904826816731,0.661672686739113,0.4717889979863048,0.4717889979863048,0.4717889979863048,0.6103492567422575
