0.0,0.0,0.14580240408187564,0.17625128170504717,0.8408964152537145,0.030562134421017285,0.48730856269926226,0.6435783502115808,0.5872521371056812,0.017605924828213434,0.5012536511143276,0.2519991711554949,0.5607045849193056,0.013183059683187958,0.5514160824498849,0.5655928352336161,0.010552153094761417,0.0,0.6420642241767489,0.0,0.49152598831561006,0.6233554638411516,0.010552153094761417,0.4723332428036211,0.0,0.6430492295326966,0.0,0.5837892000785778,0.5450871690405122,0.0,0.0,0.6523516419850519,0.013741909674402484,0.4683018806097009,0.47661068301450177,0.0,0.6426247664865967,0.4765948266455854,0.01058774226768203,0.2505729669745287,0.0,0.5696570087916867,0.6304832183935031,0.4801748883618531,0.05205383505421698,0.5786352202290389,0.2493611862686821,0.0,0.0,0.4898683527580166,0.6384467820138131,0.5728226553553992,0.012065649691302367,0.5448590828658921,0.5750657312564679,0.0,0.0,0.5476148099066369,0.48080456558856316,0.250100592910459,0.5805841113367428,0.0,0.4744166674541919,0.24997876820033893,0.5848832400157572,0.0,0.6490656343441749,0.0,0.5026683520519715,0.5904211638499687,0.25016110538669684,0.0,0.47856654522158154,0.6561993251271827,0.0,0.5661909662136135,0.0,0.5312564479993523,0.0,0.01058774226768203,0.5668301573597339,0.0,0.0,0.5450095433178028,0.0,0.0,0.0,0.5678369839647426,0.0,0.0,0.24996817200779262,0.5907710415550683,0.0,0.0,0.4975998121513216,0.0,0.0,0.2490666463874425,0.5795171683350774,0.0,0.012096786903463531,0.0,0.5689645772919679,0.0,0.0,0.24889796788190716,0.46425741120808633,0.0,0.012065649691302367,0.5617101192967889,0.0,0.0,0.25017698754385975,0.0,0.5173887694529606,0.0,0.0,0.5640081633365052,0.25128404440099905,0.0,0.0,0.5709366487539506,0.0,0.0,0.47021474271542846
0.0,0.0,0.14580240408187564,0.17625128170504717,0.8408964152537145,0.030562134421017285,0.48730856269926226,0.6435783502115808,0.5872521371056812,0.017605924828213434,0.5012536511143276,0.2519991711554949,0.5607045849193056,0.013183059683187958,0.5514160824498849,0.5655928352336161,0.010552153094761417,0.0,0.6420642241767489,0.0,0.49152598831561006,0.6233554638411516,0.010552153094761417,0.4723332428036211,0.0,0.6430492295326966,0.0,0.5837892000785778,0.5450871690405122,0.0,0.0,0.6523516419850519,0.013741909674402484,0.4683018806097009,0.47661068301450177,0.0,0.6426247664865967,0.4765948266455854,0.01058774226768203,0.2505729669745287,0.0,0.5696570087916867,0.6304832183935031,0.4801748883618531,0.05205383505421698,0.5786352202290389,0.2493611862686821,0.0,0.0,0.4898683527580166,0.6384467820138131,0.5728226553553992,0.012065649691302367,0.5448590828658921,0.5750657312564679,0.0,0.0,0.5476148099066369,0.48080456558856316,0.250100592910459,0.5805841113367428,0.0,0.4744166674541919,0.24997876820033893,0.5848832400157572,0.0,0.6490656343441749,0.0,0.5026683520519715,0.5904211638499687,0.25016110538669684,0.0,0.47856654522158154,0.6561993251271827,0.0,0.5661909662136135,0.0,0.5312564479993523,0.0,0.01058774226768203,0.5668301573597339,0.0,0.0,0.5450095433178028,0.0,0.0,0.0,0.5678369839647426,0.0,0.0,0.24996817200779262,0.5907710415550683,0.0,0.0,0.4975998121513216,0.0,0.0,0.2490666463874425,0.5795171683350774,0.0,0.012096786903463531,0.0,0.5689645772919679,0.0,0.0,0.24889796788190716,0.46425741120808633,0.0,0.012065649691302367,0.5617101192967889,0.0,0.0,0.25017698754385975,0.0,0.5173887694529606,0.0,0.0,0.5640081633365052,0.25128404440099905,0.0,0.0,0.5709366487539506,0.0,0.0,0.47021474271542846
0.14580240408187564,0.14580240408187564,0.20617243748720834,0.22870412236147514,0.8496934173125434,0.1489703485396912,0.5080021814032573,0.6583681346807311,0.6039381827376658,0.1468612901891747,0.5213202806873185,0.2910406584836036,0.578358885798656,0.14639704403790615,0.5694232215906249,0.5830645257724864,0.1461836641918749,0.14580240408187564,0.6569027278253575,0.14580240408187564,0.512027141847639,0.6388051727369702,0.1461836641918749,0.4937315246092093,0.14580240408187564,0.657856027269217,0.14580240408187564,0.6005984221296089,0.5633393247316868,0.14580240408187564,0.14580240408187564,0.6668611420779691,0.1464484143429515,0.4898958247884638,0.4978041925623948,0.14580240408187564,0.6574452216088679,0.4977890899909327,0.14618623688869722,0.28980859282333926,0.14580240408187564,0.5869784221439037,0.6456979744512107,0.5011999401297402,0.15481360539111777,0.5956294304702763,0.2887631435846979,0.14580240408187564,0.14580240408187564,0.5104448519855681,0.6534021139158757,0.5900279618714669,0.14630067605580402,0.5631201408638052,0.5921892586528501,0.14580240408187564,0.14580240408187564,0.565768649887929,0.5018000576344149,0.2894009060389653,0.5975081338856745,0.14580240408187564,0.49571485078815664,0.2892957954907219,0.6016534516653842,0.14580240408187564,0.6636797217599382,0.14580240408187564,0.5226728446162625,0.6069952512389832,0.2894531210874554,0.14580240408187564,0.49966737248808796,0.6705869333190065,0.14580240408187564,0.5836404531421012,0.14580240408187564,0.5500579358291763,0.14580240408187564,0.14618623688869722,0.58425594989627,0.14580240408187564,0.14580240408187564,0.563264728203855,0.14580240408187564,0.14580240408187564,0.14580240408187564,0.585225523807919,0.14580240408187564,0.14580240408187564,0.28928665368896755,0.6073328121240853,0.14580240408187564,0.14580240408187564,0.5178281510014062,0.14580240408187564,0.14580240408187564,0.28850922619387875,0.596479579796915,0.14580240408187564,0.14630324669317532,0.14580240408187564,0.5863114966236516,0.14580240408187564,0.14580240408187564,0.2883638457942333,0.4860503308380301,0.14580240408187564,0.14630067605580402,0.579326687193815,0.14580240408187564,0.14580240408187564,0.28946682602097434,0.14580240408187564,0.5367617329426108,0.14580240408187564,0.14580240408187564,0.5815388267417598,0.290422658212226,0.14580240408187564,0.14580240408187564,0.5882110300524338,0.14580240408187564,0.14580240408187564,0.49171551831791727
0.17625128170504717,0.17625128170504717,0.22870412236147514,0.24919679770755654,0.8536576873085334,0.17888011075901503,0.5172339323139958,0.6650321615943913,0.6114388040566134,0.1771280096510615,0.5302847858367682,0.3073674483022326,0.5862825763594841,0.17674338182878985,0.5775003491715172,0.5909086498989584,0.17656672480021388,0.17625128170504717,0.6635883743982843,0.17625128170504717,0.5211770059509719,0.6457615006643577,0.17656672480021388,0.5032619404612826,0.17625128170504717,0.664527604723957,0.17625128170504717,0.6081530242732005,0.5715227654416924,0.17625128170504717,0.17625128170504717,0.6734006674624268,0.1767859233436532,0.4995088478750739,0.5072480041347506,0.17625128170504717,0.6641228596944007,0.5072332206484804,0.17656885425206278,0.30620211058780955,0.17625128170504717,0.5947569892336391,0.6525503712335596,0.5105723908914627,0.1837734864051491,0.603265015147661,0.3052136834134606,0.17625128170504717,0.17625128170504717,0.5196267887008507,0.6601395783384685,0.5977558301293141,0.1766635888242792,0.5713074406247355,0.5998813923884231,0.17625128170504717,0.17625128170504717,0.5739094546497119,0.511159975871327,0.3058166162810598,0.6051130047051382,0.17625128170504717,0.5052029512412322,0.30571723655042876,0.6091909628653488,0.17625128170504717,0.670265728776064,0.17625128170504717,0.5316107889037589,0.6144467682682656,0.3058659858608415,0.17625128170504717,0.5090719354973761,0.6770722503792242,0.17625128170504717,0.5914748956071607,0.17625128170504717,0.5584790173073073,0.17625128170504717,0.17656885425206278,0.5920800589513681,0.17625128170504717,0.17625128170504717,0.5714494820651805,0.17625128170504717,0.17625128170504717,0.17625128170504717,0.5930333829530913,0.17625128170504717,0.17625128170504717,0.30570859335315076,0.6147789247629617,0.17625128170504717,0.17625128170504717,0.5268617161071428,0.17625128170504717,0.17625128170504717,0.30497367150046617,0.6041012513228511,0.17625128170504717,0.1766657171063398,0.17625128170504717,0.5941011954430008,0.17625128170504717,0.17625128170504717,0.3048362625853686,0.49574721446317005,0.17625128170504717,0.1766635888242792,0.5872339454951268,0.17625128170504717,0.17625128170504717,0.305878944094306,0.17625128170504717,0.5454289632691331,0.17625128170504717,0.17625128170504717,0.5894086578619772,0.30678285495571445,0.17625128170504717,0.17625128170504717,0.5959690653349728,0.17625128170504717,0.17625128170504717,0.5012892239411858
0.8408964152537145,0.8408964152537145,0.8496934173125434,0.8536576873085334,1.0,0.8412888574217307,0.9245519749138414,0.9677187527489358,0.9526719350526152,0.8410267106984917,0.9284867707970869,0.8663621517487562,0.9452826497473128,0.8409694767117409,0.9426717644830017,0.9466522514311706,0.8409432273840363,0.8408964152537145,0.9673302014674422,0.8408964152537145,0.9257403669017852,0.9624464054848016,0.8409432273840363,0.9203474141882663,0.8408964152537145,0.9675830933456246,0.8408964152537145,0.9517157326393116,0.9408876235210829,0.8408964152537145,0.8408964152537145,0.9699482710542033,0.8409758014834601,0.9192204199234292,0.9215456365085352,0.8408964152537145,0.9674741716305398,0.9215411903515929,0.840943543655626,0.8660881091424368,0.8408964152537145,0.9477882522438359,0.9643242752960068,0.9225458270680926,0.8420333503970182,0.9502878380659381,0.8658562576151041,0.8408964152537145,0.8408964152537145,0.9252730863811227,0.9663976180057491,0.9486712324839376,0.840957617380126,0.940823260471359,0.9492958250038346,0.8408964152537145,0.8408964152537145,0.9416006047098684,0.9227226840579263,0.8659976208662925,0.9508284150084882,0.8408964152537145,0.9209307351319439,0.8659743064911504,0.9520181116320349,0.8408964152537145,0.9691176851573364,0.8408964152537145,0.9288866854978282,0.9535445758344894,0.8660092049487171,0.8408964152537145,0.9220943028110736,0.9709137255336551,0.8408964152537145,0.9468195995497922,0.8408964152537145,0.9369786858838058,0.8408964152537145,0.840943543655626,0.9469983755733714,0.8408964152537145,0.8408964152537145,0.9408657189834089,0.8408964152537145,0.8408964152537145,0.8408964152537145,0.9472798477687203,0.8408964152537145,0.8408964152537145,0.865972279065188,0.9536407736837988,0.8408964152537145,0.8408964152537145,0.9274544223593856,0.8408964152537145,0.8408964152537145,0.8658000406903787,0.9505325642040934,0.8408964152537145,0.8409579336354803,0.8408964152537145,0.9475948918812902,0.8408964152537145,0.8408964152537145,0.8657678704106632,0.918092181803976,0.8408964152537145,0.840957617380126,0.9455646553092477,0.8408964152537145,0.8408964152537145,0.8660122456933261,0.8408964152537145,0.933052506886687,0.8408964152537145,0.8408964152537145,0.9462086267050932,0.8662245841970758,0.8408964152537145,0.8408964152537145,0.9481453814154545,0.8408964152537145,0.8408964152537145,0.9197548838938043
0.030562134421017285,0.030562134421017285,0.1489703485396912,0.17888011075901503,0.8412888574217307,0.04322137556619155,0.48823852509379617,0.6442383633758763,0.5879980141759213,0.03527056094634251,0.5021545518003193,0.253841906227612,0.5614945920122724,0.03328418592902672,0.5522222226655771,0.5663745037434269,0.03233252141637917,0.030562134421017285,0.6427264347034111,0.030562134421017285,0.49244701865618534,0.6240452789134331,0.03233252141637917,0.47329599324613825,0.030562134421017285,0.6437100099904592,0.030562134421017285,0.5845406798595761,0.5459045292029676,0.030562134421017285,0.030562134421017285,0.6529990219593499,0.03350946198783978,0.46927375953755646,0.47756389136133764,0.030562134421017285,0.6432861629268493,0.4775480700970642,0.03234415390248258,0.25242619821493184,0.030562134421017285,0.5704318207341353,0.6311624136921571,0.4811202554767659,0.06036258106944498,0.5793951203324336,0.25122342779763707,0.030562134421017285,0.030562134421017285,0.49079287861517945,0.6391142635778223,0.5735921732072891,0.03285763060979041,0.5456768509514195,0.5758315220226196,0.030562134421017285,0.030562134421017285,0.5484276662604556,0.4817485575830126,0.2519573263775052,0.581340815760291,0.030562134421017285,0.475374752000428,0.2518364069853,0.5856329450499017,0.030562134421017285,0.6497177267009207,0.030562134421017285,0.5035663782249085,0.5911619512551975,0.2520173894866927,0.030562134421017285,0.47951543850853756,0.65684121548764,0.030562134421017285,0.5669716213427548,0.030562134421017285,0.5320990148840221,0.030562134421017285,0.03234415390248258,0.5676097311894202,0.030562134421017285,0.030562134421017285,0.5458270422824788,0.030562134421017285,0.030562134421017285,0.030562134421017285,0.5686148580107173,0.030562134421017285,0.030562134421017285,0.25182588957716934,0.5915112691938541,0.030562134421017285,0.030562134421017285,0.49850819835718846,0.030562134421017285,0.030562134421017285,0.25093109093278665,0.5802756204930272,0.030562134421017285,0.032869077258003324,0.030562134421017285,0.569740552621162,0.030562134421017285,0.030562134421017285,0.25076367635572966,0.46523858422259734,0.030562134421017285,0.03285763060979041,0.5624984027653506,0.030562134421017285,0.030562134421017285,0.2520331537377817,0.030562134421017285,0.5182576366032446,0.030562134421017285,0.030562134421017285,0.5647925239228011,0.253132027906857,0.030562134421017285,0.030562134421017285,0.5717093158319101,0.030562134421017285,0.030562134421017285,0.47118227359625403
0.48730856269926226,0.48730856269926226,0.5080021814032573,0.5172339323139958,0.9245519749138414,0.48823852509379617,0.6792301632786617,0.7864396621582509,0.7469281129944146,0.4876173969392979,0.6884183857630763,0.5465138506588162,0.7285773890344913,0.48748174673426864,0.7222106428708723,0.7319398455227525,0.487419528364573,0.48730856269926226,0.7853700807518277,0.48730856269926226,0.6819984096607695,0.7721824886851948,0.487419528364573,0.6694784265663111,0.48730856269926226,0.7860658556598666,0.48730856269926226,0.7445225423525009,0.7178902646711274,0.48730856269926226,0.48730856269926226,0.7926427809221182,0.487496737783523,0.6668748354776951,0.6722511331031256,0.48730856269926226,0.7857660132025754,0.6722408356387463,0.4874202780363964,0.545886335456784,0.48730856269926226,0.7347413841606042,0.7772001317366217,0.6745693648455091,0.49000087450687074,0.7409485219672663,0.5453553122017214,0.48730856269926226,0.48730856269926226,0.6809092518786557,0.7828159843065354,0.7369271631709337,0.4874536371259546,0.7177348420194232,0.7384778062424896,0.48730856269926226,0.48730856269926226,0.7196139595419447,0.6749796514115168,0.5456790978665432,0.7422990811190038,0.48730856269926226,0.6708276391559193,0.5456257002356899,0.7452821720618225,0.48730856269926226,0.7903183482006784,0.48730856269926226,0.6893559925103241,0.7491323722300531,0.5457056288346032,0.48730856269926226,0.6735223908290674,0.7953660158689112,0.48730856269926226,0.7323518190259286,0.48730856269926226,0.7085023679488861,0.48730856269926226,0.4874202780363964,0.7327922016041145,0.48730856269926226,0.48730856269926226,0.7178373666870009,0.48730856269926226,0.48730856269926226,0.48730856269926226,0.7334861404067192,0.48730856269926226,0.48730856269926226,0.5456210567071774,0.749375898189168,0.48730856269926226,0.48730856269926226,0.6860013522531276,0.48730856269926226,0.48730856269926226,0.5452265386811875,0.7415595651159245,0.48730856269926226,0.48745438673905767,0.48730856269926226,0.7342637006174563,0.48730856269926226,0.48730856269926226,0.5451528447794388,0.6642723372090014,0.48730856269926226,0.4874536371259546,0.729268411058243,0.48730856269926226,0.48730856269926226,0.5457125929919627,0.48730856269926226,0.6991687574750381,0.48730856269926226,0.48730856269926226,0.7308489387021596,0.5461988611974244,0.48730856269926226,0.48730856269926226,0.7356245590202138,0.48730856269926226,0.48730856269926226,0.6681090527656743
0.6435783502115808,0.6435783502115808,0.6583681346807311,0.6650321615943913,0.9677187527489358,0.6442383633758763,0.7864396621582509,0.8683248378793724,0.8382575346331914,0.6437974859958683,0.7934707860937967,0.6864090283815846,0.8242238937324199,0.6437012281687635,0.8193497947100541,0.8267971983573486,0.6436570810324318,0.6435783502115808,0.867514896144791,0.6435783502115808,0.7885574803823633,0.8575075050948981,0.6436570810324318,0.7789837590723319,0.6435783502115808,0.8680418039790321,0.6435783502115808,0.8364195465577088,0.8160414064618027,0.6435783502115808,0.6435783502115808,0.8730164921349534,0.6437118653928834,0.7769945159975202,0.7811028964980756,0.6435783502115808,0.8678147486876661,0.7810950250564036,0.643657612951122,0.685947331599365,0.6435783502115808,0.8289406853017796,0.8613194913076625,0.7828751922972642,0.645490373411991,0.8336877442559726,0.68555674376074,0.6435783502115808,0.6435783502115808,0.7877241712680537,0.8655797029334001,0.8306126617695078,0.6436812827036167,0.815922379272222,0.8317985780095312,0.6435783502115808,0.6435783502115808,0.8173614184277646,0.7831889034120448,0.6857948879316047,0.8347201853657022,0.6435783502115808,0.7800148565432036,0.6857556113085351,0.8370000097526806,0.6435783502115808,0.8712595980113024,0.6435783502115808,0.7941885303169282,0.839941166854154,0.6858144031787232,0.6435783502115808,0.7820747221536625,0.8750729574363475,0.6435783502115808,0.8271124364223607,0.6435783502115808,0.8088511290474318,0.6435783502115808,0.643657612951122,0.8274494006800615,0.6435783502115808,0.6435783502115808,0.8160008957151939,0.6435783502115808,0.6435783502115808,0.6435783502115808,0.8279803506156869,0.6435783502115808,0.6435783502115808,0.685752195811813,0.8401271407724071,0.6435783502115808,0.6435783502115808,0.7916207289346773,0.6435783502115808,0.6435783502115808,0.6854620418024472,0.8341548795848531,0.6435783502115808,0.6436818145940282,0.6435783502115808,0.8285752424934474,0.6435783502115808,0.6435783502115808,0.6854078490051877,0.775006770462942,0.6435783502115808,0.6436812827036167,0.8247527898395557,0.6435783502115808,0.6435783502115808,0.685819525811495,0.6435783502115808,0.8017022907265147,0.6435783502115808,0.6435783502115808,0.8259623956139966,0.6861772553380935,0.6435783502115808,0.6435783502115808,0.8296162984542962,0.6435783502115808,0.6435783502115808,0.7779374249794468
0.5872521371056812,0.5872521371056812,0.6039381827376658,0.6114388040566134,0.9526719350526152,0.5879980141759213,0.7469281129944146,0.8382575346331914,0.8046221259312444,0.5874997946274428,0.7547472334289689,0.6354343255502994,0.7889745852797574,0.5873910099579676,0.7835451886872685,0.7918420456795389,0.5873411167194609,0.5872521371056812,0.837348863278553,0.5872521371056812,0.7492831735167584,0.8261349934542335,0.5873411167194609,0.7386373531567091,0.5872521371056812,0.837939980020059,0.5872521371056812,0.8025713046885532,0.7798611393705698,0.5872521371056812,0.5872521371056812,0.8435246003782345,0.5874030316205354,0.7364253909503423,0.7409937468956252,0.5872521371056812,0.8376852468514597,0.7409849941640781,0.5873417178748467,0.6349170212426888,0.5872521371056812,0.7942311198799572,0.8304037514946754,0.7429644761504046,0.5894125722850663,0.7995240417600862,0.6344793600143721,0.5872521371056812,0.5872521371056812,0.7483565066043905,0.8351784658348004,0.7960950364014513,0.5873684684985756,0.7797286143352938,0.7974173015868913,0.5872521371056812,0.5872521371056812,0.781330922155149,0.7433133134583142,0.634746208481043,0.8006755866780743,0.5872521371056812,0.739783890790959,0.6347021984322726,0.8032189313339783,0.5872521371056812,0.8415515128555895,0.5872521371056812,0.7555454857108737,0.8065011518719315,0.6347680755050952,0.5872521371056812,0.7420743802475158,0.8458352602645344,0.5872521371056812,0.7921933687894291,0.5872521371056812,0.7718574229798805,0.5872521371056812,0.5873417178748467,0.7925689174793904,0.5872521371056812,0.5872521371056812,0.7798160345185007,0.5872521371056812,0.5872521371056812,0.5872521371056812,0.7931606906505487,0.5872521371056812,0.5872521371056812,0.6346983713033393,0.8067087351438272,0.5872521371056812,0.5872521371056812,0.7526897262440854,0.5872521371056812,0.5872521371056812,0.6343732404341511,0.8000450487766703,0.5872521371056812,0.5873690696184148,0.5872521371056812,0.7938237693269046,0.5872521371056812,0.5872521371056812,0.6343125132111284,0.7342150720821913,0.5872521371056812,0.5873684684985756,0.7895638815760372,0.5872521371056812,0.5872521371056812,0.6347738154533741,0.5872521371056812,0.7639031609770324,0.5872521371056812,0.5872521371056812,0.790911737269813,0.6351746422234443,0.5872521371056812,0.5872521371056812,0.7949842517274807,0.5872521371056812,0.5872521371056812,0.7374738714180861
0.017605924828213434,0.017605924828213434,0.1468612901891747,0.1771280096510615,0.8410267106984917,0.03527056094634251,0.4876173969392979,0.6437974859958683,0.5874997946274428,0.024898537075888218,0.5015528244881042,0.25261219718017996,0.5609669043518175,0.02199458202897494,0.551683762564778,0.5658523840570598,0.020525996130207627,0.017605924828213434,0.642284089775006,0.017605924828213434,0.4918318531880004,0.623584498187101,0.020525996130207627,0.4726529780271248,0.017605924828213434,0.6432686201590385,0.017605924828213434,0.5840387189433506,0.5453585774790027,0.017605924828213434,0.017605924828213434,0.6525665819736423,0.022334024624076625,0.4686246510320454,0.476927245640353,0.017605924828213434,0.6428443617003122,0.47691140094294787,0.020544314733221002,0.2511895017141762,0.017605924828213434,0.5699142794861477,0.6307087253323329,0.48048884399592573,0.054950605683489535,0.5788875365742377,0.24998073324911785,0.017605924828213434,0.017605924828213434,0.4901753796653292,0.6386683983101875,0.5730781670983212,0.021343581735533117,0.5451306268577073,0.5753200047012583,0.017605924828213434,0.017605924828213434,0.5478847217374146,0.48111806404208557,0.2507182984581549,0.5808353659732028,0.017605924828213434,0.4747348513241513,0.25059677640465994,0.5851321692670876,0.017605924828213434,0.6492821394142737,0.017605924828213434,0.5029665699243131,0.5906671305035233,0.25077866070740645,0.017605924828213434,0.4788816731993137,0.6564124419254048,0.017605924828213434,0.5664501783328421,0.017605924828213434,0.531536233041742,0.017605924828213434,0.020544314733221002,0.5670890102094621,0.017605924828213434,0.017605924828213434,0.5452809978804148,0.017605924828213434,0.017605924828213434,0.017605924828213434,0.5680952720518492,0.017605924828213434,0.017605924828213434,0.25058620655061775,0.5910168222469699,0.017605924828213434,0.017605924828213434,0.49790147379793215,0.017605924828213434,0.017605924828213434,0.24968692989399177,0.5797690036243162,0.017605924828213434,0.021361199219780667,0.017605924828213434,0.5692222345237385,0.017605924828213434,0.017605924828213434,0.24951867395873042,0.4645832720131274,0.017605924828213434,0.021343581735533117,0.561971866024762,0.017605924828213434,0.017605924828213434,0.2507945034477186,0.017605924828213434,0.5176772953417327,0.017605924828213434,0.017605924828213434,0.5642686066306478,0.25189882486351683,0.017605924828213434,0.017605924828213434,0.5711932068174214,0.017605924828213434,0.017605924828213434,0.4705360674081453
0.5012536511143276,0.5012536511143276,0.5213202806873185,0.5302847858367682,0.9284867707970869,0.5021545518003193,0.6884183857630763,0.7934707860937967,0.7547472334289689,0.5015528244881042,0.6974169113526464,0.5587616079714576,0.7367627634514793,0.5014214164686711,0.7305236222615223,0.7400579621474109,0.5013611444739914,0.5012536511143276,0.7924226459600994,0.5012536511143276,0.691129298963201,0.7794986559057703,0.5013611444739914,0.6788699670466136,0.5012536511143276,0.793104474337078,0.5012536511143276,0.7523895847486138,0.7262900539383111,0.5012536511143276,0.5012536511143276,0.7995493181264203,0.5014359386119139,0.6763210375573655,0.6815846416017359,0.5012536511143276,0.7928106426735958,0.681574559323837,0.5013618706915309,0.5581506536204633,0.5012536511143276,0.7428035234337997,0.7844161477613266,0.6838544917652006,0.5038620649382802,0.7488868006981636,0.5576336655361107,0.5012536511143276,0.5012536511143276,0.6900626794915985,0.7899197068594814,0.7449456625556533,0.5013941861638048,0.7261377578599547,0.7464653627549477,0.5012536511143276,0.5012536511143276,0.7279790913195031,0.6842562284737822,0.5579488911290922,0.750210434973496,0.5012536511143276,0.6801909181358164,0.5578969047055383,0.7531340797618776,0.5012536511143276,0.7972716204672157,0.5012536511143276,0.6983352540319465,0.7569075948361701,0.5579747210014233,0.5012536511143276,0.6828293527801619,0.802217716103314,0.5012536511143276,0.7404617007532067,0.5012536511143276,0.7170915184779862,0.5012536511143276,0.5013618706915309,0.7408932818539481,0.5012536511143276,0.5012536511143276,0.7262382200515791,0.5012536511143276,0.5012536511143276,0.5012536511143276,0.7415733542494639,0.5012536511143276,0.5012536511143276,0.5578923839066299,0.7571462716414717,0.5012536511143276,0.5012536511143276,0.6950496154955955,0.5012536511143276,0.5012536511143276,0.5575082984431239,0.7494856610765076,0.5012536511143276,0.5013949123270438,0.5012536511143276,0.7423353808503027,0.5012536511143276,0.5012536511143276,0.5574365544637552,0.6737733467634279,0.5012536511143276,0.5013941861638048,0.7374399563003887,0.5012536511143276,0.5012536511143276,0.557981501134933,0.5012536511143276,0.7079473479625834,0.5012536511143276,0.5012536511143276,0.7389888671212366,0.5584549281154277,0.5012536511143276,0.5012536511143276,0.743669061989932,0.5012536511143276,0.5012536511143276,0.677529322077417
0.2519991711554949,0.2519991711554949,0.2910406584836036,0.3073674483022326,0.8663621517487562,0.253841906227612,0.5465138506588162,0.6864090283815846,0.6354343255502994,0.25261219718017996,0.5587616079714576,0.35602080642561656,0.6115869868683289,0.2523430672406781,0.6032767706654856,0.6159677233249421,0.2522195572532789,0.2519991711554949,0.6850333953701845,0.2519991711554949,0.5502113603827083,0.6680577149833669,0.2522195572532789,0.5334336148560231,0.2519991711554949,0.6859282767542788,0.2519991711554949,0.6323161466056898,0.5976253737157162,0.2519991711554949,0.2519991711554949,0.6943845794075685,0.2523728195732385,0.5299260844553919,0.5371617266175539,0.2519991711554949,0.6855426374349449,0.5371478944816133,0.2522210456882759,0.3550188316187474,0.2519991711554949,0.6196136325185739,0.6745202262772513,0.5402731754370416,0.25730814572254246,0.6276792506513983,0.3541697213739446,0.2519991711554949,0.2519991711554949,0.5487573774106766,0.6817478505726359,0.6224557446933012,0.2522872720838825,0.5974218757875629,0.6244707453902445,0.2519991711554949,0.2519991711554949,0.5998813336184668,0.5408233276913406,0.35468758933398803,0.6294320475465858,0.2519991711554949,0.5352486534999876,0.3546022127927545,0.6333010394373618,0.2519991711554949,0.6913964412078599,0.2519991711554949,0.5600075309260685,0.6382896810666139,0.35473000506001234,0.2519991711554949,0.5388685851377708,0.6978848189421032,0.2519991711554949,0.6165040899765394,0.2519991711554949,0.5853081662027129,0.2519991711554949,0.2522210456882759,0.6170773565759057,0.2519991711554949,0.2519991711554949,0.5975561148781252,0.2519991711554949,0.2519991711554949,0.2519991711554949,0.6179805078931084,0.2519991711554949,0.2519991711554949,0.35459478780494785,0.6386050329208729,0.2519991711554949,0.2519991711554949,0.5555465305872921,0.2519991711554949,0.2519991711554949,0.35396364377045664,0.6284723722070735,0.2519991711554949,0.25228876011615964,0.2519991711554949,0.6189922301951611,0.2519991711554949,0.2519991711554949,0.3538456810913808,0.5264132526853555,0.2519991711554949,0.2522872720838825,0.6124877201313144,0.2519991711554949,0.2519991711554949,0.3547411383743516,0.2519991711554949,0.5730068399446846,0.2519991711554949,0.2519991711554949,0.6145470391890372,0.3555180445070932,0.2519991711554949,0.2519991711554949,0.6207622559557228,0.2519991711554949,0.2519991711554949,0.5315896427030143
0.5607045849193056,0.5607045849193056,0.578358885798656,0.5862825763594841,0.9452826497473128,0.5614945920122724,0.7285773890344913,0.8242238937324199,0.7889745852797574,0.5609669043518175,0.7367627634514793,0.6115869868683289,0.7725907079639583,0.560851680499107,0.7669069528754721,0.7755926956413368,0.5607988333893954,0.5607045849193056,0.8232708036779143,0.5607045849193056,0.7310428507910418,0.8115130858685763,0.5607988333893954,0.7198971934893701,0.5607045849193056,0.8238908096100013,0.5607045849193056,0.7868269006468231,0.763050524761992,0.5607045849193056,0.5607045849193056,0.8297495884818593,0.5608644138347408,0.717581089263373,0.722364409824711,0.5607045849193056,0.823623624133094,0.7223552456637394,0.5607994701376969,0.611042121694963,0.5607045849193056,0.7780939740422224,0.815987976164741,0.7244277357345608,0.5629926164678705,0.7836359348122656,0.6105811216827627,0.5607045849193056,0.5607045849193056,0.7300727534268164,0.8209945358001977,0.780045514836514,0.5608278045447809,0.76291180136006,0.7814299891881525,0.5607045849193056,0.5607045849193056,0.7645890623641577,0.7247929556217781,0.6108622024572322,0.7848417542070889,0.5607045849193056,0.7210976683009092,0.6108158456387501,0.7875051020476235,0.5607045849193056,0.8276793786062774,0.5607045849193056,0.7375983646386938,0.7909424751118161,0.610885235434518,0.5607045849193056,0.7234958273163566,0.8321743670245398,0.5607045849193056,0.7759605116302782,0.5607045849193056,0.7546726822376993,0.5607045849193056,0.5607994701376969,0.7763536931509888,0.5607045849193056,0.5607045849193056,0.7630033102799715,0.5607045849193056,0.5607045849193056,0.5607045849193056,0.7769732570972496,0.5607045849193056,0.5607045849193056,0.6108118144246433,0.7911598825368668,0.5607045849193056,0.5607045849193056,0.7346089573088159,0.5607045849193056,0.5607045849193056,0.6104693402284032,0.7841814934676825,0.5607045849193056,0.560828441252979,0.5607045849193056,0.777667483722628,0.5607045849193056,0.5607045849193056,0.610405372467498,0.7152665893401932,0.5607045849193056,0.5608278045447809,0.7732076392105738,0.5607045849193056,0.5607045849193056,0.6108912814297366,0.5607045849193056,0.7463467774145399,0.5607045849193056,0.5607045849193056,0.7746187252805014,0.6113134715453604,0.5607045849193056,0.5607045849193056,0.778882501948135,0.5607045849193056,0.5607045849193056,0.7186789475885059
0.013183059683187958,0.013183059683187958,0.14639704403790615,0.17674338182878985,0.8409694767117409,0.03328418592902672,0.48748174673426864,0.6437012281687635,0.5873910099579676,0.02199458202897494,0.5014214164686711,0.2523430672406781,0.560851680499107,0.018643661649771968,0.5515661844887123,0.5657383769730976,0.016886118408638903,0.013183059683187958,0.6421875113998713,0.013183059683187958,0.49169750684794467,0.623483892774408,0.016886118408638903,0.4725125412583106,0.013183059683187958,0.6431722504004433,0.013183059683187958,0.5839291167988371,0.545239362076488,0.013183059683187958,0.013183059683187958,0.652472167029842,0.01904292881650072,0.46848288155644474,0.4767882019233421,0.013183059683187958,0.6427479020830907,0.4767723521010794,0.0169083809355754,0.2509188334747494,0.013183059683187958,0.5698012728957383,0.630609669193529,0.480350944991258,0.05369724506350681,0.5787767058246145,0.24970874440420615,0.013183059683187958,0.013183059683187958,0.49004052306803514,0.6385710509978059,0.5729659329970598,0.01787100894390487,0.5450113519260934,0.5752083144330427,0.013183059683187958,0.013183059683187958,0.5477661635812634,0.4809803657833656,0.25044711691808985,0.5807250015065927,0.013183059683187958,0.4745950957352001,0.2503254621758345,0.5850228260718467,0.013183059683187958,0.6491870370510129,0.013183059683187958,0.5028355814828972,0.5905590884426598,0.25050754502898515,0.013183059683187958,0.4787432594252265,0.6563188277715514,0.013183059683187958,0.5663363191199844,0.013183059683187958,0.5314133390472932,0.013183059683187958,0.0169083809355754,0.5669753087779126,0.013183059683187958,0.013183059683187958,0.5451617622221979,0.013183059683187958,0.013183059683187958,0.013183059683187958,0.5679818186488811,0.013183059683187958,0.013183059683187958,0.25031488077464825,0.5909088618583985,0.013183059683187958,0.013183059683187958,0.4977689731390563,0.013183059683187958,0.013183059683187958,0.24941461815054958,0.5796583841454783,0.013183059683187958,0.017892046046171853,0.013183059683187958,0.569109058175977,0.013183059683187958,0.013183059683187958,0.24924617695806128,0.46444014561535624,0.013183059683187958,0.01787100894390487,0.56185689368597,0.013183059683187958,0.013183059683187958,0.250523405050217,0.013183059683187958,0.5175505629010502,0.013183059683187958,0.013183059683187958,0.5641542067207946,0.25162892573430123,0.013183059683187958,0.013183059683187958,0.5710805131969076,0.013183059683187958,0.013183059683187958,0.4703949327272654
0.5514160824498849,0.5514160824498849,0.5694232215906249,0.5775003491715172,0.9426717644830017,0.5522222226655771,0.7222106428708723,0.8193497947100541,0.7835451886872685,0.551683762564778,0.7305236222615223,0.6032767706654856,0.7669069528754721,0.5515661844887123,0.761135172795226,0.7699554620878243,0.5515122573812391,0.5514160824498849,0.8183814587133762,0.5514160824498849,0.7247145905377919,0.8064369099554408,0.5515122573812391,0.7133945386113723,0.5514160824498849,0.8190113805809739,0.5514160824498849,0.7813640819439638,0.7572190416355047,0.5514160824498849,0.5514160824498849,0.8249642202885423,0.5515791780236932,0.7110420493614314,0.715900455052913,0.5514160824498849,0.8187399210727384,0.7158911472535724,0.5515129071431972,0.6027220071759519,0.5514160824498849,0.772495524740356,0.8109826502859215,0.7179961015558469,0.5537507471465348,0.7781235113721718,0.6022526238455678,0.5514160824498849,0.5514160824498849,0.7237293555340863,0.8160688446070681,0.7744773425151014,0.5515418206176184,0.7570781707020143,0.7758833062975403,0.5514160824498849,0.5514160824498849,0.7587813970799802,0.7183670383334095,0.6025388170274257,0.7793480687067814,0.5514160824498849,0.7146138511343524,0.6024916172538982,0.7820528341945016,0.5514160824498849,0.8228606972843223,0.5514160824498849,0.7313722246463018,0.7855437305658433,0.6025622688081984,0.5514160824498849,0.717049600270118,0.827428129972642,0.5514160824498849,0.770328979968572,0.5514160824498849,0.7487114830209742,0.5514160824498849,0.5515129071431972,0.7707282571010723,0.5514160824498849,0.5514160824498849,0.7571710962414208,0.5514160824498849,0.5514160824498849,0.5514160824498849,0.771357427426816,0.5514160824498849,0.5514160824498849,0.6024875127322138,0.7857645260839909,0.5514160824498849,0.5514160824498849,0.728336284703372,0.5514160824498849,0.5514160824498849,0.6021388084544866,0.7786775467813358,0.5514160824498849,0.5515424703376581,0.5514160824498849,0.7720624197379894,0.5514160824498849,0.5514160824498849,0.6020736765502336,0.7086911333437252,0.5514160824498849,0.5515418206176184,0.767533442594088,0.5514160824498849,0.5514160824498849,0.6025684247331553,0.5514160824498849,0.7402565302635029,0.5514160824498849,0.5514160824498849,0.7689663953140236,0.6029982878793702,0.5514160824498849,0.5514160824498849,0.7732962842718605,0.5514160824498849,0.5514160824498849,0.7121571614309234
0.5655928352336161,0.5655928352336161,0.5830645257724864,0.5909086498989584,0.9466522514311706,0.5663745037434269,0.7319398455227525,0.8267971983573486,0.7918420456795389,0.5658523840570598,0.7400579621474109,0.6159677233249421,0.7755926956413368,0.5657383769730976,0.7699554620878243,0.7785700893511481,0.5656860880472658,0.5655928352336161,0.8258521923607716,0.5655928352336161,0.734385026746904,0.8141935055607998,0.5656860880472658,0.723331236376202,0.5655928352336161,0.8264669404827619,0.5655928352336161,0.7897120456868549,0.7661305769913185,0.5655928352336161,0.5655928352336161,0.832275835926112,0.5657509758271033,0.7210342884162513,0.7257780735679575,0.5655928352336161,0.8262020212833442,0.7257689850533305,0.5656867180696437,0.6154280116323716,0.5655928352336161,0.7810508604294579,0.8186308490031279,0.7278243765828805,0.5678567609963919,0.7865473227738271,0.6149713760450539,0.5655928352336161,0.5655928352336161,0.7334229067844547,0.8235951951220534,0.7829863898207174,0.5657147531932919,0.7659929880420007,0.78435949866606,0.5655928352336161,0.5655928352336161,0.7676565318756147,0.7281865851512564,0.6152497952889051,0.7877432296631821,0.5655928352336161,0.7245217919257064,0.6152038773213638,0.7903846645750655,0.5655928352336161,0.8302232948523003,0.5655928352336161,0.7408867082808727,0.7937937145040092,0.6152726102318709,0.5655928352336161,0.726900154418201,0.8346798573931463,0.5655928352336161,0.7789348906544624,0.5655928352336161,0.7578212383264015,0.5655928352336161,0.5656867180696437,0.779324849242321,0.5655928352336161,0.5655928352336161,0.7660837486213121,0.5655928352336161,0.5655928352336161,0.5655928352336161,0.7799393338381828,0.5655928352336161,0.5655928352336161,0.6151998842718002,0.7940093288342936,0.5655928352336161,0.5655928352336161,0.7379218338481657,0.5655928352336161,0.5655928352336161,0.6148606534356922,0.7870883972597984,0.5655928352336161,0.5657153831764727,0.5655928352336161,0.7806278678870731,0.5655928352336161,0.5655928352336161,0.6147972917080492,0.7187389574256527,0.5655928352336161,0.5657147531932919,0.7762045741290722,0.5655928352336161,0.5655928352336161,0.6152785989961883,0.5655928352336161,0.7495634436643094,0.5655928352336161,0.5655928352336161,0.7776041003625338,0.6156967943181345,0.5655928352336161,0.5655928352336161,0.7818329201188573,0.5655928352336161,0.5655928352336161,0.7221230633158763
0.010552153094761417,0.010552153094761417,0.1461836641918749,0.17656672480021388,0.8409432273840363,0.03233252141637917,0.487419528364573,0.6436570810324318,0.5873411167194609,0.020525996130207627,0.5013611444739914,0.2522195572532789,0.5607988333893954,0.016886118408638903,0.5515122573812391,0.5656860880472658,0.014922997985441477,0.010552153094761417,0.642143217233065,0.010552153094761417,0.4916358867178057,0.6234377514414532,0.014922997985441477,0.4724481266560742,0.010552153094761417,0.6431280519228839,0.010552153094761417,0.5838788485646403,0.5451846838353633,0.010552153094761417,0.010552153094761417,0.652428865190175,0.0173259347059246,0.46841785544738374,0.4767244265089055,0.010552153094761417,0.6427036623887559,0.47670857433516867,0.014948184496416701,0.25079461643065315,0.010552153094761417,0.5697494429352511,0.630564238504355,0.4802876948104334,0.05311260917577824,0.5787258739951706,0.24958392034826957,0.010552153094761417,0.010552153094761417,0.4899786688224098,0.6385264041300428,0.572914457405064,0.016028968631792144,0.5449566463754433,0.5751570883155568,0.010552153094761417,0.010552153094761417,0.5477117868571412,0.48091720771115853,0.2503226639387593,0.5806743835746978,0.010552153094761417,0.4745309936865152,0.2502009482066511,0.5849726766242219,0.010552153094761417,0.6491434199058151,0.010552153094761417,0.5027755019926302,0.5905095358548783,0.2503831223226404,0.010552153094761417,0.4786797730510701,0.6562758932365118,0.010552153094761417,0.5662840980286032,0.010552153094761417,0.5313569731936331,0.010552153094761417,0.014948184496416701,0.5669231600671092,0.010552153094761417,0.010552153094761417,0.5451070746885838,0.010552153094761417,0.010552153094761417,0.010552153094761417,0.5679297837185048,0.010552153094761417,0.010552153094761417,0.25019036149785967,0.5908593467353634,0.010552153094761417,0.010552153094761417,0.49770819983283926,0.010552153094761417,0.010552153094761417,0.2492896456732593,0.579607649232165,0.010552153094761417,0.016052419950954484,0.010552153094761417,0.5690571503414266,0.010552153094761417,0.010552153094761417,0.2491211193263068,0.46437449688050897,0.010552153094761417,0.016028968631792144,0.5618041619568769,0.010552153094761417,0.010552153094761417,0.25039899028695517,0.010552153094761417,0.5174924360451519,0.010552153094761417,0.010552153094761417,0.5641017375894851,0.25150506220265095,0.010552153094761417,0.010552153094761417,0.571028826807188,0.010552153094761417,0.010552153094761417,0.47033019789200137
