0.0,0.127628469475634,0.15115919297309577,0.13384682045968388,0.5030939299650963,0.8408964152537145,0.0063290946226412514,0.017918456550590746,0.22822502810532605,0.5229721455256672,0.44916744302222683,0.2270874722069176,0.5005552386807575,0.0,0.4334333602996286,0.2262294248406414,0.5045094624171649,0.5136670424602923,0.2258518735107851,0.009529808260355852,0.44047507751033455,0.4966490137102467,0.227065840199142,0.42399526224730094,0.0,0.5682015584403843,0.5199201985306856,0.0,0.48723701045008017,0.0,0.0,0.5218545805971636,0.4806019336786366,0.0,0.4276387470145255,0.0,0.5685570639848744,0.0,0.4276443973344095,0.2258389605994292,0.5083956233459027,0.0,0.5046394170308048,0.22874172360303283,0.43073993086212375,0.5087670807319019,0.0,0.4973474217467085,0.0,0.564689948700859,0.0,0.5107630833128995,0.010906382879619479,0.48732701405436535,0.0,0.5127120044926643,0.0,0.4892812398676348,0.4312842970088001,0.0,0.5713820695281456,0.0,0.42541475364528775,0.22548118783105714,0.521205964722113,0.520099566483035,0.0,0.22453167468080754,0.4505577243932634,0.0,0.5795607927407078,0.4292598806136897,0.010892355357197162,0.5256207781673546,0.2254233203800781,0.5053501433621672,0.0,0.47543452979841744,0.0,0.0,0.5055660810004433,0.0,0.0,0.0,0.4871882256238853,0.0,0.0,0.5065553296666248,0.0,0.0,0.2253300208734215,0.5257441620118628,0.0,0.010906382879619479,0.0,0.44632160379870545,0.0,0.2244475835669912,0.5167796136735414,0.0,0.009529808260355852,0.0,0.507773749262007,0.0,0.0,0.47680795491546313,0.0,0.0,0.0,0.5015221863227634,0.0,0.0,0.22541174513499768,0.4634813630496651,0.010906382879619479,0.0,0.0,0.5033198331990562,0.22651421484025352,0.0,0.0,0.5090707118097899,0.0,0.0,0.42223005510442396
0.127628469475634,0.18048193856625902,0.19781517556133416,0.18492973405849303,0.5184868025851602,0.8476621064443977,0.12778528213811696,0.1288799979367098,0.26143195642176875,0.5377095287475852,0.46656049516408044,0.26044045573666674,0.5160346374442812,0.127628469475634,0.45148483069549633,0.2596933598561597,0.519854377647941,0.5287065447186684,0.25936484369657,0.12798371517439225,0.45822707605452045,0.5122628674655304,0.26042161258694496,0.4424610509158504,0.127628469475634,0.5815727907981854,0.5347557915891618,0.127628469475634,0.5031816401256921,0.127628469475634,0.127628469475634,0.5366278284217404,0.4967857958954693,0.127628469475634,0.44594278358376915,0.127628469475634,0.5819181508437733,0.127628469475634,0.4459481848486653,0.2593536102085427,0.5236099199474993,0.127628469475634,0.5199799397224897,0.26188269916051454,0.44890809379896657,0.523968971178294,0.127628469475634,0.5129371168851733,0.127628469475634,0.5781618454050372,0.127628469475634,0.525898542766457,0.12809355764865865,0.5032684336952606,0.127628469475634,0.5277829748492145,0.127628469475634,0.505153188058027,0.44942877754169985,0.127628469475634,0.5846628282640703,0.127628469475634,0.44381724859443156,0.25904243011939976,0.5360000795240794,0.5349293641441274,0.127628469475634,0.2582171508562328,0.46789442203915177,0.127628469475634,0.5926118440547423,0.44749268540475223,0.1280923642153369,0.5402736084469288,0.2589921099201746,0.5206666734280468,0.127628469475634,0.49180834082834896,0.127628469475634,0.127628469475634,0.5208753315974424,0.127628469475634,0.127628469475634,0.127628469475634,0.5031345956277155,0.127628469475634,0.127628469475634,0.5218312918292082,0.127628469475634,0.127628469475634,0.25891098539331137,0.5403930686467477,0.127628469475634,0.12809355764865865,0.127628469475634,0.46383090714479247,0.127628469475634,0.25814410291935175,0.5317171604432328,0.127628469475634,0.12798371517439225,0.127628469475634,0.5230088462083246,0.127628469475634,0.127628469475634,0.49313096227888686,0.127628469475634,0.127628469475634,0.127628469475634,0.5169685498677653,0.127628469475634,0.127628469475634,0.2589820447286549,0.48030743110081836,0.12809355764865865,0.127628469475634,0.127628469475634,0.5187050386037927,0.2599412494008675,0.127628469475634,0.127628469475634,0.5242624715364466,0.127628469475634,0.127628469475634,0.44077504959713165
0.15115919297309577,0.19781517556133416,0.21374347379784706,0.20188048162078442,0.5245403131768043,0.8503404777634985,0.15129160116172133,0.15221723852494057,0.27366247544522576,0.5435129925678074,0.4733687461500342,0.2727158896193606,0.5221210581337277,0.15115919297309577,0.4585386609370974,0.27200284525341717,0.5258896378988048,0.5346254160892123,0.271689359414935,0.15145921913655894,0.46516939020159864,0.5184003824979666,0.27269790310520203,0.4496686552977243,0.15115919297309577,0.5868511176673605,0.5405968005543412,0.15115919297309577,0.5094446160865771,0.15115919297309577,0.15115919297309577,0.5424450063958949,0.5031392981348388,0.15115919297309577,0.4530904243902779,0.15115919297309577,0.587192558478181,0.15115919297309577,0.45309573325726493,0.2716786405016709,0.5295954375205725,0.15115919297309577,0.526013528029196,0.27409290297249,0.45600529443665555,0.5299497615138624,0.15115919297309577,0.5190654554708943,0.15115919297309577,0.5834790441285574,0.15115919297309577,0.5318540123798567,0.15155203591906669,0.5095301937482503,0.15115919297309577,0.5337138512434112,0.15115919297309577,0.5113886255925467,0.45651718007498227,0.15115919297309577,0.5899061951457958,0.15115919297309577,0.4510014000146095,0.2713817310018237,0.5418252350163574,0.5407681583458267,0.15115919297309577,0.2705944516739158,0.47468158590013076,0.15115919297309577,0.5977663513140707,0.45461389089762805,0.15155102734689047,0.5460447254005852,0.2713337214247395,0.5266911283235086,0.15115919297309577,0.49823359139376744,0.15115919297309577,0.15115919297309577,0.5268970150305831,0.15115919297309577,0.15115919297309577,0.15115919297309577,0.509398230782586,0.15115919297309577,0.15115919297309577,0.5278402995409212,0.15115919297309577,0.15115919297309577,0.2712563237420563,0.5461626840494541,0.15115919297309577,0.15155203591906669,0.15115919297309577,0.470682624299932,0.15115919297309577,0.2705247779740082,0.5375971156991974,0.15115919297309577,0.15145921913655894,0.15115919297309577,0.5290022884975113,0.15115919297309577,0.15115919297309577,0.499537034293154,0.15115919297309577,0.15115919297309577,0.15115919297309577,0.5230424083518445,0.15115919297309577,0.15115919297309577,0.27132411850952115,0.48690304482078073,0.15155203591906669,0.15115919297309577,0.15115919297309577,0.5247556318809917,0.2722394164260263,0.15115919297309577,0.15115919297309577,0.5302394013219746,0.15115919297309577,0.15115919297309577,0.448011983361889
0.13384682045968388,0.18492973405849303,0.20188048162078442,0.18927279913123585,0.5199947388757508,0.8483284141110848,0.13399635197367304,0.1350406975009167,0.26451645936344553,0.5391547849758075,0.468258043365306,0.26353667397499986,0.5175508283632039,0.13384682045968388,0.4532442197740849,0.26279846280085867,0.5213577368249278,0.5301807223720912,0.2624738691530077,0.13418559514303716,0.4599583743793375,0.5137918763710994,0.2635180543071981,0.4442592009960229,0.13384682045968388,0.5828866154465003,0.5362104552069981,0.13384682045968388,0.5047421354024526,0.13384682045968388,0.13384682045968388,0.5380765207280628,0.49836902099480745,0.13384682045968388,0.44772581542569756,0.13384682045968388,0.5832309955850281,0.13384682045968388,0.4477311933984078,0.2624627699639885,0.5251008056654467,0.13384682045968388,0.5214828796003252,0.2649619046573417,0.45067841200008296,0.5254586716327229,0.13384682045968388,0.5144638234959011,0.13384682045968388,0.5794853897706297,0.13384682045968388,0.5273818949422092,0.1342903619697543,0.5048286237376345,0.13384682045968388,0.5292601617909662,0.13384682045968388,0.5067067706519474,0.4511968784741201,0.13384682045968388,0.5859679125431313,0.13384682045968388,0.4456094850836888,0.2621553145911922,0.5374507706850374,0.5363834727857463,0.13384682045968388,0.2613399557383309,0.4695866635832036,0.13384682045968388,0.5938947175604615,0.4492690537233653,0.13428922363956677,0.5417107609417792,0.2621055975213489,0.5221673228327022,0.13384682045968388,0.49340958743671304,0.13384682045968388,0.13384682045968388,0.5223752859935467,0.13384682045968388,0.13384682045968388,0.13384682045968388,0.5046952563853547,0.13384682045968388,0.13384682045968388,0.5233280675983396,0.13384682045968388,0.13384682045968388,0.2620254458174578,0.5418298449900164,0.13384682045968388,0.1342903619697543,0.13384682045968388,0.4655393954702165,0.13384682045968388,0.2612677888463461,0.5331815840692481,0.13384682045968388,0.13418559514303716,0.13384682045968388,0.5245017189490857,0.13384682045968388,0.13384682045968388,0.4947273911098967,0.13384682045968388,0.13384682045968388,0.13384682045968388,0.5184815897517033,0.13384682045968388,0.13384682045968388,0.2620956529967579,0.4819514925870431,0.1342903619697543,0.13384682045968388,0.13384682045968388,0.5202122432194012,0.26304339887962724,0.13384682045968388,0.13384682045968388,0.5257512040501036,0.13384682045968388,0.13384682045968388,0.44258059597604194
0.5030939299650963,0.5184868025851602,0.5245403131768043,0.5199947388757508,0.6998031885296064,0.9290070105954058,0.5031324431010016,0.5034025288748574,0.5505911477796891,0.7127746310624599,0.6656433593225304,0.5501421058677617,0.6981599552880211,0.5030939299650963,0.6560064370347852,0.5498046005588242,0.700720790727803,0.706680077427622,0.5496564224169728,0.5031812411922982,0.6602991074556155,0.695637768366814,0.5501335843891073,0.6503064522598199,0.5030939299650963,0.7428931600270189,0.7107714697334127,0.5030939299650963,0.6895924563876835,0.5030939299650963,0.5030939299650963,0.7120406400947782,0.6853588075385145,0.5030939299650963,0.6524994708858476,0.5030939299650963,0.7431327584422479,0.5030939299650963,0.652502879113563,0.5496513580194708,0.7032448904154338,0.5030939299650963,0.7008050807855583,0.5507957085867103,0.6543734421507124,0.703486530919054,0.5030939299650963,0.6960881600716374,0.5030939299650963,0.7405286152967199,0.5030939299650963,0.7047860787693396,0.5032082836007155,0.6896500471262892,0.5030939299650963,0.7060567609247935,0.5030939299650963,0.6909015539935539,0.6547030809191241,0.5030939299650963,0.7450381169105161,0.5030939299650963,0.6511597260168843,0.5495111343220095,0.711614893240511,0.7108890860700479,0.5030939299650963,0.5491398629200505,0.6665026611218547,0.5030939299650963,0.7505679699148786,0.6534782448556492,0.5032079896703744,0.7145163421862575,0.5494884710012286,0.7012662097775467,0.5030939299650963,0.682078306578228,0.5030939299650963,0.5030939299650963,0.7014063611139091,0.5030939299650963,0.5030939299650963,0.5030939299650963,0.6895612421613615,0.5030939299650963,0.5030939299650963,0.7020487044386816,0.5030939299650963,0.5030939299650963,0.5494519409526953,0.714597551150997,0.5030939299650963,0.5032082836007155,0.5030939299650963,0.663888268221491,0.5030939299650963,0.5491070436730566,0.7087144150494017,0.5030939299650963,0.5031812411922982,0.5030939299650963,0.7028404944843977,0.5030939299650963,0.5030939299650963,0.6829487691192969,0.5030939299650963,0.5030939299650963,0.5030939299650963,0.6987854650424219,0.5030939299650963,0.5030939299650963,0.5494839382168991,0.6745481220737974,0.5032082836007155,0.5030939299650963,0.5030939299650963,0.6999495625583708,0.5499165053415229,0.5030939299650963,0.5030939299650963,0.703684097263025,0.5030939299650963,0.5030939299650963,0.6492473747793168
0.8408964152537145,0.8476621064443977,0.8503404777634985,0.8483284141110848,0.9290070105954058,1.0,0.8409132568257953,0.8410313765142668,0.8619615798046618,0.9346335390053802,0.913907082425811,0.8617601352703824,0.9282893807670857,0.8408964152537145,0.9095916459284914,0.8616087499589349,0.9294072933805798,0.931998734948376,0.8615422920579971,0.8409345966011036,0.9115162788353455,0.9271859253394146,0.861756312787482,0.9070307617747266,0.8408964152537145,0.9473817303064718,0.9337693280059388,0.8408964152537145,0.9245318269231027,0.8408964152537145,0.8408964152537145,0.9343170868791751,0.9226657660138131,0.8408964152537145,0.9080167115896314,0.8408964152537145,0.9474810581131254,0.8408964152537145,0.9080182432430994,0.8615400207428479,0.9305066696084252,0.8408964152537145,0.9294440465839829,0.8620533591877901,0.9088585643029102,0.9306117833713736,0.8408964152537145,0.9273831435982433,0.8408964152537145,0.9463995359503139,0.8408964152537145,0.9311766812534832,0.8409464227648812,0.9245571706055302,0.8408964152537145,0.9317283611935253,0.8408964152537145,0.9251076394069805,0.9090065846038129,0.8408964152537145,0.9482696274679683,0.8408964152537145,0.9074144777107077,0.8614771340422893,0.9341334197207314,0.9338201199575701,0.8408964152537145,0.8613106449619545,0.9142909112055253,0.8408964152537145,0.9505446652404197,0.9084564882032488,0.8409462942223048,0.9353834769681201,0.8614669704501018,0.9296450646809791,0.8408964152537145,0.921215927270384,0.8408964152537145,0.8408964152537145,0.9297061437778088,0.8408964152537145,0.8408964152537145,0.8408964152537145,0.9245180901631919,0.8408964152537145,0.8408964152537145,0.9299859832447632,0.8408964152537145,0.8408964152537145,0.861450588373738,0.9354184095008508,0.8408964152537145,0.8409464227648812,0.8408964152537145,0.9131226088765233,0.8408964152537145,0.8612959289991762,0.9328800186664181,0.8408964152537145,0.8409345966011036,0.8408964152537145,0.9303307045914664,0.8408964152537145,0.8408964152537145,0.9216009545728286,0.8408964152537145,0.8408964152537145,0.8408964152537145,0.9285626733286162,0.8408964152537145,0.8408964152537145,0.8614649376884961,0.9178759888255227,0.8409464227648812,0.8408964152537145,0.8408964152537145,0.9290708847142509,0.8616589417764832,0.8408964152537145,0.8408964152537145,0.9306977073328012,0.8408964152537145,0.8408964152537145,0.90655433001858
0.0063290946226412514,0.12778528213811696,0.15129160116172133,0.13399635197367304,0.5031324431010016,0.8409132568257953,0.008950691375469493,0.019003381827184432,0.2283126507112001,0.5230089816686347,0.449211114551776,0.22717553594430578,0.5005939736599866,0.0063290946226412514,0.4334787444427968,0.2263178242291498,0.5045478526442306,0.5137046507555896,0.22594042139102727,0.01144004736156415,0.4405196817568911,0.49668809364192507,0.22715391236763766,0.42404172801574813,0.0063290946226412514,0.5682349189217775,0.5199572855321121,0.0063290946226412514,0.4872769401871824,0.0063290946226412514,0.0063290946226412514,0.5218915083333798,0.4806424790965849,0.0063290946226412514,0.4276847901417567,0.0063290946226412514,0.5685903987483089,0.0063290946226412514,0.4276904398112524,0.2259275135670531,0.5084336789880534,0.0063290946226412514,0.5046777960020623,0.22882914727666057,0.43078561933180204,0.5088051046083932,0.0063290946226412514,0.4973864396777244,0.0063290946226412514,0.5647235644298007,0.0063290946226412514,0.5108009371332471,0.012609782906146253,0.48736693553633503,0.0063290946226412514,0.5127496932902522,0.0063290946226412514,0.4893209827316744,0.4313299236966108,0.0063290946226412514,0.5714152007135384,0.0063290946226412514,0.4254610539772511,0.22556988198248645,0.5212429457582257,0.5201366386773534,0.0063290946226412514,0.22462074569121288,0.4506012496880784,0.0063290946226412514,0.5795933422257374,0.429305737770153,0.012597652284823728,0.5256573984467484,0.2255120374088332,0.5053884608578197,0.0063290946226412514,0.47547556470789526,0.0063290946226412514,0.0063290946226412514,0.5056043798458281,0.0063290946226412514,0.0063290946226412514,0.0063290946226412514,0.4872281598365951,0.0063290946226412514,0.0063290946226412514,0.5065935432358994,0.0063290946226412514,0.0063290946226412514,0.22541877481176237,0.5257807722766766,0.0063290946226412514,0.012609782906146253,0.0063290946226412514,0.44636557716142794,0.0063290946226412514,0.22453668810533997,0.5168169612439522,0.0063290946226412514,0.01144004736156415,0.0063290946226412514,0.5078118581680648,0.0063290946226412514,0.0063290946226412514,0.47684885884919853,0.0063290946226412514,0.0063290946226412514,0.0063290946226412514,0.5015608365900721,0.0063290946226412514,0.0063290946226412514,0.2255004667413129,0.4635235657545139,0.012609782906146253,0.0063290946226412514,0.0063290946226412514,0.5033583266825206,0.22660250254501524,0.0063290946226412514,0.0063290946226412514,0.5091087097485132,0.0063290946226412514,0.0063290946226412514,0.4222767280033515
0.017918456550590746,0.1288799979367098,0.15221723852494057,0.1350406975009167,0.5034025288748574,0.8410313765142668,0.019003381827184432,0.02534052361820698,0.22892639870076928,0.5232673123736341,0.44951735260950726,0.22779236435583275,0.5008656143999054,0.017918456550590746,0.4337969830910357,0.22693699639698442,0.5048170769062723,0.5139683940624481,0.22656063040786262,0.02029503201976022,0.4408324556691161,0.49696215222367146,0.22777079965220673,0.4243675452198355,0.017918456550590746,0.5684688837734165,0.5202173747155782,0.017918456550590746,0.48755695505537494,0.017918456550590746,0.017918456550590746,0.5221504810950303,0.48092680911646396,0.017918456550590746,0.42800764610712055,0.017918456550590746,0.5688241832927216,0.017918456550590746,0.42801329121961074,0.22654775810643235,0.5087005579998941,0.017918456550590746,0.5049469413678859,0.22944150607541205,0.4311059903319973,0.5090717609590815,0.017918456550590746,0.49766006368718557,0.017918456550590746,0.564959318797885,0.017918456550590746,0.51106640147101,0.020976659981460585,0.48764689254549287,0.017918456550590746,0.5130140008876511,0.017918456550590746,0.4895996878277395,0.4316498618071645,0.017918456550590746,0.5716475579764959,0.017918456550590746,0.4257857120578656,0.22619111232732075,0.5215022921439182,0.5203966240658748,0.017918456550590746,0.225244607353481,0.45090646300116505,0.017918456550590746,0.5798216211340429,0.42962729070760314,0.020969370093467596,0.5259142159658303,0.22613342749152354,0.5056571753171256,0.017918456550590746,0.4757633253556869,0.017918456550590746,0.017918456550590746,0.5058729635778771,0.017918456550590746,0.017918456550590746,0.017918456550590746,0.487508206073667,0.017918456550590746,0.017918456550590746,0.506861529231794,0.017918456550590746,0.017918456550590746,0.226040422609805,0.5260375195940148,0.017918456550590746,0.020976659981460585,0.017918456550590746,0.4466739302994665,0.017918456550590746,0.22516078386242194,0.5170788769537041,0.017918456550590746,0.02029503201976022,0.017918456550590746,0.5080791105321181,0.017918456550590746,0.017918456550590746,0.47713570155468327,0.017918456550590746,0.017918456550590746,0.017918456550590746,0.5018318835608039,0.017918456550590746,0.017918456550590746,0.2261218887861336,0.463819510614679,0.020976659981460585,0.017918456550590746,0.017918456550590746,0.5036282747057591,0.2272208948662386,0.017918456550590746,0.017918456550590746,0.5093751842883608,0.017918456550590746,0.017918456550590746,0.42260399644269303
0.22822502810532605,0.26143195642176875,0.27366247544522576,0.26451645936344553,0.5505911477796891,0.8619615798046618,0.2283126507112001,0.22892639870076928,0.32253979404899585,0.568532596204442,0.5024869364432464,0.32173914664502556,0.5483070761355356,0.22822502810532605,0.4886396657423021,0.3211365462382367,0.5518654514657353,0.5601218782388333,0.32087175626356895,0.22842363539305838,0.49482505534465504,0.5447960252911049,0.3217239406581539,0.4803811380524958,0.22822502810532605,0.6096819964867259,0.5657717069382119,0.22822502810532605,0.5363536710607404,0.22822502810532605,0.22822502810532605,0.5675213563339916,0.5304176330194713,0.22822502810532605,0.483564826825294,0.22822502810532605,0.6100069891755585,0.22822502810532605,0.4835697684753925,0.3208627039052633,0.5553665774839182,0.22822502810532605,0.551982466839321,0.3229041157906371,0.4862790687951699,0.5557014355156612,0.22822502810532605,0.5454234728062053,0.22822502810532605,0.6064729705189427,0.22822502810532605,0.5575013756249512,0.22848512163164572,0.536434282006146,0.22822502810532605,0.5592598293751814,0.22822502810532605,0.538185148677026,0.48675592600494555,0.22822502810532605,0.6125902973914704,0.22822502810532605,0.4816208201724978,0.32061199715522903,0.5669345843579953,0.5659339080050246,0.22822502810532605,0.31994760172643094,0.5037150288165321,0.22822502810532605,0.6200768036590764,0.4849831865648917,0.22848445339239465,0.5709303994245489,0.32057146568926526,0.5526225062777936,0.22822502810532605,0.5258039014685831,0.22822502810532605,0.22822502810532605,0.5528169935033428,0.22822502810532605,0.22822502810532605,0.22822502810532605,0.5363099783449627,0.22822502810532605,0.22822502810532605,0.5537081292192503,0.22822502810532605,0.22822502810532605,0.32050612793918215,0.5710421381263977,0.22822502810532605,0.22848512163164572,0.22822502810532605,0.4999753246605343,0.22822502810532605,0.3198888293856444,0.5629329496331315,0.22822502810532605,0.22842363539305838,0.22822502810532605,0.5548060552476615,0.22822502810532605,0.22822502810532605,0.5270293597807734,0.22822502810532605,0.22822502810532605,0.22822502810532605,0.5491768401692729,0.22822502810532605,0.22822502810532605,0.3205633587939105,0.5151641148633818,0.22848512163164572,0.22822502810532605,0.22822502810532605,0.5507944770081167,0.32133642582886945,0.22822502810532605,0.22822502810532605,0.5559751763012372,0.22822502810532605,0.22822502810532605,0.47884074628679946
0.5229721455256672,0.5377095287475852,0.5435129925678074,0.5391547849758075,0.7127746310624599,0.9346335390053802,0.5230089816686347,0.5232673123736341,0.568532596204442,0.7253576682444489,0.6796578889628028,0.5681007563024874,0.7111808512898145,0.5229721455256672,0.6703221445874135,0.56777619272148,0.7136646441538305,0.7194451919725329,0.5676336999019637,0.5230556552004304,0.674480221107544,0.7087346914244371,0.5680925614500851,0.6648020254169694,0.5229721455256672,0.7545839852462388,0.7234142775032181,0.5229721455256672,0.7028722381082907,0.5229721455256672,0.5229721455256672,0.7246455700356151,0.698767217529055,0.5229721455256672,0.6669256833658815,0.5229721455256672,0.754816518577216,0.5229721455256672,0.6669289839549407,0.5676288298526987,0.7161129473738429,0.5229721455256672,0.7137464008343337,0.5687293269212039,0.668740543186459,0.716347338729735,0.5229721455256672,0.709171495831939,0.5229721455256672,0.7522891801195476,0.5229721455256672,0.7176079212496473,0.5230815203755312,0.702928082432616,0.5229721455256672,0.718840536792082,0.5229721455256672,0.7041416593572216,0.6690597988982325,0.5229721455256672,0.7566657025788458,0.5229721455256672,0.6656282878557037,0.56749398825686,0.7242325262354894,0.7235283824289843,0.5229721455256672,0.5671369760692071,0.6804905034698843,0.5229721455256672,0.7620325926371851,0.6678735654498315,0.5230812392403099,0.7270474660166579,0.5674721949798636,0.7141936731282394,0.5229721455256672,0.6955867303924309,0.5229721455256672,0.5229721455256672,0.7143296139039397,0.5229721455256672,0.5229721455256672,0.5229721455256672,0.702841970476464,0.5229721455256672,0.5229721455256672,0.7149526647673822,0.5229721455256672,0.5229721455256672,0.5674370674203463,0.7271262557056232,0.5229721455256672,0.5230815203755312,0.5229721455256672,0.6779573886339355,0.5229721455256672,0.5671054179207531,0.7214186764825676,0.5229721455256672,0.5230556552004304,0.5229721455256672,0.7157206859473858,0.5229721455256672,0.5229721455256672,0.6964306245827148,0.5229721455256672,0.5229721455256672,0.5229721455256672,0.7117875289733242,0.5229721455256672,0.5229721455256672,0.567467836214732,0.6882873407211368,0.5230815203755312,0.5229721455256672,0.5229721455256672,0.712916602881481,0.5678838052968326,0.5229721455256672,0.5229721455256672,0.7165389790434875,0.5229721455256672,0.5229721455256672,0.6637765172212731
0.44916744302222683,0.46656049516408044,0.4733687461500342,0.468258043365306,0.6656433593225304,0.913907082425811,0.449211114551776,0.44951735260950726,0.5024869364432464,0.6796578889628028,0.6286536892609162,0.5019873021633247,0.6638669186147117,0.44916744302222683,0.6181913752712623,0.5016117218529952,0.6666352357353548,0.6730750363338548,0.5014468139211992,0.4492664474320653,0.6228533888908789,0.6611397670146841,0.5019778198705918,0.6119965760209377,0.44916744302222683,0.7121527472944292,0.677494564261085,0.44916744302222683,0.6546005793846432,0.44916744302222683,0.44916744302222683,0.678865248106449,0.6500187503287757,0.44916744302222683,0.6143805770673153,0.44916744302222683,0.7124110593767312,0.44916744302222683,0.6143842815085233,0.5014411775926045,0.6693632464581536,0.44916744302222683,0.6667263446268558,0.5027145198781303,0.6164171414709287,0.6696243778572024,0.44916744302222683,0.661626805288504,0.44916744302222683,0.7096033955816463,0.44916744302222683,0.6710286594091397,0.4492971106638964,0.6546628930150596,0.44916744302222683,0.6724016061165256,0.44916744302222683,0.6560169461496237,0.6167753241740689,0.44916744302222683,0.7144651548362815,0.44916744302222683,0.6129242500395713,0.5012851144019693,0.6784054624495044,0.6776215934097921,0.44916744302222683,0.5008718692653806,0.6295859418874217,0.44916744302222683,0.7204259459105102,0.6154443421371949,0.44929677738010165,0.6815386063550573,0.5012598903737039,0.6672247660759655,0.44916744302222683,0.6464670759010773,0.44916744302222683,0.44916744302222683,0.6673762478636888,0.44916744302222683,0.44916744302222683,0.44916744302222683,0.6545668051990088,0.44916744302222683,0.44916744302222683,0.668070498056484,0.44916744302222683,0.44916744302222683,0.5012192324263254,0.6816262910022397,0.44916744302222683,0.4492971106638964,0.44916744302222683,0.6267492781298011,0.44916744302222683,0.500835337195192,0.6752727033641008,0.44916744302222683,0.4492664474320653,0.44916744302222683,0.6689262199781828,0.44916744302222683,0.44916744302222683,0.647409613425036,0.44916744302222683,0.44916744302222683,0.44916744302222683,0.6645431650490984,0.44916744302222683,0.44916744302222683,0.5012548454113421,0.6383095964558232,0.4492971106638964,0.44916744302222683,0.44916744302222683,0.665801586688723,0.5017362556392089,0.44916744302222683,0.44916744302222683,0.6698378761779921,0.44916744302222683,0.44916744302222683,0.6108449895173756
0.2270874722069176,0.26044045573666674,0.2727158896193606,0.26353667397499986,0.5501421058677617,0.8617601352703824,0.22717553594430578,0.22779236435583275,0.32173914664502556,0.5681007563024874,0.5019873021633247,0.32093645847425206,0.5478557862068579,0.2270874722069176,0.48812401221993396,0.32033231557998054,0.5514176578133217,0.5596820722203752,0.3200668460365976,0.22728707888731636,0.4943166487011897,0.5443412526810245,0.32092121363340137,0.4798555666145552,0.2270874722069176,0.6092869668847509,0.5653372704674373,0.2270874722069176,0.5358903855250298,0.2270874722069176,0.2270874722069176,0.5670885674257381,0.5299482393844752,0.2270874722069176,0.48304311245135084,0.2270874722069176,0.6096122376825863,0.2270874722069176,0.48304806005505874,0.3200577704266436,0.5549221919040268,0.2270874722069176,0.5515347875997059,0.32210439374978517,0.4857606091937978,0.5552573742622429,0.2270874722069176,0.5449693250090806,0.2270874722069176,0.606075185230519,0.2270874722069176,0.5570590528862692,0.2273488741729096,0.5359710787084846,0.2270874722069176,0.5588191973109322,0.2270874722069176,0.5377237269809857,0.48623803508355856,0.2270874722069176,0.6121977502817333,0.2270874722069176,0.4810967557264052,0.31980641921064584,0.5665012437068121,0.5654996245711919,0.2270874722069176,0.3191403111395844,0.5032167803268398,0.2270874722069176,0.6196905838802704,0.4844631768219109,0.2273482025757966,0.5705008004189417,0.3197657834625974,0.552175452217287,0.2270874722069176,0.5253296873640891,0.2270874722069176,0.2270874722069176,0.5523701292056051,0.2270874722069176,0.2270874722069176,0.2270874722069176,0.5358466482267789,0.2270874722069176,0.2270874722069176,0.5532621331698995,0.2270874722069176,0.2270874722069176,0.319700277553162,0.5706126432298262,0.2270874722069176,0.2273488741729096,0.2270874722069176,0.4994728390056489,0.2270874722069176,0.3190813869656062,0.5624958247604044,0.2270874722069176,0.22728707888731636,0.2270874722069176,0.5543611261413618,0.2270874722069176,0.2270874722069176,0.5265564324114395,0.2270874722069176,0.2270874722069176,0.2270874722069176,0.5487264078937475,0.2270874722069176,0.2270874722069176,0.3197576557061991,0.5146785283529297,0.2273488741729096,0.2270874722069176,0.2270874722069176,0.5503456345528276,0.32053270742935064,0.2270874722069176,0.2270874722069176,0.5555313799696765,0.2270874722069176,0.2270874722069176,0.4783132931282149
0.5005552386807575,0.5160346374442812,0.5221210581337277,0.5175508283632039,0.6981599552880211,0.9282893807670857,0.5005939736599866,0.5008656143999054,0.5483070761355356,0.7111808512898145,0.6638669186147117,0.5478557862068579,0.6965104198599843,0.5005552386807575,0.6541914201567912,0.5475165894762766,0.6990810727981811,0.7050631243132508,0.547367668248571,0.5006430527980147,0.658501336524644,0.6939785418086087,0.5478472220413381,0.6484683717838889,0.5005552386807575,0.7414127020526634,0.7091700846756885,0.5005552386807575,0.6879099084157846,0.5005552386807575,0.5005552386807575,0.7104440748666646,0.68365984384744,0.5005552386807575,0.6506702866098607,0.5005552386807575,0.7416531963495921,0.5005552386807575,0.6506737086410583,0.5473625784488196,0.701614828193266,0.5005552386807575,0.6991656856306361,0.5485126601284145,0.6525518372261856,0.7018573920103983,0.5005552386807575,0.6944306657019852,0.5005552386807575,0.7390393128572531,0.5005552386807575,0.7031619023572327,0.5006702509346871,0.6879677219728102,0.5005552386807575,0.7044374318024044,0.5005552386807575,0.6892240677751088,0.6528828071086272,0.5005552386807575,0.7435656771816489,0.5005552386807575,0.6493251103572345,0.5472216512730069,0.7100167116702495,0.7092881478580112,0.5005552386807575,0.5468485159819414,0.6647296360864569,0.5005552386807575,0.7491161844105882,0.6516530218413141,0.5006699553117725,0.7129291664921257,0.5471988742292782,0.6996285800299172,0.5005552386807575,0.6803665727667657,0.5005552386807575,0.5005552386807575,0.6997692677914715,0.5005552386807575,0.5005552386807575,0.5005552386807575,0.6878785734163521,0.5005552386807575,0.5005552386807575,0.7004140688576492,0.5005552386807575,0.5005552386807575,0.5471621608609201,0.7130106831888279,0.5005552386807575,0.5006702509346871,0.5005552386807575,0.6621048392267612,0.5005552386807575,0.5468155318831234,0.7071052086849001,0.5005552386807575,0.5006430527980147,0.5005552386807575,0.7012088866474375,0.5005552386807575,0.5005552386807575,0.6812404281834636,0.5005552386807575,0.5005552386807575,0.5005552386807575,0.6971383296614089,0.5005552386807575,0.5005552386807575,0.5471943186989232,0.6728068984726374,0.5006702509346871,0.5005552386807575,0.5005552386807575,0.6983068902581481,0.54762905524441,0.5005552386807575,0.5005552386807575,0.7020557131242746,0.5005552386807575,0.5005552386807575,0.6474049876637956
0.0,0.127628469475634,0.15115919297309577,0.13384682045968388,0.5030939299650963,0.8408964152537145,0.0063290946226412514,0.017918456550590746,0.22822502810532605,0.5229721455256672,0.44916744302222683,0.2270874722069176,0.5005552386807575,0.0,0.4334333602996286,0.2262294248406414,0.5045094624171649,0.5136670424602923,0.2258518735107851,0.009529808260355852,0.44047507751033455,0.4966490137102467,0.227065840199142,0.42399526224730094,0.0,0.5682015584403843,0.5199201985306856,0.0,0.48723701045008017,0.0,0.0,0.5218545805971636,0.4806019336786366,0.0,0.4276387470145255,0.0,0.5685570639848744,0.0,0.4276443973344095,0.2258389605994292,0.5083956233459027,0.0,0.5046394170308048,0.22874172360303283,0.43073993086212375,0.5087670807319019,0.0,0.4973474217467085,0.0,0.564689948700859,0.0,0.5107630833128995,0.010906382879619479,0.48732701405436535,0.0,0.5127120044926643,0.0,0.4892812398676348,0.4312842970088001,0.0,0.5713820695281456,0.0,0.42541475364528775,0.22548118783105714,0.521205964722113,0.520099566483035,0.0,0.22453167468080754,0.4505577243932634,0.0,0.5795607927407078,0.4292598806136897,0.010892355357197162,0.5256207781673546,0.2254233203800781,0.5053501433621672,0.0,0.47543452979841744,0.0,0.0,0.5055660810004433,0.0,0.0,0.0,0.4871882256238853,0.0,0.0,0.5065553296666248,0.0,0.0,0.2253300208734215,0.5257441620118628,0.0,0.010906382879619479,0.0,0.44632160379870545,0.0,0.2244475835669912,0.5167796136735414,0.0,0.009529808260355852,0.0,0.507773749262007,0.0,0.0,0.47680795491546313,0.0,0.0,0.0,0.5015221863227634,0.0,0.0,0.22541174513499768,0.4634813630496651,0.010906382879619479,0.0,0.0,0.5033198331990562,0.22651421484025352,0.0,0.0,0.5090707118097899,0.0,0.0,0.42223005510442396
0.4334333602996286,0.45148483069549633,0.4585386609370974,0.4532442197740849,0.6560064370347852,0.9095916459284914,0.4334787444427968,0.4337969830910357,0.4886396657423021,0.6703221445874135,0.6181913752712623,0.48812401221993396,0.6541914201567912,0.4334333602996286,0.6074858733127447,0.48773637198522923,0.6570198114657789,0.6635984974184598,0.4875661639236554,0.4335362467967792,0.6122568501818175,0.6514048603077309,0.4881142256410628,0.6011447267180526,0.4334333602996286,0.7034975261964156,0.6681126763204766,0.4334333602996286,0.6447222647295745,0.4334333602996286,0.4334333602996286,0.669512610727268,0.6400391095454764,0.4334333602996286,0.6035852634415843,0.4334333602996286,0.7037611681367998,0.4334333602996286,0.6035890555202286,0.48756034639072837,0.6598068007450214,0.4334333602996286,0.6571128936010632,0.488874536858033,0.6056699096220272,0.660073566439673,0.4334333602996286,0.6519025250629562,0.4334333602996286,0.7008955157378971,0.4334333602996286,0.6615081142226582,0.433568112046631,0.6447859515155772,0.4334333602996286,0.6629105982541725,0.4334333602996286,0.6461698110164352,0.6060365285735755,0.4334333602996286,0.7058576099363241,0.4334333602996286,0.6020944326779416,0.4873992644736086,0.6690430186003132,0.6682424183347074,0.4334333602996286,0.4869727170490748,0.6191450666218121,0.4334333602996286,0.7119409369790136,0.604674167650767,0.4335677656987293,0.6722428807907987,0.4873732290305598,0.6576221055836421,0.4334333602996286,0.6364083887735936,0.4334333602996286,0.4334333602996286,0.6577768654204912,0.4334333602996286,0.4334333602996286,0.4334333602996286,0.644687746235151,0.4334333602996286,0.4334333602996286,0.6584861305450945,0.4334333602996286,0.4334333602996286,0.48733126303677377,0.6723324290747729,0.4334333602996286,0.433568112046631,0.4334333602996286,0.6162430544804325,0.4334333602996286,0.4869350081067507,0.6658432962037758,0.4334333602996286,0.4335362467967792,0.4334333602996286,0.6593603404061235,0.4334333602996286,0.4334333602996286,0.6373719471933121,0.4334333602996286,0.4334333602996286,0.4334333602996286,0.6548823627642525,0.4334333602996286,0.4334333602996286,0.4873680217717485,0.6280676091622274,0.433568112046631,0.4334333602996286,0.4334333602996286,0.6561680957912917,0.48786490628870444,0.4334333602996286,0.4334333602996286,0.6602916698564852,0.4334333602996286,0.4334333602996286,0.5999657322659767
0.2262294248406414,0.2596933598561597,0.27200284525341717,0.26279846280085867,0.5498046005588242,0.8616087499589349,0.2263178242291498,0.22693699639698442,0.3211365462382367,0.56777619272148,0.5016117218529952,0.32033231557998054,0.5475165894762766,0.2262294248406414,0.48773637198522923,0.3197270067819105,0.5510810916870762,0.5593515156812924,0.3194610235706619,0.22642979194073723,0.49393446445977895,0.5439994354884815,0.3203170413713433,0.4794604587389103,0.2262294248406414,0.6089900904468283,0.5650107535196439,0.2262294248406414,0.5355421626139177,0.2262294248406414,0.2262294248406414,0.5667632899242941,0.5295954199882871,0.2262294248406414,0.48265090882689465,0.2262294248406414,0.6093155703935051,0.2262294248406414,0.48265586091339385,0.31945193038530595,0.5545881899344512,0.2262294248406414,0.5511983075563874,0.3215024927498386,0.48537085621859616,0.5549236163043215,0.2262294248406414,0.5446279779487752,0.2262294248406414,0.6057762363827898,0.2262294248406414,0.556726602912209,0.22649182237099416,0.535622917681528,0.2262294248406414,0.5584880193075428,0.2262294248406414,0.5373769065976496,0.48584871028153015,0.2262294248406414,0.61190274075816,0.2262294248406414,0.4807027825840897,0.31920009202916705,0.5661755511362269,0.5651732227524835,0.2262294248406414,0.31853268937765694,0.5028422431989207,0.2262294248406414,0.6194003325436429,0.4840722566935063,0.2264911482189893,0.57017792259984,0.3191593774556947,0.5518394425502022,0.2262294248406414,0.5249732402591706,0.2262294248406414,0.2262294248406414,0.5520342623128945,0.2262294248406414,0.2262294248406414,0.2262294248406414,0.5354983917673224,0.2262294248406414,0.2262294248406414,0.5529269195297065,0.2262294248406414,0.2262294248406414,0.31909374443658056,0.5702898437281326,0.2262294248406414,0.22649182237099416,0.2262294248406414,0.4990951122159808,0.2262294248406414,0.318473650431718,0.5621672853122928,0.2262294248406414,0.22642979194073723,0.2262294248406414,0.5540267152402786,0.2262294248406414,0.2262294248406414,0.526200953673174,0.2262294248406414,0.2262294248406414,0.2262294248406414,0.5483878564709086,0.2262294248406414,0.2262294248406414,0.3191512339306977,0.5143135221008467,0.22649182237099416,0.2262294248406414,0.2262294248406414,0.5500082793145629,0.3199277858301937,0.2262294248406414,0.2262294248406414,0.5551978213289523,0.2262294248406414,0.2262294248406414,0.47791676832996893
0.5045094624171649,0.519854377647941,0.5258896378988048,0.5213577368249278,0.700720790727803,0.9294072933805798,0.5045478526442306,0.5048170769062723,0.5518654514657353,0.7136646441538305,0.6666352357353548,0.5514176578133217,0.6990810727981811,0.5045094624171649,0.6570198114657789,0.5510810916870762,0.7016364320566052,0.7075830194144775,0.5509333261485962,0.5045964950255991,0.6613028715916954,0.6965642912680198,0.5514091600372382,0.6513326771873426,0.5045094624171649,0.7437199255041036,0.7116657261558704,0.5045094624171649,0.6905319859546927,0.5045094624171649,0.5045094624171649,0.7129322073377672,0.6863074913037316,0.5045094624171649,0.6535207392886649,0.5045094624171649,0.7439590237603858,0.5045094624171649,0.6535241398255348,0.5509282758558172,0.7041551455112248,0.5045094624171649,0.7017205420660597,0.552069444119109,0.6553904874842477,0.7043962709484397,0.5045094624171649,0.6970137168376616,0.5045094624171649,0.7413603184033364,0.5045094624171649,0.7056930504458357,0.5046234511548263,0.6905894524328692,0.5045094624171649,0.7069610284426073,0.5045094624171649,0.691838260703259,0.655719384559903,0.5045094624171649,0.745860405828498,0.5045094624171649,0.6521840205537434,0.5507884427669519,0.7125073623146289,0.7117830931820743,0.5045094624171649,0.5504182062842438,0.6674926337686898,0.5045094624171649,0.7513787268450667,0.6544973061455046,0.5046231581622339,0.715402670421485,0.5507658425909843,0.7021806862830023,0.5045094624171649,0.6830341109605437,0.5045094624171649,0.5045094624171649,0.70232053839006,0.5045094624171649,0.5045094624171649,0.5045094624171649,0.6905008390805374,0.5045094624171649,0.5045094624171649,0.7029615107231094,0.5045094624171649,0.5045094624171649,0.5507294143308936,0.7154837076787908,0.5045094624171649,0.5046234511548263,0.5045094624171649,0.6648840395118265,0.5045094624171649,0.5503854785699906,0.7096130351457755,0.5045094624171649,0.5045964950255991,0.5045094624171649,0.7037516117886348,0.5045094624171649,0.5045094624171649,0.6839026816878945,0.5045094624171649,0.5045094624171649,0.5045094624171649,0.699705243839437,0.5045094624171649,0.5045094624171649,0.5507613224364077,0.6755203678573581,0.5046234511548263,0.5045094624171649,0.5045094624171649,0.7008668518615805,0.551192684977177,0.5045094624171649,0.5045094624171649,0.7045934162453271,0.5045094624171649,0.5045094624171649,0.6502759990502647
