0.0,0.0,0.12192848788987184,0.14587900479728427,0.12908395613068668,0.5356571111832289,0.8408964152537145,0.006098532046585885,0.021166214147577595,0.554485320309925,0.0,0.43205980285358625,0.21882859472901625,0.4813847895907958,0.009167174978507659,0.4170270337257764,0.21783236796737812,0.4849041446008249,0.4932869365841172,0.21770678744062447,0.0,0.42403447055637966,0.5302167095666124,0.0,0.4078776726556713,0.49434693609427377,0.21668312683673757,0.0,0.49970999700555213,0.21630485319552836,0.4120892989877608,0.5012868504655585,0.0,0.4623539969386893,0.0,0.4117613654675704,0.0,0.5454727741784934,0.41150427532421596,0.009198092991592889,0.21749012389666977,0.4880490235616975,0.4849777214244205,0.2159424143898843,0.4168139852000986,0.0,0.488865619185297,0.216439132770889,0.42224537655573496,0.0,0.5415742570998738,0.0,0.4914212408993326,0.0,0.46828319543938063,0.49294048555601183,0.0,0.47092907304390236,0.0,0.41504482415992483,0.012986224012260426,0.5480759309536186,0.017486283946546905,0.40948228324635727,0.5516799422559749,0.0,0.0,0.4997822754502409,0.4878820352477684,0.0,0.0,0.5559087371519486,0.41280784738936427,0.0,0.5042863272112105,0.21735386377852767,0.48552005739166165,0.0,0.4571410018667661,0.0,0.0,0.4858038670683644,0.0,0.0,0.411567748739247,0.21695770682370702,0.0,0.0,0.4871371744196161,0.0,0.0,0.21699971751703886,0.5049839774775859,0.0,0.0,0.42928450793921086,0.0,0.0,0.0,0.21625217207899397,0.49635571541614365,0.010509074402536015,0.015415314858481511,0.4877666527642499,0.0,0.21607164320631803,0.0,0.40131287646512953,0.0,0.0,0.4821486402883648,0.0,0.0,0.21718079678868926,0.4458409073554355,0.0,0.010482023964701166,0.4837070669746653,0.0,0.21834441569547972,0.0,0.48922015405970815,0.009198092991592889,0.0,0.0
0.0,0.0,0.12192848788987184,0.14587900479728427,0.12908395613068668,0.5356571111832289,0.8408964152537145,0.006098532046585885,0.021166214147577595,0.554485320309925,0.0,0.43205980285358625,0.21882859472901625,0.4813847895907958,0.009167174978507659,0.4170270337257764,0.21783236796737812,0.4849041446008249,0.4932869365841172,0.21770678744062447,0.0,0.42403447055637966,0.5302167095666124,0.0,0.4078776726556713,0.49434693609427377,0.21668312683673757,0.0,0.49970999700555213,0.21630485319552836,0.4120892989877608,0.5012868504655585,0.0,0.4623539969386893,0.0,0.4117613654675704,0.0,0.5454727741784934,0.41150427532421596,0.009198092991592889,0.21749012389666977,0.4880490235616975,0.4849777214244205,0.2159424143898843,0.4168139852000986,0.0,0.488865619185297,0.216439132770889,0.42224537655573496,0.0,0.5415742570998738,0.0,0.4914212408993326,0.0,0.46828319543938063,0.49294048555601183,0.0,0.47092907304390236,0.0,0.41504482415992483,0.012986224012260426,0.5480759309536186,0.017486283946546905,0.40948228324635727,0.5516799422559749,0.0,0.0,0.4997822754502409,0.4878820352477684,0.0,0.0,0.5559087371519486,0.41280784738936427,0.0,0.5042863272112105,0.21735386377852767,0.48552005739166165,0.0,0.4571410018667661,0.0,0.0,0.4858038670683644,0.0,0.0,0.411567748739247,0.21695770682370702,0.0,0.0,0.4871371744196161,0.0,0.0,0.21699971751703886,0.5049839774775859,0.0,0.0,0.42928450793921086,0.0,0.0,0.0,0.21625217207899397,0.49635571541614365,0.010509074402536015,0.015415314858481511,0.4877666527642499,0.0,0.21607164320631803,0.0,0.40131287646512953,0.0,0.0,0.4821486402883648,0.0,0.0,0.21718079678868926,0.4458409073554355,0.0,0.010482023964701166,0.4837070669746653,0.0,0.21834441569547972,0.0,0.48922015405970815,0.009198092991592889,0.0,0.0
0.12192848788987184,0.12192848788987184,0.17242339288011763,0.19010923630546864,0.1775537059319396,0.5487606749418882,0.8470778471418652,0.122080891756666,0.12375182333004657,0.5670682999160578,0.12192848788987184,0.448620406269906,0.25045990342504365,0.49615279120001976,0.12227258039474168,0.4342031047181054,0.24959067809420615,0.499555595792663,0.5076660549227422,0.24948117364742067,0.12192848788987184,0.44091906944006704,0.5434755514026104,0.12192848788987184,0.4254470493653892,0.5086921324535553,0.2485891178298938,0.12192848788987184,0.5138852771656268,0.24825973075768823,0.4294757854420387,0.5154127057519909,0.12192848788987184,0.4777766121112355,0.12192848788987184,0.42916197809575546,0.12192848788987184,0.5583018026480622,0.428915975841786,0.12227490204924281,0.24929228140416548,0.5025974480549458,0.4996267502271963,0.2479442617868124,0.43399904763249225,0.12192848788987184,0.5033874621860093,0.24837664077853644,0.43920361488730775,0.12192848788987184,0.5545114801939207,0.12192848788987184,0.5058603413835989,0.12192848788987184,0.48349727988730995,0.5073307155661306,0.12192848788987184,0.48605147130214776,0.12192848788987184,0.4323048539622144,0.12261802202176558,0.5608333159800475,0.1231758572071764,0.4269816018706119,0.564338915089374,0.12192848788987184,0.12192848788987184,0.5139552848732164,0.5024359040659886,0.12192848788987184,0.12192848788987184,0.5684533595924391,0.4301634481389383,0.12192848788987184,0.5183188219828804,0.2491735096476764,0.5001512485669553,0.12192848788987184,0.4727505777434188,0.12192848788987184,0.12192848788987184,0.5004257361383266,0.12192848788987184,0.12192848788987184,0.42897671065393544,0.24882829849209404,0.12192848788987184,0.12192848788987184,0.5017153636121878,0.12192848788987184,0.12192848788987184,0.24886489948122206,0.5189948790946366,0.12192848788987184,0.12192848788987184,0.44595600307035294,0.12192848788987184,0.12192848788987184,0.12192848788987184,0.24821386889353972,0.5106369357172645,0.12238049071614455,0.12289898864528924,0.5023242851088997,0.12192848788987184,0.24805672875422619,0.12192848788987184,0.41917384619666853,0.12192848788987184,0.12192848788987184,0.496891231254278,0.12192848788987184,0.12192848788987184,0.24902268059463836,0.46186799676253026,0.12192848788987184,0.12237817106566115,0.4983980114473634,0.12192848788987184,0.25003733148664026,0.12192848788987184,0.5037304780292748,0.12227490204924281,0.12192848788987184,0.12192848788987184
0.14587900479728427,0.14587900479728427,0.19010923630546864,0.2062807059796783,0.1947732628360494,0.5543008539523251,0.8497025162982625,0.14600639608224397,0.14740620431490165,0.572393444384142,0.14587900479728427,0.45556558514478457,0.2629284706775717,0.502374619298177,0.14616669262013945,0.4413938791578141,0.2621009493613638,0.5057299956094276,0.5137294509300957,0.2619967176641445,0.14587900479728427,0.4479937164676901,0.5490797061333386,0.14587900479728427,0.4327939989792649,0.5147416839872953,0.26114777391459953,0.14587900479728427,0.519865422634749,0.26083437755975714,0.43675018782493485,0.5213726442462361,0.14587900479728427,0.4842639388471126,0.14587900479728427,0.43644198860846983,0.14587900479728427,0.563728685605697,0.4362003877283611,0.14616863452919043,0.26181693075775736,0.5087298837609803,0.5058001637936299,0.2605342601391147,0.4411933991807197,0.14587900479728427,0.5095090649792366,0.2609456075114147,0.4463076320889919,0.14587900479728427,0.5599830413235695,0.14587900479728427,0.5119482081298637,0.14587900479728427,0.48990019535316603,0.5133986456946985,0.14587900479728427,0.4924172240148153,0.14587900479728427,0.43952901788981524,0.14645575291357713,0.5662305943553961,0.14692305444544035,0.43430077705190173,0.5696955017209396,0.14587900479728427,0.14587900479728427,0.5199345021491338,0.5085705582305768,0.14587900479728427,0.14587900479728427,0.573762627124306,0.43742558608601223,0.14587900479728427,0.5242405684097435,0.26170389074257544,0.5063173991062386,0.14587900479728427,0.4793134515861536,0.14587900479728427,0.14587900479728427,0.5065880905170594,0.14587900479728427,0.14587900479728427,0.4362600354880502,0.26137536742912904,0.14587900479728427,0.14587900479728427,0.5078599266210688,0.14587900479728427,0.14587900479728427,0.2614101970789585,0.524907788011403,0.14587900479728427,0.14587900479728427,0.4529455391745301,0.14587900479728427,0.14587900479728427,0.14587900479728427,0.2607907452322336,0.5166603662649828,0.1462569640912502,0.14669104116471585,0.5084604727791611,0.14587900479728427,0.26064125006204614,0.14587900479728427,0.4266361884801284,0.14587900479728427,0.14587900479728427,0.5031027229228732,0.14587900479728427,0.14587900479728427,0.26156034769300746,0.46859912019256594,0.14587900479728427,0.1462550233560377,0.504588487678463,0.14587900479728427,0.2625261398273296,0.14587900479728427,0.5098473856506331,0.14616863452919043,0.14587900479728427,0.14587900479728427
0.12908395613068668,0.12908395613068668,0.1775537059319396,0.1947732628360494,0.18253960896625673,0.5503187636442406,0.8478153676148728,0.1292279174515977,0.13080753984979715,0.5685656192186478,0.12908395613068668,0.4505768761684756,0.25401350013963475,0.49790385721887176,0.12940901476126565,0.43622947212753627,0.2531565745290178,0.5012932170648072,0.5093722199596227,0.25304862547187695,0.12908395613068668,0.4429123761361865,0.5450517294351892,0.12908395613068668,0.4275179087011586,0.5103943752791689,0.2521692896905215,0.12908395613068668,0.5155678603086958,0.25184462177511535,0.431525972877107,0.5170895662131821,0.12908395613068668,0.47960299165575193,0.12908395613068668,0.4312137632668053,0.12908395613068668,0.5598278674180385,0.43096901497965845,0.1294112083247637,0.25286241934011594,0.5043231758079761,0.501364091950682,0.25153368392390835,0.43602643372005634,0.12908395613068668,0.5051101200060515,0.25195985543023974,0.44120528130884373,0.12908395613068668,0.5560501719199114,0.12908395613068668,0.5075734396654388,0.12908395613068668,0.48529970510292647,0.5090381651925961,0.12908395613068668,0.4878433532668976,0.12908395613068668,0.4343407306281523,0.1297354465615929,0.5623510150657807,0.13026279064659194,0.42904454616100063,0.5658451169836511,0.12908395613068668,0.12908395613068668,0.5156376051384322,0.5041622605241166,0.12908395613068668,0.12908395613068668,0.5699461939613704,0.4322101416358303,0.12908395613068668,0.5199848676266784,0.2527453385750236,0.5018865316510649,0.12908395613068668,0.47459840380231705,0.12908395613068668,0.12908395613068668,0.5021599432604222,0.12908395613068668,0.12908395613068668,0.4310294400841981,0.2524050511641903,0.12908395613068668,0.12908395613068668,0.5034445282820083,0.12908395613068668,0.12908395613068668,0.2524411294875152,0.520658422469429,0.12908395613068668,0.12908395613068668,0.44792509108478035,0.12908395613068668,0.12908395613068668,0.12908395613068668,0.25179941793855054,0.5123317789505205,0.12951097613984305,0.13000102384664383,0.5040510761618078,0.12908395613068668,0.2516445342358387,0.12908395613068668,0.4212776015432634,0.12908395613068668,0.12908395613068668,0.4986393669175834,0.12908395613068668,0.12908395613068668,0.25259665917181057,0.4637636124169703,0.12908395613068668,0.12950878426707635,0.5001401896800716,0.12908395613068668,0.25359689735209157,0.12908395613068668,0.5054518053309889,0.1294112083247637,0.12908395613068668,0.12908395613068668
0.5356571111832289,0.5356571111832289,0.5487606749418882,0.5543008539523251,0.5503187636442406,0.7414361283527254,0.9382235682879194,0.5356903665389567,0.5360575367587689,0.753363599014535,0.5356571111832289,0.6787570459804548,0.5766036974011295,0.7078882480376234,0.5357322495913136,0.6701902927807171,0.5762473935777074,0.7100205959809416,0.7151256682879537,0.5762025757325713,0.5356571111832289,0.6741639454431905,0.7380145372418786,0.5356571111832289,0.6650555802770453,0.7157737512496191,0.5758380530720704,0.5356571111832289,0.7190612623450767,0.5757037150025122,0.6674115290928431,0.7200305329898827,0.5356571111832289,0.6964756948320444,0.5356571111832289,0.6672276134277211,0.5356571111832289,0.7476381956277403,0.667083484515177,0.535732757240988,0.5761253025163653,0.7119315659966198,0.7100652454935645,0.5755751850081433,0.6700700312971246,0.5356571111832289,0.7124286061502966,0.5757513798125896,0.6731461035237053,0.5356571111832289,0.7451705846125034,0.5356571111832289,0.7139863571208476,0.5356571111832289,0.7000093955595132,0.7149139706741567,0.5356571111832289,0.7015928226449423,0.5356571111832289,0.6690726468016065,0.5358078831388297,0.7492889679915481,0.5359304436663774,0.6659516297246626,0.7515783888991753,0.5356571111832289,0.5356571111832289,0.7191056646434025,0.711829967045694,0.5356571111832289,0.5356571111832289,0.7542704163226228,0.6678147911661335,0.5356571111832289,0.7218775614454317,0.5760767382127612,0.7103944454966128,0.5356571111832289,0.6933859342388747,0.5356571111832289,0.5356571111832289,0.7105667805279782,0.5356571111832289,0.5356571111832289,0.6671190642043598,0.5759356890844457,0.5356571111832289,0.5356571111832289,0.7113769551244734,0.5356571111832289,0.5356571111832289,0.5759506365106389,0.7223077751017877,0.5356571111832289,0.5356571111832289,0.6771636622116413,0.5356571111832289,0.5356571111832289,0.5356571111832289,0.5756850217190969,0.717003455156076,0.5357558547010691,0.535869548156894,0.711759774520438,0.5356571111832289,0.5756209920943057,0.5356571111832289,0.6614099028149704,0.5356571111832289,0.5356571111832289,0.7083504993085826,0.5356571111832289,0.5356571111832289,0.576015092334864,0.6867452476830784,0.5356571111832289,0.535755347077205,0.7092945596170981,0.5356571111832289,0.5764303595036986,0.5356571111832289,0.7126445091238114,0.535732757240988,0.5356571111832289,0.5356571111832289
0.8408964152537145,0.8408964152537145,0.8470778471418652,0.8497025162982625,0.8478153676148728,0.9382235682879194,1.0,0.8409120521665824,0.8410847163980422,0.9435355876361435,0.8408964152537145,0.9092175796866343,0.8603232403251299,0.9228856911837564,0.840931746273637,0.9051549101419873,0.8601529843622907,0.923875203693208,0.9262370229299686,0.8601315697762602,0.8408964152537145,0.9070413534749167,0.9366844494499543,0.8408964152537145,0.9027126111050272,0.9265361029438857,0.859957405336744,0.8408964152537145,0.9280505307004927,0.8598932245584423,0.9038338273015877,0.9284961545072309,0.8408964152537145,0.9175620982403143,0.8408964152537145,0.9037463373824807,0.8408964152537145,0.9409964269606357,0.9036777698308472,0.8409319849815987,0.8600946481662346,0.9247605056862314,0.923895904756057,0.8598318207985177,0.9050977667441995,0.8408964152537145,0.9249905372841046,0.8599159964272219,0.906558461745094,0.8408964152537145,0.9398958863295283,0.8408964152537145,0.9257108320883684,0.8408964152537145,0.9192152018298521,0.926139290434383,0.8408964152537145,0.9199546068578267,0.8408964152537145,0.9046237390188827,0.8409673115187946,0.9417306155757157,0.8410249462772872,0.9031391691269655,0.9427460654165217,0.8408964152537145,0.8408964152537145,0.9280709536266764,0.9247134734168111,0.8408964152537145,0.8408964152537145,0.9439358515896386,0.9040256393368739,0.8408964152537145,0.9293441890705446,0.8600714442381125,0.9240485096490573,0.8408964152537145,0.9161134254190474,0.8408964152537145,0.8408964152537145,0.9241283811200295,0.8408964152537145,0.8408964152537145,0.9036946967923499,0.8600040529535338,0.8408964152537145,0.8408964152537145,0.9245037154848629,0.8408964152537145,0.8408964152537145,0.8600111945023334,0.9295414974183743,0.8408964152537145,0.8408964152537145,0.9084631741126457,0.8408964152537145,0.8408964152537145,0.8408964152537145,0.8598842939199556,0.9271031130152187,0.8409428459788202,0.8409963093690908,0.9246809774663133,0.8408964152537145,0.8598537043743687,0.8408964152537145,0.900975654633286,0.8408964152537145,0.8408964152537145,0.9231003436760974,0.8408964152537145,0.8408964152537145,0.8600419903937333,0.9129902650176974,0.8408964152537145,0.8409426072801072,0.9235384810620368,0.8408964152537145,0.8602404106598326,0.8408964152537145,0.9250904273523892,0.8409319849815987,0.8408964152537145,0.8408964152537145
0.006098532046585885,0.006098532046585885,0.122080891756666,0.14600639608224397,0.1292279174515977,0.5356903665389567,0.8409120521665824,0.008624626817377232,0.022027271976987287,0.5545172322344217,0.006098532046585885,0.43210208449929555,0.2189134606757782,0.4814223667503282,0.011010412818791303,0.41707094369105574,0.21791762365777975,0.4849414177440114,0.4933235001995856,0.21779209251190348,0.006098532046585885,0.4240776085117029,0.5302503663712538,0.006098532046585885,0.4079226268968489,0.49438341141200065,0.21676883655194965,0.006098532046585885,0.4997460303060162,0.21639071340105798,0.41213376726516804,0.5013227552765454,0.006098532046585885,0.4623932857310929,0.006098532046585885,0.4118058712572455,0.006098532046585885,0.5455053205949179,0.41154881056062104,0.011036168199452936,0.21757551429764468,0.4880860281446627,0.485014988251218,0.21602841927713343,0.416857919005937,0.006098532046585885,0.4889025545054207,0.21652493949557983,0.4222887094072197,0.006098532046585885,0.5416070827842189,0.006098532046585885,0.4914579606902427,0.006098532046585885,0.4683219382155851,0.49297707809868074,0.006098532046585885,0.47096757597786165,0.006098532046585885,0.4150889567991393,0.014346919772453436,0.5481082925358248,0.01851923912329801,0.40952705125792455,0.5517120500576849,0.006098532046585885,0.006098532046585885,0.4998183028466645,0.4879190540182745,0.006098532046585885,0.006098532046585885,0.5559405502382163,0.41285223366258655,0.006098532046585885,0.5043219894155552,0.2174393079300115,0.4855572777096511,0.006098532046585885,0.45718078081743907,0.006098532046585885,0.006098532046585885,0.4858410630824432,0.006098532046585885,0.006098532046585885,0.41161227670237194,0.2170433076278675,0.006098532046585885,0.006098532046585885,0.48717425657309044,0.006098532046585885,0.006098532046585885,0.2170853016819604,0.5050195835888712,0.006098532046585885,0.006098532046585885,0.42932708245201834,0.006098532046585885,0.006098532046585885,0.006098532046585885,0.21633805328435937,0.49639202425512174,0.01215042128970778,0.01657781723835337,0.4878036813425243,0.006098532046585885,0.21615759645151664,0.006098532046585885,0.40135860684703534,0.006098532046585885,0.006098532046585885,0.48218615114688895,0.006098532046585885,0.006098532046585885,0.21726630930640956,0.44588178306770176,0.006098532046585885,0.01212703259934585,0.48374444310992426,0.006098532046585885,0.2184294706217358,0.006098532046585885,0.4892570593683947,0.011036168199452936,0.006098532046585885,0.006098532046585885
0.021166214147577595,0.021166214147577595,0.12375182333004657,0.14740620431490165,0.13080753984979715,0.5360575367587689,0.8410847163980422,0.022027271976987287,0.029933545607448868,0.5548695774608922,0.021166214147577595,0.4325688244115542,0.21984868372490834,0.481837219550504,0.02306611602112774,0.41755563814580665,0.21885712175548716,0.48535291680887344,0.4937271718643325,0.21873213224261376,0.021166214147577595,0.4245537907681452,0.5306219663933015,0.021166214147577595,0.40841883465033757,0.4947861089611694,0.21771331444420208,0.021166214147577595,0.5001438513522285,0.21733684180533305,0.4126246173264042,0.5017191587486461,0.021166214147577595,0.462827018847385,0.021166214147577595,0.41229713489491754,0.021166214147577595,0.5458646677103318,0.4120403988504174,0.023078421227959833,0.2185164899547957,0.4884945645428731,0.4854264176364656,0.21697613444843744,0.4173428763181704,0.021166214147577595,0.48931032680954933,0.21747048135007047,0.4227670406462354,0.021166214147577595,0.5419695116486843,0.021166214147577595,0.49186335529341113,0.021166214147577595,0.46874964872197417,0.49338106889181776,0.021166214147577595,0.47139264092135874,0.021166214147577595,0.4155761063558608,0.024832450784187474,0.5484655999564994,0.027455030430028712,0.41002120587949314,0.5520665569033001,0.021166214147577595,0.021166214147577595,0.5002160587561958,0.4883277469301735,0.021166214147577595,0.021166214147577595,0.5562918047169665,0.4133421796148942,0.021166214147577595,0.5047157162679077,0.21838087313508037,0.4859681940292496,0.021166214147577595,0.45761992020648184,0.021166214147577595,0.021166214147577595,0.48625171129079625,0.021166214147577595,0.021166214147577595,0.4121037848038591,0.21798659100562043,0.021166214147577595,0.021166214147577595,0.48758364870930243,0.021166214147577595,0.021166214147577595,0.21802840256200529,0.5054126915736156,0.021166214147577595,0.021166214147577595,0.4297970518244294,0.021166214147577595,0.021166214147577595,0.021166214147577595,0.21728441200236326,0.49679288516561104,0.023631530888403675,0.026184738246346515,0.4882124824513686,0.021166214147577595,0.21710474525360782,0.021166214147577595,0.40186337097857566,0.021166214147577595,0.021166214147577595,0.48260027255856996,0.021166214147577595,0.021166214147577595,0.2182086243605101,0.44633301858705043,0.021166214147577595,0.023619513839473517,0.48415707833324373,0.021166214147577595,0.21936676659720272,0.021166214147577595,0.48966450059102096,0.023078421227959833,0.021166214147577595,0.021166214147577595
0.554485320309925,0.554485320309925,0.5670682999160578,0.572393444384142,0.5685656192186478,0.753363599014535,0.9435355876361435,0.5545172322344217,0.5548695774608922,0.7649337336435039,0.554485320309925,0.6925915647641108,0.5938583686028465,0.720827272222099,0.5545574234845623,0.6842927371055804,0.5935151237595718,0.7228948383807019,0.7278451504153671,0.593471949258408,0.554485320309925,0.6881418127832376,0.7500446278684616,0.554485320309925,0.6793198166709953,0.7284736184933298,0.5931207985526649,0.554485320309925,0.7316617320058505,0.592991391139086,0.6816014136528112,0.7326017280778535,0.554485320309925,0.7097630313113027,0.554485320309925,0.6814232949873577,0.554485320309925,0.7593798068073956,0.6812837098498463,0.554557910629634,0.5933975098082076,0.7247478237709996,0.7229381323318935,0.5928675799730155,0.6841762543185552,0.554485320309925,0.7252297929412697,0.5930373063266161,0.6871558302211495,0.554485320309925,0.7569861247636738,0.554485320309925,0.7267403384435075,0.554485320309925,0.7131885773943692,0.7276398615328108,0.554485320309925,0.7147236335354303,0.554485320309925,0.68321022774393,0.5546300023982382,0.7609811324640285,0.5547476143176664,0.6801875637342575,0.7632019858411109,0.554485320309925,0.554485320309925,0.7317047929341443,0.7246493059860789,0.554485320309925,0.554485320309925,0.765813394701735,0.6819919691940026,0.554485320309925,0.7343930085341592,0.5933507266994774,0.7232573389413797,0.554485320309925,0.7067680825642962,0.554485320309925,0.554485320309925,0.7234244432606246,0.554485320309925,0.554485320309925,0.681318167792479,0.5932148519000994,0.554485320309925,0.554485320309925,0.7242100346821314,0.554485320309925,0.554485320309925,0.5932292509110897,0.7348102440438479,0.554485320309925,0.554485320309925,0.6910478332680979,0.554485320309925,0.554485320309925,0.554485320309925,0.5929733840757374,0.7296661227440883,0.5545800751832602,0.5546891773793913,0.7245812422790978,0.554485320309925,0.5929117051543547,0.554485320309925,0.6757895986712184,0.554485320309925,0.554485320309925,0.7212754727315853,0.554485320309925,0.554485320309925,0.5932913420802357,0.7003320013466212,0.554485320309925,0.5545795880617207,0.7221908497187586,0.554485320309925,0.5936913824969873,0.554485320309925,0.7254391507729293,0.554557910629634,0.554485320309925,0.554485320309925
0.0,0.0,0.12192848788987184,0.14587900479728427,0.12908395613068668,0.5356571111832289,0.8408964152537145,0.006098532046585885,0.021166214147577595,0.554485320309925,0.0,0.43205980285358625,0.21882859472901625,0.4813847895907958,0.009167174978507659,0.4170270337257764,0.21783236796737812,0.4849041446008249,0.4932869365841172,0.21770678744062447,0.0,0.42403447055637966,0.5302167095666124,0.0,0.4078776726556713,0.49434693609427377,0.21668312683673757,0.0,0.49970999700555213,0.21630485319552836,0.4120892989877608,0.5012868504655585,0.0,0.4623539969386893,0.0,0.4117613654675704,0.0,0.5454727741784934,0.41150427532421596,0.009198092991592889,0.21749012389666977,0.4880490235616975,0.4849777214244205,0.2159424143898843,0.4168139852000986,0.0,0.488865619185297,0.216439132770889,0.42224537655573496,0.0,0.5415742570998738,0.0,0.4914212408993326,0.0,0.46828319543938063,0.49294048555601183,0.0,0.47092907304390236,0.0,0.41504482415992483,0.012986224012260426,0.5480759309536186,0.017486283946546905,0.40948228324635727,0.5516799422559749,0.0,0.0,0.4997822754502409,0.4878820352477684,0.0,0.0,0.5559087371519486,0.41280784738936427,0.0,0.5042863272112105,0.21735386377852767,0.48552005739166165,0.0,0.4571410018667661,0.0,0.0,0.4858038670683644,0.0,0.0,0.411567748739247,0.21695770682370702,0.0,0.0,0.4871371744196161,0.0,0.0,0.21699971751703886,0.5049839774775859,0.0,0.0,0.42928450793921086,0.0,0.0,0.0,0.21625217207899397,0.49635571541614365,0.010509074402536015,0.015415314858481511,0.4877666527642499,0.0,0.21607164320631803,0.0,0.40131287646512953,0.0,0.0,0.4821486402883648,0.0,0.0,0.21718079678868926,0.4458409073554355,0.0,0.010482023964701166,0.4837070669746653,0.0,0.21834441569547972,0.0,0.48922015405970815,0.009198092991592889,0.0,0.0
0.43205980285358625,0.43205980285358625,0.448620406269906,0.45556558514478457,0.4505768761684756,0.6787570459804548,0.9092175796866343,0.43210208449929555,0.4325688244115542,0.6925915647641108,0.43205980285358625,0.6056306017866927,0.4832242915706224,0.6397282068986045,0.4321553336957586,0.5955547279397483,0.48278589960362184,0.6422154726125967,0.6481661724659095,0.4827307487902241,0.43205980285358625,0.6002314715495802,0.6747851111761288,0.43205980285358625,0.589503189291844,0.6489212093476581,0.48228212152689953,0.43205980285358625,0.6527499407914792,0.4821167603007659,0.5922809915736722,0.653878370172541,0.43205980285358625,0.6263975526161824,0.43205980285358625,0.5920642173967443,0.43205980285358625,0.685952796393027,0.5918943296963,0.4321559790974126,0.48263565593796404,0.644443646836334,0.6422675428045594,0.4819585343040244,0.5954131017075343,0.43205980285358625,0.6450230597913102,0.4821754342370448,0.599034053963641,0.43205980285358625,0.6830903980507291,0.43205980285358625,0.6468386262863332,0.43205980285358625,0.6305286426971745,0.64791951917338,0.43205980285358625,0.632378716126149,0.43205980285358625,0.5942383315557831,0.4322514871506723,0.6878672778377084,0.4324072845024708,0.5905599250822999,0.6905219356356438,0.43205980285358625,0.43205980285358625,0.6528016381820968,0.6443252036042515,0.43205980285358625,0.43205980285358625,0.6936427341403297,0.5927562577517534,0.43205980285358625,0.6560281859682731,0.4825758898891611,0.6426514415739351,0.43205980285358625,0.6227827391601299,0.43205980285358625,0.43205980285358625,0.6428524015746947,0.43205980285358625,0.43205980285358625,0.5919362689082627,0.4824022955039737,0.43205980285358625,0.43205980285358625,0.6437970584774705,0.43205980285358625,0.43205980285358625,0.48242069264089305,0.6565288322309802,0.43205980285358625,0.43205980285358625,0.6037583901343663,0.43205980285358625,0.43205980285358625,0.43205980285358625,0.4820937489170092,0.6503536145801699,0.43218534377954626,0.4323298771925769,0.6442433724103187,0.43205980285358625,0.4820149263986853,0.43205980285358625,0.5852006331496155,0.43205980285358625,0.43205980285358625,0.6402674853439524,0.43205980285358625,0.43205980285358625,0.48250002206531234,0.6150045569545409,0.43205980285358625,0.432184698424907,0.6413687072666596,0.43205980285358625,0.4830110318660115,0.43205980285358625,0.645274726932765,0.4321559790974126,0.43205980285358625,0.43205980285358625
0.21882859472901625,0.21882859472901625,0.25045990342504365,0.2629284706775717,0.25401350013963475,0.5766036974011295,0.8603232403251299,0.2189134606757782,0.21984868372490834,0.5938583686028465,0.21882859472901625,0.4832242915706224,0.3092928048588245,0.5273025372474793,0.21902030589065774,0.4699662438195268,0.308591184184882,0.5304768465426178,0.5380515795446457,0.30850285381913317,0.21882859472901625,0.4761349399450466,0.5716309577718137,0.21882859472901625,0.4619436953762606,0.5390107488140279,0.30778378563710684,0.21882859472901625,0.5438681586154793,0.3075184980895442,0.4656320566553631,0.5452977454059255,0.21882859472901625,0.5102009334861071,0.21882859472901625,0.46534458350810776,0.21882859472901625,0.5855906177511053,0.4651192462707042,0.21902160066298734,0.30835051761198984,0.5333163266439588,0.5305432469477882,0.30726453424041905,0.4697790194045701,0.21882859472901625,0.5340540683588979,0.3076126432205809,0.4745580454574583,0.21882859472901625,0.5820189980152366,0.21882859472901625,0.536364079592827,0.21882859472901625,0.5155172066836933,0.5377381484902825,0.21882859472901625,0.5178931114558896,0.21882859472901625,0.46822505442207574,0.21921314226037833,0.5879771065503399,0.21952533107198596,0.46334801012803756,0.5912832284326799,0.21882859472901625,0.21882859472901625,0.5439336729699918,0.5331654859085652,0.21882859472901625,0.21882859472901625,0.5951655050015433,0.46626211610327023,0.21882859472901625,0.548018819305271,0.30825475190030593,0.5310327320485883,0.21882859472901625,0.5055361585791289,0.21882859472901625,0.21882859472901625,0.5312889170243221,0.21882859472901625,0.21882859472901625,0.4651748774440469,0.30797649725094406,0.21882859472901625,0.21882859472901625,0.5324927455828703,0.21882859472901625,0.21882859472901625,0.3080059928810401,0.5486520365146627,0.21882859472901625,0.21882859472901625,0.4807697794401703,0.21882859472901625,0.21882859472901625,0.21882859472901625,0.307481570700553,0.5408292579353854,0.2190805046717971,0.21937026198226295,0.5330612652492641,0.21882859472901625,0.3073550613647426,0.21882859472901625,0.45621060290472215,0.21882859472901625,0.21882859472901625,0.5279912001309971,0.21882859472901625,0.21882859472901625,0.3081331610210723,0.4954558390588286,0.21882859472901625,0.21907921024919208,0.5293967407026395,0.21882859472901625,0.3089516091745678,0.21882859472901625,0.5343744245353874,0.21902160066298734,0.21882859472901625,0.21882859472901625
0.4813847895907958,0.4813847895907958,0.49615279120001976,0.502374619298177,0.49790385721887176,0.7078882480376234,0.9228856911837564,0.4814223667503282,0.481837219550504,0.720827272222099,0.4813847895907958,0.6397282068986045,0.5273025372474793,0.671451487162638,0.4814696921136588,0.6303789903066794,0.5269056882710769,0.6737700366724699,0.6793192507072668,0.5268557674179775,0.4813847895907958,0.6347168780687773,0.7041753308233599,0.4813847895907958,0.6247701412376452,0.6800235576819531,0.5264497147259952,0.4813847895907958,0.6835957487489029,0.5263000602482029,0.6273441350004082,0.6846487896878666,0.4813847895907958,0.6590348145401514,0.4813847895907958,0.6271432284824305,0.4813847895907958,0.714617000852057,0.6269857807664214,0.48147026572265533,0.5267696942052601,0.6758475273358183,0.6738185806432546,0.5261568703480587,0.6302476693940287,0.4813847895907958,0.6763878263181747,0.5263531602060357,0.6336059555311243,0.4813847895907958,0.7119400359168794,0.4813847895907958,0.6780810142122877,0.4813847895907958,0.6628808480183821,0.6790891798349512,0.4813847895907958,0.6646038028019347,0.4813847895907958,0.6291584810420064,0.4815551514664153,0.7164076921161381,0.4816936285938178,0.6257492217096292,0.7188909992726743,0.4813847895907958,0.4813847895907958,0.6836439901573756,0.6757370832732817,0.4813847895907958,0.4813847895907958,0.7218107851573062,0.6277846339896791,0.4813847895907958,0.6866552512464142,0.5267155982944112,0.6741764888602172,0.4813847895907958,0.6556708429989422,0.4813847895907958,0.4813847895907958,0.67436384865148,0.4813847895907958,0.4813847895907958,0.6270246486327781,0.5265584787850247,0.4813847895907958,0.4813847895907958,0.6752446214845623,0.4813847895907958,0.4813847895907958,0.5265751295579942,0.6871225637475109,0.4813847895907958,0.4813847895907958,0.6379900664966082,0.4813847895907958,0.4813847895907958,0.4813847895907958,0.5262792351881247,0.6813598488027734,0.4814963641271379,0.4816248256237534,0.675660779321086,0.4813847895907958,0.5262079027496694,0.4813847895907958,0.6207853392104739,0.4813847895907958,0.4813847895907958,0.6719541388615181,0.4813847895907958,0.4813847895907958,0.5266469296395009,0.6484370774851489,0.4813847895907958,0.4814957905527582,0.6729806479585521,0.4813847895907958,0.5271094798970486,0.4813847895907958,0.6766225132332369,0.48147026572265533,0.4813847895907958,0.4813847895907958
0.009167174978507659,0.009167174978507659,0.12227258039474168,0.14616669262013945,0.12940901476126565,0.5357322495913136,0.840931746273637,0.011010412818791303,0.02306611602112774,0.5545574234845623,0.009167174978507659,0.4321553336957586,0.21902030589065774,0.4814696921136588,0.012964343157776967,0.4171262431483094,0.21802495912574973,0.4849883602795689,0.493369549267286,0.21789949009496415,0.009167174978507659,0.42413193591721393,0.5302927549685171,0.009167174978507659,0.4079792412013111,0.49442934929077054,0.21687674312390137,0.009167174978507659,0.49979141157253676,0.21649880926840803,0.41218976969573384,0.5013679747414808,0.009167174978507659,0.46244276641007664,0.009167174978507659,0.4118619209194457,0.009167174978507659,0.5455463108733148,0.41160489729912825,0.012986223904534435,0.21768301921478184,0.4881326324986576,0.4850619228329454,0.21613669713265096,0.41691324848107775,0.009167174978507659,0.488949071640725,0.21663296809174346,0.4223432822111682,0.009167174978507659,0.5416484247482805,0.009167174978507659,0.4915042064215371,0.009167174978507659,0.4683707313479653,0.4930231635929289,0.009167174978507659,0.4710160670978419,0.009167174978507659,0.415144536626919,0.01589588340817849,0.548149050049464,0.01974353611325645,0.4095834310824506,0.5517524879805362,0.009167174978507659,0.009167174978507659,0.49986367667847253,0.48796567623780934,0.009167174978507659,0.009167174978507659,0.5559806170188656,0.4129081328417176,0.009167174978507659,0.5043669033750262,0.21754688045841508,0.48560415372574905,0.009167174978507659,0.4572308787017187,0.009167174978507659,0.009167174978507659,0.4858879084941334,0.009167174978507659,0.009167174978507659,0.4116683542831118,0.21715107720465698,0.009167174978507659,0.009167174978507659,0.4872209586070424,0.009167174978507659,0.009167174978507659,0.2171930503288311,0.5050644269123109,0.009167174978507659,0.009167174978507659,0.4293807004092215,0.009167174978507659,0.009167174978507659,0.009167174978507659,0.21644617556644083,0.49643775249516287,0.013945527619251621,0.017935133844391528,0.4878503159124051,0.009167174978507659,0.2162658093490816,0.009167174978507659,0.40141619837504705,0.009167174978507659,0.009167174978507659,0.48223339302186313,0.009167174978507659,0.009167174978507659,0.21737396783063134,0.44593326197334515,0.009167174978507659,0.013925154302895244,0.4837915153368021,0.009167174978507659,0.2185365535520325,0.009167174978507659,0.4893035387120056,0.012986223904534435,0.009167174978507659,0.009167174978507659
0.4170270337257764,0.4170270337257764,0.4342031047181054,0.4413938791578141,0.43622947212753627,0.6701902927807171,0.9051549101419873,0.41707094369105574,0.41755563814580665,0.6842927371055804,0.4170270337257764,0.5955547279397483,0.4699662438195268,0.6303789903066794,0.4171262431483094,0.5852544012208566,0.469514106759367,0.63291751679865,0.6389900082645951,0.4694572252108451,0.4170270337257764,0.5900359368466869,0.6661406413921316,0.4170270337257764,0.5790656258572634,0.6397604151990235,0.46899450614120136,0.4170270337257764,0.6436668082752184,0.46882394489130746,0.5819066574778234,0.6448180394029945,0.4170270337257764,0.616769797210069,0.4170270337257764,0.5816849634448029,0.4170270337257764,0.6775259111294746,0.5815112183150728,0.41712691339698793,0.4693591473438579,0.6351914326219156,0.632970657846495,0.46866074028193927,0.5851095845907041,0.4170270337257764,0.6357827128501102,0.46888446427716585,0.5888117913197212,0.4170270337257764,0.6746080130295163,0.4170270337257764,0.6376353929072759,0.4170270337257764,0.6209879141498891,0.6387383299434527,0.4170270337257764,0.6228767508682737,0.4170270337257764,0.5839083114661457,0.4172260975901071,0.6794774148011634,0.41738788831057333,0.5801464629232191,0.682183282342721,0.4170270337257764,0.4170270337257764,0.6437195511524734,0.6350705621090497,0.4170270337257764,0.4170270337257764,0.6853641017975803,0.582392701704386,0.4170270337257764,0.6470111883507218,0.46929750467315107,0.6333624488802514,0.4170270337257764,0.6130782843415624,0.4170270337257764,0.4170270337257764,0.6335675382558617,0.4170270337257764,0.4170270337257764,0.5815541099275063,0.46911845717745043,0.4170270337257764,0.4170270337257764,0.6345315878747287,0.4170270337257764,0.4170270337257764,0.4691374323875842,0.6475219060155457,0.4170270337257764,0.4170270337257764,0.593641179024364,0.4170270337257764,0.4170270337257764,0.4170270337257764,0.4688002096301214,0.6412219293297391,0.4171574085016719,0.41730750373429465,0.6349870536578057,0.4170270337257764,0.4687189070980817,0.4170270337257764,0.5746643272429902,0.4170270337257764,0.4170270337257764,0.6309294010720576,0.4170270337257764,0.4170270337257764,0.46921925404607345,0.6051332503426141,0.4170270337257764,0.4171567383050428,0.6320533241738446,0.4170270337257764,0.4697463004545416,0.4170270337257764,0.6360395310413802,0.41712691339698793,0.4170270337257764,0.4170270337257764
0.21783236796737812,0.21783236796737812,0.24959067809420615,0.2621009493613638,0.2531565745290178,0.5762473935777074,0.8601529843622907,0.21791762365777975,0.21885712175548716,0.5935151237595718,0.21783236796737812,0.48278589960362184,0.308591184184882,0.5269056882710769,0.21802495912574973,0.469514106759367,0.3078879353174702,0.5300827756133045,0.537664036047579,0.3077993994582732,0.21783236796737812,0.47568927905222996,0.5712707930509037,0.21783236796737812,0.4614829143810858,0.5386240219212199,0.3070786541373396,0.21783236796737812,0.5434855338865514,0.3068127459046721,0.46517528159713006,0.5449163175823991,0.21783236796737812,0.5097886551914753,0.21783236796737812,0.4648874981969527,0.21783236796737812,0.5852411787596258,0.4646619175349439,0.21802625983612867,0.3076467085831959,0.5329247191618615,0.5301492338562738,0.30655818688336045,0.4693266835162454,0.21783236796737812,0.533663097638302,0.30690711142386845,0.4741107427375891,0.21783236796737812,0.5816668477112332,0.21783236796737812,0.5359750940625144,0.21783236796737812,0.5151098113578976,0.5373503376721115,0.21783236796737812,0.5174878725838981,0.21783236796737812,0.46777106299339605,0.2182186791043893,0.5876294671017932,0.21853229512726652,0.462888760863919,0.5909380663254238,0.21783236796737812,0.21783236796737812,0.543551103194472,0.532773748066846,0.21783236796737812,0.21783236796737812,0.5948232292982985,0.465806019877164,0.21783236796737812,0.5476396568710131,0.3075507197353232,0.5306391449781471,0.21783236796737812,0.5051195280459764,0.21783236796737812,0.21783236796737812,0.5308955526829974,0.21783236796737812,0.21783236796737812,0.4647176088237833,0.3072718159777114,0.21783236796737812,0.21783236796737812,0.5321004256583381,0.21783236796737812,0.21783236796737812,0.30730138046903904,0.5482733988759809,0.21783236796737812,0.21783236796737812,0.48032889128468426,0.21783236796737812,0.21783236796737812,0.21783236796737812,0.30677573203486297,0.540444073268989,0.21808543391490165,0.2183765176269862,0.5326694373050218,0.21783236796737812,0.30664892627101653,0.21783236796737812,0.4557434837793372,0.21783236796737812,0.21783236796737812,0.5275949560380986,0.21783236796737812,0.21783236796737812,0.3074288453515511,0.49502957711678247,0.21783236796737812,0.21808413355903744,0.5290017273849891,0.21783236796737812,0.3082491976175812,0.21783236796737812,0.5339837299038602,0.21802625983612867,0.21783236796737812,0.21783236796737812
