0.0,0.0,0.12271298544847527,0.14500906268456099,0.12870399791219794,0.5342496263471631,0.8408964152537145,0.006083281870032289,0.04341408971285259,0.21950714906155808,0.5010727838572807,0.4310152850828805,0.2182801328621618,0.48051997552016024,0.0,0.41609847436709935,0.2173881493719325,0.48364959383734213,0.49193803805837616,0.2172629442735905,0.4230651285265009,0.0,0.5289725274740827,0.0,0.4069783478631112,0.0,0.5438182578249305,0.009144251270202913,0.49809986035312,0.4673418755227111,0.0,0.0,0.4998455416570997,0.4610252338165678,0.0,0.4104197096656045,0.21804886239646337,0.4922569939200761,0.0,0.46766783917996074,0.4867012000926964,0.0,0.0,0.5344348680427632,0.41593698495366377,0.0,0.48772953080916065,0.2159649648499083,0.421391594375799,0.0050701755228497935,0.5402941060895642,0.0,0.4897990149755895,0.4671312210000551,0.01007046490039906,0.0,0.49175689473043505,0.0,0.46970424579935055,0.4141968699181132,0.009175091985693367,0.5466022545884957,0.0,0.40874674940543865,0.5504872315521728,0.0,0.0,0.5303377191784171,0.453070960495513,0.0,0.5035938863906556,0.21672479541603995,0.4120233033725284,0.0,0.5028023894088962,0.21687709974864902,0.4843628067876235,0.398241827611722,0.21651414076013953,0.0,0.0,0.4849054052547311,0.0,0.0,0.41056318547833687,0.21644802417464265,0.0,0.0,0.4856031611194281,0.0,0.0,0.0,0.554047056325105,0.0,0.0,0.4282622169238139,0.0,0.0,0.0,0.5453142039858602,0.0,0.010482795099707752,0.0,0.48652523506831385,0.0,0.2155643384223352,0.0,0.40031988731547097,0.0,0.010455812305907202,0.48100322632985376,0.0,0.0,0.2167385267458726,0.444766004799004,0.0,0.0,0.4822406760929136,0.0,0.2176279271807216,0.0,0.4877694946949897,0.010482795099707752,0.0,0.0
0.0,0.0,0.12271298544847527,0.14500906268456099,0.12870399791219794,0.5342496263471631,0.8408964152537145,0.006083281870032289,0.04341408971285259,0.21950714906155808,0.5010727838572807,0.4310152850828805,0.2182801328621618,0.48051997552016024,0.0,0.41609847436709935,0.2173881493719325,0.48364959383734213,0.49193803805837616,0.2172629442735905,0.4230651285265009,0.0,0.5289725274740827,0.0,0.4069783478631112,0.0,0.5438182578249305,0.009144251270202913,0.49809986035312,0.4673418755227111,0.0,0.0,0.4998455416570997,0.4610252338165678,0.0,0.4104197096656045,0.21804886239646337,0.4922569939200761,0.0,0.46766783917996074,0.4867012000926964,0.0,0.0,0.5344348680427632,0.41593698495366377,0.0,0.48772953080916065,0.2159649648499083,0.421391594375799,0.0050701755228497935,0.5402941060895642,0.0,0.4897990149755895,0.4671312210000551,0.01007046490039906,0.0,0.49175689473043505,0.0,0.46970424579935055,0.4141968699181132,0.009175091985693367,0.5466022545884957,0.0,0.40874674940543865,0.5504872315521728,0.0,0.0,0.5303377191784171,0.453070960495513,0.0,0.5035938863906556,0.21672479541603995,0.4120233033725284,0.0,0.5028023894088962,0.21687709974864902,0.4843628067876235,0.398241827611722,0.21651414076013953,0.0,0.0,0.4849054052547311,0.0,0.0,0.41056318547833687,0.21644802417464265,0.0,0.0,0.4856031611194281,0.0,0.0,0.0,0.554047056325105,0.0,0.0,0.4282622169238139,0.0,0.0,0.0,0.5453142039858602,0.0,0.010482795099707752,0.0,0.48652523506831385,0.0,0.2155643384223352,0.0,0.40031988731547097,0.0,0.010455812305907202,0.48100322632985376,0.0,0.0,0.2167385267458726,0.444766004799004,0.0,0.0,0.4822406760929136,0.0,0.2176279271807216,0.0,0.4877694946949897,0.010482795099707752,0.0,0.0
0.12271298544847527,0.12271298544847527,0.17353252944575898,0.18994839122722595,0.17781802943442854,0.5475603810984694,0.8471567486228209,0.12286365984365323,0.13016535456731554,0.25143371227608247,0.5153848940164631,0.4478274866252511,0.25036411188057434,0.49550461870789286,0.12271298544847527,0.43353127512553646,0.2495874629470413,0.49852894613022125,0.5065436454047699,0.24947850818457304,0.4402034993184338,0.12271298544847527,0.5424363296116193,0.12271298544847527,0.4248094638586889,0.12271298544847527,0.5568569486139069,0.12305317791623963,0.5125065766462318,0.4827821362154268,0.12271298544847527,0.12271298544847527,0.5141966009445271,0.4766912827980136,0.12271298544847527,0.428098759296335,0.2501626717873321,0.5068522112568422,0.12271298544847527,0.4830965822049792,0.5014789158487176,0.12271298544847527,0.12271298544847527,0.5477402900145023,0.43337670954207225,0.12271298544847527,0.5024732224056573,0.24834988756331877,0.43859994252969,0.12281767200771748,0.5534322028687129,0.12271298544847527,0.5044745735509842,0.48257893189685114,0.12312546237367582,0.12271298544847527,0.5063684075062096,0.12271298544847527,0.48506132565825716,0.4317114918280883,0.12305547331379853,0.5595630547654348,0.12271298544847527,0.42649945125195426,0.5633402569861676,0.12271298544847527,0.12271298544847527,0.5437617166313214,0.4690285941916612,0.12271298544847527,0.5178264410411192,0.24901037790273411,0.42963223240421283,0.12271298544847527,0.5170598546464588,0.24914283748273308,0.4992183146132779,0.41646903788873013,0.24882720793895027,0.12271298544847527,0.12271298544847527,0.49974280970237434,0.12271298544847527,0.12271298544847527,0.42823594235431756,0.24876972665515015,0.12271298544847527,0.12271298544847527,0.50041733230326,0.12271298544847527,0.12271298544847527,0.12271298544847527,0.5668022453572923,0.12271298544847527,0.12271298544847527,0.44518621628558563,0.12271298544847527,0.12271298544847527,0.12271298544847527,0.5583109720497788,0.12271298544847527,0.12315986862599641,0.12271298544847527,0.5013087842492523,0.12271298544847527,0.24800186600182872,0.12271298544847527,0.418451544118345,0.12271298544847527,0.12315757517501039,0.4959715406121255,0.12271298544847527,0.12271298544847527,0.2490223191633643,0.46103717407306904,0.12271298544847527,0.12271298544847527,0.4971672954303614,0.12271298544847527,0.24979616218421122,0.12271298544847527,0.5025118662865875,0.12315986862599641,0.12271298544847527,0.12271298544847527
0.14500906268456099,0.14500906268456099,0.18994839122722595,0.20505111044084742,0.19387057464760873,0.552731825092718,0.8495994437755618,0.14513657837622548,0.15136696258376955,0.26301319300895504,0.5209342477166962,0.45430682307564246,0.26199127508995046,0.501306099611677,0.14500906268456099,0.44023825254327753,0.261249485020343,0.5042910464079996,0.5122031994979886,0.2611454365500008,0.44680264333927616,0.14500906268456099,0.5476657220639551,0.14500906268456099,0.4316618384503663,0.14500906268456099,0.5619252171862847,0.14529703035561728,0.5180914809981485,0.48875362409277434,0.14500906268456099,0.14500906268456099,0.5197605940415766,0.48274677505603397,0.14500906268456099,0.4348956911580608,0.2617988572033559,0.5125078686583312,0.14500906268456099,0.4890637805535369,0.5072029695983467,0.14500906268456099,0.14500906268456099,0.5529097136522426,0.4400862191377262,0.14500906268456099,0.5081845324374399,0.2600678716831547,0.4452247426800133,0.14509765418257162,0.5585381935041427,0.14500906268456099,0.5101603536867118,0.488553194230098,0.14535824707493505,0.14500906268456099,0.5120301762370661,0.14500906268456099,0.49100182494827277,0.43844838207674663,0.14529897414026763,0.5646017465704095,0.14500906268456099,0.4333232466297402,0.5683379966572708,0.14500906268456099,0.14500906268456099,0.5489760442331881,0.4751923260429415,0.14500906268456099,0.5233458788571631,0.26069843145277216,0.4364035710290594,0.14500906268456099,0.5225886618328492,0.2608249061438458,0.5049714918521195,0.4234654392951007,0.2605235472872606,0.14500906268456099,0.14500906268456099,0.5054892111445115,0.14500906268456099,0.14500906268456099,0.43503057814007556,0.26046866852023975,0.14500906268456099,0.14500906268456099,0.5061550364273126,0.14500906268456099,0.14500906268456099,0.14500906268456099,0.5717627815800301,0.14500906268456099,0.14500906268456099,0.4517066591187801,0.14500906268456099,0.14500906268456099,0.14500906268456099,0.5633633237422614,0.14500906268456099,0.1453873888261786,0.14500906268456099,0.5070350225435478,0.14500906268456099,0.25973568004164954,0.14500906268456099,0.42541325215434606,0.14500906268456099,0.1453854462246466,0.5017669164871437,0.14500906268456099,0.14500906268456099,0.26070983293368255,0.4673169825907031,0.14500906268456099,0.14500906268456099,0.5029470786798105,0.14500906268456099,0.2614487974341973,0.14500906268456099,0.5082226818396977,0.1453873888261786,0.14500906268456099,0.14500906268456099
0.12870399791219794,0.12870399791219794,0.17781802943442854,0.19387057464760873,0.18200245232805548,0.5488708023498555,0.8477751991146599,0.1288476631864082,0.13582788462366155,0.25440569328220963,0.5167916435333485,0.44947197368133207,0.25334874231216226,0.4969757211121052,0.12870399791219794,0.4352341173559549,0.2525813441979468,0.499989992321598,0.5079785137003978,0.25247369168801076,0.44187869037153743,0.12870399791219794,0.5437615120617307,0.12870399791219794,0.4265496138306065,0.12870399791219794,0.5581410964621619,0.12902838788126889,0.5139223958174254,0.4842966719981034,0.12870399791219794,0.12870399791219794,0.5156070850847806,0.47822729250718965,0.12870399791219794,0.4298246797919685,0.25314969625754674,0.5082860850413523,0.12870399791219794,0.4846100216848739,0.502930248174799,0.12870399791219794,0.12870399791219794,0.5490501966828953,0.43508020126915076,0.12870399791219794,0.5039213014298091,0.25135862583495516,0.44028171108070485,0.12880381293073342,0.5547259553157431,0.12870399791219794,0.5059161356814396,0.4840941767767975,0.12909732507801897,0.12870399791219794,0.5078038410277599,0.12870399791219794,0.48656794197163544,0.4334220071570678,0.1290305769300753,0.5608396729230715,0.12870399791219794,0.42823226580346974,0.5646064509307354,0.12870399791219794,0.12870399791219794,0.545083061283618,0.4705922854613195,0.12870399791219794,0.5192255595133567,0.25201116919170374,0.4313515857341209,0.12870399791219794,0.5184613629842476,0.2521420399486401,0.5006770824680329,0.4182461719851321,0.2518301990154486,0.12870399791219794,0.12870399791219794,0.5011998475403058,0.12870399791219794,0.12870399791219794,0.4299612736465262,0.25177340870369896,0.12870399791219794,0.12870399791219794,0.5018721495919566,0.12870399791219794,0.12870399791219794,0.12870399791219794,0.5680589707342552,0.12870399791219794,0.12870399791219794,0.4468412359115214,0.12870399791219794,0.12870399791219794,0.12870399791219794,0.559591067650496,0.12870399791219794,0.1291301393723737,0.12870399791219794,0.5027606742789661,0.12870399791219794,0.25101480817521327,0.12870399791219794,0.42021976685062984,0.12870399791219794,0.1291279520123222,0.49744108392403896,0.12870399791219794,0.12870399791219794,0.2520229671523036,0.46263056697861493,0.12870399791219794,0.12870399791219794,0.49863285691608544,0.12870399791219794,0.2527875520920699,0.12870399791219794,0.5039598190805891,0.1291301393723737,0.12870399791219794,0.12870399791219794
0.5342496263471631,0.5342496263471631,0.5475603810984694,0.552731825092718,0.5488708023498555,0.7396615148802332,0.9378255024900896,0.5342828183435379,0.5359370632596054,0.5755607614421681,0.7189643081846957,0.6771266151980084,0.5751197425270393,0.7064023610376843,0.5342496263471631,0.6686163293530555,0.574800438395316,0.708301106618228,0.7133545713343742,0.5747557060945387,0.6725714273154335,0.5342496263471631,0.7363380022131869,0.5342496263471631,0.6634920714727258,0.5342496263471631,0.7457154429471836,0.5343246216022243,0.7171340918196437,0.6984660697734116,0.5342496263471631,0.5342496263471631,0.718208262657135,0.6946970286432851,0.5342496263471631,0.6654184051663331,0.5750368495353341,0.7135497447045794,0.5342496263471631,0.6986611966281696,0.7101575206616093,0.5342496263471631,0.5342496263471631,0.7397783808358457,0.668525062659122,0.5342496263471631,0.7107841931163166,0.5742932452976026,0.6716181709153055,0.5342726836402915,0.743481731770732,0.5342496263471631,0.7120470115176567,0.6983400012733828,0.5343405818307531,0.5342496263471631,0.713243750258813,0.5342496263471631,0.6998815996730644,0.6675428307368995,0.5343251282847717,0.7474832519710661,0.5342496263471631,0.6644808435037945,0.7499548206557358,0.5342496263471631,0.5342496263471631,0.7371967289008564,0.6899846258769681,0.5342496263471631,0.7205197108033431,0.5745636859759937,0.6663190447262703,0.5342496263471631,0.7200310669076926,0.5746179901666199,0.708734543578739,0.6586421007060508,0.5744886295811665,0.5342496263471631,0.5342496263471631,0.7090644738644372,0.5342496263471631,0.5342496263471631,0.6654989090217317,0.5744650847989135,0.5342496263471631,0.5342496263471631,0.709488976284692,0.5342496263471631,0.5342496263471631,0.5342496263471631,0.7522241679281998,0.5342496263471631,0.5342496263471631,0.675544245553907,0.5342496263471631,0.5342496263471631,0.5342496263471631,0.7466650031068343,0.5342496263471631,0.5343481817423232,0.5342496263471631,0.7100503414219602,0.5342496263471631,0.5741509739074144,0.5342496263471631,0.6597903871590914,0.5342496263471631,0.5343476750855107,0.7066952079775378,0.5342496263471631,0.5342496263471631,0.5745685805792752,0.6851061185565115,0.5342496263471631,0.5342496263471631,0.7074456659997654,0.5342496263471631,0.5748861644842155,0.5342496263471631,0.7108085584977877,0.5343481817423232,0.5342496263471631,0.5342496263471631
0.8408964152537145,0.8408964152537145,0.8471567486228209,0.8495994437755618,0.8477751991146599,0.9378255024900896,1.0,0.8409119740622834,0.8416877498165558,0.8604395862848017,0.9284356502213219,0.9089334276616682,0.8602294254518604,0.9226427458111239,0.8408964152537145,0.9049059470924884,0.8600772816063382,0.9235223183831237,0.9258565582563169,0.8600559683630883,0.9067796147562827,0.8408964152537145,0.9363323121840648,0.8408964152537145,0.9024738796084597,0.8408964152537145,0.9405295010251062,0.840931569806062,0.927595655775253,0.9189523925163743,0.8408964152537145,0.8408964152537145,0.9280888303215358,0.9171924011700274,0.8408964152537145,0.9033887226803519,0.8601899268588524,0.9259465082926476,0.8408964152537145,0.9190433840650869,0.9243809668248422,0.8408964152537145,0.8408964152537145,0.9378778979322835,0.904862673666836,0.8408964152537145,0.9246705228259222,0.8598356386775872,0.9063283184640317,0.8409072233726319,0.9395342669348089,0.8408964152537145,0.9252535455630371,0.9188935976026152,0.8409390514559582,0.8408964152537145,0.9258054770305153,0.8408964152537145,0.9196121963271414,0.9043968530817431,0.8409318073218263,0.9413150541581868,0.8408964152537145,0.9029435445203216,0.942410151515445,0.8408964152537145,0.8408964152537145,0.936718695905825,0.9149857177017726,0.8408964152537145,0.9291483766357552,0.8599644810306003,0.9038162177047369,0.8408964152537145,0.9289245813386554,0.8599903535891457,0.9237229137969157,0.9001677417373883,0.85992872197699,0.8408964152537145,0.8408964152537145,0.9238755583773428,0.8408964152537145,0.8408964152537145,0.9034269405029809,0.8599175047087481,0.8408964152537145,0.8408964152537145,0.9240718963750423,0.8408964152537145,0.8408964152537145,0.8408964152537145,0.9434123021621352,0.8408964152537145,0.8408964152537145,0.9081857665938522,0.8408964152537145,0.8408964152537145,0.8408964152537145,0.9409516857965673,0.8408964152537145,0.840942614076201,0.8408964152537145,0.9243314290733627,0.8408964152537145,0.859767862127656,0.8408964152537145,0.9007140950488289,0.8408964152537145,0.8409423765695935,0.9227784911693377,0.8408964152537145,0.8408964152537145,0.85996681298785,0.9126944999303149,0.8408964152537145,0.8408964152537145,0.9231262113628796,0.8408964152537145,0.8601181275609961,0.8408964152537145,0.924681777843425,0.840942614076201,0.8408964152537145,0.8408964152537145
0.006083281870032289,0.006083281870032289,0.12286365984365323,0.14513657837622548,0.1288476631864082,0.5342828183435379,0.8409119740622834,0.00860305981151894,0.04383821891200722,0.2195913290462686,0.5011085266483722,0.4310574648210216,0.21836478804845427,0.4805574398921502,0.006083281870032289,0.41614226856459374,0.21747315334983103,0.4836867882173707,0.4919745312993451,0.21734799743787836,0.42310815590351825,0.006083281870032289,0.52900610840131,0.006083281870032289,0.4070231820101315,0.006083281870032289,0.5438507592440418,0.010982879867969583,0.4981358449018081,0.4673805102476271,0.006083281870032289,0.006083281870032289,0.49988138396285975,0.4610644497765355,0.006083281870032289,0.4104641464346655,0.21813360774425306,0.4922934605721181,0.006083281870032289,0.46770644427795005,0.48673813401647004,0.006083281870032289,0.006083281870032289,0.5344680464931526,0.41598079720300724,0.006083281870032289,0.4877663775778101,0.2160505312567634,0.4214348038592549,0.007919153916048655,0.5403268597116796,0.006083281870032289,0.48983568727106236,0.4671698748903028,0.011765227660076063,0.006083281870032289,0.4917934030846453,0.006083281870032289,0.4697426666065186,0.4142408774971871,0.01100857085487593,0.5466345584855093,0.006083281870032289,0.40879137858686376,0.5505192622796478,0.006083281870032289,0.006083281870032289,0.5303711989205488,0.4531109283184401,0.006083281870032289,0.5036294259890752,0.21681006063262512,0.41206755705043474,0.006083281870032289,0.5028379926212121,0.2169623048452018,0.4843999400487313,0.39828769890398574,0.21659948926812858,0.006083281870032289,0.006083281870032289,0.4849424921186154,0.006083281870032289,0.006083281870032289,0.41060760581267114,0.2165333988578636,0.006083281870032289,0.006083281870032289,0.4856401884461951,0.006083281870032289,0.006083281870032289,0.006083281870032289,0.5540788392081963,0.006083281870032289,0.006083281870032289,0.4283046869827606,0.006083281870032289,0.006083281870032289,0.006083281870032289,0.5453465990832643,0.006083281870032289,0.012120037609951128,0.006083281870032289,0.4865621839365993,0.006083281870032289,0.21565006448283713,0.006083281870032289,0.4003655081304495,0.006083281870032289,0.012096707390481685,0.4810406488190316,0.006083281870032289,0.006083281870032289,0.21682378653876241,0.44480678268957746,0.006083281870032289,0.006083281870032289,0.4822779916557683,0.006083281870032289,0.21771283711956252,0.006083281870032289,0.48780633808272245,0.012120037609951128,0.006083281870032289,0.006083281870032289
0.04341408971285259,0.04341408971285259,0.13016535456731554,0.15136696258376955,0.13582788462366155,0.5359370632596054,0.8416877498165558,0.04383821891200722,0.06139673994331659,0.22375409924015313,0.5028895489160193,0.433157961673836,0.22255061078630142,0.48242397183774566,0.04341408971285259,0.4183227835660579,0.2216758916338895,0.4855399128813909,0.4937928334593363,0.22155312082048048,0.42525067043465675,0.04341408971285259,0.5306796896661089,0.04341408971285259,0.4092552155973145,0.04341408971285259,0.5454706657536592,0.04436665822124296,0.49992887782653406,0.4693051463471139,0.04341408971285259,0.04341408971285259,0.501667350283335,0.46301793409705205,0.04341408971285259,0.4126764964519725,0.22232380347892752,0.4941104420276654,0.04341408971285259,0.469629609768632,0.4885783238471103,0.04341408971285259,0.04341408971285259,0.5361216179095842,0.41816220665231935,0.04341408971285259,0.48960223885743326,0.22028053753695875,0.42358634379147375,0.04370915028647704,0.541959307580665,0.04341408971285259,0.49166288300450217,0.4690954623028619,0.04456677303928257,0.04341408971285259,0.49361245593294645,0.04341408971285259,0.4716566840300127,0.4164319649268017,0.04437302494323273,0.5482446421569985,0.04341408971285259,0.41101325984876225,0.5521157602656241,0.04341408971285259,0.04341408971285259,0.5320397498039345,0.4551017213591283,0.04341408971285259,0.5054003528482985,0.2210254657360977,0.4142708369234459,0.04341408971285259,0.5046120801346278,0.2211747950760293,0.486250029506724,0.4005710922363438,0.22081893249300938,0.04341408971285259,0.04341408971285259,0.48679027742098463,0.04341408971285259,0.04341408971285259,0.4128191416959149,0.22075411105906328,0.04341408971285259,0.04341408971285259,0.48748501699711355,0.04341408971285259,0.04341408971285259,0.04341408971285259,0.5556630101451544,0.04341408971285259,0.04341408971285259,0.4304195765396511,0.04341408971285259,0.04341408971285259,0.04341408971285259,0.5469612182460968,0.04341408971285259,0.0446617506601468,0.04341408971285259,0.4884031159732025,0.04341408971285259,0.21988780927437382,0.04341408971285259,0.4026364995964706,0.04341408971285259,0.04465542510330006,0.48290510101947604,0.04341408971285259,0.04341408971285259,0.2210389286836081,0.4468377621272727,0.04341408971285259,0.04341408971285259,0.4841371341668604,0.04341408971285259,0.22191101513145747,0.04341408971285259,0.489642031447075,0.0446617506601468,0.04341408971285259,0.04341408971285259
0.21950714906155808,0.21950714906155808,0.25143371227608247,0.26301319300895504,0.25440569328220963,0.5755607614421681,0.8604395862848017,0.2195913290462686,0.22375409924015313,0.31024965357799605,0.5453643624397355,0.48260028484502104,0.30938574785305517,0.5267946631461191,0.21950714906155808,0.46945984351009434,0.30875924754027634,0.5296148160021289,0.5370969272189854,0.30867141040615587,0.47558546603588175,0.21950714906155808,0.5707412985740132,0.21950714906155808,0.4614724937727462,0.21950714906155808,0.5843140393225754,0.2196973111598932,0.5426713228076334,0.5149513249354174,0.21950714906155808,0.21950714906155808,0.5442523838772504,0.509293495666522,0.21950714906155808,0.4644820718794676,0.30922318776744173,0.5373852289044225,0.21950714906155808,0.515243634690525,0.532367340819207,0.21950714906155808,0.21950714906155808,0.5757300437921961,0.4693180941211017,0.21950714906155808,0.5332954720461713,0.3077623182826122,0.47411210391503605,0.2195656286728656,0.5810880707646833,0.21950714906155808,0.5351641903414026,0.5147624370024342,0.21973776351067573,0.21950714906155808,0.5369332053645003,0.21950714906155808,0.5170705432428799,0.46779140230283617,0.21969859547650938,0.5868641743182832,0.21950714906155808,0.4630183480723926,0.590425251055969,0.21950714906155808,0.21950714906155808,0.5719875400588359,0.5021873952398056,0.21950714906155808,0.5476498767163508,0.3082941636252456,0.4658862785702392,0.21950714906155808,0.5469321702077061,0.3084008825215742,0.5302578942830901,0.45385669372322923,0.3081466211072948,0.21950714906155808,0.21950714906155808,0.5307472317035785,0.21950714906155808,0.21950714906155808,0.46460766162999145,0.30810032794415493,0.21950714906155808,0.21950714906155808,0.5313766178773078,0.21950714906155808,0.21950714906155808,0.21950714906155808,0.5936907304261446,0.21950714906155808,0.21950714906155808,0.48016824306789463,0.21950714906155808,0.21950714906155808,0.21950714906155808,0.5856841387411782,0.21950714906155808,0.21975702390552548,0.21950714906155808,0.5322085510183481,0.21950714906155808,0.30748227840682907,0.21950714906155808,0.45566491776770346,0.21950714906155808,0.21975573993196176,0.5272299455833164,0.21950714906155808,0.21950714906155808,0.3083037835542764,0.49479114075017006,0.21950714906155808,0.21950714906155808,0.5283448696587022,0.21950714906155808,0.3089275334954995,0.21950714906155808,0.5333315477941283,0.21975702390552548,0.21950714906155808,0.21950714906155808
0.5010727838572807,0.5010727838572807,0.5153848940164631,0.5209342477166962,0.5167916435333485,0.7189643081846957,0.9284356502213219,0.5011085266483722,0.5028895489160193,0.5453643624397355,0.6971822034936392,0.6530901914109121,0.5448933768840398,0.6839536347855851,0.5010727838572807,0.6441071981707145,0.5445523540450182,0.6859536199776812,0.6912756734082635,0.5445045775964593,0.6482826951030802,0.5010727838572807,0.7154674826324449,0.5010727838572807,0.6386954608622102,0.5010727838572807,0.7253332534943078,0.5011535420789631,0.6952553055161927,0.6755921253361971,0.5010727838572807,0.5010727838572807,0.6963862366861316,0.6716198971714769,0.5010727838572807,0.6407301268894795,0.5448048474167834,0.6914811960856267,0.5010727838572807,0.6757977487291125,0.6879088433301935,0.5010727838572807,0.5010727838572807,0.719087263271896,0.6440108305750233,0.5010727838572807,0.6885688332333436,0.5440106234023643,0.6472764334686404,0.5010976131257937,0.7229834047722252,0.5010727838572807,0.6898987334882792,0.6754592740164542,0.5011707285787537,0.5010727838572807,0.6911589751356827,0.5010727838572807,0.6770837520388935,0.6429736579357933,0.5011540876924077,0.7271929058985556,0.5010727838572807,0.6397398789926086,0.7297927853611852,0.5010727838572807,0.5010727838572807,0.7163710175412777,0.6666522339434423,0.5010727838572807,0.6988196619783887,0.5442994858030444,0.6416813071745993,0.5010727838572807,0.6983052500396774,0.5443574874181071,0.6864101421445347,0.6335712944899929,0.5442193181218122,0.5010727838572807,0.5010727838572807,0.6867576385700339,0.5010727838572807,0.5010727838572807,0.640815151146774,0.5441941697413586,0.5010727838572807,0.5010727838572807,0.6872047344830619,0.5010727838572807,0.5010727838572807,0.5010727838572807,0.7321798569466076,0.5010727838572807,0.5010727838572807,0.6514203565912006,0.5010727838572807,0.5010727838572807,0.5010727838572807,0.7263321537724249,0.5010727838572807,0.5011789123912749,0.5010727838572807,0.6877959639464261,0.5010727838572807,0.543858655394133,0.5010727838572807,0.6347846903590437,0.5010727838572807,0.5011783668084899,0.6842621079951358,0.5010727838572807,0.5010727838572807,0.5443047136889675,0.6615079582584495,0.5010727838572807,0.5010727838572807,0.6850525904415585,0.5010727838572807,0.5446439129784524,0.5010727838572807,0.6885944936365532,0.5011789123912749,0.5010727838572807,0.5010727838572807
0.4310152850828805,0.4310152850828805,0.4478274866252511,0.45430682307564246,0.44947197368133207,0.6771266151980084,0.9089334276616682,0.4310574648210216,0.433157961673836,0.48260028484502104,0.6530901914109121,0.6042190096536826,0.48205808854611615,0.6384623499548718,0.4310152850828805,0.5942159314908286,0.48166542965368525,0.6406755645925788,0.6465620523645478,0.4816104140768241,0.5988678647994161,0.4310152850828805,0.673271486556814,0.4310152850828805,0.5881805468087306,0.4310152850828805,0.6841451120107572,0.4311105856800196,0.6509610404725016,0.6292023441132433,0.4310152850828805,0.4310152850828805,0.6522107391021427,0.6247990862780339,0.4310152850828805,0.5904505207642544,0.48195616043601275,0.6467892875763701,0.4310152850828805,0.6294302042614792,0.6428386461690466,0.4310152850828805,0.4310152850828805,0.6772621465803903,0.5941085200401266,0.4310152850828805,0.6435686677582922,0.4810415426511175,0.5977471541723111,0.43104458598069134,0.6815560465544054,0.4310152850828805,0.6450394858010986,0.6290551219332904,0.4311308663398552,0.4310152850828805,0.6464330227174416,0.4310152850828805,0.6308551144033314,0.5929523466368042,0.43111122952620107,0.6861937333793819,0.4310152850828805,0.5893458783797169,0.6890573103037827,0.4310152850828805,0.4310152850828805,0.6742677216997145,0.6192883425386474,0.4310152850828805,0.6548991274421169,0.48137423248812805,0.5915113574834999,0.4310152850828805,0.6543308839659555,0.4814410288709936,0.64118067175274,0.5824591818629107,0.4812819059870026,0.4310152850828805,0.4310152850828805,0.6415651286680059,0.4310152850828805,0.4310152850828805,0.590545355949629,0.4812529426963335,0.4310152850828805,0.4310152850828805,0.6420597514494569,0.4310152850828805,0.4310152850828805,0.4310152850828805,0.6916860143295651,0.4310152850828805,0.4310152850828805,0.602360925288407,0.4310152850828805,0.4310152850828805,0.4310152850828805,0.6852455528878082,0.4310152850828805,0.4311405234376698,0.4310152850828805,0.6427137825374079,0.4310152850828805,0.4808664991192564,0.4310152850828805,0.5838145980692904,0.4310152850828805,0.43113987963835904,0.6388037521703537,0.4310152850828805,0.4310152850828805,0.4813802531520071,0.6135767193972776,0.4310152850828805,0.4310152850828805,0.6396785488587519,0.4310152850828805,0.48177085820693466,0.4310152850828805,0.6435970496682315,0.4311405234376698,0.4310152850828805,0.4310152850828805
0.2182801328621618,0.2182801328621618,0.25036411188057434,0.26199127508995046,0.25334874231216226,0.5751197425270393,0.8602294254518604,0.21836478804845427,0.22255061078630142,0.30938574785305517,0.5448933768840398,0.48205808854611615,0.30851937819223163,0.5263040096178602,0.2182801328621618,0.46890078546710934,0.30789108261965664,0.5291272170493709,0.5366173126849757,0.3078029932158576,0.4750343669354105,0.2182801328621618,0.5702956474144395,0.2182801328621618,0.46090278583459776,0.2182801328621618,0.5838813007108059,0.21847136791948882,0.5421975480713939,0.5144475596594584,0.2182801328621618,0.2182801328621618,0.543780249136008,0.5087832968079345,0.2182801328621618,0.46391641387430815,0.3083563529675086,0.5369059186356716,0.2182801328621618,0.5147401987396928,0.5318826991218591,0.2182801328621618,0.2182801328621618,0.5752891866185023,0.46875884980141586,0.2182801328621618,0.5328118222342144,0.306891281899998,0.4735591065385948,0.21833894263344356,0.5806522999453784,0.2182801328621618,0.5346825296389186,0.5142584587614866,0.2185120482762408,0.2182801328621618,0.5364534179330652,0.2182801328621618,0.5165691588470124,0.4672301455714202,0.21847265947633215,0.5864338170507357,0.2182801328621618,0.46245072605644744,0.5899981966116117,0.2182801328621618,0.2182801328621618,0.5715430918634907,0.5016689511989693,0.2182801328621618,0.5471812422778345,0.30742466137886265,0.46532249468791875,0.2182801328621618,0.5464627990271107,0.3075316874885552,0.5297709883517253,0.4532765290793862,0.3072766937854414,0.2182801328621618,0.2182801328621618,0.5302608522470437,0.2182801328621618,0.2182801328621618,0.4640421716413932,0.3072302671679712,0.2182801328621618,0.2182801328621618,0.530890914477532,0.2182801328621618,0.2182801328621618,0.2182801328621618,0.5932666820840199,0.2182801328621618,0.2182801328621618,0.4796229850827785,0.2182801328621618,0.2182801328621618,0.2182801328621618,0.5852526812385405,0.2182801328621618,0.21853141720099678,0.2182801328621618,0.5317237393586749,0.2182801328621618,0.30661043214944533,0.2182801328621618,0.4550872634764346,0.2182801328621618,0.2185301259929952,0.5267397651686858,0.2182801328621618,0.2182801328621618,0.30743430900945745,0.4942639105705357,0.2182801328621618,0.2182801328621618,0.5278558983150196,0.2182801328621618,0.3080598515033367,0.2182801328621618,0.5328479364827043,0.21853141720099678,0.2182801328621618,0.2182801328621618
0.48051997552016024,0.48051997552016024,0.49550461870789286,0.501306099611677,0.4969757211121052,0.7064023610376843,0.9226427458111239,0.4805574398921502,0.48242397183774566,0.5267946631461191,0.6839536347855851,0.6384623499548718,0.5263040096178602,0.6703133503862149,0.48051997552016024,0.6291833186888003,0.5259487288752572,0.6723759700308107,0.6778640051757059,0.5258989537826426,0.6334969620619706,0.48051997552016024,0.702799316757547,0.48051997552016024,0.6235910709190615,0.48051997552016024,0.7129641138904196,0.4806046232179434,0.6819671269642728,0.6616883387003294,0.48051997552016024,0.48051997552016024,0.6831330583260871,0.6575899487455731,0.48051997552016024,0.6256938022087172,0.5262117801810834,0.6780759180873068,0.48051997552016024,0.6619004751256199,0.6743922868106615,0.48051997552016024,0.48051997552016024,0.7065290461412422,0.6290837513491226,0.48051997552016024,0.6750728684702935,0.5253843193157245,0.6324574958018948,0.48054600073390025,0.7105432210843681,0.48051997552016024,0.6764442158413848,0.6615512784558691,0.4806226373101259,0.48051997552016024,0.6777436778194745,0.48051997552016024,0.6632271731853607,0.6280121077731788,0.48060519510543104,0.7148799176717119,0.48051997552016024,0.6246704579859352,0.7175581979982553,0.48051997552016024,0.48051997552016024,0.7037303231625156,0.6524635575473914,0.48051997552016024,0.6856416587591436,0.5256852791252286,0.6266767195933112,0.48051997552016024,0.6851113703496787,0.5257457085715136,0.6728467689978833,0.6182943945920187,0.5256017550997375,0.48051997552016024,0.48051997552016024,0.6732051276644969,0.48051997552016024,0.48051997552016024,0.6257816655135998,0.5255755536792586,0.48051997552016024,0.48051997552016024,0.6736661928305754,0.48051997552016024,0.48051997552016024,0.48051997552016024,0.7200171551019583,0.48051997552016024,0.48051997552016024,0.6367378111558363,0.48051997552016024,0.48051997552016024,0.48051997552016024,0.7139931832537157,0.48051997552016024,0.4806312151852492,0.48051997552016024,0.6742758840503262,0.48051997552016024,0.5252259828093766,0.48051997552016024,0.6195487843907209,0.48051997552016024,0.48063064333220634,0.6706314937294122,0.48051997552016024,0.48051997552016024,0.525690725857049,0.6471537397261151,0.48051997552016024,0.48051997552016024,0.6714467405782801,0.48051997552016024,0.5260441172278559,0.48051997552016024,0.6750993291738598,0.4806312151852492,0.48051997552016024,0.48051997552016024
0.0,0.0,0.12271298544847527,0.14500906268456099,0.12870399791219794,0.5342496263471631,0.8408964152537145,0.006083281870032289,0.04341408971285259,0.21950714906155808,0.5010727838572807,0.4310152850828805,0.2182801328621618,0.48051997552016024,0.0,0.41609847436709935,0.2173881493719325,0.48364959383734213,0.49193803805837616,0.2172629442735905,0.4230651285265009,0.0,0.5289725274740827,0.0,0.4069783478631112,0.0,0.5438182578249305,0.009144251270202913,0.49809986035312,0.4673418755227111,0.0,0.0,0.4998455416570997,0.4610252338165678,0.0,0.4104197096656045,0.21804886239646337,0.4922569939200761,0.0,0.46766783917996074,0.4867012000926964,0.0,0.0,0.5344348680427632,0.41593698495366377,0.0,0.48772953080916065,0.2159649648499083,0.421391594375799,0.0050701755228497935,0.5402941060895642,0.0,0.4897990149755895,0.4671312210000551,0.01007046490039906,0.0,0.49175689473043505,0.0,0.46970424579935055,0.4141968699181132,0.009175091985693367,0.5466022545884957,0.0,0.40874674940543865,0.5504872315521728,0.0,0.0,0.5303377191784171,0.453070960495513,0.0,0.5035938863906556,0.21672479541603995,0.4120233033725284,0.0,0.5028023894088962,0.21687709974864902,0.4843628067876235,0.398241827611722,0.21651414076013953,0.0,0.0,0.4849054052547311,0.0,0.0,0.41056318547833687,0.21644802417464265,0.0,0.0,0.4856031611194281,0.0,0.0,0.0,0.554047056325105,0.0,0.0,0.4282622169238139,0.0,0.0,0.0,0.5453142039858602,0.0,0.010482795099707752,0.0,0.48652523506831385,0.0,0.2155643384223352,0.0,0.40031988731547097,0.0,0.010455812305907202,0.48100322632985376,0.0,0.0,0.2167385267458726,0.444766004799004,0.0,0.0,0.4822406760929136,0.0,0.2176279271807216,0.0,0.4877694946949897,0.010482795099707752,0.0,0.0
0.41609847436709935,0.41609847436709935,0.43353127512553646,0.44023825254327753,0.4352341173559549,0.6686163293530555,0.9049059470924884,0.41614226856459374,0.4183227835660579,0.46945984351009434,0.6441071981707145,0.5942159314908286,0.46890078546710934,0.6291833186888003,0.41609847436709935,0.5839916769978667,0.46849589425606,0.6314417804151077,0.6374478045625244,0.4684391633900113,0.5887470711998114,0.41609847436709935,0.6646864037064879,0.41609847436709935,0.577820434962166,0.41609847436709935,0.6757701103416976,0.416197422232488,0.6419353853252208,0.6197321054773395,0.41609847436709935,0.41609847436709935,0.6432101411390257,0.6152368016998886,0.41609847436709935,0.5801417267485415,0.4687956837390019,0.6376796312896601,0.41609847436709935,0.6199647085923979,0.6336489220524066,0.41609847436709935,0.41609847436709935,0.6687544838402649,0.5838818639665321,0.41609847436709935,0.63439377792665,0.46785253511367897,0.5876015329563584,0.416128896809557,0.673131268773099,0.41609847436709935,0.6358944296357679,0.6195818177843249,0.4162184788586381,0.41609847436709935,0.6373161669967894,0.41609847436709935,0.621419234219646,0.5826998031597669,0.4161980907141942,0.6778580145049906,0.41609847436709935,0.5790121450619132,0.6807763535038597,0.41609847436709935,0.41609847436709935,0.6657020022087786,0.6096097829224391,0.41609847436709935,0.6459522713012928,0.4681956141165219,0.5812264543114826,0.41609847436709935,0.645372686664775,0.4682644948639424,0.6319571903849054,0.571968511081122,0.4681004057433848,0.41609847436709935,0.41609847436709935,0.6323494833427175,0.41609847436709935,0.41609847436709935,0.5802387000580917,0.46807053819238403,0.41609847436709935,0.41609847436709935,0.6328541801971677,0.41609847436709935,0.41609847436709935,0.41609847436709935,0.6834551813426105,0.41609847436709935,0.41609847436709935,0.5923171265156507,0.41609847436709935,0.41609847436709935,0.41609847436709935,0.6768916635664515,0.41609847436709935,0.4162285054259551,0.41609847436709935,0.6335215193610836,0.41609847436709935,0.46767202022949744,0.41609847436709935,0.5733550171348882,0.41609847436709935,0.4162278369961117,0.6295317116280724,0.41609847436709935,0.41609847436709935,0.46820182267480037,0.6037763250762177,0.41609847436709935,0.41609847436709935,0.6304244025970194,0.41609847436709935,0.4686046089143709,0.41609847436709935,0.6344227362068876,0.4162285054259551,0.41609847436709935,0.41609847436709935
0.2173881493719325,0.2173881493719325,0.2495874629470413,0.261249485020343,0.2525813441979468,0.574800438395316,0.8600772816063382,0.21747315334983103,0.2216758916338895,0.30875924754027634,0.5445523540450182,0.48166542965368525,0.30789108261965664,0.5259487288752572,0.2173881493719325,0.46849589425606,0.3072614789475606,0.5287741508368591,0.5362700347703451,0.30717320572660967,0.47463524980352645,0.2173881493719325,0.5699729863864639,0.2173881493719325,0.4604901675072551,0.2173881493719325,0.5835679968135817,0.217580171961198,0.5418545034339965,0.5140827723049016,0.2173881493719325,0.2173881493719325,0.5434383932911822,0.5084138443598968,0.2173881493719325,0.4635067341163856,0.3077277184794039,0.5365588612891311,0.2173881493719325,0.5143756501759319,0.5315317768210935,0.2173881493719325,0.2173881493719325,0.574969999695141,0.4683538234436891,0.2173881493719325,0.5324616190036475,0.3062595858811209,0.47315861228514444,0.2174472014766358,0.5803367988408742,0.2173881493719325,0.5343337683983993,0.513893516987443,0.21762101966749178,0.2173881493719325,0.5361060146812809,0.2173881493719325,0.5162060978302926,0.46682365915954116,0.21758146883216484,0.5861222386901744,0.2173881493719325,0.46203962125901926,0.5896890114390608,0.2173881493719325,0.2173881493719325,0.5712213026131507,0.5012935195926118,0.2173881493719325,0.5468419236563747,0.3067940832509083,0.46491417471976626,0.2173881493719325,0.5461229463789601,0.30690133321665397,0.5294184245621568,0.45285632290460115,0.3066458059173583,0.2173881493719325,0.2173881493719325,0.5299086701361291,0.2173881493719325,0.2173881493719325,0.46363261379083615,0.3065992820551418,0.2173881493719325,0.2173881493719325,0.5305392224848897,0.2173881493719325,0.2173881493719325,0.2173881493719325,0.592959675040713,0.2173881493719325,0.2173881493719325,0.47922810526270004,0.2173881493719325,0.2173881493719325,0.2173881493719325,0.584940305645238,0.2173881493719325,0.2176404682496279,0.2173881493719325,0.531372693842538,0.2173881493719325,0.3059781459811411,0.2173881493719325,0.4546688790066501,0.2173881493719325,0.21763917173179628,0.526384827432017,0.2173881493719325,0.2173881493719325,0.30680375106675095,0.49388210696201684,0.2173881493719325,0.2173881493719325,0.5275018371439117,0.2173881493719325,0.3074305997165087,0.2173881493719325,0.5324977611630728,0.2176404682496279,0.2173881493719325,0.2173881493719325
