0.26699514022746185,0.21447038055532194,0.3795158262457394,0.8554978018154996,0.5368782004621752,0.18965812133994198,0.293014569785652,0.5448706805953242,0.47848993713549753,0.29227069429541186,0.5248466314885581,0.18908488144529276,0.46436118365666035,0.29131227032446316,0.528224883258588,0.5368066744572735,0.29126768789261637,0.18885416113658035,0.4714624244860643,0.18885416113658035,0.5716655308097004,0.4561891179755338,0.18885416113658035,0.18885416113658035,0.5861694775601871,0.5427322681002533,0.18885416113658035,0.5128097685046166,0.5440049919587933,0.189086439406358,0.2906712607570803,0.4533956845782191,0.4594728870842315,0.18885416113658035,0.5863556446044467,0.18885416113658035,0.4594431350137295,0.291152654569947,0.5313129570470819,0.18885416113658035,0.5282948839803348,0.2927883251749093,0.4624439552598692,0.18885416113658035,0.5812351176475419,0.4692500718827024,0.18885416113658035,0.5332998783064621,0.2909965027967232,0.5341165632903812,0.18915809170892298,0.5126493819298293,0.18885416113658035,0.5356755017789508,0.28988535058370357,0.46225366142483626,0.18885416113658035,0.46250249513222913,0.5894078145609997,0.18885416113658035,0.4576743803367653,0.18885416113658035,0.5923694107504421,0.18885416113658035,0.5421923904844902,0.29002021192630745,0.47971683963831707,0.5476953690445538,0.29082352454178406,0.18915575564997728,0.46084254502853017,0.5466979978624052,0.29105380179009405,0.5288741754511643,0.18885416113658035,0.5021369253785023,0.18885416113658035,0.18885416113658035,0.5296543392447252,0.18885416113658035,0.18885416113658035,0.18885416113658035,0.5128623983851601,0.18885416113658035,0.18885416113658035,0.530279909817619,0.18885416113658035,0.18885416113658035,0.18885416113658035,0.5963081786710867,0.18885416113658035,0.18885416113658035,0.18915809170892298,0.4759156609442533,0.18885416113658035,0.18885416113658035,0.5890513088635252,0.18908488144529276,0.18885416113658035,0.18885416113658035,0.18885416113658035,0.531081729686198,0.18885416113658035,0.2899769612199443,0.44985833787425733,0.18885416113658035,0.18885416113658035,0.18885416113658035,0.52546158334312,0.18885416113658035,0.2907814060548313,0.491370921462051,0.18885416113658035,0.18915731302582284,0.18885416113658035,0.5270386682898204,0.2916039175213518,0.18885416113658035,0.18885416113658035,0.5324125334505654,0.18885416113658035,0.18885416113658035,0.45455479237335833,0.18885416113658035,0.29088846662548773
0.21447038055532194,0.14380252151053433,0.34484741119463097,0.8452103604724172,0.5137025799940281,0.10317278143051363,0.24615664327970274,0.5221115083690886,0.45190880021828544,0.24526904700389318,0.5010241188381014,0.10211456577998099,0.4368381751605323,0.24412405515168145,0.5045865334047669,0.5136272806928706,0.2440707556861866,0.10168645625908966,0.4444195561660704,0.10168645625908966,0.5502335925277245,0.4280956626526581,0.10168645625908966,0.10168645625908966,0.5654167874490884,0.5198626669124781,0.10168645625908966,0.48831404292185937,0.5212012008902421,0.10211745230619153,0.24335737906296542,0.42510262349048245,0.43161103073083795,0.10168645625908966,0.5656115122093209,0.10168645625908966,0.4315791948216121,0.2439332144109037,0.5078412012483745,0.10168645625908966,0.5046603288501317,0.24588678640336525,0.4347888774225549,0.10168645625908966,0.5602541552471995,0.4420591166296285,0.10168645625908966,0.5099344468096192,0.24374647247661707,0.5107946406995655,0.1022501444063982,0.4881444993515097,0.10168645625908966,0.5124363218795824,0.2424164137937759,0.43458541712726384,0.10168645625908966,0.4348514655620379,0.5688034286953895,0.10168645625908966,0.42968608092893446,0.10168645625908966,0.5718996393137197,0.10168645625908966,0.5192947964875084,0.24257795976982469,0.45321499955601224,0.5250809829257204,0.24353955818936227,0.10224582020681353,0.43307633566885834,0.5240326284721613,0.24381500127844094,0.5052709907060288,0.10168645625908966,0.4770205172145289,0.10168645625908966,0.10168645625908966,0.5060933103512977,0.10168645625908966,0.10168645625908966,0.10168645625908966,0.4883696765126325,0.10168645625908966,0.10168645625908966,0.5067526071740381,0.10168645625908966,0.10168645625908966,0.10168645625908966,0.5760159721867768,0.10168645625908966,0.10168645625908966,0.1022501444063982,0.44916688851211317,0.10168645625908966,0.10168645625908966,0.5684306536505621,0.10211456577998099,0.10168645625908966,0.10168645625908966,0.10168645625908966,0.5075975567307837,0.10168645625908966,0.24252615467062227,0.42130900828728163,0.10168645625908966,0.10168645625908966,0.10168645625908966,0.5016727454158532,0.10168645625908966,0.24348916871465967,0.4656037968056623,0.10168645625908966,0.10224870302687747,0.10168645625908966,0.5033358831363239,0.24447264216366488,0.10168645625908966,0.10168645625908966,0.5089997011333375,0.10168645625908966,0.10168645625908966,0.42634484855095417,0.10168645625908966,0.24361724716148472
0.3795158262457394,0.34484741119463097,0.4647654857310306,0.8830321474160581,0.5979012297000359,0.330074712250264,0.398095979764118,0.604909221994803,0.547284306356381,0.39755368413389464,0.5873842578291001,0.3297474123930103,0.5352163649848791,0.3968558984406839,0.5903331428766518,0.5978385900807457,0.3968234652296754,0.32961586587484426,0.5412718643771265,0.32961586587484426,0.6285176157991339,0.5282737490715467,0.32961586587484426,0.32961586587484426,0.6413623853247148,0.6030325826047764,0.32961586587484426,0.5769045744668552,0.6041493651227235,0.32974830103808783,0.3963897879792972,0.5259071879302767,0.531060065565314,0.32961586587484426,0.6415275274732073,0.32961586587484426,0.5310347997329798,0.3967397901958375,0.5930315603228751,0.32961586587484426,0.5903942811139719,0.39793097851812415,0.533585031114463,0.32961586587484426,0.6369877426133758,0.5393831092801392,0.32961586587484426,0.5947691735685915,0.3966262296679896,0.5954837002074426,0.32978917606148345,0.5767652341996203,0.32961586587484426,0.5968481371128971,0.39581895027664077,0.5334231977070147,0.32961586587484426,0.5336348188028849,0.644235938852096,0.32961586587484426,0.5295334342184541,0.32961586587484426,0.6468656460450586,0.32961586587484426,0.6025589800288155,0.3959168553915382,0.5483359529445432,0.6073899100320644,0.39650046445884096,0.32978784326209853,0.53222360542694,0.606513772388657,0.39666789683861026,0.5909002842158778,0.32961586587484426,0.5676501175473829,0.32961586587484426,0.32961586587484426,0.591581896037456,0.32961586587484426,0.32961586587484426,0.32961586587484426,0.576950299876323,0.32961586587484426,0.32961586587484426,0.5921285666456955,0.32961586587484426,0.32961586587484426,0.32961586587484426,0.6503655025631524,0.32961586587484426,0.32961586587484426,0.32978917606148345,0.5450796285863397,0.32961586587484426,0.32961586587484426,0.6439194947658492,0.3297474123930103,0.32961586587484426,0.32961586587484426,0.32961586587484426,0.592829417080077,0.32961586587484426,0.3958854544716417,0.5229153654021783,0.32961586587484426,0.32961586587484426,0.32961586587484426,0.5879208072125898,0.32961586587484426,0.3964698470208922,0.5583532656289198,0.32961586587484426,0.32978873179563434,0.32961586587484426,0.5892973208964969,0.39706812393182817,0.32961586587484426,0.32961586587484426,0.5939930332548251,0.32961586587484426,0.32961586587484426,0.526888752463109,0.32961586587484426,0.3965476771339105
0.8554978018154996,0.8452103604724172,0.8830321474160581,1.0,0.9292314057477689,0.8410244111332397,0.8612538259325586,0.9316631164570268,0.9115380995856859,0.8610836256714341,0.9255695839962857,0.8409330954507638,0.9073157510764277,0.8608648133771264,0.9265976523210817,0.9292096374271104,0.8608546481181318,0.8408964121211313,0.9094335418549668,0.8408964121211313,0.9397871819088361,0.9048908573556578,0.8408964121211313,0.8408964121211313,0.9441498398778023,0.9310126863986354,0.8408964121211313,0.9219094900260768,0.9313998245296963,0.8409333432947717,0.8607187687192974,0.9040652124170894,0.9058635887079789,0.8408964121211313,0.9442056112254693,0.8408964121211313,0.9058547652078164,0.8608284247078372,0.9275375440536604,0.8408964121211313,0.9266189568643939,0.8612020265021894,0.9067456281234956,0.8408964121211313,0.942669384256481,0.9087727571839066,0.8408964121211313,0.9281423087580877,0.8607928402131376,0.9283908833457734,0.8409447438822574,0.9218607672203804,0.8408964121211313,0.9288653659995402,0.8605400401828536,0.9066890806506661,0.8408964121211313,0.9067630252176828,0.9451190465351987,0.8408964121211313,0.9053305436733208,0.8408964121211313,0.9460036409541874,0.8408964121211313,0.9308484494873321,0.8605706839662239,0.9119063477757798,0.9325220028352821,0.8607534379456305,0.840944372131283,0.9062699833362917,0.9322187789801726,0.8608058960759994,0.9267952650236339,0.8408964121211313,0.9186711861380719,0.8408964121211313,0.8408964121211313,0.9270327145412792,0.8408964121211313,0.8408964121211313,0.8408964121211313,0.9219254784525568,0.8408964121211313,0.8408964121211313,0.9272231160243286,0.8408964121211313,0.8408964121211313,0.8408964121211313,0.9471772878877105,0.8408964121211313,0.8408964121211313,0.8409447438822574,0.9107662195500407,0.8408964121211313,0.8408964121211313,0.9450124452220634,0.8409330954507638,0.8408964121211313,0.8408964121211313,0.8408964121211313,0.9274671650902426,0.8408964121211313,0.8605608551847691,0.903022208813856,0.8408964121211313,0.8408964121211313,0.8408964121211313,0.9257567097223356,0.8408964121211313,0.8607438465455204,0.9154150829373358,0.8408964121211313,0.8409446199653207,0.8408964121211313,0.9262366411431182,0.8609313407271035,0.8408964121211313,0.8408964121211313,0.9278722251735136,0.8408964121211313,0.8408964121211313,0.904407596620254,0.8408964121211313,0.860768228873946
0.5368782004621752,0.5137025799940281,0.5979012297000359,0.9292314057477689,0.7008311975144255,0.5041796716717885,0.5497299581114891,0.7064134237718078,0.6609103848721127,0.5493509307066627,0.6924764935767296,0.5039712503052481,0.6515145730699102,0.5488635643272427,0.6948162464726652,0.700781354592338,0.5488409207125085,0.5038875147954274,0.6562226103024186,0.5038875147954274,0.7252974327900537,0.6461339131163489,0.5038875147954274,0.5038875147954274,0.735616063592667,0.7049174537527954,0.5038875147954274,0.6841804990344271,0.7058076032380032,0.5039718160318812,0.5485382232512568,0.6443040882717138,0.6482911219680313,0.5038875147954274,0.735748905311663,0.5038875147954274,0.6482715471686509,0.5487825058432781,0.696959238781294,0.5038875147954274,0.694864779729354,0.5496146093025411,0.650248591049412,0.5038875147954274,0.7320986510031847,0.6547526816800794,0.5038875147954274,0.6983401695597972,0.5487032362145987,0.6989082432222103,0.5039978386760195,0.6840703999842619,0.5038875147954274,0.6999933691136484,0.5481400158633302,0.6501230569371416,0.5038875147954274,0.6502872133528126,0.7379281773537862,0.5038875147954274,0.6471088044295101,0.5038875147954274,0.7400451848080859,0.5038875147954274,0.7045400486143257,0.5482082947233518,0.6617316475202477,0.7083921477369548,0.5486154590499003,0.5039969901356476,0.6491928465153607,0.7076931365318259,0.5487323203325565,0.695266496263026,0.5038875147954274,0.6768804831206803,0.5038875147954274,0.5038875147954274,0.6958077328262017,0.5038875147954274,0.5038875147954274,0.5038875147954274,0.6842166299606081,0.5038875147954274,0.5038875147954274,0.6962419046832173,0.5038875147954274,0.5038875147954274,0.5038875147954274,0.7428642566557565,0.5038875147954274,0.5038875147954274,0.5039978386760195,0.6591899466489746,0.5038875147954274,0.5038875147954274,0.7376734985440637,0.5039712503052481,0.5038875147954274,0.5038875147954274,0.5038875147954274,0.6967986391417885,0.5038875147954274,0.5481863949536685,0.6419940221960009,0.5038875147954274,0.5038875147954274,0.5038875147954274,0.69290204186811,0.5038875147954274,0.5485940916487653,0.6695734031769548,0.5038875147954274,0.5039975558294095,0.5038875147954274,0.6939941289133361,0.5490117522966715,0.5038875147954274,0.5038875147954274,0.6977232550880133,0.5038875147954274,0.5038875147954274,0.6450627637434385,0.5038875147954274,0.5486484094328881
0.18965812133994198,0.10317278143051363,0.330074712250264,0.8410244111332397,0.5041796716717885,0.02467809497543861,0.224884047166993,0.5127681046790746,0.4408935663087631,0.22391159919338233,0.49122114698506175,0.01979287893906076,0.42540187341248575,0.22265611160715837,0.49486344708528607,0.5041027431395324,0.2225976397830527,0.017450048710677173,0.4331983837078867,0.017450048710677173,0.5414583162091071,0.4164024379756063,0.017450048710677173,0.017450048710677173,0.5569300375500128,0.5104717235990678,0.017450048710677173,0.47821797490926926,0.5118385939292958,0.019807766397953782,0.22181478596774593,0.4133191501894342,0.42002229230780525,0.017450048710677173,0.5571283881456999,0.017450048710677173,0.4199895173538068,0.222446739138474,0.4981902729500608,0.017450048710677173,0.49493888728849816,0.22458846642497407,0.4232932229921923,0.017450048710677173,0.5516706039883512,0.43077170069448395,0.017450048710677173,0.5003295189708639,0.2222418314667102,0.501208524951151,0.020480894793145604,0.47804443288384946,0.017450048710677173,0.5028859631430821,0.2207814641920153,0.4230838413573305,0.017450048710677173,0.42335763159938183,0.5603794820671136,0.017450048710677173,0.4180403276688037,0.017450048710677173,0.5635326400864226,0.017450048710677173,0.5098917955096537,0.22095892421912056,0.44223504167921246,0.5157998453536303,0.22201475202656984,0.020459294267410343,0.42153067781325176,0.5147295735276309,0.22231703024558547,0.49556314408913404,0.017450048710677173,0.46665269281091987,0.017450048710677173,0.017450048710677173,0.49640372712220127,0.017450048710677173,0.017450048710677173,0.017450048710677173,0.4782749200178145,0.017450048710677173,0.017450048710677173,0.4970776306857379,0.017450048710677173,0.017450048710677173,0.017450048710677173,0.5677240057438514,0.017450048710677173,0.017450048710677173,0.020480894793145604,0.43807699237021747,0.017450048710677173,0.017450048710677173,0.5599998206593392,0.01979287893906076,0.017450048710677173,0.017450048710677173,0.017450048710677173,0.49794125357627333,0.017450048710677173,0.2209020183871892,0.4094093979872971,0.017450048710677173,0.017450048710677173,0.017450048710677173,0.4918843901703322,0.017450048710677173,0.22195944584818603,0.45494943651216996,0.017450048710677173,0.020473697150038654,0.017450048710677173,0.49358486041521943,0.22303846330920177,0.017450048710677173,0.017450048710677173,0.4993742706980099,0.017450048710677173,0.017450048710677173,0.4145989776107361,0.017450048710677173,0.22210001687848324
0.293014569785652,0.24615664327970274,0.398095979764118,0.8612538259325586,0.5497299581114891,0.224884047166993,0.31687588890706114,0.5575027332645306,0.49310836672185415,0.31618909388374217,0.5380381253587946,0.2244011166074807,0.47945840904120635,0.3153045852972479,0.5413198510368822,0.5496604192433588,0.31526345138566764,0.22420686380366459,0.48631612030572124,0.22420686380366459,0.5835923116973764,0.47157418191214184,0.22420686380366459,0.22420686380366459,0.5977324152007222,0.5554226547232622,0.22420686380366459,0.526352793394279,0.5566606209741195,0.2244024285516088,0.31471324680663054,0.4688810798551163,0.47474128663686016,0.22420686380366459,0.5979139860326744,0.22420686380366459,0.4747125854700336,0.3151573202888132,0.5443204744514766,0.22420686380366459,0.5413878611908464,0.31666697835854124,0.4776079657879611,0.22420686380366459,0.5929205450835657,0.48417900007444686,0.22420686380366459,0.5462515172049471,0.315013262567097,0.5470453214881734,0.2244627696504946,0.5261971738817249,0.22420686380366459,0.5485607233141453,0.3139884950613636,0.47742432522401934,0.22420686380366459,0.4776644598171769,0.6008910577958938,0.22420686380366459,0.4730065070653263,0.22420686380366459,0.6037802381541275,0.22420686380366459,0.5548975556846626,0.314112841312993,0.49429475991376853,0.5602508569929707,0.3148536946993265,0.22446080226311305,0.4760626852613676,0.5592804569526486,0.3150661224141288,0.5419506944467756,0.22420686380366459,0.5160021857415116,0.22420686380366459,0.22420686380366459,0.5427087344908119,0.22420686380366459,0.22420686380366459,0.22420686380366459,0.5264038594812139,0.22420686380366459,0.22420686380366459,0.5433165994440353,0.22420686380366459,0.22420686380366459,0.22420686380366459,0.6076233722867576,0.22420686380366459,0.22420686380366459,0.2244627696504946,0.4906196269931312,0.22420686380366459,0.22420686380366459,0.600543299179288,0.2244011166074807,0.22420686380366459,0.22420686380366459,0.22420686380366459,0.5440957695726355,0.22420686380366459,0.3140729619276738,0.46547225009655885,0.22420686380366459,0.22420686380366459,0.22420686380366459,0.538635438666574,0.22420686380366459,0.3148148435976099,0.5055720553268446,0.22420686380366459,0.22446211385662787,0.22420686380366459,0.5401674263916,0.3155736956374292,0.22420686380366459,0.22420686380366459,0.5453890900464956,0.22420686380366459,0.22420686380366459,0.4699984334247343,0.22420686380366459,0.31491360043748146
0.5448706805953242,0.5221115083690886,0.604909221994803,0.9316631164570268,0.7064134237718078,0.5127681046790746,0.5575027332645306,0.7119232327333519,0.6670216711114448,0.5571300799728283,0.6981677114555069,0.5125636708444238,0.6577539929901565,0.5566509188061565,0.7004768627956875,0.7063642288496147,0.5566286566663053,0.5124815380938478,0.6623976229496349,0.5124815380938478,0.7305642271717413,0.6524474648169549,0.5124815380938478,0.5124815380938478,0.7407510411187455,0.7104466400302111,0.5124815380938478,0.6899807536769741,0.7113252568621609,0.5125642257440485,0.556331060866138,0.6506429823988858,0.6545748840965332,0.5124815380938478,0.7408821890935082,0.5124815380938478,0.6545555791937366,0.5565712260100468,0.7025918814590392,0.5124815380938478,0.7005247619519743,0.5573893236206439,0.6565054018130235,0.5124815380938478,0.7372785033991496,0.6609477588212039,0.5124815380938478,0.7039548129563132,0.5564932922070123,0.7045154882073891,0.5125897503812769,0.6898721075843478,0.5124815380938478,0.7055864912521173,0.5559395709523465,0.6563815938610571,0.5124815380938478,0.6565434931010765,0.7430336851300169,0.5124815380938478,0.6534088819950219,0.5124815380938478,0.7451237268456854,0.5124815380938478,0.7100741267775179,0.5560066975045723,0.6678318093942229,0.7138763580934849,0.5564069945536225,0.5125889180791655,0.6554641839166037,0.7131863858763474,0.5565218861772113,0.7009212309703341,0.5124815380938478,0.6827774332802106,0.5124815380938478,0.5124815380938478,0.7014554003747134,0.5124815380938478,0.5124815380938478,0.5124815380938478,0.6900164078246959,0.5124815380938478,0.5124815380938478,0.7018839054265968,0.5124815380938478,0.5124815380938478,0.5124815380938478,0.7479069127701328,0.5124815380938478,0.5124815380938478,0.5125897503812769,0.6653245752592457,0.5124815380938478,0.5124815380938478,0.7427822514061804,0.5125636708444238,0.5124815380938478,0.5124815380938478,0.5124815380938478,0.7024333764488787,0.5124815380938478,0.555985167304018,0.6483650086148028,0.5124815380938478,0.5124815380938478,0.5124815380938478,0.6985876892965116,0.5124815380938478,0.5563859873574887,0.6755679178429331,0.5124815380938478,0.5125894729474122,0.5124815380938478,0.6996654905011138,0.5567966108173414,0.5124815380938478,0.5124815380938478,0.7033459368986866,0.5124815380938478,0.5124815380938478,0.6513911421781856,0.5124815380938478,0.556439389508322
0.47848993713549753,0.45190880021828544,0.547284306356381,0.9115380995856859,0.6609103848721127,0.4408935663087631,0.49310836672185415,0.6670216711114448,0.6170861424122039,0.49267836209180493,0.6517571381778217,0.44065181942009013,0.606734103776175,0.4921253501463363,0.6543213787021576,0.6608558024450053,0.4920996538936457,0.4405546867885694,0.6119233529321539,0.4405546867885694,0.6876726019069236,0.6007981549212236,0.4405546867885694,0.4405546867885694,0.6989444403464576,0.6653842526537264,0.4405546867885694,0.6426594475291695,0.6663585971594232,0.44065247564313437,0.49175612628902166,0.5987781470398523,0.6031786890639452,0.4405546867885694,0.6990895071357424,0.4405546867885694,0.6031570920320909,0.49203336288556604,0.6566693878993661,0.4405546867885694,0.6543745612704229,0.4929775110897684,0.605337992071649,0.4405546867885694,0.6951029212087344,0.6103036364802317,0.4405546867885694,0.6581821374918426,0.49194340272239356,0.6588043720293203,0.4406826607642028,0.6425386460944978,0.4405546867885694,0.6599928505781886,0.4913041409043,0.6051995371192699,0.4405546867885694,0.6053805890215184,0.7014691787625646,0.4405546867885694,0.6018740894806174,0.4405546867885694,0.7037805938543785,0.4405546867885694,0.6649711248438289,0.49138164607437346,0.6179902139890447,0.6691871276040835,0.4918437842758946,0.4406816765019382,0.6041734853245343,0.668422197026695,0.49197640954770555,0.6548147496806228,0.4405546867885694,0.6346460400167311,0.4405546867885694,0.4405546867885694,0.6554077885180023,0.4405546867885694,0.4405546867885694,0.4405546867885694,0.6426990902596755,0.4405546867885694,0.4405546867885694,0.655883489597256,0.4405546867885694,0.4405546867885694,0.4405546867885694,0.7068581619593788,0.4405546867885694,0.4405546867885694,0.4406826607642028,0.6151918377381159,0.4405546867885694,0.4405546867885694,0.7011910950596227,0.44065181942009013,0.4405546867885694,0.4405546867885694,0.4405546867885694,0.6564934432124981,0.4405546867885694,0.4913567872931536,0.596226981573453,0.4405546867885694,0.4405546867885694,0.4405546867885694,0.6522235668092721,0.4405546867885694,0.4918195338372903,0.6266167699834048,0.4405546867885694,0.44068233267704465,0.4405546867885694,0.6534204609784403,0.49229350982444703,0.4405546867885694,0.4405546867885694,0.6575063625305524,0.4405546867885694,0.4405546867885694,0.5996157599173598,0.4405546867885694,0.4918811801375274
0.29227069429541186,0.24526904700389318,0.39755368413389464,0.8610836256714341,0.5493509307066627,0.22391159919338233,0.31618909388374217,0.5571300799728283,0.49267836209180493,0.31550077356561945,0.537649256032085,0.22342655604850292,0.4790146785037634,0.3146142910553917,0.5409337761861422,0.5492813342208918,0.3145730650844162,0.2232314509195983,0.48587936619000505,0.2232314509195983,0.583240168271444,0.47112221910825675,0.2232314509195983,0.2232314509195983,0.5973908805324937,0.5550483083261385,0.2232314509195983,0.5259537594707188,0.5562872833324635,0.2234278737440495,0.3140216268715243,0.4684262510187792,0.4742926586945781,0.2232314509195983,0.5975725854963828,0.2232314509195983,0.47426392747675206,0.314466696353695,0.5439369325806878,0.2232314509195983,0.5410018439832545,0.3159797200497899,0.4771623238672121,0.2232314509195983,0.592575436853923,0.48374008966124854,0.2232314509195983,0.5458695944611298,0.31432231582864983,0.5466640618707225,0.22348847929912916,0.5257980022525199,0.2232314509195983,0.5481807256941793,0.31329524370695616,0.4769784929305413,0.2232314509195983,0.47721887643653643,0.6005518492724938,0.2232314509195983,0.47255605717520793,0.2232314509195983,0.603443144079997,0.2232314509195983,0.5545227804303126,0.3134198703837498,0.4938659184044293,0.5598804267186787,0.3141623900667316,0.2234865032915412,0.4756154375245091,0.5589092434848925,0.3143752941569722,0.5415651538621171,0.2232314509195983,0.5155938516879707,0.2232314509195983,0.2232314509195983,0.5423238346667957,0.2232314509195983,0.2232314509195983,0.2232314509195983,0.5260048707315946,0.2232314509195983,0.2232314509195983,0.5429322124749085,0.2232314509195983,0.2232314509195983,0.2232314509195983,0.6072890716879115,0.2232314509195983,0.2232314509195983,0.22348847929912916,0.4901871673279128,0.2232314509195983,0.2232314509195983,0.6002038353008345,0.22342655604850292,0.2232314509195983,0.2232314509195983,0.2232314509195983,0.543712038738805,0.2232314509195983,0.31337990108616726,0.4650137527346582,0.2232314509195983,0.2232314509195983,0.2232314509195983,0.5382470798755742,0.2232314509195983,0.31412345177254114,0.5051540456182502,0.2232314509195983,0.2234878206318821,0.2232314509195983,0.5397803731298229,0.3148840030990448,0.2232314509195983,0.2232314509195983,0.5450064452318689,0.2232314509195983,0.2232314509195983,0.4695447971065237,0.2232314509195983,0.3142224302086484
0.5248466314885581,0.5010241188381014,0.5873842578291001,0.9255695839962857,0.6924764935767296,0.49122114698506175,0.5380381253587946,0.6981677114555069,0.6517571381778217,0.537649256032085,0.6839576149890584,0.4910064956161289,0.6421672867681552,0.5371492191620896,0.6863434799867464,0.6924256750579916,0.5371259864390667,0.4909202558956751,0.6469728919204171,0.4909202558956751,0.7174169582201211,0.6366742449273023,0.4909202558956751,0.4909202558956751,0.7279333862660339,0.6966425846303695,0.4909202558956751,0.6754972091705096,0.6975500877695043,0.4910070782590743,0.5368154102309622,0.6348059810724204,0.6388766247305042,0.4909202558956751,0.7280687681290909,0.4909202558956751,0.6388566407425248,0.5370660516441912,0.6885286129809907,0.4909202558956751,0.6863929686009106,0.5379197824814387,0.6408749486661586,0.4909202558956751,0.7243486610842448,0.6454725755296125,0.4909202558956751,0.6899366528515132,0.5369847190595566,0.6905158681066706,0.4910338789951243,0.6753849181162924,0.4909202558956751,0.6916222601040722,0.5364068278736004,0.6407467982660315,0.4909202558956751,0.6409143758034368,0.7302896914570115,0.4909202558956751,0.6376695693261077,0.4909202558956751,0.7324471262414488,0.4909202558956751,0.6962578179252716,0.5364768865120694,0.6525952348099557,0.7001849455316964,0.536894656996592,0.4910330050839944,0.6397971850523286,0.6994723372347517,0.5370145601319236,0.686802591004503,0.4909202558956751,0.6680512459614476,0.4909202558956751,0.4909202558956751,0.6873544742881513,0.4909202558956751,0.4909202558956751,0.4909202558956751,0.675534059381698,0.4909202558956751,0.4909202558956751,0.6877971827174264,0.4909202558956751,0.4909202558956751,0.4909202558956751,0.7353199851409467,0.4909202558956751,0.4909202558956751,0.4910338789951243,0.6500013707284825,0.4909202558956751,0.4909202558956751,0.7300301469876646,0.4910064956161289,0.4909202558956751,0.4909202558956751,0.4909202558956751,0.688364858282851,0.4909202558956751,0.5364544159334138,0.6324472227382206,0.4909202558956751,0.4909202558956751,0.4909202558956751,0.6843915581265045,0.4909202558956751,0.5368727333021851,0.6605967658079668,0.4909202558956751,0.49103358769160843,0.4909202558956751,0.6855051723805227,0.5373012615416031,0.4909202558956751,0.4909202558956751,0.6893076321152155,0.4909202558956751,0.4909202558956751,0.635580607865891,0.4909202558956751,0.5369284651663253
0.18908488144529276,0.10211456577998099,0.3297474123930103,0.8409330954507638,0.5039712503052481,0.01979287893906076,0.2244011166074807,0.5125636708444238,0.44065181942009013,0.22342655604850292,0.4910064956161289,0.013210137130354929,0.4251506630186693,0.22216831381498595,0.4946505738558099,0.5038942855614809,0.2221097129445269,0.00934097755379177,0.4329520118577471,0.00934097755379177,0.5412664753286133,0.4161454392343317,0.00934097755379177,0.00934097755379177,0.5567445767013223,0.5102662341301948,0.00934097755379177,0.4779967920384812,0.5116337337149965,0.013232432744697152,0.22132512485682643,0.4130601156137256,0.41976764889307666,0.00934097755379177,0.556943007409581,0.00934097755379177,0.41973485277914235,0.22195847895251103,0.49797900510608983,0.00934097755379177,0.4947260506598202,0.22410489566073966,0.4230406763678776,0.00934097755379177,0.5514830037415257,0.43052383972843294,0.00934097755379177,0.5001192741847661,0.22175311790717583,0.500998698466659,0.014220292540901017,0.47782316082588555,0.00934097755379177,0.5026769316124211,0.2202894951848743,0.42283116139220855,0.00934097755379177,0.4231051259684691,0.5601954086322293,0.00934097755379177,0.41778439924976213,0.00934097755379177,0.5633498242992938,0.00934097755379177,0.5096860382487075,0.22046735309351417,0.4419940863538429,0.5155967937117276,0.221525535063056,0.014189164530585833,0.42127700499801257,0.5145260354183883,0.22182848316566925,0.49535060997461783,0.00934097755379177,0.4664254430833377,0.00934097755379177,0.00934097755379177,0.49619159936413787,0.00934097755379177,0.00934097755379177,0.00934097755379177,0.4780537664004719,0.00934097755379177,0.00934097755379177,0.49686582789179795,0.00934097755379177,0.00934097755379177,0.00934097755379177,0.5675428464306217,0.00934097755379177,0.00934097755379177,0.014220292540901017,0.43783356948777163,0.00934097755379177,0.00934097755379177,0.5598155951176121,0.013210137130354929,0.00934097755379177,0.00934097755379177,0.00934097755379177,0.497729866175895,0.00934097755379177,0.22041031974289413,0.40914774158659173,0.00934097755379177,0.00934097755379177,0.00934097755379177,0.49167006421206283,0.00934097755379177,0.22147010612309495,0.45471577829368975,0.00934097755379177,0.014209924112315059,0.00934097755379177,0.4933713654604058,0.22255150769992046,0.00934097755379177,0.00934097755379177,0.49916356996613864,0.00934097755379177,0.00934097755379177,0.41434079143591324,0.00934097755379177,0.22161098905566862
0.46436118365666035,0.4368381751605323,0.5352163649848791,0.9073157510764277,0.6515145730699102,0.42540187341248575,0.47945840904120635,0.6577539929901565,0.606734103776175,0.4790146785037634,0.6421672867681552,0.4251506630186693,0.5961447102048687,0.4784439833797076,0.644786154852475,0.6514588412654245,0.47841746461495244,0.4250497252283874,0.6014535665302085,0.4250497252283874,0.6788305052624896,0.5900703309168632,0.4250497252283874,0.4250497252283874,0.6903304949358448,0.6560823495412221,0.4250497252283874,0.6328739953836199,0.6570770687965928,0.42515134494376183,0.4780629337976612,0.5880028088314069,0.592506592238974,0.4250497252283874,0.6904784815041491,0.4250497252283874,0.5924844909157138,0.4783490513488972,0.6471839994203843,0.4250497252283874,0.6448404681432135,0.47932337866429725,0.5947161976784026,0.4250497252283874,0.6864115099890933,0.5997966548254962,0.4250497252283874,0.6487287643475733,0.47825621037628663,0.6493641470251494,0.42518271223603,0.6327505772474783,0.4250497252283874,0.6505777057032974,0.47759645075871127,0.59457452425957,0.4250497252283874,0.5947597846292484,0.6929059932533976,0.4250497252283874,0.5911714881165067,0.4250497252283874,0.6952637779639324,0.4250497252283874,0.6556605744979912,0.4776764436056123,0.6076586701374425,0.6599645953742443,0.47815340075487844,0.4251816894285026,0.5935245917489047,0.6591837322952675,0.4782902742918505,0.6452900119770204,0.4250497252283874,0.6246858430846081,0.4250497252283874,0.4250497252283874,0.6458956449980325,0.4250497252283874,0.4250497252283874,0.4250497252283874,0.6329144967080808,0.4250497252283874,0.4250497252283874,0.6463814403003273,0.4250497252283874,0.4250497252283874,0.4250497252283874,0.6984029413793704,0.4250497252283874,0.4250497252283874,0.42518271223603,0.6047967371609679,0.4250497252283874,0.4250497252283874,0.6926223244189078,0.4251506630186693,0.4250497252283874,0.4250497252283874,0.4250497252283874,0.647004326448917,0.4250497252283874,0.4776507870091497,0.5853913324453771,0.4250497252283874,0.4250497252283874,0.4250497252283874,0.6426436679915951,0.4250497252283874,0.47812837330697217,0.6164789944125265,0.4250497252283874,0.42518237130047914,0.4250497252283874,0.6438660687170465,0.478617523830392,0.4250497252283874,0.4250497252283874,0.6480386963277233,0.4250497252283874,0.4250497252283874,0.5888601493657407,0.4250497252283874,0.47819199468734097
0.29131227032446316,0.24412405515168145,0.3968558984406839,0.8608648133771264,0.5488635643272427,0.22265611160715837,0.3153045852972479,0.5566509188061565,0.4921253501463363,0.3146142910553917,0.5371492191620896,0.22216831381498595,0.4784439833797076,0.31372525394124734,0.5404373370828374,0.548793893669021,0.31368390882655256,0.22197209726933537,0.4853176592654387,0.22197209726933537,0.5827874046321292,0.4705409166364856,0.22197209726933537,0.22197209726933537,0.5969517686075075,0.5545669677356025,0.22197209726933537,0.52544063504614,0.5558072412522419,0.22216963901018258,0.31313087401545636,0.4678412553409845,0.4737156533736506,0.22197209726933537,0.597133646166649,0.22197209726933537,0.4736868834344043,0.3135772325478052,0.5434437544704374,0.22197209726933537,0.5405054790916753,0.315094611920506,0.47658916602140616,0.22197209726933537,0.592131726528252,0.48317560472692245,0.22197209726933537,0.5453785007832015,0.3134324342450315,0.5461738218765957,0.22223058940540213,0.5252847005115807,0.22197209726933537,0.5476921103285443,0.31240237936282456,0.4764050897952916,0.22197209726933537,0.4766457940177358,0.6001157304953239,0.22197209726933537,0.4719767042010755,0.22197209726933537,0.6030097459869768,0.22197209726933537,0.5540408877928157,0.31252736898934697,0.49331440475847294,0.5594041270292147,0.3132720452867714,0.22222860215746174,0.47504021061260443,0.5584319356743049,0.3134855659142616,0.5410694025888657,0.22197209726933537,0.5150687512564897,0.22197209726933537,0.22197209726933537,0.5418289083218024,0.22197209726933537,0.22197209726933537,0.22197209726933537,0.5254918044750694,0.22197209726933537,0.22197209726933537,0.542437946384953,0.22197209726933537,0.22197209726933537,0.22197209726933537,0.6068592678931509,0.22197209726933537,0.22197209726933537,0.22223058940540213,0.4896309927952147,0.22197209726933537,0.22197209726933537,0.5997673879513742,0.22216831381498595,0.22197209726933537,0.22197209726933537,0.22197209726933537,0.5432186173585055,0.22197209726933537,0.31248728332002984,0.4644240295210228,0.22197209726933537,0.22197209726933537,0.22197209726933537,0.5377477003076213,0.22197209726933537,0.31323299414515515,0.5046164840413181,0.22197209726933537,0.22222992699140706,0.22197209726933537,0.5392826743790907,0.31399574470655534,0.22197209726933537,0.22197209726933537,0.5445144219793135,0.22197209726933537,0.22197209726933537,0.4689613381416464,0.22197209726933537,0.3133322593781183
0.528224883258588,0.5045865334047669,0.5903331428766518,0.9265976523210817,0.6948162464726652,0.49486344708528607,0.5413198510368822,0.7004768627956875,0.6543213787021576,0.5409337761861422,0.6863434799867464,0.4946505738558099,0.644786154852475,0.5404373370828374,0.6887163913085821,0.6947657019118826,0.5404142716405608,0.49456504888942204,0.6495642878996596,0.49456504888942204,0.7196236245364371,0.6393247664726414,0.49456504888942204,0.49456504888942204,0.7300845898269501,0.6989599214597432,0.49456504888942204,0.6779292734660441,0.6998625526542479,0.49465115167051243,0.54010593268579,0.6374673318756788,0.6415144221121768,0.49456504888942204,0.7302192595996015,0.49456504888942204,0.6414945533801573,0.5403547684392472,0.6908896876828822,0.49456504888942204,0.6887656115637117,0.5412023582719784,0.6435012392138045,0.49456504888942204,0.7265187362667898,0.648072526887778,0.49456504888942204,0.6922901137700113,0.5402740216495505,0.6928661999894883,0.49467773032445156,0.6778175985039291,0.49456504888942204,0.6939666198140717,0.5397002965157613,0.6433738256518136,0.49456504888942204,0.6435404396829165,0.7324285072388099,0.49456504888942204,0.6403143348734176,0.49456504888942204,0.7345746105277335,0.49456504888942204,0.6985772215418321,0.5397698497407933,0.655154737605031,0.7024832864900293,0.5401846084095618,0.494676863654603,0.6424296771281476,0.7017744949823993,0.5403036477773411,0.6891730132424082,0.49456504888942204,0.6705243390192079,0.49456504888942204,0.49456504888942204,0.6897219059831629,0.49456504888942204,0.49456504888942204,0.49456504888942204,0.6779659215133702,0.49456504888942204,0.49456504888942204,0.6901622166484308,0.49456504888942204,0.49456504888942204,0.49456504888942204,0.7374323949521986,0.49456504888942204,0.49456504888942204,0.49467773032445156,0.6525755550297557,0.49456504888942204,0.49456504888942204,0.7321703266520243,0.4946505738558099,0.49456504888942204,0.49456504888942204,0.49456504888942204,0.690726819141738,0.49456504888942204,0.5397475412575052,0.6351222932730745,0.49456504888942204,0.49456504888942204,0.49456504888942204,0.6867750647475735,0.49456504888942204,0.5401628426818652,0.6631113134654486,0.49456504888942204,0.4946774414346922,0.49456504888942204,0.687882631577468,0.54058828498956,0.49456504888942204,0.49456504888942204,0.6916644930965483,0.49456504888942204,0.49456504888942204,0.6382374646138443,0.49456504888942204,0.5402181730002653
0.5368066744572735,0.5136272806928706,0.5978385900807457,0.9292096374271104,0.700781354592338,0.5041027431395324,0.5496604192433588,0.7063642288496147,0.6608558024450053,0.5492813342208918,0.6924256750579916,0.5038942855614809,0.6514588412654245,0.548793893669021,0.6947657019118826,0.7007315058710883,0.548771246605798,0.5038105354964663,0.6561674563171459,0.5038105354964663,0.725250411181056,0.6460775160560414,0.5038105354964663,0.5038105354964663,0.735570220087518,0.7048680854563746,0.5038105354964663,0.6841287041153127,0.7057583381288925,0.5038948513864373,0.5484685030254398,0.6442474637410819,0.648234992263465,0.5038105354964663,0.7357030769409064,0.5038105354964663,0.6482154150419667,0.548712822839364,0.69690894462496,0.5038105354964663,0.6948142408449728,0.5495450529058893,0.6501927031989676,0.5038105354964663,0.7320524064897095,0.6546973477062551,0.5038105354964663,0.6982900365092487,0.5486335411348557,0.6988581763893621,0.5039208785531146,0.6840185920514844,0.5038105354964663,0.6999434286789367,0.5480702349094887,0.65006715359744,0.5038105354964663,0.6502313302672754,0.7378825971626939,0.5038105354964663,0.647052528301218,0.5038105354964663,0.7399998455356164,0.5038105354964663,0.7044906365469282,0.5481385241868826,0.6616771648514461,0.7083431818340907,0.5485457505953123,0.5039200298652787,0.6491368283103157,0.7076440897635561,0.5486626296837465,0.6952160043533447,0.5038105354964663,0.676827821971587,0.5038105354964663,0.5038105354964663,0.6957573041788525,0.5038105354964663,0.5038105354964663,0.5038105354964663,0.6841648393118256,0.5038105354964663,0.5038105354964663,0.6961915267616028,0.5038105354964663,0.5038105354964663,0.5038105354964663,0.7428192379648355,0.5038105354964663,0.5038105354964663,0.5039208785531146,0.6591351548831139,0.5038105354964663,0.5038105354964663,0.7376278893591565,0.5038942855614809,0.5038105354964663,0.5038105354964663,0.5038105354964663,0.6967483262364033,0.5038105354964663,0.5481166210761381,0.6419371095734866,0.5038105354964663,0.5038105354964663,0.5038105354964663,0.6928512732207163,0.5038105354964663,0.5485243799378924,0.6695198676790439,0.5038105354964663,0.50392059565735,0.5038105354964663,0.6939434881600114,0.548942104201447,0.5038105354964663,0.5038105354964663,0.6976730500895255,0.5038105354964663,0.5038105354964663,0.6450062336033009,0.5038105354964663,0.5485787059994078
