0.0,0.0,0.03950928398880738,0.1511917041899769,0.1356338403759483,0.3316235152767358,0.8408964152537145,0.005407191212866614,0.035029876961173004,0.19494933408559836,0.44234324718925927,0.3818085894709404,0.1941289944099202,0.42470633459038565,0.0,0.3686702112462362,0.1931871518672989,0.4273646188909555,0.434746993618731,0.19295547051115775,0.00812796711686571,0.3746755668768025,0.4661885376798157,0.0,0.3609433839676969,0.0,0.4787359036412802,0.00812796711686571,0.440294399761977,0.0,0.41332147289077026,0.4415968909595323,0.0,0.19257201129182547,0.35797352371754887,0.36359754204263134,0.0,0.47867327859563225,0.0,0.3640729665022913,0.19294445878362718,0.4301955962784706,0.4278567940044704,0.191331755464104,0.04027022563360433,0.3662336146767578,0.43119522966269774,0.19189315628608822,0.37335067997928945,0.009293762378963814,0.4320291612484432,0.19279602942913773,0.432693777285804,0.0,0.4132191921177009,0.0,0.4341674105460845,0.4152946958386084,0.0,0.0,0.3670981493558449,0.48105517832271566,0.0,0.36226251123568526,0.19257897947839112,0.4408020438034555,0.0,0.439848470514346,0.4300521750558227,0.0,0.0,0.4447832532605554,0.4144311140898575,0.0,0.4442298739317174,0.19270320350896236,0.42809419945703026,0.00812796711686571,0.40364056059305525,0.0,0.0,0.42858077894038094,0.0,0.0,0.0,0.4134723136433778,0.0,0.0,0.4293490372109946,0.0,0.0,0.19245002752341864,0.44461753335932025,0.0,0.0,0.3794200025323895,0.0,0.0,0.0,0.191788236433683,0.4369831949345556,0.0,0.009317746298799246,0.43014359669344526,0.00812796711686571,0.19156771922302573,0.0,0.3550226071957686,0.0,0.0,0.42541078194322024,0.0,0.0,0.19261033322411852,0.39369200566305407,0.0,0.0,0.0,0.4265930178953558,0.19370050233834935,0.0,0.0,0.4312222735233175,0.0,0.0
0.0,0.0,0.03950928398880738,0.1511917041899769,0.1356338403759483,0.3316235152767358,0.8408964152537145,0.005407191212866614,0.035029876961173004,0.19494933408559836,0.44234324718925927,0.3818085894709404,0.1941289944099202,0.42470633459038565,0.0,0.3686702112462362,0.1931871518672989,0.4273646188909555,0.434746993618731,0.19295547051115775,0.00812796711686571,0.3746755668768025,0.4661885376798157,0.0,0.3609433839676969,0.0,0.4787359036412802,0.00812796711686571,0.440294399761977,0.0,0.41332147289077026,0.4415968909595323,0.0,0.19257201129182547,0.35797352371754887,0.36359754204263134,0.0,0.47867327859563225,0.0,0.3640729665022913,0.19294445878362718,0.4301955962784706,0.4278567940044704,0.191331755464104,0.04027022563360433,0.3662336146767578,0.43119522966269774,0.19189315628608822,0.37335067997928945,0.009293762378963814,0.4320291612484432,0.19279602942913773,0.432693777285804,0.0,0.4132191921177009,0.0,0.4341674105460845,0.4152946958386084,0.0,0.0,0.3670981493558449,0.48105517832271566,0.0,0.36226251123568526,0.19257897947839112,0.4408020438034555,0.0,0.439848470514346,0.4300521750558227,0.0,0.0,0.4447832532605554,0.4144311140898575,0.0,0.4442298739317174,0.19270320350896236,0.42809419945703026,0.00812796711686571,0.40364056059305525,0.0,0.0,0.42858077894038094,0.0,0.0,0.0,0.4134723136433778,0.0,0.0,0.4293490372109946,0.0,0.0,0.19245002752341864,0.44461753335932025,0.0,0.0,0.3794200025323895,0.0,0.0,0.0,0.191788236433683,0.4369831949345556,0.0,0.009317746298799246,0.43014359669344526,0.00812796711686571,0.19156771922302573,0.0,0.3550226071957686,0.0,0.0,0.42541078194322024,0.0,0.0,0.19261033322411852,0.39369200566305407,0.0,0.0,0.0,0.4265930178953558,0.19370050233834935,0.0,0.0,0.4312222735233175,0.0,0.0
0.03950928398880738,0.03950928398880738,0.05587453122000692,0.15626733248862168,0.1412700803321616,0.33395439388066417,0.8415519602059559,0.039877577684274516,0.05280220763341025,0.19890965871498242,0.4440699495598133,0.383825389310706,0.19810576770626026,0.42650982507596924,0.03950928398880738,0.3707614554684453,0.19718297641977003,0.4291561747976533,0.43650609016822234,0.19695600895017487,0.04033667421225592,0.3767321796482712,0.4678195810965449,0.03950928398880738,0.36308077244036996,0.03950928398880738,0.48031991393235773,0.04033667421225592,0.4420297421647747,0.03950928398880738,0.41517763479661834,0.4433267325504166,0.03950928398880738,0.19658037581410126,0.36012914552170616,0.36571887252085183,0.03950928398880738,0.4802575184557322,0.03950928398880738,0.36619144382893326,0.1969452215439824,0.43197458739952943,0.42964615481596424,0.19536563990490768,0.05641516255002684,0.36833921296006233,0.4329698192706646,0.19591544971028763,0.3754148435681748,0.04058765119193213,0.43380009283475995,0.19679981827744567,0.43446180253728756,0.03950928398880738,0.4150758390881322,0.03950928398880738,0.4359290198951234,0.4171415421386364,0.03950928398880738,0.03950928398880738,0.36919863420851845,0.48263072199415513,0.03950928398880738,0.364391891187561,0.19658720151737305,0.4425352388649273,0.03950928398880738,0.4415857028109414,0.43183179917485265,0.03950928398880738,0.03950928398880738,0.44649975751501697,0.4162820274860111,0.03950928398880738,0.44594868242802754,0.19670888712340645,0.42988250305609516,0.04033667421225592,0.4055436226218221,0.03950928398880738,0.03950928398880738,0.4303669189776419,0.03950928398880738,0.03950928398880738,0.03950928398880738,0.4153277605866961,0.03950928398880738,0.03950928398880738,0.43113177012729875,0.03950928398880738,0.03950928398880738,0.19646088794499447,0.4463347271343459,0.03950928398880738,0.03950928398880738,0.3814499791371661,0.03950928398880738,0.03950928398880738,0.03950928398880738,0.19581269111920027,0.43873265180060506,0.03950928398880738,0.04059314974282935,0.43192281727422305,0.04033667421225592,0.19559672382701132,0.03950928398880738,0.357196630413807,0.03950928398880738,0.03950928398880738,0.4272110967488841,0.03950928398880738,0.03950928398880738,0.19661791427467806,0.3956454553191378,0.03950928398880738,0.03950928398880738,0.03950928398880738,0.4283880242491494,0.1976859208387347,0.03950928398880738,0.03950928398880738,0.432996744306363,0.03950928398880738,0.03950928398880738
0.1511917041899769,0.1511917041899769,0.15626733248862168,0.21378942157298964,0.20309306889431658,0.36423302849732764,0.8503444713437697,0.1512883388871459,0.15519563733287237,0.24665305361245196,0.46694056936230693,0.410310181379435,0.246005919010516,0.450346903994173,0.1511917041899769,0.3981570203885705,0.24526420374152438,0.4528434964925591,0.4597852614850537,0.24508196027194726,0.1514099664903352,0.4037049273582618,0.4894767783866446,0.1511917041899769,0.39103733094736925,0.1511917041899769,0.5013767592911724,0.1514099664903352,0.46500944750190043,0.1511917041899769,0.4396736284153149,0.46623699680714464,0.1511917041899769,0.24478050875842547,0.3883066172140448,0.39348051831114095,0.1511917041899769,0.5013173000149748,0.1511917041899769,0.39391842317041414,0.24507330037182562,0.4555040631044223,0.453305913825202,0.2438070636861217,0.15646139678272028,0.39590957875736843,0.45644395693700834,0.24424739544405913,0.4024799096374705,0.15147700412975978,0.45722822278868414,0.24495659008007326,0.45785336777172475,0.1511917041899769,0.4395778854420484,0.1511917041899769,0.4592398315484784,0.4415212390187595,0.1511917041899769,0.1511917041899769,0.39670675992449245,0.5035792388521126,0.1511917041899769,0.3922512834394266,0.24478598467642504,0.46548784076755845,0.1511917041899769,0.46458925771999343,0.4553692313854451,0.1511917041899769,0.1511917041899769,0.46924150970025513,0.44071251108836723,0.1511917041899769,0.46871956239463974,0.2448836182034427,0.4535289851719522,0.1514099664903352,0.43062353386058744,0.1511917041899769,0.1511917041899769,0.4539862261368401,0.1511917041899769,0.1511917041899769,0.1511917041899769,0.4398148322419923,0.1511917041899769,0.1511917041899769,0.45470827174211964,0.1511917041899769,0.1511917041899769,0.24468466056687357,0.4690851961447289,0.1511917041899769,0.1511917041899769,0.40809648960644057,0.1511917041899769,0.1511917041899769,0.1511917041899769,0.24416506464693147,0.4618903754158002,0.1511917041899769,0.15147847715094492,0.45545517724089407,0.1514099664903352,0.24399208049278465,0.1511917041899769,0.385596614611251,0.1511917041899769,0.1511917041899769,0.4510083430466428,0.1511917041899769,0.1511917041899769,0.24481062480779867,0.421349722232735,0.1511917041899769,0.1511917041899769,0.1511917041899769,0.45211865999533335,0.24566830624235844,0.1511917041899769,0.1511917041899769,0.456469387732077,0.1511917041899769,0.1511917041899769
0.1356338403759483,0.1356338403759483,0.1412700803321616,0.20309306889431658,0.191798985384052,0.35810682535234556,0.8485254470486538,0.1357415611236373,0.1400835801336369,0.2374490663211603,0.4622503371777095,0.4049112790828967,0.23677660167464368,0.44546575746209316,0.1356338403759483,0.39258189508602637,0.23600568186065554,0.4479918677576075,0.45501420302703255,0.23581623429255752,0.13587711832394891,0.39821148838692366,0.4850276222305498,0.1356338403759483,0.38535415937242773,0.1356338403759483,0.4970474246362225,0.13587711832394891,0.4602976170887265,0.1356338403759483,0.4346628966997649,0.4615389138378704,0.1356338403759483,0.23550284166551047,0.38258100430827724,0.3878348428863979,0.1356338403759483,0.49698737847718116,0.1356338403759483,0.38827942155652956,0.2358072317860907,0.45068357260356506,0.4484597204468019,0.23449062473749568,0.14148473803742237,0.39030074591769576,0.45163438927123006,0.23494853489256595,0.39696861682379725,0.13595182230625485,0.452427738790818,0.23568590167632333,0.4530601046454509,0.1356338403759483,0.4345659655772333,0.1356338403759483,0.45446252083381405,0.4365333441610915,0.1356338403759483,0.1356338403759483,0.3911099248233427,0.49927156256929683,0.1356338403759483,0.3865867982936382,0.23550853477112935,0.46078137549598297,0.1356338403759483,0.4598727069062462,0.4505471706679933,0.1356338403759483,0.1356338403759483,0.46457680847236654,0.4357146415511638,0.1356338403759483,0.46404908892519264,0.23561003895924454,0.4486854102858176,0.13587711832394891,0.42549836722494166,0.1356338403759483,0.1356338403759483,0.44914801133360965,0.1356338403759483,0.1356338403759483,0.1356338403759483,0.4348058519778239,0.1356338403759483,0.1356338403759483,0.44987850165983495,0.1356338403759483,0.1356338403759483,0.23540319025981027,0.4644187674143771,0.1356338403759483,0.1356338403759483,0.40266622461026347,0.1356338403759483,0.1356338403759483,0.1356338403759483,0.2348629224442404,0.4571433253493685,0.1356338403759483,0.13595346369070563,0.4506341175230807,0.13587711832394891,0.2346830356797236,0.1356338403759483,0.37982831432172703,0.1356338403759483,0.1356338403759483,0.44613504533483533,0.1356338403759483,0.1356338403759483,0.23553415206113937,0.4161026213447473,0.1356338403759483,0.1356338403759483,0.1356338403759483,0.4472584913885198,0.23642571856561884,0.1356338403759483,0.1356338403759483,0.451660115050614,0.1356338403759483,0.1356338403759483
0.3316235152767358,0.3316235152767358,0.33395439388066417,0.36423302849732764,0.35810682535234556,0.46756197839243036,0.8835050984272226,0.3316673276213817,0.33345722720323134,0.384277795324632,0.5498446175072652,0.5036793794656391,0.3838665301241852,0.5361452551956347,0.3316235152767358,0.494011050792365,0.38339593164085284,0.5381979802914456,0.5439214331771851,0.38328042995952755,0.3317225026732527,0.4984128994466125,0.5686466800180122,0.3316235152767358,0.4883920314426772,0.3316235152767358,0.5786577525267972,0.3317225026732527,0.5482437162801366,0.3316235152767358,0.5274049086846743,0.5492611598153464,0.3316235152767358,0.38308948712534974,0.4862460696155062,0.49031638797274496,0.3316235152767358,0.5786075982701597,0.3316235152767358,0.49066172991775453,0.38327494276394086,0.5403888746120661,0.5385785200214008,0.3824738356802799,0.3340447064307382,0.49223363437548157,0.5411636644201199,0.38275214372021327,0.49743921941879493,0.3317529285282972,0.5418104877327132,0.38320100236346516,0.5423262859575191,0.3316235152767358,0.5273267704382887,0.3316235152767358,0.5434708982862614,0.5289137306230494,0.3316235152767358,0.3316235152767358,0.49286370973687876,0.5805164730864262,0.3316235152767358,0.489347681318809,0.38309295440915464,0.548640146973449,0.3316235152767358,0.5478956031515384,0.5402777625478162,0.3316235152767358,0.3316235152767358,0.5517542913757233,0.5282530761601913,0.3316235152767358,0.5513208916619214,0.3831547823684652,0.5387621306373288,0.3317225026732527,0.5200405622429392,0.3316235152767358,0.3316235152767358,0.5391385624831108,0.3316235152767358,0.3316235152767358,0.3316235152767358,0.5275201574675887,0.3316235152767358,0.3316235152767358,0.5397332059025387,0.3316235152767358,0.3316235152767358,0.3830288045783658,0.551624483456441,0.3316235152767358,0.3316235152767358,0.5019113093217261,0.3316235152767358,0.3316235152767358,0.3316235152767358,0.38270008484614526,0.5456616006341563,0.3316235152767358,0.3317535971963038,0.5403485877603743,0.3317225026732527,0.38259073814885414,0.3316235152767358,0.4841215321170158,0.3316235152767358,0.3316235152767358,0.536688798782983,0.3316235152767358,0.3316235152767358,0.383108556797983,0.5125411676710306,0.3316235152767358,0.3316235152767358,0.3316235152767358,0.5376016966086055,0.3836522211293274,0.3316235152767358,0.3316235152767358,0.5411846338616418,0.3316235152767358,0.3316235152767358
0.8408964152537145,0.8408964152537145,0.8415519602059559,0.8503444713437697,0.8485254470486538,0.8835050984272226,1.0,0.8409087079298357,0.8414118694751385,0.8564284497932907,0.9120287604407123,0.8958981427926198,0.8563016672895492,0.9072229127574154,0.8408964152537145,0.8925543488173955,0.8561566913086264,0.9079424123669828,0.9099498143663416,0.8561211249455414,0.8409241903044266,0.894074677034144,0.9186305717899115,0.8408964152537145,0.8906190152841382,0.8408964152537145,0.9221418338381674,0.8409241903044266,0.9114667554499021,0.8408964152537145,0.9041628401020987,0.9118239264102754,0.8408964152537145,0.8560623418139635,0.8898815789121931,0.8912811060030208,0.8408964152537145,0.9221242575013663,0.8408964152537145,0.8914000028692378,0.8561194354330148,0.908710625336038,0.9080758242669995,0.855872926191287,0.8415774237327626,0.8919414885956027,0.9089823610617708,0.855958530223145,0.8937380782512317,0.8409327287027412,0.9092092401263644,0.8560966704993855,0.9093901760126203,0.8408964152537145,0.9041355125665809,0.8408964152537145,0.9097917378221305,0.9046906358557912,0.8408964152537145,0.8408964152537145,0.8921586713511431,0.9227930860888856,0.8408964152537145,0.8909477204862494,0.8560634090891814,0.9116059179326916,0.8408964152537145,0.9113445581710592,0.9086716585512208,0.8408964152537145,0.8408964152537145,0.9126992440273979,0.9044595089705726,0.8408964152537145,0.912547071233296,0.8560824414935949,0.9081401986961049,0.8409241903044266,0.9015900011628424,0.8408964152537145,0.8408964152537145,0.9082721830683966,0.8408964152537145,0.8408964152537145,0.8408964152537145,0.9042031474685386,0.8408964152537145,0.8408964152537145,0.9084806934535979,0.8408964152537145,0.8408964152537145,0.856043663851441,0.9126536662409562,0.8408964152537145,0.8408964152537145,0.8952854416266214,0.8408964152537145,0.8408964152537145,0.8408964152537145,0.8559425147899239,0.9105604570694946,0.8408964152537145,0.8409329163569262,0.9086964967376266,0.8409241903044266,0.8559088794536478,0.8408964152537145,0.8891524648171911,0.8408964152537145,0.8408964152537145,0.9074134033523994,0.8408964152537145,0.8408964152537145,0.8560682117782651,0.8989764371500797,0.8408964152537145,0.8408964152537145,0.8408964152537145,0.9077333815404395,0.8562356327959472,0.8408964152537145,0.8408964152537145,0.908989715944057,0.8408964152537145,0.8408964152537145
0.005407191212866614,0.005407191212866614,0.039877577684274516,0.1512883388871459,0.1357415611236373,0.3316673276213817,0.8409087079298357,0.007646923178616184,0.035444745369276325,0.1950242534610066,0.442375655761644,0.3818464669370793,0.1942042311634193,0.42474018966776866,0.005407191212866614,0.3687094940422826,0.19326275631431322,0.4273982490994549,0.4347800123280836,0.19303116595358003,0.009762252073847984,0.374714195812438,0.4662191452978331,0.005407191212866614,0.36098353827402424,0.005407191212866614,0.478765626177732,0.009762252073847984,0.44032697105441204,0.005407191212866614,0.41335632061661065,0.4416293586526108,0.005407191212866614,0.1926478578208892,0.35801402248059544,0.363637393030326,0.005407191212866614,0.47870300545154626,0.005407191212866614,0.36411276360109207,0.19302015855644186,0.4302289897638819,0.4278903828554579,0.19140809479346807,0.04063162254178839,0.36627316853813513,0.43122854022754975,0.19196927176433998,0.373389451463121,0.010752289785306159,0.4320624029013484,0.1928717876202383,0.43272696418870493,0.005407191212866614,0.4132540489868148,0.005407191212866614,0.43420047658901934,0.4153293679751433,0.005407191212866614,0.005407191212866614,0.3671376066504617,0.4810847415595007,0.005407191212866614,0.3623025142645189,0.19265482325657843,0.4408345746535563,0.005407191212866614,0.43988107740091326,0.4300855804665539,0.005407191212866614,0.005407191212866614,0.4448154697811376,0.41446586288541504,0.005407191212866614,0.4442621338448425,0.1927789982796758,0.42812776838943517,0.009762252073847984,0.40367629251513454,0.005407191212866614,0.005407191212866614,0.42861430711030046,0.005407191212866614,0.005407191212866614,0.005407191212866614,0.4135071478925184,0.005407191212866614,0.005407191212866614,0.4293825011904415,0.005407191212866614,0.005407191212866614,0.1925259222409034,0.44464976286460306,0.005407191212866614,0.005407191212866614,0.3794581286842963,0.005407191212866614,0.005407191212866614,0.005407191212866614,0.19186439364821695,0.43701603206875633,0.005407191212866614,0.010773027102631554,0.4301769945017408,0.009762252073847984,0.19164396430587982,0.005407191212866614,0.3550634536433269,0.005407191212866614,0.005407191212866614,0.42544457718327877,0.005407191212866614,0.005407191212866614,0.19268616462704413,0.39372868786853304,0.005407191212866614,0.005407191212866614,0.005407191212866614,0.4266267131145611,0.19377590593312216,0.005407191212866614,0.005407191212866614,0.4312555818496492,0.005407191212866614,0.005407191212866614
0.035029876961173004,0.035029876961173004,0.05280220763341025,0.15519563733287237,0.1400835801336369,0.33345722720323134,0.8414118694751385,0.035444745369276325,0.0495397084373945,0.19806923032525472,0.44370122149666996,0.3833949307597941,0.19726190378616568,0.4261247471611914,0.035029876961173004,0.3703151729966466,0.19633513423643845,0.42877363756133713,0.43613046384882215,0.19610718255988027,0.035960479370355763,0.37629325752446463,0.46747123024935405,0.035029876961173004,0.3626246853071188,0.035029876961173004,0.4799815857085403,0.035960479370355763,0.44165917411156,0.035029876961173004,0.41478134602099903,0.4429573359458659,0.035029876961173004,0.19572991554945493,0.35966918501039996,0.36526619703337526,0.035029876961173004,0.47991914130572766,0.035029876961173004,0.36573937455302485,0.19609634831930073,0.43159472518377573,0.42926408489814866,0.19450985285564198,0.05337396854252497,0.367889880245086,0.43259089417299523,0.19506208185344132,0.3749743165037146,0.036241774643741405,0.43342194657698885,0.19595031327078233,0.4340842750867324,0.035029876961173004,0.4146794470843896,0.035029876961173004,0.43555285853210496,0.4167472359019736,0.035029876961173004,0.035029876961173004,0.36875038806709676,0.4822941982310055,0.035029876961173004,0.36393750548214626,0.19573677099798859,0.4421651281037546,0.035029876961173004,0.4412147322953803,0.431451802190525,0.035029876961173004,0.035029876961173004,0.4461332013623544,0.41588685568059724,0.035029876961173004,0.44558163552666363,0.19585898654222827,0.42950065821251165,0.035960479370355763,0.40513735421923064,0.035029876961173004,0.035029876961173004,0.42998553474758333,0.035029876961173004,0.035029876961173004,0.035029876961173004,0.4149316239650297,0.035029876961173004,0.035029876961173004,0.43075111127060517,0.035029876961173004,0.035029876961173004,0.19560990663687627,0.44596802412957476,0.035029876961173004,0.035029876961173004,0.3810167191902881,0.035029876961173004,0.035029876961173004,0.035029876961173004,0.19495887215363106,0.43835907810069824,0.035029876961173004,0.03624793244173694,0.43154290620524255,0.035960479370355763,0.19474195521983997,0.035029876961173004,0.3567327612906917,0.035029876961173004,0.035029876961173004,0.42682669486846164,0.035029876961173004,0.035029876961173004,0.19576761757071254,0.39522846825947,0.035029876961173004,0.035029876961173004,0.035029876961173004,0.42800475245126757,0.1968402515224539,0.035029876961173004,0.035029876961173004,0.43261784450780416,0.035029876961173004,0.035029876961173004
0.19494933408559836,0.19494933408559836,0.19890965871498242,0.24665305361245196,0.2374490663211603,0.384277795324632,0.8564284497932907,0.1950242534610066,0.19806923032525472,0.27560038310721396,0.4824902058210679,0.42810247226703857,0.27502197145398016,0.4665051242108598,0.19494933408559836,0.41649980622415306,0.274359395357404,0.46890782947570453,0.47559293665214564,0.27419665796036186,0.19511857650682318,0.42179290429562954,0.5042534808495875,0.19494933408559836,0.4097161663479155,0.19494933408559836,0.5157674976063352,0.19511857650682318,0.48062809159321235,0.19494933408559836,0.4562431080362329,0.48181172162175023,0.19494933408559836,0.27392752488285776,0.4071171456060826,0.41204285965373394,0.19494933408559836,0.5157099316195649,0.19494933408559836,0.4124600158537221,0.27418892555786845,0.47146927191664456,0.4693529502338211,0.27305889695116575,0.19906208165050698,0.4143573240019328,0.47237437437023705,0.27345172909394055,0.42062363353195253,0.19517057753635925,0.47312969903030594,0.2740847205745101,0.47373183269372154,0.19494933408559836,0.4561511289211475,0.19494933408559836,0.47506744359713626,0.4580183507235192,0.19494933408559836,0.19494933408559836,0.41511715883192546,0.5179000876227976,0.19494933408559836,0.4108720803797412,0.27393241313910005,0.48108934664746894,0.19494933408559836,0.4802229784401806,0.4713394407904867,0.19494933408559836,0.19494933408559836,0.48470952170325093,0.4572412373828488,0.19494933408559836,0.4842060335765485,0.2740195725601028,0.4695676880021963,0.19511857650682318,0.44755494028784254,0.19494933408559836,0.19494933408559836,0.4700078681661929,0.19494933408559836,0.19494933408559836,0.19494933408559836,0.4563787633270481,0.19494933408559836,0.19494933408559836,0.4707030296635924,0.19494933408559836,0.19494933408559836,0.2738419664295518,0.48455873286425344,0.19494933408559836,0.19494933408559836,0.42598696854453155,0.19494933408559836,0.19494933408559836,0.19494933408559836,0.27337826866192333,0.4776214623684694,0.19494933408559836,0.19517172026007973,0.47142219883569375,0.19511857650682318,0.27322393816356577,0.19494933408559836,0.4045394220991827,0.19494933408559836,0.19494933408559836,0.46714160600296073,0.19494933408559836,0.19494933408559836,0.2739544092247397,0.4386654619411207,0.19494933408559836,0.19494933408559836,0.19494933408559836,0.46821016361192425,0.27472033167937593,0.19494933408559836,0.19494933408559836,0.4723988654379107,0.19494933408559836,0.19494933408559836
0.44234324718925927,0.44234324718925927,0.4440699495598133,0.46694056936230693,0.4622503371777095,0.5498446175072652,0.9120287604407123,0.442375655761644,0.44370122149666996,0.4824902058210679,0.6194922931788016,0.5801183135330672,0.48216818348006274,0.6077392863956596,0.44234324718925927,0.5719635062687551,0.4817998510273803,0.6094969252394755,0.6144041013543461,0.4817094732848121,0.4424164720721106,0.5756719386762496,0.6357054781804398,0.44234324718925927,0.5672404841260855,0.44234324718925927,0.6443735149148277,0.4424164720721106,0.6181161123113901,0.44234324718925927,0.6002696349408866,0.6189906547895069,0.44234324718925927,0.48156008530573535,0.5654399983040143,0.5688565960274976,0.44234324718925927,0.6443300317614435,0.44234324718925927,0.5691467752025136,0.4817051799022254,0.6113742366912158,0.6098228976140511,0.48107859605595826,0.4441369555565189,0.5704681823626045,0.6120384647361541,0.4812962217632691,0.5748510095003302,0.44243898114657026,0.6125931196072218,0.4816473283302302,0.6130355058165355,0.44234324718925927,0.6002029630365687,0.44234324718925927,0.6140174805557372,0.6015574211222572,0.44234324718925927,0.44234324718925927,0.5709981192528181,0.6459853998011907,0.44234324718925927,0.5680428746841953,0.48156279777233607,0.6184568300638773,0.44234324718925927,0.6178169574541952,0.6112789944555922,0.44234324718925927,0.44234324718925927,0.6211348174386028,0.6009934619732732,0.44234324718925927,0.6207619606179696,0.4816111674182203,0.6099801946423045,0.4424164720721106,0.5939945287858476,0.44234324718925927,0.44234324718925927,0.610302710174859,0.44234324718925927,0.44234324718925927,0.44234324718925927,0.6003679751250925,0.44234324718925927,0.44234324718925927,0.6108122671509189,0.44234324718925927,0.44234324718925927,0.4815126145608764,0.621023137459561,0.44234324718925927,0.44234324718925927,0.5786244322552971,0.44234324718925927,0.44234324718925927,0.44234324718925927,0.48125550958405205,0.6158979425722024,0.44234324718925927,0.4424394758376194,0.6113397034854623,0.4424164720721106,0.4811700023109789,0.44234324718925927,0.5636593111228689,0.44234324718925927,0.44234324718925927,0.6082045722977205,0.44234324718925927,0.44234324718925927,0.4815750036748865,0.5876226871339333,0.44234324718925927,0.44234324718925927,0.44234324718925927,0.6089862310582955,0.4820004264754639,0.44234324718925927,0.44234324718925927,0.6120564442683958,0.44234324718925927,0.44234324718925927
0.3818085894709404,0.3818085894709404,0.383825389310706,0.410310181379435,0.4049112790828967,0.5036793794656391,0.8958981427926198,0.3818464669370793,0.3833949307597941,0.42810247226703857,0.5801183135330672,0.5370670476646924,0.427735575087267,0.5673053063024287,0.3818085894709404,0.5281010924509767,0.42731583646142385,0.5692233441905346,0.5745747955843118,0.42721283246006514,0.3818941696180233,0.5321807575461958,0.5977486625963515,0.3818085894709404,0.5228993766141298,0.3818085894709404,0.6071550379961926,0.3818941696180233,0.5786195060408851,0.3818085894709404,0.5591462224965204,0.5795720202954243,0.3818085894709404,0.4270425631600651,0.5209146194677022,0.5246800434747346,0.3818085894709404,0.6071078821719506,0.3818085894709404,0.524999685145598,0.42720793914381566,0.5712712300028642,0.5695789896880419,0.42649367816893563,0.3839036004397939,0.526454936927535,0.5719956281191134,0.42674178342549046,0.5312779931954879,0.3819204757095793,0.5726004548112826,0.4271420026059465,0.573082810453188,0.3818085894709404,0.5590733388731385,0.3818085894709404,0.5741533579501493,0.5605537848542925,0.3818085894709404,0.3818085894709404,0.5270384039690429,0.608902850596279,0.3818085894709404,0.5237835672135241,0.4270456548952887,0.5789906196938429,0.3818085894709404,0.5782936436824483,0.5711673523349972,0.3818085894709404,0.3818085894709404,0.581906698742851,0.5599374200701451,0.3818085894709404,0.5815007784008922,0.4271007870304176,0.5697505971038924,0.3818941696180233,0.5522818038010271,0.3818085894709404,0.3818085894709404,0.5701024372393444,0.3818085894709404,0.3818085894709404,0.3818085894709404,0.5592537229726169,0.3818085894709404,0.3818085894709404,0.5706582794673057,0.3818085894709404,0.3818085894709404,0.42698845412025105,0.5817851183080096,0.3818085894709404,0.3818085894709404,0.5354259850265625,0.3818085894709404,0.3818085894709404,0.3818085894709404,0.42669537152948395,0.5762028694803478,0.3818085894709404,0.3819210538442062,0.5712335659628367,0.3818941696180233,0.4265978898821053,0.3818085894709404,0.518950696125462,0.3818085894709404,0.3818085894709404,0.5678131196706607,0.3818085894709404,0.3818085894709404,0.4270595674230222,0.5453015719179661,0.3818085894709404,0.3818085894709404,0.3818085894709404,0.5686661150047062,0.4275444154618483,0.3818085894709404,0.3818085894709404,0.5720152350380853,0.3818085894709404,0.3818085894709404
0.1941289944099202,0.1941289944099202,0.19810576770626026,0.246005919010516,0.23677660167464368,0.3838665301241852,0.8563016672895492,0.1942042311634193,0.19726190378616568,0.27502197145398016,0.48216818348006274,0.427735575087267,0.2744423266909671,0.46617085935039326,0.1941289944099202,0.4161219978539421,0.2737783317551725,0.4685754502253522,0.4752657177899868,0.2736152448381299,0.19429895343907466,0.4214201411112103,0.5039470733180594,0.1941289944099202,0.4093317183954316,0.1941289944099202,0.5154689141270362,0.19429895343907466,0.48030467872426025,0.1941289944099202,0.45590059694103885,0.48148919367300486,0.1941289944099202,0.2733455328299714,0.40673010013567257,0.41166071152484707,0.1941289944099202,0.515411309717949,0.1941289944099202,0.4120782775495514,0.2736074958181499,0.47113888467576964,0.46902091848698224,0.27247502871797846,0.19825881060896716,0.4139774401315582,0.4720446865968516,0.2728687108092499,0.4202497657793106,0.19435117440178107,0.4728005932256079,0.2735030668006081,0.473403189691626,0.1941289944099202,0.4558085424578544,0.1941289944099202,0.47473982358315764,0.4576772890957613,0.1941289944099202,0.1941289944099202,0.4147380132793901,0.5176029227694734,0.1941289944099202,0.41048877797690786,0.2733504316113208,0.4807662790641117,0.1941289944099202,0.47989926185087783,0.47100895302722556,0.1941289944099202,0.1941289944099202,0.4843891448874786,0.4568995424576264,0.1941289944099202,0.48388528455684476,0.27343777863667035,0.46923582369796657,0.19429895343907466,0.44720519046013485,0.1941289944099202,0.1941289944099202,0.4696763466841148,0.1941289944099202,0.1941289944099202,0.1941289944099202,0.45603636334001185,0.1941289944099202,0.1941289944099202,0.4703720484698687,0.1941289944099202,0.1941289944099202,0.2732597900972278,0.484238244645755,0.1941289944099202,0.1941289944099202,0.4256181220932634,0.1941289944099202,0.1941289944099202,0.1941289944099202,0.27279509161827203,0.47729578501015407,0.1941289944099202,0.1943523219572203,0.4710917751537259,0.19429895343907466,0.2726404273143455,0.1941289944099202,0.40414977008844083,0.1941289944099202,0.1941289944099202,0.4668078422683169,0.1941289944099202,0.1941289944099202,0.27337247505305123,0.4383080443830525,0.1941289944099202,0.1941289944099202,0.1941289944099202,0.4678772385566451,0.27414004182241974,0.1941289944099202,0.1941289944099202,0.47206919655951923,0.1941289944099202,0.1941289944099202
0.42470633459038565,0.42470633459038565,0.42650982507596924,0.450346903994173,0.44546575746209316,0.5361452551956347,0.9072229127574154,0.42474018966776866,0.4261247471611914,0.4665051242108598,0.6077392863956596,0.5673053063024287,0.46617085935039326,0.5956793119827937,0.42470633459038565,0.5589185882535306,0.4657885057599987,0.5974833290838997,0.6025190988659133,0.46569468470709985,0.42478282746141477,0.562733069548749,0.6243645887286453,0.42470633459038565,0.5540590408255303,0.42470633459038565,0.6332480943349791,0.42478282746141477,0.6063275368405919,0.42470633459038565,0.5880106126483895,0.6072246938516854,0.42470633459038565,0.46553960263405864,0.5522060671391138,0.5557220561402778,0.42470633459038565,0.6332035381309398,0.42470633459038565,0.5560206362014954,0.46569022772162416,0.5994099892622757,0.5978178840689027,0.46503973923116876,0.42657979942393015,0.5573802195511576,0.600091632009758,0.46526567386687895,0.5618887499387083,0.42480634089660374,0.6006608106076625,0.4656301714120519,0.60111476895571,0.42470633459038565,0.5879421495446755,0.42470633459038565,0.6021223933675448,0.5893329449857176,0.42470633459038565,0.42470633459038565,0.5579254302021112,0.6348997022288928,0.42470633459038565,0.5548847432898676,0.46554241851773853,0.6066770697521807,0.42470633459038565,0.6060206372533524,0.5993122480165893,0.42470633459038565,0.42470633459038565,0.6094241378393981,0.5887538690604008,0.42470633459038565,0.609041684535159,0.46559263215702973,0.597979320528502,0.42478282746141477,0.5815657503999278,0.42470633459038565,0.42470633459038565,0.5983103191551709,0.42470633459038565,0.42470633459038565,0.42470633459038565,0.5881115943489665,0.42470633459038565,0.42470633459038565,0.5988332673981082,0.42470633459038565,0.42470633459038565,0.465490321822395,0.6093095842017827,0.42470633459038565,0.42470633459038565,0.5657692925662448,0.42470633459038565,0.42470633459038565,0.42470633459038565,0.465223407814612,0.6040518318526454,0.42470633459038565,0.4248068576598007,0.5993745500149295,0.42478282746141477,0.4651346361916658,0.42470633459038565,0.5503732241078144,0.42470633459038565,0.42470633459038565,0.5961568918800455,0.42470633459038565,0.42470633459038565,0.46555508977666793,0.575019035828198,0.42470633459038565,0.42470633459038565,0.42470633459038565,0.5969591769675551,0.4659967188062889,0.42470633459038565,0.42470633459038565,0.6001100825980938,0.42470633459038565,0.42470633459038565
0.0,0.0,0.03950928398880738,0.1511917041899769,0.1356338403759483,0.3316235152767358,0.8408964152537145,0.005407191212866614,0.035029876961173004,0.19494933408559836,0.44234324718925927,0.3818085894709404,0.1941289944099202,0.42470633459038565,0.0,0.3686702112462362,0.1931871518672989,0.4273646188909555,0.434746993618731,0.19295547051115775,0.00812796711686571,0.3746755668768025,0.4661885376798157,0.0,0.3609433839676969,0.0,0.4787359036412802,0.00812796711686571,0.440294399761977,0.0,0.41332147289077026,0.4415968909595323,0.0,0.19257201129182547,0.35797352371754887,0.36359754204263134,0.0,0.47867327859563225,0.0,0.3640729665022913,0.19294445878362718,0.4301955962784706,0.4278567940044704,0.191331755464104,0.04027022563360433,0.3662336146767578,0.43119522966269774,0.19189315628608822,0.37335067997928945,0.009293762378963814,0.4320291612484432,0.19279602942913773,0.432693777285804,0.0,0.4132191921177009,0.0,0.4341674105460845,0.4152946958386084,0.0,0.0,0.3670981493558449,0.48105517832271566,0.0,0.36226251123568526,0.19257897947839112,0.4408020438034555,0.0,0.439848470514346,0.4300521750558227,0.0,0.0,0.4447832532605554,0.4144311140898575,0.0,0.4442298739317174,0.19270320350896236,0.42809419945703026,0.00812796711686571,0.40364056059305525,0.0,0.0,0.42858077894038094,0.0,0.0,0.0,0.4134723136433778,0.0,0.0,0.4293490372109946,0.0,0.0,0.19245002752341864,0.44461753335932025,0.0,0.0,0.3794200025323895,0.0,0.0,0.0,0.191788236433683,0.4369831949345556,0.0,0.009317746298799246,0.43014359669344526,0.00812796711686571,0.19156771922302573,0.0,0.3550226071957686,0.0,0.0,0.42541078194322024,0.0,0.0,0.19261033322411852,0.39369200566305407,0.0,0.0,0.0,0.4265930178953558,0.19370050233834935,0.0,0.0,0.4312222735233175,0.0,0.0
0.3686702112462362,0.3686702112462362,0.3707614554684453,0.3981570203885705,0.39258189508602637,0.494011050792365,0.8925543488173955,0.3687094940422826,0.3703151729966466,0.41649980622415306,0.5719635062687551,0.5281010924509767,0.4161219978539421,0.5589185882535306,0.3686702112462362,0.5189536117607116,0.4156897548472022,0.5608718149793938,0.5663205529233271,0.4155836787139322,0.36875896619438464,0.5231164762619884,0.589901630308944,0.3686702112462362,0.5136443050202542,0.3686702112462362,0.5994673619433704,0.36875896619438464,0.5704379459856558,0.3686702112462362,0.5506078564296512,0.57140747319566,0.3686702112462362,0.41540832799431854,0.5116180377671614,0.5154619965295204,0.3686702112462362,0.5994194150844669,0.3686702112462362,0.515788262855921,0.4155786394178568,0.5629570839908046,0.5612339664628094,0.4148430362445834,0.3708425379099982,0.5172735930195432,0.56369465973618,0.4150985625819079,0.5221953890579528,0.36878624788964215,0.5643104706857913,0.41551073551992984,0.5648015745495175,0.3686702112462362,0.5505336035069687,0.3686702112462362,0.5658915006517636,0.5520418115941631,0.3686702112462362,0.3686702112462362,0.5178690820643356,0.6012444397878955,0.3686702112462362,0.5145469056987504,0.4154115120317094,0.5708156927794514,0.3686702112462362,0.5701062543890646,0.5628513147115382,0.3686702112462362,0.3686702112462362,0.5737836876733239,0.55141390160926,0.3686702112462362,0.5733705622441235,0.4154682898960241,0.5614087110826818,0.36875896619438464,0.5436132916416446,0.3686702112462362,0.3686702112462362,0.5617669790648836,0.3686702112462362,0.3686702112462362,0.3686702112462362,0.5507173760853596,0.3686702112462362,0.3686702112462362,0.5623329645071804,0.3686702112462362,0.3686702112462362,0.4153526033520548,0.5736599499143875,0.3686702112462362,0.3686702112462362,0.52642716502402,0.3686702112462362,0.3686702112462362,0.3686702112462362,0.41505076308030864,0.5679779692593617,0.3686702112462362,0.36878684746382207,0.5629187341458051,0.36875896619438464,0.4149503660319476,0.3686702112462362,0.5096127855693201,0.3686702112462362,0.3686702112462362,0.5594357348076306,0.3686702112462362,0.3686702112462362,0.4154258398951592,0.5364981865968903,0.3686702112462362,0.3686702112462362,0.3686702112462362,0.5603043803693216,0.4159251462964428,0.3686702112462362,0.3686702112462362,0.5637146229961273,0.3686702112462362,0.3686702112462362
0.1931871518672989,0.1931871518672989,0.19718297641977003,0.24526420374152438,0.23600568186065554,0.38339593164085284,0.8561566913086264,0.19326275631431322,0.19633513423643845,0.274359395357404,0.4817998510273803,0.42731583646142385,0.2737783317551725,0.4657885057599987,0.1931871518672989,0.4156897548472022,0.27311270422539735,0.4681952563430009,0.47489143413968543,0.2729492151231406,0.19335794110603527,0.420993680219789,0.5035966209120932,0.1931871518672989,0.40889186529824345,0.1931871518672989,0.5151274194596122,0.19335794110603527,0.47993475384180784,0.1931871518672989,0.45550879775262776,0.48112028220279607,0.1931871518672989,0.2726788369445157,0.40628726962469397,0.41122349450631207,0.1931871518672989,0.5150697710630506,0.1931871518672989,0.4116415302658092,0.27294144698168993,0.4707609723064955,0.46864112261617175,0.2718061738654614,0.1973367371822105,0.4135428183336248,0.4716675753356154,0.27220083402537115,0.4198220390183947,0.19341041686325933,0.4724241484938701,0.27283676017094166,0.4730272750045388,0.1931871518672989,0.4554166569344779,0.1931871518672989,0.47436508050551157,0.45728715026993005,0.1931871518672989,0.1931871518672989,0.41430423769785435,0.5172630521896798,0.1931871518672989,0.4100502379310502,0.27268374783709387,0.48039674960478435,0.1931871518672989,0.479528989144553,0.4706309255278939,0.1931871518672989,0.1931871518672989,0.4840226968487551,0.45650867819476676,0.1931871518672989,0.4835184102831869,0.27277131073808203,0.4688562196060936,0.19335794110603527,0.4468050988027369,0.1931871518672989,0.1931871518672989,0.4692971352392406,0.1931871518672989,0.1931871518672989,0.1931871518672989,0.45564469142701736,0.1931871518672989,0.1931871518672989,0.46999345583365004,0.1931871518672989,0.1931871518672989,0.272592882161114,0.483871669032744,0.1931871518672989,0.1931871518672989,0.42519614972723746,0.1931871518672989,0.1931871518672989,0.1931871518672989,0.2721270321458075,0.4769232667755077,0.1931871518672989,0.19341157001626322,0.47071382104784526,0.19335794110603527,0.27197198371979253,0.1931871518672989,0.4037039516981052,0.1931871518672989,0.1931871518672989,0.4664260626543789,0.1931871518672989,0.1931871518672989,0.2727058457713958,0.4378991678640954,0.1931871518672989,0.1931871518672989,0.1931871518672989,0.4674964195353059,0.27347530461303404,0.1931871518672989,0.1931871518672989,0.4716921069388277,0.1931871518672989,0.1931871518672989
