0.0,0.0,0.22145007149821141,0.12197819771075637,0.8408964152537145,0.5220458706217115,0.015724760377379687,0.23171692071601985,0.5315413347040117,0.45609471754210035,0.23045543101074367,0.508747100594512,0.0,0.44006260143854536,0.22954842369711453,0.5124402531514731,0.5216397729032874,0.22930853425590167,0.0,0.44759114943449957,0.5048744650935596,0.23064752119437731,0.0,0.4305402320911271,0.5779231478340618,0.0,0.5283749580466184,0.22807208658527753,0.43501449848631885,0.0,0.530119314716045,0.22860398401411844,0.427169477652777,0.4343087003043459,0.0,0.2303895352791273,0.5219135895493019,0.43441412773830756,0.2294030029280627,0.5164825185348255,0.0,0.5125014833405083,0.22734012004156715,0.43961755282993364,0.5177923621408554,0.0,0.22800828784832963,0.4459934081491802,0.5739883650116194,0.0,0.5192041722931223,0.011069398022020888,0.4948700559814284,0.0,0.5216036227570104,0.0,0.49730691138739247,0.0,0.43835612530634815,0.5813297663905873,0.0,0.4322852803918204,0.2286807591698581,0.5297200360241631,0.0,0.5285709309376704,0.5158216735327903,0.0,0.0,0.5344488691693795,0.2287035793280519,0.4358792656992222,0.5339682130286023,0.22898139076734494,0.5133706899030531,0.0,0.4829440984257379,0.0,0.0,0.5139307421106454,0.011040905313080192,0.0,0.43446165950652554,0.2286268117090434,0.0,0.0,0.5149768433062326,0.0,0.0,0.0,0.5892648298712794,0.0,0.0,0.011069398022020888,0.45298298723772695,0.0,0.0,0.5801528843357528,0.0,0.0,0.0,0.515597412624662,0.0,0.227729308849184,0.0,0.4231403479938147,0.0,0.0,0.5097192907746858,0.0,0.0,0.22875405232970558,0.47062549256965874,0.0,0.009688517641376045,0.0,0.5111532112305912,0.0,0.22983761757866478,0.5169765106571164,0.0,0.0,0.0,0.0,0.4287637334034652
0.0,0.0,0.22145007149821141,0.12197819771075637,0.8408964152537145,0.5220458706217115,0.015724760377379687,0.23171692071601985,0.5315413347040117,0.45609471754210035,0.23045543101074367,0.508747100594512,0.0,0.44006260143854536,0.22954842369711453,0.5124402531514731,0.5216397729032874,0.22930853425590167,0.0,0.44759114943449957,0.5048744650935596,0.23064752119437731,0.0,0.4305402320911271,0.5779231478340618,0.0,0.5283749580466184,0.22807208658527753,0.43501449848631885,0.0,0.530119314716045,0.22860398401411844,0.427169477652777,0.4343087003043459,0.0,0.2303895352791273,0.5219135895493019,0.43441412773830756,0.2294030029280627,0.5164825185348255,0.0,0.5125014833405083,0.22734012004156715,0.43961755282993364,0.5177923621408554,0.0,0.22800828784832963,0.4459934081491802,0.5739883650116194,0.0,0.5192041722931223,0.011069398022020888,0.4948700559814284,0.0,0.5216036227570104,0.0,0.49730691138739247,0.0,0.43835612530634815,0.5813297663905873,0.0,0.4322852803918204,0.2286807591698581,0.5297200360241631,0.0,0.5285709309376704,0.5158216735327903,0.0,0.0,0.5344488691693795,0.2287035793280519,0.4358792656992222,0.5339682130286023,0.22898139076734494,0.5133706899030531,0.0,0.4829440984257379,0.0,0.0,0.5139307421106454,0.011040905313080192,0.0,0.43446165950652554,0.2286268117090434,0.0,0.0,0.5149768433062326,0.0,0.0,0.0,0.5892648298712794,0.0,0.0,0.011069398022020888,0.45298298723772695,0.0,0.0,0.5801528843357528,0.0,0.0,0.0,0.515597412624662,0.0,0.227729308849184,0.0,0.4231403479938147,0.0,0.0,0.5097192907746858,0.0,0.0,0.22875405232970558,0.47062549256965874,0.0,0.009688517641376045,0.0,0.5111532112305912,0.0,0.22983761757866478,0.5169765106571164,0.0,0.0,0.0,0.0,0.4287637334034652
0.22145007149821141,0.22145007149821141,0.31298923146969865,0.25277556161876746,0.8607744233766929,0.5651440424883126,0.2220069891818164,0.32030848058868366,0.573792924106156,0.5057068676507305,0.31940057541539646,0.5530653398718016,0.22145007149821141,0.4914609623448368,0.3187492535497823,0.5564154810965973,0.564774594749651,0.31857719421922465,0.22145007149821141,0.4981392674338518,0.5495559745058134,0.3195386723804049,0.22145007149821141,0.48304463448744994,0.6162931922323313,0.22145007149821141,0.5709066708434437,0.31769172849191674,0.48699483440903185,0.22145007149821141,0.5724964424209701,0.31807235811504986,0.4800739501193717,0.4863711847133852,0.22145007149821141,0.31935321445015585,0.5650236955923741,0.48646432905500203,0.318644941060808,0.5600860477294247,0.22145007149821141,0.5564710520772292,0.3171686265827625,0.4910668324386737,0.5612762691900606,0.22145007149821141,0.31764610231303175,0.49672023765268714,0.6126731526597854,0.22145007149821141,0.562559589167991,0.22172622294621439,0.5405076696185046,0.22145007149821141,0.5647417089258187,0.22145007149821141,0.5427092382097572,0.22145007149821141,0.48995013284674716,0.6194292519152517,0.22145007149821141,0.48458435020936963,0.3181273341494215,0.5721324902231646,0.22145007149821141,0.5710852439520286,0.5594857063486236,0.22145007149821141,0.22145007149821141,0.5764451045788443,0.31814367658421777,0.4877592136805541,0.5760065399882515,0.3183426912810503,0.557260018636128,0.22145007149821141,0.5297565504703277,0.22145007149821141,0.22145007149821141,0.5577684653796411,0.22172480402826472,0.22145007149821141,0.4865063244274772,0.3180887033121311,0.22145007149821141,0.22145007149821141,0.5587183734697989,0.22145007149821141,0.22145007149821141,0.22145007149821141,0.6267408186561356,0.22145007149821141,0.22145007149821141,0.22172622294621439,0.5029347161443214,0.22145007149821141,0.22145007149821141,0.6183456394218357,0.22145007149821141,0.22145007149821141,0.22145007149821141,0.5592820008488952,0.22145007149821141,0.3174466604914636,0.22145007149821141,0.4765291070433682,0.22145007149821141,0.22145007149821141,0.5539469145975725,0.22145007149821141,0.22145007149821141,0.3181798251144723,0.5186945021710869,0.22145007149821141,0.2216616529400599,0.22145007149821141,0.5552476022886856,0.22145007149821141,0.3189567905189029,0.5605348789623777,0.22145007149821141,0.22145007149821141,0.22145007149821141,0.22145007149821141,0.48147841556317517
0.12197819771075637,0.12197819771075637,0.25277556161876746,0.17249367374252672,0.8470828324036928,0.5355531698770845,0.12298748302121496,0.2618091025766795,0.5447727863917898,0.4717547670695591,0.26069428256958477,0.5226534664361786,0.12197819771075637,0.4563229987896469,0.2598935496457063,0.5262342404451066,0.5351590334344134,0.25968188369715034,0.12197819771075637,0.4635652103966826,0.5189000061012323,0.2608639537427896,0.12197819771075637,0.4471746888315462,0.589900383926637,0.12197819771075637,0.5416975897283027,0.2585916796524256,0.4514714931656183,0.12197819771075637,0.543391617562763,0.25906050651390194,0.44393968325508026,0.45079348566666283,0.12197819771075637,0.2606360846725459,0.5354247835260524,0.4508947571200251,0.2597652321424003,0.5301548921681475,0.12197819771075637,0.5262936177633869,0.25794690286321165,0.45589513129005715,0.5314256333313365,0.12197819771075637,0.2585354621679619,0.46202756737687994,0.5860666831024631,0.12197819771075637,0.5327954616264426,0.122479380362914,0.5092100526260506,0.12197819771075637,0.535123948727739,0.12197819771075637,0.5115694162468433,0.12197819771075637,0.45468255885232645,0.5932201944323928,0.12197819771075637,0.4488501578727616,0.25912819783124263,0.5430038377509314,0.12197819771075637,0.5418878962929196,0.5295138314165517,0.12197819771075637,0.12197819771075637,0.5475972839242933,0.259148318932705,0.45230231281912275,0.5471303099946696,0.2593933076280655,0.5271365573389857,0.12197819771075637,0.4976720980819237,0.12197819771075637,0.12197819771075637,0.5276797204087991,0.12247680883569881,0.12197819771075637,0.45094041572319754,0.2590806327715407,0.12197819771075637,0.12197819771075637,0.5286943488036667,0.12197819771075637,0.12197819771075637,0.12197819771075637,0.6009555022300314,0.12197819771075637,0.12197819771075637,0.122479380362914,0.46875682012255515,0.12197819771075637,0.12197819771075637,0.5920732289432507,0.12197819771075637,0.12197819771075637,0.12197819771075637,0.5292962929975077,0.12197819771075637,0.2582896753858131,0.12197819771075637,0.44007519993363026,0.12197819771075637,0.12197819771075637,0.5235959547175583,0.12197819771075637,0.12197819771075637,0.25919282380525765,0.48577049731580185,0.12197819771075637,0.12236232113970602,0.12197819771075637,0.5249862226627587,0.12197819771075637,0.26014878366486693,0.530634119915461,0.12197819771075637,0.12197819771075637,0.12197819771075637,0.12197819771075637,0.4454695108973129
0.8408964152537145,0.8408964152537145,0.8607744233766929,0.8470828324036928,1.0,0.9343712536245271,0.8410003594007921,0.8625852291558074,0.9370592997001681,0.9158232373734523,0.8623590104341943,0.9306061293395902,0.8408964152537145,0.911403230614673,0.862197000637426,0.9316514312106294,0.9342562604825955,0.8621542413519665,0.8408964152537145,0.913472364471709,0.9295105238277981,0.8623933904565487,0.8408964152537145,0.9088042818057218,0.9500901377652258,0.8408964152537145,0.936163168011108,0.86193444671151,0.9100228008441517,0.8408964152537145,0.9366568857745504,0.8620288757464074,0.9078895332385831,0.9098302661300967,0.8408964152537145,0.8623472220513206,0.9343337962057991,0.9098590182174248,0.862171075508116,0.9327958946178604,0.8408964152537145,0.9316687646971408,0.8618048021524013,0.9112812975508394,0.9331667895994671,0.8408964152537145,0.8619231328182476,0.913032245890057,0.9489959414232998,0.8408964152537145,0.9335665697259394,0.8409479286995815,0.9266837333839562,0.8408964152537145,0.9342460239384459,0.8408964152537145,0.9273717032743517,0.8408964152537145,0.9109359364621252,0.9510350387231012,0.8408964152537145,0.9092789536808393,0.8620425211264701,0.9365438829706665,0.8408964152537145,0.936218639905501,0.9326087763263081,0.8408964152537145,0.8408964152537145,0.9378818580749462,0.8620465777361279,0.9102588601082601,0.9377459020590178,0.8620959900199863,0.9319148347829977,0.8408964152537145,0.9233239466506503,0.8408964152537145,0.8408964152537145,0.9320733921788409,0.8409476638731697,0.8408964152537145,0.9098719819034012,0.8620329325487073,0.8408964152537145,0.8408964152537145,0.9323695706830709,0.8408964152537145,0.8408964152537145,0.8408964152537145,0.9532264358219654,0.8408964152537145,0.8408964152537145,0.8409479286995815,0.9149613763501593,0.8408964152537145,0.8408964152537145,0.9507088685393351,0.8408964152537145,0.8408964152537145,0.8408964152537145,0.932545278037768,0.8408964152537145,0.8618736907963699,0.8408964152537145,0.9067999164171939,0.8408964152537145,0.8408964152537145,0.9308812574351972,0.8408964152537145,0.8408964152537145,0.8620555512449427,0.9198697185162114,0.8408964152537145,0.8409358788445463,0.8408964152537145,0.9312871068043032,0.8408964152537145,0.8622485982008358,0.9329357715530447,0.8408964152537145,0.8408964152537145,0.8408964152537145,0.8408964152537145,0.9083218247307889
0.5220458706217115,0.5220458706217115,0.5651440424883126,0.5355531698770845,0.9343712536245271,0.7241763227356494,0.5222736743220573,0.5690334366938317,0.7302529037673563,0.6831676723971122,0.5685477930985589,0.7157314831322488,0.5220458706217115,0.6735706287782762,0.568199950071943,0.7180686829051177,0.7239172899913789,0.5681081378363014,0.5220458706217115,0.6780569422590058,0.7132875199104861,0.5686216041400587,0.5220458706217115,0.6679499051440989,0.7604170247690738,0.5220458706217115,0.728222429657632,0.5676361579412561,0.6705832952167721,0.5220458706217115,0.7293405110232299,0.5678389399032409,0.6659750861013307,0.6701669839228518,0.5220458706217115,0.5685224840565332,0.7240919383827384,0.6702291483368907,0.5681442842357118,0.7206339343368963,0.5220458706217115,0.7181074849665654,0.5673577322647995,0.6733065794676583,0.721466737857576,0.5220458706217115,0.567611861058872,0.6771017741832546,0.7578307650539841,0.5220458706217115,0.7223652193992208,0.5221587712004035,0.7070073138625685,0.5220458706217115,0.7238942347666473,0.5220458706217115,0.7085324983892248,0.5220458706217115,0.6725588812998712,0.7626596801951816,0.5220458706217115,0.6689753530463509,0.5678682417104108,0.7290844749814706,0.5220458706217115,0.7283479801419487,0.7202140557306893,0.5220458706217115,0.5220458706217115,0.7321209659681778,0.5678769527409695,0.6710938316567933,0.7318119159808851,0.5679830572511475,0.7186584919648152,0.5220458706217115,0.6995869279407895,0.5220458706217115,0.5220458706217115,0.7190137014015769,0.5221581908071465,0.5220458706217115,0.6702571775103109,0.5678476514233205,0.5220458706217115,0.5220458706217115,0.719677563150933,0.5220458706217115,0.5220458706217115,0.5220458706217115,0.7678956898414343,0.5220458706217115,0.5220458706217115,0.5221587712004035,0.6812922561864553,0.5220458706217115,0.5220458706217115,0.7618845463237555,0.5220458706217115,0.5220458706217115,0.5220458706217115,0.7200716121856957,0.5220458706217115,0.5675056809499964,0.5220458706217115,0.6636249656931483,0.5220458706217115,0.5220458706217115,0.716346120459934,0.5220458706217115,0.5220458706217115,0.5678962220794839,0.6920023996844523,0.5220458706217115,0.5221323625493361,0.5220458706217115,0.7172534703019323,0.5220458706217115,0.5683107364452338,0.7209479271245135,0.5220458706217115,0.5220458706217115,0.5220458706217115,0.5220458706217115,0.666908128616084
0.015724760377379687,0.015724760377379687,0.2220069891818164,0.12298748302121496,0.8410003594007921,0.5222736743220573,0.02223816905383151,0.23224909280916584,0.5317643984113335,0.456359774606099,0.23099052615692228,0.5089817745081467,0.015724760377379687,0.4403381365361129,0.23008564012511237,0.5126729908231299,0.5218677823019908,0.22984631450293677,0.015724760377379687,0.4478616819062803,0.5051111937114805,0.23118216920107476,0.015724760377379687,0.4308223168035558,0.5781247471423198,0.015724760377379687,0.5285995877399844,0.2286127914795744,0.4352934738658908,0.015724760377379687,0.5303430799320469,0.22914342694607906,0.4274539433627445,0.43458816236197745,0.015724760377379687,0.23092478398433794,0.5221414602257676,0.4346935170094858,0.22994056100358293,0.5167131622357642,0.015724760377379687,0.5127341890982302,0.22788257111719945,0.4398933884021685,0.5180223328719364,0.015724760377379687,0.22854914450024136,0.4462649898262362,0.5741916891291827,0.015724760377379687,0.5194334206625149,0.0192301756636288,0.49511221295077273,0.015724760377379687,0.5218316504787683,0.015724760377379687,0.4975477297148404,0.015724760377379687,0.4386328154764526,0.5815298851363279,0.015724760377379687,0.43256614555410666,0.22922002042677125,0.5299439987306623,0.015724760377379687,0.5287954632910252,0.5160526577855064,0.015724760377379687,0.015724760377379687,0.5346705074208983,0.22924278660826808,0.436157646703039,0.5341900861120341,0.22951994179062518,0.5136029432729641,0.015724760377379687,0.48319296725843897,0.015724760377379687,0.015724760377379687,0.5141627046399204,0.019213788627939706,0.015724760377379687,0.43474101597238324,0.22916620061063916,0.015724760377379687,0.015724760377379687,0.5152082639298587,0.015724760377379687,0.015724760377379687,0.015724760377379687,0.5894615440366544,0.015724760377379687,0.015724760377379687,0.0192301756636288,0.45325002705547895,0.015724760377379687,0.015724760377379687,0.5803535132551706,0.015724760377379687,0.015724760377379687,0.015724760377379687,0.5158285126020715,0.015724760377379687,0.22827083009372312,0.015724760377379687,0.4234277045239284,0.015724760377379687,0.015724760377379687,0.5099534528148022,0.015724760377379687,0.015724760377379687,0.22929314026354447,0.4708815925271898,0.015724760377379687,0.018469852707624492,0.015724760377379687,0.5113866211338328,0.015724760377379687,0.23037415585213047,0.5172069002394569,0.015724760377379687,0.015724760377379687,0.015724760377379687,0.015724760377379687,0.4290470687877219
0.23171692071601985,0.23171692071601985,0.32030848058868366,0.2618091025766795,0.8625852291558074,0.5690334366938317,0.23224909280916584,0.32746077580214,0.5776103725558732,0.5101376997292701,0.3265731910462914,0.5570577983958039,0.23171692071601985,0.4960363465420188,0.32593651352987585,0.5603790388511986,0.5686670956804771,0.3257683321415477,0.23171692071601985,0.5026460609974743,0.5535789763388462,0.32670819020892583,0.23171692071601985,0.4877086496284409,0.6197764058513439,0.23171692071601985,0.57474796395772,0.3249028855405548,0.4916169386372945,0.23171692071601985,0.57632458165913,0.32527489688787903,0.4847698570874108,0.4909998686259338,0.23171692071601985,0.32652689306316635,0.5689141015001818,0.49109202939059776,0.3258345516100127,0.5640182213366169,0.23171692071601985,0.5604341325161226,0.3243916593627206,0.49564631175981283,0.5651983279769935,0.23171692071601985,0.32485829373388253,0.501241481012165,0.6161837278922047,0.23171692071601985,0.5664707753927258,0.2319807874896916,0.5446107402674628,0.23171692071601985,0.5686344865328635,0.23171692071601985,0.5467926479530603,0.23171692071601985,0.4945412440837423,0.6228889094759774,0.23171692071601985,0.48923196254496726,0.32532862974104776,0.5759636364703181,0.23171692071601985,0.5749250570738876,0.5634229932225319,0.23171692071601985,0.23171692071601985,0.5802407836263354,0.3253446026994569,0.4923732722663046,0.5798058095890806,0.3255391208392843,0.5612163296575259,0.23171692071601985,0.5339573664009335,0.23171692071601985,0.23171692071601985,0.5617204210296026,0.23197943162019868,0.23171692071601985,0.49113358140511615,0.32529087242660054,0.23171692071601985,0.23171692071601985,0.562662207123876,0.23171692071601985,0.23171692071601985,0.23171692071601985,0.6301460679070738,0.23171692071601985,0.23171692071601985,0.2319807874896916,0.5073931626833675,0.23171692071601985,0.23171692071601985,0.621813421141397,0.23171692071601985,0.23171692071601985,0.23171692071601985,0.5632210244825947,0.23171692071601985,0.32466337664136363,0.23171692071601985,0.48126349958629366,0.23171692071601985,0.23171692071601985,0.5579317439500256,0.23171692071601985,0.23171692071601985,0.3253799340952399,0.5229990671695242,0.23171692071601985,0.23191908735665934,0.23171692071601985,0.5592212069263095,0.23171692071601985,0.32613937815548233,0.5644632347599862,0.23171692071601985,0.23171692071601985,0.23171692071601985,0.23171692071601985,0.486159204404475
0.5315413347040117,0.5315413347040117,0.573792924106156,0.5447727863917898,0.9370592997001681,0.7302529037673563,0.5317643984113335,0.5776103725558732,0.7362400650989132,0.6898567293641773,0.5771336763488037,0.7219327712462399,0.5315413347040117,0.6804062185406713,0.5767922481743769,0.7242354001672531,0.729997688204647,0.5767021299967846,0.5315413347040117,0.6848238456728515,0.7195250089081475,0.5772061268555024,0.5315413347040117,0.6748720422376535,0.7659625116199924,0.5315413347040117,0.7342394445590014,0.5762388645401818,0.6774648133371698,0.5315413347040117,0.7353410840223803,0.5764379012343454,0.6729277677119072,0.6770549151184694,0.5315413347040117,0.5771088338743466,0.7301697628751638,0.6771161217220184,0.5767376094033181,0.7267627590861042,0.5315413347040117,0.7242736286713586,0.5759655841463444,0.6801462225285789,0.727583271937953,0.5315413347040117,0.5762150165275367,0.6838832732106042,0.7634140624128589,0.5315413347040117,0.7284684993726401,0.531651885732028,0.7133380864079353,0.5315413347040117,0.7299749727511796,0.5315413347040117,0.7148405804624428,0.5315413347040117,0.6794100084961627,0.768172375976765,0.5315413347040117,0.6758816580235284,0.5764666620017007,0.7350888124459486,0.5315413347040117,0.7343631483881894,0.7263490791428908,0.5315413347040117,0.5315413347040117,0.7380806825117595,0.576475212195647,0.6779674894417204,0.7377761716358359,0.5765793579039021,0.7248164922218856,0.5315413347040117,0.7060284553748931,0.5315413347040117,0.5315413347040117,0.725166453249651,0.5316513174152653,0.5315413347040117,0.6771437190531309,0.5764464518976742,0.5315413347040117,0.5315413347040117,0.7258205087952826,0.5315413347040117,0.5315413347040117,0.5315413347040117,0.7733317977773765,0.5315413347040117,0.5315413347040117,0.531651885732028,0.6880098315662745,0.5315413347040117,0.5315413347040117,0.7674085763454014,0.5315413347040117,0.5315413347040117,0.5315413347040117,0.7262087388012056,0.5315413347040117,0.5761107983317268,0.5315413347040117,0.6706140926065687,0.5315413347040117,0.5315413347040117,0.7225383126271401,0.5315413347040117,0.5315413347040117,0.576494125765346,0.6985578131328055,0.5315413347040117,0.5316260265976209,0.5315413347040117,0.723432240606518,0.5315413347040117,0.5769009908783117,0.727072117289397,0.5315413347040117,0.5315413347040117,0.5315413347040117,0.5315413347040117,0.6738463697935955
0.45609471754210035,0.45609471754210035,0.5057068676507305,0.4717547670695591,0.9158232373734523,0.6831676723971122,0.456359774606099,0.5101376997292701,0.6898567293641773,0.6379211657589706,0.5095848183920718,0.6738661211921052,0.45609471754210035,0.6272983073620391,0.5091887521941685,0.6764411164823907,0.6828824606291738,0.5090842026445551,0.45609471754210035,0.6322660729016115,0.6711728991085962,0.5096688553364238,0.45609471754210035,0.621069379649793,0.7230251512203032,0.45609471754210035,0.6876219406565486,0.5085466848766613,0.6239884343474995,0.45609471754210035,0.6888525690552434,0.508777636730422,0.6188794907959115,0.623527047024699,0.45609471754210035,0.5095560024396671,0.6830747604355445,0.6235959442801381,0.509125364159663,0.6792667449592948,0.45609471754210035,0.6764838617933365,0.5082295512720852,0.62700581281448,0.6801839439746202,0.45609471754210035,0.5085190115132421,0.6312086883322003,0.7201829988908923,0.45609471754210035,0.6811734041735963,0.45622608527772873,0.6642491930676909,0.45609471754210035,0.6828570750487563,0.45609471754210035,0.6659310647551623,0.45609471754210035,0.6261775006075382,0.7254895415910347,0.45609471754210035,0.6222062176381262,0.5088110075492233,0.6885707691716741,0.45609471754210035,0.6877601342481131,0.6788042914138497,0.45609471754210035,0.45609471754210035,0.6919124755583412,0.5088209281682832,0.6245542061480887,0.6915723939423363,0.5089417633382719,0.6770908487158155,0.45609471754210035,0.6560624857422316,0.45609471754210035,0.45609471754210035,0.6774821301083749,0.4562254099706912,0.45609471754210035,0.6236270089793157,0.5087875580204017,0.45609471754210035,0.45609471754210035,0.6782133749531136,0.45609471754210035,0.45609471754210035,0.45609471754210035,0.731242774932394,0.45609471754210035,0.45609471754210035,0.45622608527772873,0.6358464849929686,0.45609471754210035,0.45609471754210035,0.7246377845424035,0.45609471754210035,0.45609471754210035,0.45609471754210035,0.6786474005331945,0.45609471754210035,0.5083980727175545,0.45609471754210035,0.6162724611455078,0.45609471754210035,0.45609471754210035,0.6745433475895228,0.45609471754210035,0.45609471754210035,0.5088428730716285,0.6476872948372688,0.45609471754210035,0.4561953577040221,0.45609471754210035,0.6755430235218597,0.45609471754210035,0.5093149032328121,0.6796125651334034,0.45609471754210035,0.45609471754210035,0.45609471754210035,0.45609471754210035,0.6199142387639495
0.23045543101074367,0.23045543101074367,0.31940057541539646,0.26069428256958477,0.8623590104341943,0.5685477930985589,0.23099052615692228,0.3265731910462914,0.5771336763488037,0.5095848183920718,0.32568313154864104,0.5565593424990354,0.23045543101074367,0.495465544937882,0.32504467081020916,0.5598841751027958,0.5681810657887513,0.32487601724598625,0.23045543101074367,0.5020837609518857,0.5530767246624264,0.32581850795367356,0.23045543101074367,0.4871268671328783,0.6193413126195915,0.23045543101074367,0.5742683020382215,0.3240081333666757,0.4910403480255709,0.23045543101074367,0.5758465557318768,0.32438119391843095,0.48418412465052474,0.4904224628517494,0.23045543101074367,0.32563670412048723,0.5684283321072222,0.490514745470736,0.32494242268468765,0.5635272589437422,0.23045543101074367,0.5599393280985012,0.3234954615374161,0.4950750026775078,0.5647086230744197,0.23045543101074367,0.32396341563864806,0.5006773897119358,0.6157452267194211,0.23045543101074367,0.5659824222488012,0.23072074879674723,0.5440985405987634,0.23045543101074367,0.5681484222389253,0.23045543101074367,0.5462828906655147,0.23045543101074367,0.49396849360512585,0.6224567504960157,0.23045543101074367,0.48865221187368596,0.3244350781248348,0.5754852365426933,0.23045543101074367,0.5744455792212835,0.5629313951624498,0.23045543101074367,0.23045543101074367,0.5797667952920229,0.3244510960660802,0.4917976784748794,0.5793313746117271,0.324646161661502,0.5607223666987673,0.23045543101074367,0.5334330277226238,0.23045543101074367,0.23045543101074367,0.5612269994704131,0.23071938547971588,0.23045543101074367,0.4905563524126194,0.3243972144616839,0.23045543101074367,0.23045543101074367,0.5621697952078777,0.23045543101074367,0.23045543101074367,0.23045543101074367,0.6297206873269164,0.23045543101074367,0.23045543101074367,0.23072074879674723,0.506836856911265,0.23045543101074367,0.23045543101074367,0.6213802501473564,0.23045543101074367,0.23045543101074367,0.23045543101074367,0.5627292105167131,0.23045543101074367,0.32376794773181566,0.23045543101074367,0.4806730014570288,0.23045543101074367,0.23045543101074367,0.5574342362552346,0.23045543101074367,0.23045543101074367,0.32448652694644603,0.5224618502145649,0.23045543101074367,0.23065870966824054,0.23045543101074367,0.5587250943714296,0.23045543101074367,0.3252481043574114,0.5639727469963551,0.23045543101074367,0.23045543101074367,0.23045543101074367,0.23045543101074367,0.4855753443280585
0.508747100594512,0.508747100594512,0.5530653398718016,0.5226534664361786,0.9306061293395902,0.7157314831322488,0.5089817745081467,0.5570577983958039,0.7219327712462399,0.6738661211921052,0.5565593424990354,0.7071125722053385,0.508747100594512,0.6640634125299819,0.5562023127746333,0.7094980453502149,0.7154671248459246,0.556108074357975,0.508747100594512,0.6686461655653004,0.7046180445570932,0.5566351018646835,0.508747100594512,0.6583210813154844,0.7527116036019936,0.508747100594512,0.7198606724956624,0.5556236130786681,0.6610115576921707,0.508747100594512,0.7210016799246514,0.555831759424,0.6563033198893719,0.6605862348884372,0.508747100594512,0.5565333653114443,0.715645363982841,0.6606497452317331,0.5561451760114914,0.7121161925141144,0.508747100594512,0.7095376481875824,0.5553378173515958,0.6637936701886878,0.7129661495477586,0.508747100594512,0.555598673258839,0.6676705096642715,0.7500727986795757,0.508747100594512,0.7138831272936677,0.5088634067024088,0.6982074711785703,0.508747100594512,0.7154435955812102,0.508747100594512,0.6997643760521102,0.508747100594512,0.6630298408649752,0.7549998173365055,0.508747100594512,0.6593687824968487,0.5558618361468285,0.7207403950980686,0.508747100594512,0.7199887980469489,0.7116876620667432,0.508747100594512,0.508747100594512,0.7238390908356399,0.5558707775379917,0.6615331385405795,0.7235237140067973,0.5559796875336358,0.7101000243045978,0.508747100594512,0.690632165030535,0.508747100594512,0.508747100594512,0.7104625606725455,0.5088628088053028,0.508747100594512,0.6606783812321911,0.5558407013350967,0.508747100594512,0.508747100594512,0.7111401113160961,0.508747100594512,0.508747100594512,0.508747100594512,0.7603421937363934,0.508747100594512,0.508747100594512,0.5088634067024088,0.671950700330843,0.508747100594512,0.508747100594512,0.754208937416228,0.508747100594512,0.508747100594512,0.508747100594512,0.7115422828561137,0.508747100594512,0.5554896829660474,0.508747100594512,0.6539019444494094,0.508747100594512,0.508747100594512,0.7077399121004253,0.508747100594512,0.508747100594512,0.5558905564299712,0.6828881790874374,0.508747100594512,0.508836201570786,0.508747100594512,0.7086660039301944,0.508747100594512,0.5563160259633794,0.7124366537778729,0.508747100594512,0.508747100594512,0.508747100594512,0.508747100594512,0.657256665727943
0.0,0.0,0.22145007149821141,0.12197819771075637,0.8408964152537145,0.5220458706217115,0.015724760377379687,0.23171692071601985,0.5315413347040117,0.45609471754210035,0.23045543101074367,0.508747100594512,0.0,0.44006260143854536,0.22954842369711453,0.5124402531514731,0.5216397729032874,0.22930853425590167,0.0,0.44759114943449957,0.5048744650935596,0.23064752119437731,0.0,0.4305402320911271,0.5779231478340618,0.0,0.5283749580466184,0.22807208658527753,0.43501449848631885,0.0,0.530119314716045,0.22860398401411844,0.427169477652777,0.4343087003043459,0.0,0.2303895352791273,0.5219135895493019,0.43441412773830756,0.2294030029280627,0.5164825185348255,0.0,0.5125014833405083,0.22734012004156715,0.43961755282993364,0.5177923621408554,0.0,0.22800828784832963,0.4459934081491802,0.5739883650116194,0.0,0.5192041722931223,0.011069398022020888,0.4948700559814284,0.0,0.5216036227570104,0.0,0.49730691138739247,0.0,0.43835612530634815,0.5813297663905873,0.0,0.4322852803918204,0.2286807591698581,0.5297200360241631,0.0,0.5285709309376704,0.5158216735327903,0.0,0.0,0.5344488691693795,0.2287035793280519,0.4358792656992222,0.5339682130286023,0.22898139076734494,0.5133706899030531,0.0,0.4829440984257379,0.0,0.0,0.5139307421106454,0.011040905313080192,0.0,0.43446165950652554,0.2286268117090434,0.0,0.0,0.5149768433062326,0.0,0.0,0.0,0.5892648298712794,0.0,0.0,0.011069398022020888,0.45298298723772695,0.0,0.0,0.5801528843357528,0.0,0.0,0.0,0.515597412624662,0.0,0.227729308849184,0.0,0.4231403479938147,0.0,0.0,0.5097192907746858,0.0,0.0,0.22875405232970558,0.47062549256965874,0.0,0.009688517641376045,0.0,0.5111532112305912,0.0,0.22983761757866478,0.5169765106571164,0.0,0.0,0.0,0.0,0.4287637334034652
0.44006260143854536,0.44006260143854536,0.4914609623448368,0.4563229987896469,0.911403230614673,0.6735706287782762,0.4403381365361129,0.4960363465420188,0.6804062185406713,0.6272983073620391,0.495465544937882,0.6640634125299819,0.44006260143854536,0.616423781345087,0.4950566209054088,0.6666955769063164,0.673279144571784,0.49494867443509516,0.44006260143854536,0.6215098356959987,0.661310195921433,0.49555230785939003,0.44006260143854536,0.6100449799105707,0.7142877121171987,0.44006260143854536,0.6781225938667786,0.49439367339938445,0.6130344902446612,0.44006260143854536,0.6793801292486764,0.494632141032881,0.6078019734970909,0.6125619928196634,0.44006260143854536,0.495435794082135,0.6734756737032103,0.6126325497246827,0.49499117347120863,0.6695837297857887,0.44006260143854536,0.6667392696825081,0.49406620995141076,0.6161242884030146,0.6705211783284462,0.44006260143854536,0.4943650990818543,0.6204273630074204,0.711385175760408,0.44006260143854536,0.6715324586590635,0.44019916372131396,0.6542312712775314,0.44006260143854536,0.6732532006062434,0.44006260143854536,0.6559509821527608,0.44006260143854536,0.6152761368103589,0.7168043755402765,0.44006260143854536,0.611209304041173,0.4946665973451863,0.6790921711365924,0.44006260143854536,0.6782638107747607,0.6691110579393847,0.44006260143854536,0.44006260143854536,0.6825067857759771,0.4946768406409925,0.6136138724290481,0.6821592960780106,0.49480160521989497,0.6673597052934369,0.44006260143854536,0.6458590795625793,0.44006260143854536,0.44006260143854536,0.6677596507785937,0.44019846171839283,0.44006260143854536,0.6126643626628152,0.4946423850574815,0.44006260143854536,0.44006260143854536,0.6685070763728653,0.44006260143854536,0.44006260143854536,0.44006260143854536,0.7226793619650025,0.44006260143854536,0.44006260143854536,0.44019916372131396,0.6251748478779675,0.44006260143854536,0.44006260143854536,0.7159345601964101,0.44006260143854536,0.44006260143854536,0.44006260143854536,0.668950699127693,0.44006260143854536,0.4942402219341316,0.44006260143854536,0.6051314097043584,0.44006260143854536,0.44006260143854536,0.6647556923946734,0.44006260143854536,0.44006260143854536,0.49469949928330187,0.6372917638830684,0.44006260143854536,0.440167221366722,0.44006260143854536,0.6657775657608058,0.44006260143854536,0.4951868691390266,0.6699371874380098,0.44006260143854536,0.44006260143854536,0.44006260143854536,0.44006260143854536,0.6088618483738598
0.22954842369711453,0.22954842369711453,0.3187492535497823,0.2598935496457063,0.862197000637426,0.568199950071943,0.23008564012511237,0.32593651352987585,0.5767922481743769,0.5091887521941685,0.32504467081020916,0.5562023127746333,0.22954842369711453,0.4950566209054088,0.3244049250939618,0.559529721133268,0.5678329457945716,0.3242359312768514,0.22954842369711453,0.5016809371018904,0.5527169730777066,0.32518031904891276,0.22954842369711453,0.48671006310697557,0.6190297054221439,0.22954842369711453,0.5739247476445529,0.3233662910388972,0.4906272698585177,0.22954842369711453,0.5755041742429992,0.3237401076797963,0.4837644858858118,0.490008799711985,0.22954842369711453,0.3249981501060621,0.568080398886046,0.49010116977576473,0.32430247072717006,0.5631756023520065,0.22954842369711453,0.5595849166714886,0.3228525774077773,0.4946657144937402,0.5643578681165147,0.22954842369711453,0.32332148256719817,0.5002732806149177,0.6154311770931421,0.22954842369711453,0.5656326365048485,0.22981479451120168,0.5437316551025723,0.22954842369711453,0.5678002775789361,0.22954842369711453,0.5459177567123564,0.22954842369711453,0.4935581711076021,0.6221472461878486,0.22954842369711453,0.4882368659729419,0.32379410095497424,0.5751425869202612,0.22954842369711453,0.5741021567929768,0.5625792827867534,0.22954842369711453,0.22954842369711453,0.579427308435099,0.3238101513118806,0.4913853156341112,0.5789915675523576,0.32400561141446427,0.5603685586285705,0.22954842369711453,0.5330574361920163,0.22954842369711453,0.22954842369711453,0.5608735796011146,0.22981342578943342,0.22954842369711453,0.4901428161344494,0.3237561606544228,0.22954842369711453,0.22954842369711453,0.5618170992801638,0.22954842369711453,0.22954842369711453,0.22954842369711453,0.629416040709166,0.22954842369711453,0.22954842369711453,0.22981479451120168,0.5064383338545997,0.22954842369711453,0.22954842369711453,0.6210700205648372,0.22954842369711453,0.22954842369711453,0.22954842369711453,0.562376943332377,0.22954842369711453,0.3231256177206756,0.22954842369711453,0.4802499423579792,0.22954842369711453,0.22954842369711453,0.5570778864484912,0.22954842369711453,0.22954842369711453,0.3238456538830303,0.5220770213462382,0.22954842369711453,0.22975250937010977,0.22954842369711453,0.5583697449530108,0.22954842369711453,0.32460876860620796,0.5636214307199916,0.22954842369711453,0.22954842369711453,0.22954842369711453,0.22954842369711453,0.48515704930770587
0.5124402531514731,0.5124402531514731,0.5564154810965973,0.5262342404451066,0.9316514312106294,0.7180686829051177,0.5126729908231299,0.5603790388511986,0.7242354001672531,0.6764411164823907,0.5598841751027958,0.7094980453502149,0.5124402531514731,0.6666955769063164,0.559529721133268,0.7118701292236645,0.7178058011831789,0.5594361629810998,0.5124402531514731,0.6712515182683286,0.7070175441979051,0.5599593882112012,0.5124402531514731,0.6609870651794818,0.7548439731969874,0.5124402531514731,0.7221748392750382,0.5589552013916482,0.6636616641585638,0.5124402531514731,0.7233094917254016,0.5591618435825123,0.6589812490677758,0.6632388475465628,0.5124402531514731,0.5598583852460204,0.7179830447447398,0.6633019835691581,0.5594729967950594,0.7144736069214946,0.5124402531514731,0.7119095099688599,0.5586714722508297,0.666427417548544,0.7153188072254463,0.5124402531514731,0.5589304418512896,0.6702815576731478,0.7522197126807835,0.5124402531514731,0.7162306561375752,0.5125555994673067,0.7006431429762282,0.5124402531514731,0.7177824033521457,0.5124402531514731,0.7021912454853746,0.5124402531514731,0.6656680737380245,0.7571195778299981,0.5124402531514731,0.6620285767456552,0.5591917030241959,0.7230496618016901,0.5124402531514731,0.7223022510141786,0.714047475737928,0.5124402531514731,0.5124402531514731,0.7261311162903128,0.5592005798239155,0.6641801735358497,0.7258174929491318,0.5593087031862748,0.7124687329523621,0.5124402531514731,0.6931108376383507,0.5124402531514731,0.5124402531514731,0.7128292373029965,0.512555006503336,0.5124402531514731,0.6633304508034862,0.5591707208934491,0.5124402531514731,0.5124402531514731,0.713502991632444,0.5124402531514731,0.5124402531514731,0.5124402531514731,0.7624325200700826,0.5124402531514731,0.5124402531514731,0.5125555994673067,0.6745368131557499,0.5124402531514731,0.5124402531514731,0.756333055778398,0.5124402531514731,0.5124402531514731,0.5124402531514731,0.7139029106359688,0.5124402531514731,0.5588222395383741,0.5124402531514731,0.6565941332707463,0.5124402531514731,0.5124402531514731,0.7101218618573004,0.5124402531514731,0.5124402531514731,0.5592202158409967,0.6854111306662106,0.5124402531514731,0.5125286188093309,0.5124402531514731,0.7110427553166409,0.5124402531514731,0.5596426136954699,0.7147922744299501,0.5124402531514731,0.5124402531514731,0.5124402531514731,0.5124402531514731,0.6599289469266563
0.5216397729032874,0.5216397729032874,0.564774594749651,0.5351590334344134,0.9342562604825955,0.7239172899913789,0.5218677823019908,0.5686670956804771,0.729997688204647,0.6828824606291738,0.5681810657887513,0.7154671248459246,0.5216397729032874,0.673279144571784,0.5678329457945716,0.7178058011831789,0.7236580942714408,0.5677410604147196,0.5216397729032874,0.6777683986828785,0.7130216152420819,0.5682549355714615,0.5216397729032874,0.6676547144531837,0.7601806469208239,0.5216397729032874,0.7279659398258,0.5672687042465813,0.6702898442432524,0.5216397729032874,0.7290847230133659,0.5674716479243496,0.6656785869896312,0.6698732582957523,0.5216397729032874,0.5681557366025312,0.723832852548793,0.6699354637305251,0.5677772356129078,0.7203726708422782,0.5216397729032874,0.7178446277404377,0.5669900563982406,0.6730149217037578,0.7212059991981865,0.5216397729032874,0.5672443879823693,0.6768126058020778,0.7575927756011143,0.5216397729032874,0.7221050466902035,0.5217527754446045,0.706737423488986,0.5216397729032874,0.7236350245399714,0.5216397729032874,0.708263577632057,0.5216397729032874,0.6722667317832952,0.762424699856072,0.5216397729032874,0.6686808404825481,0.5675009730926456,0.7288285262890526,0.5216397729032874,0.7280915691365015,0.7199525275325636,0.5216397729032874,0.5216397729032874,0.7318669217432533,0.5675096910678268,0.6708007173089071,0.7315576780352084,0.5676158801549108,0.7183959825282442,0.5216397729032874,0.6993123035767975,0.5216397729032874,0.5216397729032874,0.718751416108185,0.5217521945272717,0.5216397729032874,0.6699635113986658,0.5674803663899413,0.5216397729032874,0.5216397729032874,0.7194156966386989,0.5216397729032874,0.5216397729032874,0.5216397729032874,0.7676639730293795,0.5216397729032874,0.5216397729032874,0.5217527754446045,0.6810058239586259,0.5216397729032874,0.5216397729032874,0.7616490829510888,0.5216397729032874,0.5216397729032874,0.5216397729032874,0.7198099941724784,0.5216397729032874,0.5671381231591472,0.5216397729032874,0.6633269051721423,0.5216397729032874,0.5216397729032874,0.7160821506906455,0.5216397729032874,0.5216397729032874,0.5675289757677489,0.6917229054213696,0.5216397729032874,0.5217263429464827,0.5216397729032874,0.7169900738002281,0.5216397729032874,0.5679438204063311,0.7206868615382503,0.5216397729032874,0.5216397729032874,0.5216397729032874,0.5216397729032874,0.6666122481031018
